% Title: Huntington, All Species
% Creator: Neena Parikh
%
@RELATION infection

@ATTRIBUTE class {Control,GDS1236,GDS2887,GDS3515,GDS717}
@ATTRIBUTE RALA NUMERIC
@ATTRIBUTE CBX5 NUMERIC
@ATTRIBUTE CALM3 NUMERIC
@ATTRIBUTE SCT NUMERIC
@ATTRIBUTE GLG1 NUMERIC
@ATTRIBUTE NFIB NUMERIC
@ATTRIBUTE CDKN1A NUMERIC
@ATTRIBUTE GLUL NUMERIC
@ATTRIBUTE WT1 NUMERIC
@ATTRIBUTE MAPK8IP1 NUMERIC
@ATTRIBUTE SRPRB NUMERIC
@ATTRIBUTE TPM1 NUMERIC
@ATTRIBUTE IVD NUMERIC
@ATTRIBUTE IMMT NUMERIC
@ATTRIBUTE MAP3K8 NUMERIC
@ATTRIBUTE LMNB1 NUMERIC

@DATA
Control,93.8,630.4,502.2,882.8,502.2,2070.8,285.9,2318.1,502.2,998.3,2070.8,893.8,327.8,147.4,489.8,2318.1
Control,106.3,666.8,603.3,1000.7,603.3,2754.5,345.3,2565.1,603.3,1194,2754.5,1000.7,237.1,92.5,798.3,2565.1
Control,63.4,621.5,452.8,974.8,452.8,2266.8,370.1,2297.8,452.8,1267.2,2266.8,1008.1,470.8,118.7,725,2297.8
Control,90.8,515.4,610.6,836.8,610.6,2087.6,300,2695.7,610.6,1057.9,2087.6,836.8,347.6,148.5,689.8,2695.7
GDS1236,77.8,782.8,736.8,694.2,736.8,1459.4,241.5,2061.7,736.8,624.7,1459.4,694.2,408.2,204.8,1130,2061.7
GDS1236,85.2,757.4,670.7,798.2,670.7,1514.7,353.2,2402.9,670.7,665.2,1514.7,798.2,513.8,180.8,1277.9,2402.9
GDS1236,103.3,750.6,741.2,669.5,741.2,1613.8,209.7,2488.3,741.2,559.4,1613.8,669.5,423.3,218.7,1388.9,2488.3
GDS1236,111.6,741.2,844.3,785.8,844.3,1318.2,191.1,2793.8,844.3,739.3,1318.2,785.8,509.6,167.9,1464.7,2793.8
Control,719.9725,724.5805,720.1425,726.4455,724.4655,722.1755,724.4655,723.6635,723.3445,725.6775,719.9725,724.5105,720.1425,724.2635,720.1425,724.3495
Control,719.9765,724.9485,720.1365,726.3395,724.5035,721.9815,724.5035,723.8815,723.3765,726.0245,719.9765,724.6225,720.1365,724.1835,720.1365,724.6895
Control,719.6775,725.4755,720.2525,726.6555,724.3255,722.2265,724.3255,723.8505,723.5455,725.7585,719.6775,724.2725,720.2525,724.2855,720.2525,724.1345
Control,720.4255,726.0365,720.3545,725.7435,725.4495,723.2565,725.4495,723.9695,724.3825,726.3085,720.4255,725.7435,720.3545,724.9155,720.3545,725.7365
Control,720.6635,725.0715,720.6845,726.3575,724.4925,721.9465,724.4925,724.2105,723.7505,726.1015,720.6635,725.0715,720.6845,724.8925,720.6845,725.7725
Control,720.5925,724.0875,720.4255,726.6615,723.3955,722.3365,723.3955,723.2025,723.3015,726.4205,720.5925,724.0875,720.4255,723.7445,720.4255,723.9655
Control,720.5275,724.9625,720.3465,726.9775,723.5005,721.6885,723.5005,723.8185,723.3635,726.1025,720.5275,724.9625,720.3465,724.3685,720.3465,725.2875
Control,719.7795,725.4565,720.4685,726.3755,723.5235,722.3145,723.5235,723.7345,723.3265,726.1295,719.7795,723.1705,720.4685,724.0585,720.4685,724.4945
Control,719.7665,724.7575,720.1655,725.9955,724.1715,722.2615,724.1715,723.7475,723.2885,726.1635,719.7665,724.3285,720.1655,724.1585,720.1655,723.6835
Control,720.1415,724.6245,720.0585,726.0465,724.3095,722.0615,724.3095,723.6905,723.0355,726.0565,720.1415,724.6245,720.0585,724.1625,720.0585,725.1075
GDS2887,720.2475,721.8995,720.5095,724.1255,721.8995,722.2095,722.2815,721.6415,723.2385,726.1285,720.2475,721.8995,720.5095,723.6655,720.5095,724.0325
GDS2887,719.7495,725.6865,720.5545,725.9815,723.9785,722.5435,723.9785,723.7405,723.8085,726.1555,719.7495,724.0085,720.5545,723.5915,720.5545,723.0275
GDS2887,719.9305,724.5815,720.2105,726.4765,723.6365,722.3965,723.6365,723.5915,723.3495,726.0305,719.9305,723.9405,720.2105,723.7435,720.2105,724.4725
GDS2887,720.5525,725.6545,720.1515,726.3875,723.1595,722.1815,723.1595,723.7855,723.6295,725.2595,720.5525,722.6465,720.1515,724.3465,720.1515,724.2505
GDS2887,720.2635,726.0755,720.7895,726.3225,724.8725,722.5975,724.8725,723.8515,724.2315,726.0755,720.2635,725.6095,720.7895,725.0605,720.7895,725.1335
GDS2887,720.0535,724.1835,720.1205,725.8525,723.7595,722.1325,723.7595,723.0515,723.4645,725.9665,720.0535,724.1835,720.1205,723.9085,720.1205,724.5045
GDS2887,720.1355,724.5775,720.3855,725.8555,723.9105,722.1355,723.9105,723.7115,723.5535,725.6355,720.1355,724.1575,720.3855,724.4735,720.3855,724.1665
GDS2887,720.1895,725.4835,720.3245,726.5305,724.0855,722.1155,724.0855,723.8365,723.4005,725.4835,720.1895,723.9105,720.3245,724.0515,720.3245,724.2455
GDS2887,720.4275,725.3855,720.7365,726.2605,723.1245,722.1715,723.1245,723.7455,723.6165,725.9775,720.4275,723.4495,720.7365,722.9525,720.7365,722.8115
GDS2887,720.5305,723.8255,720.3575,725.7205,723.3965,722.3155,723.3965,722.7595,723.8865,725.8675,720.5305,723.8255,720.3575,723.8135,720.3575,725.0895
GDS2887,719.8585,723.0665,720.1785,725.2065,723.0665,722.0525,723.5345,722.7605,723.6855,725.8885,719.8585,723.0665,720.1785,723.4505,720.1785,723.2065
GDS2887,721.0465,724.9995,721.0345,726.4435,723.8435,722.2385,723.8435,724.3005,723.5195,725.6615,721.0465,724.9995,721.0345,723.9125,721.0345,725.0035
Control,724.6415,723.1655,724.6495,724.7915,722.3885,725.2805,725.8625,722.0605,724.1055,724.1055,722.3885,722.3885,727.2965,724.1055,728.1365,724.1755
Control,724.4625,723.1595,723.9905,724.6465,722.3925,725.7405,726.5285,721.8475,724.1305,724.1305,722.3925,722.3925,727.3685,724.1305,728.1995,723.9925
Control,724.3165,723.1505,723.9045,724.6375,722.2655,725.5235,726.3325,721.8945,723.9815,723.9815,722.2655,722.2655,727.6135,723.9815,728.1185,724.1755
Control,724.2565,723.0855,723.9145,724.6385,722.2445,725.2295,726.0935,721.6415,724.1775,724.1775,722.2445,722.2445,727.4645,724.1775,727.7845,724.3105
Control,724.3625,722.9475,723.8965,724.8125,722.3525,726.1585,726.7535,721.7455,724.2685,724.2685,722.3525,722.3525,727.7235,724.2685,728.2215,724.1095
Control,724.8205,723.1365,723.9835,724.7605,722.4695,725.9705,726.6415,721.6345,724.2505,724.2505,722.4695,722.4695,727.3995,724.2505,727.9705,724.0535
GDS3515,724.0885,723.1885,723.1305,724.9105,722.2255,725.6985,726.3435,720.9575,724.2265,724.2265,722.2255,722.2255,727.4385,724.2265,728.0995,724.2155
GDS3515,724.1285,723.1995,723.4655,724.9635,722.2345,726.0755,726.5535,721.0575,724.4065,724.4065,722.2345,722.2345,727.3925,724.4065,728.2025,724.1745
GDS3515,724.3515,723.4155,723.7095,724.8335,722.3845,725.5855,726.4375,721.7165,724.5695,724.5695,722.3845,722.3845,727.2715,724.5695,728.0035,724.2645
GDS3515,724.2185,723.3915,723.6005,724.7835,722.2645,726.1785,726.4185,721.1285,724.2195,724.2195,722.2645,722.2645,727.5505,724.2195,728.2015,724.4065
GDS3515,724.3015,723.5765,724.2055,725.3165,722.2955,726.0055,726.9195,721.8445,724.7995,724.7995,722.2955,722.2955,727.1965,724.7995,728.1735,724.2105
GDS3515,724.3215,723.1175,723.8125,724.8205,722.2575,725.8095,726.5105,721.5845,724.1875,724.1875,722.2575,722.2575,727.2345,724.1875,728.2095,724.2495
Control,327.7,147.2,4.29999999999995,599.4,101.4,332.5,4.29999999999995,263.3,263.3,148,459.4,311,391.2,190.3,439,453.7
Control,358,136.4,34.5999999999999,684,97.9999999999999,338.3,34.5999999999999,43.9000000000001,43.9000000000001,89.6999999999999,462.7,274,369.1,251.7,444.4,452.8
Control,354.4,180,15.3000000000001,722.9,94.4999999999999,339.5,15.3000000000001,87.0000000000001,87.0000000000001,121.1,460.9,278.6,359.9,172.7,441.7,450.2
Control,383.4,231.8,35.3000000000001,823.1,180.2,351.4,35.3000000000001,146.8,146.8,51.8,458.6,310.9,370.1,65.8,449.7,443.4
Control,391,211.2,160.4,185.5,86.0999999999999,290.3,213.5,170.6,170.6,222.7,456,241.7,390.5,160.4,445.4,452.5
Control,345.3,186.6,43.6999999999999,193,176.5,307.5,208.3,209.8,209.8,260.7,462.2,228.1,416.1,43.6999999999999,446.3,451.9
Control,392,228.5,105.6,402.7,149.9,345.3,125.6,65.8,65.8,177.1,451.1,305.9,374.6,105.6,438.3,433.4
GDS717,323.4,234.9,20.1999999999999,1172.8,234.9,331.5,20.1999999999999,6.80000000000007,6.80000000000007,7.50000000000006,466.2,310,406.9,108.9,425,443.7
GDS717,358.3,233.9,168.5,986.8,233.9,341,168.5,83.5999999999999,83.5999999999999,42.1,454.4,298,404.5,103.9,437.6,449.5
GDS717,351.3,231.3,220.6,908.8,204.7,370.8,220.6,30.0999999999999,30.0999999999999,60.6999999999999,468.6,277.4,390.9,58.0999999999999,455.1,447.1
GDS717,375,238.9,50.8000000000001,885.9,161.6,360.9,50.8000000000001,23.3000000000001,23.3000000000001,94.0999999999999,462.2,318,402.5,6.60000000000008,453.9,439.4
GDS717,379.3,209.1,176.5,918,179.8,356.4,176.5,105.1,105.1,184.8,461.9,316.1,397.9,138.6,440.3,439.6
GDS717,365.6,219.7,15.6999999999999,836.8,191.9,372.4,15.6999999999999,63.7,63.7,90.5999999999999,462.7,342.5,391.8,47.0999999999999,442.3,439.1
