C:/home/skanda/PRIMES/data/c2.cp.kegg.v3.0.symbols.gmt
10 2
11 2
13 2
14 2
15 3
16 5
17 3
18 1
19 1
21 1
22 3
23 3
24 2
25 4
26 4
27 1
28 2
29 4
30 2
31 1
32 2
33 2
34 3
35 4
36 2
38 2
40 3
41 2
42 5
44 7
46 1
47 2
48 2
49 1
50 1
51 1
52 4
53 2
54 3
55 2
56 3
58 1
59 2
60 1
62 3
64 1
65 1
67 1
68 1
69 3
70 5
71 2
72 2
73 2
75 2
76 3
77 1
78 1
79 1
80 1
84 2
85 1
86 2
87 1
88 3
89 2
90 1
92 1
97 1
98 1
101 1
102 2
108 1
114 1
115 1
118 1
121 1
126 1
128 2
129 1
133 1
134 2
135 1
137 2
138 1
140 1
151 1
155 1
159 1
169 1
178 1
183 1
185 1
190 1
201 1
216 1
267 2
272 1
328 1
389 1

C:/home/skanda/PRIMES/data/c5.bp.v3.0.symbols.gmt
6 1
9 8
10 58
11 48
12 35
13 28
14 31
15 22
16 22
17 21
18 21
19 19
20 13
21 11
22 15
23 16
24 15
25 12
26 13
27 7
28 10
29 13
30 9
31 9
32 7
33 7
34 4
35 8
36 5
37 7
38 5
39 4
40 7
41 6
42 2
43 6
44 6
45 3
46 2
47 8
48 7
49 5
50 1
51 5
52 1
53 1
54 3
55 2
56 3
57 3
58 5
59 2
60 3
61 1
62 2
63 1
64 2
65 3
66 2
67 3
68 3
69 2
70 2
71 2
72 3
73 1
74 2
75 3
76 2
78 1
79 3
80 3
81 2
82 4
83 4
84 2
85 1
86 2
87 1
88 2
91 2
92 1
93 3
97 1
98 3
100 1
101 2
102 2
103 1
104 3
107 1
112 1
113 1
114 2
115 3
116 1
117 2
118 1
119 1
122 2
123 3
124 2
127 2
133 1
135 1
137 3
139 3
141 1
142 1
144 1
146 2
147 1
148 2
149 2
150 3
151 2
153 1
154 1
156 1
157 2
159 1
160 2
162 1
167 1
168 1
171 1
172 2
174 1
175 1
176 1
177 2
184 2
185 2
187 1
188 3
190 1
193 1
198 1
201 1
205 2
208 1
209 1
213 1
215 1
221 1
222 1
229 2
232 1
248 1
252 1
253 1
255 1
261 1
264 1
267 1
268 1
271 1
276 1
282 1
286 1
294 1
298 1
299 1
306 3
312 1
313 1
316 2
326 2
336 1
337 1
342 1
360 1
374 1
377 1
382 1
400 1
405 1
424 1
425 1
432 1
450 1
453 1
458 1
459 1
460 1
462 1
497 1
501 1
556 1
558 1
567 1
569 1
602 1
610 1
622 1
624 1
626 1
627 1
630 1
645 1
648 1
660 1
661 1
686 1
739 1
768 1
778 1
780 1
811 1
852 1
855 1
1005 1
1040 1
1086 1
1100 1
1199 1
1208 1
1598 1
1633 1