Sample	Chromosome	Start	End	Num_Probes	Segment_Mean
DUNGS_p_TCGA_b84_115_SNP_N_GenomeWideSNP_6_A03_771604	1	51598	62639	8	-0.1409
DUNGS_p_TCGA_b84_115_SNP_N_GenomeWideSNP_6_A03_771604	1	72033	76204	7	-0.7262
DUNGS_p_TCGA_b84_115_SNP_N_GenomeWideSNP_6_A03_771604	1	88451	16021930	8408	0.0582
DUNGS_p_TCGA_b84_115_SNP_N_GenomeWideSNP_6_A03_771604	1	16022502	16026826	9	0.6282
DUNGS_p_TCGA_b84_115_SNP_N_GenomeWideSNP_6_A03_771604	1	16027553	16692220	294	0.0874
DUNGS_p_TCGA_b84_115_SNP_N_GenomeWideSNP_6_A03_771604	1	16693206	16816200	27	0.5695
DUNGS_p_TCGA_b84_115_SNP_N_GenomeWideSNP_6_A03_771604	1	16816225	16987221	81	0.3202
DUNGS_p_TCGA_b84_115_SNP_N_GenomeWideSNP_6_A03_771604	1	16987299	17134834	67	0.7592
DUNGS_p_TCGA_b84_115_SNP_N_GenomeWideSNP_6_A03_771604	1	17148828	25455928	5277	0.0669
DUNGS_p_TCGA_b84_115_SNP_N_GenomeWideSNP_6_A03_771604	1	25465715	25535897	32	0.599
DUNGS_p_TCGA_b84_115_SNP_N_GenomeWideSNP_6_A03_771604	1	25535931	47277304	11834	0.0573
DUNGS_p_TCGA_b84_115_SNP_N_GenomeWideSNP_6_A03_771604	1	47279745	47297808	10	0.7645
DUNGS_p_TCGA_b84_115_SNP_N_GenomeWideSNP_6_A03_771604	1	47306217	62211931	9892	0.0184
DUNGS_p_TCGA_b84_115_SNP_N_GenomeWideSNP_6_A03_771604	1	62211952	62219390	25	0.3023
DUNGS_p_TCGA_b84_115_SNP_N_GenomeWideSNP_6_A03_771604	1	62219423	62424374	147	0.0417
DUNGS_p_TCGA_b84_115_SNP_N_GenomeWideSNP_6_A03_771604	1	62428772	62429098	2	-1.1397
DUNGS_p_TCGA_b84_115_SNP_N_GenomeWideSNP_6_A03_771604	1	62434380	62932281	296	0.0547
DUNGS_p_TCGA_b84_115_SNP_N_GenomeWideSNP_6_A03_771604	1	62933829	62935507	2	-1.1518
DUNGS_p_TCGA_b84_115_SNP_N_GenomeWideSNP_6_A03_771604	1	62936179	72569480	6612	0.0259
DUNGS_p_TCGA_b84_115_SNP_N_GenomeWideSNP_6_A03_771604	1	72569614	72589609	24	0.3221
DUNGS_p_TCGA_b84_115_SNP_N_GenomeWideSNP_6_A03_771604	1	72591187	73541281	563	0.0173
DUNGS_p_TCGA_b84_115_SNP_N_GenomeWideSNP_6_A03_771604	1	73541368	73548517	5	0.5769
DUNGS_p_TCGA_b84_115_SNP_N_GenomeWideSNP_6_A03_771604	1	73548963	85752520	8063	0.1871
DUNGS_p_TCGA_b84_115_SNP_N_GenomeWideSNP_6_A03_771604	1	85752938	85764300	5	0.793
DUNGS_p_TCGA_b84_115_SNP_N_GenomeWideSNP_6_A03_771604	1	85766392	95447298	6281	0.3322
DUNGS_p_TCGA_b84_115_SNP_N_GenomeWideSNP_6_A03_771604	1	95449099	95449106	2	-0.909
DUNGS_p_TCGA_b84_115_SNP_N_GenomeWideSNP_6_A03_771604	1	95452712	103904753	5165	0.2427
DUNGS_p_TCGA_b84_115_SNP_N_GenomeWideSNP_6_A03_771604	1	103910761	103979561	30	0.8371
DUNGS_p_TCGA_b84_115_SNP_N_GenomeWideSNP_6_A03_771604	1	104023054	104027091	11	0.0161
DUNGS_p_TCGA_b84_115_SNP_N_GenomeWideSNP_6_A03_771604	1	104041212	104105024	15	0.9611
DUNGS_p_TCGA_b84_115_SNP_N_GenomeWideSNP_6_A03_771604	1	104105162	105814277	917	0.2178
DUNGS_p_TCGA_b84_115_SNP_N_GenomeWideSNP_6_A03_771604	1	105814899	105823898	18	0.7335
DUNGS_p_TCGA_b84_115_SNP_N_GenomeWideSNP_6_A03_771604	1	105825578	110029038	2672	0.2405
DUNGS_p_TCGA_b84_115_SNP_N_GenomeWideSNP_6_A03_771604	1	110034497	110041701	17	-0.9128
DUNGS_p_TCGA_b84_115_SNP_N_GenomeWideSNP_6_A03_771604	1	110044476	111864846	1426	0.2573
DUNGS_p_TCGA_b84_115_SNP_N_GenomeWideSNP_6_A03_771604	1	111865314	111869327	2	1.4855
DUNGS_p_TCGA_b84_115_SNP_N_GenomeWideSNP_6_A03_771604	1	111869697	112491849	531	0.2407
DUNGS_p_TCGA_b84_115_SNP_N_GenomeWideSNP_6_A03_771604	1	112497488	112507641	30	0.5658
DUNGS_p_TCGA_b84_115_SNP_N_GenomeWideSNP_6_A03_771604	1	112507651	114495795	1198	0.3159
DUNGS_p_TCGA_b84_115_SNP_N_GenomeWideSNP_6_A03_771604	1	114498543	114498556	2	1.3696
DUNGS_p_TCGA_b84_115_SNP_N_GenomeWideSNP_6_A03_771604	1	114499617	120328918	3858	0.3847
DUNGS_p_TCGA_b84_115_SNP_N_GenomeWideSNP_6_A03_771604	1	120342327	143553915	187	0.5737
DUNGS_p_TCGA_b84_115_SNP_N_GenomeWideSNP_6_A03_771604	1	143560896	143560909	3	1.9076
DUNGS_p_TCGA_b84_115_SNP_N_GenomeWideSNP_6_A03_771604	1	143576984	150822330	2798	0.6175
DUNGS_p_TCGA_b84_115_SNP_N_GenomeWideSNP_6_A03_771604	1	150822391	150853164	32	1.6053
DUNGS_p_TCGA_b84_115_SNP_N_GenomeWideSNP_6_A03_771604	1	150853200	151028632	177	0.5389
DUNGS_p_TCGA_b84_115_SNP_N_GenomeWideSNP_6_A03_771604	1	151028670	151034883	28	1.1424
DUNGS_p_TCGA_b84_115_SNP_N_GenomeWideSNP_6_A03_771604	1	151034905	153251219	1278	0.5729
DUNGS_p_TCGA_b84_115_SNP_N_GenomeWideSNP_6_A03_771604	1	153254070	153585624	152	0.9677
DUNGS_p_TCGA_b84_115_SNP_N_GenomeWideSNP_6_A03_771604	1	153589555	157226199	2265	0.5622
DUNGS_p_TCGA_b84_115_SNP_N_GenomeWideSNP_6_A03_771604	1	157228663	157229420	2	-0.7836
DUNGS_p_TCGA_b84_115_SNP_N_GenomeWideSNP_6_A03_771604	1	157233488	159775499	1591	0.5618
DUNGS_p_TCGA_b84_115_SNP_N_GenomeWideSNP_6_A03_771604	1	159780383	159917245	53	0.9983
DUNGS_p_TCGA_b84_115_SNP_N_GenomeWideSNP_6_A03_771604	1	159918926	166252733	5037	0.5334
DUNGS_p_TCGA_b84_115_SNP_N_GenomeWideSNP_6_A03_771604	1	166255214	166256470	2	-0.4254
DUNGS_p_TCGA_b84_115_SNP_N_GenomeWideSNP_6_A03_771604	1	166260743	166838455	385	0.5198
DUNGS_p_TCGA_b84_115_SNP_N_GenomeWideSNP_6_A03_771604	1	166839798	166846716	5	-0.2083
DUNGS_p_TCGA_b84_115_SNP_N_GenomeWideSNP_6_A03_771604	1	166847698	185982477	12828	0.5534
DUNGS_p_TCGA_b84_115_SNP_N_GenomeWideSNP_6_A03_771604	1	185984183	185987992	2	-1.6279
DUNGS_p_TCGA_b84_115_SNP_N_GenomeWideSNP_6_A03_771604	1	185991233	188042840	1345	0.5494
DUNGS_p_TCGA_b84_115_SNP_N_GenomeWideSNP_6_A03_771604	1	188046633	188180620	111	0.0418
DUNGS_p_TCGA_b84_115_SNP_N_GenomeWideSNP_6_A03_771604	1	188186230	194981496	4528	0.5317
DUNGS_p_TCGA_b84_115_SNP_N_GenomeWideSNP_6_A03_771604	1	194994473	195025911	41	-1.5408
DUNGS_p_TCGA_b84_115_SNP_N_GenomeWideSNP_6_A03_771604	1	195028443	195065266	31	-0.1559
DUNGS_p_TCGA_b84_115_SNP_N_GenomeWideSNP_6_A03_771604	1	195065287	195068278	15	-1.1274
DUNGS_p_TCGA_b84_115_SNP_N_GenomeWideSNP_6_A03_771604	1	195068407	204341304	6058	0.5537
DUNGS_p_TCGA_b84_115_SNP_N_GenomeWideSNP_6_A03_771604	1	204342455	204350112	3	-1.4967
DUNGS_p_TCGA_b84_115_SNP_N_GenomeWideSNP_6_A03_771604	1	204351917	208066387	2709	0.5567
DUNGS_p_TCGA_b84_115_SNP_N_GenomeWideSNP_6_A03_771604	1	208066413	216219268	5741	0.3058
DUNGS_p_TCGA_b84_115_SNP_N_GenomeWideSNP_6_A03_771604	1	216223615	216223617	2	-0.8581
DUNGS_p_TCGA_b84_115_SNP_N_GenomeWideSNP_6_A03_771604	1	216224030	216660398	304	0.3136
DUNGS_p_TCGA_b84_115_SNP_N_GenomeWideSNP_6_A03_771604	1	216666848	237331027	14355	0.5572
DUNGS_p_TCGA_b84_115_SNP_N_GenomeWideSNP_6_A03_771604	1	237334518	237335903	2	-1.7276
DUNGS_p_TCGA_b84_115_SNP_N_GenomeWideSNP_6_A03_771604	1	237342202	238457870	876	0.5107
DUNGS_p_TCGA_b84_115_SNP_N_GenomeWideSNP_6_A03_771604	1	238458363	238462728	8	1.179
DUNGS_p_TCGA_b84_115_SNP_N_GenomeWideSNP_6_A03_771604	1	238464651	244474694	4341	0.5482
DUNGS_p_TCGA_b84_115_SNP_N_GenomeWideSNP_6_A03_771604	1	244474927	244482744	2	-1.4247
DUNGS_p_TCGA_b84_115_SNP_N_GenomeWideSNP_6_A03_771604	1	244483212	247191011	1593	0.6013
DUNGS_p_TCGA_b84_115_SNP_N_GenomeWideSNP_6_A03_771604	2	2784	3706436	2572	0.6025
DUNGS_p_TCGA_b84_115_SNP_N_GenomeWideSNP_6_A03_771604	2	3710421	3714413	5	-2.3159
DUNGS_p_TCGA_b84_115_SNP_N_GenomeWideSNP_6_A03_771604	2	3719946	4183562	414	0.5852
DUNGS_p_TCGA_b84_115_SNP_N_GenomeWideSNP_6_A03_771604	2	4191739	4201042	36	-1.8717
DUNGS_p_TCGA_b84_115_SNP_N_GenomeWideSNP_6_A03_771604	2	4201387	6317470	1810	0.5518
DUNGS_p_TCGA_b84_115_SNP_N_GenomeWideSNP_6_A03_771604	2	6319360	6319611	2	-0.7711
DUNGS_p_TCGA_b84_115_SNP_N_GenomeWideSNP_6_A03_771604	2	6319747	28991824	15399	0.5896
DUNGS_p_TCGA_b84_115_SNP_N_GenomeWideSNP_6_A03_771604	2	28995224	29010021	12	1.0708
DUNGS_p_TCGA_b84_115_SNP_N_GenomeWideSNP_6_A03_771604	2	29020843	34373977	3789	0.58
DUNGS_p_TCGA_b84_115_SNP_N_GenomeWideSNP_6_A03_771604	2	34377482	34379471	3	1.5151
DUNGS_p_TCGA_b84_115_SNP_N_GenomeWideSNP_6_A03_771604	2	34382521	34544573	94	0.5523
DUNGS_p_TCGA_b84_115_SNP_N_GenomeWideSNP_6_A03_771604	2	34552819	34555239	6	-2.7994
DUNGS_p_TCGA_b84_115_SNP_N_GenomeWideSNP_6_A03_771604	2	34562136	34571346	21	-1.2181
DUNGS_p_TCGA_b84_115_SNP_N_GenomeWideSNP_6_A03_771604	2	34571361	34590561	19	-2.659
DUNGS_p_TCGA_b84_115_SNP_N_GenomeWideSNP_6_A03_771604	2	34590667	34699456	71	0.5041
DUNGS_p_TCGA_b84_115_SNP_N_GenomeWideSNP_6_A03_771604	2	34701035	34701050	2	-0.7704
DUNGS_p_TCGA_b84_115_SNP_N_GenomeWideSNP_6_A03_771604	2	34701321	35829477	805	0.5861
DUNGS_p_TCGA_b84_115_SNP_N_GenomeWideSNP_6_A03_771604	2	35831294	35841420	6	1.6072
DUNGS_p_TCGA_b84_115_SNP_N_GenomeWideSNP_6_A03_771604	2	35841451	45822491	7395	0.6082
DUNGS_p_TCGA_b84_115_SNP_N_GenomeWideSNP_6_A03_771604	2	45822573	45980894	170	0.3567
DUNGS_p_TCGA_b84_115_SNP_N_GenomeWideSNP_6_A03_771604	2	45984399	50900542	3449	0.5958
DUNGS_p_TCGA_b84_115_SNP_N_GenomeWideSNP_6_A03_771604	2	50907506	52607972	1159	-0.1812
DUNGS_p_TCGA_b84_115_SNP_N_GenomeWideSNP_6_A03_771604	2	52607984	52635046	39	0.6139
DUNGS_p_TCGA_b84_115_SNP_N_GenomeWideSNP_6_A03_771604	2	52641453	53217950	481	-0.1582
DUNGS_p_TCGA_b84_115_SNP_N_GenomeWideSNP_6_A03_771604	2	53221086	53898430	537	0.5806
DUNGS_p_TCGA_b84_115_SNP_N_GenomeWideSNP_6_A03_771604	2	53902220	69065431	9860	-0.1497
DUNGS_p_TCGA_b84_115_SNP_N_GenomeWideSNP_6_A03_771604	2	69065449	69068901	3	0.6372
DUNGS_p_TCGA_b84_115_SNP_N_GenomeWideSNP_6_A03_771604	2	69069123	72095012	1974	-0.139
DUNGS_p_TCGA_b84_115_SNP_N_GenomeWideSNP_6_A03_771604	2	72103499	72118372	17	-1.0055
DUNGS_p_TCGA_b84_115_SNP_N_GenomeWideSNP_6_A03_771604	2	72121601	73387128	551	-0.1365
DUNGS_p_TCGA_b84_115_SNP_N_GenomeWideSNP_6_A03_771604	2	73393111	73393335	2	-1.1767
DUNGS_p_TCGA_b84_115_SNP_N_GenomeWideSNP_6_A03_771604	2	73395341	75736363	1517	-0.1159
DUNGS_p_TCGA_b84_115_SNP_N_GenomeWideSNP_6_A03_771604	2	75736622	75744785	13	0.2665
DUNGS_p_TCGA_b84_115_SNP_N_GenomeWideSNP_6_A03_771604	2	75745134	86404043	6812	-0.1672
DUNGS_p_TCGA_b84_115_SNP_N_GenomeWideSNP_6_A03_771604	2	86404352	86791198	200	0.2
DUNGS_p_TCGA_b84_115_SNP_N_GenomeWideSNP_6_A03_771604	2	86806581	86807365	2	-1.0272
DUNGS_p_TCGA_b84_115_SNP_N_GenomeWideSNP_6_A03_771604	2	86823917	89958702	1109	0.2496
DUNGS_p_TCGA_b84_115_SNP_N_GenomeWideSNP_6_A03_771604	2	90982622	91246621	62	0.5663
DUNGS_p_TCGA_b84_115_SNP_N_GenomeWideSNP_6_A03_771604	2	91254568	97144586	903	0.2183
DUNGS_p_TCGA_b84_115_SNP_N_GenomeWideSNP_6_A03_771604	2	97145208	97484644	71	0.5954
DUNGS_p_TCGA_b84_115_SNP_N_GenomeWideSNP_6_A03_771604	2	97507179	97528142	8	-0.3981
DUNGS_p_TCGA_b84_115_SNP_N_GenomeWideSNP_6_A03_771604	2	97528621	98200556	321	0.6563
DUNGS_p_TCGA_b84_115_SNP_N_GenomeWideSNP_6_A03_771604	2	98202394	98551474	230	-0.4464
DUNGS_p_TCGA_b84_115_SNP_N_GenomeWideSNP_6_A03_771604	2	98559081	100825320	1393	0.2067
DUNGS_p_TCGA_b84_115_SNP_N_GenomeWideSNP_6_A03_771604	2	100829792	106248065	3643	-0.113
DUNGS_p_TCGA_b84_115_SNP_N_GenomeWideSNP_6_A03_771604	2	106249661	106251789	8	-2.2684
DUNGS_p_TCGA_b84_115_SNP_N_GenomeWideSNP_6_A03_771604	2	106253687	109316930	1897	-0.104
DUNGS_p_TCGA_b84_115_SNP_N_GenomeWideSNP_6_A03_771604	2	109316943	109635182	135	0.1699
DUNGS_p_TCGA_b84_115_SNP_N_GenomeWideSNP_6_A03_771604	2	109639801	109641485	3	-0.2941
DUNGS_p_TCGA_b84_115_SNP_N_GenomeWideSNP_6_A03_771604	2	109641780	114078485	1811	0.4031
DUNGS_p_TCGA_b84_115_SNP_N_GenomeWideSNP_6_A03_771604	2	114078884	114078886	2	-1.3285
DUNGS_p_TCGA_b84_115_SNP_N_GenomeWideSNP_6_A03_771604	2	114097291	129354948	9621	0.3809
DUNGS_p_TCGA_b84_115_SNP_N_GenomeWideSNP_6_A03_771604	2	129354972	129356785	14	-3.0028
DUNGS_p_TCGA_b84_115_SNP_N_GenomeWideSNP_6_A03_771604	2	129356799	136179301	3926	0.3804
DUNGS_p_TCGA_b84_115_SNP_N_GenomeWideSNP_6_A03_771604	2	136181288	136181612	3	-0.356
DUNGS_p_TCGA_b84_115_SNP_N_GenomeWideSNP_6_A03_771604	2	136182326	146577916	6563	0.3558
DUNGS_p_TCGA_b84_115_SNP_N_GenomeWideSNP_6_A03_771604	2	146578555	146582302	14	-1.2793
DUNGS_p_TCGA_b84_115_SNP_N_GenomeWideSNP_6_A03_771604	2	146582444	146583177	8	-2.5656
DUNGS_p_TCGA_b84_115_SNP_N_GenomeWideSNP_6_A03_771604	2	146583268	146583404	3	-0.8414
DUNGS_p_TCGA_b84_115_SNP_N_GenomeWideSNP_6_A03_771604	2	146594276	180119248	20531	0.3631
DUNGS_p_TCGA_b84_115_SNP_N_GenomeWideSNP_6_A03_771604	2	180119386	180130133	31	0.6824
DUNGS_p_TCGA_b84_115_SNP_N_GenomeWideSNP_6_A03_771604	2	180130151	183793698	2326	0.368
DUNGS_p_TCGA_b84_115_SNP_N_GenomeWideSNP_6_A03_771604	2	183794033	183797969	9	-0.6732
DUNGS_p_TCGA_b84_115_SNP_N_GenomeWideSNP_6_A03_771604	2	183802243	208058284	14123	0.3814
DUNGS_p_TCGA_b84_115_SNP_N_GenomeWideSNP_6_A03_771604	2	208058436	208058999	6	1.0937
DUNGS_p_TCGA_b84_115_SNP_N_GenomeWideSNP_6_A03_771604	2	208063157	208067581	18	-0.0705
DUNGS_p_TCGA_b84_115_SNP_N_GenomeWideSNP_6_A03_771604	2	208067721	208330679	141	0.5996
DUNGS_p_TCGA_b84_115_SNP_N_GenomeWideSNP_6_A03_771604	2	208334599	212889567	2904	0.3713
DUNGS_p_TCGA_b84_115_SNP_N_GenomeWideSNP_6_A03_771604	2	212894794	212900070	25	-0.8931
DUNGS_p_TCGA_b84_115_SNP_N_GenomeWideSNP_6_A03_771604	2	212900371	228970536	10537	0.3718
DUNGS_p_TCGA_b84_115_SNP_N_GenomeWideSNP_6_A03_771604	2	228972658	228974618	2	-2.3159
DUNGS_p_TCGA_b84_115_SNP_N_GenomeWideSNP_6_A03_771604	2	228977100	242126050	8352	0.3925
DUNGS_p_TCGA_b84_115_SNP_N_GenomeWideSNP_6_A03_771604	2	242126642	242683192	173	0.6736
DUNGS_p_TCGA_b84_115_SNP_N_GenomeWideSNP_6_A03_771604	2	242683359	242686327	6	0.0152
DUNGS_p_TCGA_b84_115_SNP_N_GenomeWideSNP_6_A03_771604	2	242686342	242738129	24	0.7019
DUNGS_p_TCGA_b84_115_SNP_N_GenomeWideSNP_6_A03_771604	3	35345	206459	159	0.0438
DUNGS_p_TCGA_b84_115_SNP_N_GenomeWideSNP_6_A03_771604	3	207639	209877	3	-0.8672
DUNGS_p_TCGA_b84_115_SNP_N_GenomeWideSNP_6_A03_771604	3	210030	6621543	5688	0.0875
DUNGS_p_TCGA_b84_115_SNP_N_GenomeWideSNP_6_A03_771604	3	6626128	6627540	15	-0.8882
DUNGS_p_TCGA_b84_115_SNP_N_GenomeWideSNP_6_A03_771604	3	6627591	61101861	36126	0.0866
DUNGS_p_TCGA_b84_115_SNP_N_GenomeWideSNP_6_A03_771604	3	61102245	61103057	3	-5.5072
DUNGS_p_TCGA_b84_115_SNP_N_GenomeWideSNP_6_A03_771604	3	61105940	68828854	5913	0.0805
DUNGS_p_TCGA_b84_115_SNP_N_GenomeWideSNP_6_A03_771604	3	68828949	68831769	20	0.4182
DUNGS_p_TCGA_b84_115_SNP_N_GenomeWideSNP_6_A03_771604	3	68831902	72720464	2978	0.0741
DUNGS_p_TCGA_b84_115_SNP_N_GenomeWideSNP_6_A03_771604	3	72721919	72722022	2	-1.3918
DUNGS_p_TCGA_b84_115_SNP_N_GenomeWideSNP_6_A03_771604	3	72724106	75651239	1957	0.0714
DUNGS_p_TCGA_b84_115_SNP_N_GenomeWideSNP_6_A03_771604	3	75655239	75678936	8	0.9681
DUNGS_p_TCGA_b84_115_SNP_N_GenomeWideSNP_6_A03_771604	3	75691329	99382109	10423	0.0592
DUNGS_p_TCGA_b84_115_SNP_N_GenomeWideSNP_6_A03_771604	3	99391360	99396115	3	-1.1127
DUNGS_p_TCGA_b84_115_SNP_N_GenomeWideSNP_6_A03_771604	3	99397507	100427322	603	0.0558
DUNGS_p_TCGA_b84_115_SNP_N_GenomeWideSNP_6_A03_771604	3	100427453	100431998	29	-0.4077
DUNGS_p_TCGA_b84_115_SNP_N_GenomeWideSNP_6_A03_771604	3	100432004	126603393	16129	0.0451
DUNGS_p_TCGA_b84_115_SNP_N_GenomeWideSNP_6_A03_771604	3	126604771	126792644	89	-0.292
DUNGS_p_TCGA_b84_115_SNP_N_GenomeWideSNP_6_A03_771604	3	126793952	131246388	2547	0.0607
DUNGS_p_TCGA_b84_115_SNP_N_GenomeWideSNP_6_A03_771604	3	131249276	131291245	55	0.6407
DUNGS_p_TCGA_b84_115_SNP_N_GenomeWideSNP_6_A03_771604	3	131291501	137501789	4036	0.0565
DUNGS_p_TCGA_b84_115_SNP_N_GenomeWideSNP_6_A03_771604	3	137505641	137508116	2	-1.4096
DUNGS_p_TCGA_b84_115_SNP_N_GenomeWideSNP_6_A03_771604	3	137521231	144146721	3841	2e-04
DUNGS_p_TCGA_b84_115_SNP_N_GenomeWideSNP_6_A03_771604	3	144146968	144147202	2	-1.5091
DUNGS_p_TCGA_b84_115_SNP_N_GenomeWideSNP_6_A03_771604	3	144147509	163990962	12424	-0.1101
DUNGS_p_TCGA_b84_115_SNP_N_GenomeWideSNP_6_A03_771604	3	163995351	164007552	12	0.525
DUNGS_p_TCGA_b84_115_SNP_N_GenomeWideSNP_6_A03_771604	3	164011324	164015644	4	-0.2742
DUNGS_p_TCGA_b84_115_SNP_N_GenomeWideSNP_6_A03_771604	3	164017424	164023184	6	-1.023
DUNGS_p_TCGA_b84_115_SNP_N_GenomeWideSNP_6_A03_771604	3	164028410	164108674	47	0.4312
DUNGS_p_TCGA_b84_115_SNP_N_GenomeWideSNP_6_A03_771604	3	164108689	181954400	11030	-0.1074
DUNGS_p_TCGA_b84_115_SNP_N_GenomeWideSNP_6_A03_771604	3	181955519	181960197	4	-1.1809
DUNGS_p_TCGA_b84_115_SNP_N_GenomeWideSNP_6_A03_771604	3	181961851	191500330	6151	-0.107
DUNGS_p_TCGA_b84_115_SNP_N_GenomeWideSNP_6_A03_771604	3	191502245	191502254	2	-1.4229
DUNGS_p_TCGA_b84_115_SNP_N_GenomeWideSNP_6_A03_771604	3	191504842	194360596	2025	-0.1462
DUNGS_p_TCGA_b84_115_SNP_N_GenomeWideSNP_6_A03_771604	3	194360656	194365597	19	-0.9392
DUNGS_p_TCGA_b84_115_SNP_N_GenomeWideSNP_6_A03_771604	3	194369129	194437359	55	-0.151
DUNGS_p_TCGA_b84_115_SNP_N_GenomeWideSNP_6_A03_771604	3	194437453	194447926	4	0.5421
DUNGS_p_TCGA_b84_115_SNP_N_GenomeWideSNP_6_A03_771604	3	194447982	194466888	12	-0.0354
DUNGS_p_TCGA_b84_115_SNP_N_GenomeWideSNP_6_A03_771604	3	194467029	194476320	4	-0.4791
DUNGS_p_TCGA_b84_115_SNP_N_GenomeWideSNP_6_A03_771604	3	194476456	194495277	10	-0.1379
DUNGS_p_TCGA_b84_115_SNP_N_GenomeWideSNP_6_A03_771604	3	194495485	194498336	3	-0.8981
DUNGS_p_TCGA_b84_115_SNP_N_GenomeWideSNP_6_A03_771604	3	194498973	196897393	1405	-0.0929
DUNGS_p_TCGA_b84_115_SNP_N_GenomeWideSNP_6_A03_771604	3	196903444	196932593	22	-0.9569
DUNGS_p_TCGA_b84_115_SNP_N_GenomeWideSNP_6_A03_771604	3	196941179	196941627	7	0.2258
DUNGS_p_TCGA_b84_115_SNP_N_GenomeWideSNP_6_A03_771604	3	196941719	196965419	15	-0.5763
DUNGS_p_TCGA_b84_115_SNP_N_GenomeWideSNP_6_A03_771604	3	196967482	199380515	1171	-0.03
DUNGS_p_TCGA_b84_115_SNP_N_GenomeWideSNP_6_A03_771604	4	2281	3847588	1643	-0.0712
DUNGS_p_TCGA_b84_115_SNP_N_GenomeWideSNP_6_A03_771604	4	3849416	4210964	72	0.2057
DUNGS_p_TCGA_b84_115_SNP_N_GenomeWideSNP_6_A03_771604	4	4216236	9832514	4096	-0.0815
DUNGS_p_TCGA_b84_115_SNP_N_GenomeWideSNP_6_A03_771604	4	9832726	9845240	35	0.3849
DUNGS_p_TCGA_b84_115_SNP_N_GenomeWideSNP_6_A03_771604	4	9847534	25349304	11345	-0.0971
DUNGS_p_TCGA_b84_115_SNP_N_GenomeWideSNP_6_A03_771604	4	25353529	25354186	3	-0.9617
DUNGS_p_TCGA_b84_115_SNP_N_GenomeWideSNP_6_A03_771604	4	25354455	34455435	5657	-0.1103
DUNGS_p_TCGA_b84_115_SNP_N_GenomeWideSNP_6_A03_771604	4	34455449	34506267	40	0.5024
DUNGS_p_TCGA_b84_115_SNP_N_GenomeWideSNP_6_A03_771604	4	34506308	35211963	474	-0.1301
DUNGS_p_TCGA_b84_115_SNP_N_GenomeWideSNP_6_A03_771604	4	35212204	35213963	3	-1.2537
DUNGS_p_TCGA_b84_115_SNP_N_GenomeWideSNP_6_A03_771604	4	35214019	35690807	300	-0.1153
DUNGS_p_TCGA_b84_115_SNP_N_GenomeWideSNP_6_A03_771604	4	35691376	35691913	4	-1.6503
DUNGS_p_TCGA_b84_115_SNP_N_GenomeWideSNP_6_A03_771604	4	35693913	48991992	8218	-0.0585
DUNGS_p_TCGA_b84_115_SNP_N_GenomeWideSNP_6_A03_771604	4	49004611	49351352	18	0.4726
DUNGS_p_TCGA_b84_115_SNP_N_GenomeWideSNP_6_A03_771604	4	49352980	64373473	7586	-0.0272
DUNGS_p_TCGA_b84_115_SNP_N_GenomeWideSNP_6_A03_771604	4	64374002	64390724	30	0.3186
DUNGS_p_TCGA_b84_115_SNP_N_GenomeWideSNP_6_A03_771604	4	64390803	69054598	2882	-0.0514
DUNGS_p_TCGA_b84_115_SNP_N_GenomeWideSNP_6_A03_771604	4	69057536	69204004	69	0.8073
DUNGS_p_TCGA_b84_115_SNP_N_GenomeWideSNP_6_A03_771604	4	69211554	70172636	340	0.057
DUNGS_p_TCGA_b84_115_SNP_N_GenomeWideSNP_6_A03_771604	4	70177963	70266388	42	-0.6624
DUNGS_p_TCGA_b84_115_SNP_N_GenomeWideSNP_6_A03_771604	4	70266611	107857985	22700	-0.0176
DUNGS_p_TCGA_b84_115_SNP_N_GenomeWideSNP_6_A03_771604	4	107861033	107861047	2	-1.6334
DUNGS_p_TCGA_b84_115_SNP_N_GenomeWideSNP_6_A03_771604	4	107861403	109605037	1082	-0.0235
DUNGS_p_TCGA_b84_115_SNP_N_GenomeWideSNP_6_A03_771604	4	109607255	109608084	2	-1.1823
DUNGS_p_TCGA_b84_115_SNP_N_GenomeWideSNP_6_A03_771604	4	109623546	111261789	964	-0.0039
DUNGS_p_TCGA_b84_115_SNP_N_GenomeWideSNP_6_A03_771604	4	111262521	111262659	2	-1.1177
DUNGS_p_TCGA_b84_115_SNP_N_GenomeWideSNP_6_A03_771604	4	111263694	115393149	2634	-0.0258
DUNGS_p_TCGA_b84_115_SNP_N_GenomeWideSNP_6_A03_771604	4	115394772	115405272	31	0.6301
DUNGS_p_TCGA_b84_115_SNP_N_GenomeWideSNP_6_A03_771604	4	115406014	116385169	601	-0.0304
DUNGS_p_TCGA_b84_115_SNP_N_GenomeWideSNP_6_A03_771604	4	116385242	116392718	14	0.4618
DUNGS_p_TCGA_b84_115_SNP_N_GenomeWideSNP_6_A03_771604	4	116394703	125530379	5394	-0.0191
DUNGS_p_TCGA_b84_115_SNP_N_GenomeWideSNP_6_A03_771604	4	125536722	125537739	2	-1.6907
DUNGS_p_TCGA_b84_115_SNP_N_GenomeWideSNP_6_A03_771604	4	125537748	132961495	4317	-0.0229
DUNGS_p_TCGA_b84_115_SNP_N_GenomeWideSNP_6_A03_771604	4	132970255	153011087	11839	-0.4134
DUNGS_p_TCGA_b84_115_SNP_N_GenomeWideSNP_6_A03_771604	4	153011104	153012017	10	-1.4265
DUNGS_p_TCGA_b84_115_SNP_N_GenomeWideSNP_6_A03_771604	4	153012341	158780590	3811	-0.4192
DUNGS_p_TCGA_b84_115_SNP_N_GenomeWideSNP_6_A03_771604	4	158780797	158781309	5	-1.2406
DUNGS_p_TCGA_b84_115_SNP_N_GenomeWideSNP_6_A03_771604	4	158789929	162091232	2055	-0.4187
DUNGS_p_TCGA_b84_115_SNP_N_GenomeWideSNP_6_A03_771604	4	162091302	162124129	58	-0.1175
DUNGS_p_TCGA_b84_115_SNP_N_GenomeWideSNP_6_A03_771604	4	162131058	172605921	6658	-0.4255
DUNGS_p_TCGA_b84_115_SNP_N_GenomeWideSNP_6_A03_771604	4	172611459	172618040	16	0.1587
DUNGS_p_TCGA_b84_115_SNP_N_GenomeWideSNP_6_A03_771604	4	172618085	173225723	394	-0.4532
DUNGS_p_TCGA_b84_115_SNP_N_GenomeWideSNP_6_A03_771604	4	173225741	173226006	6	0.2855
DUNGS_p_TCGA_b84_115_SNP_N_GenomeWideSNP_6_A03_771604	4	173226040	173650472	230	-0.4369
DUNGS_p_TCGA_b84_115_SNP_N_GenomeWideSNP_6_A03_771604	4	173658847	173665218	14	0.0839
DUNGS_p_TCGA_b84_115_SNP_N_GenomeWideSNP_6_A03_771604	4	173677707	178811502	3087	-0.4407
DUNGS_p_TCGA_b84_115_SNP_N_GenomeWideSNP_6_A03_771604	4	178819573	178835822	32	-0.0994
DUNGS_p_TCGA_b84_115_SNP_N_GenomeWideSNP_6_A03_771604	4	178838648	180005002	814	-0.4117
DUNGS_p_TCGA_b84_115_SNP_N_GenomeWideSNP_6_A03_771604	4	180006061	180012379	9	-1.0819
DUNGS_p_TCGA_b84_115_SNP_N_GenomeWideSNP_6_A03_771604	4	180023135	190426037	7569	-0.4158
DUNGS_p_TCGA_b84_115_SNP_N_GenomeWideSNP_6_A03_771604	4	190432112	190436258	4	-3.3129
DUNGS_p_TCGA_b84_115_SNP_N_GenomeWideSNP_6_A03_771604	4	190436765	190688583	162	-0.3789
DUNGS_p_TCGA_b84_115_SNP_N_GenomeWideSNP_6_A03_771604	4	190695769	190913087	84	-0.0803
DUNGS_p_TCGA_b84_115_SNP_N_GenomeWideSNP_6_A03_771604	4	190915249	191045700	86	-0.3226
DUNGS_p_TCGA_b84_115_SNP_N_GenomeWideSNP_6_A03_771604	4	191052257	191261904	54	-0.0374
DUNGS_p_TCGA_b84_115_SNP_N_GenomeWideSNP_6_A03_771604	5	68532	7222476	5750	0.9281
DUNGS_p_TCGA_b84_115_SNP_N_GenomeWideSNP_6_A03_771604	5	7230338	7232161	9	-0.933
DUNGS_p_TCGA_b84_115_SNP_N_GenomeWideSNP_6_A03_771604	5	7232196	7242925	17	-0.5969
DUNGS_p_TCGA_b84_115_SNP_N_GenomeWideSNP_6_A03_771604	5	7255635	15384119	6215	0.949
DUNGS_p_TCGA_b84_115_SNP_N_GenomeWideSNP_6_A03_771604	5	15384131	15385706	10	0.2644
DUNGS_p_TCGA_b84_115_SNP_N_GenomeWideSNP_6_A03_771604	5	15386012	20434958	3159	0.9589
DUNGS_p_TCGA_b84_115_SNP_N_GenomeWideSNP_6_A03_771604	5	20437043	20494119	61	1.2331
DUNGS_p_TCGA_b84_115_SNP_N_GenomeWideSNP_6_A03_771604	5	20494275	20494410	3	0.1384
DUNGS_p_TCGA_b84_115_SNP_N_GenomeWideSNP_6_A03_771604	5	20494555	21358866	500	1.0703
DUNGS_p_TCGA_b84_115_SNP_N_GenomeWideSNP_6_A03_771604	5	21358917	21412601	19	0.5774
DUNGS_p_TCGA_b84_115_SNP_N_GenomeWideSNP_6_A03_771604	5	21413596	21413610	2	-1.4041
DUNGS_p_TCGA_b84_115_SNP_N_GenomeWideSNP_6_A03_771604	5	21421823	21485033	45	1.1428
DUNGS_p_TCGA_b84_115_SNP_N_GenomeWideSNP_6_A03_771604	5	21486957	21488195	5	-0.3189
DUNGS_p_TCGA_b84_115_SNP_N_GenomeWideSNP_6_A03_771604	5	21488253	27560209	3559	1.0732
DUNGS_p_TCGA_b84_115_SNP_N_GenomeWideSNP_6_A03_771604	5	27561147	27561777	10	-2.4726
DUNGS_p_TCGA_b84_115_SNP_N_GenomeWideSNP_6_A03_771604	5	27563236	43787489	10455	1.1029
DUNGS_p_TCGA_b84_115_SNP_N_GenomeWideSNP_6_A03_771604	5	43789906	43946261	78	1.3993
DUNGS_p_TCGA_b84_115_SNP_N_GenomeWideSNP_6_A03_771604	5	43946505	44766220	395	1.1043
DUNGS_p_TCGA_b84_115_SNP_N_GenomeWideSNP_6_A03_771604	5	44770305	45021208	106	1.3627
DUNGS_p_TCGA_b84_115_SNP_N_GenomeWideSNP_6_A03_771604	5	45040804	45045163	2	-0.3384
DUNGS_p_TCGA_b84_115_SNP_N_GenomeWideSNP_6_A03_771604	5	45053614	46097742	393	1.4281
DUNGS_p_TCGA_b84_115_SNP_N_GenomeWideSNP_6_A03_771604	5	46097886	46306865	45	1.1608
DUNGS_p_TCGA_b84_115_SNP_N_GenomeWideSNP_6_A03_771604	5	46307687	46309259	6	2.1846
DUNGS_p_TCGA_b84_115_SNP_N_GenomeWideSNP_6_A03_771604	5	46313969	46364202	9	1.461
DUNGS_p_TCGA_b84_115_SNP_N_GenomeWideSNP_6_A03_771604	5	46370094	49591895	30	1.1449
DUNGS_p_TCGA_b84_115_SNP_N_GenomeWideSNP_6_A03_771604	5	49596050	50678376	559	0.553
DUNGS_p_TCGA_b84_115_SNP_N_GenomeWideSNP_6_A03_771604	5	50678721	50824363	73	0.2072
DUNGS_p_TCGA_b84_115_SNP_N_GenomeWideSNP_6_A03_771604	5	50824655	69110733	11756	-0.4259
DUNGS_p_TCGA_b84_115_SNP_N_GenomeWideSNP_6_A03_771604	5	69110747	70739833	47	-0.1643
DUNGS_p_TCGA_b84_115_SNP_N_GenomeWideSNP_6_A03_771604	5	70740115	81454519	6872	-0.429
DUNGS_p_TCGA_b84_115_SNP_N_GenomeWideSNP_6_A03_771604	5	81455034	81463238	3	-1.9059
DUNGS_p_TCGA_b84_115_SNP_N_GenomeWideSNP_6_A03_771604	5	81463794	98848971	9738	-0.4326
DUNGS_p_TCGA_b84_115_SNP_N_GenomeWideSNP_6_A03_771604	5	98861891	98892110	13	0.1508
DUNGS_p_TCGA_b84_115_SNP_N_GenomeWideSNP_6_A03_771604	5	98902342	103879120	2908	-0.4215
DUNGS_p_TCGA_b84_115_SNP_N_GenomeWideSNP_6_A03_771604	5	103888272	103888503	4	-1.2524
DUNGS_p_TCGA_b84_115_SNP_N_GenomeWideSNP_6_A03_771604	5	103888948	107209083	2181	-0.4416
DUNGS_p_TCGA_b84_115_SNP_N_GenomeWideSNP_6_A03_771604	5	107209764	107213853	2	-1.6478
DUNGS_p_TCGA_b84_115_SNP_N_GenomeWideSNP_6_A03_771604	5	107214633	109417965	1365	-0.4381
DUNGS_p_TCGA_b84_115_SNP_N_GenomeWideSNP_6_A03_771604	5	109418039	109418140	6	0.3344
DUNGS_p_TCGA_b84_115_SNP_N_GenomeWideSNP_6_A03_771604	5	109418155	136376076	17769	-0.4348
DUNGS_p_TCGA_b84_115_SNP_N_GenomeWideSNP_6_A03_771604	5	136378617	136379083	2	-1.9874
DUNGS_p_TCGA_b84_115_SNP_N_GenomeWideSNP_6_A03_771604	5	136379719	137838372	882	-0.4503
DUNGS_p_TCGA_b84_115_SNP_N_GenomeWideSNP_6_A03_771604	5	137838415	137844693	15	-0.0105
DUNGS_p_TCGA_b84_115_SNP_N_GenomeWideSNP_6_A03_771604	5	137844856	140198906	1049	-0.4004
DUNGS_p_TCGA_b84_115_SNP_N_GenomeWideSNP_6_A03_771604	5	140204020	140211908	7	0.2883
DUNGS_p_TCGA_b84_115_SNP_N_GenomeWideSNP_6_A03_771604	5	140211923	144342932	2659	-0.4305
DUNGS_p_TCGA_b84_115_SNP_N_GenomeWideSNP_6_A03_771604	5	144348914	144353535	3	-1.5577
DUNGS_p_TCGA_b84_115_SNP_N_GenomeWideSNP_6_A03_771604	5	144354051	155404633	7568	-0.4397
DUNGS_p_TCGA_b84_115_SNP_N_GenomeWideSNP_6_A03_771604	5	155404711	155427835	22	0.0707
DUNGS_p_TCGA_b84_115_SNP_N_GenomeWideSNP_6_A03_771604	5	155427837	158822684	2347	-0.447
DUNGS_p_TCGA_b84_115_SNP_N_GenomeWideSNP_6_A03_771604	5	158829357	158829603	2	-1.8473
DUNGS_p_TCGA_b84_115_SNP_N_GenomeWideSNP_6_A03_771604	5	158831788	177131055	12488	-0.4439
DUNGS_p_TCGA_b84_115_SNP_N_GenomeWideSNP_6_A03_771604	5	177160157	177165211	3	2.1922
DUNGS_p_TCGA_b84_115_SNP_N_GenomeWideSNP_6_A03_771604	5	177187571	180418628	1875	-0.3906
DUNGS_p_TCGA_b84_115_SNP_N_GenomeWideSNP_6_A03_771604	5	180420866	180421549	2	-1.9786
DUNGS_p_TCGA_b84_115_SNP_N_GenomeWideSNP_6_A03_771604	5	180421709	180722926	127	-0.3744
DUNGS_p_TCGA_b84_115_SNP_N_GenomeWideSNP_6_A03_771604	6	94661	248017	126	0.4918
DUNGS_p_TCGA_b84_115_SNP_N_GenomeWideSNP_6_A03_771604	6	248121	324015	74	0.1664
DUNGS_p_TCGA_b84_115_SNP_N_GenomeWideSNP_6_A03_771604	6	325821	16553700	12670	0.4641
DUNGS_p_TCGA_b84_115_SNP_N_GenomeWideSNP_6_A03_771604	6	16554622	16563344	7	-0.1877
DUNGS_p_TCGA_b84_115_SNP_N_GenomeWideSNP_6_A03_771604	6	16567620	16941925	352	-1.3437
DUNGS_p_TCGA_b84_115_SNP_N_GenomeWideSNP_6_A03_771604	6	16945524	26957310	7128	-0.1106
DUNGS_p_TCGA_b84_115_SNP_N_GenomeWideSNP_6_A03_771604	6	26959777	27012738	5	0.7079
DUNGS_p_TCGA_b84_115_SNP_N_GenomeWideSNP_6_A03_771604	6	27012807	29944218	1399	-0.1086
DUNGS_p_TCGA_b84_115_SNP_N_GenomeWideSNP_6_A03_771604	6	29944454	29944682	4	-1.6574
DUNGS_p_TCGA_b84_115_SNP_N_GenomeWideSNP_6_A03_771604	6	29944720	29958359	22	0.3806
DUNGS_p_TCGA_b84_115_SNP_N_GenomeWideSNP_6_A03_771604	6	29979615	29989005	6	-1.4069
DUNGS_p_TCGA_b84_115_SNP_N_GenomeWideSNP_6_A03_771604	6	29989237	30006876	6	-6.5788
DUNGS_p_TCGA_b84_115_SNP_N_GenomeWideSNP_6_A03_771604	6	30007656	30024465	12	-0.668
DUNGS_p_TCGA_b84_115_SNP_N_GenomeWideSNP_6_A03_771604	6	30024484	31388802	646	-0.0959
DUNGS_p_TCGA_b84_115_SNP_N_GenomeWideSNP_6_A03_771604	6	31394255	31403385	7	-1.859
DUNGS_p_TCGA_b84_115_SNP_N_GenomeWideSNP_6_A03_771604	6	31403932	31444583	25	-0.1029
DUNGS_p_TCGA_b84_115_SNP_N_GenomeWideSNP_6_A03_771604	6	31444849	31446364	5	-0.7553
DUNGS_p_TCGA_b84_115_SNP_N_GenomeWideSNP_6_A03_771604	6	31447975	51022285	12106	-0.1076
DUNGS_p_TCGA_b84_115_SNP_N_GenomeWideSNP_6_A03_771604	6	51022755	51022771	3	-1.8936
DUNGS_p_TCGA_b84_115_SNP_N_GenomeWideSNP_6_A03_771604	6	51024234	52720863	1196	-0.136
DUNGS_p_TCGA_b84_115_SNP_N_GenomeWideSNP_6_A03_771604	6	52721775	52731479	9	0.2321
DUNGS_p_TCGA_b84_115_SNP_N_GenomeWideSNP_6_A03_771604	6	52731986	52744567	23	-0.0274
DUNGS_p_TCGA_b84_115_SNP_N_GenomeWideSNP_6_A03_771604	6	52744568	52744823	3	0.6201
DUNGS_p_TCGA_b84_115_SNP_N_GenomeWideSNP_6_A03_771604	6	52754928	53546858	553	-0.1042
DUNGS_p_TCGA_b84_115_SNP_N_GenomeWideSNP_6_A03_771604	6	53548144	53548915	2	-1.4765
DUNGS_p_TCGA_b84_115_SNP_N_GenomeWideSNP_6_A03_771604	6	53552745	53609717	49	-0.1239
DUNGS_p_TCGA_b84_115_SNP_N_GenomeWideSNP_6_A03_771604	6	53610597	53611418	3	-1.4282
DUNGS_p_TCGA_b84_115_SNP_N_GenomeWideSNP_6_A03_771604	6	53611652	56403616	1895	-0.1228
DUNGS_p_TCGA_b84_115_SNP_N_GenomeWideSNP_6_A03_771604	6	56406438	56406883	2	-2.2162
DUNGS_p_TCGA_b84_115_SNP_N_GenomeWideSNP_6_A03_771604	6	56407276	57725062	601	-0.1002
DUNGS_p_TCGA_b84_115_SNP_N_GenomeWideSNP_6_A03_771604	6	57725179	57739367	13	0.4668
DUNGS_p_TCGA_b84_115_SNP_N_GenomeWideSNP_6_A03_771604	6	57740670	65393663	2213	-0.1076
DUNGS_p_TCGA_b84_115_SNP_N_GenomeWideSNP_6_A03_771604	6	65404265	65405713	2	1.4402
DUNGS_p_TCGA_b84_115_SNP_N_GenomeWideSNP_6_A03_771604	6	65407497	77493251	7951	-0.0514
DUNGS_p_TCGA_b84_115_SNP_N_GenomeWideSNP_6_A03_771604	6	77496587	77508989	14	-0.7541
DUNGS_p_TCGA_b84_115_SNP_N_GenomeWideSNP_6_A03_771604	6	77509101	77539033	40	-0.0197
DUNGS_p_TCGA_b84_115_SNP_N_GenomeWideSNP_6_A03_771604	6	77539481	77546510	5	0.4601
DUNGS_p_TCGA_b84_115_SNP_N_GenomeWideSNP_6_A03_771604	6	77547680	78830679	807	0.1927
DUNGS_p_TCGA_b84_115_SNP_N_GenomeWideSNP_6_A03_771604	6	78832918	79019608	135	-0.4086
DUNGS_p_TCGA_b84_115_SNP_N_GenomeWideSNP_6_A03_771604	6	79025784	79098438	116	0.0683
DUNGS_p_TCGA_b84_115_SNP_N_GenomeWideSNP_6_A03_771604	6	79098492	81334706	1430	-0.3668
DUNGS_p_TCGA_b84_115_SNP_N_GenomeWideSNP_6_A03_771604	6	81340908	81355772	42	-0.1106
DUNGS_p_TCGA_b84_115_SNP_N_GenomeWideSNP_6_A03_771604	6	81355973	85627360	2680	-0.3673
DUNGS_p_TCGA_b84_115_SNP_N_GenomeWideSNP_6_A03_771604	6	85628355	85628466	2	-1.8156
DUNGS_p_TCGA_b84_115_SNP_N_GenomeWideSNP_6_A03_771604	6	85629665	103841522	11348	-0.3854
DUNGS_p_TCGA_b84_115_SNP_N_GenomeWideSNP_6_A03_771604	6	103844669	103872163	47	0.4473
DUNGS_p_TCGA_b84_115_SNP_N_GenomeWideSNP_6_A03_771604	6	103872363	119449067	9644	-0.3802
DUNGS_p_TCGA_b84_115_SNP_N_GenomeWideSNP_6_A03_771604	6	119452922	119495037	23	-0.8885
DUNGS_p_TCGA_b84_115_SNP_N_GenomeWideSNP_6_A03_771604	6	119497253	124473473	3045	-0.3771
DUNGS_p_TCGA_b84_115_SNP_N_GenomeWideSNP_6_A03_771604	6	124477640	124512064	20	0.4865
DUNGS_p_TCGA_b84_115_SNP_N_GenomeWideSNP_6_A03_771604	6	124512460	124733123	138	-0.3919
DUNGS_p_TCGA_b84_115_SNP_N_GenomeWideSNP_6_A03_771604	6	124733205	124740267	3	-1.8078
DUNGS_p_TCGA_b84_115_SNP_N_GenomeWideSNP_6_A03_771604	6	124740558	143581526	12125	-0.3633
DUNGS_p_TCGA_b84_115_SNP_N_GenomeWideSNP_6_A03_771604	6	143589974	143590270	3	0.8898
DUNGS_p_TCGA_b84_115_SNP_N_GenomeWideSNP_6_A03_771604	6	143591614	153876818	7216	-0.3735
DUNGS_p_TCGA_b84_115_SNP_N_GenomeWideSNP_6_A03_771604	6	153877747	153882663	4	0.5208
DUNGS_p_TCGA_b84_115_SNP_N_GenomeWideSNP_6_A03_771604	6	153887015	153999063	88	-0.4016
DUNGS_p_TCGA_b84_115_SNP_N_GenomeWideSNP_6_A03_771604	6	154002479	154003112	2	-2.4253
DUNGS_p_TCGA_b84_115_SNP_N_GenomeWideSNP_6_A03_771604	6	154003592	155783329	1233	-0.3697
DUNGS_p_TCGA_b84_115_SNP_N_GenomeWideSNP_6_A03_771604	6	155783634	155783805	2	0.7764
DUNGS_p_TCGA_b84_115_SNP_N_GenomeWideSNP_6_A03_771604	6	155785705	159676144	2525	-0.3914
DUNGS_p_TCGA_b84_115_SNP_N_GenomeWideSNP_6_A03_771604	6	159676665	159676727	2	0.9836
DUNGS_p_TCGA_b84_115_SNP_N_GenomeWideSNP_6_A03_771604	6	159682109	170892930	8210	-0.3903
DUNGS_p_TCGA_b84_115_SNP_N_GenomeWideSNP_6_A03_771604	7	52911	9208304	5499	0.3477
DUNGS_p_TCGA_b84_115_SNP_N_GenomeWideSNP_6_A03_771604	7	9208366	9208381	3	-1.6046
DUNGS_p_TCGA_b84_115_SNP_N_GenomeWideSNP_6_A03_771604	7	9210413	13549791	3388	0.3152
DUNGS_p_TCGA_b84_115_SNP_N_GenomeWideSNP_6_A03_771604	7	13553937	13558199	10	-0.4228
DUNGS_p_TCGA_b84_115_SNP_N_GenomeWideSNP_6_A03_771604	7	13564466	15398157	1529	0.3048
DUNGS_p_TCGA_b84_115_SNP_N_GenomeWideSNP_6_A03_771604	7	15398195	15399814	2	-1.7544
DUNGS_p_TCGA_b84_115_SNP_N_GenomeWideSNP_6_A03_771604	7	15400590	54353999	28186	0.2999
DUNGS_p_TCGA_b84_115_SNP_N_GenomeWideSNP_6_A03_771604	7	54354003	54354011	5	2.2818
DUNGS_p_TCGA_b84_115_SNP_N_GenomeWideSNP_6_A03_771604	7	54360982	57069302	1633	0.291
DUNGS_p_TCGA_b84_115_SNP_N_GenomeWideSNP_6_A03_771604	7	57071534	57088074	3	1.2643
DUNGS_p_TCGA_b84_115_SNP_N_GenomeWideSNP_6_A03_771604	7	57120410	64206287	1504	0.3449
DUNGS_p_TCGA_b84_115_SNP_N_GenomeWideSNP_6_A03_771604	7	64231500	64233133	6	1.3077
DUNGS_p_TCGA_b84_115_SNP_N_GenomeWideSNP_6_A03_771604	7	64274563	66278809	749	0.3626
DUNGS_p_TCGA_b84_115_SNP_N_GenomeWideSNP_6_A03_771604	7	66280046	66281939	3	-2.6291
DUNGS_p_TCGA_b84_115_SNP_N_GenomeWideSNP_6_A03_771604	7	66282667	66328006	15	0.1624
DUNGS_p_TCGA_b84_115_SNP_N_GenomeWideSNP_6_A03_771604	7	66332543	66336369	2	-2.2106
DUNGS_p_TCGA_b84_115_SNP_N_GenomeWideSNP_6_A03_771604	7	66337219	97233396	18258	0.2964
DUNGS_p_TCGA_b84_115_SNP_N_GenomeWideSNP_6_A03_771604	7	97233398	97240411	15	-0.5662
DUNGS_p_TCGA_b84_115_SNP_N_GenomeWideSNP_6_A03_771604	7	97242176	97535848	156	0.3292
DUNGS_p_TCGA_b84_115_SNP_N_GenomeWideSNP_6_A03_771604	7	97545667	97553024	5	-0.7581
DUNGS_p_TCGA_b84_115_SNP_N_GenomeWideSNP_6_A03_771604	7	97557148	106508168	4761	0.3148
DUNGS_p_TCGA_b84_115_SNP_N_GenomeWideSNP_6_A03_771604	7	106513667	106515093	2	-1.1702
DUNGS_p_TCGA_b84_115_SNP_N_GenomeWideSNP_6_A03_771604	7	106517211	115721936	5653	0.2886
DUNGS_p_TCGA_b84_115_SNP_N_GenomeWideSNP_6_A03_771604	7	115722247	115722301	2	-1.0061
DUNGS_p_TCGA_b84_115_SNP_N_GenomeWideSNP_6_A03_771604	7	115728293	119426499	2242	0.2718
DUNGS_p_TCGA_b84_115_SNP_N_GenomeWideSNP_6_A03_771604	7	119441635	119470339	14	-0.3714
DUNGS_p_TCGA_b84_115_SNP_N_GenomeWideSNP_6_A03_771604	7	119471645	125832887	3887	0.7855
DUNGS_p_TCGA_b84_115_SNP_N_GenomeWideSNP_6_A03_771604	7	125832922	125834113	11	1.8157
DUNGS_p_TCGA_b84_115_SNP_N_GenomeWideSNP_6_A03_771604	7	125834114	126031566	140	0.7491
DUNGS_p_TCGA_b84_115_SNP_N_GenomeWideSNP_6_A03_771604	7	126034967	126083155	25	1.1026
DUNGS_p_TCGA_b84_115_SNP_N_GenomeWideSNP_6_A03_771604	7	126083177	127716065	1113	0.7904
DUNGS_p_TCGA_b84_115_SNP_N_GenomeWideSNP_6_A03_771604	7	127716118	127716248	4	-0.0128
DUNGS_p_TCGA_b84_115_SNP_N_GenomeWideSNP_6_A03_771604	7	127716302	133435717	3425	0.8194
DUNGS_p_TCGA_b84_115_SNP_N_GenomeWideSNP_6_A03_771604	7	133435735	133448649	32	0.1001
DUNGS_p_TCGA_b84_115_SNP_N_GenomeWideSNP_6_A03_771604	7	133449083	136092277	1849	0.8021
DUNGS_p_TCGA_b84_115_SNP_N_GenomeWideSNP_6_A03_771604	7	136094440	136135354	19	0.2025
DUNGS_p_TCGA_b84_115_SNP_N_GenomeWideSNP_6_A03_771604	7	136135635	141409593	3340	0.8149
DUNGS_p_TCGA_b84_115_SNP_N_GenomeWideSNP_6_A03_771604	7	141416112	141438576	42	-0.2276
DUNGS_p_TCGA_b84_115_SNP_N_GenomeWideSNP_6_A03_771604	7	141441750	142154515	451	0.8659
DUNGS_p_TCGA_b84_115_SNP_N_GenomeWideSNP_6_A03_771604	7	142156294	142165684	28	0.1925
DUNGS_p_TCGA_b84_115_SNP_N_GenomeWideSNP_6_A03_771604	7	142165914	142933203	472	0.8054
DUNGS_p_TCGA_b84_115_SNP_N_GenomeWideSNP_6_A03_771604	7	142933890	143209120	105	1.1307
DUNGS_p_TCGA_b84_115_SNP_N_GenomeWideSNP_6_A03_771604	7	143215615	154020828	6759	0.8034
DUNGS_p_TCGA_b84_115_SNP_N_GenomeWideSNP_6_A03_771604	7	154024104	154030546	4	-2.3891
DUNGS_p_TCGA_b84_115_SNP_N_GenomeWideSNP_6_A03_771604	7	154031763	154899279	740	0.7645
DUNGS_p_TCGA_b84_115_SNP_N_GenomeWideSNP_6_A03_771604	7	154899509	154900028	3	-0.0695
DUNGS_p_TCGA_b84_115_SNP_N_GenomeWideSNP_6_A03_771604	7	154901337	155576440	482	0.7791
DUNGS_p_TCGA_b84_115_SNP_N_GenomeWideSNP_6_A03_771604	7	155577799	155578973	2	-0.6242
DUNGS_p_TCGA_b84_115_SNP_N_GenomeWideSNP_6_A03_771604	7	155579807	156784545	747	0.8162
DUNGS_p_TCGA_b84_115_SNP_N_GenomeWideSNP_6_A03_771604	7	156789488	156789896	3	-0.3101
DUNGS_p_TCGA_b84_115_SNP_N_GenomeWideSNP_6_A03_771604	7	156792986	158819765	1270	0.8225
DUNGS_p_TCGA_b84_115_SNP_N_GenomeWideSNP_6_A03_771604	8	21254	148062	5	0.1548
DUNGS_p_TCGA_b84_115_SNP_N_GenomeWideSNP_6_A03_771604	8	151222	2235234	1645	-0.6597
DUNGS_p_TCGA_b84_115_SNP_N_GenomeWideSNP_6_A03_771604	8	2242045	2243475	3	-3.967
DUNGS_p_TCGA_b84_115_SNP_N_GenomeWideSNP_6_A03_771604	8	2243551	2246765	9	-1.7358
DUNGS_p_TCGA_b84_115_SNP_N_GenomeWideSNP_6_A03_771604	8	2257735	3551589	1443	-0.7035
DUNGS_p_TCGA_b84_115_SNP_N_GenomeWideSNP_6_A03_771604	8	3552026	3552496	11	-0.2078
DUNGS_p_TCGA_b84_115_SNP_N_GenomeWideSNP_6_A03_771604	8	3552529	3774491	326	-0.7736
DUNGS_p_TCGA_b84_115_SNP_N_GenomeWideSNP_6_A03_771604	8	3774797	3778673	24	-0.3089
DUNGS_p_TCGA_b84_115_SNP_N_GenomeWideSNP_6_A03_771604	8	3778770	3984068	314	-0.7544
DUNGS_p_TCGA_b84_115_SNP_N_GenomeWideSNP_6_A03_771604	8	3984221	3991906	37	-1.0426
DUNGS_p_TCGA_b84_115_SNP_N_GenomeWideSNP_6_A03_771604	8	3992253	4430767	747	-0.6578
DUNGS_p_TCGA_b84_115_SNP_N_GenomeWideSNP_6_A03_771604	8	4431163	4431531	2	-2.1972
DUNGS_p_TCGA_b84_115_SNP_N_GenomeWideSNP_6_A03_771604	8	4431794	4621850	292	-0.7071
DUNGS_p_TCGA_b84_115_SNP_N_GenomeWideSNP_6_A03_771604	8	4621883	4626002	3	-1.5231
DUNGS_p_TCGA_b84_115_SNP_N_GenomeWideSNP_6_A03_771604	8	4626114	4647612	26	-0.5815
DUNGS_p_TCGA_b84_115_SNP_N_GenomeWideSNP_6_A03_771604	8	4648223	4658756	23	-1.1382
DUNGS_p_TCGA_b84_115_SNP_N_GenomeWideSNP_6_A03_771604	8	4659040	6965809	2903	-0.6798
DUNGS_p_TCGA_b84_115_SNP_N_GenomeWideSNP_6_A03_771604	8	6969680	7158507	23	-0.3281
DUNGS_p_TCGA_b84_115_SNP_N_GenomeWideSNP_6_A03_771604	8	7174042	7181231	3	0.7691
DUNGS_p_TCGA_b84_115_SNP_N_GenomeWideSNP_6_A03_771604	8	7202021	7781474	136	-0.31
DUNGS_p_TCGA_b84_115_SNP_N_GenomeWideSNP_6_A03_771604	8	7783389	7785109	4	-1.3799
DUNGS_p_TCGA_b84_115_SNP_N_GenomeWideSNP_6_A03_771604	8	7789458	8015597	80	-0.1799
DUNGS_p_TCGA_b84_115_SNP_N_GenomeWideSNP_6_A03_771604	8	8027373	8027704	3	-1.415
DUNGS_p_TCGA_b84_115_SNP_N_GenomeWideSNP_6_A03_771604	8	8034441	8129435	20	0.0209
DUNGS_p_TCGA_b84_115_SNP_N_GenomeWideSNP_6_A03_771604	8	8130592	8422746	283	-0.6331
DUNGS_p_TCGA_b84_115_SNP_N_GenomeWideSNP_6_A03_771604	8	8423053	8425717	8	0.0075
DUNGS_p_TCGA_b84_115_SNP_N_GenomeWideSNP_6_A03_771604	8	8425857	11919806	2932	-0.6586
DUNGS_p_TCGA_b84_115_SNP_N_GenomeWideSNP_6_A03_771604	8	11920666	12599114	153	-0.1212
DUNGS_p_TCGA_b84_115_SNP_N_GenomeWideSNP_6_A03_771604	8	12600413	16303983	3504	-0.6563
DUNGS_p_TCGA_b84_115_SNP_N_GenomeWideSNP_6_A03_771604	8	16306606	16314607	19	-0.2252
DUNGS_p_TCGA_b84_115_SNP_N_GenomeWideSNP_6_A03_771604	8	16314838	16402631	67	-0.5925
DUNGS_p_TCGA_b84_115_SNP_N_GenomeWideSNP_6_A03_771604	8	16403239	16403388	3	-2.074
DUNGS_p_TCGA_b84_115_SNP_N_GenomeWideSNP_6_A03_771604	8	16404990	18164447	1590	-0.6473
DUNGS_p_TCGA_b84_115_SNP_N_GenomeWideSNP_6_A03_771604	8	18165587	18165710	3	-2.9708
DUNGS_p_TCGA_b84_115_SNP_N_GenomeWideSNP_6_A03_771604	8	18173022	20529043	2129	-0.645
DUNGS_p_TCGA_b84_115_SNP_N_GenomeWideSNP_6_A03_771604	8	20529908	20534120	2	-2.1055
DUNGS_p_TCGA_b84_115_SNP_N_GenomeWideSNP_6_A03_771604	8	20534151	23458253	1944	-0.7439
DUNGS_p_TCGA_b84_115_SNP_N_GenomeWideSNP_6_A03_771604	8	23463685	23463756	4	-2.4247
DUNGS_p_TCGA_b84_115_SNP_N_GenomeWideSNP_6_A03_771604	8	23463816	25030439	1145	-0.8548
DUNGS_p_TCGA_b84_115_SNP_N_GenomeWideSNP_6_A03_771604	8	25030494	25040250	24	-2.0691
DUNGS_p_TCGA_b84_115_SNP_N_GenomeWideSNP_6_A03_771604	8	25047021	28077434	2358	-0.8511
DUNGS_p_TCGA_b84_115_SNP_N_GenomeWideSNP_6_A03_771604	8	28077688	28082925	5	-1.94
DUNGS_p_TCGA_b84_115_SNP_N_GenomeWideSNP_6_A03_771604	8	28083803	32798408	3093	-0.8534
DUNGS_p_TCGA_b84_115_SNP_N_GenomeWideSNP_6_A03_771604	8	32802640	32811648	9	0.1144
DUNGS_p_TCGA_b84_115_SNP_N_GenomeWideSNP_6_A03_771604	8	32811663	36042355	1797	-0.886
DUNGS_p_TCGA_b84_115_SNP_N_GenomeWideSNP_6_A03_771604	8	36046237	40891153	2920	0.817
DUNGS_p_TCGA_b84_115_SNP_N_GenomeWideSNP_6_A03_771604	8	40897009	40897628	2	-2.0673
DUNGS_p_TCGA_b84_115_SNP_N_GenomeWideSNP_6_A03_771604	8	40902837	42269562	844	0.9044
DUNGS_p_TCGA_b84_115_SNP_N_GenomeWideSNP_6_A03_771604	8	42269635	42274987	12	0.4662
DUNGS_p_TCGA_b84_115_SNP_N_GenomeWideSNP_6_A03_771604	8	42275144	43905959	658	0.95
DUNGS_p_TCGA_b84_115_SNP_N_GenomeWideSNP_6_A03_771604	8	43943205	50570760	1622	0.5404
DUNGS_p_TCGA_b84_115_SNP_N_GenomeWideSNP_6_A03_771604	8	50570988	50571433	4	-0.5189
DUNGS_p_TCGA_b84_115_SNP_N_GenomeWideSNP_6_A03_771604	8	50571951	51194564	381	0.4869
DUNGS_p_TCGA_b84_115_SNP_N_GenomeWideSNP_6_A03_771604	8	51194577	51195976	8	-2.3237
DUNGS_p_TCGA_b84_115_SNP_N_GenomeWideSNP_6_A03_771604	8	51201131	58925443	5082	0.5038
DUNGS_p_TCGA_b84_115_SNP_N_GenomeWideSNP_6_A03_771604	8	58925547	58925608	3	-1.0848
DUNGS_p_TCGA_b84_115_SNP_N_GenomeWideSNP_6_A03_771604	8	58933832	68710171	5868	0.541
DUNGS_p_TCGA_b84_115_SNP_N_GenomeWideSNP_6_A03_771604	8	68710189	68711975	21	0.9121
DUNGS_p_TCGA_b84_115_SNP_N_GenomeWideSNP_6_A03_771604	8	68712331	72374919	2346	0.527
DUNGS_p_TCGA_b84_115_SNP_N_GenomeWideSNP_6_A03_771604	8	72377865	72379153	9	-0.9694
DUNGS_p_TCGA_b84_115_SNP_N_GenomeWideSNP_6_A03_771604	8	72382417	102957910	18499	0.3415
DUNGS_p_TCGA_b84_115_SNP_N_GenomeWideSNP_6_A03_771604	8	102958303	102958321	2	-1.0045
DUNGS_p_TCGA_b84_115_SNP_N_GenomeWideSNP_6_A03_771604	8	102959892	106596789	2164	0.3902
DUNGS_p_TCGA_b84_115_SNP_N_GenomeWideSNP_6_A03_771604	8	106597151	106597164	2	-0.6369
DUNGS_p_TCGA_b84_115_SNP_N_GenomeWideSNP_6_A03_771604	8	106597206	106610552	13	0.2122
DUNGS_p_TCGA_b84_115_SNP_N_GenomeWideSNP_6_A03_771604	8	106611808	106625286	12	0.6258
DUNGS_p_TCGA_b84_115_SNP_N_GenomeWideSNP_6_A03_771604	8	106625669	112360670	3457	0.4057
DUNGS_p_TCGA_b84_115_SNP_N_GenomeWideSNP_6_A03_771604	8	112363455	112364436	10	-1.2783
DUNGS_p_TCGA_b84_115_SNP_N_GenomeWideSNP_6_A03_771604	8	112369457	115701219	1827	0.3683
DUNGS_p_TCGA_b84_115_SNP_N_GenomeWideSNP_6_A03_771604	8	115703663	115704083	6	-0.4799
DUNGS_p_TCGA_b84_115_SNP_N_GenomeWideSNP_6_A03_771604	8	115704256	115707571	9	-1.0421
DUNGS_p_TCGA_b84_115_SNP_N_GenomeWideSNP_6_A03_771604	8	115707643	115710164	9	0.1354
DUNGS_p_TCGA_b84_115_SNP_N_GenomeWideSNP_6_A03_771604	8	115710178	115710907	11	-0.7911
DUNGS_p_TCGA_b84_115_SNP_N_GenomeWideSNP_6_A03_771604	8	115719873	117058286	837	0.3922
DUNGS_p_TCGA_b84_115_SNP_N_GenomeWideSNP_6_A03_771604	8	117062843	117063515	2	-0.8205
DUNGS_p_TCGA_b84_115_SNP_N_GenomeWideSNP_6_A03_771604	8	117065376	128883947	8251	0.477
DUNGS_p_TCGA_b84_115_SNP_N_GenomeWideSNP_6_A03_771604	8	128887583	128888191	2	-1.1617
DUNGS_p_TCGA_b84_115_SNP_N_GenomeWideSNP_6_A03_771604	8	128891891	129825448	730	0.5284
DUNGS_p_TCGA_b84_115_SNP_N_GenomeWideSNP_6_A03_771604	8	129832317	129833267	2	-0.7969
DUNGS_p_TCGA_b84_115_SNP_N_GenomeWideSNP_6_A03_771604	8	129846636	137906948	6219	0.5526
DUNGS_p_TCGA_b84_115_SNP_N_GenomeWideSNP_6_A03_771604	8	137907122	137907202	2	-0.9833
DUNGS_p_TCGA_b84_115_SNP_N_GenomeWideSNP_6_A03_771604	8	137907321	137962652	63	0.725
DUNGS_p_TCGA_b84_115_SNP_N_GenomeWideSNP_6_A03_771604	8	137963682	137963696	2	-0.2727
DUNGS_p_TCGA_b84_115_SNP_N_GenomeWideSNP_6_A03_771604	8	137969915	141046221	2609	0.5132
DUNGS_p_TCGA_b84_115_SNP_N_GenomeWideSNP_6_A03_771604	8	141046236	141046246	2	-0.741
DUNGS_p_TCGA_b84_115_SNP_N_GenomeWideSNP_6_A03_771604	8	141046387	144376007	1730	0.448
DUNGS_p_TCGA_b84_115_SNP_N_GenomeWideSNP_6_A03_771604	8	144381130	144381200	3	-0.8823
DUNGS_p_TCGA_b84_115_SNP_N_GenomeWideSNP_6_A03_771604	8	144381314	146268959	641	0.471
DUNGS_p_TCGA_b84_115_SNP_N_GenomeWideSNP_6_A03_771604	9	36587	2137099	2323	-0.0051
DUNGS_p_TCGA_b84_115_SNP_N_GenomeWideSNP_6_A03_771604	9	2138837	2140662	6	-1.8453
DUNGS_p_TCGA_b84_115_SNP_N_GenomeWideSNP_6_A03_771604	9	2142115	23351805	18151	-0.0215
DUNGS_p_TCGA_b84_115_SNP_N_GenomeWideSNP_6_A03_771604	9	23353115	23362399	7	0.7916
DUNGS_p_TCGA_b84_115_SNP_N_GenomeWideSNP_6_A03_771604	9	23363484	37023159	9521	-0.0241
DUNGS_p_TCGA_b84_115_SNP_N_GenomeWideSNP_6_A03_771604	9	37023361	37024617	2	-1.3597
DUNGS_p_TCGA_b84_115_SNP_N_GenomeWideSNP_6_A03_771604	9	37024669	38430754	903	-0.0029
DUNGS_p_TCGA_b84_115_SNP_N_GenomeWideSNP_6_A03_771604	9	38430859	38430946	2	-1.8002
DUNGS_p_TCGA_b84_115_SNP_N_GenomeWideSNP_6_A03_771604	9	38431586	43552158	511	0.036
DUNGS_p_TCGA_b84_115_SNP_N_GenomeWideSNP_6_A03_771604	9	43575109	43680535	18	-0.5489
DUNGS_p_TCGA_b84_115_SNP_N_GenomeWideSNP_6_A03_771604	9	43687249	44569219	57	0.0849
DUNGS_p_TCGA_b84_115_SNP_N_GenomeWideSNP_6_A03_771604	9	44667855	44777523	34	0.5862
DUNGS_p_TCGA_b84_115_SNP_N_GenomeWideSNP_6_A03_771604	9	44780914	45281533	33	0.0345
DUNGS_p_TCGA_b84_115_SNP_N_GenomeWideSNP_6_A03_771604	9	45289260	67050507	101	0.4403
DUNGS_p_TCGA_b84_115_SNP_N_GenomeWideSNP_6_A03_771604	9	67216185	70759652	745	-9e-04
DUNGS_p_TCGA_b84_115_SNP_N_GenomeWideSNP_6_A03_771604	9	70768326	92605820	15747	-0.4099
DUNGS_p_TCGA_b84_115_SNP_N_GenomeWideSNP_6_A03_771604	9	92609467	92609988	3	-1.5464
DUNGS_p_TCGA_b84_115_SNP_N_GenomeWideSNP_6_A03_771604	9	92610284	102565339	6420	-0.3846
DUNGS_p_TCGA_b84_115_SNP_N_GenomeWideSNP_6_A03_771604	9	102570437	102617616	40	-0.0159
DUNGS_p_TCGA_b84_115_SNP_N_GenomeWideSNP_6_A03_771604	9	102618085	133246496	21709	-0.3839
DUNGS_p_TCGA_b84_115_SNP_N_GenomeWideSNP_6_A03_771604	9	133248600	133255525	6	-1.3669
DUNGS_p_TCGA_b84_115_SNP_N_GenomeWideSNP_6_A03_771604	9	133261836	135740899	1688	-0.3737
DUNGS_p_TCGA_b84_115_SNP_N_GenomeWideSNP_6_A03_771604	9	135743724	139372609	1545	-0.0232
DUNGS_p_TCGA_b84_115_SNP_N_GenomeWideSNP_6_A03_771604	9	139372768	139392856	6	0.8007
DUNGS_p_TCGA_b84_115_SNP_N_GenomeWideSNP_6_A03_771604	9	139392882	140211215	411	0.0097
DUNGS_p_TCGA_b84_115_SNP_N_GenomeWideSNP_6_A03_771604	10	62759	149076	37	0.0258
DUNGS_p_TCGA_b84_115_SNP_N_GenomeWideSNP_6_A03_771604	10	149216	154672	7	-0.6562
DUNGS_p_TCGA_b84_115_SNP_N_GenomeWideSNP_6_A03_771604	10	163357	163366	2	1.1644
DUNGS_p_TCGA_b84_115_SNP_N_GenomeWideSNP_6_A03_771604	10	166008	2969537	2335	-0.0325
DUNGS_p_TCGA_b84_115_SNP_N_GenomeWideSNP_6_A03_771604	10	2969577	2973743	5	0.6963
DUNGS_p_TCGA_b84_115_SNP_N_GenomeWideSNP_6_A03_771604	10	2974550	13089606	8562	-0.0266
DUNGS_p_TCGA_b84_115_SNP_N_GenomeWideSNP_6_A03_771604	10	13089662	13090434	8	-0.7106
DUNGS_p_TCGA_b84_115_SNP_N_GenomeWideSNP_6_A03_771604	10	13090616	17876598	3939	-0.0231
DUNGS_p_TCGA_b84_115_SNP_N_GenomeWideSNP_6_A03_771604	10	17899449	18011822	8	0.6663
DUNGS_p_TCGA_b84_115_SNP_N_GenomeWideSNP_6_A03_771604	10	18069831	19656597	1136	-0.033
DUNGS_p_TCGA_b84_115_SNP_N_GenomeWideSNP_6_A03_771604	10	19657767	19723949	54	0.3009
DUNGS_p_TCGA_b84_115_SNP_N_GenomeWideSNP_6_A03_771604	10	19725794	24417680	3172	-0.0361
DUNGS_p_TCGA_b84_115_SNP_N_GenomeWideSNP_6_A03_771604	10	24417681	24418060	10	-2.1932
DUNGS_p_TCGA_b84_115_SNP_N_GenomeWideSNP_6_A03_771604	10	24418914	31286516	5049	-0.0167
DUNGS_p_TCGA_b84_115_SNP_N_GenomeWideSNP_6_A03_771604	10	31291340	31291744	10	-1.0853
DUNGS_p_TCGA_b84_115_SNP_N_GenomeWideSNP_6_A03_771604	10	31291785	37494728	4117	-0.0301
DUNGS_p_TCGA_b84_115_SNP_N_GenomeWideSNP_6_A03_771604	10	37495151	37507620	3	1.38
DUNGS_p_TCGA_b84_115_SNP_N_GenomeWideSNP_6_A03_771604	10	37519420	41843447	775	-0.0214
DUNGS_p_TCGA_b84_115_SNP_N_GenomeWideSNP_6_A03_771604	10	41843467	42173708	50	0.3139
DUNGS_p_TCGA_b84_115_SNP_N_GenomeWideSNP_6_A03_771604	10	42184107	44594150	1773	-0.0442
DUNGS_p_TCGA_b84_115_SNP_N_GenomeWideSNP_6_A03_771604	10	44594388	44597933	3	-0.9486
DUNGS_p_TCGA_b84_115_SNP_N_GenomeWideSNP_6_A03_771604	10	44598598	47241036	927	-0.0265
DUNGS_p_TCGA_b84_115_SNP_N_GenomeWideSNP_6_A03_771604	10	47417400	47468066	4	-1.6883
DUNGS_p_TCGA_b84_115_SNP_N_GenomeWideSNP_6_A03_771604	10	47480482	48318632	286	-0.0722
DUNGS_p_TCGA_b84_115_SNP_N_GenomeWideSNP_6_A03_771604	10	48334589	48882777	21	0.4971
DUNGS_p_TCGA_b84_115_SNP_N_GenomeWideSNP_6_A03_771604	10	48882834	48957597	6	-0.5693
DUNGS_p_TCGA_b84_115_SNP_N_GenomeWideSNP_6_A03_771604	10	48957609	49051617	10	0.3684
DUNGS_p_TCGA_b84_115_SNP_N_GenomeWideSNP_6_A03_771604	10	49057620	49401207	254	-0.06
DUNGS_p_TCGA_b84_115_SNP_N_GenomeWideSNP_6_A03_771604	10	49402981	49402994	2	-1.9407
DUNGS_p_TCGA_b84_115_SNP_N_GenomeWideSNP_6_A03_771604	10	49403267	51492405	1187	-0.0621
DUNGS_p_TCGA_b84_115_SNP_N_GenomeWideSNP_6_A03_771604	10	51500366	51607985	8	0.7569
DUNGS_p_TCGA_b84_115_SNP_N_GenomeWideSNP_6_A03_771604	10	51640636	58873055	5459	-0.0573
DUNGS_p_TCGA_b84_115_SNP_N_GenomeWideSNP_6_A03_771604	10	58880511	58880541	3	0.9899
DUNGS_p_TCGA_b84_115_SNP_N_GenomeWideSNP_6_A03_771604	10	58880779	61034435	1533	-0.0593
DUNGS_p_TCGA_b84_115_SNP_N_GenomeWideSNP_6_A03_771604	10	61034896	61034917	2	-1.1753
DUNGS_p_TCGA_b84_115_SNP_N_GenomeWideSNP_6_A03_771604	10	61035080	66976282	4033	-0.0524
DUNGS_p_TCGA_b84_115_SNP_N_GenomeWideSNP_6_A03_771604	10	66977929	66984436	27	0.3957
DUNGS_p_TCGA_b84_115_SNP_N_GenomeWideSNP_6_A03_771604	10	66984452	79910212	8395	-0.0235
DUNGS_p_TCGA_b84_115_SNP_N_GenomeWideSNP_6_A03_771604	10	79910495	79914604	3	-1.3846
DUNGS_p_TCGA_b84_115_SNP_N_GenomeWideSNP_6_A03_771604	10	79914629	80918590	851	-0.0621
DUNGS_p_TCGA_b84_115_SNP_N_GenomeWideSNP_6_A03_771604	10	80921337	81662182	68	0.2108
DUNGS_p_TCGA_b84_115_SNP_N_GenomeWideSNP_6_A03_771604	10	81664859	89019223	5173	-0.0546
DUNGS_p_TCGA_b84_115_SNP_N_GenomeWideSNP_6_A03_771604	10	89028321	89121170	17	0.359
DUNGS_p_TCGA_b84_115_SNP_N_GenomeWideSNP_6_A03_771604	10	89123916	111777501	14706	-0.0443
DUNGS_p_TCGA_b84_115_SNP_N_GenomeWideSNP_6_A03_771604	10	111780138	111780552	2	-1.2602
DUNGS_p_TCGA_b84_115_SNP_N_GenomeWideSNP_6_A03_771604	10	111781425	124567586	9383	-0.0604
DUNGS_p_TCGA_b84_115_SNP_N_GenomeWideSNP_6_A03_771604	10	124567747	124567871	2	-1.2243
DUNGS_p_TCGA_b84_115_SNP_N_GenomeWideSNP_6_A03_771604	10	124569325	135079131	7609	-0.0654
DUNGS_p_TCGA_b84_115_SNP_N_GenomeWideSNP_6_A03_771604	10	135079709	135079858	2	-3.1561
DUNGS_p_TCGA_b84_115_SNP_N_GenomeWideSNP_6_A03_771604	10	135082644	135356694	151	0.0141
DUNGS_p_TCGA_b84_115_SNP_N_GenomeWideSNP_6_A03_771604	11	188510	3374928	1331	-0.3721
DUNGS_p_TCGA_b84_115_SNP_N_GenomeWideSNP_6_A03_771604	11	3376078	3569317	53	-0.1054
DUNGS_p_TCGA_b84_115_SNP_N_GenomeWideSNP_6_A03_771604	11	3569707	4882509	1031	-0.3545
DUNGS_p_TCGA_b84_115_SNP_N_GenomeWideSNP_6_A03_771604	11	4882769	4885197	5	-1.0953
DUNGS_p_TCGA_b84_115_SNP_N_GenomeWideSNP_6_A03_771604	11	4887659	4926819	63	-0.3169
DUNGS_p_TCGA_b84_115_SNP_N_GenomeWideSNP_6_A03_771604	11	4926853	4933172	34	0.3358
DUNGS_p_TCGA_b84_115_SNP_N_GenomeWideSNP_6_A03_771604	11	4933190	5508743	595	-0.3879
DUNGS_p_TCGA_b84_115_SNP_N_GenomeWideSNP_6_A03_771604	11	5511164	5512079	2	-1.7713
DUNGS_p_TCGA_b84_115_SNP_N_GenomeWideSNP_6_A03_771604	11	5512963	5746177	198	-0.3602
DUNGS_p_TCGA_b84_115_SNP_N_GenomeWideSNP_6_A03_771604	11	5746301	5750159	7	0.3707
DUNGS_p_TCGA_b84_115_SNP_N_GenomeWideSNP_6_A03_771604	11	5750821	18917754	9495	-0.3978
DUNGS_p_TCGA_b84_115_SNP_N_GenomeWideSNP_6_A03_771604	11	18917857	18928270	27	-8e-04
DUNGS_p_TCGA_b84_115_SNP_N_GenomeWideSNP_6_A03_771604	11	18928286	61752898	25833	-0.396
DUNGS_p_TCGA_b84_115_SNP_N_GenomeWideSNP_6_A03_771604	11	61753218	62647070	472	-0.1404
DUNGS_p_TCGA_b84_115_SNP_N_GenomeWideSNP_6_A03_771604	11	62647364	65129094	1034	0.1057
DUNGS_p_TCGA_b84_115_SNP_N_GenomeWideSNP_6_A03_771604	11	65139140	67753017	1013	0.4214
DUNGS_p_TCGA_b84_115_SNP_N_GenomeWideSNP_6_A03_771604	11	67753382	97181512	19133	0.0205
DUNGS_p_TCGA_b84_115_SNP_N_GenomeWideSNP_6_A03_771604	11	97189812	97190002	2	-1.169
DUNGS_p_TCGA_b84_115_SNP_N_GenomeWideSNP_6_A03_771604	11	97193277	130931621	24158	0.0243
DUNGS_p_TCGA_b84_115_SNP_N_GenomeWideSNP_6_A03_771604	11	130932010	130932075	2	1.5057
DUNGS_p_TCGA_b84_115_SNP_N_GenomeWideSNP_6_A03_771604	11	130932247	134449982	2751	0.007
DUNGS_p_TCGA_b84_115_SNP_N_GenomeWideSNP_6_A03_771604	12	20703	7886054	5378	0.0986
DUNGS_p_TCGA_b84_115_SNP_N_GenomeWideSNP_6_A03_771604	12	7895692	8015167	60	0.6459
DUNGS_p_TCGA_b84_115_SNP_N_GenomeWideSNP_6_A03_771604	12	8022225	11395358	1986	0.1357
DUNGS_p_TCGA_b84_115_SNP_N_GenomeWideSNP_6_A03_771604	12	11402844	11434673	32	-1.8566
DUNGS_p_TCGA_b84_115_SNP_N_GenomeWideSNP_6_A03_771604	12	11443459	19358223	5423	0.1027
DUNGS_p_TCGA_b84_115_SNP_N_GenomeWideSNP_6_A03_771604	12	19358279	19471771	54	0.5765
DUNGS_p_TCGA_b84_115_SNP_N_GenomeWideSNP_6_A03_771604	12	19472571	25293312	4157	0.0985
DUNGS_p_TCGA_b84_115_SNP_N_GenomeWideSNP_6_A03_771604	12	25293328	25293336	2	-1.5051
DUNGS_p_TCGA_b84_115_SNP_N_GenomeWideSNP_6_A03_771604	12	25293475	33185174	5799	-0.028
DUNGS_p_TCGA_b84_115_SNP_N_GenomeWideSNP_6_A03_771604	12	33185765	33185927	7	0.1942
DUNGS_p_TCGA_b84_115_SNP_N_GenomeWideSNP_6_A03_771604	12	33192673	33193468	9	-2.08
DUNGS_p_TCGA_b84_115_SNP_N_GenomeWideSNP_6_A03_771604	12	33193705	33194560	3	-6.2215
DUNGS_p_TCGA_b84_115_SNP_N_GenomeWideSNP_6_A03_771604	12	33194645	33198345	14	-2.0637
DUNGS_p_TCGA_b84_115_SNP_N_GenomeWideSNP_6_A03_771604	12	33198641	33271233	45	0.0688
DUNGS_p_TCGA_b84_115_SNP_N_GenomeWideSNP_6_A03_771604	12	33277097	33286409	6	0.6455
DUNGS_p_TCGA_b84_115_SNP_N_GenomeWideSNP_6_A03_771604	12	33286685	34225078	591	-0.0441
DUNGS_p_TCGA_b84_115_SNP_N_GenomeWideSNP_6_A03_771604	12	34228865	34229293	3	1.0788
DUNGS_p_TCGA_b84_115_SNP_N_GenomeWideSNP_6_A03_771604	12	34232505	36473016	249	0.0453
DUNGS_p_TCGA_b84_115_SNP_N_GenomeWideSNP_6_A03_771604	12	36493309	39102779	1426	-0.277
DUNGS_p_TCGA_b84_115_SNP_N_GenomeWideSNP_6_A03_771604	12	39102854	39103280	2	0.7991
DUNGS_p_TCGA_b84_115_SNP_N_GenomeWideSNP_6_A03_771604	12	39103424	41989565	2012	-0.3771
DUNGS_p_TCGA_b84_115_SNP_N_GenomeWideSNP_6_A03_771604	12	41990125	41990551	3	-1.9615
DUNGS_p_TCGA_b84_115_SNP_N_GenomeWideSNP_6_A03_771604	12	41995195	44190705	1297	-0.3817
DUNGS_p_TCGA_b84_115_SNP_N_GenomeWideSNP_6_A03_771604	12	44192107	44195804	3	0.8014
DUNGS_p_TCGA_b84_115_SNP_N_GenomeWideSNP_6_A03_771604	12	44199559	47011309	1720	-0.3556
DUNGS_p_TCGA_b84_115_SNP_N_GenomeWideSNP_6_A03_771604	12	47011506	47011682	3	-2.3327
DUNGS_p_TCGA_b84_115_SNP_N_GenomeWideSNP_6_A03_771604	12	47016303	56754598	5297	-0.3414
DUNGS_p_TCGA_b84_115_SNP_N_GenomeWideSNP_6_A03_771604	12	56754911	56756241	13	0.139
DUNGS_p_TCGA_b84_115_SNP_N_GenomeWideSNP_6_A03_771604	12	56756416	57508482	615	-0.3729
DUNGS_p_TCGA_b84_115_SNP_N_GenomeWideSNP_6_A03_771604	12	57508484	57527281	40	-0.1129
DUNGS_p_TCGA_b84_115_SNP_N_GenomeWideSNP_6_A03_771604	12	57527670	61743447	2658	-0.399
DUNGS_p_TCGA_b84_115_SNP_N_GenomeWideSNP_6_A03_771604	12	61743681	61745175	3	-4.2179
DUNGS_p_TCGA_b84_115_SNP_N_GenomeWideSNP_6_A03_771604	12	61745326	80539897	12009	-0.4043
DUNGS_p_TCGA_b84_115_SNP_N_GenomeWideSNP_6_A03_771604	12	80540483	80540673	2	-1.7657
DUNGS_p_TCGA_b84_115_SNP_N_GenomeWideSNP_6_A03_771604	12	80550479	84875305	2623	-0.4034
DUNGS_p_TCGA_b84_115_SNP_N_GenomeWideSNP_6_A03_771604	12	84876559	86259534	703	-1.5767
DUNGS_p_TCGA_b84_115_SNP_N_GenomeWideSNP_6_A03_771604	12	86262196	86263010	3	-4.8214
DUNGS_p_TCGA_b84_115_SNP_N_GenomeWideSNP_6_A03_771604	12	86263320	86695841	259	-1.475
DUNGS_p_TCGA_b84_115_SNP_N_GenomeWideSNP_6_A03_771604	12	86696377	86764676	47	-2.0004
DUNGS_p_TCGA_b84_115_SNP_N_GenomeWideSNP_6_A03_771604	12	86766610	87011741	149	-1.469
DUNGS_p_TCGA_b84_115_SNP_N_GenomeWideSNP_6_A03_771604	12	87017034	89007481	1168	-0.4002
DUNGS_p_TCGA_b84_115_SNP_N_GenomeWideSNP_6_A03_771604	12	89015800	89017688	8	-1.2088
DUNGS_p_TCGA_b84_115_SNP_N_GenomeWideSNP_6_A03_771604	12	89017744	98319424	6460	-0.3945
DUNGS_p_TCGA_b84_115_SNP_N_GenomeWideSNP_6_A03_771604	12	98319599	98322865	30	0.065
DUNGS_p_TCGA_b84_115_SNP_N_GenomeWideSNP_6_A03_771604	12	98327224	105688798	4994	-0.3927
DUNGS_p_TCGA_b84_115_SNP_N_GenomeWideSNP_6_A03_771604	12	105689767	124692293	11904	-0.0104
DUNGS_p_TCGA_b84_115_SNP_N_GenomeWideSNP_6_A03_771604	12	124693362	124695145	4	-1.2285
DUNGS_p_TCGA_b84_115_SNP_N_GenomeWideSNP_6_A03_771604	12	124700112	132288262	5888	-0.0578
DUNGS_p_TCGA_b84_115_SNP_N_GenomeWideSNP_6_A03_771604	13	17924949	22527164	2897	0.1187
DUNGS_p_TCGA_b84_115_SNP_N_GenomeWideSNP_6_A03_771604	13	22527177	22536195	16	0.459
DUNGS_p_TCGA_b84_115_SNP_N_GenomeWideSNP_6_A03_771604	13	22536210	44820625	16156	0.081
DUNGS_p_TCGA_b84_115_SNP_N_GenomeWideSNP_6_A03_771604	13	44821974	44828904	6	-0.8628
DUNGS_p_TCGA_b84_115_SNP_N_GenomeWideSNP_6_A03_771604	13	44831243	51756793	4374	0.0903
DUNGS_p_TCGA_b84_115_SNP_N_GenomeWideSNP_6_A03_771604	13	51760508	51808690	10	0.8783
DUNGS_p_TCGA_b84_115_SNP_N_GenomeWideSNP_6_A03_771604	13	51810671	51957217	54	0.1461
DUNGS_p_TCGA_b84_115_SNP_N_GenomeWideSNP_6_A03_771604	13	51969153	52037145	13	-1.4648
DUNGS_p_TCGA_b84_115_SNP_N_GenomeWideSNP_6_A03_771604	13	52043659	55341911	1997	0.0528
DUNGS_p_TCGA_b84_115_SNP_N_GenomeWideSNP_6_A03_771604	13	55342325	55369150	17	-0.6049
DUNGS_p_TCGA_b84_115_SNP_N_GenomeWideSNP_6_A03_771604	13	55378185	63122206	4456	0.0565
DUNGS_p_TCGA_b84_115_SNP_N_GenomeWideSNP_6_A03_771604	13	63122793	63134693	9	-0.8607
DUNGS_p_TCGA_b84_115_SNP_N_GenomeWideSNP_6_A03_771604	13	63137564	75152378	7947	0.0754
DUNGS_p_TCGA_b84_115_SNP_N_GenomeWideSNP_6_A03_771604	13	75155388	75306250	118	0.4866
DUNGS_p_TCGA_b84_115_SNP_N_GenomeWideSNP_6_A03_771604	13	75308726	79369187	2743	0.0885
DUNGS_p_TCGA_b84_115_SNP_N_GenomeWideSNP_6_A03_771604	13	79373913	79423846	59	-0.2007
DUNGS_p_TCGA_b84_115_SNP_N_GenomeWideSNP_6_A03_771604	13	79429416	97325275	11313	0.0686
DUNGS_p_TCGA_b84_115_SNP_N_GenomeWideSNP_6_A03_771604	13	97328125	97328797	5	-0.9474
DUNGS_p_TCGA_b84_115_SNP_N_GenomeWideSNP_6_A03_771604	13	97329466	110392439	10295	0.0615
DUNGS_p_TCGA_b84_115_SNP_N_GenomeWideSNP_6_A03_771604	13	110394128	110440200	39	0.6675
DUNGS_p_TCGA_b84_115_SNP_N_GenomeWideSNP_6_A03_771604	13	110445009	114126499	1857	0.0817
DUNGS_p_TCGA_b84_115_SNP_N_GenomeWideSNP_6_A03_771604	14	18072124	18241044	18	0.3509
DUNGS_p_TCGA_b84_115_SNP_N_GenomeWideSNP_6_A03_771604	14	18261718	18508611	15	-0.115
DUNGS_p_TCGA_b84_115_SNP_N_GenomeWideSNP_6_A03_771604	14	18521076	18627041	7	-0.8934
DUNGS_p_TCGA_b84_115_SNP_N_GenomeWideSNP_6_A03_771604	14	18632139	19080913	33	0.4074
DUNGS_p_TCGA_b84_115_SNP_N_GenomeWideSNP_6_A03_771604	14	19107146	19207186	6	1.2783
DUNGS_p_TCGA_b84_115_SNP_N_GenomeWideSNP_6_A03_771604	14	19213349	19483698	103	0.4175
DUNGS_p_TCGA_b84_115_SNP_N_GenomeWideSNP_6_A03_771604	14	19487381	22099162	1939	0.0593
DUNGS_p_TCGA_b84_115_SNP_N_GenomeWideSNP_6_A03_771604	14	22099182	22099715	8	-0.585
DUNGS_p_TCGA_b84_115_SNP_N_GenomeWideSNP_6_A03_771604	14	22101910	25849224	2435	-0.0145
DUNGS_p_TCGA_b84_115_SNP_N_GenomeWideSNP_6_A03_771604	14	25849239	25853758	10	0.4367
DUNGS_p_TCGA_b84_115_SNP_N_GenomeWideSNP_6_A03_771604	14	25854753	27257869	836	-0.0589
DUNGS_p_TCGA_b84_115_SNP_N_GenomeWideSNP_6_A03_771604	14	27258011	27258871	2	-1.358
DUNGS_p_TCGA_b84_115_SNP_N_GenomeWideSNP_6_A03_771604	14	27259538	34090129	4397	-0.0419
DUNGS_p_TCGA_b84_115_SNP_N_GenomeWideSNP_6_A03_771604	14	34090736	34106819	9	0.4585
DUNGS_p_TCGA_b84_115_SNP_N_GenomeWideSNP_6_A03_771604	14	34106878	37204555	1881	-0.0219
DUNGS_p_TCGA_b84_115_SNP_N_GenomeWideSNP_6_A03_771604	14	37207318	37207927	2	-1.4735
DUNGS_p_TCGA_b84_115_SNP_N_GenomeWideSNP_6_A03_771604	14	37208921	40678108	2149	-0.038
DUNGS_p_TCGA_b84_115_SNP_N_GenomeWideSNP_6_A03_771604	14	40680246	40723727	13	-0.9059
DUNGS_p_TCGA_b84_115_SNP_N_GenomeWideSNP_6_A03_771604	14	40726999	40746430	7	0.1672
DUNGS_p_TCGA_b84_115_SNP_N_GenomeWideSNP_6_A03_771604	14	40746446	40873877	108	-0.0478
DUNGS_p_TCGA_b84_115_SNP_N_GenomeWideSNP_6_A03_771604	14	40874129	40880580	2	1.1994
DUNGS_p_TCGA_b84_115_SNP_N_GenomeWideSNP_6_A03_771604	14	40880738	73070876	20392	-0.0347
DUNGS_p_TCGA_b84_115_SNP_N_GenomeWideSNP_6_A03_771604	14	73076460	73090732	8	-0.6674
DUNGS_p_TCGA_b84_115_SNP_N_GenomeWideSNP_6_A03_771604	14	73099653	84635027	7614	-0.0433
DUNGS_p_TCGA_b84_115_SNP_N_GenomeWideSNP_6_A03_771604	14	84635048	84635717	6	0.6036
DUNGS_p_TCGA_b84_115_SNP_N_GenomeWideSNP_6_A03_771604	14	84636501	93187365	5487	-0.0302
DUNGS_p_TCGA_b84_115_SNP_N_GenomeWideSNP_6_A03_771604	14	93190066	93192022	3	-0.5927
DUNGS_p_TCGA_b84_115_SNP_N_GenomeWideSNP_6_A03_771604	14	93197207	99353001	4936	-0.0537
DUNGS_p_TCGA_b84_115_SNP_N_GenomeWideSNP_6_A03_771604	14	99356079	99391564	15	-0.3492
DUNGS_p_TCGA_b84_115_SNP_N_GenomeWideSNP_6_A03_771604	14	99392179	105873098	2899	-0.0092
DUNGS_p_TCGA_b84_115_SNP_N_GenomeWideSNP_6_A03_771604	14	105886988	105892781	4	-0.9171
DUNGS_p_TCGA_b84_115_SNP_N_GenomeWideSNP_6_A03_771604	14	105896961	106356482	304	0.02
DUNGS_p_TCGA_b84_115_SNP_N_GenomeWideSNP_6_A03_771604	15	18276341	18415652	30	0.1108
DUNGS_p_TCGA_b84_115_SNP_N_GenomeWideSNP_6_A03_771604	15	18422759	18476969	19	-0.3498
DUNGS_p_TCGA_b84_115_SNP_N_GenomeWideSNP_6_A03_771604	15	18491920	18682392	18	0.0676
DUNGS_p_TCGA_b84_115_SNP_N_GenomeWideSNP_6_A03_771604	15	18700552	18838380	30	0.4434
DUNGS_p_TCGA_b84_115_SNP_N_GenomeWideSNP_6_A03_771604	15	18838435	18841469	6	-0.2914
DUNGS_p_TCGA_b84_115_SNP_N_GenomeWideSNP_6_A03_771604	15	18841576	19764921	204	0.4732
DUNGS_p_TCGA_b84_115_SNP_N_GenomeWideSNP_6_A03_771604	15	19781841	20085795	113	0.0708
DUNGS_p_TCGA_b84_115_SNP_N_GenomeWideSNP_6_A03_771604	15	20088324	21927790	876	-0.3873
DUNGS_p_TCGA_b84_115_SNP_N_GenomeWideSNP_6_A03_771604	15	21933536	21985625	33	-1.9497
DUNGS_p_TCGA_b84_115_SNP_N_GenomeWideSNP_6_A03_771604	15	21993312	22122442	63	-0.2606
DUNGS_p_TCGA_b84_115_SNP_N_GenomeWideSNP_6_A03_771604	15	22125850	22329984	101	0.4309
DUNGS_p_TCGA_b84_115_SNP_N_GenomeWideSNP_6_A03_771604	15	22333360	23524339	855	-0.3978
DUNGS_p_TCGA_b84_115_SNP_N_GenomeWideSNP_6_A03_771604	15	23531968	23532283	3	-2.2167
DUNGS_p_TCGA_b84_115_SNP_N_GenomeWideSNP_6_A03_771604	15	23535759	26234411	1879	-0.4202
DUNGS_p_TCGA_b84_115_SNP_N_GenomeWideSNP_6_A03_771604	15	26234611	26333519	4	0.643
DUNGS_p_TCGA_b84_115_SNP_N_GenomeWideSNP_6_A03_771604	15	26496054	28231568	872	-0.37
DUNGS_p_TCGA_b84_115_SNP_N_GenomeWideSNP_6_A03_771604	15	28235887	28675248	106	-1.2197
DUNGS_p_TCGA_b84_115_SNP_N_GenomeWideSNP_6_A03_771604	15	28688170	30231347	1052	-0.3941
DUNGS_p_TCGA_b84_115_SNP_N_GenomeWideSNP_6_A03_771604	15	30248179	30405735	36	-0.939
DUNGS_p_TCGA_b84_115_SNP_N_GenomeWideSNP_6_A03_771604	15	30408515	47488522	10689	-0.4005
DUNGS_p_TCGA_b84_115_SNP_N_GenomeWideSNP_6_A03_771604	15	47489502	47537720	32	-0.9317
DUNGS_p_TCGA_b84_115_SNP_N_GenomeWideSNP_6_A03_771604	15	47542036	51572331	2536	-0.3968
DUNGS_p_TCGA_b84_115_SNP_N_GenomeWideSNP_6_A03_771604	15	51572445	51572571	4	-1.4705
DUNGS_p_TCGA_b84_115_SNP_N_GenomeWideSNP_6_A03_771604	15	51577539	60126089	6193	-0.3981
DUNGS_p_TCGA_b84_115_SNP_N_GenomeWideSNP_6_A03_771604	15	60126150	60126972	2	-1.6522
DUNGS_p_TCGA_b84_115_SNP_N_GenomeWideSNP_6_A03_771604	15	60127189	63601155	2078	-0.3899
DUNGS_p_TCGA_b84_115_SNP_N_GenomeWideSNP_6_A03_771604	15	63603995	63605440	3	-2.4948
DUNGS_p_TCGA_b84_115_SNP_N_GenomeWideSNP_6_A03_771604	15	63609587	74665417	6552	-0.381
DUNGS_p_TCGA_b84_115_SNP_N_GenomeWideSNP_6_A03_771604	15	74678296	74682119	12	0.3071
DUNGS_p_TCGA_b84_115_SNP_N_GenomeWideSNP_6_A03_771604	15	74682134	74682828	8	0.8583
DUNGS_p_TCGA_b84_115_SNP_N_GenomeWideSNP_6_A03_771604	15	74682829	74689234	3	0.3218
DUNGS_p_TCGA_b84_115_SNP_N_GenomeWideSNP_6_A03_771604	15	74689249	90590950	10317	-0.3903
DUNGS_p_TCGA_b84_115_SNP_N_GenomeWideSNP_6_A03_771604	15	90591193	90606997	36	-0.1532
DUNGS_p_TCGA_b84_115_SNP_N_GenomeWideSNP_6_A03_771604	15	90607020	90607235	5	0.3189
DUNGS_p_TCGA_b84_115_SNP_N_GenomeWideSNP_6_A03_771604	15	90607278	100222659	7330	-0.4078
DUNGS_p_TCGA_b84_115_SNP_N_GenomeWideSNP_6_A03_771604	15	100238125	100286563	12	0.3336
DUNGS_p_TCGA_b84_115_SNP_N_GenomeWideSNP_6_A03_771604	16	777	1013553	392	-0.3587
DUNGS_p_TCGA_b84_115_SNP_N_GenomeWideSNP_6_A03_771604	16	1018764	1028798	2	-1.8273
DUNGS_p_TCGA_b84_115_SNP_N_GenomeWideSNP_6_A03_771604	16	1029950	6316544	3136	-0.3883
DUNGS_p_TCGA_b84_115_SNP_N_GenomeWideSNP_6_A03_771604	16	6317256	6317788	3	-3.2249
DUNGS_p_TCGA_b84_115_SNP_N_GenomeWideSNP_6_A03_771604	16	6317804	8020534	2148	-0.4273
DUNGS_p_TCGA_b84_115_SNP_N_GenomeWideSNP_6_A03_771604	16	8022712	8130902	78	0.7768
DUNGS_p_TCGA_b84_115_SNP_N_GenomeWideSNP_6_A03_771604	16	8131541	8309853	197	0.4247
DUNGS_p_TCGA_b84_115_SNP_N_GenomeWideSNP_6_A03_771604	16	8310626	8328934	22	-0.098
DUNGS_p_TCGA_b84_115_SNP_N_GenomeWideSNP_6_A03_771604	16	8328983	8332147	3	-1.1065
DUNGS_p_TCGA_b84_115_SNP_N_GenomeWideSNP_6_A03_771604	16	8333363	10310012	1857	0.0148
DUNGS_p_TCGA_b84_115_SNP_N_GenomeWideSNP_6_A03_771604	16	10310193	10310929	2	-1.2091
DUNGS_p_TCGA_b84_115_SNP_N_GenomeWideSNP_6_A03_771604	16	10316062	14897340	3307	0.0074
DUNGS_p_TCGA_b84_115_SNP_N_GenomeWideSNP_6_A03_771604	16	14956269	15085443	91	0.7071
DUNGS_p_TCGA_b84_115_SNP_N_GenomeWideSNP_6_A03_771604	16	15088136	18106218	1575	0.0281
DUNGS_p_TCGA_b84_115_SNP_N_GenomeWideSNP_6_A03_771604	16	18135619	18145790	2	1.367
DUNGS_p_TCGA_b84_115_SNP_N_GenomeWideSNP_6_A03_771604	16	18150227	21319904	1664	0.0183
DUNGS_p_TCGA_b84_115_SNP_N_GenomeWideSNP_6_A03_771604	16	21422575	21498841	22	-1.0372
DUNGS_p_TCGA_b84_115_SNP_N_GenomeWideSNP_6_A03_771604	16	21500956	22349521	366	0.0824
DUNGS_p_TCGA_b84_115_SNP_N_GenomeWideSNP_6_A03_771604	16	22465433	22618243	73	-0.9807
DUNGS_p_TCGA_b84_115_SNP_N_GenomeWideSNP_6_A03_771604	16	22620480	32208403	5194	6e-04
DUNGS_p_TCGA_b84_115_SNP_N_GenomeWideSNP_6_A03_771604	16	32208436	33212130	133	0.5322
DUNGS_p_TCGA_b84_115_SNP_N_GenomeWideSNP_6_A03_771604	16	33243718	45065166	611	0.2797
DUNGS_p_TCGA_b84_115_SNP_N_GenomeWideSNP_6_A03_771604	16	45065961	49180979	2352	-0.3592
DUNGS_p_TCGA_b84_115_SNP_N_GenomeWideSNP_6_A03_771604	16	49181590	49184043	3	-1.3587
DUNGS_p_TCGA_b84_115_SNP_N_GenomeWideSNP_6_A03_771604	16	49184879	50123869	702	-0.4006
DUNGS_p_TCGA_b84_115_SNP_N_GenomeWideSNP_6_A03_771604	16	50124310	50124520	2	-2.3412
DUNGS_p_TCGA_b84_115_SNP_N_GenomeWideSNP_6_A03_771604	16	50130291	50968352	646	-0.4068
DUNGS_p_TCGA_b84_115_SNP_N_GenomeWideSNP_6_A03_771604	16	50970451	50974742	3	-1.505
DUNGS_p_TCGA_b84_115_SNP_N_GenomeWideSNP_6_A03_771604	16	50975047	52965305	1535	-0.3731
DUNGS_p_TCGA_b84_115_SNP_N_GenomeWideSNP_6_A03_771604	16	52967289	52967598	4	0.3687
DUNGS_p_TCGA_b84_115_SNP_N_GenomeWideSNP_6_A03_771604	16	52967738	54352715	1224	-0.3721
DUNGS_p_TCGA_b84_115_SNP_N_GenomeWideSNP_6_A03_771604	16	54353890	54379470	20	0.1475
DUNGS_p_TCGA_b84_115_SNP_N_GenomeWideSNP_6_A03_771604	16	54379898	64020359	6261	-0.3965
DUNGS_p_TCGA_b84_115_SNP_N_GenomeWideSNP_6_A03_771604	16	64020783	64021211	3	-1.7693
DUNGS_p_TCGA_b84_115_SNP_N_GenomeWideSNP_6_A03_771604	16	64021256	68445586	2411	-0.3508
DUNGS_p_TCGA_b84_115_SNP_N_GenomeWideSNP_6_A03_771604	16	68448428	68455161	9	0.2787
DUNGS_p_TCGA_b84_115_SNP_N_GenomeWideSNP_6_A03_771604	16	68458607	68709028	90	-0.3089
DUNGS_p_TCGA_b84_115_SNP_N_GenomeWideSNP_6_A03_771604	16	68709061	68803834	20	0.3862
DUNGS_p_TCGA_b84_115_SNP_N_GenomeWideSNP_6_A03_771604	16	68803840	69399598	264	-0.3345
DUNGS_p_TCGA_b84_115_SNP_N_GenomeWideSNP_6_A03_771604	16	69403572	69532110	88	0.324
DUNGS_p_TCGA_b84_115_SNP_N_GenomeWideSNP_6_A03_771604	16	69533862	69535863	3	-0.7236
DUNGS_p_TCGA_b84_115_SNP_N_GenomeWideSNP_6_A03_771604	16	69537218	69759990	132	0.2553
DUNGS_p_TCGA_b84_115_SNP_N_GenomeWideSNP_6_A03_771604	16	69760298	72941759	2020	-0.3641
DUNGS_p_TCGA_b84_115_SNP_N_GenomeWideSNP_6_A03_771604	16	72954559	73014102	9	0.5737
DUNGS_p_TCGA_b84_115_SNP_N_GenomeWideSNP_6_A03_771604	16	73022897	76929941	3214	-0.3839
DUNGS_p_TCGA_b84_115_SNP_N_GenomeWideSNP_6_A03_771604	16	76930112	76930838	3	0.4157
DUNGS_p_TCGA_b84_115_SNP_N_GenomeWideSNP_6_A03_771604	16	76931265	76934759	7	-0.0877
DUNGS_p_TCGA_b84_115_SNP_N_GenomeWideSNP_6_A03_771604	16	76935029	76942266	6	0.1838
DUNGS_p_TCGA_b84_115_SNP_N_GenomeWideSNP_6_A03_771604	16	76942502	77038395	127	-0.3922
DUNGS_p_TCGA_b84_115_SNP_N_GenomeWideSNP_6_A03_771604	16	77041675	77125931	161	-3.4123
DUNGS_p_TCGA_b84_115_SNP_N_GenomeWideSNP_6_A03_771604	16	77126571	88815036	10362	-0.3924
DUNGS_p_TCGA_b84_115_SNP_N_GenomeWideSNP_6_A03_771604	17	526	15363157	10011	-0.3735
DUNGS_p_TCGA_b84_115_SNP_N_GenomeWideSNP_6_A03_771604	17	15364831	15467881	29	-0.0211
DUNGS_p_TCGA_b84_115_SNP_N_GenomeWideSNP_6_A03_771604	17	15483886	21825882	2848	-0.3615
DUNGS_p_TCGA_b84_115_SNP_N_GenomeWideSNP_6_A03_771604	17	21833965	36675234	8101	0.0015
DUNGS_p_TCGA_b84_115_SNP_N_GenomeWideSNP_6_A03_771604	17	36676540	36684057	24	0.6063
DUNGS_p_TCGA_b84_115_SNP_N_GenomeWideSNP_6_A03_771604	17	36686250	41581633	2563	0.0202
DUNGS_p_TCGA_b84_115_SNP_N_GenomeWideSNP_6_A03_771604	17	41587103	41667752	62	-0.5771
DUNGS_p_TCGA_b84_115_SNP_N_GenomeWideSNP_6_A03_771604	17	41681331	78643088	21698	0.0285
DUNGS_p_TCGA_b84_115_SNP_N_GenomeWideSNP_6_A03_771604	18	1543	28047706	17420	0.2494
DUNGS_p_TCGA_b84_115_SNP_N_GenomeWideSNP_6_A03_771604	18	28050030	28050404	2	1.0151
DUNGS_p_TCGA_b84_115_SNP_N_GenomeWideSNP_6_A03_771604	18	28051919	28857269	563	0.2465
DUNGS_p_TCGA_b84_115_SNP_N_GenomeWideSNP_6_A03_771604	18	28860087	29303234	274	-0.0965
DUNGS_p_TCGA_b84_115_SNP_N_GenomeWideSNP_6_A03_771604	18	29308373	29552921	144	0.2563
DUNGS_p_TCGA_b84_115_SNP_N_GenomeWideSNP_6_A03_771604	18	29553197	36514488	4468	-0.0883
DUNGS_p_TCGA_b84_115_SNP_N_GenomeWideSNP_6_A03_771604	18	36514604	36523810	16	-0.5138
DUNGS_p_TCGA_b84_115_SNP_N_GenomeWideSNP_6_A03_771604	18	36524070	38310683	1219	-0.0879
DUNGS_p_TCGA_b84_115_SNP_N_GenomeWideSNP_6_A03_771604	18	38310881	38311294	13	0.3777
DUNGS_p_TCGA_b84_115_SNP_N_GenomeWideSNP_6_A03_771604	18	38311385	46819530	5793	-0.0747
DUNGS_p_TCGA_b84_115_SNP_N_GenomeWideSNP_6_A03_771604	18	46819615	46820024	6	0.5187
DUNGS_p_TCGA_b84_115_SNP_N_GenomeWideSNP_6_A03_771604	18	46820307	49458133	1889	-0.1052
DUNGS_p_TCGA_b84_115_SNP_N_GenomeWideSNP_6_A03_771604	18	49461207	49464638	5	-1.5515
DUNGS_p_TCGA_b84_115_SNP_N_GenomeWideSNP_6_A03_771604	18	49466146	76116029	19057	-0.0919
DUNGS_p_TCGA_b84_115_SNP_N_GenomeWideSNP_6_A03_771604	19	41910	55506	2	0.3729
DUNGS_p_TCGA_b84_115_SNP_N_GenomeWideSNP_6_A03_771604	19	65299	23394911	10703	-0.2493
DUNGS_p_TCGA_b84_115_SNP_N_GenomeWideSNP_6_A03_771604	19	23395005	47380849	9647	0.0879
DUNGS_p_TCGA_b84_115_SNP_N_GenomeWideSNP_6_A03_771604	19	47387855	47388538	2	-2.3511
DUNGS_p_TCGA_b84_115_SNP_N_GenomeWideSNP_6_A03_771604	19	47392368	58361698	5686	0.0385
DUNGS_p_TCGA_b84_115_SNP_N_GenomeWideSNP_6_A03_771604	19	58363849	58364099	2	-2.3339
DUNGS_p_TCGA_b84_115_SNP_N_GenomeWideSNP_6_A03_771604	19	58366450	60200517	1118	-0.004
DUNGS_p_TCGA_b84_115_SNP_N_GenomeWideSNP_6_A03_771604	19	60201119	60201677	3	-0.9541
DUNGS_p_TCGA_b84_115_SNP_N_GenomeWideSNP_6_A03_771604	19	60203823	60974181	361	-0.032
DUNGS_p_TCGA_b84_115_SNP_N_GenomeWideSNP_6_A03_771604	19	60974347	60974879	3	-2.0259
DUNGS_p_TCGA_b84_115_SNP_N_GenomeWideSNP_6_A03_771604	19	60978105	63632326	1796	-0.0427
DUNGS_p_TCGA_b84_115_SNP_N_GenomeWideSNP_6_A03_771604	19	63635220	63636187	2	-2.8496
DUNGS_p_TCGA_b84_115_SNP_N_GenomeWideSNP_6_A03_771604	19	63637868	63789666	52	0.0032
DUNGS_p_TCGA_b84_115_SNP_N_GenomeWideSNP_6_A03_771604	20	9305	838003	651	0.1567
DUNGS_p_TCGA_b84_115_SNP_N_GenomeWideSNP_6_A03_771604	20	838278	1099285	213	-0.3565
DUNGS_p_TCGA_b84_115_SNP_N_GenomeWideSNP_6_A03_771604	20	1099491	1236778	78	0.2634
DUNGS_p_TCGA_b84_115_SNP_N_GenomeWideSNP_6_A03_771604	20	1243538	1828125	554	-0.0977
DUNGS_p_TCGA_b84_115_SNP_N_GenomeWideSNP_6_A03_771604	20	1832725	1942350	94	0.2097
DUNGS_p_TCGA_b84_115_SNP_N_GenomeWideSNP_6_A03_771604	20	1944770	1947855	4	-0.625
DUNGS_p_TCGA_b84_115_SNP_N_GenomeWideSNP_6_A03_771604	20	1947922	2479979	480	0.2297
DUNGS_p_TCGA_b84_115_SNP_N_GenomeWideSNP_6_A03_771604	20	2486422	9605483	5343	-0.3578
DUNGS_p_TCGA_b84_115_SNP_N_GenomeWideSNP_6_A03_771604	20	9605563	9608359	3	-1.4184
DUNGS_p_TCGA_b84_115_SNP_N_GenomeWideSNP_6_A03_771604	20	9609272	11517248	1539	-0.3891
DUNGS_p_TCGA_b84_115_SNP_N_GenomeWideSNP_6_A03_771604	20	11521224	11521836	3	-1.5752
DUNGS_p_TCGA_b84_115_SNP_N_GenomeWideSNP_6_A03_771604	20	11529955	12453923	659	-0.3745
DUNGS_p_TCGA_b84_115_SNP_N_GenomeWideSNP_6_A03_771604	20	12453962	12454644	2	-1.5818
DUNGS_p_TCGA_b84_115_SNP_N_GenomeWideSNP_6_A03_771604	20	12456046	15071360	1903	-0.3581
DUNGS_p_TCGA_b84_115_SNP_N_GenomeWideSNP_6_A03_771604	20	15073338	15073972	2	-2.9358
DUNGS_p_TCGA_b84_115_SNP_N_GenomeWideSNP_6_A03_771604	20	15078413	22641565	6120	-0.3541
DUNGS_p_TCGA_b84_115_SNP_N_GenomeWideSNP_6_A03_771604	20	22643750	23060694	375	0.0506
DUNGS_p_TCGA_b84_115_SNP_N_GenomeWideSNP_6_A03_771604	20	23064090	24464379	1124	-0.3615
DUNGS_p_TCGA_b84_115_SNP_N_GenomeWideSNP_6_A03_771604	20	24465737	28078753	939	0.0648
DUNGS_p_TCGA_b84_115_SNP_N_GenomeWideSNP_6_A03_771604	20	28081553	28119491	10	0.4879
DUNGS_p_TCGA_b84_115_SNP_N_GenomeWideSNP_6_A03_771604	20	28119554	37124276	4154	0.106
DUNGS_p_TCGA_b84_115_SNP_N_GenomeWideSNP_6_A03_771604	20	37129059	37129823	2	-1.9921
DUNGS_p_TCGA_b84_115_SNP_N_GenomeWideSNP_6_A03_771604	20	37129934	43850067	4867	0.0861
DUNGS_p_TCGA_b84_115_SNP_N_GenomeWideSNP_6_A03_771604	20	43853027	45509803	1198	0.3788
DUNGS_p_TCGA_b84_115_SNP_N_GenomeWideSNP_6_A03_771604	20	45510188	45586450	51	0.6528
DUNGS_p_TCGA_b84_115_SNP_N_GenomeWideSNP_6_A03_771604	20	45586555	52085767	4667	0.3495
DUNGS_p_TCGA_b84_115_SNP_N_GenomeWideSNP_6_A03_771604	20	52085885	52095981	31	0.6102
DUNGS_p_TCGA_b84_115_SNP_N_GenomeWideSNP_6_A03_771604	20	52099050	56103385	3318	0.2846
DUNGS_p_TCGA_b84_115_SNP_N_GenomeWideSNP_6_A03_771604	20	56103980	56104013	2	1.5637
DUNGS_p_TCGA_b84_115_SNP_N_GenomeWideSNP_6_A03_771604	20	56104235	62426597	4145	0.3036
DUNGS_p_TCGA_b84_115_SNP_N_GenomeWideSNP_6_A03_771604	21	9758742	10113354	96	0.2201
DUNGS_p_TCGA_b84_115_SNP_N_GenomeWideSNP_6_A03_771604	21	10113553	13877148	238	0.5601
DUNGS_p_TCGA_b84_115_SNP_N_GenomeWideSNP_6_A03_771604	21	13877508	13928301	13	0.9337
DUNGS_p_TCGA_b84_115_SNP_N_GenomeWideSNP_6_A03_771604	21	13928342	34644865	14999	0.4932
DUNGS_p_TCGA_b84_115_SNP_N_GenomeWideSNP_6_A03_771604	21	34646609	34647599	3	-0.398
DUNGS_p_TCGA_b84_115_SNP_N_GenomeWideSNP_6_A03_771604	21	34647953	39103636	3425	0.5185
DUNGS_p_TCGA_b84_115_SNP_N_GenomeWideSNP_6_A03_771604	21	39104047	39112406	7	-0.0276
DUNGS_p_TCGA_b84_115_SNP_N_GenomeWideSNP_6_A03_771604	21	39112476	41246298	1888	0.5153
DUNGS_p_TCGA_b84_115_SNP_N_GenomeWideSNP_6_A03_771604	21	41248449	41253078	3	-0.6931
DUNGS_p_TCGA_b84_115_SNP_N_GenomeWideSNP_6_A03_771604	21	41255778	43792481	1993	0.5134
DUNGS_p_TCGA_b84_115_SNP_N_GenomeWideSNP_6_A03_771604	21	43795301	43797240	2	-2.7749
DUNGS_p_TCGA_b84_115_SNP_N_GenomeWideSNP_6_A03_771604	21	43798095	46921385	1767	0.5267
DUNGS_p_TCGA_b84_115_SNP_N_GenomeWideSNP_6_A03_771604	22	14432528	14619487	30	0.5897
DUNGS_p_TCGA_b84_115_SNP_N_GenomeWideSNP_6_A03_771604	22	14619968	14745495	15	0.0651
DUNGS_p_TCGA_b84_115_SNP_N_GenomeWideSNP_6_A03_771604	22	14754972	14779151	9	0.7221
DUNGS_p_TCGA_b84_115_SNP_N_GenomeWideSNP_6_A03_771604	22	14782835	22613016	4539	0.1315
DUNGS_p_TCGA_b84_115_SNP_N_GenomeWideSNP_6_A03_771604	22	22613098	22660218	25	-0.182
DUNGS_p_TCGA_b84_115_SNP_N_GenomeWideSNP_6_A03_771604	22	22660269	22661967	2	-3.2133
DUNGS_p_TCGA_b84_115_SNP_N_GenomeWideSNP_6_A03_771604	22	22662625	22667307	3	-0.3894
DUNGS_p_TCGA_b84_115_SNP_N_GenomeWideSNP_6_A03_771604	22	22667949	22726814	21	1.0555
DUNGS_p_TCGA_b84_115_SNP_N_GenomeWideSNP_6_A03_771604	22	22731529	23411338	354	0.1693
DUNGS_p_TCGA_b84_115_SNP_N_GenomeWideSNP_6_A03_771604	22	23412115	23412515	2	-1.9671
DUNGS_p_TCGA_b84_115_SNP_N_GenomeWideSNP_6_A03_771604	22	23412534	24140971	628	0.1869
DUNGS_p_TCGA_b84_115_SNP_N_GenomeWideSNP_6_A03_771604	22	24156486	24236930	95	-0.3672
DUNGS_p_TCGA_b84_115_SNP_N_GenomeWideSNP_6_A03_771604	22	24236950	24244085	32	-0.0983
DUNGS_p_TCGA_b84_115_SNP_N_GenomeWideSNP_6_A03_771604	22	24244331	39123206	10491	-0.379
DUNGS_p_TCGA_b84_115_SNP_N_GenomeWideSNP_6_A03_771604	22	39124536	39124766	2	-2.3139
DUNGS_p_TCGA_b84_115_SNP_N_GenomeWideSNP_6_A03_771604	22	39127618	43512004	2857	-0.4024
DUNGS_p_TCGA_b84_115_SNP_N_GenomeWideSNP_6_A03_771604	22	43514470	43515299	3	-2.368
DUNGS_p_TCGA_b84_115_SNP_N_GenomeWideSNP_6_A03_771604	22	43515570	47599126	3214	-0.5587
DUNGS_p_TCGA_b84_115_SNP_N_GenomeWideSNP_6_A03_771604	22	47600038	47601109	2	-2.0147
DUNGS_p_TCGA_b84_115_SNP_N_GenomeWideSNP_6_A03_771604	22	47601896	49535372	1249	-0.5751
DUNGS_p_TCGA_b84_115_SNP_N_GenomeWideSNP_6_A03_771604	22	49547398	49581321	10	-0.0653
DUNGS_p_TCGA_b84_115_SNP_N_GenomeWideSNP_6_A03_771604	X	108477	2947748	254	-0.313
DUNGS_p_TCGA_b84_115_SNP_N_GenomeWideSNP_6_A03_771604	X	2951966	2952034	2	-3.5861
DUNGS_p_TCGA_b84_115_SNP_N_GenomeWideSNP_6_A03_771604	X	2952811	4243600	890	-0.1988
DUNGS_p_TCGA_b84_115_SNP_N_GenomeWideSNP_6_A03_771604	X	4245020	4245612	2	-2.847
DUNGS_p_TCGA_b84_115_SNP_N_GenomeWideSNP_6_A03_771604	X	4245977	4382239	142	-0.1708
DUNGS_p_TCGA_b84_115_SNP_N_GenomeWideSNP_6_A03_771604	X	4384776	4384847	2	-4.4426
DUNGS_p_TCGA_b84_115_SNP_N_GenomeWideSNP_6_A03_771604	X	4386348	5778921	1146	-0.2409
DUNGS_p_TCGA_b84_115_SNP_N_GenomeWideSNP_6_A03_771604	X	5778957	5795503	28	0.2901
DUNGS_p_TCGA_b84_115_SNP_N_GenomeWideSNP_6_A03_771604	X	5798335	6001222	197	-0.2501
DUNGS_p_TCGA_b84_115_SNP_N_GenomeWideSNP_6_A03_771604	X	6002822	6002923	3	-2.6917
DUNGS_p_TCGA_b84_115_SNP_N_GenomeWideSNP_6_A03_771604	X	6004597	9301010	2462	-0.2011
DUNGS_p_TCGA_b84_115_SNP_N_GenomeWideSNP_6_A03_771604	X	9301184	9301329	2	-3.2748
DUNGS_p_TCGA_b84_115_SNP_N_GenomeWideSNP_6_A03_771604	X	9301597	10334159	841	-0.1597
DUNGS_p_TCGA_b84_115_SNP_N_GenomeWideSNP_6_A03_771604	X	10335502	10335537	2	-2.3079
DUNGS_p_TCGA_b84_115_SNP_N_GenomeWideSNP_6_A03_771604	X	10335696	23239172	8257	-0.1798
DUNGS_p_TCGA_b84_115_SNP_N_GenomeWideSNP_6_A03_771604	X	23243408	23465186	152	0.5449
DUNGS_p_TCGA_b84_115_SNP_N_GenomeWideSNP_6_A03_771604	X	23468166	24132176	419	-0.1406
DUNGS_p_TCGA_b84_115_SNP_N_GenomeWideSNP_6_A03_771604	X	24132729	24133032	2	-4.2125
DUNGS_p_TCGA_b84_115_SNP_N_GenomeWideSNP_6_A03_771604	X	24133405	29802223	3591	-0.2128
DUNGS_p_TCGA_b84_115_SNP_N_GenomeWideSNP_6_A03_771604	X	29803038	29808052	3	-2.7564
DUNGS_p_TCGA_b84_115_SNP_N_GenomeWideSNP_6_A03_771604	X	29809376	32338734	1747	-0.2333
DUNGS_p_TCGA_b84_115_SNP_N_GenomeWideSNP_6_A03_771604	X	32340347	32340661	2	-4.1324
DUNGS_p_TCGA_b84_115_SNP_N_GenomeWideSNP_6_A03_771604	X	32340688	34001600	1244	-0.1815
DUNGS_p_TCGA_b84_115_SNP_N_GenomeWideSNP_6_A03_771604	X	34003869	34050195	47	0.1835
DUNGS_p_TCGA_b84_115_SNP_N_GenomeWideSNP_6_A03_771604	X	34054066	37196548	1812	-0.1923
DUNGS_p_TCGA_b84_115_SNP_N_GenomeWideSNP_6_A03_771604	X	37198392	37210521	11	-0.6056
DUNGS_p_TCGA_b84_115_SNP_N_GenomeWideSNP_6_A03_771604	X	37210634	37213539	3	-1.9311
DUNGS_p_TCGA_b84_115_SNP_N_GenomeWideSNP_6_A03_771604	X	37213723	39175200	1354	-0.2012
DUNGS_p_TCGA_b84_115_SNP_N_GenomeWideSNP_6_A03_771604	X	39175568	39176656	2	-3.5251
DUNGS_p_TCGA_b84_115_SNP_N_GenomeWideSNP_6_A03_771604	X	39177050	40450201	696	-0.171
DUNGS_p_TCGA_b84_115_SNP_N_GenomeWideSNP_6_A03_771604	X	40450393	40450788	2	-3.6994
DUNGS_p_TCGA_b84_115_SNP_N_GenomeWideSNP_6_A03_771604	X	40456357	44075663	1950	-0.1419
DUNGS_p_TCGA_b84_115_SNP_N_GenomeWideSNP_6_A03_771604	X	44076276	44076484	3	-1.788
DUNGS_p_TCGA_b84_115_SNP_N_GenomeWideSNP_6_A03_771604	X	44076836	47826438	1952	-0.1296
DUNGS_p_TCGA_b84_115_SNP_N_GenomeWideSNP_6_A03_771604	X	47826685	47829965	6	-1.0409
DUNGS_p_TCGA_b84_115_SNP_N_GenomeWideSNP_6_A03_771604	X	47829972	58358058	4417	-0.1126
DUNGS_p_TCGA_b84_115_SNP_N_GenomeWideSNP_6_A03_771604	X	58365175	61814578	53	0.2068
DUNGS_p_TCGA_b84_115_SNP_N_GenomeWideSNP_6_A03_771604	X	61835755	76266264	6470	-0.121
DUNGS_p_TCGA_b84_115_SNP_N_GenomeWideSNP_6_A03_771604	X	76270041	76295047	3	1.9958
DUNGS_p_TCGA_b84_115_SNP_N_GenomeWideSNP_6_A03_771604	X	76295049	76440325	15	0.366
DUNGS_p_TCGA_b84_115_SNP_N_GenomeWideSNP_6_A03_771604	X	76461534	82801347	3096	-0.1592
DUNGS_p_TCGA_b84_115_SNP_N_GenomeWideSNP_6_A03_771604	X	82802212	82802458	3	-2.922
DUNGS_p_TCGA_b84_115_SNP_N_GenomeWideSNP_6_A03_771604	X	82808415	89027659	3777	-0.1938
DUNGS_p_TCGA_b84_115_SNP_N_GenomeWideSNP_6_A03_771604	X	89030236	89042895	2	-2.426
DUNGS_p_TCGA_b84_115_SNP_N_GenomeWideSNP_6_A03_771604	X	89048097	92367385	1407	-0.229
DUNGS_p_TCGA_b84_115_SNP_N_GenomeWideSNP_6_A03_771604	X	92367498	92367658	3	-2.103
DUNGS_p_TCGA_b84_115_SNP_N_GenomeWideSNP_6_A03_771604	X	92370394	92489670	70	-0.1087
DUNGS_p_TCGA_b84_115_SNP_N_GenomeWideSNP_6_A03_771604	X	92490187	92491051	2	-2.2514
DUNGS_p_TCGA_b84_115_SNP_N_GenomeWideSNP_6_A03_771604	X	92491380	110183856	9622	-0.1773
DUNGS_p_TCGA_b84_115_SNP_N_GenomeWideSNP_6_A03_771604	X	110183929	110187315	4	-2.1869
DUNGS_p_TCGA_b84_115_SNP_N_GenomeWideSNP_6_A03_771604	X	110187683	112689896	1434	-0.2064
DUNGS_p_TCGA_b84_115_SNP_N_GenomeWideSNP_6_A03_771604	X	112695607	118848488	3657	0.5334
DUNGS_p_TCGA_b84_115_SNP_N_GenomeWideSNP_6_A03_771604	X	118848764	118848882	2	-0.9871
DUNGS_p_TCGA_b84_115_SNP_N_GenomeWideSNP_6_A03_771604	X	118849881	134676593	8934	0.5297
DUNGS_p_TCGA_b84_115_SNP_N_GenomeWideSNP_6_A03_771604	X	134682595	134721274	12	1.1746
DUNGS_p_TCGA_b84_115_SNP_N_GenomeWideSNP_6_A03_771604	X	134724091	144499360	6271	0.5022
DUNGS_p_TCGA_b84_115_SNP_N_GenomeWideSNP_6_A03_771604	X	144499636	144500615	4	1.5975
DUNGS_p_TCGA_b84_115_SNP_N_GenomeWideSNP_6_A03_771604	X	144500995	154582692	6171	0.5318
DUNGS_p_TCGA_b84_115_SNP_N_GenomeWideSNP_6_A03_771604	X	154617249	154835548	18	-0.0062
DUNGS_p_TCGA_b84_115_SNP_N_GenomeWideSNP_6_A03_771604	Y	2710438	3638681	268	-1.9873
DUNGS_p_TCGA_b84_115_SNP_N_GenomeWideSNP_6_A03_771604	Y	3646569	3651798	4	-3.4333
DUNGS_p_TCGA_b84_115_SNP_N_GenomeWideSNP_6_A03_771604	Y	3652302	6212058	591	-1.927
DUNGS_p_TCGA_b84_115_SNP_N_GenomeWideSNP_6_A03_771604	Y	6212236	6245289	18	-2.9883
DUNGS_p_TCGA_b84_115_SNP_N_GenomeWideSNP_6_A03_771604	Y	6250150	17430242	4420	-2.0843
DUNGS_p_TCGA_b84_115_SNP_N_GenomeWideSNP_6_A03_771604	Y	17430438	17572959	79	-1.8586
DUNGS_p_TCGA_b84_115_SNP_N_GenomeWideSNP_6_A03_771604	Y	17577516	17586788	3	-3.525
DUNGS_p_TCGA_b84_115_SNP_N_GenomeWideSNP_6_A03_771604	Y	17587016	17674648	34	-2.0244
DUNGS_p_TCGA_b84_115_SNP_N_GenomeWideSNP_6_A03_771604	Y	17676255	17688729	6	-3.147
DUNGS_p_TCGA_b84_115_SNP_N_GenomeWideSNP_6_A03_771604	Y	17688857	17688934	2	-6.4271
DUNGS_p_TCGA_b84_115_SNP_N_GenomeWideSNP_6_A03_771604	Y	17691665	19349720	801	-2.2305
DUNGS_p_TCGA_b84_115_SNP_N_GenomeWideSNP_6_A03_771604	Y	19350903	19378844	10	-3.3387
DUNGS_p_TCGA_b84_115_SNP_N_GenomeWideSNP_6_A03_771604	Y	19384308	19484001	56	-2.4705
DUNGS_p_TCGA_b84_115_SNP_N_GenomeWideSNP_6_A03_771604	Y	19484450	21351080	680	-2.0487
DUNGS_p_TCGA_b84_115_SNP_N_GenomeWideSNP_6_A03_771604	Y	21351569	21356213	6	-3.3806
DUNGS_p_TCGA_b84_115_SNP_N_GenomeWideSNP_6_A03_771604	Y	21356423	22126072	328	-2.0513
DUNGS_p_TCGA_b84_115_SNP_N_GenomeWideSNP_6_A03_771604	Y	22126302	22141842	6	-3.3579
DUNGS_p_TCGA_b84_115_SNP_N_GenomeWideSNP_6_A03_771604	Y	22145807	22426993	116	-2.0708
DUNGS_p_TCGA_b84_115_SNP_N_GenomeWideSNP_6_A03_771604	Y	22427755	24840062	515	-2.2986
DUNGS_p_TCGA_b84_115_SNP_N_GenomeWideSNP_6_A03_771604	Y	24840296	24878447	17	-1.4215
DUNGS_p_TCGA_b84_115_SNP_N_GenomeWideSNP_6_A03_771604	Y	24883344	25725360	103	-2.4562
DUNGS_p_TCGA_b84_115_SNP_N_GenomeWideSNP_6_A03_771604	Y	25776875	25875466	15	-1.6021
DUNGS_p_TCGA_b84_115_SNP_N_GenomeWideSNP_6_A03_771604	Y	25876569	25889748	3	-3.0128
DUNGS_p_TCGA_b84_115_SNP_N_GenomeWideSNP_6_A03_771604	Y	25890812	25938472	17	-1.5017
DUNGS_p_TCGA_b84_115_SNP_N_GenomeWideSNP_6_A03_771604	Y	25944418	26462124	196	-2.3614
DUNGS_p_TCGA_b84_115_SNP_N_GenomeWideSNP_6_A03_771604	Y	26463416	26522080	28	-1.822
DUNGS_p_TCGA_b84_115_SNP_N_GenomeWideSNP_6_A03_771604	Y	26522795	26731407	42	-2.7363
DUNGS_p_TCGA_b84_115_SNP_N_GenomeWideSNP_6_A03_771604	Y	26731471	26833326	43	-2.218
DUNGS_p_TCGA_b84_115_SNP_N_GenomeWideSNP_6_A03_771604	Y	26847504	57427647	183	-1.8374
