Sample	Chromosome	Start	End	Num_Probes	Segment_Mean
DUNGS_p_TCGA_b84_115_SNP_N_GenomeWideSNP_6_D09_771502	1	61735	836713	71	-0.2345
DUNGS_p_TCGA_b84_115_SNP_N_GenomeWideSNP_6_D09_771502	1	836746	1948400	284	0.1734
DUNGS_p_TCGA_b84_115_SNP_N_GenomeWideSNP_6_D09_771502	1	1948458	2059649	25	-0.2688
DUNGS_p_TCGA_b84_115_SNP_N_GenomeWideSNP_6_D09_771502	1	2061969	2074104	4	1.6734
DUNGS_p_TCGA_b84_115_SNP_N_GenomeWideSNP_6_D09_771502	1	2075068	16816090	8341	0.1017
DUNGS_p_TCGA_b84_115_SNP_N_GenomeWideSNP_6_D09_771502	1	16819633	16963313	36	-0.8392
DUNGS_p_TCGA_b84_115_SNP_N_GenomeWideSNP_6_D09_771502	1	16963545	17017078	37	0.0538
DUNGS_p_TCGA_b84_115_SNP_N_GenomeWideSNP_6_D09_771502	1	17017530	17224970	53	-0.5273
DUNGS_p_TCGA_b84_115_SNP_N_GenomeWideSNP_6_D09_771502	1	17225225	17235684	5	1.2119
DUNGS_p_TCGA_b84_115_SNP_N_GenomeWideSNP_6_D09_771502	1	17235698	17261797	42	-0.276
DUNGS_p_TCGA_b84_115_SNP_N_GenomeWideSNP_6_D09_771502	1	17261888	22320515	3355	0.1155
DUNGS_p_TCGA_b84_115_SNP_N_GenomeWideSNP_6_D09_771502	1	22323157	22324705	2	-1.4412
DUNGS_p_TCGA_b84_115_SNP_N_GenomeWideSNP_6_D09_771502	1	22328279	22622957	208	0.0807
DUNGS_p_TCGA_b84_115_SNP_N_GenomeWideSNP_6_D09_771502	1	22623366	22624511	3	-1.3806
DUNGS_p_TCGA_b84_115_SNP_N_GenomeWideSNP_6_D09_771502	1	22625246	54434610	17403	0.1166
DUNGS_p_TCGA_b84_115_SNP_N_GenomeWideSNP_6_D09_771502	1	54435043	54438103	2	-1.7257
DUNGS_p_TCGA_b84_115_SNP_N_GenomeWideSNP_6_D09_771502	1	54440228	62439280	6068	0.1222
DUNGS_p_TCGA_b84_115_SNP_N_GenomeWideSNP_6_D09_771502	1	62439298	62439315	2	1.648
DUNGS_p_TCGA_b84_115_SNP_N_GenomeWideSNP_6_D09_771502	1	62439343	62442430	15	0.0772
DUNGS_p_TCGA_b84_115_SNP_N_GenomeWideSNP_6_D09_771502	1	62442448	62442475	4	1.3826
DUNGS_p_TCGA_b84_115_SNP_N_GenomeWideSNP_6_D09_771502	1	62442491	70746300	5794	0.1246
DUNGS_p_TCGA_b84_115_SNP_N_GenomeWideSNP_6_D09_771502	1	70746824	70796694	19	0.73
DUNGS_p_TCGA_b84_115_SNP_N_GenomeWideSNP_6_D09_771502	1	70798596	72768916	1310	0.1091
DUNGS_p_TCGA_b84_115_SNP_N_GenomeWideSNP_6_D09_771502	1	72768936	72779080	9	-2.1814
DUNGS_p_TCGA_b84_115_SNP_N_GenomeWideSNP_6_D09_771502	1	72779091	72811133	35	-0.7549
DUNGS_p_TCGA_b84_115_SNP_N_GenomeWideSNP_6_D09_771502	1	72811148	80207884	4653	0.1304
DUNGS_p_TCGA_b84_115_SNP_N_GenomeWideSNP_6_D09_771502	1	80210710	80220788	7	0.9804
DUNGS_p_TCGA_b84_115_SNP_N_GenomeWideSNP_6_D09_771502	1	80220979	83829022	2451	0.1467
DUNGS_p_TCGA_b84_115_SNP_N_GenomeWideSNP_6_D09_771502	1	83829357	83829980	4	-0.9884
DUNGS_p_TCGA_b84_115_SNP_N_GenomeWideSNP_6_D09_771502	1	83833922	89475255	3877	0.1322
DUNGS_p_TCGA_b84_115_SNP_N_GenomeWideSNP_6_D09_771502	1	89477958	89478205	2	-2.3167
DUNGS_p_TCGA_b84_115_SNP_N_GenomeWideSNP_6_D09_771502	1	89481524	89903475	248	0.1173
DUNGS_p_TCGA_b84_115_SNP_N_GenomeWideSNP_6_D09_771502	1	89904545	89911433	2	-1.5303
DUNGS_p_TCGA_b84_115_SNP_N_GenomeWideSNP_6_D09_771502	1	89914724	92177938	1507	0.1358
DUNGS_p_TCGA_b84_115_SNP_N_GenomeWideSNP_6_D09_771502	1	92179448	92187893	6	1.0939
DUNGS_p_TCGA_b84_115_SNP_N_GenomeWideSNP_6_D09_771502	1	92188234	94570218	1301	0.131
DUNGS_p_TCGA_b84_115_SNP_N_GenomeWideSNP_6_D09_771502	1	94572270	94573046	2	1.4322
DUNGS_p_TCGA_b84_115_SNP_N_GenomeWideSNP_6_D09_771502	1	94573519	96155176	1199	0.1283
DUNGS_p_TCGA_b84_115_SNP_N_GenomeWideSNP_6_D09_771502	1	96155716	96156066	2	1.5435
DUNGS_p_TCGA_b84_115_SNP_N_GenomeWideSNP_6_D09_771502	1	96156216	104158309	4844	0.132
DUNGS_p_TCGA_b84_115_SNP_N_GenomeWideSNP_6_D09_771502	1	104159347	104307258	34	-0.6624
DUNGS_p_TCGA_b84_115_SNP_N_GenomeWideSNP_6_D09_771502	1	104307696	144016011	10808	0.1254
DUNGS_p_TCGA_b84_115_SNP_N_GenomeWideSNP_6_D09_771502	1	144024538	144873327	50	-0.3726
DUNGS_p_TCGA_b84_115_SNP_N_GenomeWideSNP_6_D09_771502	1	144876673	148575561	1090	0.1339
DUNGS_p_TCGA_b84_115_SNP_N_GenomeWideSNP_6_D09_771502	1	148585337	149024808	41	-0.302
DUNGS_p_TCGA_b84_115_SNP_N_GenomeWideSNP_6_D09_771502	1	149036524	149290775	139	-1.719
DUNGS_p_TCGA_b84_115_SNP_N_GenomeWideSNP_6_D09_771502	1	149291599	149347527	10	-0.3225
DUNGS_p_TCGA_b84_115_SNP_N_GenomeWideSNP_6_D09_771502	1	149356425	149429206	14	-1.0091
DUNGS_p_TCGA_b84_115_SNP_N_GenomeWideSNP_6_D09_771502	1	149436842	149876147	96	-0.1746
DUNGS_p_TCGA_b84_115_SNP_N_GenomeWideSNP_6_D09_771502	1	149877903	152551464	1396	0.151
DUNGS_p_TCGA_b84_115_SNP_N_GenomeWideSNP_6_D09_771502	1	152551643	152555706	9	-0.274
DUNGS_p_TCGA_b84_115_SNP_N_GenomeWideSNP_6_D09_771502	1	152555767	152586278	31	-1.3139
DUNGS_p_TCGA_b84_115_SNP_N_GenomeWideSNP_6_D09_771502	1	152586540	152641174	72	0.0872
DUNGS_p_TCGA_b84_115_SNP_N_GenomeWideSNP_6_D09_771502	1	152641701	152656602	13	0.5694
DUNGS_p_TCGA_b84_115_SNP_N_GenomeWideSNP_6_D09_771502	1	152660074	152761923	90	0.0949
DUNGS_p_TCGA_b84_115_SNP_N_GenomeWideSNP_6_D09_771502	1	152761939	152768700	36	0.8339
DUNGS_p_TCGA_b84_115_SNP_N_GenomeWideSNP_6_D09_771502	1	152773905	153325685	448	0.1115
DUNGS_p_TCGA_b84_115_SNP_N_GenomeWideSNP_6_D09_771502	1	153328335	153328884	2	1.6787
DUNGS_p_TCGA_b84_115_SNP_N_GenomeWideSNP_6_D09_771502	1	153332686	157153876	1833	0.1509
DUNGS_p_TCGA_b84_115_SNP_N_GenomeWideSNP_6_D09_771502	1	157154736	157155600	2	-1.1864
DUNGS_p_TCGA_b84_115_SNP_N_GenomeWideSNP_6_D09_771502	1	157158255	158489633	974	0.1231
DUNGS_p_TCGA_b84_115_SNP_N_GenomeWideSNP_6_D09_771502	1	158489647	158489777	4	1.3257
DUNGS_p_TCGA_b84_115_SNP_N_GenomeWideSNP_6_D09_771502	1	158494693	158959575	426	0.1492
DUNGS_p_TCGA_b84_115_SNP_N_GenomeWideSNP_6_D09_771502	1	158962039	158962796	2	-1.6386
DUNGS_p_TCGA_b84_115_SNP_N_GenomeWideSNP_6_D09_771502	1	158966864	169216937	7661	0.1306
DUNGS_p_TCGA_b84_115_SNP_N_GenomeWideSNP_6_D09_771502	1	169233974	169241766	7	-1.7033
DUNGS_p_TCGA_b84_115_SNP_N_GenomeWideSNP_6_D09_771502	1	169242401	175661041	4190	0.1454
DUNGS_p_TCGA_b84_115_SNP_N_GenomeWideSNP_6_D09_771502	1	175661706	175667116	5	-1.0559
DUNGS_p_TCGA_b84_115_SNP_N_GenomeWideSNP_6_D09_771502	1	175667199	189028989	8855	0.1417
DUNGS_p_TCGA_b84_115_SNP_N_GenomeWideSNP_6_D09_771502	1	189030019	189030328	2	1.9441
DUNGS_p_TCGA_b84_115_SNP_N_GenomeWideSNP_6_D09_771502	1	189030344	189445426	272	0.1689
DUNGS_p_TCGA_b84_115_SNP_N_GenomeWideSNP_6_D09_771502	1	189446513	189453544	7	1.0198
DUNGS_p_TCGA_b84_115_SNP_N_GenomeWideSNP_6_D09_771502	1	189459019	189648157	138	0.1501
DUNGS_p_TCGA_b84_115_SNP_N_GenomeWideSNP_6_D09_771502	1	189648483	189648527	2	-1.731
DUNGS_p_TCGA_b84_115_SNP_N_GenomeWideSNP_6_D09_771502	1	189652047	189970415	262	0.1654
DUNGS_p_TCGA_b84_115_SNP_N_GenomeWideSNP_6_D09_771502	1	189970502	189970516	2	1.9976
DUNGS_p_TCGA_b84_115_SNP_N_GenomeWideSNP_6_D09_771502	1	189970529	190875019	608	0.2121
DUNGS_p_TCGA_b84_115_SNP_N_GenomeWideSNP_6_D09_771502	1	190875302	190885573	13	0.9588
DUNGS_p_TCGA_b84_115_SNP_N_GenomeWideSNP_6_D09_771502	1	190885619	191717528	474	0.4509
DUNGS_p_TCGA_b84_115_SNP_N_GenomeWideSNP_6_D09_771502	1	191717594	191726158	7	1.222
DUNGS_p_TCGA_b84_115_SNP_N_GenomeWideSNP_6_D09_771502	1	191727949	192870791	751	0.2087
DUNGS_p_TCGA_b84_115_SNP_N_GenomeWideSNP_6_D09_771502	1	192873898	192883411	6	0.8082
DUNGS_p_TCGA_b84_115_SNP_N_GenomeWideSNP_6_D09_771502	1	192884136	194446642	1166	0.1578
DUNGS_p_TCGA_b84_115_SNP_N_GenomeWideSNP_6_D09_771502	1	194447569	194455018	4	1.188
DUNGS_p_TCGA_b84_115_SNP_N_GenomeWideSNP_6_D09_771502	1	194457016	195258168	500	0.1603
DUNGS_p_TCGA_b84_115_SNP_N_GenomeWideSNP_6_D09_771502	1	195261746	195381965	78	0.4281
DUNGS_p_TCGA_b84_115_SNP_N_GenomeWideSNP_6_D09_771502	1	195382418	222213655	18319	0.1429
DUNGS_p_TCGA_b84_115_SNP_N_GenomeWideSNP_6_D09_771502	1	222214580	222245590	23	-0.354
DUNGS_p_TCGA_b84_115_SNP_N_GenomeWideSNP_6_D09_771502	1	222262937	243860924	15220	0.1375
DUNGS_p_TCGA_b84_115_SNP_N_GenomeWideSNP_6_D09_771502	1	243860939	243861061	4	-1.1798
DUNGS_p_TCGA_b84_115_SNP_N_GenomeWideSNP_6_D09_771502	1	243863108	249224388	3390	0.1472
DUNGS_p_TCGA_b84_115_SNP_N_GenomeWideSNP_6_D09_771502	2	12784	24818	7	-0.0027
DUNGS_p_TCGA_b84_115_SNP_N_GenomeWideSNP_6_D09_771502	2	29443	10150523	7715	0.3587
DUNGS_p_TCGA_b84_115_SNP_N_GenomeWideSNP_6_D09_771502	2	10152983	10157774	3	1.8069
DUNGS_p_TCGA_b84_115_SNP_N_GenomeWideSNP_6_D09_771502	2	10159436	13275797	2332	0.3663
DUNGS_p_TCGA_b84_115_SNP_N_GenomeWideSNP_6_D09_771502	2	13275879	13280249	4	1.4559
DUNGS_p_TCGA_b84_115_SNP_N_GenomeWideSNP_6_D09_771502	2	13282840	34663929	14067	0.3611
DUNGS_p_TCGA_b84_115_SNP_N_GenomeWideSNP_6_D09_771502	2	34664750	34727867	50	-0.0891
DUNGS_p_TCGA_b84_115_SNP_N_GenomeWideSNP_6_D09_771502	2	34736513	35968036	879	0.4149
DUNGS_p_TCGA_b84_115_SNP_N_GenomeWideSNP_6_D09_771502	2	35975973	35987947	8	-1.0293
DUNGS_p_TCGA_b84_115_SNP_N_GenomeWideSNP_6_D09_771502	2	35997473	36332223	271	0.4392
DUNGS_p_TCGA_b84_115_SNP_N_GenomeWideSNP_6_D09_771502	2	36332258	36335606	9	1.6871
DUNGS_p_TCGA_b84_115_SNP_N_GenomeWideSNP_6_D09_771502	2	36336619	37795000	1140	0.3961
DUNGS_p_TCGA_b84_115_SNP_N_GenomeWideSNP_6_D09_771502	2	37802996	37803810	4	-0.8298
DUNGS_p_TCGA_b84_115_SNP_N_GenomeWideSNP_6_D09_771502	2	37804408	52754468	10747	0.379
DUNGS_p_TCGA_b84_115_SNP_N_GenomeWideSNP_6_D09_771502	2	52754480	52781542	39	-1.7575
DUNGS_p_TCGA_b84_115_SNP_N_GenomeWideSNP_6_D09_771502	2	52787949	57403877	3364	0.3888
DUNGS_p_TCGA_b84_115_SNP_N_GenomeWideSNP_6_D09_771502	2	57406024	57409835	31	0.829
DUNGS_p_TCGA_b84_115_SNP_N_GenomeWideSNP_6_D09_771502	2	57414082	89236281	19393	0.3665
DUNGS_p_TCGA_b84_115_SNP_N_GenomeWideSNP_6_D09_771502	2	89238063	89243626	4	-0.7863
DUNGS_p_TCGA_b84_115_SNP_N_GenomeWideSNP_6_D09_771502	2	89244816	89545343	93	0.2878
DUNGS_p_TCGA_b84_115_SNP_N_GenomeWideSNP_6_D09_771502	2	89548064	89553884	6	-0.7348
DUNGS_p_TCGA_b84_115_SNP_N_GenomeWideSNP_6_D09_771502	2	89553913	90240473	155	0.3283
DUNGS_p_TCGA_b84_115_SNP_N_GenomeWideSNP_6_D09_771502	2	90242076	91685414	35	-0.0627
DUNGS_p_TCGA_b84_115_SNP_N_GenomeWideSNP_6_D09_771502	2	91686706	91790974	31	-0.6992
DUNGS_p_TCGA_b84_115_SNP_N_GenomeWideSNP_6_D09_771502	2	91791126	133038729	21687	0.0815
DUNGS_p_TCGA_b84_115_SNP_N_GenomeWideSNP_6_D09_771502	2	133046772	133117260	29	0.8839
DUNGS_p_TCGA_b84_115_SNP_N_GenomeWideSNP_6_D09_771502	2	133121946	146862085	8853	0.091
DUNGS_p_TCGA_b84_115_SNP_N_GenomeWideSNP_6_D09_771502	2	146864404	146866934	24	-1.2028
DUNGS_p_TCGA_b84_115_SNP_N_GenomeWideSNP_6_D09_771502	2	146877806	184577193	23186	0.0967
DUNGS_p_TCGA_b84_115_SNP_N_GenomeWideSNP_6_D09_771502	2	184577248	184577324	2	-1.9147
DUNGS_p_TCGA_b84_115_SNP_N_GenomeWideSNP_6_D09_771502	2	184580895	194257494	5552	0.1144
DUNGS_p_TCGA_b84_115_SNP_N_GenomeWideSNP_6_D09_771502	2	194263679	194274955	5	0.9082
DUNGS_p_TCGA_b84_115_SNP_N_GenomeWideSNP_6_D09_771502	2	194277245	207128291	7517	0.0999
DUNGS_p_TCGA_b84_115_SNP_N_GenomeWideSNP_6_D09_771502	2	207128313	207133817	2	1.7515
DUNGS_p_TCGA_b84_115_SNP_N_GenomeWideSNP_6_D09_771502	2	207135830	213162168	3799	0.0922
DUNGS_p_TCGA_b84_115_SNP_N_GenomeWideSNP_6_D09_771502	2	213162300	213192828	60	0.4186
DUNGS_p_TCGA_b84_115_SNP_N_GenomeWideSNP_6_D09_771502	2	213192844	226074567	8467	0.0848
DUNGS_p_TCGA_b84_115_SNP_N_GenomeWideSNP_6_D09_771502	2	226074931	226075559	2	-2.9866
DUNGS_p_TCGA_b84_115_SNP_N_GenomeWideSNP_6_D09_771502	2	226076780	232540603	4025	0.0844
DUNGS_p_TCGA_b84_115_SNP_N_GenomeWideSNP_6_D09_771502	2	232540681	232550559	5	-0.9206
DUNGS_p_TCGA_b84_115_SNP_N_GenomeWideSNP_6_D09_771502	2	232551574	233242399	351	0.0639
DUNGS_p_TCGA_b84_115_SNP_N_GenomeWideSNP_6_D09_771502	2	233242761	233243660	2	-1.6394
DUNGS_p_TCGA_b84_115_SNP_N_GenomeWideSNP_6_D09_771502	2	233249147	235950002	1884	0.0511
DUNGS_p_TCGA_b84_115_SNP_N_GenomeWideSNP_6_D09_771502	2	235950187	235953565	2	-1.8244
DUNGS_p_TCGA_b84_115_SNP_N_GenomeWideSNP_6_D09_771502	2	235959593	242958807	4259	0.0168
DUNGS_p_TCGA_b84_115_SNP_N_GenomeWideSNP_6_D09_771502	2	242960024	242960029	2	2.2155
DUNGS_p_TCGA_b84_115_SNP_N_GenomeWideSNP_6_D09_771502	2	242960044	243089456	89	0.067
DUNGS_p_TCGA_b84_115_SNP_N_GenomeWideSNP_6_D09_771502	3	60345	230022	158	-0.3099
DUNGS_p_TCGA_b84_115_SNP_N_GenomeWideSNP_6_D09_771502	3	231459	232800	3	-3.2381
DUNGS_p_TCGA_b84_115_SNP_N_GenomeWideSNP_6_D09_771502	3	234877	10191255	8483	-0.2879
DUNGS_p_TCGA_b84_115_SNP_N_GenomeWideSNP_6_D09_771502	3	10192882	10193616	4	1.3105
DUNGS_p_TCGA_b84_115_SNP_N_GenomeWideSNP_6_D09_771502	3	10193631	31503397	14977	-0.293
DUNGS_p_TCGA_b84_115_SNP_N_GenomeWideSNP_6_D09_771502	3	31503419	31509235	4	1.2472
DUNGS_p_TCGA_b84_115_SNP_N_GenomeWideSNP_6_D09_771502	3	31509996	59907597	17002	-0.2906
DUNGS_p_TCGA_b84_115_SNP_N_GenomeWideSNP_6_D09_771502	3	59909315	59946469	44	-0.6973
DUNGS_p_TCGA_b84_115_SNP_N_GenomeWideSNP_6_D09_771502	3	59946710	65199568	4784	-0.2906
DUNGS_p_TCGA_b84_115_SNP_N_GenomeWideSNP_6_D09_771502	3	65199702	65203538	8	0.639
DUNGS_p_TCGA_b84_115_SNP_N_GenomeWideSNP_6_D09_771502	3	65203543	65216762	22	-0.2754
DUNGS_p_TCGA_b84_115_SNP_N_GenomeWideSNP_6_D09_771502	3	65216830	65217656	2	1.7145
DUNGS_p_TCGA_b84_115_SNP_N_GenomeWideSNP_6_D09_771502	3	65218409	68746446	2419	-0.3066
DUNGS_p_TCGA_b84_115_SNP_N_GenomeWideSNP_6_D09_771502	3	68746708	68746823	4	-2.0153
DUNGS_p_TCGA_b84_115_SNP_N_GenomeWideSNP_6_D09_771502	3	68746840	75499599	4921	-0.2915
DUNGS_p_TCGA_b84_115_SNP_N_GenomeWideSNP_6_D09_771502	3	75499614	75514396	6	-1.2822
DUNGS_p_TCGA_b84_115_SNP_N_GenomeWideSNP_6_D09_771502	3	75516091	84694372	5027	-0.3007
DUNGS_p_TCGA_b84_115_SNP_N_GenomeWideSNP_6_D09_771502	3	84698683	84702117	19	0.4982
DUNGS_p_TCGA_b84_115_SNP_N_GenomeWideSNP_6_D09_771502	3	84702136	89394726	2712	-0.3004
DUNGS_p_TCGA_b84_115_SNP_N_GenomeWideSNP_6_D09_771502	3	89394742	89419381	44	0.1101
DUNGS_p_TCGA_b84_115_SNP_N_GenomeWideSNP_6_D09_771502	3	89419921	98944511	3248	-0.2884
DUNGS_p_TCGA_b84_115_SNP_N_GenomeWideSNP_6_D09_771502	3	98944547	98949056	24	-1.0974
DUNGS_p_TCGA_b84_115_SNP_N_GenomeWideSNP_6_D09_771502	3	98949069	162223833	38953	-0.2885
DUNGS_p_TCGA_b84_115_SNP_N_GenomeWideSNP_6_D09_771502	3	162223934	162226959	9	0.7402
DUNGS_p_TCGA_b84_115_SNP_N_GenomeWideSNP_6_D09_771502	3	162236534	162504667	167	-0.2779
DUNGS_p_TCGA_b84_115_SNP_N_GenomeWideSNP_6_D09_771502	3	162506530	162625995	74	0.5674
DUNGS_p_TCGA_b84_115_SNP_N_GenomeWideSNP_6_D09_771502	3	162626572	169003129	3633	-0.2879
DUNGS_p_TCGA_b84_115_SNP_N_GenomeWideSNP_6_D09_771502	3	169003818	171152223	1364	0.1095
DUNGS_p_TCGA_b84_115_SNP_N_GenomeWideSNP_6_D09_771502	3	171154494	175147306	2740	-0.2846
DUNGS_p_TCGA_b84_115_SNP_N_GenomeWideSNP_6_D09_771502	3	175147436	175151363	2	-2.7622
DUNGS_p_TCGA_b84_115_SNP_N_GenomeWideSNP_6_D09_771502	3	175151789	176689881	962	-0.2563
DUNGS_p_TCGA_b84_115_SNP_N_GenomeWideSNP_6_D09_771502	3	176690302	176713520	46	0.1322
DUNGS_p_TCGA_b84_115_SNP_N_GenomeWideSNP_6_D09_771502	3	176713535	178650359	1135	-0.2827
DUNGS_p_TCGA_b84_115_SNP_N_GenomeWideSNP_6_D09_771502	3	178650961	178665472	9	-2.1127
DUNGS_p_TCGA_b84_115_SNP_N_GenomeWideSNP_6_D09_771502	3	178669222	181093018	1445	-0.2927
DUNGS_p_TCGA_b84_115_SNP_N_GenomeWideSNP_6_D09_771502	3	181098512	181098717	2	-2.0815
DUNGS_p_TCGA_b84_115_SNP_N_GenomeWideSNP_6_D09_771502	3	181099282	183156000	1151	-0.324
DUNGS_p_TCGA_b84_115_SNP_N_GenomeWideSNP_6_D09_771502	3	183160939	183161930	3	-2.1285
DUNGS_p_TCGA_b84_115_SNP_N_GenomeWideSNP_6_D09_771502	3	183162227	183253370	80	-0.4211
DUNGS_p_TCGA_b84_115_SNP_N_GenomeWideSNP_6_D09_771502	3	183253444	183257056	3	1.2066
DUNGS_p_TCGA_b84_115_SNP_N_GenomeWideSNP_6_D09_771502	3	183260086	183640865	193	-0.3321
DUNGS_p_TCGA_b84_115_SNP_N_GenomeWideSNP_6_D09_771502	3	183642719	183653937	10	-1.103
DUNGS_p_TCGA_b84_115_SNP_N_GenomeWideSNP_6_D09_771502	3	183657966	187580861	2584	-0.2851
DUNGS_p_TCGA_b84_115_SNP_N_GenomeWideSNP_6_D09_771502	3	187586840	187595962	20	0.2268
DUNGS_p_TCGA_b84_115_SNP_N_GenomeWideSNP_6_D09_771502	3	187596036	191988056	3199	-0.2925
DUNGS_p_TCGA_b84_115_SNP_N_GenomeWideSNP_6_D09_771502	3	191989019	192020055	16	0.2484
DUNGS_p_TCGA_b84_115_SNP_N_GenomeWideSNP_6_D09_771502	3	192020300	192602613	405	-0.3071
DUNGS_p_TCGA_b84_115_SNP_N_GenomeWideSNP_6_D09_771502	3	192602671	192608082	14	0.4383
DUNGS_p_TCGA_b84_115_SNP_N_GenomeWideSNP_6_D09_771502	3	192608218	192873704	193	-0.3557
DUNGS_p_TCGA_b84_115_SNP_N_GenomeWideSNP_6_D09_771502	3	192873807	192882903	22	0.1868
DUNGS_p_TCGA_b84_115_SNP_N_GenomeWideSNP_6_D09_771502	3	192886435	195429608	1498	-0.3094
DUNGS_p_TCGA_b84_115_SNP_N_GenomeWideSNP_6_D09_771502	3	195429701	195530378	60	-0.6855
DUNGS_p_TCGA_b84_115_SNP_N_GenomeWideSNP_6_D09_771502	3	195533332	196704489	546	-0.2725
DUNGS_p_TCGA_b84_115_SNP_N_GenomeWideSNP_6_D09_771502	3	196705452	196707952	2	-2.644
DUNGS_p_TCGA_b84_115_SNP_N_GenomeWideSNP_6_D09_771502	3	196708631	197833758	562	-0.325
DUNGS_p_TCGA_b84_115_SNP_N_GenomeWideSNP_6_D09_771502	3	197833798	197835005	12	0.5129
DUNGS_p_TCGA_b84_115_SNP_N_GenomeWideSNP_6_D09_771502	3	197835438	197869571	24	-0.2513
DUNGS_p_TCGA_b84_115_SNP_N_GenomeWideSNP_6_D09_771502	3	197895985	197896118	4	1.3375
DUNGS_p_TCGA_b84_115_SNP_N_GenomeWideSNP_6_D09_771502	4	12281	66719	58	-0.4479
DUNGS_p_TCGA_b84_115_SNP_N_GenomeWideSNP_6_D09_771502	4	68821	3855259	1577	0.3753
DUNGS_p_TCGA_b84_115_SNP_N_GenomeWideSNP_6_D09_771502	4	3856594	4184697	94	-0.0215
DUNGS_p_TCGA_b84_115_SNP_N_GenomeWideSNP_6_D09_771502	4	4184948	9478849	3531	0.3645
DUNGS_p_TCGA_b84_115_SNP_N_GenomeWideSNP_6_D09_771502	4	9479035	9547322	18	-0.4006
DUNGS_p_TCGA_b84_115_SNP_N_GenomeWideSNP_6_D09_771502	4	9547838	10199709	503	0.3411
DUNGS_p_TCGA_b84_115_SNP_N_GenomeWideSNP_6_D09_771502	4	10199799	10199944	3	-0.941
DUNGS_p_TCGA_b84_115_SNP_N_GenomeWideSNP_6_D09_771502	4	10200496	10210390	25	0.3621
DUNGS_p_TCGA_b84_115_SNP_N_GenomeWideSNP_6_D09_771502	4	10214160	10231249	28	-1.0686
DUNGS_p_TCGA_b84_115_SNP_N_GenomeWideSNP_6_D09_771502	4	10231498	10240713	14	-0.0333
DUNGS_p_TCGA_b84_115_SNP_N_GenomeWideSNP_6_D09_771502	4	10244613	48268398	25669	0.4187
DUNGS_p_TCGA_b84_115_SNP_N_GenomeWideSNP_6_D09_771502	4	48268419	48275445	3	1.9104
DUNGS_p_TCGA_b84_115_SNP_N_GenomeWideSNP_6_D09_771502	4	48278797	49089374	345	0.4514
DUNGS_p_TCGA_b84_115_SNP_N_GenomeWideSNP_6_D09_771502	4	49093786	49154769	8	-1.3082
DUNGS_p_TCGA_b84_115_SNP_N_GenomeWideSNP_6_D09_771502	4	49161758	49649791	27	0.2193
DUNGS_p_TCGA_b84_115_SNP_N_GenomeWideSNP_6_D09_771502	4	49650106	49658612	6	1.0932
DUNGS_p_TCGA_b84_115_SNP_N_GenomeWideSNP_6_D09_771502	4	52685699	55107618	1460	0.3968
DUNGS_p_TCGA_b84_115_SNP_N_GenomeWideSNP_6_D09_771502	4	55115703	55120675	9	-0.1801
DUNGS_p_TCGA_b84_115_SNP_N_GenomeWideSNP_6_D09_771502	4	55120696	55750163	703	0.3855
DUNGS_p_TCGA_b84_115_SNP_N_GenomeWideSNP_6_D09_771502	4	55751071	57315736	899	-0.2871
DUNGS_p_TCGA_b84_115_SNP_N_GenomeWideSNP_6_D09_771502	4	57320725	57943420	406	0.4068
DUNGS_p_TCGA_b84_115_SNP_N_GenomeWideSNP_6_D09_771502	4	57948508	61018674	2012	-0.2929
DUNGS_p_TCGA_b84_115_SNP_N_GenomeWideSNP_6_D09_771502	4	61024408	61058472	17	0.3424
DUNGS_p_TCGA_b84_115_SNP_N_GenomeWideSNP_6_D09_771502	4	61059049	61286172	147	-0.3247
DUNGS_p_TCGA_b84_115_SNP_N_GenomeWideSNP_6_D09_771502	4	61286202	68605369	4414	0.4391
DUNGS_p_TCGA_b84_115_SNP_N_GenomeWideSNP_6_D09_771502	4	68605647	69220383	402	-0.2985
DUNGS_p_TCGA_b84_115_SNP_N_GenomeWideSNP_6_D09_771502	4	69226848	69256760	7	0.8634
DUNGS_p_TCGA_b84_115_SNP_N_GenomeWideSNP_6_D09_771502	4	69260073	69344612	20	-0.4358
DUNGS_p_TCGA_b84_115_SNP_N_GenomeWideSNP_6_D09_771502	4	69360488	70117993	391	0.3799
DUNGS_p_TCGA_b84_115_SNP_N_GenomeWideSNP_6_D09_771502	4	70120322	70239989	66	0.8286
DUNGS_p_TCGA_b84_115_SNP_N_GenomeWideSNP_6_D09_771502	4	70242029	70250928	6	-1.1399
DUNGS_p_TCGA_b84_115_SNP_N_GenomeWideSNP_6_D09_771502	4	70252416	73616779	2000	-0.2899
DUNGS_p_TCGA_b84_115_SNP_N_GenomeWideSNP_6_D09_771502	4	73621493	76119056	1503	0.4232
DUNGS_p_TCGA_b84_115_SNP_N_GenomeWideSNP_6_D09_771502	4	76121706	77782360	1086	-0.274
DUNGS_p_TCGA_b84_115_SNP_N_GenomeWideSNP_6_D09_771502	4	77782431	77782569	4	0.9918
DUNGS_p_TCGA_b84_115_SNP_N_GenomeWideSNP_6_D09_771502	4	77783901	86976094	5857	-0.2984
DUNGS_p_TCGA_b84_115_SNP_N_GenomeWideSNP_6_D09_771502	4	86976391	86979701	17	-0.9825
DUNGS_p_TCGA_b84_115_SNP_N_GenomeWideSNP_6_D09_771502	4	86979764	88770385	1099	-0.2843
DUNGS_p_TCGA_b84_115_SNP_N_GenomeWideSNP_6_D09_771502	4	88770400	88770817	3	-1.9864
DUNGS_p_TCGA_b84_115_SNP_N_GenomeWideSNP_6_D09_771502	4	88770844	100290498	6783	-0.2983
DUNGS_p_TCGA_b84_115_SNP_N_GenomeWideSNP_6_D09_771502	4	100291120	100292700	2	-2.0007
DUNGS_p_TCGA_b84_115_SNP_N_GenomeWideSNP_6_D09_771502	4	100293062	101176578	511	-0.3068
DUNGS_p_TCGA_b84_115_SNP_N_GenomeWideSNP_6_D09_771502	4	101176671	101180694	2	-2.1085
DUNGS_p_TCGA_b84_115_SNP_N_GenomeWideSNP_6_D09_771502	4	101181832	108073694	4082	-0.2963
DUNGS_p_TCGA_b84_115_SNP_N_GenomeWideSNP_6_D09_771502	4	108073808	108076519	11	0.4487
DUNGS_p_TCGA_b84_115_SNP_N_GenomeWideSNP_6_D09_771502	4	108076533	112329365	2594	-0.2901
DUNGS_p_TCGA_b84_115_SNP_N_GenomeWideSNP_6_D09_771502	4	112330111	112336449	2	-2.3722
DUNGS_p_TCGA_b84_115_SNP_N_GenomeWideSNP_6_D09_771502	4	112336798	115173656	1821	-0.2945
DUNGS_p_TCGA_b84_115_SNP_N_GenomeWideSNP_6_D09_771502	4	115173700	115184266	27	0.7054
DUNGS_p_TCGA_b84_115_SNP_N_GenomeWideSNP_6_D09_771502	4	115184310	115507624	223	-0.3082
DUNGS_p_TCGA_b84_115_SNP_N_GenomeWideSNP_6_D09_771502	4	115508166	115514426	4	-2.4268
DUNGS_p_TCGA_b84_115_SNP_N_GenomeWideSNP_6_D09_771502	4	115514740	116173269	393	-0.2885
DUNGS_p_TCGA_b84_115_SNP_N_GenomeWideSNP_6_D09_771502	4	116175254	116175836	7	0.9457
DUNGS_p_TCGA_b84_115_SNP_N_GenomeWideSNP_6_D09_771502	4	116175864	135096979	10978	-0.2857
DUNGS_p_TCGA_b84_115_SNP_N_GenomeWideSNP_6_D09_771502	4	135098117	135137471	14	-1.0015
DUNGS_p_TCGA_b84_115_SNP_N_GenomeWideSNP_6_D09_771502	4	135137508	135820209	385	-0.2904
DUNGS_p_TCGA_b84_115_SNP_N_GenomeWideSNP_6_D09_771502	4	135826891	135834638	9	0.3535
DUNGS_p_TCGA_b84_115_SNP_N_GenomeWideSNP_6_D09_771502	4	135835173	138182959	1363	-0.2966
DUNGS_p_TCGA_b84_115_SNP_N_GenomeWideSNP_6_D09_771502	4	138183011	138184643	24	0.2865
DUNGS_p_TCGA_b84_115_SNP_N_GenomeWideSNP_6_D09_771502	4	138184657	138188900	7	-0.6355
DUNGS_p_TCGA_b84_115_SNP_N_GenomeWideSNP_6_D09_771502	4	138189510	138189831	3	0.7807
DUNGS_p_TCGA_b84_115_SNP_N_GenomeWideSNP_6_D09_771502	4	138189893	142724482	2984	-0.3061
DUNGS_p_TCGA_b84_115_SNP_N_GenomeWideSNP_6_D09_771502	4	142727232	142727488	2	1.3237
DUNGS_p_TCGA_b84_115_SNP_N_GenomeWideSNP_6_D09_771502	4	142727843	143800801	737	-0.2774
DUNGS_p_TCGA_b84_115_SNP_N_GenomeWideSNP_6_D09_771502	4	143800814	143800973	3	1.4076
DUNGS_p_TCGA_b84_115_SNP_N_GenomeWideSNP_6_D09_771502	4	143801096	146495355	1471	-0.2932
DUNGS_p_TCGA_b84_115_SNP_N_GenomeWideSNP_6_D09_771502	4	146501756	146501892	2	-3.1179
DUNGS_p_TCGA_b84_115_SNP_N_GenomeWideSNP_6_D09_771502	4	146505728	148877488	1394	-0.2899
DUNGS_p_TCGA_b84_115_SNP_N_GenomeWideSNP_6_D09_771502	4	148878282	149485687	416	0.1121
DUNGS_p_TCGA_b84_115_SNP_N_GenomeWideSNP_6_D09_771502	4	149485788	149486629	2	1.7386
DUNGS_p_TCGA_b84_115_SNP_N_GenomeWideSNP_6_D09_771502	4	149493193	151868941	1273	0.1254
DUNGS_p_TCGA_b84_115_SNP_N_GenomeWideSNP_6_D09_771502	4	151876309	151876351	3	1.2608
DUNGS_p_TCGA_b84_115_SNP_N_GenomeWideSNP_6_D09_771502	4	151876406	152013101	82	0.1483
DUNGS_p_TCGA_b84_115_SNP_N_GenomeWideSNP_6_D09_771502	4	152013982	152021114	3	-1.3584
DUNGS_p_TCGA_b84_115_SNP_N_GenomeWideSNP_6_D09_771502	4	152024326	156968180	3205	0.1176
DUNGS_p_TCGA_b84_115_SNP_N_GenomeWideSNP_6_D09_771502	4	156968283	156972015	12	0.7798
DUNGS_p_TCGA_b84_115_SNP_N_GenomeWideSNP_6_D09_771502	4	156973205	158632072	1063	0.1334
DUNGS_p_TCGA_b84_115_SNP_N_GenomeWideSNP_6_D09_771502	4	158634769	158639667	3	1.2719
DUNGS_p_TCGA_b84_115_SNP_N_GenomeWideSNP_6_D09_771502	4	158639680	161062969	1387	0.1178
DUNGS_p_TCGA_b84_115_SNP_N_GenomeWideSNP_6_D09_771502	4	161062985	161063255	3	1.2118
DUNGS_p_TCGA_b84_115_SNP_N_GenomeWideSNP_6_D09_771502	4	161063535	161873606	605	0.1214
DUNGS_p_TCGA_b84_115_SNP_N_GenomeWideSNP_6_D09_771502	4	161873658	161880197	13	0.6732
DUNGS_p_TCGA_b84_115_SNP_N_GenomeWideSNP_6_D09_771502	4	161880303	161880812	6	-0.2697
DUNGS_p_TCGA_b84_115_SNP_N_GenomeWideSNP_6_D09_771502	4	161880906	161884958	13	0.7759
DUNGS_p_TCGA_b84_115_SNP_N_GenomeWideSNP_6_D09_771502	4	161884967	163270576	913	0.1279
DUNGS_p_TCGA_b84_115_SNP_N_GenomeWideSNP_6_D09_771502	4	163271125	163274065	6	0.9466
DUNGS_p_TCGA_b84_115_SNP_N_GenomeWideSNP_6_D09_771502	4	163274276	164635534	864	0.1279
DUNGS_p_TCGA_b84_115_SNP_N_GenomeWideSNP_6_D09_771502	4	164637567	164640635	5	1.3651
DUNGS_p_TCGA_b84_115_SNP_N_GenomeWideSNP_6_D09_771502	4	164646804	167167621	1657	0.1252
DUNGS_p_TCGA_b84_115_SNP_N_GenomeWideSNP_6_D09_771502	4	167167644	167177101	7	1.1467
DUNGS_p_TCGA_b84_115_SNP_N_GenomeWideSNP_6_D09_771502	4	167178950	172377273	3235	0.1179
DUNGS_p_TCGA_b84_115_SNP_N_GenomeWideSNP_6_D09_771502	4	172377288	172377444	2	-1.9294
DUNGS_p_TCGA_b84_115_SNP_N_GenomeWideSNP_6_D09_771502	4	172377458	180193431	4873	0.1301
DUNGS_p_TCGA_b84_115_SNP_N_GenomeWideSNP_6_D09_771502	4	180196562	180198660	3	1.8962
DUNGS_p_TCGA_b84_115_SNP_N_GenomeWideSNP_6_D09_771502	4	180202382	190485478	7464	0.1027
DUNGS_p_TCGA_b84_115_SNP_N_GenomeWideSNP_6_D09_771502	4	190491381	190491398	2	-4.1623
DUNGS_p_TCGA_b84_115_SNP_N_GenomeWideSNP_6_D09_771502	4	190491521	190675248	69	-0.1532
DUNGS_p_TCGA_b84_115_SNP_N_GenomeWideSNP_6_D09_771502	4	190676093	190722291	29	0.6171
DUNGS_p_TCGA_b84_115_SNP_N_GenomeWideSNP_6_D09_771502	4	190723160	191027923	112	-0.0886
DUNGS_p_TCGA_b84_115_SNP_N_GenomeWideSNP_6_D09_771502	5	15532	8702522	6975	0.3726
DUNGS_p_TCGA_b84_115_SNP_N_GenomeWideSNP_6_D09_771502	5	8703057	8747046	45	-0.6124
DUNGS_p_TCGA_b84_115_SNP_N_GenomeWideSNP_6_D09_771502	5	8747142	12815865	3216	0.401
DUNGS_p_TCGA_b84_115_SNP_N_GenomeWideSNP_6_D09_771502	5	12819313	12826650	9	-1.897
DUNGS_p_TCGA_b84_115_SNP_N_GenomeWideSNP_6_D09_771502	5	12833857	37188362	15486	0.414
DUNGS_p_TCGA_b84_115_SNP_N_GenomeWideSNP_6_D09_771502	5	37196435	37669679	199	-0.2958
DUNGS_p_TCGA_b84_115_SNP_N_GenomeWideSNP_6_D09_771502	5	37670562	55462847	8620	0.427
DUNGS_p_TCGA_b84_115_SNP_N_GenomeWideSNP_6_D09_771502	5	55465618	55657603	183	-0.2964
DUNGS_p_TCGA_b84_115_SNP_N_GenomeWideSNP_6_D09_771502	5	55657702	55666467	13	-1.1708
DUNGS_p_TCGA_b84_115_SNP_N_GenomeWideSNP_6_D09_771502	5	55667276	57321646	1181	-0.3023
DUNGS_p_TCGA_b84_115_SNP_N_GenomeWideSNP_6_D09_771502	5	57326027	57333533	32	2.0403
DUNGS_p_TCGA_b84_115_SNP_N_GenomeWideSNP_6_D09_771502	5	57338357	61076857	2515	-0.2072
DUNGS_p_TCGA_b84_115_SNP_N_GenomeWideSNP_6_D09_771502	5	61080599	62920655	1130	0.4002
DUNGS_p_TCGA_b84_115_SNP_N_GenomeWideSNP_6_D09_771502	5	62928978	70306728	3683	-0.2906
DUNGS_p_TCGA_b84_115_SNP_N_GenomeWideSNP_6_D09_771502	5	70307385	70307544	3	-1.7406
DUNGS_p_TCGA_b84_115_SNP_N_GenomeWideSNP_6_D09_771502	5	70349193	81419278	6901	-0.2992
DUNGS_p_TCGA_b84_115_SNP_N_GenomeWideSNP_6_D09_771502	5	81419290	81427482	2	-3.4799
DUNGS_p_TCGA_b84_115_SNP_N_GenomeWideSNP_6_D09_771502	5	81428038	97043591	8725	-0.2952
DUNGS_p_TCGA_b84_115_SNP_N_GenomeWideSNP_6_D09_771502	5	97045121	97223778	106	-1.2672
DUNGS_p_TCGA_b84_115_SNP_N_GenomeWideSNP_6_D09_771502	5	97233780	99294541	1188	-0.2825
DUNGS_p_TCGA_b84_115_SNP_N_GenomeWideSNP_6_D09_771502	5	99295200	99295375	2	1.7798
DUNGS_p_TCGA_b84_115_SNP_N_GenomeWideSNP_6_D09_771502	5	99295501	102118794	1686	-0.2566
DUNGS_p_TCGA_b84_115_SNP_N_GenomeWideSNP_6_D09_771502	5	102121377	102123073	6	0.7413
DUNGS_p_TCGA_b84_115_SNP_N_GenomeWideSNP_6_D09_771502	5	102125025	106087453	2267	-0.2982
DUNGS_p_TCGA_b84_115_SNP_N_GenomeWideSNP_6_D09_771502	5	106089594	106091186	4	0.8212
DUNGS_p_TCGA_b84_115_SNP_N_GenomeWideSNP_6_D09_771502	5	106091211	106227151	86	-0.2351
DUNGS_p_TCGA_b84_115_SNP_N_GenomeWideSNP_6_D09_771502	5	106227331	106233100	22	0.3285
DUNGS_p_TCGA_b84_115_SNP_N_GenomeWideSNP_6_D09_771502	5	106233117	106260621	27	-0.2367
DUNGS_p_TCGA_b84_115_SNP_N_GenomeWideSNP_6_D09_771502	5	106262299	106263729	4	-1.779
DUNGS_p_TCGA_b84_115_SNP_N_GenomeWideSNP_6_D09_771502	5	106265125	108542526	1524	-0.2992
DUNGS_p_TCGA_b84_115_SNP_N_GenomeWideSNP_6_D09_771502	5	108551195	108551213	2	-1.8585
DUNGS_p_TCGA_b84_115_SNP_N_GenomeWideSNP_6_D09_771502	5	108551608	109392158	574	-0.3041
DUNGS_p_TCGA_b84_115_SNP_N_GenomeWideSNP_6_D09_771502	5	109392502	109393210	5	-1.4073
DUNGS_p_TCGA_b84_115_SNP_N_GenomeWideSNP_6_D09_771502	5	109393370	112375443	2122	-0.292
DUNGS_p_TCGA_b84_115_SNP_N_GenomeWideSNP_6_D09_771502	5	112377617	112379659	2	-2.1861
DUNGS_p_TCGA_b84_115_SNP_N_GenomeWideSNP_6_D09_771502	5	112380100	120932977	6039	-0.3058
DUNGS_p_TCGA_b84_115_SNP_N_GenomeWideSNP_6_D09_771502	5	120936233	120936600	4	-2.4331
DUNGS_p_TCGA_b84_115_SNP_N_GenomeWideSNP_6_D09_771502	5	120944560	134424212	8238	-0.2979
DUNGS_p_TCGA_b84_115_SNP_N_GenomeWideSNP_6_D09_771502	5	134430584	134439805	10	-1.0732
DUNGS_p_TCGA_b84_115_SNP_N_GenomeWideSNP_6_D09_771502	5	134440390	137740354	2191	-0.3018
DUNGS_p_TCGA_b84_115_SNP_N_GenomeWideSNP_6_D09_771502	5	137740637	137754621	4	0.8275
DUNGS_p_TCGA_b84_115_SNP_N_GenomeWideSNP_6_D09_771502	5	137754808	137805120	27	-0.3567
DUNGS_p_TCGA_b84_115_SNP_N_GenomeWideSNP_6_D09_771502	5	137807961	137816468	18	-1.215
DUNGS_p_TCGA_b84_115_SNP_N_GenomeWideSNP_6_D09_771502	5	137816794	140217794	1048	-0.269
DUNGS_p_TCGA_b84_115_SNP_N_GenomeWideSNP_6_D09_771502	5	140218330	140252163	16	0.3011
DUNGS_p_TCGA_b84_115_SNP_N_GenomeWideSNP_6_D09_771502	5	140253787	140647559	181	-0.3112
DUNGS_p_TCGA_b84_115_SNP_N_GenomeWideSNP_6_D09_771502	5	140647617	140648416	2	-2.2763
DUNGS_p_TCGA_b84_115_SNP_N_GenomeWideSNP_6_D09_771502	5	140648552	155482534	10055	-0.2976
DUNGS_p_TCGA_b84_115_SNP_N_GenomeWideSNP_6_D09_771502	5	155482549	155495259	8	0.632
DUNGS_p_TCGA_b84_115_SNP_N_GenomeWideSNP_6_D09_771502	5	155500992	155581129	56	-0.3196
DUNGS_p_TCGA_b84_115_SNP_N_GenomeWideSNP_6_D09_771502	5	155581737	155582768	2	1.2605
DUNGS_p_TCGA_b84_115_SNP_N_GenomeWideSNP_6_D09_771502	5	155583137	163533375	5347	-0.3002
DUNGS_p_TCGA_b84_115_SNP_N_GenomeWideSNP_6_D09_771502	5	163533528	163536134	2	1.7554
DUNGS_p_TCGA_b84_115_SNP_N_GenomeWideSNP_6_D09_771502	5	163544718	172110188	6232	-0.3167
DUNGS_p_TCGA_b84_115_SNP_N_GenomeWideSNP_6_D09_771502	5	172117315	172147826	24	-0.9137
DUNGS_p_TCGA_b84_115_SNP_N_GenomeWideSNP_6_D09_771502	5	172148764	174303597	1641	-0.3027
DUNGS_p_TCGA_b84_115_SNP_N_GenomeWideSNP_6_D09_771502	5	174304401	175387859	792	0.0998
DUNGS_p_TCGA_b84_115_SNP_N_GenomeWideSNP_6_D09_771502	5	175393612	175405750	3	-1.1617
DUNGS_p_TCGA_b84_115_SNP_N_GenomeWideSNP_6_D09_771502	5	175416124	177391977	767	0.1464
DUNGS_p_TCGA_b84_115_SNP_N_GenomeWideSNP_6_D09_771502	5	177392898	177698326	136	-0.3142
DUNGS_p_TCGA_b84_115_SNP_N_GenomeWideSNP_6_D09_771502	5	177698462	179056595	888	0.0793
DUNGS_p_TCGA_b84_115_SNP_N_GenomeWideSNP_6_D09_771502	5	179058681	179085185	16	-0.972
DUNGS_p_TCGA_b84_115_SNP_N_GenomeWideSNP_6_D09_771502	5	179085205	179366975	161	-0.2407
DUNGS_p_TCGA_b84_115_SNP_N_GenomeWideSNP_6_D09_771502	5	179367026	179393349	24	0.134
DUNGS_p_TCGA_b84_115_SNP_N_GenomeWideSNP_6_D09_771502	5	179400446	180790320	754	0.5037
DUNGS_p_TCGA_b84_115_SNP_N_GenomeWideSNP_6_D09_771502	6	149661	329869	139	0.1186
DUNGS_p_TCGA_b84_115_SNP_N_GenomeWideSNP_6_D09_771502	6	330704	384546	68	-0.2251
DUNGS_p_TCGA_b84_115_SNP_N_GenomeWideSNP_6_D09_771502	6	385056	67040913	42102	0.1359
DUNGS_p_TCGA_b84_115_SNP_N_GenomeWideSNP_6_D09_771502	6	67041451	67044418	16	0.7735
DUNGS_p_TCGA_b84_115_SNP_N_GenomeWideSNP_6_D09_771502	6	67044466	67680289	514	0.0981
DUNGS_p_TCGA_b84_115_SNP_N_GenomeWideSNP_6_D09_771502	6	67680329	67688104	17	0.6331
DUNGS_p_TCGA_b84_115_SNP_N_GenomeWideSNP_6_D09_771502	6	67688157	72862925	3390	0.1038
DUNGS_p_TCGA_b84_115_SNP_N_GenomeWideSNP_6_D09_771502	6	72866524	72866872	2	-1.9008
DUNGS_p_TCGA_b84_115_SNP_N_GenomeWideSNP_6_D09_771502	6	72868563	74592225	1090	0.0998
DUNGS_p_TCGA_b84_115_SNP_N_GenomeWideSNP_6_D09_771502	6	74592457	74594754	6	0.975
DUNGS_p_TCGA_b84_115_SNP_N_GenomeWideSNP_6_D09_771502	6	74597289	78962889	2775	0.1018
DUNGS_p_TCGA_b84_115_SNP_N_GenomeWideSNP_6_D09_771502	6	78969065	79035185	113	0.6416
DUNGS_p_TCGA_b84_115_SNP_N_GenomeWideSNP_6_D09_771502	6	79039234	93574342	9249	0.1011
DUNGS_p_TCGA_b84_115_SNP_N_GenomeWideSNP_6_D09_771502	6	93575866	93578148	25	0.5299
DUNGS_p_TCGA_b84_115_SNP_N_GenomeWideSNP_6_D09_771502	6	93578297	103728225	6222	0.1177
DUNGS_p_TCGA_b84_115_SNP_N_GenomeWideSNP_6_D09_771502	6	103730493	103754794	40	0.517
DUNGS_p_TCGA_b84_115_SNP_N_GenomeWideSNP_6_D09_771502	6	103754819	118894468	9383	0.118
DUNGS_p_TCGA_b84_115_SNP_N_GenomeWideSNP_6_D09_771502	6	118894793	118911513	10	-0.66
DUNGS_p_TCGA_b84_115_SNP_N_GenomeWideSNP_6_D09_771502	6	118917390	120995024	1260	0.1186
DUNGS_p_TCGA_b84_115_SNP_N_GenomeWideSNP_6_D09_771502	6	120995493	121001047	3	1.4416
DUNGS_p_TCGA_b84_115_SNP_N_GenomeWideSNP_6_D09_771502	6	121001083	134266268	8469	0.123
DUNGS_p_TCGA_b84_115_SNP_N_GenomeWideSNP_6_D09_771502	6	134269071	134269632	2	-1.4901
DUNGS_p_TCGA_b84_115_SNP_N_GenomeWideSNP_6_D09_771502	6	134272072	139420730	3588	0.1226
DUNGS_p_TCGA_b84_115_SNP_N_GenomeWideSNP_6_D09_771502	6	139420939	139420995	2	-1.3415
DUNGS_p_TCGA_b84_115_SNP_N_GenomeWideSNP_6_D09_771502	6	139421737	140826211	783	0.1397
DUNGS_p_TCGA_b84_115_SNP_N_GenomeWideSNP_6_D09_771502	6	140826517	140829607	2	1.8102
DUNGS_p_TCGA_b84_115_SNP_N_GenomeWideSNP_6_D09_771502	6	140831977	153835125	8737	0.1162
DUNGS_p_TCGA_b84_115_SNP_N_GenomeWideSNP_6_D09_771502	6	153836054	153840970	4	-1.1001
DUNGS_p_TCGA_b84_115_SNP_N_GenomeWideSNP_6_D09_771502	6	153845322	157416375	2563	0.1064
DUNGS_p_TCGA_b84_115_SNP_N_GenomeWideSNP_6_D09_771502	6	157420401	157422576	2	-1.2922
DUNGS_p_TCGA_b84_115_SNP_N_GenomeWideSNP_6_D09_771502	6	157431678	157779495	52	0.1468
DUNGS_p_TCGA_b84_115_SNP_N_GenomeWideSNP_6_D09_771502	6	157781264	157796076	3	1.628
DUNGS_p_TCGA_b84_115_SNP_N_GenomeWideSNP_6_D09_771502	6	157796994	158639835	485	0.1106
DUNGS_p_TCGA_b84_115_SNP_N_GenomeWideSNP_6_D09_771502	6	158640371	158640402	2	2.2217
DUNGS_p_TCGA_b84_115_SNP_N_GenomeWideSNP_6_D09_771502	6	158640509	171051005	8955	0.1015
DUNGS_p_TCGA_b84_115_SNP_N_GenomeWideSNP_6_D09_771502	7	43355	4566594	2426	-0.3004
DUNGS_p_TCGA_b84_115_SNP_N_GenomeWideSNP_6_D09_771502	7	4566608	4974503	242	0.1031
DUNGS_p_TCGA_b84_115_SNP_N_GenomeWideSNP_6_D09_771502	7	4980868	5907673	398	-0.3347
DUNGS_p_TCGA_b84_115_SNP_N_GenomeWideSNP_6_D09_771502	7	5911291	6774688	363	0.0688
DUNGS_p_TCGA_b84_115_SNP_N_GenomeWideSNP_6_D09_771502	7	6775088	6876185	28	-0.2591
DUNGS_p_TCGA_b84_115_SNP_N_GenomeWideSNP_6_D09_771502	7	6882252	7013734	42	-0.8059
DUNGS_p_TCGA_b84_115_SNP_N_GenomeWideSNP_6_D09_771502	7	7017903	15356525	6862	-0.2947
DUNGS_p_TCGA_b84_115_SNP_N_GenomeWideSNP_6_D09_771502	7	15359354	15361066	3	-2.2749
DUNGS_p_TCGA_b84_115_SNP_N_GenomeWideSNP_6_D09_771502	7	15361199	16946225	1312	-0.3063
DUNGS_p_TCGA_b84_115_SNP_N_GenomeWideSNP_6_D09_771502	7	16956379	17039058	66	0.133
DUNGS_p_TCGA_b84_115_SNP_N_GenomeWideSNP_6_D09_771502	7	17042850	29509036	9624	-0.2888
DUNGS_p_TCGA_b84_115_SNP_N_GenomeWideSNP_6_D09_771502	7	29510024	29530538	33	-0.7115
DUNGS_p_TCGA_b84_115_SNP_N_GenomeWideSNP_6_D09_771502	7	29531327	29774781	154	-0.3067
DUNGS_p_TCGA_b84_115_SNP_N_GenomeWideSNP_6_D09_771502	7	29776859	29780784	2	-2.142
DUNGS_p_TCGA_b84_115_SNP_N_GenomeWideSNP_6_D09_771502	7	29780953	35094194	3543	-0.3112
DUNGS_p_TCGA_b84_115_SNP_N_GenomeWideSNP_6_D09_771502	7	35095245	35098915	2	-3.34
DUNGS_p_TCGA_b84_115_SNP_N_GenomeWideSNP_6_D09_771502	7	35099893	38392036	2489	-0.2866
DUNGS_p_TCGA_b84_115_SNP_N_GenomeWideSNP_6_D09_771502	7	38395974	38398047	3	-1.9238
DUNGS_p_TCGA_b84_115_SNP_N_GenomeWideSNP_6_D09_771502	7	38400957	46616836	5277	-0.3061
DUNGS_p_TCGA_b84_115_SNP_N_GenomeWideSNP_6_D09_771502	7	46617526	46617615	2	-2.2501
DUNGS_p_TCGA_b84_115_SNP_N_GenomeWideSNP_6_D09_771502	7	46617718	46718310	89	-0.2852
DUNGS_p_TCGA_b84_115_SNP_N_GenomeWideSNP_6_D09_771502	7	46720242	46720419	2	1.1232
DUNGS_p_TCGA_b84_115_SNP_N_GenomeWideSNP_6_D09_771502	7	46722577	48580942	1382	-0.3308
DUNGS_p_TCGA_b84_115_SNP_N_GenomeWideSNP_6_D09_771502	7	48581852	48592025	8	-1.6899
DUNGS_p_TCGA_b84_115_SNP_N_GenomeWideSNP_6_D09_771502	7	48600179	54186167	4106	-0.3224
DUNGS_p_TCGA_b84_115_SNP_N_GenomeWideSNP_6_D09_771502	7	54186214	54186870	8	0.7633
DUNGS_p_TCGA_b84_115_SNP_N_GenomeWideSNP_6_D09_771502	7	54186885	54386505	147	-0.275
DUNGS_p_TCGA_b84_115_SNP_N_GenomeWideSNP_6_D09_771502	7	54386509	54386517	5	2.6956
DUNGS_p_TCGA_b84_115_SNP_N_GenomeWideSNP_6_D09_771502	7	54393488	57801290	2032	-0.3207
DUNGS_p_TCGA_b84_115_SNP_N_GenomeWideSNP_6_D09_771502	7	57806022	57835910	11	-1.3311
DUNGS_p_TCGA_b84_115_SNP_N_GenomeWideSNP_6_D09_771502	7	57836157	63109334	401	-0.2355
DUNGS_p_TCGA_b84_115_SNP_N_GenomeWideSNP_6_D09_771502	7	63109424	63110343	3	-4.5686
DUNGS_p_TCGA_b84_115_SNP_N_GenomeWideSNP_6_D09_771502	7	63110385	64566957	692	-0.3245
DUNGS_p_TCGA_b84_115_SNP_N_GenomeWideSNP_6_D09_771502	7	64568852	64730283	44	-0.8239
DUNGS_p_TCGA_b84_115_SNP_N_GenomeWideSNP_6_D09_771502	7	64730985	67884287	1527	-0.3091
DUNGS_p_TCGA_b84_115_SNP_N_GenomeWideSNP_6_D09_771502	7	67890711	67952853	35	0.1096
DUNGS_p_TCGA_b84_115_SNP_N_GenomeWideSNP_6_D09_771502	7	67955459	68795302	601	-0.2857
DUNGS_p_TCGA_b84_115_SNP_N_GenomeWideSNP_6_D09_771502	7	68804713	69054960	135	0.0987
DUNGS_p_TCGA_b84_115_SNP_N_GenomeWideSNP_6_D09_771502	7	69054977	69676065	325	-0.3027
DUNGS_p_TCGA_b84_115_SNP_N_GenomeWideSNP_6_D09_771502	7	69679681	69738908	31	0.1233
DUNGS_p_TCGA_b84_115_SNP_N_GenomeWideSNP_6_D09_771502	7	69739690	71597459	1264	-0.2945
DUNGS_p_TCGA_b84_115_SNP_N_GenomeWideSNP_6_D09_771502	7	71597581	71615436	9	0.5793
DUNGS_p_TCGA_b84_115_SNP_N_GenomeWideSNP_6_D09_771502	7	71615845	86210213	8000	-0.2934
DUNGS_p_TCGA_b84_115_SNP_N_GenomeWideSNP_6_D09_771502	7	86214080	86932765	443	0.1024
DUNGS_p_TCGA_b84_115_SNP_N_GenomeWideSNP_6_D09_771502	7	86940803	86941669	2	-1.8574
DUNGS_p_TCGA_b84_115_SNP_N_GenomeWideSNP_6_D09_771502	7	86946888	87513783	295	0.1144
DUNGS_p_TCGA_b84_115_SNP_N_GenomeWideSNP_6_D09_771502	7	87516527	87519654	3	1.4569
DUNGS_p_TCGA_b84_115_SNP_N_GenomeWideSNP_6_D09_771502	7	87520807	87673006	72	0.0977
DUNGS_p_TCGA_b84_115_SNP_N_GenomeWideSNP_6_D09_771502	7	87673079	88158318	293	-0.3175
DUNGS_p_TCGA_b84_115_SNP_N_GenomeWideSNP_6_D09_771502	7	88162825	88198695	17	-1.0163
DUNGS_p_TCGA_b84_115_SNP_N_GenomeWideSNP_6_D09_771502	7	88199258	90144305	1306	-0.267
DUNGS_p_TCGA_b84_115_SNP_N_GenomeWideSNP_6_D09_771502	7	90146362	91031735	635	0.1083
DUNGS_p_TCGA_b84_115_SNP_N_GenomeWideSNP_6_D09_771502	7	91031944	91032090	2	1.5325
DUNGS_p_TCGA_b84_115_SNP_N_GenomeWideSNP_6_D09_771502	7	91032305	97385735	3996	0.1144
DUNGS_p_TCGA_b84_115_SNP_N_GenomeWideSNP_6_D09_771502	7	97385750	97404679	25	0.5478
DUNGS_p_TCGA_b84_115_SNP_N_GenomeWideSNP_6_D09_771502	7	97404709	97417610	15	0.0841
DUNGS_p_TCGA_b84_115_SNP_N_GenomeWideSNP_6_D09_771502	7	97420649	97420652	3	1.4581
DUNGS_p_TCGA_b84_115_SNP_N_GenomeWideSNP_6_D09_771502	7	97421090	98554034	549	0.1153
DUNGS_p_TCGA_b84_115_SNP_N_GenomeWideSNP_6_D09_771502	7	98556962	98602639	36	-0.2962
DUNGS_p_TCGA_b84_115_SNP_N_GenomeWideSNP_6_D09_771502	7	98603793	100332842	681	0.0967
DUNGS_p_TCGA_b84_115_SNP_N_GenomeWideSNP_6_D09_771502	7	100351005	100660175	99	-0.2933
DUNGS_p_TCGA_b84_115_SNP_N_GenomeWideSNP_6_D09_771502	7	100660206	102098899	663	0.1048
DUNGS_p_TCGA_b84_115_SNP_N_GenomeWideSNP_6_D09_771502	7	102101306	106601566	2820	-0.2926
DUNGS_p_TCGA_b84_115_SNP_N_GenomeWideSNP_6_D09_771502	7	106607021	106607515	3	-3.3741
DUNGS_p_TCGA_b84_115_SNP_N_GenomeWideSNP_6_D09_771502	7	106607801	107685940	584	-0.2727
DUNGS_p_TCGA_b84_115_SNP_N_GenomeWideSNP_6_D09_771502	7	107686457	107696857	6	-1.3402
DUNGS_p_TCGA_b84_115_SNP_N_GenomeWideSNP_6_D09_771502	7	107697580	107790841	78	-0.3674
DUNGS_p_TCGA_b84_115_SNP_N_GenomeWideSNP_6_D09_771502	7	107791111	107805874	16	0.2989
DUNGS_p_TCGA_b84_115_SNP_N_GenomeWideSNP_6_D09_771502	7	107806995	109437093	1083	-0.2853
DUNGS_p_TCGA_b84_115_SNP_N_GenomeWideSNP_6_D09_771502	7	109437094	109437680	11	0.7015
DUNGS_p_TCGA_b84_115_SNP_N_GenomeWideSNP_6_D09_771502	7	109437757	126044974	10068	-0.2917
DUNGS_p_TCGA_b84_115_SNP_N_GenomeWideSNP_6_D09_771502	7	126045482	126046880	17	0.7805
DUNGS_p_TCGA_b84_115_SNP_N_GenomeWideSNP_6_D09_771502	7	126046881	126596454	367	-0.2785
DUNGS_p_TCGA_b84_115_SNP_N_GenomeWideSNP_6_D09_771502	7	126596963	126597056	2	-2.7267
DUNGS_p_TCGA_b84_115_SNP_N_GenomeWideSNP_6_D09_771502	7	126597132	127928708	906	-0.3213
DUNGS_p_TCGA_b84_115_SNP_N_GenomeWideSNP_6_D09_771502	7	127928829	127928963	4	1.0339
DUNGS_p_TCGA_b84_115_SNP_N_GenomeWideSNP_6_D09_771502	7	127929012	132329913	2516	-0.2869
DUNGS_p_TCGA_b84_115_SNP_N_GenomeWideSNP_6_D09_771502	7	132336527	132826886	349	0.1347
DUNGS_p_TCGA_b84_115_SNP_N_GenomeWideSNP_6_D09_771502	7	132832318	132832322	2	-1.324
DUNGS_p_TCGA_b84_115_SNP_N_GenomeWideSNP_6_D09_771502	7	132834720	133785211	561	0.1222
DUNGS_p_TCGA_b84_115_SNP_N_GenomeWideSNP_6_D09_771502	7	133785309	133790011	21	0.7013
DUNGS_p_TCGA_b84_115_SNP_N_GenomeWideSNP_6_D09_771502	7	133790410	142047315	5454	0.1134
DUNGS_p_TCGA_b84_115_SNP_N_GenomeWideSNP_6_D09_771502	7	142047396	142099968	4	-1.0087
DUNGS_p_TCGA_b84_115_SNP_N_GenomeWideSNP_6_D09_771502	7	142099988	142253345	126	0.1533
DUNGS_p_TCGA_b84_115_SNP_N_GenomeWideSNP_6_D09_771502	7	142253550	142253685	2	-1.6332
DUNGS_p_TCGA_b84_115_SNP_N_GenomeWideSNP_6_D09_771502	7	142253894	143710096	845	0.1285
DUNGS_p_TCGA_b84_115_SNP_N_GenomeWideSNP_6_D09_771502	7	143710166	143710621	3	-1.1473
DUNGS_p_TCGA_b84_115_SNP_N_GenomeWideSNP_6_D09_771502	7	143710627	143873952	141	0.1444
DUNGS_p_TCGA_b84_115_SNP_N_GenomeWideSNP_6_D09_771502	7	143896252	144066947	44	-0.5949
DUNGS_p_TCGA_b84_115_SNP_N_GenomeWideSNP_6_D09_771502	7	144074929	149540814	3480	0.1278
DUNGS_p_TCGA_b84_115_SNP_N_GenomeWideSNP_6_D09_771502	7	149541726	149659223	63	-0.0947
DUNGS_p_TCGA_b84_115_SNP_N_GenomeWideSNP_6_D09_771502	7	149662628	149672048	3	-1.3383
DUNGS_p_TCGA_b84_115_SNP_N_GenomeWideSNP_6_D09_771502	7	149672084	150431303	423	0.1185
DUNGS_p_TCGA_b84_115_SNP_N_GenomeWideSNP_6_D09_771502	7	150435473	154624454	2677	-0.2994
DUNGS_p_TCGA_b84_115_SNP_N_GenomeWideSNP_6_D09_771502	7	154631285	159119254	3056	0.0839
DUNGS_p_TCGA_b84_115_SNP_N_GenomeWideSNP_6_D09_771502	7	159119610	159127004	3	-0.7516
DUNGS_p_TCGA_b84_115_SNP_N_GenomeWideSNP_6_D09_771502	8	31254	6935820	7803	0.1137
DUNGS_p_TCGA_b84_115_SNP_N_GenomeWideSNP_6_D09_771502	8	6935943	7009595	20	-0.5945
DUNGS_p_TCGA_b84_115_SNP_N_GenomeWideSNP_6_D09_771502	8	7010880	7215726	23	0.0999
DUNGS_p_TCGA_b84_115_SNP_N_GenomeWideSNP_6_D09_771502	8	7215742	7238019	18	-0.7686
DUNGS_p_TCGA_b84_115_SNP_N_GenomeWideSNP_6_D09_771502	8	7250380	8018038	213	0.3001
DUNGS_p_TCGA_b84_115_SNP_N_GenomeWideSNP_6_D09_771502	8	8054344	8072303	4	-1.7177
DUNGS_p_TCGA_b84_115_SNP_N_GenomeWideSNP_6_D09_771502	8	8087144	11949551	3228	0.0826
DUNGS_p_TCGA_b84_115_SNP_N_GenomeWideSNP_6_D09_771502	8	11987726	12034307	7	-1.1024
DUNGS_p_TCGA_b84_115_SNP_N_GenomeWideSNP_6_D09_771502	8	12034997	12232416	12	0.1365
DUNGS_p_TCGA_b84_115_SNP_N_GenomeWideSNP_6_D09_771502	8	12233640	12268482	44	0.8738
DUNGS_p_TCGA_b84_115_SNP_N_GenomeWideSNP_6_D09_771502	8	12268979	12836829	335	0.0794
DUNGS_p_TCGA_b84_115_SNP_N_GenomeWideSNP_6_D09_771502	8	12837455	12839792	8	1.1874
DUNGS_p_TCGA_b84_115_SNP_N_GenomeWideSNP_6_D09_771502	8	12839852	15959774	3004	0.0846
DUNGS_p_TCGA_b84_115_SNP_N_GenomeWideSNP_6_D09_771502	8	15963080	15968313	6	-0.8392
DUNGS_p_TCGA_b84_115_SNP_N_GenomeWideSNP_6_D09_771502	8	15968430	18852851	2574	0.0935
DUNGS_p_TCGA_b84_115_SNP_N_GenomeWideSNP_6_D09_771502	8	18853116	18858821	20	-0.6842
DUNGS_p_TCGA_b84_115_SNP_N_GenomeWideSNP_6_D09_771502	8	18866148	38317398	13155	0.0908
DUNGS_p_TCGA_b84_115_SNP_N_GenomeWideSNP_6_D09_771502	8	38317413	38318180	5	-0.9623
DUNGS_p_TCGA_b84_115_SNP_N_GenomeWideSNP_6_D09_771502	8	38318214	38321235	12	0.4821
DUNGS_p_TCGA_b84_115_SNP_N_GenomeWideSNP_6_D09_771502	8	38321254	39225851	443	0.0867
DUNGS_p_TCGA_b84_115_SNP_N_GenomeWideSNP_6_D09_771502	8	39225888	39230659	7	0.5095
DUNGS_p_TCGA_b84_115_SNP_N_GenomeWideSNP_6_D09_771502	8	39235603	39386965	59	-2.0008
DUNGS_p_TCGA_b84_115_SNP_N_GenomeWideSNP_6_D09_771502	8	39388299	43414155	2525	0.0888
DUNGS_p_TCGA_b84_115_SNP_N_GenomeWideSNP_6_D09_771502	8	43416739	43420832	3	-1.2657
DUNGS_p_TCGA_b84_115_SNP_N_GenomeWideSNP_6_D09_771502	8	43421530	46922320	70	0.1256
DUNGS_p_TCGA_b84_115_SNP_N_GenomeWideSNP_6_D09_771502	8	46924122	47415452	125	-0.165
DUNGS_p_TCGA_b84_115_SNP_N_GenomeWideSNP_6_D09_771502	8	47415467	58370370	6670	0.1003
DUNGS_p_TCGA_b84_115_SNP_N_GenomeWideSNP_6_D09_771502	8	58370384	58391283	29	-0.3036
DUNGS_p_TCGA_b84_115_SNP_N_GenomeWideSNP_6_D09_771502	8	58391611	61003544	1749	0.1215
DUNGS_p_TCGA_b84_115_SNP_N_GenomeWideSNP_6_D09_771502	8	61003897	61004097	3	1.5267
DUNGS_p_TCGA_b84_115_SNP_N_GenomeWideSNP_6_D09_771502	8	61004216	88057660	16198	0.1171
DUNGS_p_TCGA_b84_115_SNP_N_GenomeWideSNP_6_D09_771502	8	88058368	88076888	7	-0.768
DUNGS_p_TCGA_b84_115_SNP_N_GenomeWideSNP_6_D09_771502	8	88088357	106997315	11478	0.1225
DUNGS_p_TCGA_b84_115_SNP_N_GenomeWideSNP_6_D09_771502	8	106998311	107023759	18	-0.4276
DUNGS_p_TCGA_b84_115_SNP_N_GenomeWideSNP_6_D09_771502	8	107025283	107385493	239	0.1464
DUNGS_p_TCGA_b84_115_SNP_N_GenomeWideSNP_6_D09_771502	8	107388668	107396595	11	0.7823
DUNGS_p_TCGA_b84_115_SNP_N_GenomeWideSNP_6_D09_771502	8	107396660	112294466	2966	0.117
DUNGS_p_TCGA_b84_115_SNP_N_GenomeWideSNP_6_D09_771502	8	112294646	112295260	7	-1.374
DUNGS_p_TCGA_b84_115_SNP_N_GenomeWideSNP_6_D09_771502	8	112300281	115336535	1660	0.1212
DUNGS_p_TCGA_b84_115_SNP_N_GenomeWideSNP_6_D09_771502	8	115336693	115342194	4	-0.9124
DUNGS_p_TCGA_b84_115_SNP_N_GenomeWideSNP_6_D09_771502	8	115342539	115423582	39	0.128
DUNGS_p_TCGA_b84_115_SNP_N_GenomeWideSNP_6_D09_771502	8	115424848	115425001	2	1.7383
DUNGS_p_TCGA_b84_115_SNP_N_GenomeWideSNP_6_D09_771502	8	115430053	123070274	5195	0.1218
DUNGS_p_TCGA_b84_115_SNP_N_GenomeWideSNP_6_D09_771502	8	123070290	123072033	13	0.727
DUNGS_p_TCGA_b84_115_SNP_N_GenomeWideSNP_6_D09_771502	8	123072204	134173488	8026	0.1186
DUNGS_p_TCGA_b84_115_SNP_N_GenomeWideSNP_6_D09_771502	8	134173536	134173689	2	1.598
DUNGS_p_TCGA_b84_115_SNP_N_GenomeWideSNP_6_D09_771502	8	134173806	137837597	2962	0.1148
DUNGS_p_TCGA_b84_115_SNP_N_GenomeWideSNP_6_D09_771502	8	137837614	137841689	16	0.8204
DUNGS_p_TCGA_b84_115_SNP_N_GenomeWideSNP_6_D09_771502	8	137841734	146298155	5040	0.0795
DUNGS_p_TCGA_b84_115_SNP_N_GenomeWideSNP_6_D09_771502	9	46587	177057	20	-0.5262
DUNGS_p_TCGA_b84_115_SNP_N_GenomeWideSNP_6_D09_771502	9	186364	602903	493	0.0933
DUNGS_p_TCGA_b84_115_SNP_N_GenomeWideSNP_6_D09_771502	9	606699	606893	3	-2.0604
DUNGS_p_TCGA_b84_115_SNP_N_GenomeWideSNP_6_D09_771502	9	606961	9814116	8868	0.0698
DUNGS_p_TCGA_b84_115_SNP_N_GenomeWideSNP_6_D09_771502	9	9816023	9819729	8	0.9984
DUNGS_p_TCGA_b84_115_SNP_N_GenomeWideSNP_6_D09_771502	9	9819733	9881015	84	0.0859
DUNGS_p_TCGA_b84_115_SNP_N_GenomeWideSNP_6_D09_771502	9	9881068	9968413	115	0.3998
DUNGS_p_TCGA_b84_115_SNP_N_GenomeWideSNP_6_D09_771502	9	9968541	14892721	4101	0.0967
DUNGS_p_TCGA_b84_115_SNP_N_GenomeWideSNP_6_D09_771502	9	14892856	14892978	2	-1.7472
DUNGS_p_TCGA_b84_115_SNP_N_GenomeWideSNP_6_D09_771502	9	14893523	20930181	5047	0.0515
DUNGS_p_TCGA_b84_115_SNP_N_GenomeWideSNP_6_D09_771502	9	20931349	20937708	4	1.0842
DUNGS_p_TCGA_b84_115_SNP_N_GenomeWideSNP_6_D09_771502	9	20940130	28226003	5459	0.089
DUNGS_p_TCGA_b84_115_SNP_N_GenomeWideSNP_6_D09_771502	9	28227167	28232576	4	1.3915
DUNGS_p_TCGA_b84_115_SNP_N_GenomeWideSNP_6_D09_771502	9	28232684	39140315	7054	0.1037
DUNGS_p_TCGA_b84_115_SNP_N_GenomeWideSNP_6_D09_771502	9	39140347	39158785	4	1.701
DUNGS_p_TCGA_b84_115_SNP_N_GenomeWideSNP_6_D09_771502	9	39158800	68358822	490	0.0138
DUNGS_p_TCGA_b84_115_SNP_N_GenomeWideSNP_6_D09_771502	9	68665184	69844813	119	-0.3956
DUNGS_p_TCGA_b84_115_SNP_N_GenomeWideSNP_6_D09_771502	9	69851936	69978022	45	0.1742
DUNGS_p_TCGA_b84_115_SNP_N_GenomeWideSNP_6_D09_771502	9	70940595	72037069	888	-0.3093
DUNGS_p_TCGA_b84_115_SNP_N_GenomeWideSNP_6_D09_771502	9	72040421	72040444	2	1.3173
DUNGS_p_TCGA_b84_115_SNP_N_GenomeWideSNP_6_D09_771502	9	72040460	72100569	54	-0.3016
DUNGS_p_TCGA_b84_115_SNP_N_GenomeWideSNP_6_D09_771502	9	72105613	72105619	4	1.7985
DUNGS_p_TCGA_b84_115_SNP_N_GenomeWideSNP_6_D09_771502	9	72106629	79776348	5606	-0.2897
DUNGS_p_TCGA_b84_115_SNP_N_GenomeWideSNP_6_D09_771502	9	79776364	79786214	8	0.6558
DUNGS_p_TCGA_b84_115_SNP_N_GenomeWideSNP_6_D09_771502	9	79786241	98250087	12764	-0.2937
DUNGS_p_TCGA_b84_115_SNP_N_GenomeWideSNP_6_D09_771502	9	98250198	98250958	5	1.3005
DUNGS_p_TCGA_b84_115_SNP_N_GenomeWideSNP_6_D09_771502	9	98253654	101771321	2353	-0.2953
DUNGS_p_TCGA_b84_115_SNP_N_GenomeWideSNP_6_D09_771502	9	101771957	101777917	7	-1.0818
DUNGS_p_TCGA_b84_115_SNP_N_GenomeWideSNP_6_D09_771502	9	101779439	104729117	1883	-0.2872
DUNGS_p_TCGA_b84_115_SNP_N_GenomeWideSNP_6_D09_771502	9	104729372	104731621	2	1.719
DUNGS_p_TCGA_b84_115_SNP_N_GenomeWideSNP_6_D09_771502	9	104732477	138211175	23389	-0.2965
DUNGS_p_TCGA_b84_115_SNP_N_GenomeWideSNP_6_D09_771502	9	138211368	138237159	36	0.1993
DUNGS_p_TCGA_b84_115_SNP_N_GenomeWideSNP_6_D09_771502	9	138238317	141018694	1065	-0.3137
DUNGS_p_TCGA_b84_115_SNP_N_GenomeWideSNP_6_D09_771502	9	141025318	141027939	4	-2.109
DUNGS_p_TCGA_b84_115_SNP_N_GenomeWideSNP_6_D09_771502	9	141031999	141091394	14	-0.1548
DUNGS_p_TCGA_b84_115_SNP_N_GenomeWideSNP_6_D09_771502	10	72759	13049885	10950	0.1047
DUNGS_p_TCGA_b84_115_SNP_N_GenomeWideSNP_6_D09_771502	10	13050005	13050610	7	1.1093
DUNGS_p_TCGA_b84_115_SNP_N_GenomeWideSNP_6_D09_771502	10	13053686	24372305	8304	0.1107
DUNGS_p_TCGA_b84_115_SNP_N_GenomeWideSNP_6_D09_771502	10	24372757	24378951	15	0.7331
DUNGS_p_TCGA_b84_115_SNP_N_GenomeWideSNP_6_D09_771502	10	24379007	31246510	5047	0.0977
DUNGS_p_TCGA_b84_115_SNP_N_GenomeWideSNP_6_D09_771502	10	31251334	31251635	4	-1.0009
DUNGS_p_TCGA_b84_115_SNP_N_GenomeWideSNP_6_D09_771502	10	31251647	32952337	1067	0.1061
DUNGS_p_TCGA_b84_115_SNP_N_GenomeWideSNP_6_D09_771502	10	32952417	32953173	10	0.7197
DUNGS_p_TCGA_b84_115_SNP_N_GenomeWideSNP_6_D09_771502	10	32953368	42654802	3836	0.0941
DUNGS_p_TCGA_b84_115_SNP_N_GenomeWideSNP_6_D09_771502	10	42655672	42706961	7	-1.0754
DUNGS_p_TCGA_b84_115_SNP_N_GenomeWideSNP_6_D09_771502	10	42706976	47055711	2447	0.091
DUNGS_p_TCGA_b84_115_SNP_N_GenomeWideSNP_6_D09_771502	10	47058792	47059821	22	1.2019
DUNGS_p_TCGA_b84_115_SNP_N_GenomeWideSNP_6_D09_771502	10	47062311	47546323	80	0.1051
DUNGS_p_TCGA_b84_115_SNP_N_GenomeWideSNP_6_D09_771502	10	47547696	47652803	105	0.5223
DUNGS_p_TCGA_b84_115_SNP_N_GenomeWideSNP_6_D09_771502	10	47657676	48958519	384	0.077
DUNGS_p_TCGA_b84_115_SNP_N_GenomeWideSNP_6_D09_771502	10	49031175	49212828	8	-0.8303
DUNGS_p_TCGA_b84_115_SNP_N_GenomeWideSNP_6_D09_771502	10	49241479	58517060	6341	0.1261
DUNGS_p_TCGA_b84_115_SNP_N_GenomeWideSNP_6_D09_771502	10	58517126	58517313	7	1.0978
DUNGS_p_TCGA_b84_115_SNP_N_GenomeWideSNP_6_D09_771502	10	58517317	58914502	331	0.1151
DUNGS_p_TCGA_b84_115_SNP_N_GenomeWideSNP_6_D09_771502	10	58914841	58918112	4	1.2219
DUNGS_p_TCGA_b84_115_SNP_N_GenomeWideSNP_6_D09_771502	10	58918699	67306158	5812	0.1147
DUNGS_p_TCGA_b84_115_SNP_N_GenomeWideSNP_6_D09_771502	10	67306276	67345288	59	0.5221
DUNGS_p_TCGA_b84_115_SNP_N_GenomeWideSNP_6_D09_771502	10	67345302	82878159	10118	0.1059
DUNGS_p_TCGA_b84_115_SNP_N_GenomeWideSNP_6_D09_771502	10	82881330	82889783	10	-1.2354
DUNGS_p_TCGA_b84_115_SNP_N_GenomeWideSNP_6_D09_771502	10	82894469	84430923	1139	0.1086
DUNGS_p_TCGA_b84_115_SNP_N_GenomeWideSNP_6_D09_771502	10	84431179	84431317	2	-1.67
DUNGS_p_TCGA_b84_115_SNP_N_GenomeWideSNP_6_D09_771502	10	84431840	84433391	3	1.3561
DUNGS_p_TCGA_b84_115_SNP_N_GenomeWideSNP_6_D09_771502	10	84435455	88902004	3159	0.1042
DUNGS_p_TCGA_b84_115_SNP_N_GenomeWideSNP_6_D09_771502	10	88907319	88913910	2	-1.4944
DUNGS_p_TCGA_b84_115_SNP_N_GenomeWideSNP_6_D09_771502	10	88922304	122771408	22538	0.1068
DUNGS_p_TCGA_b84_115_SNP_N_GenomeWideSNP_6_D09_771502	10	122771505	122771519	2	2.0292
DUNGS_p_TCGA_b84_115_SNP_N_GenomeWideSNP_6_D09_771502	10	122771586	123442871	753	0.0787
DUNGS_p_TCGA_b84_115_SNP_N_GenomeWideSNP_6_D09_771502	10	123442931	123459330	14	0.5822
DUNGS_p_TCGA_b84_115_SNP_N_GenomeWideSNP_6_D09_771502	10	123459336	124341534	655	0.0948
DUNGS_p_TCGA_b84_115_SNP_N_GenomeWideSNP_6_D09_771502	10	124343951	124344109	2	-1.9956
DUNGS_p_TCGA_b84_115_SNP_N_GenomeWideSNP_6_D09_771502	10	124344223	124351013	5	-4.6897
DUNGS_p_TCGA_b84_115_SNP_N_GenomeWideSNP_6_D09_771502	10	124356812	132270771	5921	0.0867
DUNGS_p_TCGA_b84_115_SNP_N_GenomeWideSNP_6_D09_771502	10	132270842	132270895	2	2.2417
DUNGS_p_TCGA_b84_115_SNP_N_GenomeWideSNP_6_D09_771502	10	132271141	135506704	2004	0.0916
DUNGS_p_TCGA_b84_115_SNP_N_GenomeWideSNP_6_D09_771502	11	198510	450189	101	0.0772
DUNGS_p_TCGA_b84_115_SNP_N_GenomeWideSNP_6_D09_771502	11	452664	456012	4	-1.5663
DUNGS_p_TCGA_b84_115_SNP_N_GenomeWideSNP_6_D09_771502	11	456120	663463	46	0.1239
DUNGS_p_TCGA_b84_115_SNP_N_GenomeWideSNP_6_D09_771502	11	666245	672103	4	0.9764
DUNGS_p_TCGA_b84_115_SNP_N_GenomeWideSNP_6_D09_771502	11	677565	733813	21	-0.098
DUNGS_p_TCGA_b84_115_SNP_N_GenomeWideSNP_6_D09_771502	11	741820	742375	2	-2.1422
DUNGS_p_TCGA_b84_115_SNP_N_GenomeWideSNP_6_D09_771502	11	742508	3418352	1152	0.0649
DUNGS_p_TCGA_b84_115_SNP_N_GenomeWideSNP_6_D09_771502	11	3419502	3541069	33	-0.4592
DUNGS_p_TCGA_b84_115_SNP_N_GenomeWideSNP_6_D09_771502	11	3542061	4467638	552	0.0557
DUNGS_p_TCGA_b84_115_SNP_N_GenomeWideSNP_6_D09_771502	11	4470939	4471473	3	-1.4453
DUNGS_p_TCGA_b84_115_SNP_N_GenomeWideSNP_6_D09_771502	11	4472186	4967251	558	0.0985
DUNGS_p_TCGA_b84_115_SNP_N_GenomeWideSNP_6_D09_771502	11	4967376	4976907	46	0.8731
DUNGS_p_TCGA_b84_115_SNP_N_GenomeWideSNP_6_D09_771502	11	4977011	5208018	191	0.1316
DUNGS_p_TCGA_b84_115_SNP_N_GenomeWideSNP_6_D09_771502	11	5208174	5208499	4	1.2995
DUNGS_p_TCGA_b84_115_SNP_N_GenomeWideSNP_6_D09_771502	11	5209370	5778010	580	0.1028
DUNGS_p_TCGA_b84_115_SNP_N_GenomeWideSNP_6_D09_771502	11	5778471	5788092	13	0.6883
DUNGS_p_TCGA_b84_115_SNP_N_GenomeWideSNP_6_D09_771502	11	5789601	18792736	9329	0.104
DUNGS_p_TCGA_b84_115_SNP_N_GenomeWideSNP_6_D09_771502	11	18792764	18792915	2	-1.8079
DUNGS_p_TCGA_b84_115_SNP_N_GenomeWideSNP_6_D09_771502	11	18793360	18949873	141	0.1096
DUNGS_p_TCGA_b84_115_SNP_N_GenomeWideSNP_6_D09_771502	11	18950256	18951037	4	-1.3937
DUNGS_p_TCGA_b84_115_SNP_N_GenomeWideSNP_6_D09_771502	11	18951137	18961708	39	0.0168
DUNGS_p_TCGA_b84_115_SNP_N_GenomeWideSNP_6_D09_771502	11	18961738	18970705	9	0.8059
DUNGS_p_TCGA_b84_115_SNP_N_GenomeWideSNP_6_D09_771502	11	18970748	19884754	840	0.0769
DUNGS_p_TCGA_b84_115_SNP_N_GenomeWideSNP_6_D09_771502	11	19884829	19891862	5	-0.7836
DUNGS_p_TCGA_b84_115_SNP_N_GenomeWideSNP_6_D09_771502	11	19892519	22351468	2052	0.1105
DUNGS_p_TCGA_b84_115_SNP_N_GenomeWideSNP_6_D09_771502	11	22351605	22355245	2	-1.354
DUNGS_p_TCGA_b84_115_SNP_N_GenomeWideSNP_6_D09_771502	11	22358795	24232117	1350	0.1064
DUNGS_p_TCGA_b84_115_SNP_N_GenomeWideSNP_6_D09_771502	11	24236096	24247531	5	1.0785
DUNGS_p_TCGA_b84_115_SNP_N_GenomeWideSNP_6_D09_771502	11	24247560	25293551	767	0.14
DUNGS_p_TCGA_b84_115_SNP_N_GenomeWideSNP_6_D09_771502	11	25296453	25296455	3	-0.7697
DUNGS_p_TCGA_b84_115_SNP_N_GenomeWideSNP_6_D09_771502	11	25296490	25535139	179	0.1402
DUNGS_p_TCGA_b84_115_SNP_N_GenomeWideSNP_6_D09_771502	11	25538293	25542198	4	-0.3949
DUNGS_p_TCGA_b84_115_SNP_N_GenomeWideSNP_6_D09_771502	11	25543498	33358139	5132	0.0983
DUNGS_p_TCGA_b84_115_SNP_N_GenomeWideSNP_6_D09_771502	11	33360252	33363702	5	0.8764
DUNGS_p_TCGA_b84_115_SNP_N_GenomeWideSNP_6_D09_771502	11	33364464	33443587	49	0.1639
DUNGS_p_TCGA_b84_115_SNP_N_GenomeWideSNP_6_D09_771502	11	33444529	33449028	3	-1.0837
DUNGS_p_TCGA_b84_115_SNP_N_GenomeWideSNP_6_D09_771502	11	33449272	34925790	1214	0.1057
DUNGS_p_TCGA_b84_115_SNP_N_GenomeWideSNP_6_D09_771502	11	34925994	34927866	3	-0.9592
DUNGS_p_TCGA_b84_115_SNP_N_GenomeWideSNP_6_D09_771502	11	34928129	35567476	660	0.12
DUNGS_p_TCGA_b84_115_SNP_N_GenomeWideSNP_6_D09_771502	11	35567490	35569685	2	-1.4757
DUNGS_p_TCGA_b84_115_SNP_N_GenomeWideSNP_6_D09_771502	11	35571914	37183723	1267	0.1084
DUNGS_p_TCGA_b84_115_SNP_N_GenomeWideSNP_6_D09_771502	11	37184980	37186451	2	1.8371
DUNGS_p_TCGA_b84_115_SNP_N_GenomeWideSNP_6_D09_771502	11	37186636	37637552	254	0.1488
DUNGS_p_TCGA_b84_115_SNP_N_GenomeWideSNP_6_D09_771502	11	37637827	37647731	5	1.0878
DUNGS_p_TCGA_b84_115_SNP_N_GenomeWideSNP_6_D09_771502	11	37647799	48612398	6840	0.0988
DUNGS_p_TCGA_b84_115_SNP_N_GenomeWideSNP_6_D09_771502	11	48614195	48615863	2	2.0751
DUNGS_p_TCGA_b84_115_SNP_N_GenomeWideSNP_6_D09_771502	11	48625394	48674943	29	-0.1148
DUNGS_p_TCGA_b84_115_SNP_N_GenomeWideSNP_6_D09_771502	11	48702561	48709743	5	1.4092
DUNGS_p_TCGA_b84_115_SNP_N_GenomeWideSNP_6_D09_771502	11	48710424	55376498	1192	0.1138
DUNGS_p_TCGA_b84_115_SNP_N_GenomeWideSNP_6_D09_771502	11	55376511	55475639	65	0.6857
DUNGS_p_TCGA_b84_115_SNP_N_GenomeWideSNP_6_D09_771502	11	55475801	67736493	6305	0.1008
DUNGS_p_TCGA_b84_115_SNP_N_GenomeWideSNP_6_D09_771502	11	67747160	67749258	2	-1.6154
DUNGS_p_TCGA_b84_115_SNP_N_GenomeWideSNP_6_D09_771502	11	67749322	71395669	2037	0.0865
DUNGS_p_TCGA_b84_115_SNP_N_GenomeWideSNP_6_D09_771502	11	71396255	71424451	9	-0.6341
DUNGS_p_TCGA_b84_115_SNP_N_GenomeWideSNP_6_D09_771502	11	71425995	79967504	4943	0.0968
DUNGS_p_TCGA_b84_115_SNP_N_GenomeWideSNP_6_D09_771502	11	79967513	79967564	3	-1.9913
DUNGS_p_TCGA_b84_115_SNP_N_GenomeWideSNP_6_D09_771502	11	79967686	101593235	15354	0.1126
DUNGS_p_TCGA_b84_115_SNP_N_GenomeWideSNP_6_D09_771502	11	101593352	101597964	11	0.9088
DUNGS_p_TCGA_b84_115_SNP_N_GenomeWideSNP_6_D09_771502	11	101598212	123520152	15085	0.0954
DUNGS_p_TCGA_b84_115_SNP_N_GenomeWideSNP_6_D09_771502	11	123521210	123521440	2	1.7452
DUNGS_p_TCGA_b84_115_SNP_N_GenomeWideSNP_6_D09_771502	11	123522721	127780557	3158	0.0898
DUNGS_p_TCGA_b84_115_SNP_N_GenomeWideSNP_6_D09_771502	11	127785362	127793328	9	-0.6219
DUNGS_p_TCGA_b84_115_SNP_N_GenomeWideSNP_6_D09_771502	11	127794677	132824371	3938	0.0932
DUNGS_p_TCGA_b84_115_SNP_N_GenomeWideSNP_6_D09_771502	11	132824474	132854769	24	-0.3639
DUNGS_p_TCGA_b84_115_SNP_N_GenomeWideSNP_6_D09_771502	11	132857727	134258142	1018	0.1113
DUNGS_p_TCGA_b84_115_SNP_N_GenomeWideSNP_6_D09_771502	11	134258200	134267108	6	-0.9866
DUNGS_p_TCGA_b84_115_SNP_N_GenomeWideSNP_6_D09_771502	11	134268411	134944770	554	0.1046
DUNGS_p_TCGA_b84_115_SNP_N_GenomeWideSNP_6_D09_771502	12	150442	869198	420	0.0644
DUNGS_p_TCGA_b84_115_SNP_N_GenomeWideSNP_6_D09_771502	12	869263	876246	18	-0.5222
DUNGS_p_TCGA_b84_115_SNP_N_GenomeWideSNP_6_D09_771502	12	876288	6836542	4408	0.0959
DUNGS_p_TCGA_b84_115_SNP_N_GenomeWideSNP_6_D09_771502	12	6836852	6837643	2	1.8789
DUNGS_p_TCGA_b84_115_SNP_N_GenomeWideSNP_6_D09_771502	12	6840688	8405502	724	0.0989
DUNGS_p_TCGA_b84_115_SNP_N_GenomeWideSNP_6_D09_771502	12	8405640	8428435	8	-0.8852
DUNGS_p_TCGA_b84_115_SNP_N_GenomeWideSNP_6_D09_771502	12	8429979	8436238	2	-6.4501
DUNGS_p_TCGA_b84_115_SNP_N_GenomeWideSNP_6_D09_771502	12	8436328	8562434	51	-0.1892
DUNGS_p_TCGA_b84_115_SNP_N_GenomeWideSNP_6_D09_771502	12	8562635	8567624	3	1.529
DUNGS_p_TCGA_b84_115_SNP_N_GenomeWideSNP_6_D09_771502	12	8567639	9685110	586	0.1129
DUNGS_p_TCGA_b84_115_SNP_N_GenomeWideSNP_6_D09_771502	12	9685780	9697719	7	0.9642
DUNGS_p_TCGA_b84_115_SNP_N_GenomeWideSNP_6_D09_771502	12	9705126	11220724	1051	0.1264
DUNGS_p_TCGA_b84_115_SNP_N_GenomeWideSNP_6_D09_771502	12	11220827	11308174	35	-0.2942
DUNGS_p_TCGA_b84_115_SNP_N_GenomeWideSNP_6_D09_771502	12	11312614	11526289	130	0.2252
DUNGS_p_TCGA_b84_115_SNP_N_GenomeWideSNP_6_D09_771502	12	11536113	11541029	8	0.9997
DUNGS_p_TCGA_b84_115_SNP_N_GenomeWideSNP_6_D09_771502	12	11543386	13035720	1193	0.1015
DUNGS_p_TCGA_b84_115_SNP_N_GenomeWideSNP_6_D09_771502	12	13038295	13072130	27	-0.3054
DUNGS_p_TCGA_b84_115_SNP_N_GenomeWideSNP_6_D09_771502	12	13072952	13252817	118	0.1804
DUNGS_p_TCGA_b84_115_SNP_N_GenomeWideSNP_6_D09_771502	12	13257824	13259627	4	1.0775
DUNGS_p_TCGA_b84_115_SNP_N_GenomeWideSNP_6_D09_771502	12	13262063	19479629	4088	0.1057
DUNGS_p_TCGA_b84_115_SNP_N_GenomeWideSNP_6_D09_771502	12	19479648	19513093	18	0.6166
DUNGS_p_TCGA_b84_115_SNP_N_GenomeWideSNP_6_D09_771502	12	19514701	27645992	5788	0.1055
DUNGS_p_TCGA_b84_115_SNP_N_GenomeWideSNP_6_D09_771502	12	27647741	27651362	28	-0.6528
DUNGS_p_TCGA_b84_115_SNP_N_GenomeWideSNP_6_D09_771502	12	27657161	31890933	3141	0.0994
DUNGS_p_TCGA_b84_115_SNP_N_GenomeWideSNP_6_D09_771502	12	31891056	31894350	2	1.8063
DUNGS_p_TCGA_b84_115_SNP_N_GenomeWideSNP_6_D09_771502	12	31895011	34231523	1643	0.1578
DUNGS_p_TCGA_b84_115_SNP_N_GenomeWideSNP_6_D09_771502	12	34239991	34244929	4	1.3752
DUNGS_p_TCGA_b84_115_SNP_N_GenomeWideSNP_6_D09_771502	12	34244945	34435009	103	0.0256
DUNGS_p_TCGA_b84_115_SNP_N_GenomeWideSNP_6_D09_771502	12	34439878	34534744	42	-0.3985
DUNGS_p_TCGA_b84_115_SNP_N_GenomeWideSNP_6_D09_771502	12	34537795	45642589	4732	0.1226
DUNGS_p_TCGA_b84_115_SNP_N_GenomeWideSNP_6_D09_771502	12	45642746	45649087	5	0.8808
DUNGS_p_TCGA_b84_115_SNP_N_GenomeWideSNP_6_D09_771502	12	45650024	45899825	163	0.1093
DUNGS_p_TCGA_b84_115_SNP_N_GenomeWideSNP_6_D09_771502	12	45904438	45905840	2	1.8885
DUNGS_p_TCGA_b84_115_SNP_N_GenomeWideSNP_6_D09_771502	12	45908740	55714280	5634	0.1088
DUNGS_p_TCGA_b84_115_SNP_N_GenomeWideSNP_6_D09_771502	12	55714295	55714757	5	-1.0877
DUNGS_p_TCGA_b84_115_SNP_N_GenomeWideSNP_6_D09_771502	12	55714772	73206331	11082	0.1086
DUNGS_p_TCGA_b84_115_SNP_N_GenomeWideSNP_6_D09_771502	12	73206406	73207191	2	-2.4513
DUNGS_p_TCGA_b84_115_SNP_N_GenomeWideSNP_6_D09_771502	12	73207967	128479875	36078	0.1103
DUNGS_p_TCGA_b84_115_SNP_N_GenomeWideSNP_6_D09_771502	12	128481198	128485246	2	1.9371
DUNGS_p_TCGA_b84_115_SNP_N_GenomeWideSNP_6_D09_771502	12	128485584	128819513	335	0.1383
DUNGS_p_TCGA_b84_115_SNP_N_GenomeWideSNP_6_D09_771502	12	128819845	128821377	4	1.7029
DUNGS_p_TCGA_b84_115_SNP_N_GenomeWideSNP_6_D09_771502	12	128821454	130937649	1911	0.1038
DUNGS_p_TCGA_b84_115_SNP_N_GenomeWideSNP_6_D09_771502	12	130939223	130960027	20	-0.4834
DUNGS_p_TCGA_b84_115_SNP_N_GenomeWideSNP_6_D09_771502	12	130960574	131050569	64	0.3309
DUNGS_p_TCGA_b84_115_SNP_N_GenomeWideSNP_6_D09_771502	12	131051506	131771906	545	0.05
DUNGS_p_TCGA_b84_115_SNP_N_GenomeWideSNP_6_D09_771502	12	131772442	131775685	6	1.0527
DUNGS_p_TCGA_b84_115_SNP_N_GenomeWideSNP_6_D09_771502	12	131776210	132098053	308	0.0999
DUNGS_p_TCGA_b84_115_SNP_N_GenomeWideSNP_6_D09_771502	12	132098993	132103320	6	-0.7736
DUNGS_p_TCGA_b84_115_SNP_N_GenomeWideSNP_6_D09_771502	12	132103518	132120715	12	0.2045
DUNGS_p_TCGA_b84_115_SNP_N_GenomeWideSNP_6_D09_771502	12	132132584	132143083	22	-0.9439
DUNGS_p_TCGA_b84_115_SNP_N_GenomeWideSNP_6_D09_771502	12	132143374	133778189	563	0.1234
DUNGS_p_TCGA_b84_115_SNP_N_GenomeWideSNP_6_D09_771502	13	19026949	23436323	2772	-0.2941
DUNGS_p_TCGA_b84_115_SNP_N_GenomeWideSNP_6_D09_771502	13	23446679	23496139	30	-0.8491
DUNGS_p_TCGA_b84_115_SNP_N_GenomeWideSNP_6_D09_771502	13	23496997	23633131	105	-0.2854
DUNGS_p_TCGA_b84_115_SNP_N_GenomeWideSNP_6_D09_771502	13	23633148	23633515	5	-2.039
DUNGS_p_TCGA_b84_115_SNP_N_GenomeWideSNP_6_D09_771502	13	23638195	25006742	1124	-0.2775
DUNGS_p_TCGA_b84_115_SNP_N_GenomeWideSNP_6_D09_771502	13	25008630	25029388	13	0.4279
DUNGS_p_TCGA_b84_115_SNP_N_GenomeWideSNP_6_D09_771502	13	25029401	32864145	5844	-0.3034
DUNGS_p_TCGA_b84_115_SNP_N_GenomeWideSNP_6_D09_771502	13	32864488	32867667	4	-1.6004
DUNGS_p_TCGA_b84_115_SNP_N_GenomeWideSNP_6_D09_771502	13	32870443	33761011	707	-0.2861
DUNGS_p_TCGA_b84_115_SNP_N_GenomeWideSNP_6_D09_771502	13	33761265	33762325	5	0.7014
DUNGS_p_TCGA_b84_115_SNP_N_GenomeWideSNP_6_D09_771502	13	33762773	38076671	2978	-0.3064
DUNGS_p_TCGA_b84_115_SNP_N_GenomeWideSNP_6_D09_771502	13	38078352	38084543	6	-1.3214
DUNGS_p_TCGA_b84_115_SNP_N_GenomeWideSNP_6_D09_771502	13	38084732	43782221	4053	-0.2818
DUNGS_p_TCGA_b84_115_SNP_N_GenomeWideSNP_6_D09_771502	13	43782881	43790375	3	-1.7191
DUNGS_p_TCGA_b84_115_SNP_N_GenomeWideSNP_6_D09_771502	13	43790913	50628386	4486	-0.2871
DUNGS_p_TCGA_b84_115_SNP_N_GenomeWideSNP_6_D09_771502	13	50630306	50643526	8	0.6481
DUNGS_p_TCGA_b84_115_SNP_N_GenomeWideSNP_6_D09_771502	13	50650950	50835715	97	-0.2341
DUNGS_p_TCGA_b84_115_SNP_N_GenomeWideSNP_6_D09_771502	13	50835838	50835968	2	1.7629
DUNGS_p_TCGA_b84_115_SNP_N_GenomeWideSNP_6_D09_771502	13	50839620	53105785	1279	-0.2785
DUNGS_p_TCGA_b84_115_SNP_N_GenomeWideSNP_6_D09_771502	13	53117879	53527461	233	0.1215
DUNGS_p_TCGA_b84_115_SNP_N_GenomeWideSNP_6_D09_771502	13	53527973	55469887	1255	-0.2849
DUNGS_p_TCGA_b84_115_SNP_N_GenomeWideSNP_6_D09_771502	13	55470390	55470437	2	1.5377
DUNGS_p_TCGA_b84_115_SNP_N_GenomeWideSNP_6_D09_771502	13	55470458	57680426	1110	-0.2981
DUNGS_p_TCGA_b84_115_SNP_N_GenomeWideSNP_6_D09_771502	13	57685670	57703201	12	0.3987
DUNGS_p_TCGA_b84_115_SNP_N_GenomeWideSNP_6_D09_771502	13	57703254	57816716	70	-0.2572
DUNGS_p_TCGA_b84_115_SNP_N_GenomeWideSNP_6_D09_771502	13	57816906	57906648	58	0.1687
DUNGS_p_TCGA_b84_115_SNP_N_GenomeWideSNP_6_D09_771502	13	57906957	58624079	373	-0.2938
DUNGS_p_TCGA_b84_115_SNP_N_GenomeWideSNP_6_D09_771502	13	58626085	60215512	1041	0.1022
DUNGS_p_TCGA_b84_115_SNP_N_GenomeWideSNP_6_D09_771502	13	60215655	60222001	8	-0.6649
DUNGS_p_TCGA_b84_115_SNP_N_GenomeWideSNP_6_D09_771502	13	60223177	61220793	561	0.0993
DUNGS_p_TCGA_b84_115_SNP_N_GenomeWideSNP_6_D09_771502	13	61222706	61225522	5	-0.6347
DUNGS_p_TCGA_b84_115_SNP_N_GenomeWideSNP_6_D09_771502	13	61225976	61529844	257	0.1478
DUNGS_p_TCGA_b84_115_SNP_N_GenomeWideSNP_6_D09_771502	13	61533684	65134656	2033	-0.2734
DUNGS_p_TCGA_b84_115_SNP_N_GenomeWideSNP_6_D09_771502	13	65134738	65352131	140	0.0927
DUNGS_p_TCGA_b84_115_SNP_N_GenomeWideSNP_6_D09_771502	13	65352251	65353495	2	-3.0678
DUNGS_p_TCGA_b84_115_SNP_N_GenomeWideSNP_6_D09_771502	13	65356283	65413714	41	0.1315
DUNGS_p_TCGA_b84_115_SNP_N_GenomeWideSNP_6_D09_771502	13	65416872	65424046	7	0.7928
DUNGS_p_TCGA_b84_115_SNP_N_GenomeWideSNP_6_D09_771502	13	65425446	66058087	325	0.1087
DUNGS_p_TCGA_b84_115_SNP_N_GenomeWideSNP_6_D09_771502	13	66058684	66924537	574	-0.3286
DUNGS_p_TCGA_b84_115_SNP_N_GenomeWideSNP_6_D09_771502	13	66928056	67407532	371	0.2528
DUNGS_p_TCGA_b84_115_SNP_N_GenomeWideSNP_6_D09_771502	13	67417310	67643005	174	-0.2473
DUNGS_p_TCGA_b84_115_SNP_N_GenomeWideSNP_6_D09_771502	13	67648856	67904704	179	0.1151
DUNGS_p_TCGA_b84_115_SNP_N_GenomeWideSNP_6_D09_771502	13	67905237	69248557	742	-0.3006
DUNGS_p_TCGA_b84_115_SNP_N_GenomeWideSNP_6_D09_771502	13	69248630	69259214	15	0.5844
DUNGS_p_TCGA_b84_115_SNP_N_GenomeWideSNP_6_D09_771502	13	69259272	69895210	492	-0.2977
DUNGS_p_TCGA_b84_115_SNP_N_GenomeWideSNP_6_D09_771502	13	69897436	72476424	1594	0.1175
DUNGS_p_TCGA_b84_115_SNP_N_GenomeWideSNP_6_D09_771502	13	72476988	72480605	6	1.0695
DUNGS_p_TCGA_b84_115_SNP_N_GenomeWideSNP_6_D09_771502	13	72486483	74101515	1197	0.1098
DUNGS_p_TCGA_b84_115_SNP_N_GenomeWideSNP_6_D09_771502	13	74103074	74530279	300	-0.3175
DUNGS_p_TCGA_b84_115_SNP_N_GenomeWideSNP_6_D09_771502	13	74530538	104403103	19950	0.1756
DUNGS_p_TCGA_b84_115_SNP_N_GenomeWideSNP_6_D09_771502	13	104403218	104403308	3	1.4913
DUNGS_p_TCGA_b84_115_SNP_N_GenomeWideSNP_6_D09_771502	13	104403374	105011740	478	0.408
DUNGS_p_TCGA_b84_115_SNP_N_GenomeWideSNP_6_D09_771502	13	105019874	106381523	1092	-0.2496
DUNGS_p_TCGA_b84_115_SNP_N_GenomeWideSNP_6_D09_771502	13	106381879	106382965	2	1.9175
DUNGS_p_TCGA_b84_115_SNP_N_GenomeWideSNP_6_D09_771502	13	106385740	115108397	6154	-0.3255
DUNGS_p_TCGA_b84_115_SNP_N_GenomeWideSNP_6_D09_771502	14	19002124	20253045	105	-0.2429
DUNGS_p_TCGA_b84_115_SNP_N_GenomeWideSNP_6_D09_771502	14	20253792	20392614	66	-0.63
DUNGS_p_TCGA_b84_115_SNP_N_GenomeWideSNP_6_D09_771502	14	20392786	24484459	2783	-0.2645
DUNGS_p_TCGA_b84_115_SNP_N_GenomeWideSNP_6_D09_771502	14	24488143	24489012	7	0.9225
DUNGS_p_TCGA_b84_115_SNP_N_GenomeWideSNP_6_D09_771502	14	24489019	26779642	1605	-0.3066
DUNGS_p_TCGA_b84_115_SNP_N_GenomeWideSNP_6_D09_771502	14	26783903	26783918	8	1.8039
DUNGS_p_TCGA_b84_115_SNP_N_GenomeWideSNP_6_D09_771502	14	26784913	28317226	893	-0.2807
DUNGS_p_TCGA_b84_115_SNP_N_GenomeWideSNP_6_D09_771502	14	28317391	28317438	2	-2.2593
DUNGS_p_TCGA_b84_115_SNP_N_GenomeWideSNP_6_D09_771502	14	28317455	40572241	7630	-0.2882
DUNGS_p_TCGA_b84_115_SNP_N_GenomeWideSNP_6_D09_771502	14	40572693	40574164	2	1.7335
DUNGS_p_TCGA_b84_115_SNP_N_GenomeWideSNP_6_D09_771502	14	40576813	41610496	748	-0.2942
DUNGS_p_TCGA_b84_115_SNP_N_GenomeWideSNP_6_D09_771502	14	41610690	41653977	12	-2.071
DUNGS_p_TCGA_b84_115_SNP_N_GenomeWideSNP_6_D09_771502	14	41657249	47696260	3532	-0.2701
DUNGS_p_TCGA_b84_115_SNP_N_GenomeWideSNP_6_D09_771502	14	47707336	47716983	8	-1.6112
DUNGS_p_TCGA_b84_115_SNP_N_GenomeWideSNP_6_D09_771502	14	47717447	48811656	723	-0.3007
DUNGS_p_TCGA_b84_115_SNP_N_GenomeWideSNP_6_D09_771502	14	48815832	48817794	2	1.8518
DUNGS_p_TCGA_b84_115_SNP_N_GenomeWideSNP_6_D09_771502	14	48817950	52404713	2222	-0.2901
DUNGS_p_TCGA_b84_115_SNP_N_GenomeWideSNP_6_D09_771502	14	52404879	52406750	4	-1.5703
DUNGS_p_TCGA_b84_115_SNP_N_GenomeWideSNP_6_D09_771502	14	52409630	63766986	7557	-0.2963
DUNGS_p_TCGA_b84_115_SNP_N_GenomeWideSNP_6_D09_771502	14	63775049	63775602	2	1.8923
DUNGS_p_TCGA_b84_115_SNP_N_GenomeWideSNP_6_D09_771502	14	63775684	68526104	2792	-0.2831
DUNGS_p_TCGA_b84_115_SNP_N_GenomeWideSNP_6_D09_771502	14	68527065	68527112	2	1.3805
DUNGS_p_TCGA_b84_115_SNP_N_GenomeWideSNP_6_D09_771502	14	68535913	79079959	6994	-0.2915
DUNGS_p_TCGA_b84_115_SNP_N_GenomeWideSNP_6_D09_771502	14	79083576	79087060	4	0.9248
DUNGS_p_TCGA_b84_115_SNP_N_GenomeWideSNP_6_D09_771502	14	79088695	82471133	2244	-0.3027
DUNGS_p_TCGA_b84_115_SNP_N_GenomeWideSNP_6_D09_771502	14	82474438	82480704	6	-1.1373
DUNGS_p_TCGA_b84_115_SNP_N_GenomeWideSNP_6_D09_771502	14	82481315	83301108	544	-0.3038
DUNGS_p_TCGA_b84_115_SNP_N_GenomeWideSNP_6_D09_771502	14	83302002	83304333	2	-3.8624
DUNGS_p_TCGA_b84_115_SNP_N_GenomeWideSNP_6_D09_771502	14	83304672	106342792	14653	-0.2919
DUNGS_p_TCGA_b84_115_SNP_N_GenomeWideSNP_6_D09_771502	14	106342902	106401518	11	0.828
DUNGS_p_TCGA_b84_115_SNP_N_GenomeWideSNP_6_D09_771502	14	106401676	106526966	47	-0.2888
DUNGS_p_TCGA_b84_115_SNP_N_GenomeWideSNP_6_D09_771502	14	106530364	106569463	19	0.4671
DUNGS_p_TCGA_b84_115_SNP_N_GenomeWideSNP_6_D09_771502	14	106574118	106747099	81	-0.2747
DUNGS_p_TCGA_b84_115_SNP_N_GenomeWideSNP_6_D09_771502	14	106750880	106754003	6	1.0846
DUNGS_p_TCGA_b84_115_SNP_N_GenomeWideSNP_6_D09_771502	14	106756858	106912376	92	0.0286
DUNGS_p_TCGA_b84_115_SNP_N_GenomeWideSNP_6_D09_771502	14	106912479	106914600	7	0.6659
DUNGS_p_TCGA_b84_115_SNP_N_GenomeWideSNP_6_D09_771502	14	106914651	107144459	131	-0.4449
DUNGS_p_TCGA_b84_115_SNP_N_GenomeWideSNP_6_D09_771502	14	107145272	107242390	77	-0.0347
DUNGS_p_TCGA_b84_115_SNP_N_GenomeWideSNP_6_D09_771502	14	107246846	107285437	22	-0.5264
DUNGS_p_TCGA_b84_115_SNP_N_GenomeWideSNP_6_D09_771502	15	20016328	20206939	48	-0.2023
DUNGS_p_TCGA_b84_115_SNP_N_GenomeWideSNP_6_D09_771502	15	20216955	20974739	149	0.3735
DUNGS_p_TCGA_b84_115_SNP_N_GenomeWideSNP_6_D09_771502	15	20976785	21007605	14	-0.371
DUNGS_p_TCGA_b84_115_SNP_N_GenomeWideSNP_6_D09_771502	15	21023634	21073525	13	0.4106
DUNGS_p_TCGA_b84_115_SNP_N_GenomeWideSNP_6_D09_771502	15	21073540	21119096	23	-0.1655
DUNGS_p_TCGA_b84_115_SNP_N_GenomeWideSNP_6_D09_771502	15	21121137	22311811	69	0.3418
DUNGS_p_TCGA_b84_115_SNP_N_GenomeWideSNP_6_D09_771502	15	22317512	22681250	109	0.7598
DUNGS_p_TCGA_b84_115_SNP_N_GenomeWideSNP_6_D09_771502	15	22751094	58315934	22235	-0.0831
DUNGS_p_TCGA_b84_115_SNP_N_GenomeWideSNP_6_D09_771502	15	58320408	58323972	2	2.1249
DUNGS_p_TCGA_b84_115_SNP_N_GenomeWideSNP_6_D09_771502	15	58325503	65184492	4898	-0.0869
DUNGS_p_TCGA_b84_115_SNP_N_GenomeWideSNP_6_D09_771502	15	65184548	65188424	2	1.6254
DUNGS_p_TCGA_b84_115_SNP_N_GenomeWideSNP_6_D09_771502	15	65188937	76892041	6834	-0.0806
DUNGS_p_TCGA_b84_115_SNP_N_GenomeWideSNP_6_D09_771502	15	76892193	76902179	14	-0.6634
DUNGS_p_TCGA_b84_115_SNP_N_GenomeWideSNP_6_D09_771502	15	76902194	82047494	3309	-0.0891
DUNGS_p_TCGA_b84_115_SNP_N_GenomeWideSNP_6_D09_771502	15	82048329	82059753	9	-1.0701
DUNGS_p_TCGA_b84_115_SNP_N_GenomeWideSNP_6_D09_771502	15	82059778	94187859	8216	-0.0751
DUNGS_p_TCGA_b84_115_SNP_N_GenomeWideSNP_6_D09_771502	15	94191330	94233963	32	0.454
DUNGS_p_TCGA_b84_115_SNP_N_GenomeWideSNP_6_D09_771502	15	94234321	101936157	5784	-0.0827
DUNGS_p_TCGA_b84_115_SNP_N_GenomeWideSNP_6_D09_771502	15	101936211	101948365	14	-0.8567
DUNGS_p_TCGA_b84_115_SNP_N_GenomeWideSNP_6_D09_771502	15	101950933	102469040	335	-0.0631
DUNGS_p_TCGA_b84_115_SNP_N_GenomeWideSNP_6_D09_771502	16	60777	18994675	12949	-0.1297
DUNGS_p_TCGA_b84_115_SNP_N_GenomeWideSNP_6_D09_771502	16	18994804	19000012	4	1.4856
DUNGS_p_TCGA_b84_115_SNP_N_GenomeWideSNP_6_D09_771502	16	19003181	19957323	606	-0.1586
DUNGS_p_TCGA_b84_115_SNP_N_GenomeWideSNP_6_D09_771502	16	19961565	19965832	9	-1.4256
DUNGS_p_TCGA_b84_115_SNP_N_GenomeWideSNP_6_D09_771502	16	19965875	20546937	440	-0.1173
DUNGS_p_TCGA_b84_115_SNP_N_GenomeWideSNP_6_D09_771502	16	20548334	20551431	3	-1.7875
DUNGS_p_TCGA_b84_115_SNP_N_GenomeWideSNP_6_D09_771502	16	20551865	29132881	5081	-0.1214
DUNGS_p_TCGA_b84_115_SNP_N_GenomeWideSNP_6_D09_771502	16	29132976	29133274	4	1.2222
DUNGS_p_TCGA_b84_115_SNP_N_GenomeWideSNP_6_D09_771502	16	29133565	29740645	171	-0.0755
DUNGS_p_TCGA_b84_115_SNP_N_GenomeWideSNP_6_D09_771502	16	29742593	29745155	2	-2.0655
DUNGS_p_TCGA_b84_115_SNP_N_GenomeWideSNP_6_D09_771502	16	29749535	29948136	68	-0.0271
DUNGS_p_TCGA_b84_115_SNP_N_GenomeWideSNP_6_D09_771502	16	29951902	29963462	5	-1.2376
DUNGS_p_TCGA_b84_115_SNP_N_GenomeWideSNP_6_D09_771502	16	29968015	31993930	738	-0.0912
DUNGS_p_TCGA_b84_115_SNP_N_GenomeWideSNP_6_D09_771502	16	31998182	32011371	7	-0.9704
DUNGS_p_TCGA_b84_115_SNP_N_GenomeWideSNP_6_D09_771502	16	32011849	34445096	468	-0.023
DUNGS_p_TCGA_b84_115_SNP_N_GenomeWideSNP_6_D09_771502	16	34447886	34767996	184	0.3754
DUNGS_p_TCGA_b84_115_SNP_N_GenomeWideSNP_6_D09_771502	16	34768011	55796594	6612	-0.1616
DUNGS_p_TCGA_b84_115_SNP_N_GenomeWideSNP_6_D09_771502	16	55798222	55798779	3	1.6456
DUNGS_p_TCGA_b84_115_SNP_N_GenomeWideSNP_6_D09_771502	16	55804348	70119753	8775	-0.155
DUNGS_p_TCGA_b84_115_SNP_N_GenomeWideSNP_6_D09_771502	16	70120130	70121423	2	1.4673
DUNGS_p_TCGA_b84_115_SNP_N_GenomeWideSNP_6_D09_771502	16	70121484	74384258	2455	-0.1519
DUNGS_p_TCGA_b84_115_SNP_N_GenomeWideSNP_6_D09_771502	16	74397058	74405191	4	-1.3457
DUNGS_p_TCGA_b84_115_SNP_N_GenomeWideSNP_6_D09_771502	16	74407012	75279838	502	-0.1586
DUNGS_p_TCGA_b84_115_SNP_N_GenomeWideSNP_6_D09_771502	16	75279917	75280173	2	-2.0463
DUNGS_p_TCGA_b84_115_SNP_N_GenomeWideSNP_6_D09_771502	16	75280527	78048960	2434	-0.1418
DUNGS_p_TCGA_b84_115_SNP_N_GenomeWideSNP_6_D09_771502	16	78049222	78050978	2	1.7643
DUNGS_p_TCGA_b84_115_SNP_N_GenomeWideSNP_6_D09_771502	16	78051377	78371608	278	-0.1496
DUNGS_p_TCGA_b84_115_SNP_N_GenomeWideSNP_6_D09_771502	16	78372440	78384738	16	-1.7926
DUNGS_p_TCGA_b84_115_SNP_N_GenomeWideSNP_6_D09_771502	16	78384765	86275856	8205	-0.1611
DUNGS_p_TCGA_b84_115_SNP_N_GenomeWideSNP_6_D09_771502	16	86276519	86277962	15	-0.9816
DUNGS_p_TCGA_b84_115_SNP_N_GenomeWideSNP_6_D09_771502	16	86279301	90287535	2434	-0.1748
DUNGS_p_TCGA_b84_115_SNP_N_GenomeWideSNP_6_D09_771502	17	526	941070	481	-0.0484
DUNGS_p_TCGA_b84_115_SNP_N_GenomeWideSNP_6_D09_771502	17	945564	950958	2	2.0972
DUNGS_p_TCGA_b84_115_SNP_N_GenomeWideSNP_6_D09_771502	17	958682	10245685	5550	-0.0544
DUNGS_p_TCGA_b84_115_SNP_N_GenomeWideSNP_6_D09_771502	17	10245864	10252030	2	-2.0587
DUNGS_p_TCGA_b84_115_SNP_N_GenomeWideSNP_6_D09_771502	17	10252056	10312026	41	0.0472
DUNGS_p_TCGA_b84_115_SNP_N_GenomeWideSNP_6_D09_771502	17	10312480	10313691	2	-1.9907
DUNGS_p_TCGA_b84_115_SNP_N_GenomeWideSNP_6_D09_771502	17	10315472	14376997	3065	-0.0712
DUNGS_p_TCGA_b84_115_SNP_N_GenomeWideSNP_6_D09_771502	17	14377505	14377614	2	-1.671
DUNGS_p_TCGA_b84_115_SNP_N_GenomeWideSNP_6_D09_771502	17	14380682	16653252	1372	-0.0119
DUNGS_p_TCGA_b84_115_SNP_N_GenomeWideSNP_6_D09_771502	17	16654301	16741515	15	-0.8946
DUNGS_p_TCGA_b84_115_SNP_N_GenomeWideSNP_6_D09_771502	17	16741528	17460368	451	-0.0701
DUNGS_p_TCGA_b84_115_SNP_N_GenomeWideSNP_6_D09_771502	17	17460674	17464014	3	1.3701
DUNGS_p_TCGA_b84_115_SNP_N_GenomeWideSNP_6_D09_771502	17	17466214	18358946	468	-0.0212
DUNGS_p_TCGA_b84_115_SNP_N_GenomeWideSNP_6_D09_771502	17	18358949	18440960	19	0.5527
DUNGS_p_TCGA_b84_115_SNP_N_GenomeWideSNP_6_D09_771502	17	18441308	18453437	5	-0.2332
DUNGS_p_TCGA_b84_115_SNP_N_GenomeWideSNP_6_D09_771502	17	18459272	18464586	2	1.901
DUNGS_p_TCGA_b84_115_SNP_N_GenomeWideSNP_6_D09_771502	17	18465221	18917672	167	0.0121
DUNGS_p_TCGA_b84_115_SNP_N_GenomeWideSNP_6_D09_771502	17	18917915	18922092	2	-2.3365
DUNGS_p_TCGA_b84_115_SNP_N_GenomeWideSNP_6_D09_771502	17	18922225	19093450	16	-0.1266
DUNGS_p_TCGA_b84_115_SNP_N_GenomeWideSNP_6_D09_771502	17	19093485	19093560	2	-2.8571
DUNGS_p_TCGA_b84_115_SNP_N_GenomeWideSNP_6_D09_771502	17	19130231	21214253	994	0.0107
DUNGS_p_TCGA_b84_115_SNP_N_GenomeWideSNP_6_D09_771502	17	21214526	21250418	9	-0.8272
DUNGS_p_TCGA_b84_115_SNP_N_GenomeWideSNP_6_D09_771502	17	21256508	32936013	4824	0.0854
DUNGS_p_TCGA_b84_115_SNP_N_GenomeWideSNP_6_D09_771502	17	32936539	32938034	2	-1.7101
DUNGS_p_TCGA_b84_115_SNP_N_GenomeWideSNP_6_D09_771502	17	32943643	34437128	911	0.0889
DUNGS_p_TCGA_b84_115_SNP_N_GenomeWideSNP_6_D09_771502	17	34439978	34586294	40	-0.2847
DUNGS_p_TCGA_b84_115_SNP_N_GenomeWideSNP_6_D09_771502	17	34629696	39430157	2561	0.1072
DUNGS_p_TCGA_b84_115_SNP_N_GenomeWideSNP_6_D09_771502	17	39430173	39430186	2	-2.7824
DUNGS_p_TCGA_b84_115_SNP_N_GenomeWideSNP_6_D09_771502	17	39430450	44045974	2420	0.0976
DUNGS_p_TCGA_b84_115_SNP_N_GenomeWideSNP_6_D09_771502	17	44046719	44047519	4	1.5456
DUNGS_p_TCGA_b84_115_SNP_N_GenomeWideSNP_6_D09_771502	17	44047908	44408662	221	0.1281
DUNGS_p_TCGA_b84_115_SNP_N_GenomeWideSNP_6_D09_771502	17	44408674	44752283	42	0.5844
DUNGS_p_TCGA_b84_115_SNP_N_GenomeWideSNP_6_D09_771502	17	44752300	79113163	20906	0.0994
DUNGS_p_TCGA_b84_115_SNP_N_GenomeWideSNP_6_D09_771502	17	79113441	79142261	9	-0.7782
DUNGS_p_TCGA_b84_115_SNP_N_GenomeWideSNP_6_D09_771502	17	79142519	81049726	724	0.0938
DUNGS_p_TCGA_b84_115_SNP_N_GenomeWideSNP_6_D09_771502	18	11543	1920119	1327	0.0865
DUNGS_p_TCGA_b84_115_SNP_N_GenomeWideSNP_6_D09_771502	18	1920436	1921138	11	-0.7461
DUNGS_p_TCGA_b84_115_SNP_N_GenomeWideSNP_6_D09_771502	18	1921369	2591047	517	0.1099
DUNGS_p_TCGA_b84_115_SNP_N_GenomeWideSNP_6_D09_771502	18	2591119	2617966	17	0.7838
DUNGS_p_TCGA_b84_115_SNP_N_GenomeWideSNP_6_D09_771502	18	2618015	15157849	8548	0.0926
DUNGS_p_TCGA_b84_115_SNP_N_GenomeWideSNP_6_D09_771502	18	15158341	15175018	3	-1.852
DUNGS_p_TCGA_b84_115_SNP_N_GenomeWideSNP_6_D09_771502	18	15177772	15276770	16	0.2594
DUNGS_p_TCGA_b84_115_SNP_N_GenomeWideSNP_6_D09_771502	18	15277602	15291709	5	-1.0212
DUNGS_p_TCGA_b84_115_SNP_N_GenomeWideSNP_6_D09_771502	18	15294027	55581707	24096	0.1069
DUNGS_p_TCGA_b84_115_SNP_N_GenomeWideSNP_6_D09_771502	18	55582924	55586063	2	1.7572
DUNGS_p_TCGA_b84_115_SNP_N_GenomeWideSNP_6_D09_771502	18	55586212	62223376	4837	0.099
DUNGS_p_TCGA_b84_115_SNP_N_GenomeWideSNP_6_D09_771502	18	62223923	62250410	15	0.7476
DUNGS_p_TCGA_b84_115_SNP_N_GenomeWideSNP_6_D09_771502	18	62251803	63637342	955	0.1456
DUNGS_p_TCGA_b84_115_SNP_N_GenomeWideSNP_6_D09_771502	18	63637562	63674947	26	0.598
DUNGS_p_TCGA_b84_115_SNP_N_GenomeWideSNP_6_D09_771502	18	63675708	66746270	2272	0.133
DUNGS_p_TCGA_b84_115_SNP_N_GenomeWideSNP_6_D09_771502	18	66746346	66746887	9	0.9247
DUNGS_p_TCGA_b84_115_SNP_N_GenomeWideSNP_6_D09_771502	18	66750937	74437995	5863	0.1345
DUNGS_p_TCGA_b84_115_SNP_N_GenomeWideSNP_6_D09_771502	18	74441415	74443626	3	-1.7198
DUNGS_p_TCGA_b84_115_SNP_N_GenomeWideSNP_6_D09_771502	18	74445024	78015057	2344	0.0786
DUNGS_p_TCGA_b84_115_SNP_N_GenomeWideSNP_6_D09_771502	19	90910	232496	4	0.3753
DUNGS_p_TCGA_b84_115_SNP_N_GenomeWideSNP_6_D09_771502	19	255564	2405116	536	-0.2607
DUNGS_p_TCGA_b84_115_SNP_N_GenomeWideSNP_6_D09_771502	19	2409865	2416945	9	-1.1509
DUNGS_p_TCGA_b84_115_SNP_N_GenomeWideSNP_6_D09_771502	19	2420094	6981697	1779	-0.2717
DUNGS_p_TCGA_b84_115_SNP_N_GenomeWideSNP_6_D09_771502	19	6981885	6987798	4	-1.6154
DUNGS_p_TCGA_b84_115_SNP_N_GenomeWideSNP_6_D09_771502	19	6988270	11988937	2377	-0.2812
DUNGS_p_TCGA_b84_115_SNP_N_GenomeWideSNP_6_D09_771502	19	11989748	11991638	4	-1.5533
DUNGS_p_TCGA_b84_115_SNP_N_GenomeWideSNP_6_D09_771502	19	11993045	18332400	3231	-0.2617
DUNGS_p_TCGA_b84_115_SNP_N_GenomeWideSNP_6_D09_771502	19	18335402	22320009	2053	0.0635
DUNGS_p_TCGA_b84_115_SNP_N_GenomeWideSNP_6_D09_771502	19	22336894	22338765	6	1.2725
DUNGS_p_TCGA_b84_115_SNP_N_GenomeWideSNP_6_D09_771502	19	22341905	43243670	10577	0.0894
DUNGS_p_TCGA_b84_115_SNP_N_GenomeWideSNP_6_D09_771502	19	43247525	43362652	42	0.5498
DUNGS_p_TCGA_b84_115_SNP_N_GenomeWideSNP_6_D09_771502	19	43368935	43842918	225	0.0528
DUNGS_p_TCGA_b84_115_SNP_N_GenomeWideSNP_6_D09_771502	19	43846238	43846394	2	-4.1533
DUNGS_p_TCGA_b84_115_SNP_N_GenomeWideSNP_6_D09_771502	19	43852601	44918777	716	0.1076
DUNGS_p_TCGA_b84_115_SNP_N_GenomeWideSNP_6_D09_771502	19	44918809	44918867	2	-1.749
DUNGS_p_TCGA_b84_115_SNP_N_GenomeWideSNP_6_D09_771502	19	44924785	46267453	600	0.0985
DUNGS_p_TCGA_b84_115_SNP_N_GenomeWideSNP_6_D09_771502	19	46276557	48517387	1027	-0.2645
DUNGS_p_TCGA_b84_115_SNP_N_GenomeWideSNP_6_D09_771502	19	48520517	53928764	3053	0.0978
DUNGS_p_TCGA_b84_115_SNP_N_GenomeWideSNP_6_D09_771502	19	53929764	53930317	2	-2.37
DUNGS_p_TCGA_b84_115_SNP_N_GenomeWideSNP_6_D09_771502	19	53938333	55326613	813	0.0536
DUNGS_p_TCGA_b84_115_SNP_N_GenomeWideSNP_6_D09_771502	19	55330654	55368203	19	-0.6727
DUNGS_p_TCGA_b84_115_SNP_N_GenomeWideSNP_6_D09_771502	19	55368363	55505208	77	0.106
DUNGS_p_TCGA_b84_115_SNP_N_GenomeWideSNP_6_D09_771502	19	55508705	55509688	3	-1.704
DUNGS_p_TCGA_b84_115_SNP_N_GenomeWideSNP_6_D09_771502	19	55509865	57804362	1448	0.0849
DUNGS_p_TCGA_b84_115_SNP_N_GenomeWideSNP_6_D09_771502	19	57804789	57891509	68	-0.2962
DUNGS_p_TCGA_b84_115_SNP_N_GenomeWideSNP_6_D09_771502	19	57894756	59097854	699	0.0809
DUNGS_p_TCGA_b84_115_SNP_N_GenomeWideSNP_6_D09_771502	20	61305	1560999	1207	0.0699
DUNGS_p_TCGA_b84_115_SNP_N_GenomeWideSNP_6_D09_771502	20	1561580	1593893	41	2.367
DUNGS_p_TCGA_b84_115_SNP_N_GenomeWideSNP_6_D09_771502	20	1597946	4820603	2395	0.0835
DUNGS_p_TCGA_b84_115_SNP_N_GenomeWideSNP_6_D09_771502	20	4821365	4835415	15	0.7044
DUNGS_p_TCGA_b84_115_SNP_N_GenomeWideSNP_6_D09_771502	20	4836440	5527482	468	0.05
DUNGS_p_TCGA_b84_115_SNP_N_GenomeWideSNP_6_D09_771502	20	5527783	5563232	21	0.5956
DUNGS_p_TCGA_b84_115_SNP_N_GenomeWideSNP_6_D09_771502	20	5568662	9307329	2980	0.1004
DUNGS_p_TCGA_b84_115_SNP_N_GenomeWideSNP_6_D09_771502	20	9308828	9816689	447	0.9751
DUNGS_p_TCGA_b84_115_SNP_N_GenomeWideSNP_6_D09_771502	20	9816738	11754809	1500	0.074
DUNGS_p_TCGA_b84_115_SNP_N_GenomeWideSNP_6_D09_771502	20	11759343	11981485	159	0.975
DUNGS_p_TCGA_b84_115_SNP_N_GenomeWideSNP_6_D09_771502	20	11986787	12889747	742	0.0878
DUNGS_p_TCGA_b84_115_SNP_N_GenomeWideSNP_6_D09_771502	20	12889863	12889864	2	1.9407
DUNGS_p_TCGA_b84_115_SNP_N_GenomeWideSNP_6_D09_771502	20	12890043	15159467	1578	0.1143
DUNGS_p_TCGA_b84_115_SNP_N_GenomeWideSNP_6_D09_771502	20	15159550	15160752	2	-1.0843
DUNGS_p_TCGA_b84_115_SNP_N_GenomeWideSNP_6_D09_771502	20	15161165	15301374	103	0.0947
DUNGS_p_TCGA_b84_115_SNP_N_GenomeWideSNP_6_D09_771502	20	15301902	15302049	2	-0.5906
DUNGS_p_TCGA_b84_115_SNP_N_GenomeWideSNP_6_D09_771502	20	15302374	15315658	13	0.6787
DUNGS_p_TCGA_b84_115_SNP_N_GenomeWideSNP_6_D09_771502	20	15316210	22183701	5544	0.0831
DUNGS_p_TCGA_b84_115_SNP_N_GenomeWideSNP_6_D09_771502	20	22186593	22186623	3	-0.2251
DUNGS_p_TCGA_b84_115_SNP_N_GenomeWideSNP_6_D09_771502	20	22187693	23340213	992	0.805
DUNGS_p_TCGA_b84_115_SNP_N_GenomeWideSNP_6_D09_771502	20	23342100	29533682	1890	1.2278
DUNGS_p_TCGA_b84_115_SNP_N_GenomeWideSNP_6_D09_771502	20	29533697	29838618	39	0.5883
DUNGS_p_TCGA_b84_115_SNP_N_GenomeWideSNP_6_D09_771502	20	29843878	32628240	1428	-0.2995
DUNGS_p_TCGA_b84_115_SNP_N_GenomeWideSNP_6_D09_771502	20	32629322	34210186	710	0.157
DUNGS_p_TCGA_b84_115_SNP_N_GenomeWideSNP_6_D09_771502	20	34211293	34260758	20	1.1186
DUNGS_p_TCGA_b84_115_SNP_N_GenomeWideSNP_6_D09_771502	20	34262011	34334793	34	0.7526
DUNGS_p_TCGA_b84_115_SNP_N_GenomeWideSNP_6_D09_771502	20	34338390	34892608	247	1.274
DUNGS_p_TCGA_b84_115_SNP_N_GenomeWideSNP_6_D09_771502	20	34952302	36482129	920	-0.2831
DUNGS_p_TCGA_b84_115_SNP_N_GenomeWideSNP_6_D09_771502	20	36485645	36498005	12	1.033
DUNGS_p_TCGA_b84_115_SNP_N_GenomeWideSNP_6_D09_771502	20	36501905	36990361	308	-0.3439
DUNGS_p_TCGA_b84_115_SNP_N_GenomeWideSNP_6_D09_771502	20	36991891	37064126	60	0.9381
DUNGS_p_TCGA_b84_115_SNP_N_GenomeWideSNP_6_D09_771502	20	37064636	37097383	15	-0.4007
DUNGS_p_TCGA_b84_115_SNP_N_GenomeWideSNP_6_D09_771502	20	37099552	37105058	4	0.9722
DUNGS_p_TCGA_b84_115_SNP_N_GenomeWideSNP_6_D09_771502	20	37105418	37551599	266	-0.3239
DUNGS_p_TCGA_b84_115_SNP_N_GenomeWideSNP_6_D09_771502	20	37560600	38339662	579	1.0646
DUNGS_p_TCGA_b84_115_SNP_N_GenomeWideSNP_6_D09_771502	20	38342557	38779805	328	-0.3401
DUNGS_p_TCGA_b84_115_SNP_N_GenomeWideSNP_6_D09_771502	20	38781814	38849809	49	0.9873
DUNGS_p_TCGA_b84_115_SNP_N_GenomeWideSNP_6_D09_771502	20	38851190	39600329	560	-0.3286
DUNGS_p_TCGA_b84_115_SNP_N_GenomeWideSNP_6_D09_771502	20	39603099	39651913	30	1.0114
DUNGS_p_TCGA_b84_115_SNP_N_GenomeWideSNP_6_D09_771502	20	39656013	40301505	318	-0.3436
DUNGS_p_TCGA_b84_115_SNP_N_GenomeWideSNP_6_D09_771502	20	40305351	40309582	5	1.0452
DUNGS_p_TCGA_b84_115_SNP_N_GenomeWideSNP_6_D09_771502	20	40313801	40318009	7	-0.4867
DUNGS_p_TCGA_b84_115_SNP_N_GenomeWideSNP_6_D09_771502	20	40322048	40356947	22	1.6619
DUNGS_p_TCGA_b84_115_SNP_N_GenomeWideSNP_6_D09_771502	20	40356968	41984423	1475	0.9928
DUNGS_p_TCGA_b84_115_SNP_N_GenomeWideSNP_6_D09_771502	20	41989206	42158272	109	-0.3746
DUNGS_p_TCGA_b84_115_SNP_N_GenomeWideSNP_6_D09_771502	20	42162030	42189242	28	0.8922
DUNGS_p_TCGA_b84_115_SNP_N_GenomeWideSNP_6_D09_771502	20	42193456	42197904	7	1.5761
DUNGS_p_TCGA_b84_115_SNP_N_GenomeWideSNP_6_D09_771502	20	42201801	43427968	786	-0.3224
DUNGS_p_TCGA_b84_115_SNP_N_GenomeWideSNP_6_D09_771502	20	43435413	43480202	28	0.925
DUNGS_p_TCGA_b84_115_SNP_N_GenomeWideSNP_6_D09_771502	20	43486026	44922909	923	-0.3337
DUNGS_p_TCGA_b84_115_SNP_N_GenomeWideSNP_6_D09_771502	20	44926877	46219223	984	1.2355
DUNGS_p_TCGA_b84_115_SNP_N_GenomeWideSNP_6_D09_771502	20	46227049	48287629	1481	-0.3248
DUNGS_p_TCGA_b84_115_SNP_N_GenomeWideSNP_6_D09_771502	20	48294822	48340096	27	1.0607
DUNGS_p_TCGA_b84_115_SNP_N_GenomeWideSNP_6_D09_771502	20	48342265	52657717	3149	-0.292
DUNGS_p_TCGA_b84_115_SNP_N_GenomeWideSNP_6_D09_771502	20	52658073	52658164	2	2.5619
DUNGS_p_TCGA_b84_115_SNP_N_GenomeWideSNP_6_D09_771502	20	52658519	53312768	565	-0.246
DUNGS_p_TCGA_b84_115_SNP_N_GenomeWideSNP_6_D09_771502	20	53313506	53314174	3	-1.2878
DUNGS_p_TCGA_b84_115_SNP_N_GenomeWideSNP_6_D09_771502	20	53314281	53539558	204	-0.2997
DUNGS_p_TCGA_b84_115_SNP_N_GenomeWideSNP_6_D09_771502	20	53539589	53540546	3	1.0675
DUNGS_p_TCGA_b84_115_SNP_N_GenomeWideSNP_6_D09_771502	20	53542818	56431171	2348	-0.2601
DUNGS_p_TCGA_b84_115_SNP_N_GenomeWideSNP_6_D09_771502	20	56431237	56435341	5	0.7104
DUNGS_p_TCGA_b84_115_SNP_N_GenomeWideSNP_6_D09_771502	20	56436209	58294521	1418	-0.2118
DUNGS_p_TCGA_b84_115_SNP_N_GenomeWideSNP_6_D09_771502	20	58295877	58513911	146	0.1699
DUNGS_p_TCGA_b84_115_SNP_N_GenomeWideSNP_6_D09_771502	20	58517616	60678612	1868	-0.2548
DUNGS_p_TCGA_b84_115_SNP_N_GenomeWideSNP_6_D09_771502	20	60680278	61179294	196	0.1392
DUNGS_p_TCGA_b84_115_SNP_N_GenomeWideSNP_6_D09_771502	20	61179388	61182062	2	2.1297
DUNGS_p_TCGA_b84_115_SNP_N_GenomeWideSNP_6_D09_771502	20	61183145	62956153	712	0.1308
DUNGS_p_TCGA_b84_115_SNP_N_GenomeWideSNP_6_D09_771502	21	10736871	10956144	40	-0.6354
DUNGS_p_TCGA_b84_115_SNP_N_GenomeWideSNP_6_D09_771502	21	10956147	11069316	52	0.0475
DUNGS_p_TCGA_b84_115_SNP_N_GenomeWideSNP_6_D09_771502	21	11069440	14436791	37	-0.4932
DUNGS_p_TCGA_b84_115_SNP_N_GenomeWideSNP_6_D09_771502	21	14446712	14955637	206	0.1051
DUNGS_p_TCGA_b84_115_SNP_N_GenomeWideSNP_6_D09_771502	21	14965987	15087953	64	-0.2338
DUNGS_p_TCGA_b84_115_SNP_N_GenomeWideSNP_6_D09_771502	21	15088034	19584603	2996	0.0886
DUNGS_p_TCGA_b84_115_SNP_N_GenomeWideSNP_6_D09_771502	21	19584708	19639577	30	0.4961
DUNGS_p_TCGA_b84_115_SNP_N_GenomeWideSNP_6_D09_771502	21	19640476	24429897	3619	0.1001
DUNGS_p_TCGA_b84_115_SNP_N_GenomeWideSNP_6_D09_771502	21	24429912	24433170	15	0.8338
DUNGS_p_TCGA_b84_115_SNP_N_GenomeWideSNP_6_D09_771502	21	24433336	44717198	15446	0.0756
DUNGS_p_TCGA_b84_115_SNP_N_GenomeWideSNP_6_D09_771502	21	44726980	44733280	6	1.0022
DUNGS_p_TCGA_b84_115_SNP_N_GenomeWideSNP_6_D09_771502	21	44739048	44801392	46	-0.0982
DUNGS_p_TCGA_b84_115_SNP_N_GenomeWideSNP_6_D09_771502	21	44809619	44815655	8	0.9915
DUNGS_p_TCGA_b84_115_SNP_N_GenomeWideSNP_6_D09_771502	21	44815868	45629368	457	0.0624
DUNGS_p_TCGA_b84_115_SNP_N_GenomeWideSNP_6_D09_771502	21	45630487	45635075	5	-1.1073
DUNGS_p_TCGA_b84_115_SNP_N_GenomeWideSNP_6_D09_771502	21	45636404	47749657	1159	0.0581
DUNGS_p_TCGA_b84_115_SNP_N_GenomeWideSNP_6_D09_771502	21	47754863	47757792	3	-1.475
DUNGS_p_TCGA_b84_115_SNP_N_GenomeWideSNP_6_D09_771502	21	47758150	48022144	180	0.0277
DUNGS_p_TCGA_b84_115_SNP_N_GenomeWideSNP_6_D09_771502	21	48023250	48025794	3	1.7276
DUNGS_p_TCGA_b84_115_SNP_N_GenomeWideSNP_6_D09_771502	21	48026443	48096957	61	-0.0325
DUNGS_p_TCGA_b84_115_SNP_N_GenomeWideSNP_6_D09_771502	22	16052528	16649985	92	-0.2794
DUNGS_p_TCGA_b84_115_SNP_N_GenomeWideSNP_6_D09_771502	22	16653212	24271745	4500	0.0922
DUNGS_p_TCGA_b84_115_SNP_N_GenomeWideSNP_6_D09_771502	22	24283016	24330218	26	-0.4325
DUNGS_p_TCGA_b84_115_SNP_N_GenomeWideSNP_6_D09_771502	22	24330269	24332933	4	-1.8695
DUNGS_p_TCGA_b84_115_SNP_N_GenomeWideSNP_6_D09_771502	22	24337307	49503943	17947	0.0873
DUNGS_p_TCGA_b84_115_SNP_N_GenomeWideSNP_6_D09_771502	22	49504256	49504535	2	2.0876
DUNGS_p_TCGA_b84_115_SNP_N_GenomeWideSNP_6_D09_771502	22	49504707	51234455	1012	0.0721
DUNGS_p_TCGA_b84_115_SNP_N_GenomeWideSNP_6_D09_771502	X	168477	2703955	98	-0.2206
DUNGS_p_TCGA_b84_115_SNP_N_GenomeWideSNP_6_D09_771502	X	2706944	2716346	18	-1.497
DUNGS_p_TCGA_b84_115_SNP_N_GenomeWideSNP_6_D09_771502	X	2717033	2718135	4	-4.8326
DUNGS_p_TCGA_b84_115_SNP_N_GenomeWideSNP_6_D09_771502	X	2719111	3114344	278	-0.7892
DUNGS_p_TCGA_b84_115_SNP_N_GenomeWideSNP_6_D09_771502	X	3114667	3116788	2	-5.7797
DUNGS_p_TCGA_b84_115_SNP_N_GenomeWideSNP_6_D09_771502	X	3118075	3484142	317	-0.8879
DUNGS_p_TCGA_b84_115_SNP_N_GenomeWideSNP_6_D09_771502	X	3486289	3494893	5	-3.7993
DUNGS_p_TCGA_b84_115_SNP_N_GenomeWideSNP_6_D09_771502	X	3495213	3576769	50	-0.7964
DUNGS_p_TCGA_b84_115_SNP_N_GenomeWideSNP_6_D09_771502	X	3578342	9532024	4508	0.1659
DUNGS_p_TCGA_b84_115_SNP_N_GenomeWideSNP_6_D09_771502	X	9534432	9544617	13	-0.6926
DUNGS_p_TCGA_b84_115_SNP_N_GenomeWideSNP_6_D09_771502	X	9545484	9561543	16	0.2823
DUNGS_p_TCGA_b84_115_SNP_N_GenomeWideSNP_6_D09_771502	X	9565030	10374159	663	-0.8914
DUNGS_p_TCGA_b84_115_SNP_N_GenomeWideSNP_6_D09_771502	X	10375502	10375537	2	-5.1501
DUNGS_p_TCGA_b84_115_SNP_N_GenomeWideSNP_6_D09_771502	X	10375696	10852437	260	-0.9054
DUNGS_p_TCGA_b84_115_SNP_N_GenomeWideSNP_6_D09_771502	X	10867175	15727240	3494	0.1349
DUNGS_p_TCGA_b84_115_SNP_N_GenomeWideSNP_6_D09_771502	X	15727977	15731340	3	-2.0199
DUNGS_p_TCGA_b84_115_SNP_N_GenomeWideSNP_6_D09_771502	X	15734885	17359356	969	0.102
DUNGS_p_TCGA_b84_115_SNP_N_GenomeWideSNP_6_D09_771502	X	17371318	17372635	3	1.6077
DUNGS_p_TCGA_b84_115_SNP_N_GenomeWideSNP_6_D09_771502	X	17372796	19188417	937	0.1064
DUNGS_p_TCGA_b84_115_SNP_N_GenomeWideSNP_6_D09_771502	X	19196522	19199040	4	1.4494
DUNGS_p_TCGA_b84_115_SNP_N_GenomeWideSNP_6_D09_771502	X	19199243	19353251	113	-0.0053
DUNGS_p_TCGA_b84_115_SNP_N_GenomeWideSNP_6_D09_771502	X	19358618	19460590	56	0.5885
DUNGS_p_TCGA_b84_115_SNP_N_GenomeWideSNP_6_D09_771502	X	19466303	19468718	2	-1.8352
DUNGS_p_TCGA_b84_115_SNP_N_GenomeWideSNP_6_D09_771502	X	19472245	19474851	5	1.541
DUNGS_p_TCGA_b84_115_SNP_N_GenomeWideSNP_6_D09_771502	X	19474932	20448581	465	0.7263
DUNGS_p_TCGA_b84_115_SNP_N_GenomeWideSNP_6_D09_771502	X	20452946	23608856	2139	0.1346
DUNGS_p_TCGA_b84_115_SNP_N_GenomeWideSNP_6_D09_771502	X	23612414	23625456	24	-1.0488
DUNGS_p_TCGA_b84_115_SNP_N_GenomeWideSNP_6_D09_771502	X	23625855	23628732	9	-1.9323
DUNGS_p_TCGA_b84_115_SNP_N_GenomeWideSNP_6_D09_771502	X	23629569	23719422	70	-0.7967
DUNGS_p_TCGA_b84_115_SNP_N_GenomeWideSNP_6_D09_771502	X	23720844	25811009	1247	0.1028
DUNGS_p_TCGA_b84_115_SNP_N_GenomeWideSNP_6_D09_771502	X	25811099	25815034	4	1.288
DUNGS_p_TCGA_b84_115_SNP_N_GenomeWideSNP_6_D09_771502	X	25815337	26753538	585	0.0909
DUNGS_p_TCGA_b84_115_SNP_N_GenomeWideSNP_6_D09_771502	X	26756519	27025676	183	0.6818
DUNGS_p_TCGA_b84_115_SNP_N_GenomeWideSNP_6_D09_771502	X	27029690	27280154	162	0.1016
DUNGS_p_TCGA_b84_115_SNP_N_GenomeWideSNP_6_D09_771502	X	27280553	27280950	3	-1.7273
DUNGS_p_TCGA_b84_115_SNP_N_GenomeWideSNP_6_D09_771502	X	27284479	27832830	390	0.1462
DUNGS_p_TCGA_b84_115_SNP_N_GenomeWideSNP_6_D09_771502	X	27835051	32014232	2700	-0.9396
DUNGS_p_TCGA_b84_115_SNP_N_GenomeWideSNP_6_D09_771502	X	32014627	32015108	3	-5.2161
DUNGS_p_TCGA_b84_115_SNP_N_GenomeWideSNP_6_D09_771502	X	32015376	32398352	318	-1.0202
DUNGS_p_TCGA_b84_115_SNP_N_GenomeWideSNP_6_D09_771502	X	32404531	33762941	1041	0.1893
DUNGS_p_TCGA_b84_115_SNP_N_GenomeWideSNP_6_D09_771502	X	33763122	33780725	9	-0.8636
DUNGS_p_TCGA_b84_115_SNP_N_GenomeWideSNP_6_D09_771502	X	33781746	34139509	265	0.1615
DUNGS_p_TCGA_b84_115_SNP_N_GenomeWideSNP_6_D09_771502	X	34140274	34376665	165	-1.0113
DUNGS_p_TCGA_b84_115_SNP_N_GenomeWideSNP_6_D09_771502	X	34376900	34509205	97	0.1151
DUNGS_p_TCGA_b84_115_SNP_N_GenomeWideSNP_6_D09_771502	X	34509448	34512723	4	1.3859
DUNGS_p_TCGA_b84_115_SNP_N_GenomeWideSNP_6_D09_771502	X	34513174	34524463	11	0.3085
DUNGS_p_TCGA_b84_115_SNP_N_GenomeWideSNP_6_D09_771502	X	34525216	34538696	3	1.3798
DUNGS_p_TCGA_b84_115_SNP_N_GenomeWideSNP_6_D09_771502	X	34539922	34563356	14	0.2077
DUNGS_p_TCGA_b84_115_SNP_N_GenomeWideSNP_6_D09_771502	X	34568072	34584809	14	-0.5244
DUNGS_p_TCGA_b84_115_SNP_N_GenomeWideSNP_6_D09_771502	X	34586849	34589900	3	1.5817
DUNGS_p_TCGA_b84_115_SNP_N_GenomeWideSNP_6_D09_771502	X	34595722	35873605	746	0.0985
DUNGS_p_TCGA_b84_115_SNP_N_GenomeWideSNP_6_D09_771502	X	35873678	37325600	767	-0.9714
DUNGS_p_TCGA_b84_115_SNP_N_GenomeWideSNP_6_D09_771502	X	37325713	37329253	5	-3.8565
DUNGS_p_TCGA_b84_115_SNP_N_GenomeWideSNP_6_D09_771502	X	37333891	37853761	297	-1.0111
DUNGS_p_TCGA_b84_115_SNP_N_GenomeWideSNP_6_D09_771502	X	37854365	37854449	2	-5.3443
DUNGS_p_TCGA_b84_115_SNP_N_GenomeWideSNP_6_D09_771502	X	37854520	38008727	110	-0.8931
DUNGS_p_TCGA_b84_115_SNP_N_GenomeWideSNP_6_D09_771502	X	38011836	38012755	3	-3.4073
DUNGS_p_TCGA_b84_115_SNP_N_GenomeWideSNP_6_D09_771502	X	38014346	39162414	837	-0.898
DUNGS_p_TCGA_b84_115_SNP_N_GenomeWideSNP_6_D09_771502	X	39166000	39166975	2	-4.0276
DUNGS_p_TCGA_b84_115_SNP_N_GenomeWideSNP_6_D09_771502	X	39167043	39360421	153	-0.9291
DUNGS_p_TCGA_b84_115_SNP_N_GenomeWideSNP_6_D09_771502	X	39360461	39360803	4	-3.8775
DUNGS_p_TCGA_b84_115_SNP_N_GenomeWideSNP_6_D09_771502	X	39363899	39587067	132	-0.9407
DUNGS_p_TCGA_b84_115_SNP_N_GenomeWideSNP_6_D09_771502	X	39595987	42229642	1345	0.1197
DUNGS_p_TCGA_b84_115_SNP_N_GenomeWideSNP_6_D09_771502	X	42229888	43248706	558	-0.8267
DUNGS_p_TCGA_b84_115_SNP_N_GenomeWideSNP_6_D09_771502	X	43254320	85902171	18447	0.0917
DUNGS_p_TCGA_b84_115_SNP_N_GenomeWideSNP_6_D09_771502	X	85907632	85912480	3	-2.2501
DUNGS_p_TCGA_b84_115_SNP_N_GenomeWideSNP_6_D09_771502	X	85912658	86300130	238	0.1108
DUNGS_p_TCGA_b84_115_SNP_N_GenomeWideSNP_6_D09_771502	X	86300266	86301288	3	-1.875
DUNGS_p_TCGA_b84_115_SNP_N_GenomeWideSNP_6_D09_771502	X	86304761	92712678	3195	0.1022
DUNGS_p_TCGA_b84_115_SNP_N_GenomeWideSNP_6_D09_771502	X	92713051	92714303	3	-1.6713
DUNGS_p_TCGA_b84_115_SNP_N_GenomeWideSNP_6_D09_771502	X	92715812	115112011	12242	0.1047
DUNGS_p_TCGA_b84_115_SNP_N_GenomeWideSNP_6_D09_771502	X	115112755	115166649	24	-0.4694
DUNGS_p_TCGA_b84_115_SNP_N_GenomeWideSNP_6_D09_771502	X	115166963	118019605	1810	0.1106
DUNGS_p_TCGA_b84_115_SNP_N_GenomeWideSNP_6_D09_771502	X	118021051	118022796	3	-4.0973
DUNGS_p_TCGA_b84_115_SNP_N_GenomeWideSNP_6_D09_771502	X	118022916	134768895	9457	0.1162
DUNGS_p_TCGA_b84_115_SNP_N_GenomeWideSNP_6_D09_771502	X	134769215	134769458	3	-1.7211
DUNGS_p_TCGA_b84_115_SNP_N_GenomeWideSNP_6_D09_771502	X	134769596	135930207	690	0.1264
DUNGS_p_TCGA_b84_115_SNP_N_GenomeWideSNP_6_D09_771502	X	135940008	135940095	2	-1.9135
DUNGS_p_TCGA_b84_115_SNP_N_GenomeWideSNP_6_D09_771502	X	135940359	138884606	1853	0.1229
DUNGS_p_TCGA_b84_115_SNP_N_GenomeWideSNP_6_D09_771502	X	138884749	138899005	6	1.1599
DUNGS_p_TCGA_b84_115_SNP_N_GenomeWideSNP_6_D09_771502	X	138899892	139469669	300	0.1123
DUNGS_p_TCGA_b84_115_SNP_N_GenomeWideSNP_6_D09_771502	X	139474591	139500328	13	0.8517
DUNGS_p_TCGA_b84_115_SNP_N_GenomeWideSNP_6_D09_771502	X	139500899	139537196	36	0.1121
DUNGS_p_TCGA_b84_115_SNP_N_GenomeWideSNP_6_D09_771502	X	139537575	139541809	2	-3.0478
DUNGS_p_TCGA_b84_115_SNP_N_GenomeWideSNP_6_D09_771502	X	139542140	140673384	618	0.1292
DUNGS_p_TCGA_b84_115_SNP_N_GenomeWideSNP_6_D09_771502	X	140673423	140681794	4	-1.5858
DUNGS_p_TCGA_b84_115_SNP_N_GenomeWideSNP_6_D09_771502	X	140683977	140809046	82	0.0375
DUNGS_p_TCGA_b84_115_SNP_N_GenomeWideSNP_6_D09_771502	X	140809055	140856853	21	0.685
DUNGS_p_TCGA_b84_115_SNP_N_GenomeWideSNP_6_D09_771502	X	140857249	141898402	842	0.0867
DUNGS_p_TCGA_b84_115_SNP_N_GenomeWideSNP_6_D09_771502	X	141900208	141927962	25	0.6719
DUNGS_p_TCGA_b84_115_SNP_N_GenomeWideSNP_6_D09_771502	X	141927972	143626060	1087	0.1095
DUNGS_p_TCGA_b84_115_SNP_N_GenomeWideSNP_6_D09_771502	X	143631490	143634550	3	-1.9504
DUNGS_p_TCGA_b84_115_SNP_N_GenomeWideSNP_6_D09_771502	X	143637684	155182354	6941	0.102
DUNGS_p_TCGA_b84_115_SNP_N_GenomeWideSNP_6_D09_771502	Y	2650438	19574890	5665	-0.6581
DUNGS_p_TCGA_b84_115_SNP_N_GenomeWideSNP_6_D09_771502	Y	19576544	19727694	82	-0.986
DUNGS_p_TCGA_b84_115_SNP_N_GenomeWideSNP_6_D09_771502	Y	19727802	23653771	1599	-0.6798
DUNGS_p_TCGA_b84_115_SNP_N_GenomeWideSNP_6_D09_771502	Y	23683731	23744028	21	-1.4853
DUNGS_p_TCGA_b84_115_SNP_N_GenomeWideSNP_6_D09_771502	Y	23747559	24020771	109	-0.6322
DUNGS_p_TCGA_b84_115_SNP_N_GenomeWideSNP_6_D09_771502	Y	24023071	24119779	4	0.9518
DUNGS_p_TCGA_b84_115_SNP_N_GenomeWideSNP_6_D09_771502	Y	24177818	59018259	1155	-0.8205
