Sample	Chromosome	Start	End	Num_Probes	Segment_Mean
DUNGS_p_TCGA_b84_115_SNP_N_GenomeWideSNP_6_A07_771588	1	3218610	35192329	16860	0.003
DUNGS_p_TCGA_b84_115_SNP_N_GenomeWideSNP_6_A07_771588	1	35196147	35196814	2	-1.0643
DUNGS_p_TCGA_b84_115_SNP_N_GenomeWideSNP_6_A07_771588	1	35199509	41770312	3340	-0.0112
DUNGS_p_TCGA_b84_115_SNP_N_GenomeWideSNP_6_A07_771588	1	41774354	41775255	2	-1.0859
DUNGS_p_TCGA_b84_115_SNP_N_GenomeWideSNP_6_A07_771588	1	41783083	113767257	43451	8e-04
DUNGS_p_TCGA_b84_115_SNP_N_GenomeWideSNP_6_A07_771588	1	113767751	113773981	2	-1.0402
DUNGS_p_TCGA_b84_115_SNP_N_GenomeWideSNP_6_A07_771588	1	113774114	165391382	13244	-0.0066
DUNGS_p_TCGA_b84_115_SNP_N_GenomeWideSNP_6_A07_771588	1	165391951	165392629	3	-1.1507
DUNGS_p_TCGA_b84_115_SNP_N_GenomeWideSNP_6_A07_771588	1	165393845	166620146	945	9e-04
DUNGS_p_TCGA_b84_115_SNP_N_GenomeWideSNP_6_A07_771588	1	166620276	166621006	3	0.8087
DUNGS_p_TCGA_b84_115_SNP_N_GenomeWideSNP_6_A07_771588	1	166623387	191681796	15683	-0.0074
DUNGS_p_TCGA_b84_115_SNP_N_GenomeWideSNP_6_A07_771588	1	191688183	191740205	26	-1.037
DUNGS_p_TCGA_b84_115_SNP_N_GenomeWideSNP_6_A07_771588	1	191741380	247813706	35640	0
DUNGS_p_TCGA_b84_115_SNP_N_GenomeWideSNP_6_A07_771588	2	484222	6657578	3536	0.0209
DUNGS_p_TCGA_b84_115_SNP_N_GenomeWideSNP_6_A07_771588	2	6658248	6658380	2	-0.8128
DUNGS_p_TCGA_b84_115_SNP_N_GenomeWideSNP_6_A07_771588	2	6659744	80777394	43084	4e-04
DUNGS_p_TCGA_b84_115_SNP_N_GenomeWideSNP_6_A07_771588	2	80777558	80779783	3	-0.897
DUNGS_p_TCGA_b84_115_SNP_N_GenomeWideSNP_6_A07_771588	2	80782078	188230471	53568	-0.0013
DUNGS_p_TCGA_b84_115_SNP_N_GenomeWideSNP_6_A07_771588	2	188231993	188238406	5	-1.2649
DUNGS_p_TCGA_b84_115_SNP_N_GenomeWideSNP_6_A07_771588	2	188241953	189170838	390	0.0275
DUNGS_p_TCGA_b84_115_SNP_N_GenomeWideSNP_6_A07_771588	2	189174910	189181868	5	0.5912
DUNGS_p_TCGA_b84_115_SNP_N_GenomeWideSNP_6_A07_771588	2	189255251	190944165	928	-0.0115
DUNGS_p_TCGA_b84_115_SNP_N_GenomeWideSNP_6_A07_771588	2	190946600	190946886	2	0.8748
DUNGS_p_TCGA_b84_115_SNP_N_GenomeWideSNP_6_A07_771588	2	190948115	242476062	29838	-0.0023
DUNGS_p_TCGA_b84_115_SNP_N_GenomeWideSNP_6_A07_771588	3	2212571	67568062	38309	-0.0029
DUNGS_p_TCGA_b84_115_SNP_N_GenomeWideSNP_6_A07_771588	3	67569431	67572725	2	-1.1836
DUNGS_p_TCGA_b84_115_SNP_N_GenomeWideSNP_6_A07_771588	3	67575240	197538677	68117	6e-04
DUNGS_p_TCGA_b84_115_SNP_N_GenomeWideSNP_6_A07_771588	4	1053934	29316074	17687	0.002
DUNGS_p_TCGA_b84_115_SNP_N_GenomeWideSNP_6_A07_771588	4	29318239	29318249	2	-2.4528
DUNGS_p_TCGA_b84_115_SNP_N_GenomeWideSNP_6_A07_771588	4	29318265	36536256	4134	0.0105
DUNGS_p_TCGA_b84_115_SNP_N_GenomeWideSNP_6_A07_771588	4	36540003	36540033	2	-0.9834
DUNGS_p_TCGA_b84_115_SNP_N_GenomeWideSNP_6_A07_771588	4	36546041	75013924	18501	0.0048
DUNGS_p_TCGA_b84_115_SNP_N_GenomeWideSNP_6_A07_771588	4	75014770	75014894	2	-0.9504
DUNGS_p_TCGA_b84_115_SNP_N_GenomeWideSNP_6_A07_771588	4	75015750	83277761	5003	-0.0108
DUNGS_p_TCGA_b84_115_SNP_N_GenomeWideSNP_6_A07_771588	4	83278793	83279403	2	-1.4745
DUNGS_p_TCGA_b84_115_SNP_N_GenomeWideSNP_6_A07_771588	4	83284160	188763651	57461	0.0014
DUNGS_p_TCGA_b84_115_SNP_N_GenomeWideSNP_6_A07_771588	5	914233	7286388	4570	0.0196
DUNGS_p_TCGA_b84_115_SNP_N_GenomeWideSNP_6_A07_771588	5	7299700	7302893	2	-0.9146
DUNGS_p_TCGA_b84_115_SNP_N_GenomeWideSNP_6_A07_771588	5	7303876	108892559	52686	-3e-04
DUNGS_p_TCGA_b84_115_SNP_N_GenomeWideSNP_6_A07_771588	5	108908680	108909459	3	-1.2915
DUNGS_p_TCGA_b84_115_SNP_N_GenomeWideSNP_6_A07_771588	5	108913144	141470338	18899	-0.0012
DUNGS_p_TCGA_b84_115_SNP_N_GenomeWideSNP_6_A07_771588	5	141471310	141475366	3	-1.1378
DUNGS_p_TCGA_b84_115_SNP_N_GenomeWideSNP_6_A07_771588	5	141479833	143207100	1266	-0.033
DUNGS_p_TCGA_b84_115_SNP_N_GenomeWideSNP_6_A07_771588	5	143207655	143208229	5	0.6557
DUNGS_p_TCGA_b84_115_SNP_N_GenomeWideSNP_6_A07_771588	5	143208798	180360469	23119	-0.0014
DUNGS_p_TCGA_b84_115_SNP_N_GenomeWideSNP_6_A07_771588	6	1014281	147405624	82567	-0.0036
DUNGS_p_TCGA_b84_115_SNP_N_GenomeWideSNP_6_A07_771588	6	147408126	147408639	2	-0.9662
DUNGS_p_TCGA_b84_115_SNP_N_GenomeWideSNP_6_A07_771588	6	147408980	170903919	13970	0.0014
DUNGS_p_TCGA_b84_115_SNP_N_GenomeWideSNP_6_A07_771588	7	705284	23832673	12063	0.0034
DUNGS_p_TCGA_b84_115_SNP_N_GenomeWideSNP_6_A07_771588	7	23833139	23833224	2	1.0625
DUNGS_p_TCGA_b84_115_SNP_N_GenomeWideSNP_6_A07_771588	7	23840015	66922350	22327	0.002
DUNGS_p_TCGA_b84_115_SNP_N_GenomeWideSNP_6_A07_771588	7	66925527	66925725	2	0.7977
DUNGS_p_TCGA_b84_115_SNP_N_GenomeWideSNP_6_A07_771588	7	66926630	158385118	46969	0.0035
DUNGS_p_TCGA_b84_115_SNP_N_GenomeWideSNP_6_A07_771588	8	617667	14253318	6307	0.0078
DUNGS_p_TCGA_b84_115_SNP_N_GenomeWideSNP_6_A07_771588	8	14253354	14253858	2	-1.0171
DUNGS_p_TCGA_b84_115_SNP_N_GenomeWideSNP_6_A07_771588	8	14256487	14556194	296	0.0208
DUNGS_p_TCGA_b84_115_SNP_N_GenomeWideSNP_6_A07_771588	8	14557668	14557681	2	1.0894
DUNGS_p_TCGA_b84_115_SNP_N_GenomeWideSNP_6_A07_771588	8	14558663	145232496	74974	0.0014
DUNGS_p_TCGA_b84_115_SNP_N_GenomeWideSNP_6_A07_771588	9	789932	140938752	68058	0.0045
DUNGS_p_TCGA_b84_115_SNP_N_GenomeWideSNP_6_A07_771588	10	415240	129328821	78010	0.0038
DUNGS_p_TCGA_b84_115_SNP_N_GenomeWideSNP_6_A07_771588	10	129329555	129330057	2	-0.998
DUNGS_p_TCGA_b84_115_SNP_N_GenomeWideSNP_6_A07_771588	10	129330132	135225087	2895	0.015
DUNGS_p_TCGA_b84_115_SNP_N_GenomeWideSNP_6_A07_771588	11	456120	123402909	69975	4e-04
DUNGS_p_TCGA_b84_115_SNP_N_GenomeWideSNP_6_A07_771588	11	123403031	123403522	3	-1.2488
DUNGS_p_TCGA_b84_115_SNP_N_GenomeWideSNP_6_A07_771588	11	123403572	134142530	7312	0.0069
DUNGS_p_TCGA_b84_115_SNP_N_GenomeWideSNP_6_A07_771588	12	889902	108397985	60946	-0.0023
DUNGS_p_TCGA_b84_115_SNP_N_GenomeWideSNP_6_A07_771588	12	108486440	108486732	2	-1.1468
DUNGS_p_TCGA_b84_115_SNP_N_GenomeWideSNP_6_A07_771588	12	108490266	133161346	13031	0.0069
DUNGS_p_TCGA_b84_115_SNP_N_GenomeWideSNP_6_A07_771588	13	19450806	114987458	56677	0.0036
DUNGS_p_TCGA_b84_115_SNP_N_GenomeWideSNP_6_A07_771588	14	20501368	80112969	33828	8e-04
DUNGS_p_TCGA_b84_115_SNP_N_GenomeWideSNP_6_A07_771588	14	80117316	80399981	224	-0.4596
DUNGS_p_TCGA_b84_115_SNP_N_GenomeWideSNP_6_A07_771588	14	80403644	105988038	15419	3e-04
DUNGS_p_TCGA_b84_115_SNP_N_GenomeWideSNP_6_A07_771588	15	23687685	40848351	8589	0.0107
DUNGS_p_TCGA_b84_115_SNP_N_GenomeWideSNP_6_A07_771588	15	40849698	40849828	2	1.1984
DUNGS_p_TCGA_b84_115_SNP_N_GenomeWideSNP_6_A07_771588	15	40851755	101884307	35960	6e-04
DUNGS_p_TCGA_b84_115_SNP_N_GenomeWideSNP_6_A07_771588	16	653459	89379936	40816	0.0095
DUNGS_p_TCGA_b84_115_SNP_N_GenomeWideSNP_6_A07_771588	17	987221	16865169	7930	0.0028
DUNGS_p_TCGA_b84_115_SNP_N_GenomeWideSNP_6_A07_771588	17	16866075	16866254	2	-1.262
DUNGS_p_TCGA_b84_115_SNP_N_GenomeWideSNP_6_A07_771588	17	16868561	80917016	29072	0.0014
DUNGS_p_TCGA_b84_115_SNP_N_GenomeWideSNP_6_A07_771588	18	329586	33018819	16845	0.0058
DUNGS_p_TCGA_b84_115_SNP_N_GenomeWideSNP_6_A07_771588	18	33021367	33022074	2	-1.0215
DUNGS_p_TCGA_b84_115_SNP_N_GenomeWideSNP_6_A07_771588	18	33022734	66476966	20569	0.0051
DUNGS_p_TCGA_b84_115_SNP_N_GenomeWideSNP_6_A07_771588	18	66476969	66478252	2	-1.0545
DUNGS_p_TCGA_b84_115_SNP_N_GenomeWideSNP_6_A07_771588	18	66485010	77109240	5268	0.0014
DUNGS_p_TCGA_b84_115_SNP_N_GenomeWideSNP_6_A07_771588	19	284018	31284806	11269	-0.0117
DUNGS_p_TCGA_b84_115_SNP_N_GenomeWideSNP_6_A07_771588	19	31288118	31288540	2	1.43
DUNGS_p_TCGA_b84_115_SNP_N_GenomeWideSNP_6_A07_771588	19	31290599	58878226	12691	-0.0128
DUNGS_p_TCGA_b84_115_SNP_N_GenomeWideSNP_6_A07_771588	20	455764	52362553	30557	0.0182
DUNGS_p_TCGA_b84_115_SNP_N_GenomeWideSNP_6_A07_771588	20	52362980	52363607	2	-0.9185
DUNGS_p_TCGA_b84_115_SNP_N_GenomeWideSNP_6_A07_771588	20	52364760	53412148	803	0.0099
DUNGS_p_TCGA_b84_115_SNP_N_GenomeWideSNP_6_A07_771588	20	53412900	53414317	2	-1.0706
DUNGS_p_TCGA_b84_115_SNP_N_GenomeWideSNP_6_A07_771588	20	53414539	62219837	5937	-0.0045
DUNGS_p_TCGA_b84_115_SNP_N_GenomeWideSNP_6_A07_771588	21	15347621	47678774	20593	0.0023
DUNGS_p_TCGA_b84_115_SNP_N_GenomeWideSNP_6_A07_771588	22	17423930	38789936	10434	0.0123
DUNGS_p_TCGA_b84_115_SNP_N_GenomeWideSNP_6_A07_771588	22	38790131	38790184	2	-0.9779
DUNGS_p_TCGA_b84_115_SNP_N_GenomeWideSNP_6_A07_771588	22	38790528	49331012	6501	0.0075
DUNGS_p_TCGA_b84_115_SNP_N_GenomeWideSNP_6_A07_771588	X	3157107	16553644	5322	-0.0097
DUNGS_p_TCGA_b84_115_SNP_N_GenomeWideSNP_6_A07_771588	X	16554542	16554568	2	-1.2853
DUNGS_p_TCGA_b84_115_SNP_N_GenomeWideSNP_6_A07_771588	X	16557589	31286460	7324	0.0069
DUNGS_p_TCGA_b84_115_SNP_N_GenomeWideSNP_6_A07_771588	X	31292275	31292727	2	-0.9891
DUNGS_p_TCGA_b84_115_SNP_N_GenomeWideSNP_6_A07_771588	X	31294762	48546424	7745	-0.0066
DUNGS_p_TCGA_b84_115_SNP_N_GenomeWideSNP_6_A07_771588	X	48551884	48963617	121	-0.2239
DUNGS_p_TCGA_b84_115_SNP_N_GenomeWideSNP_6_A07_771588	X	48967822	115027555	25140	-4e-04
DUNGS_p_TCGA_b84_115_SNP_N_GenomeWideSNP_6_A07_771588	X	115028558	115028913	2	-1.7016
DUNGS_p_TCGA_b84_115_SNP_N_GenomeWideSNP_6_A07_771588	X	115028954	136951225	10232	0.0033
DUNGS_p_TCGA_b84_115_SNP_N_GenomeWideSNP_6_A07_771588	X	136951523	136954205	3	-0.9614
DUNGS_p_TCGA_b84_115_SNP_N_GenomeWideSNP_6_A07_771588	X	136956997	152972541	7647	0.0124
DUNGS_p_TCGA_b84_115_SNP_N_GenomeWideSNP_6_A07_771588	X	152976862	154905589	282	-0.1927
