Sample	Chromosome	Start	End	Num_Probes	Segment_Mean
DUNGS_p_TCGA_b84_115_SNP_N_GenomeWideSNP_6_C03_771494	1	3218610	20793015	9686	0.0072
DUNGS_p_TCGA_b84_115_SNP_N_GenomeWideSNP_6_C03_771494	1	20795117	21655313	450	-0.2475
DUNGS_p_TCGA_b84_115_SNP_N_GenomeWideSNP_6_C03_771494	1	21655884	23568139	1021	0.0093
DUNGS_p_TCGA_b84_115_SNP_N_GenomeWideSNP_6_C03_771494	1	23571249	24743879	583	-0.2511
DUNGS_p_TCGA_b84_115_SNP_N_GenomeWideSNP_6_C03_771494	1	24744341	24775581	23	0.087
DUNGS_p_TCGA_b84_115_SNP_N_GenomeWideSNP_6_C03_771494	1	24776253	24795949	17	-0.1086
DUNGS_p_TCGA_b84_115_SNP_N_GenomeWideSNP_6_C03_771494	1	24804104	50012071	13008	0.2423
DUNGS_p_TCGA_b84_115_SNP_N_GenomeWideSNP_6_C03_771494	1	50035874	50044828	2	-0.7968
DUNGS_p_TCGA_b84_115_SNP_N_GenomeWideSNP_6_C03_771494	1	50046741	54578100	2198	0.226
DUNGS_p_TCGA_b84_115_SNP_N_GenomeWideSNP_6_C03_771494	1	54580012	54593256	12	0.6612
DUNGS_p_TCGA_b84_115_SNP_N_GenomeWideSNP_6_C03_771494	1	54594263	55324150	422	0.1891
DUNGS_p_TCGA_b84_115_SNP_N_GenomeWideSNP_6_C03_771494	1	55324873	55324959	2	-1.3541
DUNGS_p_TCGA_b84_115_SNP_N_GenomeWideSNP_6_C03_771494	1	55325794	57945910	2101	0.1685
DUNGS_p_TCGA_b84_115_SNP_N_GenomeWideSNP_6_C03_771494	1	57946074	57948535	2	-1.0334
DUNGS_p_TCGA_b84_115_SNP_N_GenomeWideSNP_6_C03_771494	1	57951180	204134595	71492	0.1999
DUNGS_p_TCGA_b84_115_SNP_N_GenomeWideSNP_6_C03_771494	1	204139302	204139497	2	-0.9559
DUNGS_p_TCGA_b84_115_SNP_N_GenomeWideSNP_6_C03_771494	1	204140184	247813706	28180	0.2118
DUNGS_p_TCGA_b84_115_SNP_N_GenomeWideSNP_6_C03_771494	2	484222	14059586	8464	-0.1422
DUNGS_p_TCGA_b84_115_SNP_N_GenomeWideSNP_6_C03_771494	2	14059628	14060528	2	-1.3505
DUNGS_p_TCGA_b84_115_SNP_N_GenomeWideSNP_6_C03_771494	2	14061535	21313558	4939	-0.1468
DUNGS_p_TCGA_b84_115_SNP_N_GenomeWideSNP_6_C03_771494	2	21315816	56987366	19751	0.1934
DUNGS_p_TCGA_b84_115_SNP_N_GenomeWideSNP_6_C03_771494	2	56987383	56988632	2	1.1757
DUNGS_p_TCGA_b84_115_SNP_N_GenomeWideSNP_6_C03_771494	2	56995224	88218743	16757	0.217
DUNGS_p_TCGA_b84_115_SNP_N_GenomeWideSNP_6_C03_771494	2	88225491	183053658	48050	-0.1335
DUNGS_p_TCGA_b84_115_SNP_N_GenomeWideSNP_6_C03_771494	2	183054995	183059200	5	-1.3395
DUNGS_p_TCGA_b84_115_SNP_N_GenomeWideSNP_6_C03_771494	2	183065934	184971630	988	-0.1378
DUNGS_p_TCGA_b84_115_SNP_N_GenomeWideSNP_6_C03_771494	2	184972079	184975313	2	-1.0646
DUNGS_p_TCGA_b84_115_SNP_N_GenomeWideSNP_6_C03_771494	2	184976536	186172416	503	-0.153
DUNGS_p_TCGA_b84_115_SNP_N_GenomeWideSNP_6_C03_771494	2	186174075	186181992	2	-1.2377
DUNGS_p_TCGA_b84_115_SNP_N_GenomeWideSNP_6_C03_771494	2	186186660	197697735	5183	-0.103
DUNGS_p_TCGA_b84_115_SNP_N_GenomeWideSNP_6_C03_771494	2	197700961	197704048	2	-1.6885
DUNGS_p_TCGA_b84_115_SNP_N_GenomeWideSNP_6_C03_771494	2	197708712	242476062	26711	-0.1308
DUNGS_p_TCGA_b84_115_SNP_N_GenomeWideSNP_6_C03_771494	3	2212571	40080366	22676	-0.2269
DUNGS_p_TCGA_b84_115_SNP_N_GenomeWideSNP_6_C03_771494	3	40084234	40085298	3	-1.1185
DUNGS_p_TCGA_b84_115_SNP_N_GenomeWideSNP_6_C03_771494	3	40086208	61126821	10849	-0.2122
DUNGS_p_TCGA_b84_115_SNP_N_GenomeWideSNP_6_C03_771494	3	61127205	61128017	3	-1.6116
DUNGS_p_TCGA_b84_115_SNP_N_GenomeWideSNP_6_C03_771494	3	61130900	89807018	17226	-0.2322
DUNGS_p_TCGA_b84_115_SNP_N_GenomeWideSNP_6_C03_771494	3	89810780	89925422	32	0.5432
DUNGS_p_TCGA_b84_115_SNP_N_GenomeWideSNP_6_C03_771494	3	89937569	89975054	16	0.0476
DUNGS_p_TCGA_b84_115_SNP_N_GenomeWideSNP_6_C03_771494	3	89983403	90485962	133	-0.275
DUNGS_p_TCGA_b84_115_SNP_N_GenomeWideSNP_6_C03_771494	3	93734671	197538677	55490	0.208
DUNGS_p_TCGA_b84_115_SNP_N_GenomeWideSNP_6_C03_771494	4	1053934	3675815	1041	0.0604
DUNGS_p_TCGA_b84_115_SNP_N_GenomeWideSNP_6_C03_771494	4	3677041	3688353	6	-0.5047
DUNGS_p_TCGA_b84_115_SNP_N_GenomeWideSNP_6_C03_771494	4	3688572	36597301	20818	0.0362
DUNGS_p_TCGA_b84_115_SNP_N_GenomeWideSNP_6_C03_771494	4	36597968	36600402	3	-0.7528
DUNGS_p_TCGA_b84_115_SNP_N_GenomeWideSNP_6_C03_771494	4	36600412	61327312	11678	0.0806
DUNGS_p_TCGA_b84_115_SNP_N_GenomeWideSNP_6_C03_771494	4	61329994	61331617	2	1.1177
DUNGS_p_TCGA_b84_115_SNP_N_GenomeWideSNP_6_C03_771494	4	61335564	125174320	35401	0.0611
DUNGS_p_TCGA_b84_115_SNP_N_GenomeWideSNP_6_C03_771494	4	125174490	125174568	2	-0.945
DUNGS_p_TCGA_b84_115_SNP_N_GenomeWideSNP_6_C03_771494	4	125188467	143593086	9823	0.1003
DUNGS_p_TCGA_b84_115_SNP_N_GenomeWideSNP_6_C03_771494	4	143593551	143595242	2	-1.0479
DUNGS_p_TCGA_b84_115_SNP_N_GenomeWideSNP_6_C03_771494	4	143598649	188763651	24018	0.0311
DUNGS_p_TCGA_b84_115_SNP_N_GenomeWideSNP_6_C03_771494	5	914233	1020354	50	1.1688
DUNGS_p_TCGA_b84_115_SNP_N_GenomeWideSNP_6_C03_771494	5	1287540	1288615	4	0.5048
DUNGS_p_TCGA_b84_115_SNP_N_GenomeWideSNP_6_C03_771494	5	1288661	1379762	45	1.1416
DUNGS_p_TCGA_b84_115_SNP_N_GenomeWideSNP_6_C03_771494	5	1379826	2303782	316	0.7695
DUNGS_p_TCGA_b84_115_SNP_N_GenomeWideSNP_6_C03_771494	5	2304432	2304446	2	-0.6513
DUNGS_p_TCGA_b84_115_SNP_N_GenomeWideSNP_6_C03_771494	5	2304811	12540319	7787	0.7369
DUNGS_p_TCGA_b84_115_SNP_N_GenomeWideSNP_6_C03_771494	5	12540916	12554265	13	1.1239
DUNGS_p_TCGA_b84_115_SNP_N_GenomeWideSNP_6_C03_771494	5	12556739	13184429	84	0.7251
DUNGS_p_TCGA_b84_115_SNP_N_GenomeWideSNP_6_C03_771494	5	13187755	13760721	410	1.0381
DUNGS_p_TCGA_b84_115_SNP_N_GenomeWideSNP_6_C03_771494	5	13761068	14085012	268	0.7653
DUNGS_p_TCGA_b84_115_SNP_N_GenomeWideSNP_6_C03_771494	5	14085760	14267936	179	1.0393
DUNGS_p_TCGA_b84_115_SNP_N_GenomeWideSNP_6_C03_771494	5	14268040	15330092	718	0.7708
DUNGS_p_TCGA_b84_115_SNP_N_GenomeWideSNP_6_C03_771494	5	15331119	15333338	13	0.2787
DUNGS_p_TCGA_b84_115_SNP_N_GenomeWideSNP_6_C03_771494	5	15333853	45378456	16061	0.7538
DUNGS_p_TCGA_b84_115_SNP_N_GenomeWideSNP_6_C03_771494	5	50124856	51290381	612	0.1722
DUNGS_p_TCGA_b84_115_SNP_N_GenomeWideSNP_6_C03_771494	5	51290481	52151049	562	-0.2884
DUNGS_p_TCGA_b84_115_SNP_N_GenomeWideSNP_6_C03_771494	5	52152394	53568086	887	0.1811
DUNGS_p_TCGA_b84_115_SNP_N_GenomeWideSNP_6_C03_771494	5	53574945	59242724	3790	-0.2075
DUNGS_p_TCGA_b84_115_SNP_N_GenomeWideSNP_6_C03_771494	5	59245398	59284154	25	0.3994
DUNGS_p_TCGA_b84_115_SNP_N_GenomeWideSNP_6_C03_771494	5	59285461	59405498	54	-0.1472
DUNGS_p_TCGA_b84_115_SNP_N_GenomeWideSNP_6_C03_771494	5	59414136	59447710	13	0.4321
DUNGS_p_TCGA_b84_115_SNP_N_GenomeWideSNP_6_C03_771494	5	59451019	59467811	11	-0.1913
DUNGS_p_TCGA_b84_115_SNP_N_GenomeWideSNP_6_C03_771494	5	59469940	62026505	1371	0.4715
DUNGS_p_TCGA_b84_115_SNP_N_GenomeWideSNP_6_C03_771494	5	62038295	62120816	104	0.0545
DUNGS_p_TCGA_b84_115_SNP_N_GenomeWideSNP_6_C03_771494	5	62123654	62592751	273	0.567
DUNGS_p_TCGA_b84_115_SNP_N_GenomeWideSNP_6_C03_771494	5	63182543	70689439	3432	-0.2953
DUNGS_p_TCGA_b84_115_SNP_N_GenomeWideSNP_6_C03_771494	5	70689912	70696116	4	0.5046
DUNGS_p_TCGA_b84_115_SNP_N_GenomeWideSNP_6_C03_771494	5	70697079	119884573	26970	-0.2998
DUNGS_p_TCGA_b84_115_SNP_N_GenomeWideSNP_6_C03_771494	5	119884992	119885348	2	-1.7234
DUNGS_p_TCGA_b84_115_SNP_N_GenomeWideSNP_6_C03_771494	5	119885929	144003262	13864	-0.2903
DUNGS_p_TCGA_b84_115_SNP_N_GenomeWideSNP_6_C03_771494	5	144017830	145471547	866	0.3479
DUNGS_p_TCGA_b84_115_SNP_N_GenomeWideSNP_6_C03_771494	5	145471909	180346084	21757	0.571
DUNGS_p_TCGA_b84_115_SNP_N_GenomeWideSNP_6_C03_771494	5	180359076	180360469	6	0.1855
DUNGS_p_TCGA_b84_115_SNP_N_GenomeWideSNP_6_C03_771494	6	1014281	19930058	13337	0.0778
DUNGS_p_TCGA_b84_115_SNP_N_GenomeWideSNP_6_C03_771494	6	19930286	19933342	2	1.0906
DUNGS_p_TCGA_b84_115_SNP_N_GenomeWideSNP_6_C03_771494	6	19934466	63990983	21369	0.0756
DUNGS_p_TCGA_b84_115_SNP_N_GenomeWideSNP_6_C03_771494	6	63993045	63993428	3	-0.7811
DUNGS_p_TCGA_b84_115_SNP_N_GenomeWideSNP_6_C03_771494	6	63994820	66121661	1015	0.0164
DUNGS_p_TCGA_b84_115_SNP_N_GenomeWideSNP_6_C03_771494	6	66121696	66126456	5	-0.6523
DUNGS_p_TCGA_b84_115_SNP_N_GenomeWideSNP_6_C03_771494	6	66126554	84768495	10499	-0.0647
DUNGS_p_TCGA_b84_115_SNP_N_GenomeWideSNP_6_C03_771494	6	84769088	84769110	2	-1.0582
DUNGS_p_TCGA_b84_115_SNP_N_GenomeWideSNP_6_C03_771494	6	84769939	170903919	50307	-0.1016
DUNGS_p_TCGA_b84_115_SNP_N_GenomeWideSNP_6_C03_771494	7	705284	9340667	3396	0.0693
DUNGS_p_TCGA_b84_115_SNP_N_GenomeWideSNP_6_C03_771494	7	9343686	9344224	2	-0.8898
DUNGS_p_TCGA_b84_115_SNP_N_GenomeWideSNP_6_C03_771494	7	9349050	16169658	4386	0.0347
DUNGS_p_TCGA_b84_115_SNP_N_GenomeWideSNP_6_C03_771494	7	16171560	16172259	2	1.0495
DUNGS_p_TCGA_b84_115_SNP_N_GenomeWideSNP_6_C03_771494	7	16176841	24035127	4410	0.0468
DUNGS_p_TCGA_b84_115_SNP_N_GenomeWideSNP_6_C03_771494	7	24039878	24040383	2	1.1343
DUNGS_p_TCGA_b84_115_SNP_N_GenomeWideSNP_6_C03_771494	7	24040817	53316829	19156	0.0461
DUNGS_p_TCGA_b84_115_SNP_N_GenomeWideSNP_6_C03_771494	7	53318387	53318785	2	-1.0338
DUNGS_p_TCGA_b84_115_SNP_N_GenomeWideSNP_6_C03_771494	7	53321683	92377291	15307	0.0364
DUNGS_p_TCGA_b84_115_SNP_N_GenomeWideSNP_6_C03_771494	7	92377333	92377697	2	-1.0847
DUNGS_p_TCGA_b84_115_SNP_N_GenomeWideSNP_6_C03_771494	7	92377738	93623500	796	-0.0307
DUNGS_p_TCGA_b84_115_SNP_N_GenomeWideSNP_6_C03_771494	7	93637358	93637500	2	-1.1888
DUNGS_p_TCGA_b84_115_SNP_N_GenomeWideSNP_6_C03_771494	7	93637625	95145556	883	-0.008
DUNGS_p_TCGA_b84_115_SNP_N_GenomeWideSNP_6_C03_771494	7	95146007	95291696	109	0.4782
DUNGS_p_TCGA_b84_115_SNP_N_GenomeWideSNP_6_C03_771494	7	95298755	108452217	6600	0.0504
DUNGS_p_TCGA_b84_115_SNP_N_GenomeWideSNP_6_C03_771494	7	108461752	108999582	334	-0.2502
DUNGS_p_TCGA_b84_115_SNP_N_GenomeWideSNP_6_C03_771494	7	108999622	158385118	25974	0.0397
DUNGS_p_TCGA_b84_115_SNP_N_GenomeWideSNP_6_C03_771494	8	617667	3965925	1764	-0.606
DUNGS_p_TCGA_b84_115_SNP_N_GenomeWideSNP_6_C03_771494	8	3970400	3972184	3	-1.6184
DUNGS_p_TCGA_b84_115_SNP_N_GenomeWideSNP_6_C03_771494	8	3974430	12737613	3470	-0.5904
DUNGS_p_TCGA_b84_115_SNP_N_GenomeWideSNP_6_C03_771494	8	12738642	12805215	37	-1.8672
DUNGS_p_TCGA_b84_115_SNP_N_GenomeWideSNP_6_C03_771494	8	12807061	14671125	1452	-0.6063
DUNGS_p_TCGA_b84_115_SNP_N_GenomeWideSNP_6_C03_771494	8	14672184	14673313	6	-1.462
DUNGS_p_TCGA_b84_115_SNP_N_GenomeWideSNP_6_C03_771494	8	14674205	32172026	12197	-0.5858
DUNGS_p_TCGA_b84_115_SNP_N_GenomeWideSNP_6_C03_771494	8	32173061	32174173	3	-1.5059
DUNGS_p_TCGA_b84_115_SNP_N_GenomeWideSNP_6_C03_771494	8	32174317	41979161	5304	-0.6034
DUNGS_p_TCGA_b84_115_SNP_N_GenomeWideSNP_6_C03_771494	8	41979431	42275034	262	0.1906
DUNGS_p_TCGA_b84_115_SNP_N_GenomeWideSNP_6_C03_771494	8	42275427	42384650	43	0.384
DUNGS_p_TCGA_b84_115_SNP_N_GenomeWideSNP_6_C03_771494	8	42384932	47469223	239	0.1707
DUNGS_p_TCGA_b84_115_SNP_N_GenomeWideSNP_6_C03_771494	8	47470521	99163870	29375	0.414
DUNGS_p_TCGA_b84_115_SNP_N_GenomeWideSNP_6_C03_771494	8	99164675	99166896	2	-0.6435
DUNGS_p_TCGA_b84_115_SNP_N_GenomeWideSNP_6_C03_771494	8	99167323	102681337	1961	0.4304
DUNGS_p_TCGA_b84_115_SNP_N_GenomeWideSNP_6_C03_771494	8	102681760	102682533	3	-0.546
DUNGS_p_TCGA_b84_115_SNP_N_GenomeWideSNP_6_C03_771494	8	102683331	120017703	9635	0.4085
DUNGS_p_TCGA_b84_115_SNP_N_GenomeWideSNP_6_C03_771494	8	120021037	120021049	2	-0.8572
DUNGS_p_TCGA_b84_115_SNP_N_GenomeWideSNP_6_C03_771494	8	120021164	127343692	4817	0.41
DUNGS_p_TCGA_b84_115_SNP_N_GenomeWideSNP_6_C03_771494	8	127344349	127344535	2	-0.6391
DUNGS_p_TCGA_b84_115_SNP_N_GenomeWideSNP_6_C03_771494	8	127350942	131878480	3154	0.283
DUNGS_p_TCGA_b84_115_SNP_N_GenomeWideSNP_6_C03_771494	8	131878819	139751302	5890	-0.6083
DUNGS_p_TCGA_b84_115_SNP_N_GenomeWideSNP_6_C03_771494	8	139758053	145232496	1960	0.2264
DUNGS_p_TCGA_b84_115_SNP_N_GenomeWideSNP_6_C03_771494	9	789932	8749291	4921	-0.023
DUNGS_p_TCGA_b84_115_SNP_N_GenomeWideSNP_6_C03_771494	9	8751968	9238929	316	-0.2996
DUNGS_p_TCGA_b84_115_SNP_N_GenomeWideSNP_6_C03_771494	9	9411107	38080017	17560	-0.0306
DUNGS_p_TCGA_b84_115_SNP_N_GenomeWideSNP_6_C03_771494	9	38081920	38084480	2	-1.1298
DUNGS_p_TCGA_b84_115_SNP_N_GenomeWideSNP_6_C03_771494	9	38085678	79605970	6616	-0.03
DUNGS_p_TCGA_b84_115_SNP_N_GenomeWideSNP_6_C03_771494	9	79606965	79606978	2	-1.1305
DUNGS_p_TCGA_b84_115_SNP_N_GenomeWideSNP_6_C03_771494	9	79607284	140938752	38641	-0.024
DUNGS_p_TCGA_b84_115_SNP_N_GenomeWideSNP_6_C03_771494	10	415240	12419795	8349	-0.1519
DUNGS_p_TCGA_b84_115_SNP_N_GenomeWideSNP_6_C03_771494	10	12420214	12424875	3	-0.9528
DUNGS_p_TCGA_b84_115_SNP_N_GenomeWideSNP_6_C03_771494	10	12430336	60855902	26242	-0.1608
DUNGS_p_TCGA_b84_115_SNP_N_GenomeWideSNP_6_C03_771494	10	60856278	60856288	2	-1.4453
DUNGS_p_TCGA_b84_115_SNP_N_GenomeWideSNP_6_C03_771494	10	60856563	135225087	46311	-0.1813
DUNGS_p_TCGA_b84_115_SNP_N_GenomeWideSNP_6_C03_771494	11	456120	4925811	1883	0.3809
DUNGS_p_TCGA_b84_115_SNP_N_GenomeWideSNP_6_C03_771494	11	4933657	9096189	2750	-0.0293
DUNGS_p_TCGA_b84_115_SNP_N_GenomeWideSNP_6_C03_771494	11	9096805	9932063	438	0.7234
DUNGS_p_TCGA_b84_115_SNP_N_GenomeWideSNP_6_C03_771494	11	9933512	9941948	4	-0.0397
DUNGS_p_TCGA_b84_115_SNP_N_GenomeWideSNP_6_C03_771494	11	9944233	14797932	3693	0.7026
DUNGS_p_TCGA_b84_115_SNP_N_GenomeWideSNP_6_C03_771494	11	14797945	15401144	339	-0.0581
DUNGS_p_TCGA_b84_115_SNP_N_GenomeWideSNP_6_C03_771494	11	15401253	16025466	469	0.7016
DUNGS_p_TCGA_b84_115_SNP_N_GenomeWideSNP_6_C03_771494	11	16026174	16064387	35	-0.0022
DUNGS_p_TCGA_b84_115_SNP_N_GenomeWideSNP_6_C03_771494	11	16064514	17175466	653	0.7048
DUNGS_p_TCGA_b84_115_SNP_N_GenomeWideSNP_6_C03_771494	11	17177881	17900190	501	-0.0121
DUNGS_p_TCGA_b84_115_SNP_N_GenomeWideSNP_6_C03_771494	11	17902375	18073429	105	0.7308
DUNGS_p_TCGA_b84_115_SNP_N_GenomeWideSNP_6_C03_771494	11	18074177	20376099	1786	0.3598
DUNGS_p_TCGA_b84_115_SNP_N_GenomeWideSNP_6_C03_771494	11	20377899	31968624	7379	-0.0501
DUNGS_p_TCGA_b84_115_SNP_N_GenomeWideSNP_6_C03_771494	11	31972482	31978337	7	-0.9125
DUNGS_p_TCGA_b84_115_SNP_N_GenomeWideSNP_6_C03_771494	11	31979311	134142530	57248	-0.0514
DUNGS_p_TCGA_b84_115_SNP_N_GenomeWideSNP_6_C03_771494	12	889902	8150607	4170	0.008
DUNGS_p_TCGA_b84_115_SNP_N_GenomeWideSNP_6_C03_771494	12	8165417	15463642	4053	-0.2698
DUNGS_p_TCGA_b84_115_SNP_N_GenomeWideSNP_6_C03_771494	12	15471692	105996553	51054	-0.0233
DUNGS_p_TCGA_b84_115_SNP_N_GenomeWideSNP_6_C03_771494	12	105996693	106000211	2	-1.0967
DUNGS_p_TCGA_b84_115_SNP_N_GenomeWideSNP_6_C03_771494	12	106005038	129387922	13485	-0.0173
DUNGS_p_TCGA_b84_115_SNP_N_GenomeWideSNP_6_C03_771494	12	129390014	129487184	82	0.1944
DUNGS_p_TCGA_b84_115_SNP_N_GenomeWideSNP_6_C03_771494	12	129516310	131076873	267	-0.3146
DUNGS_p_TCGA_b84_115_SNP_N_GenomeWideSNP_6_C03_771494	12	131078425	132406659	756	0.1692
DUNGS_p_TCGA_b84_115_SNP_N_GenomeWideSNP_6_C03_771494	12	132407202	132513551	43	-0.3494
DUNGS_p_TCGA_b84_115_SNP_N_GenomeWideSNP_6_C03_771494	12	132515183	133161346	67	0.1581
DUNGS_p_TCGA_b84_115_SNP_N_GenomeWideSNP_6_C03_771494	13	19450806	26839787	3832	-0.2396
DUNGS_p_TCGA_b84_115_SNP_N_GenomeWideSNP_6_C03_771494	13	26839863	26840533	3	-1.2484
DUNGS_p_TCGA_b84_115_SNP_N_GenomeWideSNP_6_C03_771494	13	26842207	79499974	30841	-0.2464
DUNGS_p_TCGA_b84_115_SNP_N_GenomeWideSNP_6_C03_771494	13	79500718	79503068	2	-1.4777
DUNGS_p_TCGA_b84_115_SNP_N_GenomeWideSNP_6_C03_771494	13	79504448	86168153	3827	-0.265
DUNGS_p_TCGA_b84_115_SNP_N_GenomeWideSNP_6_C03_771494	13	86170849	86171260	4	-1.4278
DUNGS_p_TCGA_b84_115_SNP_N_GenomeWideSNP_6_C03_771494	13	86171848	114987458	18168	-0.2526
DUNGS_p_TCGA_b84_115_SNP_N_GenomeWideSNP_6_C03_771494	14	20501368	24423582	1494	0.418
DUNGS_p_TCGA_b84_115_SNP_N_GenomeWideSNP_6_C03_771494	14	24424044	24500839	18	0.1043
DUNGS_p_TCGA_b84_115_SNP_N_GenomeWideSNP_6_C03_771494	14	24501001	31267367	3818	0.3893
DUNGS_p_TCGA_b84_115_SNP_N_GenomeWideSNP_6_C03_771494	14	31267671	31268418	3	-0.6017
DUNGS_p_TCGA_b84_115_SNP_N_GenomeWideSNP_6_C03_771494	14	31271084	55270477	13160	0.3979
DUNGS_p_TCGA_b84_115_SNP_N_GenomeWideSNP_6_C03_771494	14	55273730	70516740	9207	-0.2633
DUNGS_p_TCGA_b84_115_SNP_N_GenomeWideSNP_6_C03_771494	14	70516891	70520226	3	-1.2656
DUNGS_p_TCGA_b84_115_SNP_N_GenomeWideSNP_6_C03_771494	14	70521502	73526148	1998	-0.2675
DUNGS_p_TCGA_b84_115_SNP_N_GenomeWideSNP_6_C03_771494	14	73526613	73529370	2	-1.4026
DUNGS_p_TCGA_b84_115_SNP_N_GenomeWideSNP_6_C03_771494	14	73534875	105988038	19768	-0.2656
DUNGS_p_TCGA_b84_115_SNP_N_GenomeWideSNP_6_C03_771494	15	23687685	101884307	44551	-0.0537
DUNGS_p_TCGA_b84_115_SNP_N_GenomeWideSNP_6_C03_771494	16	653459	14423674	8013	-0.0039
DUNGS_p_TCGA_b84_115_SNP_N_GenomeWideSNP_6_C03_771494	16	14428853	14705701	119	-0.2667
DUNGS_p_TCGA_b84_115_SNP_N_GenomeWideSNP_6_C03_771494	16	14706821	50359578	7897	-0.0122
DUNGS_p_TCGA_b84_115_SNP_N_GenomeWideSNP_6_C03_771494	16	50359901	50413232	23	-0.5594
DUNGS_p_TCGA_b84_115_SNP_N_GenomeWideSNP_6_C03_771494	16	50414227	50434449	18	0.022
DUNGS_p_TCGA_b84_115_SNP_N_GenomeWideSNP_6_C03_771494	16	50436394	54669309	3158	-0.5878
DUNGS_p_TCGA_b84_115_SNP_N_GenomeWideSNP_6_C03_771494	16	54677292	58842251	2719	-0.0139
DUNGS_p_TCGA_b84_115_SNP_N_GenomeWideSNP_6_C03_771494	16	58842964	58843104	2	-1.246
DUNGS_p_TCGA_b84_115_SNP_N_GenomeWideSNP_6_C03_771494	16	58846851	80663665	13612	-0.0228
DUNGS_p_TCGA_b84_115_SNP_N_GenomeWideSNP_6_C03_771494	16	80675854	80892858	196	-0.6142
DUNGS_p_TCGA_b84_115_SNP_N_GenomeWideSNP_6_C03_771494	16	80894718	89379936	5059	-0.0105
DUNGS_p_TCGA_b84_115_SNP_N_GenomeWideSNP_6_C03_771494	17	987221	10538446	4910	-0.243
DUNGS_p_TCGA_b84_115_SNP_N_GenomeWideSNP_6_C03_771494	17	10541515	10541741	2	-1.6989
DUNGS_p_TCGA_b84_115_SNP_N_GenomeWideSNP_6_C03_771494	17	10544093	21303007	4729	-0.259
DUNGS_p_TCGA_b84_115_SNP_N_GenomeWideSNP_6_C03_771494	17	21305392	80917016	27363	0.0058
DUNGS_p_TCGA_b84_115_SNP_N_GenomeWideSNP_6_C03_771494	18	329586	21246742	9517	0.5416
DUNGS_p_TCGA_b84_115_SNP_N_GenomeWideSNP_6_C03_771494	18	21250072	77109240	33169	-0.3542
DUNGS_p_TCGA_b84_115_SNP_N_GenomeWideSNP_6_C03_771494	19	284018	24052992	8987	-0.2284
DUNGS_p_TCGA_b84_115_SNP_N_GenomeWideSNP_6_C03_771494	19	28240494	40992705	7744	0.6005
DUNGS_p_TCGA_b84_115_SNP_N_GenomeWideSNP_6_C03_771494	19	40992943	45069504	1623	-0.2138
DUNGS_p_TCGA_b84_115_SNP_N_GenomeWideSNP_6_C03_771494	19	45069968	45070399	2	0.8936
DUNGS_p_TCGA_b84_115_SNP_N_GenomeWideSNP_6_C03_771494	19	45071678	51103383	2332	-0.2154
DUNGS_p_TCGA_b84_115_SNP_N_GenomeWideSNP_6_C03_771494	19	51109793	51113917	3	-1.3278
DUNGS_p_TCGA_b84_115_SNP_N_GenomeWideSNP_6_C03_771494	19	51124731	58878226	3271	-0.2349
DUNGS_p_TCGA_b84_115_SNP_N_GenomeWideSNP_6_C03_771494	20	455764	41370963	23401	-0.0112
DUNGS_p_TCGA_b84_115_SNP_N_GenomeWideSNP_6_C03_771494	20	41371668	41371725	2	-1.0741
DUNGS_p_TCGA_b84_115_SNP_N_GenomeWideSNP_6_C03_771494	20	41371864	58952537	12167	3e-04
DUNGS_p_TCGA_b84_115_SNP_N_GenomeWideSNP_6_C03_771494	20	58953299	58953725	2	-1.204
DUNGS_p_TCGA_b84_115_SNP_N_GenomeWideSNP_6_C03_771494	20	58958670	62219837	1729	0.007
DUNGS_p_TCGA_b84_115_SNP_N_GenomeWideSNP_6_C03_771494	21	15347621	28785912	8526	0.1853
DUNGS_p_TCGA_b84_115_SNP_N_GenomeWideSNP_6_C03_771494	21	28786043	28787177	2	1.2622
DUNGS_p_TCGA_b84_115_SNP_N_GenomeWideSNP_6_C03_771494	21	28790591	47678774	12065	0.2095
DUNGS_p_TCGA_b84_115_SNP_N_GenomeWideSNP_6_C03_771494	22	17423930	49331012	16937	-0.2487
DUNGS_p_TCGA_b84_115_SNP_N_GenomeWideSNP_6_C03_771494	X	3157107	97692285	37584	0.0162
DUNGS_p_TCGA_b84_115_SNP_N_GenomeWideSNP_6_C03_771494	X	97698283	97699736	2	-1.188
DUNGS_p_TCGA_b84_115_SNP_N_GenomeWideSNP_6_C03_771494	X	97703480	107110289	4258	-0.0229
DUNGS_p_TCGA_b84_115_SNP_N_GenomeWideSNP_6_C03_771494	X	107111142	107112032	2	-1.1379
DUNGS_p_TCGA_b84_115_SNP_N_GenomeWideSNP_6_C03_771494	X	107116812	154905589	21976	-0.0202
