Sample	Chromosome	Start	End	Num_Probes	Segment_Mean
DUNGS_p_TCGA_b84_115_SNP_N_GenomeWideSNP_6_A09_771614	1	51598	218569	18	-0.5223
DUNGS_p_TCGA_b84_115_SNP_N_GenomeWideSNP_6_A09_771614	1	218592	13247932	6563	-0.0365
DUNGS_p_TCGA_b84_115_SNP_N_GenomeWideSNP_6_A09_771614	1	13247988	13248629	5	-2.1624
DUNGS_p_TCGA_b84_115_SNP_N_GenomeWideSNP_6_A09_771614	1	13249076	16026341	1841	0.0218
DUNGS_p_TCGA_b84_115_SNP_N_GenomeWideSNP_6_A09_771614	1	16026420	16040367	9	0.5292
DUNGS_p_TCGA_b84_115_SNP_N_GenomeWideSNP_6_A09_771614	1	16040386	25477645	5754	-0.0107
DUNGS_p_TCGA_b84_115_SNP_N_GenomeWideSNP_6_A09_771614	1	25483707	25519533	15	0.512
DUNGS_p_TCGA_b84_115_SNP_N_GenomeWideSNP_6_A09_771614	1	25519573	34113406	4408	-0.018
DUNGS_p_TCGA_b84_115_SNP_N_GenomeWideSNP_6_A09_771614	1	34118948	38901188	2783	-0.3509
DUNGS_p_TCGA_b84_115_SNP_N_GenomeWideSNP_6_A09_771614	1	38905017	38907837	7	0.3488
DUNGS_p_TCGA_b84_115_SNP_N_GenomeWideSNP_6_A09_771614	1	38907853	46674133	4299	-0.3548
DUNGS_p_TCGA_b84_115_SNP_N_GenomeWideSNP_6_A09_771614	1	46674986	46677654	3	-1.8319
DUNGS_p_TCGA_b84_115_SNP_N_GenomeWideSNP_6_A09_771614	1	46678389	52663415	3180	-0.3897
DUNGS_p_TCGA_b84_115_SNP_N_GenomeWideSNP_6_A09_771614	1	52668155	58357156	4275	-0.0045
DUNGS_p_TCGA_b84_115_SNP_N_GenomeWideSNP_6_A09_771614	1	58360199	60867084	1744	1.1365
DUNGS_p_TCGA_b84_115_SNP_N_GenomeWideSNP_6_A09_771614	1	60870024	60957511	61	0.8547
DUNGS_p_TCGA_b84_115_SNP_N_GenomeWideSNP_6_A09_771614	1	60957900	64415865	2493	1.1493
DUNGS_p_TCGA_b84_115_SNP_N_GenomeWideSNP_6_A09_771614	1	64417359	64615315	171	-0.0339
DUNGS_p_TCGA_b84_115_SNP_N_GenomeWideSNP_6_A09_771614	1	64618738	65565274	800	0.2753
DUNGS_p_TCGA_b84_115_SNP_N_GenomeWideSNP_6_A09_771614	1	65569368	66573593	743	1.1018
DUNGS_p_TCGA_b84_115_SNP_N_GenomeWideSNP_6_A09_771614	1	66573715	72535958	3830	0.698
DUNGS_p_TCGA_b84_115_SNP_N_GenomeWideSNP_6_A09_771614	1	72541006	72583736	48	1.6527
DUNGS_p_TCGA_b84_115_SNP_N_GenomeWideSNP_6_A09_771614	1	72584492	75770402	1896	0.6987
DUNGS_p_TCGA_b84_115_SNP_N_GenomeWideSNP_6_A09_771614	1	75771283	79777810	2620	1.246
DUNGS_p_TCGA_b84_115_SNP_N_GenomeWideSNP_6_A09_771614	1	79778052	80417401	437	0.8606
DUNGS_p_TCGA_b84_115_SNP_N_GenomeWideSNP_6_A09_771614	1	80417507	80885254	292	1.2035
DUNGS_p_TCGA_b84_115_SNP_N_GenomeWideSNP_6_A09_771614	1	80885954	80927103	30	1.6624
DUNGS_p_TCGA_b84_115_SNP_N_GenomeWideSNP_6_A09_771614	1	80927938	80931460	7	0.9841
DUNGS_p_TCGA_b84_115_SNP_N_GenomeWideSNP_6_A09_771614	1	80933217	82097557	872	-0.4295
DUNGS_p_TCGA_b84_115_SNP_N_GenomeWideSNP_6_A09_771614	1	82102570	83860064	1120	0.2427
DUNGS_p_TCGA_b84_115_SNP_N_GenomeWideSNP_6_A09_771614	1	83860833	89124984	3632	0.7053
DUNGS_p_TCGA_b84_115_SNP_N_GenomeWideSNP_6_A09_771614	1	89133823	105157496	9791	-0.4061
DUNGS_p_TCGA_b84_115_SNP_N_GenomeWideSNP_6_A09_771614	1	105159224	105195004	13	0.0948
DUNGS_p_TCGA_b84_115_SNP_N_GenomeWideSNP_6_A09_771614	1	105195738	105821006	357	-0.4115
DUNGS_p_TCGA_b84_115_SNP_N_GenomeWideSNP_6_A09_771614	1	105822727	105823867	10	-1.2925
DUNGS_p_TCGA_b84_115_SNP_N_GenomeWideSNP_6_A09_771614	1	105823883	108547885	1962	-0.4149
DUNGS_p_TCGA_b84_115_SNP_N_GenomeWideSNP_6_A09_771614	1	108558242	108654807	13	-0.9015
DUNGS_p_TCGA_b84_115_SNP_N_GenomeWideSNP_6_A09_771614	1	108655117	110025907	685	-0.384
DUNGS_p_TCGA_b84_115_SNP_N_GenomeWideSNP_6_A09_771614	1	110025950	110035094	21	-0.8171
DUNGS_p_TCGA_b84_115_SNP_N_GenomeWideSNP_6_A09_771614	1	110035754	110041701	10	-1.9424
DUNGS_p_TCGA_b84_115_SNP_N_GenomeWideSNP_6_A09_771614	1	110044476	112491849	1959	-0.406
DUNGS_p_TCGA_b84_115_SNP_N_GenomeWideSNP_6_A09_771614	1	112497488	112498764	23	-1.838
DUNGS_p_TCGA_b84_115_SNP_N_GenomeWideSNP_6_A09_771614	1	112498899	119917076	4744	-0.4149
DUNGS_p_TCGA_b84_115_SNP_N_GenomeWideSNP_6_A09_771614	1	119919519	119924659	12	0.1123
DUNGS_p_TCGA_b84_115_SNP_N_GenomeWideSNP_6_A09_771614	1	119924849	120408677	323	-0.4047
DUNGS_p_TCGA_b84_115_SNP_N_GenomeWideSNP_6_A09_771614	1	120433166	147220620	1309	-0.0553
DUNGS_p_TCGA_b84_115_SNP_N_GenomeWideSNP_6_A09_771614	1	147291426	147472039	98	-0.5613
DUNGS_p_TCGA_b84_115_SNP_N_GenomeWideSNP_6_A09_771614	1	147472053	151023398	1769	-0.0318
DUNGS_p_TCGA_b84_115_SNP_N_GenomeWideSNP_6_A09_771614	1	151023430	151034488	30	0.5754
DUNGS_p_TCGA_b84_115_SNP_N_GenomeWideSNP_6_A09_771614	1	151034508	151984844	653	-0.0033
DUNGS_p_TCGA_b84_115_SNP_N_GenomeWideSNP_6_A09_771614	1	151985096	151985370	2	-1.4442
DUNGS_p_TCGA_b84_115_SNP_N_GenomeWideSNP_6_A09_771614	1	151991834	155420500	1638	0.0052
DUNGS_p_TCGA_b84_115_SNP_N_GenomeWideSNP_6_A09_771614	1	155421360	155424879	3	-1.249
DUNGS_p_TCGA_b84_115_SNP_N_GenomeWideSNP_6_A09_771614	1	155425195	167483561	9067	-0.0528
DUNGS_p_TCGA_b84_115_SNP_N_GenomeWideSNP_6_A09_771614	1	167500598	167508390	7	0.8792
DUNGS_p_TCGA_b84_115_SNP_N_GenomeWideSNP_6_A09_771614	1	167509025	194997658	18221	-0.0662
DUNGS_p_TCGA_b84_115_SNP_N_GenomeWideSNP_6_A09_771614	1	194998233	195010759	15	-0.9167
DUNGS_p_TCGA_b84_115_SNP_N_GenomeWideSNP_6_A09_771614	1	195010805	195065266	55	-0.3845
DUNGS_p_TCGA_b84_115_SNP_N_GenomeWideSNP_6_A09_771614	1	195065287	195066322	8	-0.9296
DUNGS_p_TCGA_b84_115_SNP_N_GenomeWideSNP_6_A09_771614	1	195066337	197378144	1399	-0.0773
DUNGS_p_TCGA_b84_115_SNP_N_GenomeWideSNP_6_A09_771614	1	197378313	197379634	5	-0.9947
DUNGS_p_TCGA_b84_115_SNP_N_GenomeWideSNP_6_A09_771614	1	197380463	212070341	10028	-0.0552
DUNGS_p_TCGA_b84_115_SNP_N_GenomeWideSNP_6_A09_771614	1	212073813	212078528	3	-1.1174
DUNGS_p_TCGA_b84_115_SNP_N_GenomeWideSNP_6_A09_771614	1	212080759	229996579	12018	-0.0701
DUNGS_p_TCGA_b84_115_SNP_N_GenomeWideSNP_6_A09_771614	1	230002826	230004103	2	-1.6298
DUNGS_p_TCGA_b84_115_SNP_N_GenomeWideSNP_6_A09_771614	1	230005122	240487462	8193	-0.0671
DUNGS_p_TCGA_b84_115_SNP_N_GenomeWideSNP_6_A09_771614	1	240487511	240492118	6	-0.9187
DUNGS_p_TCGA_b84_115_SNP_N_GenomeWideSNP_6_A09_771614	1	240494139	246804070	4170	-0.0535
DUNGS_p_TCGA_b84_115_SNP_N_GenomeWideSNP_6_A09_771614	1	246815817	246875732	36	-0.5705
DUNGS_p_TCGA_b84_115_SNP_N_GenomeWideSNP_6_A09_771614	1	246875992	247191011	141	-0.0849
DUNGS_p_TCGA_b84_115_SNP_N_GenomeWideSNP_6_A09_771614	2	2784	34517433	24130	-0.0636
DUNGS_p_TCGA_b84_115_SNP_N_GenomeWideSNP_6_A09_771614	2	34518254	34590667	53	-0.7113
DUNGS_p_TCGA_b84_115_SNP_N_GenomeWideSNP_6_A09_771614	2	34591060	37856989	2479	-0.0429
DUNGS_p_TCGA_b84_115_SNP_N_GenomeWideSNP_6_A09_771614	2	37857013	37857935	4	-1.1051
DUNGS_p_TCGA_b84_115_SNP_N_GenomeWideSNP_6_A09_771614	2	37857952	52597429	10572	-0.0557
DUNGS_p_TCGA_b84_115_SNP_N_GenomeWideSNP_6_A09_771614	2	52607972	52634916	36	-0.5547
DUNGS_p_TCGA_b84_115_SNP_N_GenomeWideSNP_6_A09_771614	2	52635001	76452797	15401	-0.0593
DUNGS_p_TCGA_b84_115_SNP_N_GenomeWideSNP_6_A09_771614	2	76455357	76691464	163	-0.4782
DUNGS_p_TCGA_b84_115_SNP_N_GenomeWideSNP_6_A09_771614	2	76691523	77206193	414	-0.0775
DUNGS_p_TCGA_b84_115_SNP_N_GenomeWideSNP_6_A09_771614	2	77212004	77221352	5	-1.2274
DUNGS_p_TCGA_b84_115_SNP_N_GenomeWideSNP_6_A09_771614	2	77222307	86791198	5988	-0.0719
DUNGS_p_TCGA_b84_115_SNP_N_GenomeWideSNP_6_A09_771614	2	86806581	86807365	2	-1.6504
DUNGS_p_TCGA_b84_115_SNP_N_GenomeWideSNP_6_A09_771614	2	86823917	87184489	83	-0.0336
DUNGS_p_TCGA_b84_115_SNP_N_GenomeWideSNP_6_A09_771614	2	87191480	87777487	191	-0.5277
DUNGS_p_TCGA_b84_115_SNP_N_GenomeWideSNP_6_A09_771614	2	87805782	89332304	653	-0.1003
DUNGS_p_TCGA_b84_115_SNP_N_GenomeWideSNP_6_A09_771614	2	89332309	91223759	240	-0.4599
DUNGS_p_TCGA_b84_115_SNP_N_GenomeWideSNP_6_A09_771614	2	91228298	97484644	978	-0.0514
DUNGS_p_TCGA_b84_115_SNP_N_GenomeWideSNP_6_A09_771614	2	97507179	97528142	8	-1.149
DUNGS_p_TCGA_b84_115_SNP_N_GenomeWideSNP_6_A09_771614	2	97528621	101552171	2397	-0.0596
DUNGS_p_TCGA_b84_115_SNP_N_GenomeWideSNP_6_A09_771614	2	101554797	101581661	16	0.5397
DUNGS_p_TCGA_b84_115_SNP_N_GenomeWideSNP_6_A09_771614	2	101592448	106249661	3175	-0.077
DUNGS_p_TCGA_b84_115_SNP_N_GenomeWideSNP_6_A09_771614	2	106249763	106251789	7	0.7149
DUNGS_p_TCGA_b84_115_SNP_N_GenomeWideSNP_6_A09_771614	2	106253687	169122626	37468	-0.0861
DUNGS_p_TCGA_b84_115_SNP_N_GenomeWideSNP_6_A09_771614	2	169124705	169205375	54	-0.5408
DUNGS_p_TCGA_b84_115_SNP_N_GenomeWideSNP_6_A09_771614	2	169205462	184311140	9702	-0.0783
DUNGS_p_TCGA_b84_115_SNP_N_GenomeWideSNP_6_A09_771614	2	184311569	184311949	5	-0.7901
DUNGS_p_TCGA_b84_115_SNP_N_GenomeWideSNP_6_A09_771614	2	184316164	195830833	6489	-0.0584
DUNGS_p_TCGA_b84_115_SNP_N_GenomeWideSNP_6_A09_771614	2	195832686	195834994	2	-1.4453
DUNGS_p_TCGA_b84_115_SNP_N_GenomeWideSNP_6_A09_771614	2	195837216	212894794	10370	-0.0879
DUNGS_p_TCGA_b84_115_SNP_N_GenomeWideSNP_6_A09_771614	2	212895448	212899663	21	-0.6184
DUNGS_p_TCGA_b84_115_SNP_N_GenomeWideSNP_6_A09_771614	2	212899970	242738129	19097	-0.0608
DUNGS_p_TCGA_b84_115_SNP_N_GenomeWideSNP_6_A09_771614	3	35345	199602	157	0.1986
DUNGS_p_TCGA_b84_115_SNP_N_GenomeWideSNP_6_A09_771614	3	205022	207800	4	-0.6116
DUNGS_p_TCGA_b84_115_SNP_N_GenomeWideSNP_6_A09_771614	3	209877	622824	366	0.2908
DUNGS_p_TCGA_b84_115_SNP_N_GenomeWideSNP_6_A09_771614	3	624466	634045	2	-1.2472
DUNGS_p_TCGA_b84_115_SNP_N_GenomeWideSNP_6_A09_771614	3	638627	10218278	8156	0.26
DUNGS_p_TCGA_b84_115_SNP_N_GenomeWideSNP_6_A09_771614	3	10218333	10227209	15	-0.1152
DUNGS_p_TCGA_b84_115_SNP_N_GenomeWideSNP_6_A09_771614	3	10227224	21885968	7834	0.259
DUNGS_p_TCGA_b84_115_SNP_N_GenomeWideSNP_6_A09_771614	3	21886312	21925113	28	0.6106
DUNGS_p_TCGA_b84_115_SNP_N_GenomeWideSNP_6_A09_771614	3	21925223	26385033	3379	0.2538
DUNGS_p_TCGA_b84_115_SNP_N_GenomeWideSNP_6_A09_771614	3	26385654	26388900	3	-0.9532
DUNGS_p_TCGA_b84_115_SNP_N_GenomeWideSNP_6_A09_771614	3	26389027	26587169	147	0.2614
DUNGS_p_TCGA_b84_115_SNP_N_GenomeWideSNP_6_A09_771614	3	26587170	26589989	10	-0.3596
DUNGS_p_TCGA_b84_115_SNP_N_GenomeWideSNP_6_A09_771614	3	26590953	26855685	220	0.2876
DUNGS_p_TCGA_b84_115_SNP_N_GenomeWideSNP_6_A09_771614	3	26856110	26858666	4	0.8338
DUNGS_p_TCGA_b84_115_SNP_N_GenomeWideSNP_6_A09_771614	3	26860863	28784790	1207	0.2778
DUNGS_p_TCGA_b84_115_SNP_N_GenomeWideSNP_6_A09_771614	3	28785445	28794127	9	-0.5634
DUNGS_p_TCGA_b84_115_SNP_N_GenomeWideSNP_6_A09_771614	3	28796434	28808921	7	0.8245
DUNGS_p_TCGA_b84_115_SNP_N_GenomeWideSNP_6_A09_771614	3	28809106	37952421	6167	0.2588
DUNGS_p_TCGA_b84_115_SNP_N_GenomeWideSNP_6_A09_771614	3	37957112	37961932	18	-0.5167
DUNGS_p_TCGA_b84_115_SNP_N_GenomeWideSNP_6_A09_771614	3	37962110	39725759	1173	0.2735
DUNGS_p_TCGA_b84_115_SNP_N_GenomeWideSNP_6_A09_771614	3	39737748	39754262	9	-0.6249
DUNGS_p_TCGA_b84_115_SNP_N_GenomeWideSNP_6_A09_771614	3	39754965	41482456	1213	0.2242
DUNGS_p_TCGA_b84_115_SNP_N_GenomeWideSNP_6_A09_771614	3	41482750	41520963	21	0.5678
DUNGS_p_TCGA_b84_115_SNP_N_GenomeWideSNP_6_A09_771614	3	41521447	75522471	22657	0.2717
DUNGS_p_TCGA_b84_115_SNP_N_GenomeWideSNP_6_A09_771614	3	75523937	75523968	2	-0.7901
DUNGS_p_TCGA_b84_115_SNP_N_GenomeWideSNP_6_A09_771614	3	75532304	75590084	31	0.2664
DUNGS_p_TCGA_b84_115_SNP_N_GenomeWideSNP_6_A09_771614	3	75590582	75651239	25	-0.1302
DUNGS_p_TCGA_b84_115_SNP_N_GenomeWideSNP_6_A09_771614	3	75655239	75809746	38	0.2661
DUNGS_p_TCGA_b84_115_SNP_N_GenomeWideSNP_6_A09_771614	3	75816484	75908876	29	-0.2763
DUNGS_p_TCGA_b84_115_SNP_N_GenomeWideSNP_6_A09_771614	3	75910300	88887024	7219	0.247
DUNGS_p_TCGA_b84_115_SNP_N_GenomeWideSNP_6_A09_771614	3	88893701	100084357	3534	-0.0931
DUNGS_p_TCGA_b84_115_SNP_N_GenomeWideSNP_6_A09_771614	3	100086798	100169145	49	-0.4424
DUNGS_p_TCGA_b84_115_SNP_N_GenomeWideSNP_6_A09_771614	3	100173055	100420474	161	-0.0257
DUNGS_p_TCGA_b84_115_SNP_N_GenomeWideSNP_6_A09_771614	3	100427148	100428085	15	-0.6849
DUNGS_p_TCGA_b84_115_SNP_N_GenomeWideSNP_6_A09_771614	3	100428100	100431721	10	-1.3498
DUNGS_p_TCGA_b84_115_SNP_N_GenomeWideSNP_6_A09_771614	3	100431728	100432111	13	-0.6896
DUNGS_p_TCGA_b84_115_SNP_N_GenomeWideSNP_6_A09_771614	3	100433654	131268899	18769	-0.0649
DUNGS_p_TCGA_b84_115_SNP_N_GenomeWideSNP_6_A09_771614	3	131268976	131289614	46	0.463
DUNGS_p_TCGA_b84_115_SNP_N_GenomeWideSNP_6_A09_771614	3	131289688	140030627	5288	-0.0661
DUNGS_p_TCGA_b84_115_SNP_N_GenomeWideSNP_6_A09_771614	3	140048079	140171876	67	0.2724
DUNGS_p_TCGA_b84_115_SNP_N_GenomeWideSNP_6_A09_771614	3	140174553	140432342	135	-0.0493
DUNGS_p_TCGA_b84_115_SNP_N_GenomeWideSNP_6_A09_771614	3	140433471	140766857	221	-0.4848
DUNGS_p_TCGA_b84_115_SNP_N_GenomeWideSNP_6_A09_771614	3	140776962	163606060	14322	-0.0579
DUNGS_p_TCGA_b84_115_SNP_N_GenomeWideSNP_6_A09_771614	3	163620294	163625399	14	-0.5706
DUNGS_p_TCGA_b84_115_SNP_N_GenomeWideSNP_6_A09_771614	3	163626942	163990962	261	-0.0515
DUNGS_p_TCGA_b84_115_SNP_N_GenomeWideSNP_6_A09_771614	3	163995351	164108689	70	0.473
DUNGS_p_TCGA_b84_115_SNP_N_GenomeWideSNP_6_A09_771614	3	164109266	170212874	3446	-0.079
DUNGS_p_TCGA_b84_115_SNP_N_GenomeWideSNP_6_A09_771614	3	170216096	170221322	2	-2.2055
DUNGS_p_TCGA_b84_115_SNP_N_GenomeWideSNP_6_A09_771614	3	170222521	173485804	2082	-0.0613
DUNGS_p_TCGA_b84_115_SNP_N_GenomeWideSNP_6_A09_771614	3	173485820	173487364	3	-1.0444
DUNGS_p_TCGA_b84_115_SNP_N_GenomeWideSNP_6_A09_771614	3	173487739	194360656	13679	-0.0605
DUNGS_p_TCGA_b84_115_SNP_N_GenomeWideSNP_6_A09_771614	3	194360739	194363167	6	1.1852
DUNGS_p_TCGA_b84_115_SNP_N_GenomeWideSNP_6_A09_771614	3	194363281	196868323	1500	-0.024
DUNGS_p_TCGA_b84_115_SNP_N_GenomeWideSNP_6_A09_771614	3	196875861	196941179	28	-0.5089
DUNGS_p_TCGA_b84_115_SNP_N_GenomeWideSNP_6_A09_771614	3	196941532	199380515	1192	-0.0066
DUNGS_p_TCGA_b84_115_SNP_N_GenomeWideSNP_6_A09_771614	4	2281	55761	56	-0.7022
DUNGS_p_TCGA_b84_115_SNP_N_GenomeWideSNP_6_A09_771614	4	55978	9819488	5753	-0.0379
DUNGS_p_TCGA_b84_115_SNP_N_GenomeWideSNP_6_A09_771614	4	9823258	9839895	23	0.609
DUNGS_p_TCGA_b84_115_SNP_N_GenomeWideSNP_6_A09_771614	4	9839910	9882141	57	-0.0802
DUNGS_p_TCGA_b84_115_SNP_N_GenomeWideSNP_6_A09_771614	4	9882625	9883300	6	-0.7561
DUNGS_p_TCGA_b84_115_SNP_N_GenomeWideSNP_6_A09_771614	4	9883724	9999813	121	-0.0827
DUNGS_p_TCGA_b84_115_SNP_N_GenomeWideSNP_6_A09_771614	4	10001452	10009766	16	-0.7435
DUNGS_p_TCGA_b84_115_SNP_N_GenomeWideSNP_6_A09_771614	4	10011816	28925172	13518	-0.0627
DUNGS_p_TCGA_b84_115_SNP_N_GenomeWideSNP_6_A09_771614	4	28927337	28927347	2	-1.283
DUNGS_p_TCGA_b84_115_SNP_N_GenomeWideSNP_6_A09_771614	4	28927363	49205959	12343	-0.0639
DUNGS_p_TCGA_b84_115_SNP_N_GenomeWideSNP_6_A09_771614	4	49256742	49278866	2	-1.4358
DUNGS_p_TCGA_b84_115_SNP_N_GenomeWideSNP_6_A09_771614	4	49283905	58462392	4172	-0.0702
DUNGS_p_TCGA_b84_115_SNP_N_GenomeWideSNP_6_A09_771614	4	58462616	58471290	6	0.4993
DUNGS_p_TCGA_b84_115_SNP_N_GenomeWideSNP_6_A09_771614	4	58472103	61617659	1917	-0.0957
DUNGS_p_TCGA_b84_115_SNP_N_GenomeWideSNP_6_A09_771614	4	61619533	61624547	3	-1.4641
DUNGS_p_TCGA_b84_115_SNP_N_GenomeWideSNP_6_A09_771614	4	61628281	66283749	2750	-0.0984
DUNGS_p_TCGA_b84_115_SNP_N_GenomeWideSNP_6_A09_771614	4	66283780	66283841	2	-1.2623
DUNGS_p_TCGA_b84_115_SNP_N_GenomeWideSNP_6_A09_771614	4	66283982	68902978	1635	-0.0956
DUNGS_p_TCGA_b84_115_SNP_N_GenomeWideSNP_6_A09_771614	4	68909443	68970737	12	0.7469
DUNGS_p_TCGA_b84_115_SNP_N_GenomeWideSNP_6_A09_771614	4	68977394	69027207	9	0.0524
DUNGS_p_TCGA_b84_115_SNP_N_GenomeWideSNP_6_A09_771614	4	69043083	69168574	68	-1.5144
DUNGS_p_TCGA_b84_115_SNP_N_GenomeWideSNP_6_A09_771614	4	69171930	69649688	35	0.2958
DUNGS_p_TCGA_b84_115_SNP_N_GenomeWideSNP_6_A09_771614	4	69649970	93886574	14808	-0.0707
DUNGS_p_TCGA_b84_115_SNP_N_GenomeWideSNP_6_A09_771614	4	93890936	94013661	62	-0.4046
DUNGS_p_TCGA_b84_115_SNP_N_GenomeWideSNP_6_A09_771614	4	94016037	104965020	6544	-0.0725
DUNGS_p_TCGA_b84_115_SNP_N_GenomeWideSNP_6_A09_771614	4	104971079	104971086	5	-0.8116
DUNGS_p_TCGA_b84_115_SNP_N_GenomeWideSNP_6_A09_771614	4	104971093	115393149	6318	-0.061
DUNGS_p_TCGA_b84_115_SNP_N_GenomeWideSNP_6_A09_771614	4	115394772	115403678	24	0.8207
DUNGS_p_TCGA_b84_115_SNP_N_GenomeWideSNP_6_A09_771614	4	115403701	122501423	4352	-0.0793
DUNGS_p_TCGA_b84_115_SNP_N_GenomeWideSNP_6_A09_771614	4	122501918	122511077	31	-0.5647
DUNGS_p_TCGA_b84_115_SNP_N_GenomeWideSNP_6_A09_771614	4	122511605	149482834	15892	-0.0628
DUNGS_p_TCGA_b84_115_SNP_N_GenomeWideSNP_6_A09_771614	4	149483002	149517125	29	-0.4169
DUNGS_p_TCGA_b84_115_SNP_N_GenomeWideSNP_6_A09_771614	4	149518364	153009236	1868	-0.0619
DUNGS_p_TCGA_b84_115_SNP_N_GenomeWideSNP_6_A09_771614	4	153010983	153012341	13	-0.8119
DUNGS_p_TCGA_b84_115_SNP_N_GenomeWideSNP_6_A09_771614	4	153014246	162093450	5883	-0.0646
DUNGS_p_TCGA_b84_115_SNP_N_GenomeWideSNP_6_A09_771614	4	162099468	162151102	63	0.2445
DUNGS_p_TCGA_b84_115_SNP_N_GenomeWideSNP_6_A09_771614	4	162151346	172613549	6644	-0.0737
DUNGS_p_TCGA_b84_115_SNP_N_GenomeWideSNP_6_A09_771614	4	172613832	172614019	4	0.8332
DUNGS_p_TCGA_b84_115_SNP_N_GenomeWideSNP_6_A09_771614	4	172614033	173226006	408	-0.0682
DUNGS_p_TCGA_b84_115_SNP_N_GenomeWideSNP_6_A09_771614	4	173226040	173226080	3	1.1881
DUNGS_p_TCGA_b84_115_SNP_N_GenomeWideSNP_6_A09_771614	4	173226094	185968934	8576	-0.048
DUNGS_p_TCGA_b84_115_SNP_N_GenomeWideSNP_6_A09_771614	4	185971583	185977209	6	-1.5205
DUNGS_p_TCGA_b84_115_SNP_N_GenomeWideSNP_6_A09_771614	4	185981395	190780112	3374	-0.059
DUNGS_p_TCGA_b84_115_SNP_N_GenomeWideSNP_6_A09_771614	4	190780142	190793072	5	-1.1455
DUNGS_p_TCGA_b84_115_SNP_N_GenomeWideSNP_6_A09_771614	4	190796638	191261904	181	-0.1361
DUNGS_p_TCGA_b84_115_SNP_N_GenomeWideSNP_6_A09_771614	5	68532	751472	310	-0.1089
DUNGS_p_TCGA_b84_115_SNP_N_GenomeWideSNP_6_A09_771614	5	751505	826547	26	-1.2645
DUNGS_p_TCGA_b84_115_SNP_N_GenomeWideSNP_6_A09_771614	5	826568	862806	15	-0.5584
DUNGS_p_TCGA_b84_115_SNP_N_GenomeWideSNP_6_A09_771614	5	870850	9951962	7694	-0.1062
DUNGS_p_TCGA_b84_115_SNP_N_GenomeWideSNP_6_A09_771614	5	9954952	9979411	33	-1.2369
DUNGS_p_TCGA_b84_115_SNP_N_GenomeWideSNP_6_A09_771614	5	9979687	12853889	2154	-0.087
DUNGS_p_TCGA_b84_115_SNP_N_GenomeWideSNP_6_A09_771614	5	12868780	12879650	11	-2.0193
DUNGS_p_TCGA_b84_115_SNP_N_GenomeWideSNP_6_A09_771614	5	12886857	21412601	5500	-0.0934
DUNGS_p_TCGA_b84_115_SNP_N_GenomeWideSNP_6_A09_771614	5	21413596	21413610	2	1.4774
DUNGS_p_TCGA_b84_115_SNP_N_GenomeWideSNP_6_A09_771614	5	21421823	26825238	3210	-0.1131
DUNGS_p_TCGA_b84_115_SNP_N_GenomeWideSNP_6_A09_771614	5	26825253	26839641	4	0.7892
DUNGS_p_TCGA_b84_115_SNP_N_GenomeWideSNP_6_A09_771614	5	26843556	27545138	393	-0.1267
DUNGS_p_TCGA_b84_115_SNP_N_GenomeWideSNP_6_A09_771614	5	27556906	27571273	19	0.2522
DUNGS_p_TCGA_b84_115_SNP_N_GenomeWideSNP_6_A09_771614	5	27571996	39176566	7667	-0.1011
DUNGS_p_TCGA_b84_115_SNP_N_GenomeWideSNP_6_A09_771614	5	39184757	39844188	486	0.196
DUNGS_p_TCGA_b84_115_SNP_N_GenomeWideSNP_6_A09_771614	5	39844272	39844726	6	-0.7838
DUNGS_p_TCGA_b84_115_SNP_N_GenomeWideSNP_6_A09_771614	5	39844742	39894669	54	0.1289
DUNGS_p_TCGA_b84_115_SNP_N_GenomeWideSNP_6_A09_771614	5	39895200	46287063	3252	-0.1123
DUNGS_p_TCGA_b84_115_SNP_N_GenomeWideSNP_6_A09_771614	5	46306765	46306865	2	-1.2041
DUNGS_p_TCGA_b84_115_SNP_N_GenomeWideSNP_6_A09_771614	5	46307687	46309259	6	-2.6265
DUNGS_p_TCGA_b84_115_SNP_N_GenomeWideSNP_6_A09_771614	5	46313969	55602322	3783	-0.0937
DUNGS_p_TCGA_b84_115_SNP_N_GenomeWideSNP_6_A09_771614	5	55602357	57357403	1302	0.1863
DUNGS_p_TCGA_b84_115_SNP_N_GenomeWideSNP_6_A09_771614	5	57361784	57369290	32	1.3428
DUNGS_p_TCGA_b84_115_SNP_N_GenomeWideSNP_6_A09_771614	5	57374114	61107786	2511	0.1987
DUNGS_p_TCGA_b84_115_SNP_N_GenomeWideSNP_6_A09_771614	5	61108363	61136676	25	0.4923
DUNGS_p_TCGA_b84_115_SNP_N_GenomeWideSNP_6_A09_771614	5	61138380	61197871	43	0.1715
DUNGS_p_TCGA_b84_115_SNP_N_GenomeWideSNP_6_A09_771614	5	61197909	61199576	2	-1.0251
DUNGS_p_TCGA_b84_115_SNP_N_GenomeWideSNP_6_A09_771614	5	61199622	68903050	4728	0.1949
DUNGS_p_TCGA_b84_115_SNP_N_GenomeWideSNP_6_A09_771614	5	69110733	69153891	4	1.2054
DUNGS_p_TCGA_b84_115_SNP_N_GenomeWideSNP_6_A09_771614	5	69269183	74014457	2281	0.2234
DUNGS_p_TCGA_b84_115_SNP_N_GenomeWideSNP_6_A09_771614	5	74015200	74021945	6	-0.4779
DUNGS_p_TCGA_b84_115_SNP_N_GenomeWideSNP_6_A09_771614	5	74022568	97512764	13609	0.1945
DUNGS_p_TCGA_b84_115_SNP_N_GenomeWideSNP_6_A09_771614	5	97512922	97512981	3	1.4501
DUNGS_p_TCGA_b84_115_SNP_N_GenomeWideSNP_6_A09_771614	5	97517812	98760610	710	0.1899
DUNGS_p_TCGA_b84_115_SNP_N_GenomeWideSNP_6_A09_771614	5	98760985	98781146	3	-1.2033
DUNGS_p_TCGA_b84_115_SNP_N_GenomeWideSNP_6_A09_771614	5	98781310	106258797	4387	0.186
DUNGS_p_TCGA_b84_115_SNP_N_GenomeWideSNP_6_A09_771614	5	106260415	106260967	10	0.763
DUNGS_p_TCGA_b84_115_SNP_N_GenomeWideSNP_6_A09_771614	5	106260983	151494364	29407	0.1976
DUNGS_p_TCGA_b84_115_SNP_N_GenomeWideSNP_6_A09_771614	5	151495579	151498544	14	-3.2808
DUNGS_p_TCGA_b84_115_SNP_N_GenomeWideSNP_6_A09_771614	5	151500464	179018242	18591	0.1874
DUNGS_p_TCGA_b84_115_SNP_N_GenomeWideSNP_6_A09_771614	5	179018358	179018709	3	-0.9507
DUNGS_p_TCGA_b84_115_SNP_N_GenomeWideSNP_6_A09_771614	5	179018851	180722926	932	0.2192
DUNGS_p_TCGA_b84_115_SNP_N_GenomeWideSNP_6_A09_771614	6	94661	1432832	1199	-0.1046
DUNGS_p_TCGA_b84_115_SNP_N_GenomeWideSNP_6_A09_771614	6	1432928	1778040	285	-0.5265
DUNGS_p_TCGA_b84_115_SNP_N_GenomeWideSNP_6_A09_771614	6	1781044	29951413	20292	-0.1014
DUNGS_p_TCGA_b84_115_SNP_N_GenomeWideSNP_6_A09_771614	6	29952013	29957016	4	-1.7635
DUNGS_p_TCGA_b84_115_SNP_N_GenomeWideSNP_6_A09_771614	6	29957080	31385665	676	-0.1171
DUNGS_p_TCGA_b84_115_SNP_N_GenomeWideSNP_6_A09_771614	6	31388802	31395480	7	1.056
DUNGS_p_TCGA_b84_115_SNP_N_GenomeWideSNP_6_A09_771614	6	31403385	31425676	8	-0.8875
DUNGS_p_TCGA_b84_115_SNP_N_GenomeWideSNP_6_A09_771614	6	31426143	32688595	547	-0.1064
DUNGS_p_TCGA_b84_115_SNP_N_GenomeWideSNP_6_A09_771614	6	32689816	32710085	12	0.6971
DUNGS_p_TCGA_b84_115_SNP_N_GenomeWideSNP_6_A09_771614	6	32710247	32717405	6	0.0239
DUNGS_p_TCGA_b84_115_SNP_N_GenomeWideSNP_6_A09_771614	6	32732282	32734596	6	-1.1065
DUNGS_p_TCGA_b84_115_SNP_N_GenomeWideSNP_6_A09_771614	6	32758590	32798005	45	-0.0111
DUNGS_p_TCGA_b84_115_SNP_N_GenomeWideSNP_6_A09_771614	6	32798775	32798790	2	1.3452
DUNGS_p_TCGA_b84_115_SNP_N_GenomeWideSNP_6_A09_771614	6	32798808	34242842	897	-0.0599
DUNGS_p_TCGA_b84_115_SNP_N_GenomeWideSNP_6_A09_771614	6	34245630	34250484	4	-1.2303
DUNGS_p_TCGA_b84_115_SNP_N_GenomeWideSNP_6_A09_771614	6	34250733	54039110	12810	-0.0788
DUNGS_p_TCGA_b84_115_SNP_N_GenomeWideSNP_6_A09_771614	6	54039189	54039814	6	0.8594
DUNGS_p_TCGA_b84_115_SNP_N_GenomeWideSNP_6_A09_771614	6	54043307	62171308	2663	-0.0774
DUNGS_p_TCGA_b84_115_SNP_N_GenomeWideSNP_6_A09_771614	6	62171441	62181321	3	-1.8386
DUNGS_p_TCGA_b84_115_SNP_N_GenomeWideSNP_6_A09_771614	6	62264227	62581429	219	-0.0749
DUNGS_p_TCGA_b84_115_SNP_N_GenomeWideSNP_6_A09_771614	6	62589179	63257762	372	-0.4826
DUNGS_p_TCGA_b84_115_SNP_N_GenomeWideSNP_6_A09_771614	6	63268233	65767450	1343	0.6851
DUNGS_p_TCGA_b84_115_SNP_N_GenomeWideSNP_6_A09_771614	6	65768120	65770513	3	-4.003
DUNGS_p_TCGA_b84_115_SNP_N_GenomeWideSNP_6_A09_771614	6	65774105	67094767	898	0.6746
DUNGS_p_TCGA_b84_115_SNP_N_GenomeWideSNP_6_A09_771614	6	67097634	67099618	6	-0.3351
DUNGS_p_TCGA_b84_115_SNP_N_GenomeWideSNP_6_A09_771614	6	67099913	67197014	87	0.8136
DUNGS_p_TCGA_b84_115_SNP_N_GenomeWideSNP_6_A09_771614	6	67199955	74648586	4937	0.2427
DUNGS_p_TCGA_b84_115_SNP_N_GenomeWideSNP_6_A09_771614	6	74648953	74651482	7	1.0652
DUNGS_p_TCGA_b84_115_SNP_N_GenomeWideSNP_6_A09_771614	6	74654017	77071668	1475	0.2469
DUNGS_p_TCGA_b84_115_SNP_N_GenomeWideSNP_6_A09_771614	6	77073620	77073646	3	-1.0526
DUNGS_p_TCGA_b84_115_SNP_N_GenomeWideSNP_6_A09_771614	6	77073713	77485918	291	0.2451
DUNGS_p_TCGA_b84_115_SNP_N_GenomeWideSNP_6_A09_771614	6	77485950	77524650	28	0.6325
DUNGS_p_TCGA_b84_115_SNP_N_GenomeWideSNP_6_A09_771614	6	77525185	79028431	982	0.2582
DUNGS_p_TCGA_b84_115_SNP_N_GenomeWideSNP_6_A09_771614	6	79028500	79091904	109	-0.2021
DUNGS_p_TCGA_b84_115_SNP_N_GenomeWideSNP_6_A09_771614	6	79095953	103841509	15503	0.2461
DUNGS_p_TCGA_b84_115_SNP_N_GenomeWideSNP_6_A09_771614	6	103841518	103868754	48	0.9237
DUNGS_p_TCGA_b84_115_SNP_N_GenomeWideSNP_6_A09_771614	6	103872163	104410666	372	0.2338
DUNGS_p_TCGA_b84_115_SNP_N_GenomeWideSNP_6_A09_771614	6	104410838	129537631	15418	-0.4757
DUNGS_p_TCGA_b84_115_SNP_N_GenomeWideSNP_6_A09_771614	6	129539590	129542032	2	-2.5495
DUNGS_p_TCGA_b84_115_SNP_N_GenomeWideSNP_6_A09_771614	6	129542568	133610681	2806	-0.4744
DUNGS_p_TCGA_b84_115_SNP_N_GenomeWideSNP_6_A09_771614	6	133611325	133612638	2	-1.8207
DUNGS_p_TCGA_b84_115_SNP_N_GenomeWideSNP_6_A09_771614	6	133616332	141172474	5020	-0.4601
DUNGS_p_TCGA_b84_115_SNP_N_GenomeWideSNP_6_A09_771614	6	141172877	141172894	2	-1.8266
DUNGS_p_TCGA_b84_115_SNP_N_GenomeWideSNP_6_A09_771614	6	141175769	153876818	8596	-0.4582
DUNGS_p_TCGA_b84_115_SNP_N_GenomeWideSNP_6_A09_771614	6	153877747	153882663	4	-1.9917
DUNGS_p_TCGA_b84_115_SNP_N_GenomeWideSNP_6_A09_771614	6	153887015	170892930	12062	-0.4667
DUNGS_p_TCGA_b84_115_SNP_N_GenomeWideSNP_6_A09_771614	7	52911	4640984	2528	-0.0478
DUNGS_p_TCGA_b84_115_SNP_N_GenomeWideSNP_6_A09_771614	7	4650302	4650363	2	-1.529
DUNGS_p_TCGA_b84_115_SNP_N_GenomeWideSNP_6_A09_771614	7	4650400	26098815	16363	-0.0733
DUNGS_p_TCGA_b84_115_SNP_N_GenomeWideSNP_6_A09_771614	7	26108917	26111938	4	-1.412
DUNGS_p_TCGA_b84_115_SNP_N_GenomeWideSNP_6_A09_771614	7	26113744	38245133	8562	-0.0751
DUNGS_p_TCGA_b84_115_SNP_N_GenomeWideSNP_6_A09_771614	7	38245408	38374719	141	0.1908
DUNGS_p_TCGA_b84_115_SNP_N_GenomeWideSNP_6_A09_771614	7	38375004	53181697	10157	-0.0802
DUNGS_p_TCGA_b84_115_SNP_N_GenomeWideSNP_6_A09_771614	7	53181834	53184746	6	0.5621
DUNGS_p_TCGA_b84_115_SNP_N_GenomeWideSNP_6_A09_771614	7	53185549	53446157	207	-0.0884
DUNGS_p_TCGA_b84_115_SNP_N_GenomeWideSNP_6_A09_771614	7	53447213	53480152	20	-0.4025
DUNGS_p_TCGA_b84_115_SNP_N_GenomeWideSNP_6_A09_771614	7	53481469	54353999	627	-0.073
DUNGS_p_TCGA_b84_115_SNP_N_GenomeWideSNP_6_A09_771614	7	54354003	54354011	5	1.7107
DUNGS_p_TCGA_b84_115_SNP_N_GenomeWideSNP_6_A09_771614	7	54360982	66328006	3913	-0.0832
DUNGS_p_TCGA_b84_115_SNP_N_GenomeWideSNP_6_A09_771614	7	66332543	66336369	2	-1.7399
DUNGS_p_TCGA_b84_115_SNP_N_GenomeWideSNP_6_A09_771614	7	66337219	66363252	9	0.1748
DUNGS_p_TCGA_b84_115_SNP_N_GenomeWideSNP_6_A09_771614	7	66363709	66428550	16	-0.5393
DUNGS_p_TCGA_b84_115_SNP_N_GenomeWideSNP_6_A09_771614	7	66429857	100163125	19535	-0.074
DUNGS_p_TCGA_b84_115_SNP_N_GenomeWideSNP_6_A09_771614	7	100167180	100170778	3	-1.8039
DUNGS_p_TCGA_b84_115_SNP_N_GenomeWideSNP_6_A09_771614	7	100188941	102022781	765	-0.0495
DUNGS_p_TCGA_b84_115_SNP_N_GenomeWideSNP_6_A09_771614	7	102025202	102123097	9	-0.8749
DUNGS_p_TCGA_b84_115_SNP_N_GenomeWideSNP_6_A09_771614	7	102123174	108754401	4281	-0.0607
DUNGS_p_TCGA_b84_115_SNP_N_GenomeWideSNP_6_A09_771614	7	108757269	108766435	3	0.7021
DUNGS_p_TCGA_b84_115_SNP_N_GenomeWideSNP_6_A09_771614	7	108767417	109217286	287	-0.1286
DUNGS_p_TCGA_b84_115_SNP_N_GenomeWideSNP_6_A09_771614	7	109220983	109228156	24	0.2465
DUNGS_p_TCGA_b84_115_SNP_N_GenomeWideSNP_6_A09_771614	7	109228157	111776189	1700	-0.0859
DUNGS_p_TCGA_b84_115_SNP_N_GenomeWideSNP_6_A09_771614	7	111778183	111786733	5	0.6992
DUNGS_p_TCGA_b84_115_SNP_N_GenomeWideSNP_6_A09_771614	7	111788062	133435717	13076	-0.086
DUNGS_p_TCGA_b84_115_SNP_N_GenomeWideSNP_6_A09_771614	7	133435735	133449083	33	-1.5398
DUNGS_p_TCGA_b84_115_SNP_N_GenomeWideSNP_6_A09_771614	7	133449098	141909110	5600	-0.0686
DUNGS_p_TCGA_b84_115_SNP_N_GenomeWideSNP_6_A09_771614	7	141911612	141969864	9	0.5071
DUNGS_p_TCGA_b84_115_SNP_N_GenomeWideSNP_6_A09_771614	7	142007478	142156294	92	0.1142
DUNGS_p_TCGA_b84_115_SNP_N_GenomeWideSNP_6_A09_771614	7	142156339	142165914	28	0.6198
DUNGS_p_TCGA_b84_115_SNP_N_GenomeWideSNP_6_A09_771614	7	142176424	143540378	843	-0.0908
DUNGS_p_TCGA_b84_115_SNP_N_GenomeWideSNP_6_A09_771614	7	143542557	143706836	43	-0.5878
DUNGS_p_TCGA_b84_115_SNP_N_GenomeWideSNP_6_A09_771614	7	143719492	149210282	3502	-0.1102
DUNGS_p_TCGA_b84_115_SNP_N_GenomeWideSNP_6_A09_771614	7	149210512	149210633	3	-1.1896
DUNGS_p_TCGA_b84_115_SNP_N_GenomeWideSNP_6_A09_771614	7	149210778	158625220	6074	-0.0747
DUNGS_p_TCGA_b84_115_SNP_N_GenomeWideSNP_6_A09_771614	7	158625416	158636507	3	-1.2068
DUNGS_p_TCGA_b84_115_SNP_N_GenomeWideSNP_6_A09_771614	7	158639149	158819765	118	-0.0559
DUNGS_p_TCGA_b84_115_SNP_N_GenomeWideSNP_6_A09_771614	8	21254	153414	9	-0.1193
DUNGS_p_TCGA_b84_115_SNP_N_GenomeWideSNP_6_A09_771614	8	154984	2689341	2113	-0.4808
DUNGS_p_TCGA_b84_115_SNP_N_GenomeWideSNP_6_A09_771614	8	2690940	2691306	7	-2.1887
DUNGS_p_TCGA_b84_115_SNP_N_GenomeWideSNP_6_A09_771614	8	2694578	3208153	528	-0.4907
DUNGS_p_TCGA_b84_115_SNP_N_GenomeWideSNP_6_A09_771614	8	3208976	3210534	3	-2.146
DUNGS_p_TCGA_b84_115_SNP_N_GenomeWideSNP_6_A09_771614	8	3210785	3775511	793	-0.4918
DUNGS_p_TCGA_b84_115_SNP_N_GenomeWideSNP_6_A09_771614	8	3775513	3777342	8	-1.6518
DUNGS_p_TCGA_b84_115_SNP_N_GenomeWideSNP_6_A09_771614	8	3777406	5586204	2644	-0.4742
DUNGS_p_TCGA_b84_115_SNP_N_GenomeWideSNP_6_A09_771614	8	5586563	5591735	20	-1.2476
DUNGS_p_TCGA_b84_115_SNP_N_GenomeWideSNP_6_A09_771614	8	5591903	6997005	1697	-0.4487
DUNGS_p_TCGA_b84_115_SNP_N_GenomeWideSNP_6_A09_771614	8	6998290	8154975	278	-0.1723
DUNGS_p_TCGA_b84_115_SNP_N_GenomeWideSNP_6_A09_771614	8	8155816	11986960	3210	-0.4471
DUNGS_p_TCGA_b84_115_SNP_N_GenomeWideSNP_6_A09_771614	8	12025135	12037718	5	0.6621
DUNGS_p_TCGA_b84_115_SNP_N_GenomeWideSNP_6_A09_771614	8	12038532	12260380	11	-0.4327
DUNGS_p_TCGA_b84_115_SNP_N_GenomeWideSNP_6_A09_771614	8	12261219	12291857	39	-1.3655
DUNGS_p_TCGA_b84_115_SNP_N_GenomeWideSNP_6_A09_771614	8	12305298	13693864	1183	-0.4599
DUNGS_p_TCGA_b84_115_SNP_N_GenomeWideSNP_6_A09_771614	8	13696043	13697555	4	-1.5224
DUNGS_p_TCGA_b84_115_SNP_N_GenomeWideSNP_6_A09_771614	8	13697923	25030439	9316	-0.457
DUNGS_p_TCGA_b84_115_SNP_N_GenomeWideSNP_6_A09_771614	8	25030494	25047152	27	0.3795
DUNGS_p_TCGA_b84_115_SNP_N_GenomeWideSNP_6_A09_771614	8	25047191	26622652	1203	-0.4299
DUNGS_p_TCGA_b84_115_SNP_N_GenomeWideSNP_6_A09_771614	8	26623841	26623904	3	-1.3973
DUNGS_p_TCGA_b84_115_SNP_N_GenomeWideSNP_6_A09_771614	8	26624027	30347827	2556	-0.4455
DUNGS_p_TCGA_b84_115_SNP_N_GenomeWideSNP_6_A09_771614	8	30348707	30353838	3	-3.6481
DUNGS_p_TCGA_b84_115_SNP_N_GenomeWideSNP_6_A09_771614	8	30355069	33754967	2232	-0.4619
DUNGS_p_TCGA_b84_115_SNP_N_GenomeWideSNP_6_A09_771614	8	33757468	38269884	2467	-0.073
DUNGS_p_TCGA_b84_115_SNP_N_GenomeWideSNP_6_A09_771614	8	38274551	39349816	581	0.4875
DUNGS_p_TCGA_b84_115_SNP_N_GenomeWideSNP_6_A09_771614	8	39354760	39506122	59	1.1661
DUNGS_p_TCGA_b84_115_SNP_N_GenomeWideSNP_6_A09_771614	8	39507456	39912071	230	0.4694
DUNGS_p_TCGA_b84_115_SNP_N_GenomeWideSNP_6_A09_771614	8	39912454	39988240	70	0.8106
DUNGS_p_TCGA_b84_115_SNP_N_GenomeWideSNP_6_A09_771614	8	39989082	40304007	301	1.0856
DUNGS_p_TCGA_b84_115_SNP_N_GenomeWideSNP_6_A09_771614	8	40304029	40313586	24	1.4476
DUNGS_p_TCGA_b84_115_SNP_N_GenomeWideSNP_6_A09_771614	8	40313613	51194564	3973	0.5966
DUNGS_p_TCGA_b84_115_SNP_N_GenomeWideSNP_6_A09_771614	8	51194577	51201172	10	1.2279
DUNGS_p_TCGA_b84_115_SNP_N_GenomeWideSNP_6_A09_771614	8	51201430	61151990	6543	0.6413
DUNGS_p_TCGA_b84_115_SNP_N_GenomeWideSNP_6_A09_771614	8	61152005	61170192	30	0.9708
DUNGS_p_TCGA_b84_115_SNP_N_GenomeWideSNP_6_A09_771614	8	61170245	78569851	10758	0.6338
DUNGS_p_TCGA_b84_115_SNP_N_GenomeWideSNP_6_A09_771614	8	78570478	78617546	29	0.972
DUNGS_p_TCGA_b84_115_SNP_N_GenomeWideSNP_6_A09_771614	8	78617626	112360670	20116	0.6541
DUNGS_p_TCGA_b84_115_SNP_N_GenomeWideSNP_6_A09_771614	8	112363455	112364436	10	1.8999
DUNGS_p_TCGA_b84_115_SNP_N_GenomeWideSNP_6_A09_771614	8	112369457	115704877	1840	0.6655
DUNGS_p_TCGA_b84_115_SNP_N_GenomeWideSNP_6_A09_771614	8	115707526	115710761	20	0.0888
DUNGS_p_TCGA_b84_115_SNP_N_GenomeWideSNP_6_A09_771614	8	115710865	144370744	20451	0.6632
DUNGS_p_TCGA_b84_115_SNP_N_GenomeWideSNP_6_A09_771614	8	144370780	144381992	12	-0.3167
DUNGS_p_TCGA_b84_115_SNP_N_GenomeWideSNP_6_A09_771614	8	144385752	144770300	119	0.758
DUNGS_p_TCGA_b84_115_SNP_N_GenomeWideSNP_6_A09_771614	8	144776300	144778951	9	-0.4022
DUNGS_p_TCGA_b84_115_SNP_N_GenomeWideSNP_6_A09_771614	8	144790132	146268959	506	0.7193
DUNGS_p_TCGA_b84_115_SNP_N_GenomeWideSNP_6_A09_771614	9	36587	3995475	4026	0.6245
DUNGS_p_TCGA_b84_115_SNP_N_GenomeWideSNP_6_A09_771614	9	3995592	4012022	71	0.8579
DUNGS_p_TCGA_b84_115_SNP_N_GenomeWideSNP_6_A09_771614	9	4012111	4110725	148	0.6402
DUNGS_p_TCGA_b84_115_SNP_N_GenomeWideSNP_6_A09_771614	9	4111848	4112322	3	-1.3944
DUNGS_p_TCGA_b84_115_SNP_N_GenomeWideSNP_6_A09_771614	9	4113868	8445307	3931	0.6361
DUNGS_p_TCGA_b84_115_SNP_N_GenomeWideSNP_6_A09_771614	9	8445855	8446724	8	-0.2465
DUNGS_p_TCGA_b84_115_SNP_N_GenomeWideSNP_6_A09_771614	9	8448811	11827288	2985	0.6407
DUNGS_p_TCGA_b84_115_SNP_N_GenomeWideSNP_6_A09_771614	9	11827596	11827866	3	2.0751
DUNGS_p_TCGA_b84_115_SNP_N_GenomeWideSNP_6_A09_771614	9	11829399	12544019	556	0.6544
DUNGS_p_TCGA_b84_115_SNP_N_GenomeWideSNP_6_A09_771614	9	12544856	12546594	2	-1.0638
DUNGS_p_TCGA_b84_115_SNP_N_GenomeWideSNP_6_A09_771614	9	12551676	22482889	8163	0.6396
DUNGS_p_TCGA_b84_115_SNP_N_GenomeWideSNP_6_A09_771614	9	22491913	22492699	2	-1.9658
DUNGS_p_TCGA_b84_115_SNP_N_GenomeWideSNP_6_A09_771614	9	22499340	23351805	582	0.6445
DUNGS_p_TCGA_b84_115_SNP_N_GenomeWideSNP_6_A09_771614	9	23353115	23363484	8	-1.6616
DUNGS_p_TCGA_b84_115_SNP_N_GenomeWideSNP_6_A09_771614	9	23368488	24467204	761	0.6369
DUNGS_p_TCGA_b84_115_SNP_N_GenomeWideSNP_6_A09_771614	9	24467402	24472648	15	1.0231
DUNGS_p_TCGA_b84_115_SNP_N_GenomeWideSNP_6_A09_771614	9	24472667	24493816	22	0.5737
DUNGS_p_TCGA_b84_115_SNP_N_GenomeWideSNP_6_A09_771614	9	24494125	24507682	19	-2.4592
DUNGS_p_TCGA_b84_115_SNP_N_GenomeWideSNP_6_A09_771614	9	24509684	25658205	861	0.6239
DUNGS_p_TCGA_b84_115_SNP_N_GenomeWideSNP_6_A09_771614	9	25658442	25662341	3	-0.7261
DUNGS_p_TCGA_b84_115_SNP_N_GenomeWideSNP_6_A09_771614	9	25665730	25880826	138	0.595
DUNGS_p_TCGA_b84_115_SNP_N_GenomeWideSNP_6_A09_771614	9	25881012	25881421	2	-1.4523
DUNGS_p_TCGA_b84_115_SNP_N_GenomeWideSNP_6_A09_771614	9	25889227	29081097	2526	0.645
DUNGS_p_TCGA_b84_115_SNP_N_GenomeWideSNP_6_A09_771614	9	29084549	29087680	3	-2.1346
DUNGS_p_TCGA_b84_115_SNP_N_GenomeWideSNP_6_A09_771614	9	29090799	38909108	6387	0.663
DUNGS_p_TCGA_b84_115_SNP_N_GenomeWideSNP_6_A09_771614	9	38918578	38984130	6	-0.3138
DUNGS_p_TCGA_b84_115_SNP_N_GenomeWideSNP_6_A09_771614	9	38986103	39320197	78	0.5398
DUNGS_p_TCGA_b84_115_SNP_N_GenomeWideSNP_6_A09_771614	9	39327293	39332825	3	-1.2441
DUNGS_p_TCGA_b84_115_SNP_N_GenomeWideSNP_6_A09_771614	9	39733166	41942516	72	0.2728
DUNGS_p_TCGA_b84_115_SNP_N_GenomeWideSNP_6_A09_771614	9	41962506	42055266	7	-1.6181
DUNGS_p_TCGA_b84_115_SNP_N_GenomeWideSNP_6_A09_771614	9	42055343	44195483	94	0.3618
DUNGS_p_TCGA_b84_115_SNP_N_GenomeWideSNP_6_A09_771614	9	44195882	45053518	74	-0.1382
DUNGS_p_TCGA_b84_115_SNP_N_GenomeWideSNP_6_A09_771614	9	45059763	45424865	22	-0.9021
DUNGS_p_TCGA_b84_115_SNP_N_GenomeWideSNP_6_A09_771614	9	45446350	67665955	106	-0.0636
DUNGS_p_TCGA_b84_115_SNP_N_GenomeWideSNP_6_A09_771614	9	67665972	67752625	26	0.7478
DUNGS_p_TCGA_b84_115_SNP_N_GenomeWideSNP_6_A09_771614	9	67752637	68055004	35	0.2526
DUNGS_p_TCGA_b84_115_SNP_N_GenomeWideSNP_6_A09_771614	9	68073667	68126437	17	-0.9227
DUNGS_p_TCGA_b84_115_SNP_N_GenomeWideSNP_6_A09_771614	9	68126438	68218497	17	-0.0308
DUNGS_p_TCGA_b84_115_SNP_N_GenomeWideSNP_6_A09_771614	9	68220375	68476231	34	-1.1151
DUNGS_p_TCGA_b84_115_SNP_N_GenomeWideSNP_6_A09_771614	9	68764746	68975091	29	-0.2587
DUNGS_p_TCGA_b84_115_SNP_N_GenomeWideSNP_6_A09_771614	9	68985805	69231762	40	-1.0292
DUNGS_p_TCGA_b84_115_SNP_N_GenomeWideSNP_6_A09_771614	9	69231763	90199421	14566	-0.1384
DUNGS_p_TCGA_b84_115_SNP_N_GenomeWideSNP_6_A09_771614	9	90201545	90203038	4	-0.9786
DUNGS_p_TCGA_b84_115_SNP_N_GenomeWideSNP_6_A09_771614	9	90204074	103948475	9210	-0.1278
DUNGS_p_TCGA_b84_115_SNP_N_GenomeWideSNP_6_A09_771614	9	103957051	104019392	48	-0.6253
DUNGS_p_TCGA_b84_115_SNP_N_GenomeWideSNP_6_A09_771614	9	104029215	106202574	1544	-0.1294
DUNGS_p_TCGA_b84_115_SNP_N_GenomeWideSNP_6_A09_771614	9	106202579	106207864	2	-1.5023
DUNGS_p_TCGA_b84_115_SNP_N_GenomeWideSNP_6_A09_771614	9	106208351	118569869	9502	-0.1097
DUNGS_p_TCGA_b84_115_SNP_N_GenomeWideSNP_6_A09_771614	9	118570070	118570447	5	-0.9339
DUNGS_p_TCGA_b84_115_SNP_N_GenomeWideSNP_6_A09_771614	9	118572976	128558391	7043	-0.1313
DUNGS_p_TCGA_b84_115_SNP_N_GenomeWideSNP_6_A09_771614	9	128558440	128562971	4	-1.1678
DUNGS_p_TCGA_b84_115_SNP_N_GenomeWideSNP_6_A09_771614	9	128567378	140211215	6176	-0.1017
DUNGS_p_TCGA_b84_115_SNP_N_GenomeWideSNP_6_A09_771614	10	62759	41753821	29211	-0.5043
DUNGS_p_TCGA_b84_115_SNP_N_GenomeWideSNP_6_A09_771614	10	41761978	41845130	20	0.2899
DUNGS_p_TCGA_b84_115_SNP_N_GenomeWideSNP_6_A09_771614	10	41934442	42110034	32	-0.2108
DUNGS_p_TCGA_b84_115_SNP_N_GenomeWideSNP_6_A09_771614	10	42139908	45573051	2338	0.1312
DUNGS_p_TCGA_b84_115_SNP_N_GenomeWideSNP_6_A09_771614	10	45576787	46409890	65	-0.189
DUNGS_p_TCGA_b84_115_SNP_N_GenomeWideSNP_6_A09_771614	10	46415426	48391956	611	0.1058
DUNGS_p_TCGA_b84_115_SNP_N_GenomeWideSNP_6_A09_771614	10	48457816	48460633	2	2.8602
DUNGS_p_TCGA_b84_115_SNP_N_GenomeWideSNP_6_A09_771614	10	48503408	49401207	284	0.1333
DUNGS_p_TCGA_b84_115_SNP_N_GenomeWideSNP_6_A09_771614	10	49402981	49402994	2	-1.3866
DUNGS_p_TCGA_b84_115_SNP_N_GenomeWideSNP_6_A09_771614	10	49403267	51265853	1150	0.1294
DUNGS_p_TCGA_b84_115_SNP_N_GenomeWideSNP_6_A09_771614	10	51274704	51329450	4	-0.8152
DUNGS_p_TCGA_b84_115_SNP_N_GenomeWideSNP_6_A09_771614	10	51405657	58182451	4905	0.1415
DUNGS_p_TCGA_b84_115_SNP_N_GenomeWideSNP_6_A09_771614	10	58182551	58195614	36	0.4321
DUNGS_p_TCGA_b84_115_SNP_N_GenomeWideSNP_6_A09_771614	10	58195748	66976282	6130	0.1275
DUNGS_p_TCGA_b84_115_SNP_N_GenomeWideSNP_6_A09_771614	10	66977929	66992932	30	0.6019
DUNGS_p_TCGA_b84_115_SNP_N_GenomeWideSNP_6_A09_771614	10	66995459	70945499	2551	0.1491
DUNGS_p_TCGA_b84_115_SNP_N_GenomeWideSNP_6_A09_771614	10	70952478	70952848	5	-0.8116
DUNGS_p_TCGA_b84_115_SNP_N_GenomeWideSNP_6_A09_771614	10	70961620	82868139	7596	0.154
DUNGS_p_TCGA_b84_115_SNP_N_GenomeWideSNP_6_A09_771614	10	82871310	82879763	10	-0.9969
DUNGS_p_TCGA_b84_115_SNP_N_GenomeWideSNP_6_A09_771614	10	82884449	88936869	4314	0.1045
DUNGS_p_TCGA_b84_115_SNP_N_GenomeWideSNP_6_A09_771614	10	88937041	89123916	29	-0.2745
DUNGS_p_TCGA_b84_115_SNP_N_GenomeWideSNP_6_A09_771614	10	89132158	116453461	18047	0.1205
DUNGS_p_TCGA_b84_115_SNP_N_GenomeWideSNP_6_A09_771614	10	116453601	116454098	3	-0.7761
DUNGS_p_TCGA_b84_115_SNP_N_GenomeWideSNP_6_A09_771614	10	116456644	127058623	7757	0.125
DUNGS_p_TCGA_b84_115_SNP_N_GenomeWideSNP_6_A09_771614	10	127062933	127064050	2	-1.3453
DUNGS_p_TCGA_b84_115_SNP_N_GenomeWideSNP_6_A09_771614	10	127069092	135356694	6045	0.114
DUNGS_p_TCGA_b84_115_SNP_N_GenomeWideSNP_6_A09_771614	11	188510	1640140	525	0.4583
DUNGS_p_TCGA_b84_115_SNP_N_GenomeWideSNP_6_A09_771614	11	1647545	1650951	4	0.6237
DUNGS_p_TCGA_b84_115_SNP_N_GenomeWideSNP_6_A09_771614	11	1652592	4232709	1278	0.2252
DUNGS_p_TCGA_b84_115_SNP_N_GenomeWideSNP_6_A09_771614	11	4252332	4315385	17	-0.3262
DUNGS_p_TCGA_b84_115_SNP_N_GenomeWideSNP_6_A09_771614	11	4315632	4471638	139	0.2151
DUNGS_p_TCGA_b84_115_SNP_N_GenomeWideSNP_6_A09_771614	11	4481014	4481247	5	-0.5538
DUNGS_p_TCGA_b84_115_SNP_N_GenomeWideSNP_6_A09_771614	11	4481635	4923972	511	0.2143
DUNGS_p_TCGA_b84_115_SNP_N_GenomeWideSNP_6_A09_771614	11	4924226	4933390	40	0.7379
DUNGS_p_TCGA_b84_115_SNP_N_GenomeWideSNP_6_A09_771614	11	4933441	5478727	545	0.2123
DUNGS_p_TCGA_b84_115_SNP_N_GenomeWideSNP_6_A09_771614	11	5478751	5479140	5	-1.4937
DUNGS_p_TCGA_b84_115_SNP_N_GenomeWideSNP_6_A09_771614	11	5480169	6064366	513	0.2414
DUNGS_p_TCGA_b84_115_SNP_N_GenomeWideSNP_6_A09_771614	11	6064845	6084552	12	0.755
DUNGS_p_TCGA_b84_115_SNP_N_GenomeWideSNP_6_A09_771614	11	6087866	20800467	10917	0.2209
DUNGS_p_TCGA_b84_115_SNP_N_GenomeWideSNP_6_A09_771614	11	20801428	20806334	3	-1.5454
DUNGS_p_TCGA_b84_115_SNP_N_GenomeWideSNP_6_A09_771614	11	20806806	22300731	1218	0.1814
DUNGS_p_TCGA_b84_115_SNP_N_GenomeWideSNP_6_A09_771614	11	22308044	22308181	2	-2.0785
DUNGS_p_TCGA_b84_115_SNP_N_GenomeWideSNP_6_A09_771614	11	22311821	26983000	3488	0.2113
DUNGS_p_TCGA_b84_115_SNP_N_GenomeWideSNP_6_A09_771614	11	26983242	26983255	2	-1.0155
DUNGS_p_TCGA_b84_115_SNP_N_GenomeWideSNP_6_A09_771614	11	26984821	51421003	15236	0.2128
DUNGS_p_TCGA_b84_115_SNP_N_GenomeWideSNP_6_A09_771614	11	54458221	54514867	4	-0.8418
DUNGS_p_TCGA_b84_115_SNP_N_GenomeWideSNP_6_A09_771614	11	54530469	55133074	245	0.2034
DUNGS_p_TCGA_b84_115_SNP_N_GenomeWideSNP_6_A09_771614	11	55133087	55204041	47	0.7724
DUNGS_p_TCGA_b84_115_SNP_N_GenomeWideSNP_6_A09_771614	11	55209110	65351703	5520	0.2577
DUNGS_p_TCGA_b84_115_SNP_N_GenomeWideSNP_6_A09_771614	11	65354719	65360209	4	-1.4474
DUNGS_p_TCGA_b84_115_SNP_N_GenomeWideSNP_6_A09_771614	11	65360655	91456251	15856	0.2466
DUNGS_p_TCGA_b84_115_SNP_N_GenomeWideSNP_6_A09_771614	11	91456504	91456772	4	-0.7232
DUNGS_p_TCGA_b84_115_SNP_N_GenomeWideSNP_6_A09_771614	11	91460076	93963560	1817	0.2544
DUNGS_p_TCGA_b84_115_SNP_N_GenomeWideSNP_6_A09_771614	11	93965611	93966358	4	-0.8214
DUNGS_p_TCGA_b84_115_SNP_N_GenomeWideSNP_6_A09_771614	11	93966861	96913553	2210	0.245
DUNGS_p_TCGA_b84_115_SNP_N_GenomeWideSNP_6_A09_771614	11	96918354	96919108	3	1.2575
DUNGS_p_TCGA_b84_115_SNP_N_GenomeWideSNP_6_A09_771614	11	96926288	97664142	527	0.2574
DUNGS_p_TCGA_b84_115_SNP_N_GenomeWideSNP_6_A09_771614	11	97665041	97708226	28	0.5143
DUNGS_p_TCGA_b84_115_SNP_N_GenomeWideSNP_6_A09_771614	11	97708526	99536241	1410	0.2299
DUNGS_p_TCGA_b84_115_SNP_N_GenomeWideSNP_6_A09_771614	11	99536595	99660656	88	-0.0984
DUNGS_p_TCGA_b84_115_SNP_N_GenomeWideSNP_6_A09_771614	11	99660710	104453339	3576	0.2467
DUNGS_p_TCGA_b84_115_SNP_N_GenomeWideSNP_6_A09_771614	11	104455634	104469482	14	0.7199
DUNGS_p_TCGA_b84_115_SNP_N_GenomeWideSNP_6_A09_771614	11	104470234	106019372	962	0.2478
DUNGS_p_TCGA_b84_115_SNP_N_GenomeWideSNP_6_A09_771614	11	106019983	106029353	5	-0.5249
DUNGS_p_TCGA_b84_115_SNP_N_GenomeWideSNP_6_A09_771614	11	106029466	120504692	9882	0.2532
DUNGS_p_TCGA_b84_115_SNP_N_GenomeWideSNP_6_A09_771614	11	120505422	120505994	2	-1.541
DUNGS_p_TCGA_b84_115_SNP_N_GenomeWideSNP_6_A09_771614	11	120506249	127084881	4905	0.2561
DUNGS_p_TCGA_b84_115_SNP_N_GenomeWideSNP_6_A09_771614	11	127086861	127094813	3	1.2588
DUNGS_p_TCGA_b84_115_SNP_N_GenomeWideSNP_6_A09_771614	11	127098715	134449982	5663	0.2703
DUNGS_p_TCGA_b84_115_SNP_N_GenomeWideSNP_6_A09_771614	12	20703	739459	420	0.8235
DUNGS_p_TCGA_b84_115_SNP_N_GenomeWideSNP_6_A09_771614	12	739524	744290	16	-0.9847
DUNGS_p_TCGA_b84_115_SNP_N_GenomeWideSNP_6_A09_771614	12	745615	8226164	5117	0.8384
DUNGS_p_TCGA_b84_115_SNP_N_GenomeWideSNP_6_A09_771614	12	8235228	8405138	56	0.5176
DUNGS_p_TCGA_b84_115_SNP_N_GenomeWideSNP_6_A09_771614	12	8405693	8447960	15	0.8878
DUNGS_p_TCGA_b84_115_SNP_N_GenomeWideSNP_6_A09_771614	12	8449755	8475939	22	-0.202
DUNGS_p_TCGA_b84_115_SNP_N_GenomeWideSNP_6_A09_771614	12	8486161	8900309	219	0.825
DUNGS_p_TCGA_b84_115_SNP_N_GenomeWideSNP_6_A09_771614	12	8900327	8907461	8	1.3196
DUNGS_p_TCGA_b84_115_SNP_N_GenomeWideSNP_6_A09_771614	12	8907932	8915125	10	0.8498
DUNGS_p_TCGA_b84_115_SNP_N_GenomeWideSNP_6_A09_771614	12	8922618	8929839	6	1.3009
DUNGS_p_TCGA_b84_115_SNP_N_GenomeWideSNP_6_A09_771614	12	8929852	9351801	239	0.806
DUNGS_p_TCGA_b84_115_SNP_N_GenomeWideSNP_6_A09_771614	12	9352495	9359076	2	-1.3991
DUNGS_p_TCGA_b84_115_SNP_N_GenomeWideSNP_6_A09_771614	12	9363632	9521823	81	0.8101
DUNGS_p_TCGA_b84_115_SNP_N_GenomeWideSNP_6_A09_771614	12	9525137	9619559	24	1.8757
DUNGS_p_TCGA_b84_115_SNP_N_GenomeWideSNP_6_A09_771614	12	9626236	11111991	1046	0.8097
DUNGS_p_TCGA_b84_115_SNP_N_GenomeWideSNP_6_A09_771614	12	11112094	11132799	11	-1.0502
DUNGS_p_TCGA_b84_115_SNP_N_GenomeWideSNP_6_A09_771614	12	11143141	11402845	134	0.788
DUNGS_p_TCGA_b84_115_SNP_N_GenomeWideSNP_6_A09_771614	12	11403759	11434653	29	1.3761
DUNGS_p_TCGA_b84_115_SNP_N_GenomeWideSNP_6_A09_771614	12	11434673	33185927	15443	0.8146
DUNGS_p_TCGA_b84_115_SNP_N_GenomeWideSNP_6_A09_771614	12	33192673	33199627	28	-0.7284
DUNGS_p_TCGA_b84_115_SNP_N_GenomeWideSNP_6_A09_771614	12	33199654	43324243	5132	0.8302
DUNGS_p_TCGA_b84_115_SNP_N_GenomeWideSNP_6_A09_771614	12	43328727	44186092	499	-0.1314
DUNGS_p_TCGA_b84_115_SNP_N_GenomeWideSNP_6_A09_771614	12	44190705	44195804	4	0.8783
DUNGS_p_TCGA_b84_115_SNP_N_GenomeWideSNP_6_A09_771614	12	44199559	51048711	3805	-0.0879
DUNGS_p_TCGA_b84_115_SNP_N_GenomeWideSNP_6_A09_771614	12	51051900	51052830	4	-0.9093
DUNGS_p_TCGA_b84_115_SNP_N_GenomeWideSNP_6_A09_771614	12	51055453	56431978	3044	-0.0842
DUNGS_p_TCGA_b84_115_SNP_N_GenomeWideSNP_6_A09_771614	12	56438638	56463559	20	0.6021
DUNGS_p_TCGA_b84_115_SNP_N_GenomeWideSNP_6_A09_771614	12	56469315	58631373	1525	-0.1387
DUNGS_p_TCGA_b84_115_SNP_N_GenomeWideSNP_6_A09_771614	12	58634432	58634511	2	-1.9712
DUNGS_p_TCGA_b84_115_SNP_N_GenomeWideSNP_6_A09_771614	12	58634638	69158125	6812	-0.1266
DUNGS_p_TCGA_b84_115_SNP_N_GenomeWideSNP_6_A09_771614	12	69158942	69164294	9	-1.8559
DUNGS_p_TCGA_b84_115_SNP_N_GenomeWideSNP_6_A09_771614	12	69165652	85974987	10304	-0.1273
DUNGS_p_TCGA_b84_115_SNP_N_GenomeWideSNP_6_A09_771614	12	85975429	85975790	2	-1.3904
DUNGS_p_TCGA_b84_115_SNP_N_GenomeWideSNP_6_A09_771614	12	85976993	108336850	15084	-0.1214
DUNGS_p_TCGA_b84_115_SNP_N_GenomeWideSNP_6_A09_771614	12	108339821	108341519	2	-1.9236
DUNGS_p_TCGA_b84_115_SNP_N_GenomeWideSNP_6_A09_771614	12	108342403	132076431	15874	-0.1027
DUNGS_p_TCGA_b84_115_SNP_N_GenomeWideSNP_6_A09_771614	12	132080572	132094628	11	-0.7507
DUNGS_p_TCGA_b84_115_SNP_N_GenomeWideSNP_6_A09_771614	12	132094671	132288262	102	-0.0097
DUNGS_p_TCGA_b84_115_SNP_N_GenomeWideSNP_6_A09_771614	13	17924949	18033703	11	-0.4237
DUNGS_p_TCGA_b84_115_SNP_N_GenomeWideSNP_6_A09_771614	13	18041824	22531004	2895	-0.0703
DUNGS_p_TCGA_b84_115_SNP_N_GenomeWideSNP_6_A09_771614	13	22531131	22531515	6	-1.1297
DUNGS_p_TCGA_b84_115_SNP_N_GenomeWideSNP_6_A09_771614	13	22536195	23921936	1130	-0.0673
DUNGS_p_TCGA_b84_115_SNP_N_GenomeWideSNP_6_A09_771614	13	23922705	23937678	21	0.3107
DUNGS_p_TCGA_b84_115_SNP_N_GenomeWideSNP_6_A09_771614	13	23938031	36969135	9518	-0.1013
DUNGS_p_TCGA_b84_115_SNP_N_GenomeWideSNP_6_A09_771614	13	36970036	36986330	17	-0.5623
DUNGS_p_TCGA_b84_115_SNP_N_GenomeWideSNP_6_A09_771614	13	36986374	37662297	504	-0.097
DUNGS_p_TCGA_b84_115_SNP_N_GenomeWideSNP_6_A09_771614	13	37662882	37665684	4	-0.6763
DUNGS_p_TCGA_b84_115_SNP_N_GenomeWideSNP_6_A09_771614	13	37665964	37942497	189	-0.1159
DUNGS_p_TCGA_b84_115_SNP_N_GenomeWideSNP_6_A09_771614	13	37947831	37964489	8	-0.5874
DUNGS_p_TCGA_b84_115_SNP_N_GenomeWideSNP_6_A09_771614	13	37964688	51969153	9211	-0.081
DUNGS_p_TCGA_b84_115_SNP_N_GenomeWideSNP_6_A09_771614	13	51972913	51977345	3	-1.2853
DUNGS_p_TCGA_b84_115_SNP_N_GenomeWideSNP_6_A09_771614	13	51985887	59043370	4116	-0.126
DUNGS_p_TCGA_b84_115_SNP_N_GenomeWideSNP_6_A09_771614	13	59043527	59043643	2	1.1135
DUNGS_p_TCGA_b84_115_SNP_N_GenomeWideSNP_6_A09_771614	13	59047103	62577703	2028	-0.1018
DUNGS_p_TCGA_b84_115_SNP_N_GenomeWideSNP_6_A09_771614	13	62578701	62615861	19	0.3016
DUNGS_p_TCGA_b84_115_SNP_N_GenomeWideSNP_6_A09_771614	13	62617497	63399043	478	-0.0502
DUNGS_p_TCGA_b84_115_SNP_N_GenomeWideSNP_6_A09_771614	13	63407585	66070780	1649	-0.3916
DUNGS_p_TCGA_b84_115_SNP_N_GenomeWideSNP_6_A09_771614	13	66074220	66076345	3	-1.6647
DUNGS_p_TCGA_b84_115_SNP_N_GenomeWideSNP_6_A09_771614	13	66078046	71374989	3387	-0.4155
DUNGS_p_TCGA_b84_115_SNP_N_GenomeWideSNP_6_A09_771614	13	71375556	71378557	4	-3.4123
DUNGS_p_TCGA_b84_115_SNP_N_GenomeWideSNP_6_A09_771614	13	71378606	88237398	11032	-0.4318
DUNGS_p_TCGA_b84_115_SNP_N_GenomeWideSNP_6_A09_771614	13	88241350	88241491	2	-1.6564
DUNGS_p_TCGA_b84_115_SNP_N_GenomeWideSNP_6_A09_771614	13	88242145	99500615	7466	-0.4207
DUNGS_p_TCGA_b84_115_SNP_N_GenomeWideSNP_6_A09_771614	13	99506541	99507157	2	1.1022
DUNGS_p_TCGA_b84_115_SNP_N_GenomeWideSNP_6_A09_771614	13	99515767	105374242	4699	-0.4241
DUNGS_p_TCGA_b84_115_SNP_N_GenomeWideSNP_6_A09_771614	13	105374497	105380680	4	-1.3139
DUNGS_p_TCGA_b84_115_SNP_N_GenomeWideSNP_6_A09_771614	13	105380792	107300281	1578	-0.4196
DUNGS_p_TCGA_b84_115_SNP_N_GenomeWideSNP_6_A09_771614	13	107301357	107605820	237	-0.0954
DUNGS_p_TCGA_b84_115_SNP_N_GenomeWideSNP_6_A09_771614	13	107606268	114126499	4158	-0.4277
DUNGS_p_TCGA_b84_115_SNP_N_GenomeWideSNP_6_A09_771614	14	18072124	18343625	20	-0.0851
DUNGS_p_TCGA_b84_115_SNP_N_GenomeWideSNP_6_A09_771614	14	18399001	18611714	19	0.5224
DUNGS_p_TCGA_b84_115_SNP_N_GenomeWideSNP_6_A09_771614	14	18627041	18866184	21	-0.1781
DUNGS_p_TCGA_b84_115_SNP_N_GenomeWideSNP_6_A09_771614	14	18871755	19008441	9	-1.1013
DUNGS_p_TCGA_b84_115_SNP_N_GenomeWideSNP_6_A09_771614	14	19038403	19411146	74	0.0661
DUNGS_p_TCGA_b84_115_SNP_N_GenomeWideSNP_6_A09_771614	14	19412580	21418623	1345	0.4589
DUNGS_p_TCGA_b84_115_SNP_N_GenomeWideSNP_6_A09_771614	14	21419054	21419335	3	-0.7522
DUNGS_p_TCGA_b84_115_SNP_N_GenomeWideSNP_6_A09_771614	14	21419526	21462988	55	0.4755
DUNGS_p_TCGA_b84_115_SNP_N_GenomeWideSNP_6_A09_771614	14	21463199	21463385	3	-0.7438
DUNGS_p_TCGA_b84_115_SNP_N_GenomeWideSNP_6_A09_771614	14	21463439	25853751	3019	0.4942
DUNGS_p_TCGA_b84_115_SNP_N_GenomeWideSNP_6_A09_771614	14	25853753	25853758	6	-0.3312
DUNGS_p_TCGA_b84_115_SNP_N_GenomeWideSNP_6_A09_771614	14	25854753	62140890	22862	0.4665
DUNGS_p_TCGA_b84_115_SNP_N_GenomeWideSNP_6_A09_771614	14	62141468	62142195	3	-0.8107
DUNGS_p_TCGA_b84_115_SNP_N_GenomeWideSNP_6_A09_771614	14	62143546	73076460	6934	0.4811
DUNGS_p_TCGA_b84_115_SNP_N_GenomeWideSNP_6_A09_771614	14	73076604	73099668	9	1.2897
DUNGS_p_TCGA_b84_115_SNP_N_GenomeWideSNP_6_A09_771614	14	73100484	73643916	284	0.4963
DUNGS_p_TCGA_b84_115_SNP_N_GenomeWideSNP_6_A09_771614	14	73644508	73644526	2	-1.0314
DUNGS_p_TCGA_b84_115_SNP_N_GenomeWideSNP_6_A09_771614	14	73644554	75012676	831	0.4962
DUNGS_p_TCGA_b84_115_SNP_N_GenomeWideSNP_6_A09_771614	14	75012684	75016567	2	-1.6683
DUNGS_p_TCGA_b84_115_SNP_N_GenomeWideSNP_6_A09_771614	14	75018169	84586206	6457	0.4458
DUNGS_p_TCGA_b84_115_SNP_N_GenomeWideSNP_6_A09_771614	14	84586230	84615323	13	0.9839
DUNGS_p_TCGA_b84_115_SNP_N_GenomeWideSNP_6_A09_771614	14	84617975	97304953	8723	0.4623
DUNGS_p_TCGA_b84_115_SNP_N_GenomeWideSNP_6_A09_771614	14	97305113	97305989	3	-0.8186
DUNGS_p_TCGA_b84_115_SNP_N_GenomeWideSNP_6_A09_771614	14	97306905	105618359	4524	0.4907
DUNGS_p_TCGA_b84_115_SNP_N_GenomeWideSNP_6_A09_771614	14	105618552	105632486	9	1.5225
DUNGS_p_TCGA_b84_115_SNP_N_GenomeWideSNP_6_A09_771614	14	105638145	105764523	60	0.5457
DUNGS_p_TCGA_b84_115_SNP_N_GenomeWideSNP_6_A09_771614	14	105777147	105897684	57	0.2033
DUNGS_p_TCGA_b84_115_SNP_N_GenomeWideSNP_6_A09_771614	14	105899182	106224218	211	0.5261
DUNGS_p_TCGA_b84_115_SNP_N_GenomeWideSNP_6_A09_771614	14	106231370	106249039	16	-0.0089
DUNGS_p_TCGA_b84_115_SNP_N_GenomeWideSNP_6_A09_771614	14	106249502	106356482	74	0.5102
DUNGS_p_TCGA_b84_115_SNP_N_GenomeWideSNP_6_A09_771614	15	18276341	18801994	80	-0.236
DUNGS_p_TCGA_b84_115_SNP_N_GenomeWideSNP_6_A09_771614	15	18809892	18862432	50	0.1642
DUNGS_p_TCGA_b84_115_SNP_N_GenomeWideSNP_6_A09_771614	15	18866712	22023095	1219	-0.063
DUNGS_p_TCGA_b84_115_SNP_N_GenomeWideSNP_6_A09_771614	15	22023323	22065713	17	-0.5883
DUNGS_p_TCGA_b84_115_SNP_N_GenomeWideSNP_6_A09_771614	15	22065947	28609050	3845	-0.0866
DUNGS_p_TCGA_b84_115_SNP_N_GenomeWideSNP_6_A09_771614	15	28675248	28688170	2	-1.881
DUNGS_p_TCGA_b84_115_SNP_N_GenomeWideSNP_6_A09_771614	15	28700879	46535575	11192	-0.0633
DUNGS_p_TCGA_b84_115_SNP_N_GenomeWideSNP_6_A09_771614	15	46538606	46538621	2	-1.4343
DUNGS_p_TCGA_b84_115_SNP_N_GenomeWideSNP_6_A09_771614	15	46540437	47330545	518	-0.067
DUNGS_p_TCGA_b84_115_SNP_N_GenomeWideSNP_6_A09_771614	15	47335011	47335635	2	-1.2796
DUNGS_p_TCGA_b84_115_SNP_N_GenomeWideSNP_6_A09_771614	15	47336143	74678566	17464	-0.0626
DUNGS_p_TCGA_b84_115_SNP_N_GenomeWideSNP_6_A09_771614	15	74678682	74682830	20	-2.0341
DUNGS_p_TCGA_b84_115_SNP_N_GenomeWideSNP_6_A09_771614	15	74689234	82334254	4439	-0.0765
DUNGS_p_TCGA_b84_115_SNP_N_GenomeWideSNP_6_A09_771614	15	82334406	82338551	5	-1.5981
DUNGS_p_TCGA_b84_115_SNP_N_GenomeWideSNP_6_A09_771614	15	82338871	90606558	5904	-0.0714
DUNGS_p_TCGA_b84_115_SNP_N_GenomeWideSNP_6_A09_771614	15	90606595	90607295	13	-0.4684
DUNGS_p_TCGA_b84_115_SNP_N_GenomeWideSNP_6_A09_771614	15	90607422	90942544	304	-0.068
DUNGS_p_TCGA_b84_115_SNP_N_GenomeWideSNP_6_A09_771614	15	90944877	90949409	3	-1.4446
DUNGS_p_TCGA_b84_115_SNP_N_GenomeWideSNP_6_A09_771614	15	90949811	90950408	3	0.472
DUNGS_p_TCGA_b84_115_SNP_N_GenomeWideSNP_6_A09_771614	15	90952120	100262764	7028	-0.0863
DUNGS_p_TCGA_b84_115_SNP_N_GenomeWideSNP_6_A09_771614	15	100276779	100286563	2	1.2246
DUNGS_p_TCGA_b84_115_SNP_N_GenomeWideSNP_6_A09_771614	16	777	1481539	477	0.2394
DUNGS_p_TCGA_b84_115_SNP_N_GenomeWideSNP_6_A09_771614	16	1482688	14897340	10670	-0.0491
DUNGS_p_TCGA_b84_115_SNP_N_GenomeWideSNP_6_A09_771614	16	14956269	15002209	59	-0.6752
DUNGS_p_TCGA_b84_115_SNP_N_GenomeWideSNP_6_A09_771614	16	15011177	16247941	590	-0.0345
DUNGS_p_TCGA_b84_115_SNP_N_GenomeWideSNP_6_A09_771614	16	16260667	16586846	28	-0.4994
DUNGS_p_TCGA_b84_115_SNP_N_GenomeWideSNP_6_A09_771614	16	16588399	29250102	7374	-0.0526
DUNGS_p_TCGA_b84_115_SNP_N_GenomeWideSNP_6_A09_771614	16	29252941	29336046	15	-0.37
DUNGS_p_TCGA_b84_115_SNP_N_GenomeWideSNP_6_A09_771614	16	29345840	29425212	2	-1.3994
DUNGS_p_TCGA_b84_115_SNP_N_GenomeWideSNP_6_A09_771614	16	29474810	54352549	8133	-0.0792
DUNGS_p_TCGA_b84_115_SNP_N_GenomeWideSNP_6_A09_771614	16	54352715	54379945	23	-0.9887
DUNGS_p_TCGA_b84_115_SNP_N_GenomeWideSNP_6_A09_771614	16	54387058	60199762	3632	-0.0646
DUNGS_p_TCGA_b84_115_SNP_N_GenomeWideSNP_6_A09_771614	16	60209123	60226725	8	-0.7132
DUNGS_p_TCGA_b84_115_SNP_N_GenomeWideSNP_6_A09_771614	16	60226938	64603974	3131	-0.0784
DUNGS_p_TCGA_b84_115_SNP_N_GenomeWideSNP_6_A09_771614	16	64607132	64611708	7	-0.64
DUNGS_p_TCGA_b84_115_SNP_N_GenomeWideSNP_6_A09_771614	16	64612210	68534936	1958	-0.021
DUNGS_p_TCGA_b84_115_SNP_N_GenomeWideSNP_6_A09_771614	16	68545887	68607297	6	-0.9596
DUNGS_p_TCGA_b84_115_SNP_N_GenomeWideSNP_6_A09_771614	16	68609885	81981791	11440	-0.0519
DUNGS_p_TCGA_b84_115_SNP_N_GenomeWideSNP_6_A09_771614	16	81984537	81984616	2	-1.5919
DUNGS_p_TCGA_b84_115_SNP_N_GenomeWideSNP_6_A09_771614	16	81984680	82351496	486	-0.0617
DUNGS_p_TCGA_b84_115_SNP_N_GenomeWideSNP_6_A09_771614	16	82351498	82351507	2	-1.4628
DUNGS_p_TCGA_b84_115_SNP_N_GenomeWideSNP_6_A09_771614	16	82351525	83065377	644	-0.031
DUNGS_p_TCGA_b84_115_SNP_N_GenomeWideSNP_6_A09_771614	16	83066869	83066897	2	-2.4976
DUNGS_p_TCGA_b84_115_SNP_N_GenomeWideSNP_6_A09_771614	16	83067153	88815036	3870	-0.0134
DUNGS_p_TCGA_b84_115_SNP_N_GenomeWideSNP_6_A09_771614	17	526	4272224	2347	-0.0275
DUNGS_p_TCGA_b84_115_SNP_N_GenomeWideSNP_6_A09_771614	17	4272267	4274785	2	-1.5449
DUNGS_p_TCGA_b84_115_SNP_N_GenomeWideSNP_6_A09_771614	17	4277074	4487290	97	-0.0138
DUNGS_p_TCGA_b84_115_SNP_N_GenomeWideSNP_6_A09_771614	17	4487396	4491080	2	1.1848
DUNGS_p_TCGA_b84_115_SNP_N_GenomeWideSNP_6_A09_771614	17	4491215	6041508	930	-0.0524
DUNGS_p_TCGA_b84_115_SNP_N_GenomeWideSNP_6_A09_771614	17	6041520	6041535	2	-2.3401
DUNGS_p_TCGA_b84_115_SNP_N_GenomeWideSNP_6_A09_771614	17	6041767	8183635	1178	-0.0466
DUNGS_p_TCGA_b84_115_SNP_N_GenomeWideSNP_6_A09_771614	17	8188272	8188458	2	-2.0461
DUNGS_p_TCGA_b84_115_SNP_N_GenomeWideSNP_6_A09_771614	17	8190183	12245024	2963	-0.0784
DUNGS_p_TCGA_b84_115_SNP_N_GenomeWideSNP_6_A09_771614	17	12255535	12255621	2	-1.425
DUNGS_p_TCGA_b84_115_SNP_N_GenomeWideSNP_6_A09_771614	17	12256003	16595026	2992	-0.0544
DUNGS_p_TCGA_b84_115_SNP_N_GenomeWideSNP_6_A09_771614	17	16598056	16630594	4	-1.2117
DUNGS_p_TCGA_b84_115_SNP_N_GenomeWideSNP_6_A09_771614	17	16642251	18296117	931	-0.0382
DUNGS_p_TCGA_b84_115_SNP_N_GenomeWideSNP_6_A09_771614	17	18299671	18409922	29	0.3408
DUNGS_p_TCGA_b84_115_SNP_N_GenomeWideSNP_6_A09_771614	17	18415371	29025020	5120	-0.0853
DUNGS_p_TCGA_b84_115_SNP_N_GenomeWideSNP_6_A09_771614	17	29025858	29031764	6	-0.9191
DUNGS_p_TCGA_b84_115_SNP_N_GenomeWideSNP_6_A09_771614	17	29032209	32827831	2514	-0.1069
DUNGS_p_TCGA_b84_115_SNP_N_GenomeWideSNP_6_A09_771614	17	32833981	32834178	2	-1.6415
DUNGS_p_TCGA_b84_115_SNP_N_GenomeWideSNP_6_A09_771614	17	32836015	33291045	298	-0.1162
DUNGS_p_TCGA_b84_115_SNP_N_GenomeWideSNP_6_A09_771614	17	33292058	33300114	5	-0.8073
DUNGS_p_TCGA_b84_115_SNP_N_GenomeWideSNP_6_A09_771614	17	33301284	36676616	1568	-0.0707
DUNGS_p_TCGA_b84_115_SNP_N_GenomeWideSNP_6_A09_771614	17	36676629	36684057	19	-0.7097
DUNGS_p_TCGA_b84_115_SNP_N_GenomeWideSNP_6_A09_771614	17	36686250	41522273	2517	-0.0686
DUNGS_p_TCGA_b84_115_SNP_N_GenomeWideSNP_6_A09_771614	17	41522318	41623640	84	-0.3032
DUNGS_p_TCGA_b84_115_SNP_N_GenomeWideSNP_6_A09_771614	17	41625070	41667752	24	0.0627
DUNGS_p_TCGA_b84_115_SNP_N_GenomeWideSNP_6_A09_771614	17	41681331	42107479	61	-0.6146
DUNGS_p_TCGA_b84_115_SNP_N_GenomeWideSNP_6_A09_771614	17	42120174	53042488	7016	-0.1087
DUNGS_p_TCGA_b84_115_SNP_N_GenomeWideSNP_6_A09_771614	17	53043332	53043992	2	-2.3437
DUNGS_p_TCGA_b84_115_SNP_N_GenomeWideSNP_6_A09_771614	17	53046992	53567099	352	-0.0688
DUNGS_p_TCGA_b84_115_SNP_N_GenomeWideSNP_6_A09_771614	17	53567513	53567781	2	-6.7725
DUNGS_p_TCGA_b84_115_SNP_N_GenomeWideSNP_6_A09_771614	17	53568442	53569093	2	-2.2028
DUNGS_p_TCGA_b84_115_SNP_N_GenomeWideSNP_6_A09_771614	17	53572397	78643088	14263	-0.0818
DUNGS_p_TCGA_b84_115_SNP_N_GenomeWideSNP_6_A09_771614	18	1543	569261	378	0.2398
DUNGS_p_TCGA_b84_115_SNP_N_GenomeWideSNP_6_A09_771614	18	569285	569716	3	1.4228
DUNGS_p_TCGA_b84_115_SNP_N_GenomeWideSNP_6_A09_771614	18	575386	1614599	736	0.2502
DUNGS_p_TCGA_b84_115_SNP_N_GenomeWideSNP_6_A09_771614	18	1614684	1776588	109	-0.3517
DUNGS_p_TCGA_b84_115_SNP_N_GenomeWideSNP_6_A09_771614	18	1780699	6184671	3197	0.2398
DUNGS_p_TCGA_b84_115_SNP_N_GenomeWideSNP_6_A09_771614	18	6184880	6631255	308	0.6789
DUNGS_p_TCGA_b84_115_SNP_N_GenomeWideSNP_6_A09_771614	18	6632719	6784021	116	0.2189
DUNGS_p_TCGA_b84_115_SNP_N_GenomeWideSNP_6_A09_771614	18	6784272	6950724	145	0.6541
DUNGS_p_TCGA_b84_115_SNP_N_GenomeWideSNP_6_A09_771614	18	6957011	7386574	339	0.2315
DUNGS_p_TCGA_b84_115_SNP_N_GenomeWideSNP_6_A09_771614	18	7386993	11148100	2914	0.6684
DUNGS_p_TCGA_b84_115_SNP_N_GenomeWideSNP_6_A09_771614	18	11149311	13723368	1569	0.2654
DUNGS_p_TCGA_b84_115_SNP_N_GenomeWideSNP_6_A09_771614	18	13729861	14308059	312	-0.4714
DUNGS_p_TCGA_b84_115_SNP_N_GenomeWideSNP_6_A09_771614	18	14325072	14329531	3	-1.8466
DUNGS_p_TCGA_b84_115_SNP_N_GenomeWideSNP_6_A09_771614	18	14333094	15172454	297	-0.531
DUNGS_p_TCGA_b84_115_SNP_N_GenomeWideSNP_6_A09_771614	18	15172481	15386945	34	-0.1642
DUNGS_p_TCGA_b84_115_SNP_N_GenomeWideSNP_6_A09_771614	18	15391763	15392408	2	-1.1088
DUNGS_p_TCGA_b84_115_SNP_N_GenomeWideSNP_6_A09_771614	18	16783351	19134288	1187	0.2557
DUNGS_p_TCGA_b84_115_SNP_N_GenomeWideSNP_6_A09_771614	18	19140775	33109680	8971	-0.4802
DUNGS_p_TCGA_b84_115_SNP_N_GenomeWideSNP_6_A09_771614	18	33114919	34130638	705	-0.1123
DUNGS_p_TCGA_b84_115_SNP_N_GenomeWideSNP_6_A09_771614	18	34131150	36514478	1545	-0.4804
DUNGS_p_TCGA_b84_115_SNP_N_GenomeWideSNP_6_A09_771614	18	36514488	36519387	14	-1.5614
DUNGS_p_TCGA_b84_115_SNP_N_GenomeWideSNP_6_A09_771614	18	36522022	48303362	8147	-0.4773
DUNGS_p_TCGA_b84_115_SNP_N_GenomeWideSNP_6_A09_771614	18	48303382	48312479	4	-1.3511
DUNGS_p_TCGA_b84_115_SNP_N_GenomeWideSNP_6_A09_771614	18	48314016	49520630	833	-0.4876
DUNGS_p_TCGA_b84_115_SNP_N_GenomeWideSNP_6_A09_771614	18	49520670	49522182	10	0.1679
DUNGS_p_TCGA_b84_115_SNP_N_GenomeWideSNP_6_A09_771614	18	49532267	61351056	8152	-0.4707
DUNGS_p_TCGA_b84_115_SNP_N_GenomeWideSNP_6_A09_771614	18	61351337	61358191	23	0.3544
DUNGS_p_TCGA_b84_115_SNP_N_GenomeWideSNP_6_A09_771614	18	61358237	61872559	360	-0.4405
DUNGS_p_TCGA_b84_115_SNP_N_GenomeWideSNP_6_A09_771614	18	61878472	61879320	12	0.2258
DUNGS_p_TCGA_b84_115_SNP_N_GenomeWideSNP_6_A09_771614	18	61883718	64897537	2228	-0.4689
DUNGS_p_TCGA_b84_115_SNP_N_GenomeWideSNP_6_A09_771614	18	64897704	64897857	5	0.4536
DUNGS_p_TCGA_b84_115_SNP_N_GenomeWideSNP_6_A09_771614	18	64897867	70234318	4072	-0.4483
DUNGS_p_TCGA_b84_115_SNP_N_GenomeWideSNP_6_A09_771614	18	70234452	70249583	10	-1.2438
DUNGS_p_TCGA_b84_115_SNP_N_GenomeWideSNP_6_A09_771614	18	70250434	70723459	302	-0.4478
DUNGS_p_TCGA_b84_115_SNP_N_GenomeWideSNP_6_A09_771614	18	70723493	70725167	2	-1.8716
DUNGS_p_TCGA_b84_115_SNP_N_GenomeWideSNP_6_A09_771614	18	70725182	74168482	2731	-0.4829
DUNGS_p_TCGA_b84_115_SNP_N_GenomeWideSNP_6_A09_771614	18	74174526	74174648	2	-2.312
DUNGS_p_TCGA_b84_115_SNP_N_GenomeWideSNP_6_A09_771614	18	74174667	76116029	1092	-0.4802
DUNGS_p_TCGA_b84_115_SNP_N_GenomeWideSNP_6_A09_771614	19	41910	5457659	1600	-0.0466
DUNGS_p_TCGA_b84_115_SNP_N_GenomeWideSNP_6_A09_771614	19	5461239	5461580	2	-3.1529
DUNGS_p_TCGA_b84_115_SNP_N_GenomeWideSNP_6_A09_771614	19	5461653	32443515	9672	-0.0777
DUNGS_p_TCGA_b84_115_SNP_N_GenomeWideSNP_6_A09_771614	19	32453978	39570484	4909	-0.5247
DUNGS_p_TCGA_b84_115_SNP_N_GenomeWideSNP_6_A09_771614	19	39577179	40365173	520	0.1834
DUNGS_p_TCGA_b84_115_SNP_N_GenomeWideSNP_6_A09_771614	19	40369398	40541162	136	-0.1158
DUNGS_p_TCGA_b84_115_SNP_N_GenomeWideSNP_6_A09_771614	19	40541333	40553688	22	-2.0638
DUNGS_p_TCGA_b84_115_SNP_N_GenomeWideSNP_6_A09_771614	19	40558584	44263890	1860	-0.072
DUNGS_p_TCGA_b84_115_SNP_N_GenomeWideSNP_6_A09_771614	19	44264079	44264396	2	-1.8034
DUNGS_p_TCGA_b84_115_SNP_N_GenomeWideSNP_6_A09_771614	19	44265322	49145341	2493	-0.0931
DUNGS_p_TCGA_b84_115_SNP_N_GenomeWideSNP_6_A09_771614	19	49149584	49590611	334	0.4463
DUNGS_p_TCGA_b84_115_SNP_N_GenomeWideSNP_6_A09_771614	19	49591386	49591799	5	-0.1471
DUNGS_p_TCGA_b84_115_SNP_N_GenomeWideSNP_6_A09_771614	19	49594121	49599023	9	0.4474
DUNGS_p_TCGA_b84_115_SNP_N_GenomeWideSNP_6_A09_771614	19	49599647	49616630	6	-0.1269
DUNGS_p_TCGA_b84_115_SNP_N_GenomeWideSNP_6_A09_771614	19	49616700	51915789	1046	0.4426
DUNGS_p_TCGA_b84_115_SNP_N_GenomeWideSNP_6_A09_771614	19	51919661	56491917	2127	-0.054
DUNGS_p_TCGA_b84_115_SNP_N_GenomeWideSNP_6_A09_771614	19	56492153	56493428	2	-1.612
DUNGS_p_TCGA_b84_115_SNP_N_GenomeWideSNP_6_A09_771614	19	56493436	60004424	2309	-0.0799
DUNGS_p_TCGA_b84_115_SNP_N_GenomeWideSNP_6_A09_771614	19	60004812	60005629	2	-1.5257
DUNGS_p_TCGA_b84_115_SNP_N_GenomeWideSNP_6_A09_771614	19	60006099	63789666	2321	-0.0833
DUNGS_p_TCGA_b84_115_SNP_N_GenomeWideSNP_6_A09_771614	20	9305	9311	6	0.2509
DUNGS_p_TCGA_b84_115_SNP_N_GenomeWideSNP_6_A09_771614	20	9312	23481	20	-0.4874
DUNGS_p_TCGA_b84_115_SNP_N_GenomeWideSNP_6_A09_771614	20	24962	1508999	1181	-0.0085
DUNGS_p_TCGA_b84_115_SNP_N_GenomeWideSNP_6_A09_771614	20	1509580	1546106	43	-0.424
DUNGS_p_TCGA_b84_115_SNP_N_GenomeWideSNP_6_A09_771614	20	1546336	14742361	9946	0.0283
DUNGS_p_TCGA_b84_115_SNP_N_GenomeWideSNP_6_A09_771614	20	14743616	14743753	5	0.8705
DUNGS_p_TCGA_b84_115_SNP_N_GenomeWideSNP_6_A09_771614	20	14745572	28215440	8922	0.0349
DUNGS_p_TCGA_b84_115_SNP_N_GenomeWideSNP_6_A09_771614	20	28222906	28265410	14	-0.4464
DUNGS_p_TCGA_b84_115_SNP_N_GenomeWideSNP_6_A09_771614	20	29298710	43635298	8845	0.0114
DUNGS_p_TCGA_b84_115_SNP_N_GenomeWideSNP_6_A09_771614	20	43637957	43638185	2	-1.3268
DUNGS_p_TCGA_b84_115_SNP_N_GenomeWideSNP_6_A09_771614	20	43642932	62426597	13547	-0.0231
DUNGS_p_TCGA_b84_115_SNP_N_GenomeWideSNP_6_A09_771614	21	9758742	43792481	22665	-0.4781
DUNGS_p_TCGA_b84_115_SNP_N_GenomeWideSNP_6_A09_771614	21	43795301	43797240	2	-2.9112
DUNGS_p_TCGA_b84_115_SNP_N_GenomeWideSNP_6_A09_771614	21	43798095	46921385	1767	-0.4481
DUNGS_p_TCGA_b84_115_SNP_N_GenomeWideSNP_6_A09_771614	22	14432528	19433293	2432	-0.026
DUNGS_p_TCGA_b84_115_SNP_N_GenomeWideSNP_6_A09_771614	22	19433406	19433487	2	-1.4696
DUNGS_p_TCGA_b84_115_SNP_N_GenomeWideSNP_6_A09_771614	22	19433551	20798619	868	0.0144
DUNGS_p_TCGA_b84_115_SNP_N_GenomeWideSNP_6_A09_771614	22	20803918	20804613	6	-1.0001
DUNGS_p_TCGA_b84_115_SNP_N_GenomeWideSNP_6_A09_771614	22	20811498	20832154	58	-0.0445
DUNGS_p_TCGA_b84_115_SNP_N_GenomeWideSNP_6_A09_771614	22	20832179	20833853	21	0.3685
DUNGS_p_TCGA_b84_115_SNP_N_GenomeWideSNP_6_A09_771614	22	20834045	22613016	1206	-0.0491
DUNGS_p_TCGA_b84_115_SNP_N_GenomeWideSNP_6_A09_771614	22	22613098	22618434	5	-1.1612
DUNGS_p_TCGA_b84_115_SNP_N_GenomeWideSNP_6_A09_771614	22	22618457	22660218	20	-0.3267
DUNGS_p_TCGA_b84_115_SNP_N_GenomeWideSNP_6_A09_771614	22	22660269	22661967	2	-2.8856
DUNGS_p_TCGA_b84_115_SNP_N_GenomeWideSNP_6_A09_771614	22	22662625	22712762	17	0.3174
DUNGS_p_TCGA_b84_115_SNP_N_GenomeWideSNP_6_A09_771614	22	22715546	34309803	8902	-0.0297
DUNGS_p_TCGA_b84_115_SNP_N_GenomeWideSNP_6_A09_771614	22	34310006	34310119	2	-1.2861
DUNGS_p_TCGA_b84_115_SNP_N_GenomeWideSNP_6_A09_771614	22	34312535	36062880	1170	-0.0116
DUNGS_p_TCGA_b84_115_SNP_N_GenomeWideSNP_6_A09_771614	22	36072938	36079892	5	-0.7533
DUNGS_p_TCGA_b84_115_SNP_N_GenomeWideSNP_6_A09_771614	22	36080613	39123206	1530	0.0019
DUNGS_p_TCGA_b84_115_SNP_N_GenomeWideSNP_6_A09_771614	22	39124536	39124766	2	-1.334
DUNGS_p_TCGA_b84_115_SNP_N_GenomeWideSNP_6_A09_771614	22	39127618	40686832	905	0.0192
DUNGS_p_TCGA_b84_115_SNP_N_GenomeWideSNP_6_A09_771614	22	40687564	40699041	9	-0.5634
DUNGS_p_TCGA_b84_115_SNP_N_GenomeWideSNP_6_A09_771614	22	40701500	42114016	828	-0.0118
DUNGS_p_TCGA_b84_115_SNP_N_GenomeWideSNP_6_A09_771614	22	42114038	42115458	2	-1.253
DUNGS_p_TCGA_b84_115_SNP_N_GenomeWideSNP_6_A09_771614	22	42115963	42168027	38	-0.0114
DUNGS_p_TCGA_b84_115_SNP_N_GenomeWideSNP_6_A09_771614	22	42170633	44295343	1658	-0.4417
DUNGS_p_TCGA_b84_115_SNP_N_GenomeWideSNP_6_A09_771614	22	44297141	44914598	319	-0.008
DUNGS_p_TCGA_b84_115_SNP_N_GenomeWideSNP_6_A09_771614	22	44921587	49565366	3572	-0.4773
DUNGS_p_TCGA_b84_115_SNP_N_GenomeWideSNP_6_A09_771614	22	49569381	49581321	4	0.0275
DUNGS_p_TCGA_b84_115_SNP_N_GenomeWideSNP_6_A09_771614	X	108477	2713633	97	-0.3613
DUNGS_p_TCGA_b84_115_SNP_N_GenomeWideSNP_6_A09_771614	X	2713955	10531222	5995	0.0219
DUNGS_p_TCGA_b84_115_SNP_N_GenomeWideSNP_6_A09_771614	X	10533991	10577390	25	-0.7187
DUNGS_p_TCGA_b84_115_SNP_N_GenomeWideSNP_6_A09_771614	X	10580632	31044353	13070	0.0256
DUNGS_p_TCGA_b84_115_SNP_N_GenomeWideSNP_6_A09_771614	X	31044750	31045141	2	-3.2723
DUNGS_p_TCGA_b84_115_SNP_N_GenomeWideSNP_6_A09_771614	X	31047406	33179997	1628	0.0433
DUNGS_p_TCGA_b84_115_SNP_N_GenomeWideSNP_6_A09_771614	X	33180723	33205095	21	0.3008
DUNGS_p_TCGA_b84_115_SNP_N_GenomeWideSNP_6_A09_771614	X	33205186	33207078	3	-1.3915
DUNGS_p_TCGA_b84_115_SNP_N_GenomeWideSNP_6_A09_771614	X	33207102	38459694	3262	0.0102
DUNGS_p_TCGA_b84_115_SNP_N_GenomeWideSNP_6_A09_771614	X	38459709	38466277	6	0.7457
DUNGS_p_TCGA_b84_115_SNP_N_GenomeWideSNP_6_A09_771614	X	38468190	38471132	8	0.0611
DUNGS_p_TCGA_b84_115_SNP_N_GenomeWideSNP_6_A09_771614	X	38476577	38477431	6	-0.8046
DUNGS_p_TCGA_b84_115_SNP_N_GenomeWideSNP_6_A09_771614	X	38477457	44662995	3446	0.0358
DUNGS_p_TCGA_b84_115_SNP_N_GenomeWideSNP_6_A09_771614	X	44666595	44667301	3	-2.168
DUNGS_p_TCGA_b84_115_SNP_N_GenomeWideSNP_6_A09_771614	X	44667649	47865818	1677	0.0459
DUNGS_p_TCGA_b84_115_SNP_N_GenomeWideSNP_6_A09_771614	X	47873121	47888869	3	-2.3021
DUNGS_p_TCGA_b84_115_SNP_N_GenomeWideSNP_6_A09_771614	X	47889000	76316562	10923	2e-04
DUNGS_p_TCGA_b84_115_SNP_N_GenomeWideSNP_6_A09_771614	X	76328226	76433722	10	-0.7024
DUNGS_p_TCGA_b84_115_SNP_N_GenomeWideSNP_6_A09_771614	X	76440325	88493099	6697	-0.0132
DUNGS_p_TCGA_b84_115_SNP_N_GenomeWideSNP_6_A09_771614	X	88493445	88813924	110	0.5866
DUNGS_p_TCGA_b84_115_SNP_N_GenomeWideSNP_6_A09_771614	X	88827821	90037664	421	-0.0878
DUNGS_p_TCGA_b84_115_SNP_N_GenomeWideSNP_6_A09_771614	X	90046752	90084020	19	-0.5536
DUNGS_p_TCGA_b84_115_SNP_N_GenomeWideSNP_6_A09_771614	X	90084754	92219752	920	-0.0607
DUNGS_p_TCGA_b84_115_SNP_N_GenomeWideSNP_6_A09_771614	X	92219831	92245001	27	-0.4609
DUNGS_p_TCGA_b84_115_SNP_N_GenomeWideSNP_6_A09_771614	X	92245525	112642866	11192	0.0086
DUNGS_p_TCGA_b84_115_SNP_N_GenomeWideSNP_6_A09_771614	X	112642953	112642982	2	-2.0657
DUNGS_p_TCGA_b84_115_SNP_N_GenomeWideSNP_6_A09_771614	X	112643187	115051983	1294	0.0248
DUNGS_p_TCGA_b84_115_SNP_N_GenomeWideSNP_6_A09_771614	X	115052431	115064666	6	-1.1984
DUNGS_p_TCGA_b84_115_SNP_N_GenomeWideSNP_6_A09_771614	X	115070447	134684985	11328	0.0151
DUNGS_p_TCGA_b84_115_SNP_N_GenomeWideSNP_6_A09_771614	X	134690451	134721274	10	-0.849
DUNGS_p_TCGA_b84_115_SNP_N_GenomeWideSNP_6_A09_771614	X	134724091	134775053	30	-0.0485
DUNGS_p_TCGA_b84_115_SNP_N_GenomeWideSNP_6_A09_771614	X	134775496	134775578	2	1.3663
DUNGS_p_TCGA_b84_115_SNP_N_GenomeWideSNP_6_A09_771614	X	134775661	154835548	12432	0.0121
DUNGS_p_TCGA_b84_115_SNP_N_GenomeWideSNP_6_A09_771614	Y	2710438	57427647	8590	-1.3205
