Sample	Chromosome	Start	End	Num_Probes	Segment_Mean
DUNGS_p_TCGA_b84_115_SNP_N_GenomeWideSNP_6_G10_771622	1	51598	5290540	2321	-0.0599
DUNGS_p_TCGA_b84_115_SNP_N_GenomeWideSNP_6_G10_771622	1	5291209	5303445	5	-1.3224
DUNGS_p_TCGA_b84_115_SNP_N_GenomeWideSNP_6_G10_771622	1	5308749	12768450	4208	-0.103
DUNGS_p_TCGA_b84_115_SNP_N_GenomeWideSNP_6_G10_771622	1	12775335	12790553	24	0.3978
DUNGS_p_TCGA_b84_115_SNP_N_GenomeWideSNP_6_G10_771622	1	12795972	15362269	1440	-0.1248
DUNGS_p_TCGA_b84_115_SNP_N_GenomeWideSNP_6_G10_771622	1	15362386	15362449	2	-2.1878
DUNGS_p_TCGA_b84_115_SNP_N_GenomeWideSNP_6_G10_771622	1	15362518	16022502	424	-0.0715
DUNGS_p_TCGA_b84_115_SNP_N_GenomeWideSNP_6_G10_771622	1	16026084	16026512	6	-1.1726
DUNGS_p_TCGA_b84_115_SNP_N_GenomeWideSNP_6_G10_771622	1	16026788	16688677	295	-0.065
DUNGS_p_TCGA_b84_115_SNP_N_GenomeWideSNP_6_G10_771622	1	16692220	16961936	96	-0.5335
DUNGS_p_TCGA_b84_115_SNP_N_GenomeWideSNP_6_G10_771622	1	16965844	17097954	32	-0.2357
DUNGS_p_TCGA_b84_115_SNP_N_GenomeWideSNP_6_G10_771622	1	17098117	17101293	2	1.9058
DUNGS_p_TCGA_b84_115_SNP_N_GenomeWideSNP_6_G10_771622	1	17108271	25318097	5220	-0.1083
DUNGS_p_TCGA_b84_115_SNP_N_GenomeWideSNP_6_G10_771622	1	25319868	25319976	2	-1.8792
DUNGS_p_TCGA_b84_115_SNP_N_GenomeWideSNP_6_G10_771622	1	25320009	25455928	101	-0.1292
DUNGS_p_TCGA_b84_115_SNP_N_GenomeWideSNP_6_G10_771622	1	25465715	25534592	30	-0.8166
DUNGS_p_TCGA_b84_115_SNP_N_GenomeWideSNP_6_G10_771622	1	25534799	26702314	555	-0.0992
DUNGS_p_TCGA_b84_115_SNP_N_GenomeWideSNP_6_G10_771622	1	26702845	26720938	8	0.605
DUNGS_p_TCGA_b84_115_SNP_N_GenomeWideSNP_6_G10_771622	1	26720973	30695648	1986	-0.1112
DUNGS_p_TCGA_b84_115_SNP_N_GenomeWideSNP_6_G10_771622	1	30695758	30697872	5	0.9249
DUNGS_p_TCGA_b84_115_SNP_N_GenomeWideSNP_6_G10_771622	1	30698147	34875303	2420	-0.1113
DUNGS_p_TCGA_b84_115_SNP_N_GenomeWideSNP_6_G10_771622	1	34875431	34876097	7	0.9157
DUNGS_p_TCGA_b84_115_SNP_N_GenomeWideSNP_6_G10_771622	1	34876414	39912140	2724	-0.1049
DUNGS_p_TCGA_b84_115_SNP_N_GenomeWideSNP_6_G10_771622	1	39913002	39917405	4	-1.2443
DUNGS_p_TCGA_b84_115_SNP_N_GenomeWideSNP_6_G10_771622	1	39917649	54204607	7955	-0.1048
DUNGS_p_TCGA_b84_115_SNP_N_GenomeWideSNP_6_G10_771622	1	54207198	54207631	2	-2.1176
DUNGS_p_TCGA_b84_115_SNP_N_GenomeWideSNP_6_G10_771622	1	54210691	55008179	496	-0.095
DUNGS_p_TCGA_b84_115_SNP_N_GenomeWideSNP_6_G10_771622	1	55015907	55042946	19	0.461
DUNGS_p_TCGA_b84_115_SNP_N_GenomeWideSNP_6_G10_771622	1	55043139	62214966	5570	-0.0916
DUNGS_p_TCGA_b84_115_SNP_N_GenomeWideSNP_6_G10_771622	1	62215018	62215063	5	1.2109
DUNGS_p_TCGA_b84_115_SNP_N_GenomeWideSNP_6_G10_771622	1	62215079	74963370	8534	-0.0939
DUNGS_p_TCGA_b84_115_SNP_N_GenomeWideSNP_6_G10_771622	1	74965623	74971878	3	1.4437
DUNGS_p_TCGA_b84_115_SNP_N_GenomeWideSNP_6_G10_771622	1	74972372	79255005	2723	-0.0886
DUNGS_p_TCGA_b84_115_SNP_N_GenomeWideSNP_6_G10_771622	1	79256875	79258965	7	0.8293
DUNGS_p_TCGA_b84_115_SNP_N_GenomeWideSNP_6_G10_771622	1	79259542	79980472	472	-0.1071
DUNGS_p_TCGA_b84_115_SNP_N_GenomeWideSNP_6_G10_771622	1	79983298	79993177	6	0.7718
DUNGS_p_TCGA_b84_115_SNP_N_GenomeWideSNP_6_G10_771622	1	79993376	85752938	3977	-0.0822
DUNGS_p_TCGA_b84_115_SNP_N_GenomeWideSNP_6_G10_771622	1	85761152	85775754	10	0.8412
DUNGS_p_TCGA_b84_115_SNP_N_GenomeWideSNP_6_G10_771622	1	85778597	90863841	3375	-0.0904
DUNGS_p_TCGA_b84_115_SNP_N_GenomeWideSNP_6_G10_771622	1	90864169	90872491	9	0.5485
DUNGS_p_TCGA_b84_115_SNP_N_GenomeWideSNP_6_G10_771622	1	90873200	91950526	726	-0.1039
DUNGS_p_TCGA_b84_115_SNP_N_GenomeWideSNP_6_G10_771622	1	91952036	91960481	6	0.7851
DUNGS_p_TCGA_b84_115_SNP_N_GenomeWideSNP_6_G10_771622	1	91960822	94342806	1301	-0.1011
DUNGS_p_TCGA_b84_115_SNP_N_GenomeWideSNP_6_G10_771622	1	94344858	94345634	2	1.5144
DUNGS_p_TCGA_b84_115_SNP_N_GenomeWideSNP_6_G10_771622	1	94346107	95927764	1200	-0.0983
DUNGS_p_TCGA_b84_115_SNP_N_GenomeWideSNP_6_G10_771622	1	95928304	95928654	2	1.4598
DUNGS_p_TCGA_b84_115_SNP_N_GenomeWideSNP_6_G10_771622	1	95928804	108071653	7410	-0.0552
DUNGS_p_TCGA_b84_115_SNP_N_GenomeWideSNP_6_G10_771622	1	108075507	108082158	3	1.381
DUNGS_p_TCGA_b84_115_SNP_N_GenomeWideSNP_6_G10_771622	1	108082783	108531282	343	-0.098
DUNGS_p_TCGA_b84_115_SNP_N_GenomeWideSNP_6_G10_771622	1	108535758	108536400	2	-2.951
DUNGS_p_TCGA_b84_115_SNP_N_GenomeWideSNP_6_G10_771622	1	108539019	110029038	726	-0.1076
DUNGS_p_TCGA_b84_115_SNP_N_GenomeWideSNP_6_G10_771622	1	110034497	110041701	17	0.6969
DUNGS_p_TCGA_b84_115_SNP_N_GenomeWideSNP_6_G10_771622	1	110044476	111136565	811	-0.0944
DUNGS_p_TCGA_b84_115_SNP_N_GenomeWideSNP_6_G10_771622	1	111140483	111155738	9	0.727
DUNGS_p_TCGA_b84_115_SNP_N_GenomeWideSNP_6_G10_771622	1	111156025	111184516	46	-0.1037
DUNGS_p_TCGA_b84_115_SNP_N_GenomeWideSNP_6_G10_771622	1	111184748	111189707	13	0.5792
DUNGS_p_TCGA_b84_115_SNP_N_GenomeWideSNP_6_G10_771622	1	111189749	111635588	352	-0.0762
DUNGS_p_TCGA_b84_115_SNP_N_GenomeWideSNP_6_G10_771622	1	111635591	111636012	6	0.8506
DUNGS_p_TCGA_b84_115_SNP_N_GenomeWideSNP_6_G10_771622	1	111636256	119919827	5493	-0.061
DUNGS_p_TCGA_b84_115_SNP_N_GenomeWideSNP_6_G10_771622	1	119923326	119924208	6	1.1254
DUNGS_p_TCGA_b84_115_SNP_N_GenomeWideSNP_6_G10_771622	1	119924577	120946323	395	-0.0264
DUNGS_p_TCGA_b84_115_SNP_N_GenomeWideSNP_6_G10_771622	1	120946844	120953816	4	-1.4941
DUNGS_p_TCGA_b84_115_SNP_N_GenomeWideSNP_6_G10_771622	1	120956025	144308473	413	0.342
DUNGS_p_TCGA_b84_115_SNP_N_GenomeWideSNP_6_G10_771622	1	144308578	144755081	75	1.0562
DUNGS_p_TCGA_b84_115_SNP_N_GenomeWideSNP_6_G10_771622	1	144812597	150821800	2410	0.5093
DUNGS_p_TCGA_b84_115_SNP_N_GenomeWideSNP_6_G10_771622	1	150822151	150852741	31	1.5947
DUNGS_p_TCGA_b84_115_SNP_N_GenomeWideSNP_6_G10_771622	1	150852862	151029514	191	0.4776
DUNGS_p_TCGA_b84_115_SNP_N_GenomeWideSNP_6_G10_771622	1	151029527	151034241	9	-0.33
DUNGS_p_TCGA_b84_115_SNP_N_GenomeWideSNP_6_G10_771622	1	151034298	165204496	9606	0.5154
DUNGS_p_TCGA_b84_115_SNP_N_GenomeWideSNP_6_G10_771622	1	165205769	183043724	12137	0.1713
DUNGS_p_TCGA_b84_115_SNP_N_GenomeWideSNP_6_G10_771622	1	183043800	183073651	20	-0.3353
DUNGS_p_TCGA_b84_115_SNP_N_GenomeWideSNP_6_G10_771622	1	183074135	187293906	2659	0.1273
DUNGS_p_TCGA_b84_115_SNP_N_GenomeWideSNP_6_G10_771622	1	187295612	187296951	3	1.5465
DUNGS_p_TCGA_b84_115_SNP_N_GenomeWideSNP_6_G10_771622	1	187296967	187715630	276	0.1788
DUNGS_p_TCGA_b84_115_SNP_N_GenomeWideSNP_6_G10_771622	1	187719344	187720167	3	1.6569
DUNGS_p_TCGA_b84_115_SNP_N_GenomeWideSNP_6_G10_771622	1	187725642	187914780	138	0.0341
DUNGS_p_TCGA_b84_115_SNP_N_GenomeWideSNP_6_G10_771622	1	187915106	187915150	2	-1.8535
DUNGS_p_TCGA_b84_115_SNP_N_GenomeWideSNP_6_G10_771622	1	187918670	188237038	262	0.0862
DUNGS_p_TCGA_b84_115_SNP_N_GenomeWideSNP_6_G10_771622	1	188237125	188237139	2	2.0142
DUNGS_p_TCGA_b84_115_SNP_N_GenomeWideSNP_6_G10_771622	1	188237152	194981496	4484	0.186
DUNGS_p_TCGA_b84_115_SNP_N_GenomeWideSNP_6_G10_771622	1	194994473	195082414	96	-0.3158
DUNGS_p_TCGA_b84_115_SNP_N_GenomeWideSNP_6_G10_771622	1	195083353	208137685	8826	0.153
DUNGS_p_TCGA_b84_115_SNP_N_GenomeWideSNP_6_G10_771622	1	208148236	208150607	3	-2.1008
DUNGS_p_TCGA_b84_115_SNP_N_GenomeWideSNP_6_G10_771622	1	208153175	219651901	8004	0.1621
DUNGS_p_TCGA_b84_115_SNP_N_GenomeWideSNP_6_G10_771622	1	219654073	219654638	2	-1.4052
DUNGS_p_TCGA_b84_115_SNP_N_GenomeWideSNP_6_G10_771622	1	219656623	223726438	2593	0.2123
DUNGS_p_TCGA_b84_115_SNP_N_GenomeWideSNP_6_G10_771622	1	223726637	223734654	6	1.0842
DUNGS_p_TCGA_b84_115_SNP_N_GenomeWideSNP_6_G10_771622	1	223734908	241111614	12692	0.1772
DUNGS_p_TCGA_b84_115_SNP_N_GenomeWideSNP_6_G10_771622	1	241114179	241131992	52	0.5996
DUNGS_p_TCGA_b84_115_SNP_N_GenomeWideSNP_6_G10_771622	1	241144886	247191011	3807	0.1855
DUNGS_p_TCGA_b84_115_SNP_N_GenomeWideSNP_6_G10_771622	2	2784	1438923	986	0.1333
DUNGS_p_TCGA_b84_115_SNP_N_GenomeWideSNP_6_G10_771622	2	1439027	1496422	38	0.5728
DUNGS_p_TCGA_b84_115_SNP_N_GenomeWideSNP_6_G10_771622	2	1497087	13193248	9035	0.1335
DUNGS_p_TCGA_b84_115_SNP_N_GenomeWideSNP_6_G10_771622	2	13193330	13197700	4	1.8479
DUNGS_p_TCGA_b84_115_SNP_N_GenomeWideSNP_6_G10_771622	2	13200291	18043483	3524	0.2374
DUNGS_p_TCGA_b84_115_SNP_N_GenomeWideSNP_6_G10_771622	2	18043584	18044259	4	1.4637
DUNGS_p_TCGA_b84_115_SNP_N_GenomeWideSNP_6_G10_771622	2	18048549	27293255	5800	0.2298
DUNGS_p_TCGA_b84_115_SNP_N_GenomeWideSNP_6_G10_771622	2	27294806	27295004	3	-1.2166
DUNGS_p_TCGA_b84_115_SNP_N_GenomeWideSNP_6_G10_771622	2	27295408	29092110	914	0.2725
DUNGS_p_TCGA_b84_115_SNP_N_GenomeWideSNP_6_G10_771622	2	29092262	29092582	2	-1.3078
DUNGS_p_TCGA_b84_115_SNP_N_GenomeWideSNP_6_G10_771622	2	29092614	30280100	1013	0.2809
DUNGS_p_TCGA_b84_115_SNP_N_GenomeWideSNP_6_G10_771622	2	30280814	30293278	6	-0.4267
DUNGS_p_TCGA_b84_115_SNP_N_GenomeWideSNP_6_G10_771622	2	30298530	32997589	1585	0.1334
DUNGS_p_TCGA_b84_115_SNP_N_GenomeWideSNP_6_G10_771622	2	32997900	33024305	19	-0.3842
DUNGS_p_TCGA_b84_115_SNP_N_GenomeWideSNP_6_G10_771622	2	33027056	33616467	467	0.0956
DUNGS_p_TCGA_b84_115_SNP_N_GenomeWideSNP_6_G10_771622	2	33619272	33623907	5	-0.9255
DUNGS_p_TCGA_b84_115_SNP_N_GenomeWideSNP_6_G10_771622	2	33625223	34554898	733	0.0992
DUNGS_p_TCGA_b84_115_SNP_N_GenomeWideSNP_6_G10_771622	2	34555087	34564978	14	-2.0829
DUNGS_p_TCGA_b84_115_SNP_N_GenomeWideSNP_6_G10_771622	2	34570274	34571346	11	-0.4762
DUNGS_p_TCGA_b84_115_SNP_N_GenomeWideSNP_6_G10_771622	2	34571361	34590561	19	-2.3544
DUNGS_p_TCGA_b84_115_SNP_N_GenomeWideSNP_6_G10_771622	2	34590667	36185762	1157	0.0976
DUNGS_p_TCGA_b84_115_SNP_N_GenomeWideSNP_6_G10_771622	2	36189099	36189110	8	1.731
DUNGS_p_TCGA_b84_115_SNP_N_GenomeWideSNP_6_G10_771622	2	36190123	37838215	1292	0.0899
DUNGS_p_TCGA_b84_115_SNP_N_GenomeWideSNP_6_G10_771622	2	37838474	37852192	17	0.6514
DUNGS_p_TCGA_b84_115_SNP_N_GenomeWideSNP_6_G10_771622	2	37852368	41092093	2362	0.0793
DUNGS_p_TCGA_b84_115_SNP_N_GenomeWideSNP_6_G10_771622	2	41092107	41096143	8	-0.935
DUNGS_p_TCGA_b84_115_SNP_N_GenomeWideSNP_6_G10_771622	2	41096188	52590687	8204	0.0821
DUNGS_p_TCGA_b84_115_SNP_N_GenomeWideSNP_6_G10_771622	2	52591516	52647646	58	0.7379
DUNGS_p_TCGA_b84_115_SNP_N_GenomeWideSNP_6_G10_771622	2	52649561	77830734	16330	0.0929
DUNGS_p_TCGA_b84_115_SNP_N_GenomeWideSNP_6_G10_771622	2	77840186	77842820	4	1.5971
DUNGS_p_TCGA_b84_115_SNP_N_GenomeWideSNP_6_G10_771622	2	77842894	89329179	6550	0.1602
DUNGS_p_TCGA_b84_115_SNP_N_GenomeWideSNP_6_G10_771622	2	89329960	89334354	4	-0.9615
DUNGS_p_TCGA_b84_115_SNP_N_GenomeWideSNP_6_G10_771622	2	89334999	89386116	13	0.2654
DUNGS_p_TCGA_b84_115_SNP_N_GenomeWideSNP_6_G10_771622	2	89395525	91154701	209	-0.4611
DUNGS_p_TCGA_b84_115_SNP_N_GenomeWideSNP_6_G10_771622	2	91154853	95734298	419	0.2945
DUNGS_p_TCGA_b84_115_SNP_N_GenomeWideSNP_6_G10_771622	2	95734561	95755217	13	0.997
DUNGS_p_TCGA_b84_115_SNP_N_GenomeWideSNP_6_G10_771622	2	95756028	106233055	6143	0.2874
DUNGS_p_TCGA_b84_115_SNP_N_GenomeWideSNP_6_G10_771622	2	106233112	106253687	23	0.85
DUNGS_p_TCGA_b84_115_SNP_N_GenomeWideSNP_6_G10_771622	2	106253840	129500629	13592	0.1844
DUNGS_p_TCGA_b84_115_SNP_N_GenomeWideSNP_6_G10_771622	2	129501193	129505578	4	-1.7356
DUNGS_p_TCGA_b84_115_SNP_N_GenomeWideSNP_6_G10_771622	2	129505805	133000736	1679	0.0734
DUNGS_p_TCGA_b84_115_SNP_N_GenomeWideSNP_6_G10_771622	2	133001177	133036531	28	0.652
DUNGS_p_TCGA_b84_115_SNP_N_GenomeWideSNP_6_G10_771622	2	133036884	150851256	11022	0.087
DUNGS_p_TCGA_b84_115_SNP_N_GenomeWideSNP_6_G10_771622	2	150853137	150858789	5	1.0744
DUNGS_p_TCGA_b84_115_SNP_N_GenomeWideSNP_6_G10_771622	2	150858857	151155309	175	0.2047
DUNGS_p_TCGA_b84_115_SNP_N_GenomeWideSNP_6_G10_771622	2	151155502	151160288	3	-0.8421
DUNGS_p_TCGA_b84_115_SNP_N_GenomeWideSNP_6_G10_771622	2	151160571	152207382	838	0.1859
DUNGS_p_TCGA_b84_115_SNP_N_GenomeWideSNP_6_G10_771622	2	152207620	152211814	3	-1.1061
DUNGS_p_TCGA_b84_115_SNP_N_GenomeWideSNP_6_G10_771622	2	152213346	152386152	111	0.211
DUNGS_p_TCGA_b84_115_SNP_N_GenomeWideSNP_6_G10_771622	2	152389063	152399283	5	-0.4116
DUNGS_p_TCGA_b84_115_SNP_N_GenomeWideSNP_6_G10_771622	2	152399863	158261771	3446	0.096
DUNGS_p_TCGA_b84_115_SNP_N_GenomeWideSNP_6_G10_771622	2	158263853	158270399	2	1.6755
DUNGS_p_TCGA_b84_115_SNP_N_GenomeWideSNP_6_G10_771622	2	158275458	180126456	13622	0.2035
DUNGS_p_TCGA_b84_115_SNP_N_GenomeWideSNP_6_G10_771622	2	180126578	180130099	24	-0.5313
DUNGS_p_TCGA_b84_115_SNP_N_GenomeWideSNP_6_G10_771622	2	180130114	181634030	1044	0.2858
DUNGS_p_TCGA_b84_115_SNP_N_GenomeWideSNP_6_G10_771622	2	181634402	181640864	5	1.0873
DUNGS_p_TCGA_b84_115_SNP_N_GenomeWideSNP_6_G10_771622	2	181641115	183792398	1278	0.1359
DUNGS_p_TCGA_b84_115_SNP_N_GenomeWideSNP_6_G10_771622	2	183793698	183796359	8	-0.8916
DUNGS_p_TCGA_b84_115_SNP_N_GenomeWideSNP_6_G10_771622	2	183797390	184729214	577	0.0509
DUNGS_p_TCGA_b84_115_SNP_N_GenomeWideSNP_6_G10_771622	2	184730157	184792965	32	-0.5465
DUNGS_p_TCGA_b84_115_SNP_N_GenomeWideSNP_6_G10_771622	2	184793207	186468978	977	0.094
DUNGS_p_TCGA_b84_115_SNP_N_GenomeWideSNP_6_G10_771622	2	186473090	186476668	4	1.6446
DUNGS_p_TCGA_b84_115_SNP_N_GenomeWideSNP_6_G10_771622	2	186479474	208058507	12538	0.0716
DUNGS_p_TCGA_b84_115_SNP_N_GenomeWideSNP_6_G10_771622	2	208058564	208067805	24	-0.5544
DUNGS_p_TCGA_b84_115_SNP_N_GenomeWideSNP_6_G10_771622	2	208068041	242738129	22161	0.0436
DUNGS_p_TCGA_b84_115_SNP_N_GenomeWideSNP_6_G10_771622	3	35345	199602	157	-0.143
DUNGS_p_TCGA_b84_115_SNP_N_GenomeWideSNP_6_G10_771622	3	205022	207800	4	-2.8133
DUNGS_p_TCGA_b84_115_SNP_N_GenomeWideSNP_6_G10_771622	3	209877	5778401	4913	-0.0891
DUNGS_p_TCGA_b84_115_SNP_N_GenomeWideSNP_6_G10_771622	3	5778603	5779627	4	1.3164
DUNGS_p_TCGA_b84_115_SNP_N_GenomeWideSNP_6_G10_771622	3	5779710	12666288	5478	-0.0958
DUNGS_p_TCGA_b84_115_SNP_N_GenomeWideSNP_6_G10_771622	3	12666588	12674620	26	0.4287
DUNGS_p_TCGA_b84_115_SNP_N_GenomeWideSNP_6_G10_771622	3	12676396	22097127	6138	-0.1046
DUNGS_p_TCGA_b84_115_SNP_N_GenomeWideSNP_6_G10_771622	3	22097400	22103415	2	1.7854
DUNGS_p_TCGA_b84_115_SNP_N_GenomeWideSNP_6_G10_771622	3	22104505	31478401	6904	-0.1336
DUNGS_p_TCGA_b84_115_SNP_N_GenomeWideSNP_6_G10_771622	3	31478423	31484239	4	1.2163
DUNGS_p_TCGA_b84_115_SNP_N_GenomeWideSNP_6_G10_771622	3	31485000	34740774	1897	-0.1974
DUNGS_p_TCGA_b84_115_SNP_N_GenomeWideSNP_6_G10_771622	3	34750455	34754447	3	1.2731
DUNGS_p_TCGA_b84_115_SNP_N_GenomeWideSNP_6_G10_771622	3	34758145	36261507	1071	-0.1983
DUNGS_p_TCGA_b84_115_SNP_N_GenomeWideSNP_6_G10_771622	3	36262332	36271847	7	0.9093
DUNGS_p_TCGA_b84_115_SNP_N_GenomeWideSNP_6_G10_771622	3	36272661	36381190	96	-0.1659
DUNGS_p_TCGA_b84_115_SNP_N_GenomeWideSNP_6_G10_771622	3	36382933	36385388	3	-1.7804
DUNGS_p_TCGA_b84_115_SNP_N_GenomeWideSNP_6_G10_771622	3	36386423	42040009	3687	-0.1888
DUNGS_p_TCGA_b84_115_SNP_N_GenomeWideSNP_6_G10_771622	3	42048961	42051515	5	-1.3157
DUNGS_p_TCGA_b84_115_SNP_N_GenomeWideSNP_6_G10_771622	3	42051626	52998251	5421	-0.1942
DUNGS_p_TCGA_b84_115_SNP_N_GenomeWideSNP_6_G10_771622	3	53003415	53020840	51	0.2275
DUNGS_p_TCGA_b84_115_SNP_N_GenomeWideSNP_6_G10_771622	3	53020856	55635540	1962	-0.1944
DUNGS_p_TCGA_b84_115_SNP_N_GenomeWideSNP_6_G10_771622	3	55638544	55730830	92	-0.6477
DUNGS_p_TCGA_b84_115_SNP_N_GenomeWideSNP_6_G10_771622	3	55734545	65174290	7531	-0.2217
DUNGS_p_TCGA_b84_115_SNP_N_GenomeWideSNP_6_G10_771622	3	65174305	65192696	35	0.4052
DUNGS_p_TCGA_b84_115_SNP_N_GenomeWideSNP_6_G10_771622	3	65193449	68828949	2417	-0.2256
DUNGS_p_TCGA_b84_115_SNP_N_GenomeWideSNP_6_G10_771622	3	68828974	68831448	14	-1.0962
DUNGS_p_TCGA_b84_115_SNP_N_GenomeWideSNP_6_G10_771622	3	68831476	75661548	4946	-0.2234
DUNGS_p_TCGA_b84_115_SNP_N_GenomeWideSNP_6_G10_771622	3	75668961	75669495	2	-1.9961
DUNGS_p_TCGA_b84_115_SNP_N_GenomeWideSNP_6_G10_771622	3	75677871	84781373	5002	-0.216
DUNGS_p_TCGA_b84_115_SNP_N_GenomeWideSNP_6_G10_771622	3	84781524	84785290	24	0.6635
DUNGS_p_TCGA_b84_115_SNP_N_GenomeWideSNP_6_G10_771622	3	84788974	89477403	2707	-0.2056
DUNGS_p_TCGA_b84_115_SNP_N_GenomeWideSNP_6_G10_771622	3	89477416	89487794	5	0.7211
DUNGS_p_TCGA_b84_115_SNP_N_GenomeWideSNP_6_G10_771622	3	89487807	99402053	2695	-0.0134
DUNGS_p_TCGA_b84_115_SNP_N_GenomeWideSNP_6_G10_771622	3	99402100	99402153	2	-1.601
DUNGS_p_TCGA_b84_115_SNP_N_GenomeWideSNP_6_G10_771622	3	99402463	99880198	289	0.0776
DUNGS_p_TCGA_b84_115_SNP_N_GenomeWideSNP_6_G10_771622	3	99889994	99890004	2	1.7474
DUNGS_p_TCGA_b84_115_SNP_N_GenomeWideSNP_6_G10_771622	3	99890076	100427538	308	0.1187
DUNGS_p_TCGA_b84_115_SNP_N_GenomeWideSNP_6_G10_771622	3	100427722	100431746	17	-0.6813
DUNGS_p_TCGA_b84_115_SNP_N_GenomeWideSNP_6_G10_771622	3	100431759	129887861	18142	0.0718
DUNGS_p_TCGA_b84_115_SNP_N_GenomeWideSNP_6_G10_771622	3	129887893	129891953	2	-1.53
DUNGS_p_TCGA_b84_115_SNP_N_GenomeWideSNP_6_G10_771622	3	129892370	130136815	149	0.0485
DUNGS_p_TCGA_b84_115_SNP_N_GenomeWideSNP_6_G10_771622	3	130137736	130143663	5	-0.8877
DUNGS_p_TCGA_b84_115_SNP_N_GenomeWideSNP_6_G10_771622	3	130143676	131245549	475	0.0286
DUNGS_p_TCGA_b84_115_SNP_N_GenomeWideSNP_6_G10_771622	3	131246388	131289614	53	0.466
DUNGS_p_TCGA_b84_115_SNP_N_GenomeWideSNP_6_G10_771622	3	131289688	133471294	1439	0.0309
DUNGS_p_TCGA_b84_115_SNP_N_GenomeWideSNP_6_G10_771622	3	133471328	133475463	7	0.9279
DUNGS_p_TCGA_b84_115_SNP_N_GenomeWideSNP_6_G10_771622	3	133475926	137501789	2593	0.0393
DUNGS_p_TCGA_b84_115_SNP_N_GenomeWideSNP_6_G10_771622	3	137505641	137508116	2	-3.1213
DUNGS_p_TCGA_b84_115_SNP_N_GenomeWideSNP_6_G10_771622	3	137521231	163706137	16083	0.075
DUNGS_p_TCGA_b84_115_SNP_N_GenomeWideSNP_6_G10_771622	3	163706169	163719822	18	0.8361
DUNGS_p_TCGA_b84_115_SNP_N_GenomeWideSNP_6_G10_771622	3	163719984	164197211	308	0.1298
DUNGS_p_TCGA_b84_115_SNP_N_GenomeWideSNP_6_G10_771622	3	164200421	164202256	2	-3.0241
DUNGS_p_TCGA_b84_115_SNP_N_GenomeWideSNP_6_G10_771622	3	164208853	166263419	1120	0.0906
DUNGS_p_TCGA_b84_115_SNP_N_GenomeWideSNP_6_G10_771622	3	166265750	166266807	2	1.8677
DUNGS_p_TCGA_b84_115_SNP_N_GenomeWideSNP_6_G10_771622	3	166272963	167099720	529	0.1022
DUNGS_p_TCGA_b84_115_SNP_N_GenomeWideSNP_6_G10_771622	3	167100172	167100623	2	-1.6834
DUNGS_p_TCGA_b84_115_SNP_N_GenomeWideSNP_6_G10_771622	3	167100726	174719597	4644	0.0792
DUNGS_p_TCGA_b84_115_SNP_N_GenomeWideSNP_6_G10_771622	3	174723329	174772293	23	0.7343
DUNGS_p_TCGA_b84_115_SNP_N_GenomeWideSNP_6_G10_771622	3	174772374	178177260	2311	0.082
DUNGS_p_TCGA_b84_115_SNP_N_GenomeWideSNP_6_G10_771622	3	178177277	178193420	31	0.523
DUNGS_p_TCGA_b84_115_SNP_N_GenomeWideSNP_6_G10_771622	3	178193438	193430293	9814	0.0721
DUNGS_p_TCGA_b84_115_SNP_N_GenomeWideSNP_6_G10_771622	3	193430307	193430514	3	-1.3129
DUNGS_p_TCGA_b84_115_SNP_N_GenomeWideSNP_6_G10_771622	3	193430529	196110340	1833	0.0818
DUNGS_p_TCGA_b84_115_SNP_N_GenomeWideSNP_6_G10_771622	3	196110825	196123134	10	-0.8297
DUNGS_p_TCGA_b84_115_SNP_N_GenomeWideSNP_6_G10_771622	3	196123769	196919294	341	0.0577
DUNGS_p_TCGA_b84_115_SNP_N_GenomeWideSNP_6_G10_771622	3	196919443	196947987	19	-0.6125
DUNGS_p_TCGA_b84_115_SNP_N_GenomeWideSNP_6_G10_771622	3	196949765	199333211	1172	0.075
DUNGS_p_TCGA_b84_115_SNP_N_GenomeWideSNP_6_G10_771622	3	199334102	199380515	10	1.0375
DUNGS_p_TCGA_b84_115_SNP_N_GenomeWideSNP_6_G10_771622	4	2281	56719	58	-0.5926
DUNGS_p_TCGA_b84_115_SNP_N_GenomeWideSNP_6_G10_771622	4	58821	7508729	4280	-0.124
DUNGS_p_TCGA_b84_115_SNP_N_GenomeWideSNP_6_G10_771622	4	7509657	7511133	3	1.3494
DUNGS_p_TCGA_b84_115_SNP_N_GenomeWideSNP_6_G10_771622	4	7511247	9819488	1468	-0.1132
DUNGS_p_TCGA_b84_115_SNP_N_GenomeWideSNP_6_G10_771622	4	9823258	9839895	23	-1.1305
DUNGS_p_TCGA_b84_115_SNP_N_GenomeWideSNP_6_G10_771622	4	9839910	9840155	3	1.346
DUNGS_p_TCGA_b84_115_SNP_N_GenomeWideSNP_6_G10_771622	4	9840191	9840347	2	-3.5833
DUNGS_p_TCGA_b84_115_SNP_N_GenomeWideSNP_6_G10_771622	4	9840596	20981381	8226	-0.1324
DUNGS_p_TCGA_b84_115_SNP_N_GenomeWideSNP_6_G10_771622	4	20981399	20985835	8	0.7737
DUNGS_p_TCGA_b84_115_SNP_N_GenomeWideSNP_6_G10_771622	4	20985871	22480465	1090	-0.1319
DUNGS_p_TCGA_b84_115_SNP_N_GenomeWideSNP_6_G10_771622	4	22481409	22488955	2	1.5815
DUNGS_p_TCGA_b84_115_SNP_N_GenomeWideSNP_6_G10_771622	4	22489515	34471867	7699	-0.1349
DUNGS_p_TCGA_b84_115_SNP_N_GenomeWideSNP_6_G10_771622	4	34472494	34500578	27	0.7932
DUNGS_p_TCGA_b84_115_SNP_N_GenomeWideSNP_6_G10_771622	4	34501120	35354782	554	-0.088
DUNGS_p_TCGA_b84_115_SNP_N_GenomeWideSNP_6_G10_771622	4	35361261	35397850	20	-1.0658
DUNGS_p_TCGA_b84_115_SNP_N_GenomeWideSNP_6_G10_771622	4	35398453	35682988	197	-0.0556
DUNGS_p_TCGA_b84_115_SNP_N_GenomeWideSNP_6_G10_771622	4	35686329	35687788	2	1.6866
DUNGS_p_TCGA_b84_115_SNP_N_GenomeWideSNP_6_G10_771622	4	35688024	39822629	2768	-0.0619
DUNGS_p_TCGA_b84_115_SNP_N_GenomeWideSNP_6_G10_771622	4	39823763	39828556	4	1.1127
DUNGS_p_TCGA_b84_115_SNP_N_GenomeWideSNP_6_G10_771622	4	39833007	47963155	5087	-0.0167
DUNGS_p_TCGA_b84_115_SNP_N_GenomeWideSNP_6_G10_771622	4	47963176	47970202	3	1.4436
DUNGS_p_TCGA_b84_115_SNP_N_GenomeWideSNP_6_G10_771622	4	47973554	48104779	69	0.1762
DUNGS_p_TCGA_b84_115_SNP_N_GenomeWideSNP_6_G10_771622	4	48107365	48123027	8	-0.7342
DUNGS_p_TCGA_b84_115_SNP_N_GenomeWideSNP_6_G10_771622	4	48126133	48784131	268	0.2033
DUNGS_p_TCGA_b84_115_SNP_N_GenomeWideSNP_6_G10_771622	4	48788543	48849526	8	-0.9692
DUNGS_p_TCGA_b84_115_SNP_N_GenomeWideSNP_6_G10_771622	4	48856515	49285413	24	0.2283
DUNGS_p_TCGA_b84_115_SNP_N_GenomeWideSNP_6_G10_771622	4	49315642	49353369	9	1.4733
DUNGS_p_TCGA_b84_115_SNP_N_GenomeWideSNP_6_G10_771622	4	52380456	58108243	3872	0.1894
DUNGS_p_TCGA_b84_115_SNP_N_GenomeWideSNP_6_G10_771622	4	58108501	58403552	248	-0.2182
DUNGS_p_TCGA_b84_115_SNP_N_GenomeWideSNP_6_G10_771622	4	58404563	58465420	42	0.1783
DUNGS_p_TCGA_b84_115_SNP_N_GenomeWideSNP_6_G10_771622	4	58465736	66283749	4673	-0.1968
DUNGS_p_TCGA_b84_115_SNP_N_GenomeWideSNP_6_G10_771622	4	66283780	66283982	3	-2.1146
DUNGS_p_TCGA_b84_115_SNP_N_GenomeWideSNP_6_G10_771622	4	66284919	68943659	1641	-0.1383
DUNGS_p_TCGA_b84_115_SNP_N_GenomeWideSNP_6_G10_771622	4	68964800	69027207	14	-0.6739
DUNGS_p_TCGA_b84_115_SNP_N_GenomeWideSNP_6_G10_771622	4	69043083	69571393	84	0.7316
DUNGS_p_TCGA_b84_115_SNP_N_GenomeWideSNP_6_G10_771622	4	69592866	70155288	312	-0.1911
DUNGS_p_TCGA_b84_115_SNP_N_GenomeWideSNP_6_G10_771622	4	70155482	70274578	64	0.44
DUNGS_p_TCGA_b84_115_SNP_N_GenomeWideSNP_6_G10_771622	4	70276618	72986536	1493	-0.1052
DUNGS_p_TCGA_b84_115_SNP_N_GenomeWideSNP_6_G10_771622	4	72997988	72998173	2	-2.6617
DUNGS_p_TCGA_b84_115_SNP_N_GenomeWideSNP_6_G10_771622	4	72998481	78006228	3121	-0.1103
DUNGS_p_TCGA_b84_115_SNP_N_GenomeWideSNP_6_G10_771622	4	78010243	78010550	4	1.3923
DUNGS_p_TCGA_b84_115_SNP_N_GenomeWideSNP_6_G10_771622	4	78011216	98572627	12717	-0.0998
DUNGS_p_TCGA_b84_115_SNP_N_GenomeWideSNP_6_G10_771622	4	98576457	98577328	2	-1.9588
DUNGS_p_TCGA_b84_115_SNP_N_GenomeWideSNP_6_G10_771622	4	98579809	104428633	3335	-0.1081
DUNGS_p_TCGA_b84_115_SNP_N_GenomeWideSNP_6_G10_771622	4	104428735	104429255	5	0.7865
DUNGS_p_TCGA_b84_115_SNP_N_GenomeWideSNP_6_G10_771622	4	104429650	104435155	8	-0.2295
DUNGS_p_TCGA_b84_115_SNP_N_GenomeWideSNP_6_G10_771622	4	104437549	104437551	3	2.0703
DUNGS_p_TCGA_b84_115_SNP_N_GenomeWideSNP_6_G10_771622	4	104439553	108293143	2261	-0.1009
DUNGS_p_TCGA_b84_115_SNP_N_GenomeWideSNP_6_G10_771622	4	108293257	108295968	11	0.641
DUNGS_p_TCGA_b84_115_SNP_N_GenomeWideSNP_6_G10_771622	4	108295982	112574322	2608	-0.1083
DUNGS_p_TCGA_b84_115_SNP_N_GenomeWideSNP_6_G10_771622	4	112577666	112581212	7	-0.7159
DUNGS_p_TCGA_b84_115_SNP_N_GenomeWideSNP_6_G10_771622	4	112582233	112603623	20	0.4355
DUNGS_p_TCGA_b84_115_SNP_N_GenomeWideSNP_6_G10_771622	4	112603690	135336230	13421	-0.1079
DUNGS_p_TCGA_b84_115_SNP_N_GenomeWideSNP_6_G10_771622	4	135337224	135356921	6	-1.3629
DUNGS_p_TCGA_b84_115_SNP_N_GenomeWideSNP_6_G10_771622	4	135356958	152232551	10157	-0.1006
DUNGS_p_TCGA_b84_115_SNP_N_GenomeWideSNP_6_G10_771622	4	152233432	152240564	3	-2.2615
DUNGS_p_TCGA_b84_115_SNP_N_GenomeWideSNP_6_G10_771622	4	152243776	157093978	3104	-0.1064
DUNGS_p_TCGA_b84_115_SNP_N_GenomeWideSNP_6_G10_771622	4	157096572	157099214	18	0.5304
DUNGS_p_TCGA_b84_115_SNP_N_GenomeWideSNP_6_G10_771622	4	157099379	164854984	4972	-0.0962
DUNGS_p_TCGA_b84_115_SNP_N_GenomeWideSNP_6_G10_771622	4	164857017	164860085	5	1.0403
DUNGS_p_TCGA_b84_115_SNP_N_GenomeWideSNP_6_G10_771622	4	164866254	166076555	833	-0.1104
DUNGS_p_TCGA_b84_115_SNP_N_GenomeWideSNP_6_G10_771622	4	166080836	166081128	2	-1.9135
DUNGS_p_TCGA_b84_115_SNP_N_GenomeWideSNP_6_G10_771622	4	166081202	167387071	821	-0.1158
DUNGS_p_TCGA_b84_115_SNP_N_GenomeWideSNP_6_G10_771622	4	167387094	167396551	7	0.7988
DUNGS_p_TCGA_b84_115_SNP_N_GenomeWideSNP_6_G10_771622	4	167398400	168906900	833	-0.0183
DUNGS_p_TCGA_b84_115_SNP_N_GenomeWideSNP_6_G10_771622	4	168912451	168915729	3	1.2875
DUNGS_p_TCGA_b84_115_SNP_N_GenomeWideSNP_6_G10_771622	4	168915926	169215007	213	0.0568
DUNGS_p_TCGA_b84_115_SNP_N_GenomeWideSNP_6_G10_771622	4	169215386	169215825	3	-1.2612
DUNGS_p_TCGA_b84_115_SNP_N_GenomeWideSNP_6_G10_771622	4	169215838	172605921	2177	-0.0898
DUNGS_p_TCGA_b84_115_SNP_N_GenomeWideSNP_6_G10_771622	4	172611459	172614299	11	0.9728
DUNGS_p_TCGA_b84_115_SNP_N_GenomeWideSNP_6_G10_771622	4	172614351	191261904	12550	-0.3922
DUNGS_p_TCGA_b84_115_SNP_N_GenomeWideSNP_6_G10_771622	5	68532	10891490	8830	0.2168
DUNGS_p_TCGA_b84_115_SNP_N_GenomeWideSNP_6_G10_771622	5	10896779	10897748	2	1.8862
DUNGS_p_TCGA_b84_115_SNP_N_GenomeWideSNP_6_G10_771622	5	10899476	12873076	1409	0.1891
DUNGS_p_TCGA_b84_115_SNP_N_GenomeWideSNP_6_G10_771622	5	12877411	12941854	14	-0.5073
DUNGS_p_TCGA_b84_115_SNP_N_GenomeWideSNP_6_G10_771622	5	12944390	20494119	4966	0.2606
DUNGS_p_TCGA_b84_115_SNP_N_GenomeWideSNP_6_G10_771622	5	20494275	20494410	3	1.7972
DUNGS_p_TCGA_b84_115_SNP_N_GenomeWideSNP_6_G10_771622	5	20494555	46306865	15614	0.4121
DUNGS_p_TCGA_b84_115_SNP_N_GenomeWideSNP_6_G10_771622	5	46307687	46309259	6	-2.1816
DUNGS_p_TCGA_b84_115_SNP_N_GenomeWideSNP_6_G10_771622	5	46313969	49608475	48	0.5678
DUNGS_p_TCGA_b84_115_SNP_N_GenomeWideSNP_6_G10_771622	5	49608882	57357403	5037	-0.1029
DUNGS_p_TCGA_b84_115_SNP_N_GenomeWideSNP_6_G10_771622	5	57361784	57369290	32	0.6528
DUNGS_p_TCGA_b84_115_SNP_N_GenomeWideSNP_6_G10_771622	5	57374114	63024187	3694	-0.1052
DUNGS_p_TCGA_b84_115_SNP_N_GenomeWideSNP_6_G10_771622	5	63024785	63080269	37	0.3318
DUNGS_p_TCGA_b84_115_SNP_N_GenomeWideSNP_6_G10_771622	5	63080957	69153891	3582	-0.1067
DUNGS_p_TCGA_b84_115_SNP_N_GenomeWideSNP_6_G10_771622	5	69269183	70342415	13	0.9019
DUNGS_p_TCGA_b84_115_SNP_N_GenomeWideSNP_6_G10_771622	5	70342484	101219868	18059	-0.1023
DUNGS_p_TCGA_b84_115_SNP_N_GenomeWideSNP_6_G10_771622	5	101219884	101233061	15	0.7235
DUNGS_p_TCGA_b84_115_SNP_N_GenomeWideSNP_6_G10_771622	5	101233823	103879120	1491	-0.0771
DUNGS_p_TCGA_b84_115_SNP_N_GenomeWideSNP_6_G10_771622	5	103888272	103888447	3	1.7569
DUNGS_p_TCGA_b84_115_SNP_N_GenomeWideSNP_6_G10_771622	5	103888503	106287268	1455	-0.0816
DUNGS_p_TCGA_b84_115_SNP_N_GenomeWideSNP_6_G10_771622	5	106288014	106290821	4	-1.4307
DUNGS_p_TCGA_b84_115_SNP_N_GenomeWideSNP_6_G10_771622	5	106291096	108570425	1526	-0.1063
DUNGS_p_TCGA_b84_115_SNP_N_GenomeWideSNP_6_G10_771622	5	108579094	108579112	2	-2.1185
DUNGS_p_TCGA_b84_115_SNP_N_GenomeWideSNP_6_G10_771622	5	108579507	177098746	45378	-0.1009
DUNGS_p_TCGA_b84_115_SNP_N_GenomeWideSNP_6_G10_771622	5	177100569	177130561	2	1.9972
DUNGS_p_TCGA_b84_115_SNP_N_GenomeWideSNP_6_G10_771622	5	177131055	177838076	321	-0.0535
DUNGS_p_TCGA_b84_115_SNP_N_GenomeWideSNP_6_G10_771622	5	177838695	177839100	2	1.7925
DUNGS_p_TCGA_b84_115_SNP_N_GenomeWideSNP_6_G10_771622	5	177839144	180307129	1495	-0.1136
DUNGS_p_TCGA_b84_115_SNP_N_GenomeWideSNP_6_G10_771622	5	180311316	180377827	25	0.7614
DUNGS_p_TCGA_b84_115_SNP_N_GenomeWideSNP_6_G10_771622	5	180377962	180722926	165	0.0225
DUNGS_p_TCGA_b84_115_SNP_N_GenomeWideSNP_6_G10_771622	6	94661	202353	102	0.5282
DUNGS_p_TCGA_b84_115_SNP_N_GenomeWideSNP_6_G10_771622	6	203265	327559	101	-0.3706
DUNGS_p_TCGA_b84_115_SNP_N_GenomeWideSNP_6_G10_771622	6	327897	17867102	13599	0.5001
DUNGS_p_TCGA_b84_115_SNP_N_GenomeWideSNP_6_G10_771622	6	17867200	17869892	2	-1.0976
DUNGS_p_TCGA_b84_115_SNP_N_GenomeWideSNP_6_G10_771622	6	17869989	21931957	2929	0.39
DUNGS_p_TCGA_b84_115_SNP_N_GenomeWideSNP_6_G10_771622	6	21936651	21939713	6	-1.055
DUNGS_p_TCGA_b84_115_SNP_N_GenomeWideSNP_6_G10_771622	6	21943551	29982688	5051	0.4389
DUNGS_p_TCGA_b84_115_SNP_N_GenomeWideSNP_6_G10_771622	6	29982787	30007656	10	-0.7371
DUNGS_p_TCGA_b84_115_SNP_N_GenomeWideSNP_6_G10_771622	6	30009543	31337531	608	0.4694
DUNGS_p_TCGA_b84_115_SNP_N_GenomeWideSNP_6_G10_771622	6	31337623	31372891	25	0.9425
DUNGS_p_TCGA_b84_115_SNP_N_GenomeWideSNP_6_G10_771622	6	31373241	31385665	23	0.4412
DUNGS_p_TCGA_b84_115_SNP_N_GenomeWideSNP_6_G10_771622	6	31388802	31403932	9	1.6246
DUNGS_p_TCGA_b84_115_SNP_N_GenomeWideSNP_6_G10_771622	6	31403966	32600823	524	0.551
DUNGS_p_TCGA_b84_115_SNP_N_GenomeWideSNP_6_G10_771622	6	32601346	32689867	31	1.0725
DUNGS_p_TCGA_b84_115_SNP_N_GenomeWideSNP_6_G10_771622	6	32690181	32732569	18	0.2655
DUNGS_p_TCGA_b84_115_SNP_N_GenomeWideSNP_6_G10_771622	6	32733073	32758590	5	1.6239
DUNGS_p_TCGA_b84_115_SNP_N_GenomeWideSNP_6_G10_771622	6	32762618	51000687	11541	0.4933
DUNGS_p_TCGA_b84_115_SNP_N_GenomeWideSNP_6_G10_771622	6	51001210	51001250	2	2.1196
DUNGS_p_TCGA_b84_115_SNP_N_GenomeWideSNP_6_G10_771622	6	51007232	54033163	2211	0.5123
DUNGS_p_TCGA_b84_115_SNP_N_GenomeWideSNP_6_G10_771622	6	54039026	54039814	9	2.1954
DUNGS_p_TCGA_b84_115_SNP_N_GenomeWideSNP_6_G10_771622	6	54043307	57314253	1981	0.4904
DUNGS_p_TCGA_b84_115_SNP_N_GenomeWideSNP_6_G10_771622	6	57314444	58178610	343	0.0882
DUNGS_p_TCGA_b84_115_SNP_N_GenomeWideSNP_6_G10_771622	6	58179336	61944399	256	0.4647
DUNGS_p_TCGA_b84_115_SNP_N_GenomeWideSNP_6_G10_771622	6	61987979	64184356	1160	-0.0122
DUNGS_p_TCGA_b84_115_SNP_N_GenomeWideSNP_6_G10_771622	6	64190719	66479775	1358	0.5699
DUNGS_p_TCGA_b84_115_SNP_N_GenomeWideSNP_6_G10_771622	6	66482520	67058797	363	0.214
DUNGS_p_TCGA_b84_115_SNP_N_GenomeWideSNP_6_G10_771622	6	67058910	67059168	2	1.3117
DUNGS_p_TCGA_b84_115_SNP_N_GenomeWideSNP_6_G10_771622	6	67061646	67090469	33	0.1475
DUNGS_p_TCGA_b84_115_SNP_N_GenomeWideSNP_6_G10_771622	6	67090488	67101139	22	0.5918
DUNGS_p_TCGA_b84_115_SNP_N_GenomeWideSNP_6_G10_771622	6	67101187	67142239	38	0.2093
DUNGS_p_TCGA_b84_115_SNP_N_GenomeWideSNP_6_G10_771622	6	67142806	67166556	12	0.8997
DUNGS_p_TCGA_b84_115_SNP_N_GenomeWideSNP_6_G10_771622	6	67166741	72919646	3872	0.2951
DUNGS_p_TCGA_b84_115_SNP_N_GenomeWideSNP_6_G10_771622	6	72923245	72923593	2	-1.4974
DUNGS_p_TCGA_b84_115_SNP_N_GenomeWideSNP_6_G10_771622	6	72925284	77073797	2579	0.2916
DUNGS_p_TCGA_b84_115_SNP_N_GenomeWideSNP_6_G10_771622	6	77078698	77080308	2	-1.3769
DUNGS_p_TCGA_b84_115_SNP_N_GenomeWideSNP_6_G10_771622	6	77080517	77496813	292	0.3011
DUNGS_p_TCGA_b84_115_SNP_N_GenomeWideSNP_6_G10_771622	6	77497537	77509408	17	0.843
DUNGS_p_TCGA_b84_115_SNP_N_GenomeWideSNP_6_G10_771622	6	77509476	79028431	985	0.3014
DUNGS_p_TCGA_b84_115_SNP_N_GenomeWideSNP_6_G10_771622	6	79028500	79098352	111	-0.3183
DUNGS_p_TCGA_b84_115_SNP_N_GenomeWideSNP_6_G10_771622	6	79098438	86388437	4658	0.3036
DUNGS_p_TCGA_b84_115_SNP_N_GenomeWideSNP_6_G10_771622	6	86391396	88504282	1197	-0.2028
DUNGS_p_TCGA_b84_115_SNP_N_GenomeWideSNP_6_G10_771622	6	88506858	88507677	2	1.6123
DUNGS_p_TCGA_b84_115_SNP_N_GenomeWideSNP_6_G10_771622	6	88508028	91124590	1663	-0.1996
DUNGS_p_TCGA_b84_115_SNP_N_GenomeWideSNP_6_G10_771622	6	91128385	93632602	1730	0.3205
DUNGS_p_TCGA_b84_115_SNP_N_GenomeWideSNP_6_G10_771622	6	93632640	93634869	23	0.8005
DUNGS_p_TCGA_b84_115_SNP_N_GenomeWideSNP_6_G10_771622	6	93635018	94162851	413	0.3329
DUNGS_p_TCGA_b84_115_SNP_N_GenomeWideSNP_6_G10_771622	6	94170257	103837246	5811	-0.1999
DUNGS_p_TCGA_b84_115_SNP_N_GenomeWideSNP_6_G10_771622	6	103840867	103866351	45	0.5384
DUNGS_p_TCGA_b84_115_SNP_N_GenomeWideSNP_6_G10_771622	6	103866418	118839763	9292	-0.2199
DUNGS_p_TCGA_b84_115_SNP_N_GenomeWideSNP_6_G10_771622	6	118842487	118863690	4	1.1271
DUNGS_p_TCGA_b84_115_SNP_N_GenomeWideSNP_6_G10_771622	6	118864313	119002271	81	-0.2577
DUNGS_p_TCGA_b84_115_SNP_N_GenomeWideSNP_6_G10_771622	6	119006717	119010057	2	-2.3117
DUNGS_p_TCGA_b84_115_SNP_N_GenomeWideSNP_6_G10_771622	6	119010671	124328981	3217	-0.2979
DUNGS_p_TCGA_b84_115_SNP_N_GenomeWideSNP_6_G10_771622	6	124331540	124334059	3	1.3231
DUNGS_p_TCGA_b84_115_SNP_N_GenomeWideSNP_6_G10_771622	6	124334293	134307961	6514	-0.2912
DUNGS_p_TCGA_b84_115_SNP_N_GenomeWideSNP_6_G10_771622	6	134310764	134311325	2	-2.3362
DUNGS_p_TCGA_b84_115_SNP_N_GenomeWideSNP_6_G10_771622	6	134313765	157814104	15757	-0.2943
DUNGS_p_TCGA_b84_115_SNP_N_GenomeWideSNP_6_G10_771622	6	157817323	157817466	2	-2.085
DUNGS_p_TCGA_b84_115_SNP_N_GenomeWideSNP_6_G10_771622	6	157819633	158559823	460	-0.2965
DUNGS_p_TCGA_b84_115_SNP_N_GenomeWideSNP_6_G10_771622	6	158560359	158562540	13	0.7556
DUNGS_p_TCGA_b84_115_SNP_N_GenomeWideSNP_6_G10_771622	6	158562554	160736399	1505	-0.2884
DUNGS_p_TCGA_b84_115_SNP_N_GenomeWideSNP_6_G10_771622	6	160737178	160740429	3	-3.4188
DUNGS_p_TCGA_b84_115_SNP_N_GenomeWideSNP_6_G10_771622	6	160746105	170892930	7436	-0.2768
DUNGS_p_TCGA_b84_115_SNP_N_GenomeWideSNP_6_G10_771622	7	52911	38310481	27543	0.1759
DUNGS_p_TCGA_b84_115_SNP_N_GenomeWideSNP_6_G10_771622	7	38310673	38333037	34	0.6812
DUNGS_p_TCGA_b84_115_SNP_N_GenomeWideSNP_6_G10_771622	7	38337317	48557231	6773	-0.0297
DUNGS_p_TCGA_b84_115_SNP_N_GenomeWideSNP_6_G10_771622	7	48559156	48562431	4	-1.1683
DUNGS_p_TCGA_b84_115_SNP_N_GenomeWideSNP_6_G10_771622	7	48562571	53228850	3455	0.1194
DUNGS_p_TCGA_b84_115_SNP_N_GenomeWideSNP_6_G10_771622	7	53228952	53456048	171	0.474
DUNGS_p_TCGA_b84_115_SNP_N_GenomeWideSNP_6_G10_771622	7	53457168	53461371	4	-0.581
DUNGS_p_TCGA_b84_115_SNP_N_GenomeWideSNP_6_G10_771622	7	53463617	54347867	632	0.5172
DUNGS_p_TCGA_b84_115_SNP_N_GenomeWideSNP_6_G10_771622	7	54353999	54354011	6	-0.3186
DUNGS_p_TCGA_b84_115_SNP_N_GenomeWideSNP_6_G10_771622	7	54360982	61692200	2159	0.4586
DUNGS_p_TCGA_b84_115_SNP_N_GenomeWideSNP_6_G10_771622	7	61692205	61692210	2	-1.547
DUNGS_p_TCGA_b84_115_SNP_N_GenomeWideSNP_6_G10_771622	7	61696875	66280703	1736	0.1709
DUNGS_p_TCGA_b84_115_SNP_N_GenomeWideSNP_6_G10_771622	7	66281939	66282667	2	-3.6937
DUNGS_p_TCGA_b84_115_SNP_N_GenomeWideSNP_6_G10_771622	7	66285074	66328006	14	0.2344
DUNGS_p_TCGA_b84_115_SNP_N_GenomeWideSNP_6_G10_771622	7	66332543	66336369	2	-2.414
DUNGS_p_TCGA_b84_115_SNP_N_GenomeWideSNP_6_G10_771622	7	66337219	80613403	7685	0.2301
DUNGS_p_TCGA_b84_115_SNP_N_GenomeWideSNP_6_G10_771622	7	80613592	80618952	6	1.0721
DUNGS_p_TCGA_b84_115_SNP_N_GenomeWideSNP_6_G10_771622	7	80619088	81935063	906	0.324
DUNGS_p_TCGA_b84_115_SNP_N_GenomeWideSNP_6_G10_771622	7	81935077	81938354	7	1.0691
DUNGS_p_TCGA_b84_115_SNP_N_GenomeWideSNP_6_G10_771622	7	81939852	97223576	9648	0.3981
DUNGS_p_TCGA_b84_115_SNP_N_GenomeWideSNP_6_G10_771622	7	97223587	97242449	26	1.0522
DUNGS_p_TCGA_b84_115_SNP_N_GenomeWideSNP_6_G10_771622	7	97242615	97255546	16	0.1631
DUNGS_p_TCGA_b84_115_SNP_N_GenomeWideSNP_6_G10_771622	7	97258585	97258588	3	2.3644
DUNGS_p_TCGA_b84_115_SNP_N_GenomeWideSNP_6_G10_771622	7	97259026	102022781	2031	0.2459
DUNGS_p_TCGA_b84_115_SNP_N_GenomeWideSNP_6_G10_771622	7	102025202	102025509	3	-1.289
DUNGS_p_TCGA_b84_115_SNP_N_GenomeWideSNP_6_G10_771622	7	102075451	109221034	4581	0.2822
DUNGS_p_TCGA_b84_115_SNP_N_GenomeWideSNP_6_G10_771622	7	109224328	109229045	28	1.234
DUNGS_p_TCGA_b84_115_SNP_N_GenomeWideSNP_6_G10_771622	7	109229196	109644941	264	0.2648
DUNGS_p_TCGA_b84_115_SNP_N_GenomeWideSNP_6_G10_771622	7	109645007	109649741	5	1.2757
DUNGS_p_TCGA_b84_115_SNP_N_GenomeWideSNP_6_G10_771622	7	109652659	125301480	9408	0.1845
DUNGS_p_TCGA_b84_115_SNP_N_GenomeWideSNP_6_G10_771622	7	125301728	125307580	7	1.0612
DUNGS_p_TCGA_b84_115_SNP_N_GenomeWideSNP_6_G10_771622	7	125308004	125354089	27	-0.0435
DUNGS_p_TCGA_b84_115_SNP_N_GenomeWideSNP_6_G10_771622	7	125354422	125366992	12	0.6466
DUNGS_p_TCGA_b84_115_SNP_N_GenomeWideSNP_6_G10_771622	7	125367949	125440039	52	-0.0069
DUNGS_p_TCGA_b84_115_SNP_N_GenomeWideSNP_6_G10_771622	7	125442562	125443206	4	-1.0932
DUNGS_p_TCGA_b84_115_SNP_N_GenomeWideSNP_6_G10_771622	7	125443958	125832792	275	0.0709
DUNGS_p_TCGA_b84_115_SNP_N_GenomeWideSNP_6_G10_771622	7	125832887	125833725	7	-1.1219
DUNGS_p_TCGA_b84_115_SNP_N_GenomeWideSNP_6_G10_771622	7	125833779	125834117	9	0.6903
DUNGS_p_TCGA_b84_115_SNP_N_GenomeWideSNP_6_G10_771622	7	125840002	127715944	1273	0.0791
DUNGS_p_TCGA_b84_115_SNP_N_GenomeWideSNP_6_G10_771622	7	127716065	127716118	2	1.6114
DUNGS_p_TCGA_b84_115_SNP_N_GenomeWideSNP_6_G10_771622	7	127716163	133426002	3422	0.0713
DUNGS_p_TCGA_b84_115_SNP_N_GenomeWideSNP_6_G10_771622	7	133428969	133448649	38	0.7785
DUNGS_p_TCGA_b84_115_SNP_N_GenomeWideSNP_6_G10_771622	7	133449083	143342174	6432	0.0774
DUNGS_p_TCGA_b84_115_SNP_N_GenomeWideSNP_6_G10_771622	7	143342304	143343938	4	1.2171
DUNGS_p_TCGA_b84_115_SNP_N_GenomeWideSNP_6_G10_771622	7	143345223	149264023	3705	0.1402
DUNGS_p_TCGA_b84_115_SNP_N_GenomeWideSNP_6_G10_771622	7	149264479	149270799	5	0.8101
DUNGS_p_TCGA_b84_115_SNP_N_GenomeWideSNP_6_G10_771622	7	149270845	149272952	2	-1.5872
DUNGS_p_TCGA_b84_115_SNP_N_GenomeWideSNP_6_G10_771622	7	149272966	150023276	410	0.1611
DUNGS_p_TCGA_b84_115_SNP_N_GenomeWideSNP_6_G10_771622	7	150026254	150042681	4	1.3148
DUNGS_p_TCGA_b84_115_SNP_N_GenomeWideSNP_6_G10_771622	7	150043250	152778571	1637	-0.0236
DUNGS_p_TCGA_b84_115_SNP_N_GenomeWideSNP_6_G10_771622	7	152778578	152778645	2	-2.6376
DUNGS_p_TCGA_b84_115_SNP_N_GenomeWideSNP_6_G10_771622	7	152778648	157810356	3474	-0.0605
DUNGS_p_TCGA_b84_115_SNP_N_GenomeWideSNP_6_G10_771622	7	157821349	157824926	2	2.4608
DUNGS_p_TCGA_b84_115_SNP_N_GenomeWideSNP_6_G10_771622	7	157829747	158819765	639	-0.0735
DUNGS_p_TCGA_b84_115_SNP_N_GenomeWideSNP_6_G10_771622	8	21254	161626	15	0.3005
DUNGS_p_TCGA_b84_115_SNP_N_GenomeWideSNP_6_G10_771622	8	163223	580379	311	-0.2371
DUNGS_p_TCGA_b84_115_SNP_N_GenomeWideSNP_6_G10_771622	8	583041	591043	12	0.6376
DUNGS_p_TCGA_b84_115_SNP_N_GenomeWideSNP_6_G10_771622	8	596117	959488	231	-0.3196
DUNGS_p_TCGA_b84_115_SNP_N_GenomeWideSNP_6_G10_771622	8	959586	974218	8	1.0697
DUNGS_p_TCGA_b84_115_SNP_N_GenomeWideSNP_6_G10_771622	8	975883	4125358	3493	-0.3167
DUNGS_p_TCGA_b84_115_SNP_N_GenomeWideSNP_6_G10_771622	8	4125376	4132298	23	0.3335
DUNGS_p_TCGA_b84_115_SNP_N_GenomeWideSNP_6_G10_771622	8	4132462	5575331	1992	-0.3209
DUNGS_p_TCGA_b84_115_SNP_N_GenomeWideSNP_6_G10_771622	8	5575569	5594622	44	0.2281
DUNGS_p_TCGA_b84_115_SNP_N_GenomeWideSNP_6_G10_771622	8	5594648	8040626	1940	-0.3105
DUNGS_p_TCGA_b84_115_SNP_N_GenomeWideSNP_6_G10_771622	8	8046614	8055448	7	0.8678
DUNGS_p_TCGA_b84_115_SNP_N_GenomeWideSNP_6_G10_771622	8	8091754	12286526	3272	-0.3353
DUNGS_p_TCGA_b84_115_SNP_N_GenomeWideSNP_6_G10_771622	8	12286886	12597222	109	-0.0113
DUNGS_p_TCGA_b84_115_SNP_N_GenomeWideSNP_6_G10_771622	8	12599114	12881200	250	-0.3136
DUNGS_p_TCGA_b84_115_SNP_N_GenomeWideSNP_6_G10_771622	8	12881826	12884730	12	0.4164
DUNGS_p_TCGA_b84_115_SNP_N_GenomeWideSNP_6_G10_771622	8	12884785	13179936	269	-0.3218
DUNGS_p_TCGA_b84_115_SNP_N_GenomeWideSNP_6_G10_771622	8	13180077	13191152	2	1.1334
DUNGS_p_TCGA_b84_115_SNP_N_GenomeWideSNP_6_G10_771622	8	13191836	13568769	391	-0.3888
DUNGS_p_TCGA_b84_115_SNP_N_GenomeWideSNP_6_G10_771622	8	13569098	13569173	2	-2.5087
DUNGS_p_TCGA_b84_115_SNP_N_GenomeWideSNP_6_G10_771622	8	13569682	13693482	163	-0.3914
DUNGS_p_TCGA_b84_115_SNP_N_GenomeWideSNP_6_G10_771622	8	13693514	13697555	6	-1.6436
DUNGS_p_TCGA_b84_115_SNP_N_GenomeWideSNP_6_G10_771622	8	13697923	15445549	1616	-0.3619
DUNGS_p_TCGA_b84_115_SNP_N_GenomeWideSNP_6_G10_771622	8	15447431	15467821	12	-1.4651
DUNGS_p_TCGA_b84_115_SNP_N_GenomeWideSNP_6_G10_771622	8	15468080	15930280	478	-0.374
DUNGS_p_TCGA_b84_115_SNP_N_GenomeWideSNP_6_G10_771622	8	15931059	16028994	90	-0.6799
DUNGS_p_TCGA_b84_115_SNP_N_GenomeWideSNP_6_G10_771622	8	16029158	25032592	7127	-0.3416
DUNGS_p_TCGA_b84_115_SNP_N_GenomeWideSNP_6_G10_771622	8	25034409	25035904	11	-1.1385
DUNGS_p_TCGA_b84_115_SNP_N_GenomeWideSNP_6_G10_771622	8	25039986	32803507	5464	-0.349
DUNGS_p_TCGA_b84_115_SNP_N_GenomeWideSNP_6_G10_771622	8	32803567	32811898	11	0.5723
DUNGS_p_TCGA_b84_115_SNP_N_GenomeWideSNP_6_G10_771622	8	32811912	34487707	950	-0.3534
DUNGS_p_TCGA_b84_115_SNP_N_GenomeWideSNP_6_G10_771622	8	34491835	34491957	2	-2.2222
DUNGS_p_TCGA_b84_115_SNP_N_GenomeWideSNP_6_G10_771622	8	34494665	34963254	263	-0.3308
DUNGS_p_TCGA_b84_115_SNP_N_GenomeWideSNP_6_G10_771622	8	34965877	34968062	2	1.0209
DUNGS_p_TCGA_b84_115_SNP_N_GenomeWideSNP_6_G10_771622	8	34970224	36639542	892	-0.1703
DUNGS_p_TCGA_b84_115_SNP_N_GenomeWideSNP_6_G10_771622	8	36641277	40891153	2604	0.2212
DUNGS_p_TCGA_b84_115_SNP_N_GenomeWideSNP_6_G10_771622	8	40897009	40897628	2	-2.1608
DUNGS_p_TCGA_b84_115_SNP_N_GenomeWideSNP_6_G10_771622	8	40902837	50603599	3161	0.0984
DUNGS_p_TCGA_b84_115_SNP_N_GenomeWideSNP_6_G10_771622	8	50604078	50604081	2	1.5366
DUNGS_p_TCGA_b84_115_SNP_N_GenomeWideSNP_6_G10_771622	8	50608009	51065801	271	0.0429
DUNGS_p_TCGA_b84_115_SNP_N_GenomeWideSNP_6_G10_771622	8	51067763	51082766	9	-0.7367
DUNGS_p_TCGA_b84_115_SNP_N_GenomeWideSNP_6_G10_771622	8	51083470	51193325	77	-0.003
DUNGS_p_TCGA_b84_115_SNP_N_GenomeWideSNP_6_G10_771622	8	51194564	51195976	9	0.8321
DUNGS_p_TCGA_b84_115_SNP_N_GenomeWideSNP_6_G10_771622	8	51201131	56968613	3778	0.0293
DUNGS_p_TCGA_b84_115_SNP_N_GenomeWideSNP_6_G10_771622	8	56968993	56972748	4	1.1878
DUNGS_p_TCGA_b84_115_SNP_N_GenomeWideSNP_6_G10_771622	8	56975240	58521151	996	0.0272
DUNGS_p_TCGA_b84_115_SNP_N_GenomeWideSNP_6_G10_771622	8	58521174	58532824	9	0.9004
DUNGS_p_TCGA_b84_115_SNP_N_GenomeWideSNP_6_G10_771622	8	58532924	73798026	9559	0.0379
DUNGS_p_TCGA_b84_115_SNP_N_GenomeWideSNP_6_G10_771622	8	73798241	73798455	6	1.0642
DUNGS_p_TCGA_b84_115_SNP_N_GenomeWideSNP_6_G10_771622	8	73798748	83431485	5795	0.0357
DUNGS_p_TCGA_b84_115_SNP_N_GenomeWideSNP_6_G10_771622	8	83431838	83461577	15	-0.6035
DUNGS_p_TCGA_b84_115_SNP_N_GenomeWideSNP_6_G10_771622	8	83461664	87858448	2439	0.0194
DUNGS_p_TCGA_b84_115_SNP_N_GenomeWideSNP_6_G10_771622	8	87858473	87858742	2	-1.9387
DUNGS_p_TCGA_b84_115_SNP_N_GenomeWideSNP_6_G10_771622	8	87858962	96521223	5160	0.021
DUNGS_p_TCGA_b84_115_SNP_N_GenomeWideSNP_6_G10_771622	8	96521280	96521299	2	1.4374
DUNGS_p_TCGA_b84_115_SNP_N_GenomeWideSNP_6_G10_771622	8	96521319	107454669	6741	0.0578
DUNGS_p_TCGA_b84_115_SNP_N_GenomeWideSNP_6_G10_771622	8	107457844	107460398	6	1.0468
DUNGS_p_TCGA_b84_115_SNP_N_GenomeWideSNP_6_G10_771622	8	107460518	112363642	2969	0.0637
DUNGS_p_TCGA_b84_115_SNP_N_GenomeWideSNP_6_G10_771622	8	112363822	112364436	7	-1.6115
DUNGS_p_TCGA_b84_115_SNP_N_GenomeWideSNP_6_G10_771622	8	112369457	115703663	1828	0.0466
DUNGS_p_TCGA_b84_115_SNP_N_GenomeWideSNP_6_G10_771622	8	115703730	115710907	34	0.5211
DUNGS_p_TCGA_b84_115_SNP_N_GenomeWideSNP_6_G10_771622	8	115719873	146268959	21095	0.0117
DUNGS_p_TCGA_b84_115_SNP_N_GenomeWideSNP_6_G10_771622	9	36587	3674202	3701	-0.0275
DUNGS_p_TCGA_b84_115_SNP_N_GenomeWideSNP_6_G10_771622	9	3676355	3676931	2	-2.6395
DUNGS_p_TCGA_b84_115_SNP_N_GenomeWideSNP_6_G10_771622	9	3680613	5087281	1581	-0.2696
DUNGS_p_TCGA_b84_115_SNP_N_GenomeWideSNP_6_G10_771622	9	5090291	5096800	8	1.2128
DUNGS_p_TCGA_b84_115_SNP_N_GenomeWideSNP_6_G10_771622	9	5098574	5528263	345	-0.2153
DUNGS_p_TCGA_b84_115_SNP_N_GenomeWideSNP_6_G10_771622	9	5531877	5534405	2	2.2948
DUNGS_p_TCGA_b84_115_SNP_N_GenomeWideSNP_6_G10_771622	9	5535198	9804116	3743	-0.2805
DUNGS_p_TCGA_b84_115_SNP_N_GenomeWideSNP_6_G10_771622	9	9806023	9809733	9	0.781
DUNGS_p_TCGA_b84_115_SNP_N_GenomeWideSNP_6_G10_771622	9	9810137	15072396	4394	-0.4354
DUNGS_p_TCGA_b84_115_SNP_N_GenomeWideSNP_6_G10_771622	9	15075778	15075796	2	-2.9806
DUNGS_p_TCGA_b84_115_SNP_N_GenomeWideSNP_6_G10_771622	9	15076386	15148903	49	-0.5712
DUNGS_p_TCGA_b84_115_SNP_N_GenomeWideSNP_6_G10_771622	9	15148992	15149849	4	0.446
DUNGS_p_TCGA_b84_115_SNP_N_GenomeWideSNP_6_G10_771622	9	15149928	15177984	26	-0.6736
DUNGS_p_TCGA_b84_115_SNP_N_GenomeWideSNP_6_G10_771622	9	15178106	15184570	5	-1.6123
DUNGS_p_TCGA_b84_115_SNP_N_GenomeWideSNP_6_G10_771622	9	15184980	15729131	402	-0.5371
DUNGS_p_TCGA_b84_115_SNP_N_GenomeWideSNP_6_G10_771622	9	15732241	15742826	6	0.7437
DUNGS_p_TCGA_b84_115_SNP_N_GenomeWideSNP_6_G10_771622	9	15743072	17617056	1624	-0.2447
DUNGS_p_TCGA_b84_115_SNP_N_GenomeWideSNP_6_G10_771622	9	17617231	17620770	7	0.6468
DUNGS_p_TCGA_b84_115_SNP_N_GenomeWideSNP_6_G10_771622	9	17621208	20920181	2827	-0.2977
DUNGS_p_TCGA_b84_115_SNP_N_GenomeWideSNP_6_G10_771622	9	20921349	20927708	4	0.8545
DUNGS_p_TCGA_b84_115_SNP_N_GenomeWideSNP_6_G10_771622	9	20930130	24493816	2545	-0.4471
DUNGS_p_TCGA_b84_115_SNP_N_GenomeWideSNP_6_G10_771622	9	24494125	24509951	23	-1.4863
DUNGS_p_TCGA_b84_115_SNP_N_GenomeWideSNP_6_G10_771622	9	24510084	28167390	2844	-0.4032
DUNGS_p_TCGA_b84_115_SNP_N_GenomeWideSNP_6_G10_771622	9	28168143	28180069	10	0.4364
DUNGS_p_TCGA_b84_115_SNP_N_GenomeWideSNP_6_G10_771622	9	28180190	28216003	38	-0.5569
DUNGS_p_TCGA_b84_115_SNP_N_GenomeWideSNP_6_G10_771622	9	28217167	28222576	4	0.9791
DUNGS_p_TCGA_b84_115_SNP_N_GenomeWideSNP_6_G10_771622	9	28222684	28703658	343	-0.4549
DUNGS_p_TCGA_b84_115_SNP_N_GenomeWideSNP_6_G10_771622	9	28705496	28705676	2	-3.0086
DUNGS_p_TCGA_b84_115_SNP_N_GenomeWideSNP_6_G10_771622	9	28705767	29410192	511	-0.4782
DUNGS_p_TCGA_b84_115_SNP_N_GenomeWideSNP_6_G10_771622	9	29411816	29414847	3	-2.1118
DUNGS_p_TCGA_b84_115_SNP_N_GenomeWideSNP_6_G10_771622	9	29415710	44698643	6450	-0.2668
DUNGS_p_TCGA_b84_115_SNP_N_GenomeWideSNP_6_G10_771622	9	44701950	44813196	25	-1.1262
DUNGS_p_TCGA_b84_115_SNP_N_GenomeWideSNP_6_G10_771622	9	44815938	67848642	208	0.146
DUNGS_p_TCGA_b84_115_SNP_N_GenomeWideSNP_6_G10_771622	9	68055004	68476231	69	-0.3091
DUNGS_p_TCGA_b84_115_SNP_N_GenomeWideSNP_6_G10_771622	9	68764746	69112130	36	0.2109
DUNGS_p_TCGA_b84_115_SNP_N_GenomeWideSNP_6_G10_771622	9	69114784	69134055	12	-1.0004
DUNGS_p_TCGA_b84_115_SNP_N_GenomeWideSNP_6_G10_771622	9	69134100	70225758	70	0.1291
DUNGS_p_TCGA_b84_115_SNP_N_GenomeWideSNP_6_G10_771622	9	70227889	104748767	24264	-0.1994
DUNGS_p_TCGA_b84_115_SNP_N_GenomeWideSNP_6_G10_771622	9	104750224	104753852	2	1.7999
DUNGS_p_TCGA_b84_115_SNP_N_GenomeWideSNP_6_G10_771622	9	104754291	104788301	29	-0.2513
DUNGS_p_TCGA_b84_115_SNP_N_GenomeWideSNP_6_G10_771622	9	104791680	104791683	2	-2.2322
DUNGS_p_TCGA_b84_115_SNP_N_GenomeWideSNP_6_G10_771622	9	104794477	112064263	5688	-0.1339
DUNGS_p_TCGA_b84_115_SNP_N_GenomeWideSNP_6_G10_771622	9	112064610	112072499	5	-1.7639
DUNGS_p_TCGA_b84_115_SNP_N_GenomeWideSNP_6_G10_771622	9	112075605	135164126	15753	-0.1073
DUNGS_p_TCGA_b84_115_SNP_N_GenomeWideSNP_6_G10_771622	9	135164517	135171456	2	1.9328
DUNGS_p_TCGA_b84_115_SNP_N_GenomeWideSNP_6_G10_771622	9	135171577	137350996	1191	-0.0954
DUNGS_p_TCGA_b84_115_SNP_N_GenomeWideSNP_6_G10_771622	9	137351189	137378138	37	0.4646
DUNGS_p_TCGA_b84_115_SNP_N_GenomeWideSNP_6_G10_771622	9	137378759	140123826	1025	-0.1013
DUNGS_p_TCGA_b84_115_SNP_N_GenomeWideSNP_6_G10_771622	9	140124312	140211215	57	0.255
DUNGS_p_TCGA_b84_115_SNP_N_GenomeWideSNP_6_G10_771622	10	62759	1433164	831	0.1335
DUNGS_p_TCGA_b84_115_SNP_N_GenomeWideSNP_6_G10_771622	10	1433180	1433215	3	-1.4162
DUNGS_p_TCGA_b84_115_SNP_N_GenomeWideSNP_6_G10_771622	10	1433249	17967560	14066	0.1346
DUNGS_p_TCGA_b84_115_SNP_N_GenomeWideSNP_6_G10_771622	10	17978214	18011822	3	-2.4489
DUNGS_p_TCGA_b84_115_SNP_N_GenomeWideSNP_6_G10_771622	10	18069831	18854200	539	0.1498
DUNGS_p_TCGA_b84_115_SNP_N_GenomeWideSNP_6_G10_771622	10	18857515	18857635	2	-1.4657
DUNGS_p_TCGA_b84_115_SNP_N_GenomeWideSNP_6_G10_771622	10	18859788	23113340	2950	0.1017
DUNGS_p_TCGA_b84_115_SNP_N_GenomeWideSNP_6_G10_771622	10	23114425	23116241	2	-1.6458
DUNGS_p_TCGA_b84_115_SNP_N_GenomeWideSNP_6_G10_771622	10	23122736	31286516	5928	0.0946
DUNGS_p_TCGA_b84_115_SNP_N_GenomeWideSNP_6_G10_771622	10	31291340	31291653	5	-1.2931
DUNGS_p_TCGA_b84_115_SNP_N_GenomeWideSNP_6_G10_771622	10	31291669	42519607	5166	0.1046
DUNGS_p_TCGA_b84_115_SNP_N_GenomeWideSNP_6_G10_771622	10	42522241	42528826	5	1.1052
DUNGS_p_TCGA_b84_115_SNP_N_GenomeWideSNP_6_G10_771622	10	42529350	44578299	1535	0.1252
DUNGS_p_TCGA_b84_115_SNP_N_GenomeWideSNP_6_G10_771622	10	44578499	44580488	4	1.1642
DUNGS_p_TCGA_b84_115_SNP_N_GenomeWideSNP_6_G10_771622	10	44582417	46111165	575	0.1438
DUNGS_p_TCGA_b84_115_SNP_N_GenomeWideSNP_6_G10_771622	10	46111486	46363383	6	-1.3187
DUNGS_p_TCGA_b84_115_SNP_N_GenomeWideSNP_6_G10_771622	10	46366714	46475717	75	0.075
DUNGS_p_TCGA_b84_115_SNP_N_GenomeWideSNP_6_G10_771622	10	46478798	46479827	22	1.3168
DUNGS_p_TCGA_b84_115_SNP_N_GenomeWideSNP_6_G10_771622	10	46482317	46522729	34	-0.0199
DUNGS_p_TCGA_b84_115_SNP_N_GenomeWideSNP_6_G10_771622	10	46522915	46522954	3	1.8316
DUNGS_p_TCGA_b84_115_SNP_N_GenomeWideSNP_6_G10_771622	10	46527650	47098898	104	0.0667
DUNGS_p_TCGA_b84_115_SNP_N_GenomeWideSNP_6_G10_771622	10	47098918	47099219	2	1.9694
DUNGS_p_TCGA_b84_115_SNP_N_GenomeWideSNP_6_G10_771622	10	47099241	66976282	12930	0.1199
DUNGS_p_TCGA_b84_115_SNP_N_GenomeWideSNP_6_G10_771622	10	66977929	66984436	27	-1.4849
DUNGS_p_TCGA_b84_115_SNP_N_GenomeWideSNP_6_G10_771622	10	66984452	99825084	21503	0.0778
DUNGS_p_TCGA_b84_115_SNP_N_GenomeWideSNP_6_G10_771622	10	99825165	99825184	2	1.7198
DUNGS_p_TCGA_b84_115_SNP_N_GenomeWideSNP_6_G10_771622	10	99825285	106078500	3517	0.083
DUNGS_p_TCGA_b84_115_SNP_N_GenomeWideSNP_6_G10_771622	10	106078638	106079416	3	-1.4293
DUNGS_p_TCGA_b84_115_SNP_N_GenomeWideSNP_6_G10_771622	10	106080106	133222253	20268	0.0341
DUNGS_p_TCGA_b84_115_SNP_N_GenomeWideSNP_6_G10_771622	10	133222535	133222746	2	-1.9923
DUNGS_p_TCGA_b84_115_SNP_N_GenomeWideSNP_6_G10_771622	10	133223043	133795686	402	0.0604
DUNGS_p_TCGA_b84_115_SNP_N_GenomeWideSNP_6_G10_771622	10	133804821	133809584	2	2.0677
DUNGS_p_TCGA_b84_115_SNP_N_GenomeWideSNP_6_G10_771622	10	133809744	135356694	663	0.0167
DUNGS_p_TCGA_b84_115_SNP_N_GenomeWideSNP_6_G10_771622	11	188510	656245	152	-0.352
DUNGS_p_TCGA_b84_115_SNP_N_GenomeWideSNP_6_G10_771622	11	659454	662103	3	1.3977
DUNGS_p_TCGA_b84_115_SNP_N_GenomeWideSNP_6_G10_771622	11	667565	4930046	2338	-0.3142
DUNGS_p_TCGA_b84_115_SNP_N_GenomeWideSNP_6_G10_771622	11	4930119	4933483	30	0.3276
DUNGS_p_TCGA_b84_115_SNP_N_GenomeWideSNP_6_G10_771622	11	4933587	5751268	798	-0.3254
DUNGS_p_TCGA_b84_115_SNP_N_GenomeWideSNP_6_G10_771622	11	5751284	5768936	23	-1.4855
DUNGS_p_TCGA_b84_115_SNP_N_GenomeWideSNP_6_G10_771622	11	5772762	7458839	1276	-0.3441
DUNGS_p_TCGA_b84_115_SNP_N_GenomeWideSNP_6_G10_771622	11	7459741	7459971	2	-4.4302
DUNGS_p_TCGA_b84_115_SNP_N_GenomeWideSNP_6_G10_771622	11	7467093	18890488	8143	-0.3134
DUNGS_p_TCGA_b84_115_SNP_N_GenomeWideSNP_6_G10_771622	11	18891410	18927956	73	0.3497
DUNGS_p_TCGA_b84_115_SNP_N_GenomeWideSNP_6_G10_771622	11	18927989	21147989	2035	-0.1798
DUNGS_p_TCGA_b84_115_SNP_N_GenomeWideSNP_6_G10_771622	11	21148186	21149108	5	0.9792
DUNGS_p_TCGA_b84_115_SNP_N_GenomeWideSNP_6_G10_771622	11	21149279	24188693	2207	-0.0682
DUNGS_p_TCGA_b84_115_SNP_N_GenomeWideSNP_6_G10_771622	11	24192672	24204378	8	0.7328
DUNGS_p_TCGA_b84_115_SNP_N_GenomeWideSNP_6_G10_771622	11	24204435	25212967	736	-0.0598
DUNGS_p_TCGA_b84_115_SNP_N_GenomeWideSNP_6_G10_771622	11	25213130	25240338	18	0.4599
DUNGS_p_TCGA_b84_115_SNP_N_GenomeWideSNP_6_G10_771622	11	25243536	33871577	5750	-0.0655
DUNGS_p_TCGA_b84_115_SNP_N_GenomeWideSNP_6_G10_771622	11	33872327	33873593	3	-1.3925
DUNGS_p_TCGA_b84_115_SNP_N_GenomeWideSNP_6_G10_771622	11	33873925	48620183	9910	0.0042
DUNGS_p_TCGA_b84_115_SNP_N_GenomeWideSNP_6_G10_771622	11	48622612	48678343	15	0.8749
DUNGS_p_TCGA_b84_115_SNP_N_GenomeWideSNP_6_G10_771622	11	48681012	55139326	1194	-0.0235
DUNGS_p_TCGA_b84_115_SNP_N_GenomeWideSNP_6_G10_771622	11	55142244	55198894	29	-0.6963
DUNGS_p_TCGA_b84_115_SNP_N_GenomeWideSNP_6_G10_771622	11	55200787	55265944	58	-0.0057
DUNGS_p_TCGA_b84_115_SNP_N_GenomeWideSNP_6_G10_771622	11	55277332	55277336	2	2.2855
DUNGS_p_TCGA_b84_115_SNP_N_GenomeWideSNP_6_G10_771622	11	55280147	59015803	2289	-0.0342
DUNGS_p_TCGA_b84_115_SNP_N_GenomeWideSNP_6_G10_771622	11	59016213	61109353	1224	0.563
DUNGS_p_TCGA_b84_115_SNP_N_GenomeWideSNP_6_G10_771622	11	61117876	86895071	14893	0.1144
DUNGS_p_TCGA_b84_115_SNP_N_GenomeWideSNP_6_G10_771622	11	86895347	88600896	1219	1.0285
DUNGS_p_TCGA_b84_115_SNP_N_GenomeWideSNP_6_G10_771622	11	88604020	88605455	2	-0.8841
DUNGS_p_TCGA_b84_115_SNP_N_GenomeWideSNP_6_G10_771622	11	88607968	89482641	316	0.9772
DUNGS_p_TCGA_b84_115_SNP_N_GenomeWideSNP_6_G10_771622	11	89485818	89486919	2	-0.7628
DUNGS_p_TCGA_b84_115_SNP_N_GenomeWideSNP_6_G10_771622	11	89490494	90115183	461	1.01
DUNGS_p_TCGA_b84_115_SNP_N_GenomeWideSNP_6_G10_771622	11	90130511	90489144	259	-0.1486
DUNGS_p_TCGA_b84_115_SNP_N_GenomeWideSNP_6_G10_771622	11	90490341	90889234	274	0.9526
DUNGS_p_TCGA_b84_115_SNP_N_GenomeWideSNP_6_G10_771622	11	90889849	94824003	2831	-0.126
DUNGS_p_TCGA_b84_115_SNP_N_GenomeWideSNP_6_G10_771622	11	94825677	94825748	2	1.772
DUNGS_p_TCGA_b84_115_SNP_N_GenomeWideSNP_6_G10_771622	11	94825955	98602848	2839	-0.14
DUNGS_p_TCGA_b84_115_SNP_N_GenomeWideSNP_6_G10_771622	11	98602939	98769138	103	0.6745
DUNGS_p_TCGA_b84_115_SNP_N_GenomeWideSNP_6_G10_771622	11	98770905	99285445	389	-0.12
DUNGS_p_TCGA_b84_115_SNP_N_GenomeWideSNP_6_G10_771622	11	99286244	102239420	2269	0.7105
DUNGS_p_TCGA_b84_115_SNP_N_GenomeWideSNP_6_G10_771622	11	102249619	107316487	3484	-0.1346
DUNGS_p_TCGA_b84_115_SNP_N_GenomeWideSNP_6_G10_771622	11	107324842	107327154	3	-1.4812
DUNGS_p_TCGA_b84_115_SNP_N_GenomeWideSNP_6_G10_771622	11	107329312	123025362	10862	-0.0607
DUNGS_p_TCGA_b84_115_SNP_N_GenomeWideSNP_6_G10_771622	11	123026420	123026650	2	1.4876
DUNGS_p_TCGA_b84_115_SNP_N_GenomeWideSNP_6_G10_771622	11	123027931	134449982	8708	-0.1506
DUNGS_p_TCGA_b84_115_SNP_N_GenomeWideSNP_6_G10_771622	12	20703	7914160	5395	-0.0662
DUNGS_p_TCGA_b84_115_SNP_N_GenomeWideSNP_6_G10_771622	12	7914482	7914543	2	-2.4434
DUNGS_p_TCGA_b84_115_SNP_N_GenomeWideSNP_6_G10_771622	12	7914797	8312091	182	-0.1095
DUNGS_p_TCGA_b84_115_SNP_N_GenomeWideSNP_6_G10_771622	12	8319702	8327505	3	-2.0065
DUNGS_p_TCGA_b84_115_SNP_N_GenomeWideSNP_6_G10_771622	12	8327595	8450372	47	-0.0039
DUNGS_p_TCGA_b84_115_SNP_N_GenomeWideSNP_6_G10_771622	12	8450389	8472095	14	0.9253
DUNGS_p_TCGA_b84_115_SNP_N_GenomeWideSNP_6_G10_771622	12	8472210	9525137	569	-0.0371
DUNGS_p_TCGA_b84_115_SNP_N_GenomeWideSNP_6_G10_771622	12	9529176	9606832	22	-1.0049
DUNGS_p_TCGA_b84_115_SNP_N_GenomeWideSNP_6_G10_771622	12	9619559	11385128	1169	-0.0479
DUNGS_p_TCGA_b84_115_SNP_N_GenomeWideSNP_6_G10_771622	12	11385288	11444019	56	0.4123
DUNGS_p_TCGA_b84_115_SNP_N_GenomeWideSNP_6_G10_771622	12	11444049	12421964	822	-0.1008
DUNGS_p_TCGA_b84_115_SNP_N_GenomeWideSNP_6_G10_771622	12	12427486	12434147	18	-0.7447
DUNGS_p_TCGA_b84_115_SNP_N_GenomeWideSNP_6_G10_771622	12	12434181	12434864	6	0.7168
DUNGS_p_TCGA_b84_115_SNP_N_GenomeWideSNP_6_G10_771622	12	12435264	16310672	2691	-0.0685
DUNGS_p_TCGA_b84_115_SNP_N_GenomeWideSNP_6_G10_771622	12	16312254	16320005	4	-1.3922
DUNGS_p_TCGA_b84_115_SNP_N_GenomeWideSNP_6_G10_771622	12	16325555	19370915	1886	-0.053
DUNGS_p_TCGA_b84_115_SNP_N_GenomeWideSNP_6_G10_771622	12	19376624	19378441	3	1.3913
DUNGS_p_TCGA_b84_115_SNP_N_GenomeWideSNP_6_G10_771622	12	19381949	26386628	5025	-0.0669
DUNGS_p_TCGA_b84_115_SNP_N_GenomeWideSNP_6_G10_771622	12	26391110	30130534	2688	0.6378
DUNGS_p_TCGA_b84_115_SNP_N_GenomeWideSNP_6_G10_771622	12	30130581	30131009	4	1.3948
DUNGS_p_TCGA_b84_115_SNP_N_GenomeWideSNP_6_G10_771622	12	30131178	31782200	1256	0.5843
DUNGS_p_TCGA_b84_115_SNP_N_GenomeWideSNP_6_G10_771622	12	31782323	31785617	2	2.1904
DUNGS_p_TCGA_b84_115_SNP_N_GenomeWideSNP_6_G10_771622	12	31786278	33192787	1037	0.6067
DUNGS_p_TCGA_b84_115_SNP_N_GenomeWideSNP_6_G10_771622	12	33192801	33198345	23	-2.2012
DUNGS_p_TCGA_b84_115_SNP_N_GenomeWideSNP_6_G10_771622	12	33198641	34122790	583	0.6814
DUNGS_p_TCGA_b84_115_SNP_N_GenomeWideSNP_6_G10_771622	12	34131258	34147976	9	1.5356
DUNGS_p_TCGA_b84_115_SNP_N_GenomeWideSNP_6_G10_771622	12	34148159	47011087	6763	0.3267
DUNGS_p_TCGA_b84_115_SNP_N_GenomeWideSNP_6_G10_771622	12	47011286	47011506	3	1.679
DUNGS_p_TCGA_b84_115_SNP_N_GenomeWideSNP_6_G10_771622	12	47011669	51757485	2698	0.1816
DUNGS_p_TCGA_b84_115_SNP_N_GenomeWideSNP_6_G10_771622	12	51768436	51777288	7	-0.6366
DUNGS_p_TCGA_b84_115_SNP_N_GenomeWideSNP_6_G10_771622	12	51781763	98320455	29362	0.0957
DUNGS_p_TCGA_b84_115_SNP_N_GenomeWideSNP_6_G10_771622	12	98320457	98327249	24	0.7206
DUNGS_p_TCGA_b84_115_SNP_N_GenomeWideSNP_6_G10_771622	12	98327264	114720946	11021	0.052
DUNGS_p_TCGA_b84_115_SNP_N_GenomeWideSNP_6_G10_771622	12	114721131	114725803	10	0.7275
DUNGS_p_TCGA_b84_115_SNP_N_GenomeWideSNP_6_G10_771622	12	114727648	118829559	2894	0.0612
DUNGS_p_TCGA_b84_115_SNP_N_GenomeWideSNP_6_G10_771622	12	118829906	118864685	18	0.607
DUNGS_p_TCGA_b84_115_SNP_N_GenomeWideSNP_6_G10_771622	12	118865375	126614400	4706	0.0812
DUNGS_p_TCGA_b84_115_SNP_N_GenomeWideSNP_6_G10_771622	12	126614902	126614911	2	2.0885
DUNGS_p_TCGA_b84_115_SNP_N_GenomeWideSNP_6_G10_771622	12	126615273	127385466	676	0.1315
DUNGS_p_TCGA_b84_115_SNP_N_GenomeWideSNP_6_G10_771622	12	127385798	127387330	4	1.6803
DUNGS_p_TCGA_b84_115_SNP_N_GenomeWideSNP_6_G10_771622	12	127387407	132288262	3457	0.1127
DUNGS_p_TCGA_b84_115_SNP_N_GenomeWideSNP_6_G10_771622	13	17924949	19872266	1048	-0.1881
DUNGS_p_TCGA_b84_115_SNP_N_GenomeWideSNP_6_G10_771622	13	19872894	19872910	2	-2.5053
DUNGS_p_TCGA_b84_115_SNP_N_GenomeWideSNP_6_G10_771622	13	19873113	23911023	2988	-0.2066
DUNGS_p_TCGA_b84_115_SNP_N_GenomeWideSNP_6_G10_771622	13	23918024	23937598	24	0.5835
DUNGS_p_TCGA_b84_115_SNP_N_GenomeWideSNP_6_G10_771622	13	23937678	24564239	432	-0.1997
DUNGS_p_TCGA_b84_115_SNP_N_GenomeWideSNP_6_G10_771622	13	24565716	24573970	2	1.0283
DUNGS_p_TCGA_b84_115_SNP_N_GenomeWideSNP_6_G10_771622	13	24574721	25105240	364	-0.074
DUNGS_p_TCGA_b84_115_SNP_N_GenomeWideSNP_6_G10_771622	13	25107703	25125201	9	-0.5365
DUNGS_p_TCGA_b84_115_SNP_N_GenomeWideSNP_6_G10_771622	13	25126314	26310294	884	-0.1183
DUNGS_p_TCGA_b84_115_SNP_N_GenomeWideSNP_6_G10_771622	13	26310758	26311599	3	-1.4273
DUNGS_p_TCGA_b84_115_SNP_N_GenomeWideSNP_6_G10_771622	13	26313673	26650841	317	-0.0401
DUNGS_p_TCGA_b84_115_SNP_N_GenomeWideSNP_6_G10_771622	13	26651414	26662786	5	0.6555
DUNGS_p_TCGA_b84_115_SNP_N_GenomeWideSNP_6_G10_771622	13	26663934	36970036	7504	-0.231
DUNGS_p_TCGA_b84_115_SNP_N_GenomeWideSNP_6_G10_771622	13	36970224	36982732	14	-1.8789
DUNGS_p_TCGA_b84_115_SNP_N_GenomeWideSNP_6_G10_771622	13	36982757	42473224	3916	-0.1868
DUNGS_p_TCGA_b84_115_SNP_N_GenomeWideSNP_6_G10_771622	13	42474157	42478276	2	1.7583
DUNGS_p_TCGA_b84_115_SNP_N_GenomeWideSNP_6_G10_771622	13	42478888	42680881	135	-0.2366
DUNGS_p_TCGA_b84_115_SNP_N_GenomeWideSNP_6_G10_771622	13	42686615	42688375	2	-2.0901
DUNGS_p_TCGA_b84_115_SNP_N_GenomeWideSNP_6_G10_771622	13	42688913	49733716	4591	-0.0465
DUNGS_p_TCGA_b84_115_SNP_N_GenomeWideSNP_6_G10_771622	13	49733839	49733969	2	2.0628
DUNGS_p_TCGA_b84_115_SNP_N_GenomeWideSNP_6_G10_771622	13	49737621	56649097	3908	0.0267
DUNGS_p_TCGA_b84_115_SNP_N_GenomeWideSNP_6_G10_771622	13	56656271	56665499	27	0.6276
DUNGS_p_TCGA_b84_115_SNP_N_GenomeWideSNP_6_G10_771622	13	56671720	87216120	19472	-0.1071
DUNGS_p_TCGA_b84_115_SNP_N_GenomeWideSNP_6_G10_771622	13	87219714	92311200	3187	0.2911
DUNGS_p_TCGA_b84_115_SNP_N_GenomeWideSNP_6_G10_771622	13	92315075	95815398	2391	-0.1247
DUNGS_p_TCGA_b84_115_SNP_N_GenomeWideSNP_6_G10_771622	13	95816275	95817648	2	-1.7756
DUNGS_p_TCGA_b84_115_SNP_N_GenomeWideSNP_6_G10_771622	13	95818410	97590910	1140	-0.1023
DUNGS_p_TCGA_b84_115_SNP_N_GenomeWideSNP_6_G10_771622	13	97596358	98503828	699	0.4316
DUNGS_p_TCGA_b84_115_SNP_N_GenomeWideSNP_6_G10_771622	13	98507188	108665142	8014	-0.1082
DUNGS_p_TCGA_b84_115_SNP_N_GenomeWideSNP_6_G10_771622	13	108670818	108674639	3	-1.7725
DUNGS_p_TCGA_b84_115_SNP_N_GenomeWideSNP_6_G10_771622	13	108675959	114126499	3294	-0.1088
DUNGS_p_TCGA_b84_115_SNP_N_GenomeWideSNP_6_G10_771622	14	18072124	18405751	23	0.0463
DUNGS_p_TCGA_b84_115_SNP_N_GenomeWideSNP_6_G10_771622	14	18452209	19493212	167	0.5356
DUNGS_p_TCGA_b84_115_SNP_N_GenomeWideSNP_6_G10_771622	14	19494766	23499138	2738	-0.1804
DUNGS_p_TCGA_b84_115_SNP_N_GenomeWideSNP_6_G10_771622	14	23500989	23523534	11	0.6595
DUNGS_p_TCGA_b84_115_SNP_N_GenomeWideSNP_6_G10_771622	14	23524984	23549227	11	-0.3307
DUNGS_p_TCGA_b84_115_SNP_N_GenomeWideSNP_6_G10_771622	14	23549234	23558859	12	0.749
DUNGS_p_TCGA_b84_115_SNP_N_GenomeWideSNP_6_G10_771622	14	23559005	24001074	239	-0.2151
DUNGS_p_TCGA_b84_115_SNP_N_GenomeWideSNP_6_G10_771622	14	24001183	24002079	2	-1.8029
DUNGS_p_TCGA_b84_115_SNP_N_GenomeWideSNP_6_G10_771622	14	24006426	25849482	1363	-0.1831
DUNGS_p_TCGA_b84_115_SNP_N_GenomeWideSNP_6_G10_771622	14	25853743	25853758	8	1.8118
DUNGS_p_TCGA_b84_115_SNP_N_GenomeWideSNP_6_G10_771622	14	25854753	34579354	5484	-0.055
DUNGS_p_TCGA_b84_115_SNP_N_GenomeWideSNP_6_G10_771622	14	34579399	34599292	9	-0.7687
DUNGS_p_TCGA_b84_115_SNP_N_GenomeWideSNP_6_G10_771622	14	34600168	39678679	3060	-0.0056
DUNGS_p_TCGA_b84_115_SNP_N_GenomeWideSNP_6_G10_771622	14	39683673	39686670	2	-1.8819
DUNGS_p_TCGA_b84_115_SNP_N_GenomeWideSNP_6_G10_771622	14	39687916	40680246	722	-0.0825
DUNGS_p_TCGA_b84_115_SNP_N_GenomeWideSNP_6_G10_771622	14	40680440	40727099	14	0.6795
DUNGS_p_TCGA_b84_115_SNP_N_GenomeWideSNP_6_G10_771622	14	40739852	45828949	2944	-0.1454
DUNGS_p_TCGA_b84_115_SNP_N_GenomeWideSNP_6_G10_771622	14	45829318	45842025	8	-1.2389
DUNGS_p_TCGA_b84_115_SNP_N_GenomeWideSNP_6_G10_771622	14	45848035	46786733	586	-0.0755
DUNGS_p_TCGA_b84_115_SNP_N_GenomeWideSNP_6_G10_771622	14	46787197	46792304	4	0.9056
DUNGS_p_TCGA_b84_115_SNP_N_GenomeWideSNP_6_G10_771622	14	46792857	62389108	10204	-0.1576
DUNGS_p_TCGA_b84_115_SNP_N_GenomeWideSNP_6_G10_771622	14	62395139	62395895	2	1.5857
DUNGS_p_TCGA_b84_115_SNP_N_GenomeWideSNP_6_G10_771622	14	62396537	62836739	300	-0.1971
DUNGS_p_TCGA_b84_115_SNP_N_GenomeWideSNP_6_G10_771622	14	62844802	62845355	2	1.8374
DUNGS_p_TCGA_b84_115_SNP_N_GenomeWideSNP_6_G10_771622	14	62845437	62859081	22	-0.115
DUNGS_p_TCGA_b84_115_SNP_N_GenomeWideSNP_6_G10_771622	14	62860119	62865943	8	-1.0286
DUNGS_p_TCGA_b84_115_SNP_N_GenomeWideSNP_6_G10_771622	14	62865982	67521630	2730	-0.1842
DUNGS_p_TCGA_b84_115_SNP_N_GenomeWideSNP_6_G10_771622	14	67521772	67529530	6	-1.0925
DUNGS_p_TCGA_b84_115_SNP_N_GenomeWideSNP_6_G10_771622	14	67529897	69083711	1050	-0.0117
DUNGS_p_TCGA_b84_115_SNP_N_GenomeWideSNP_6_G10_771622	14	69083732	69111240	18	0.5189
DUNGS_p_TCGA_b84_115_SNP_N_GenomeWideSNP_6_G10_771622	14	69117785	73076460	2624	-0.1674
DUNGS_p_TCGA_b84_115_SNP_N_GenomeWideSNP_6_G10_771622	14	73076604	73099668	9	-1.1537
DUNGS_p_TCGA_b84_115_SNP_N_GenomeWideSNP_6_G10_771622	14	73100484	83573276	6969	-0.1999
DUNGS_p_TCGA_b84_115_SNP_N_GenomeWideSNP_6_G10_771622	14	83573446	83574565	4	1.306
DUNGS_p_TCGA_b84_115_SNP_N_GenomeWideSNP_6_G10_771622	14	83574778	84635048	640	-0.1708
DUNGS_p_TCGA_b84_115_SNP_N_GenomeWideSNP_6_G10_771622	14	84635179	84635247	3	1.5149
DUNGS_p_TCGA_b84_115_SNP_N_GenomeWideSNP_6_G10_771622	14	84635553	105448959	13162	-0.1872
DUNGS_p_TCGA_b84_115_SNP_N_GenomeWideSNP_6_G10_771622	14	105448980	105472563	6	1.3233
DUNGS_p_TCGA_b84_115_SNP_N_GenomeWideSNP_6_G10_771622	14	105472721	105618359	55	-0.2393
DUNGS_p_TCGA_b84_115_SNP_N_GenomeWideSNP_6_G10_771622	14	105618552	105632486	9	-2.3514
DUNGS_p_TCGA_b84_115_SNP_N_GenomeWideSNP_6_G10_771622	14	105638145	105786534	67	-0.1018
DUNGS_p_TCGA_b84_115_SNP_N_GenomeWideSNP_6_G10_771622	14	105788401	105818144	16	-0.828
DUNGS_p_TCGA_b84_115_SNP_N_GenomeWideSNP_6_G10_771622	14	105821925	105985645	105	0.1526
DUNGS_p_TCGA_b84_115_SNP_N_GenomeWideSNP_6_G10_771622	14	105985696	106356482	230	-0.2105
DUNGS_p_TCGA_b84_115_SNP_N_GenomeWideSNP_6_G10_771622	15	18276341	18440959	39	-0.0053
DUNGS_p_TCGA_b84_115_SNP_N_GenomeWideSNP_6_G10_771622	15	18444115	18450855	3	-0.8927
DUNGS_p_TCGA_b84_115_SNP_N_GenomeWideSNP_6_G10_771622	15	18451755	18728578	29	-0.1309
DUNGS_p_TCGA_b84_115_SNP_N_GenomeWideSNP_6_G10_771622	15	18732865	18838435	27	-1.1855
DUNGS_p_TCGA_b84_115_SNP_N_GenomeWideSNP_6_G10_771622	15	18841465	18841578	7	1.852
DUNGS_p_TCGA_b84_115_SNP_N_GenomeWideSNP_6_G10_771622	15	18846002	18887506	39	-1.0294
DUNGS_p_TCGA_b84_115_SNP_N_GenomeWideSNP_6_G10_771622	15	18906589	19080081	11	0.1267
DUNGS_p_TCGA_b84_115_SNP_N_GenomeWideSNP_6_G10_771622	15	19080173	19456870	130	-0.9422
DUNGS_p_TCGA_b84_115_SNP_N_GenomeWideSNP_6_G10_771622	15	19456985	19995659	104	-0.4911
DUNGS_p_TCGA_b84_115_SNP_N_GenomeWideSNP_6_G10_771622	15	19996314	20088838	33	-0.9634
DUNGS_p_TCGA_b84_115_SNP_N_GenomeWideSNP_6_G10_771622	15	20224763	22978044	1508	-0.2198
DUNGS_p_TCGA_b84_115_SNP_N_GenomeWideSNP_6_G10_771622	15	22978301	22981336	5	-1.4657
DUNGS_p_TCGA_b84_115_SNP_N_GenomeWideSNP_6_G10_771622	15	22984398	24118443	876	-0.2261
DUNGS_p_TCGA_b84_115_SNP_N_GenomeWideSNP_6_G10_771622	15	24119232	24119813	2	1.4816
DUNGS_p_TCGA_b84_115_SNP_N_GenomeWideSNP_6_G10_771622	15	24125423	24991620	592	-0.2574
DUNGS_p_TCGA_b84_115_SNP_N_GenomeWideSNP_6_G10_771622	15	24991777	24992548	5	1.092
DUNGS_p_TCGA_b84_115_SNP_N_GenomeWideSNP_6_G10_771622	15	24993416	32255098	4266	-0.2291
DUNGS_p_TCGA_b84_115_SNP_N_GenomeWideSNP_6_G10_771622	15	32256427	32544813	174	0.2701
DUNGS_p_TCGA_b84_115_SNP_N_GenomeWideSNP_6_G10_771622	15	32545025	32706253	89	-0.0702
DUNGS_p_TCGA_b84_115_SNP_N_GenomeWideSNP_6_G10_771622	15	32706646	32717219	8	0.8461
DUNGS_p_TCGA_b84_115_SNP_N_GenomeWideSNP_6_G10_771622	15	32717247	33895764	805	-0.2255
DUNGS_p_TCGA_b84_115_SNP_N_GenomeWideSNP_6_G10_771622	15	33896019	33896215	2	-1.8568
DUNGS_p_TCGA_b84_115_SNP_N_GenomeWideSNP_6_G10_771622	15	33896494	41682098	4842	-0.2468
DUNGS_p_TCGA_b84_115_SNP_N_GenomeWideSNP_6_G10_771622	15	41682831	41683554	4	0.958
DUNGS_p_TCGA_b84_115_SNP_N_GenomeWideSNP_6_G10_771622	15	41702041	49457033	4548	-0.3476
DUNGS_p_TCGA_b84_115_SNP_N_GenomeWideSNP_6_G10_771622	15	49457768	49458595	5	-1.4361
DUNGS_p_TCGA_b84_115_SNP_N_GenomeWideSNP_6_G10_771622	15	49459376	54598054	3468	-0.3398
DUNGS_p_TCGA_b84_115_SNP_N_GenomeWideSNP_6_G10_771622	15	54598496	54599990	2	1.5451
DUNGS_p_TCGA_b84_115_SNP_N_GenomeWideSNP_6_G10_771622	15	54600698	55072369	216	-0.3472
DUNGS_p_TCGA_b84_115_SNP_N_GenomeWideSNP_6_G10_771622	15	55077044	56103226	821	0.0707
DUNGS_p_TCGA_b84_115_SNP_N_GenomeWideSNP_6_G10_771622	15	56107700	56111264	2	1.8645
DUNGS_p_TCGA_b84_115_SNP_N_GenomeWideSNP_6_G10_771622	15	56112795	74665417	11727	0.0868
DUNGS_p_TCGA_b84_115_SNP_N_GenomeWideSNP_6_G10_771622	15	74678296	74679280	11	1.1698
DUNGS_p_TCGA_b84_115_SNP_N_GenomeWideSNP_6_G10_771622	15	74682119	79834549	3321	0.1238
DUNGS_p_TCGA_b84_115_SNP_N_GenomeWideSNP_6_G10_771622	15	79835384	79844062	6	-0.879
DUNGS_p_TCGA_b84_115_SNP_N_GenomeWideSNP_6_G10_771622	15	79844345	81346053	600	0.1097
DUNGS_p_TCGA_b84_115_SNP_N_GenomeWideSNP_6_G10_771622	15	81348350	81349058	4	1.1977
DUNGS_p_TCGA_b84_115_SNP_N_GenomeWideSNP_6_G10_771622	15	81349075	82723942	713	0.1068
DUNGS_p_TCGA_b84_115_SNP_N_GenomeWideSNP_6_G10_771622	15	82724304	82734208	4	1.1609
DUNGS_p_TCGA_b84_115_SNP_N_GenomeWideSNP_6_G10_771622	15	82736452	82907323	25	0.1804
DUNGS_p_TCGA_b84_115_SNP_N_GenomeWideSNP_6_G10_771622	15	82907922	82915931	2	1.7958
DUNGS_p_TCGA_b84_115_SNP_N_GenomeWideSNP_6_G10_771622	15	82916806	91547602	6411	0.0663
DUNGS_p_TCGA_b84_115_SNP_N_GenomeWideSNP_6_G10_771622	15	91547765	91549326	7	0.9408
DUNGS_p_TCGA_b84_115_SNP_N_GenomeWideSNP_6_G10_771622	15	91549829	98368388	5137	0.0515
DUNGS_p_TCGA_b84_115_SNP_N_GenomeWideSNP_6_G10_771622	15	98370922	98377307	2	-1.9295
DUNGS_p_TCGA_b84_115_SNP_N_GenomeWideSNP_6_G10_771622	15	98377762	100286563	1480	0.0718
DUNGS_p_TCGA_b84_115_SNP_N_GenomeWideSNP_6_G10_771622	16	777	1467748	472	0.0303
DUNGS_p_TCGA_b84_115_SNP_N_GenomeWideSNP_6_G10_771622	16	1469012	1477840	3	1.9074
DUNGS_p_TCGA_b84_115_SNP_N_GenomeWideSNP_6_G10_771622	16	1478693	2575948	407	0.0137
DUNGS_p_TCGA_b84_115_SNP_N_GenomeWideSNP_6_G10_771622	16	2576526	2652142	16	0.7534
DUNGS_p_TCGA_b84_115_SNP_N_GenomeWideSNP_6_G10_771622	16	2652156	4873908	1170	0.1067
DUNGS_p_TCGA_b84_115_SNP_N_GenomeWideSNP_6_G10_771622	16	4876206	4876532	3	-1.2646
DUNGS_p_TCGA_b84_115_SNP_N_GenomeWideSNP_6_G10_771622	16	4877910	5085717	132	0.1268
DUNGS_p_TCGA_b84_115_SNP_N_GenomeWideSNP_6_G10_771622	16	5092863	5128186	13	-0.1085
DUNGS_p_TCGA_b84_115_SNP_N_GenomeWideSNP_6_G10_771622	16	5130548	5131838	2	-1.3555
DUNGS_p_TCGA_b84_115_SNP_N_GenomeWideSNP_6_G10_771622	16	5134491	5542095	378	0.1111
DUNGS_p_TCGA_b84_115_SNP_N_GenomeWideSNP_6_G10_771622	16	5543242	5544790	5	1.3271
DUNGS_p_TCGA_b84_115_SNP_N_GenomeWideSNP_6_G10_771622	16	5545162	6698096	1427	0.1602
DUNGS_p_TCGA_b84_115_SNP_N_GenomeWideSNP_6_G10_771622	16	6698381	6699258	4	-1.2899
DUNGS_p_TCGA_b84_115_SNP_N_GenomeWideSNP_6_G10_771622	16	6701166	17150109	8088	0.1265
DUNGS_p_TCGA_b84_115_SNP_N_GenomeWideSNP_6_G10_771622	16	17150376	17152488	2	-2.488
DUNGS_p_TCGA_b84_115_SNP_N_GenomeWideSNP_6_G10_771622	16	17152847	32014468	7986	-0.0401
DUNGS_p_TCGA_b84_115_SNP_N_GenomeWideSNP_6_G10_771622	16	32021183	32031832	6	1.0787
DUNGS_p_TCGA_b84_115_SNP_N_GenomeWideSNP_6_G10_771622	16	32054387	33495525	218	-0.3958
DUNGS_p_TCGA_b84_115_SNP_N_GenomeWideSNP_6_G10_771622	16	33498794	33515894	11	-1.4385
DUNGS_p_TCGA_b84_115_SNP_N_GenomeWideSNP_6_G10_771622	16	33517284	33539331	11	-0.4386
DUNGS_p_TCGA_b84_115_SNP_N_GenomeWideSNP_6_G10_771622	16	33550900	34369556	237	-0.0438
DUNGS_p_TCGA_b84_115_SNP_N_GenomeWideSNP_6_G10_771622	16	34374420	34374427	4	1.6666
DUNGS_p_TCGA_b84_115_SNP_N_GenomeWideSNP_6_G10_771622	16	34374807	54355723	6759	0.0115
DUNGS_p_TCGA_b84_115_SNP_N_GenomeWideSNP_6_G10_771622	16	54356263	54379898	16	0.6884
DUNGS_p_TCGA_b84_115_SNP_N_GenomeWideSNP_6_G10_771622	16	54379945	69415816	9066	0.0214
DUNGS_p_TCGA_b84_115_SNP_N_GenomeWideSNP_6_G10_771622	16	69417185	69776095	224	0.338
DUNGS_p_TCGA_b84_115_SNP_N_GenomeWideSNP_6_G10_771622	16	69776973	73445273	2275	-0.1702
DUNGS_p_TCGA_b84_115_SNP_N_GenomeWideSNP_6_G10_771622	16	73451816	73452560	2	-1.9819
DUNGS_p_TCGA_b84_115_SNP_N_GenomeWideSNP_6_G10_771622	16	73453377	73495329	42	-0.2704
DUNGS_p_TCGA_b84_115_SNP_N_GenomeWideSNP_6_G10_771622	16	73495584	73496490	3	0.9177
DUNGS_p_TCGA_b84_115_SNP_N_GenomeWideSNP_6_G10_771622	16	73498554	88088208	13288	-0.1346
DUNGS_p_TCGA_b84_115_SNP_N_GenomeWideSNP_6_G10_771622	16	88088783	88096522	6	1.2134
DUNGS_p_TCGA_b84_115_SNP_N_GenomeWideSNP_6_G10_771622	16	88096716	88815036	283	-0.0973
DUNGS_p_TCGA_b84_115_SNP_N_GenomeWideSNP_6_G10_771622	17	526	6888	5	-0.7635
DUNGS_p_TCGA_b84_115_SNP_N_GenomeWideSNP_6_G10_771622	17	10267	3996887	2170	-0.0787
DUNGS_p_TCGA_b84_115_SNP_N_GenomeWideSNP_6_G10_771622	17	3997191	3998867	4	1.3006
DUNGS_p_TCGA_b84_115_SNP_N_GenomeWideSNP_6_G10_771622	17	4002523	4246381	151	-0.1145
DUNGS_p_TCGA_b84_115_SNP_N_GenomeWideSNP_6_G10_771622	17	4246862	4256186	4	1.087
DUNGS_p_TCGA_b84_115_SNP_N_GenomeWideSNP_6_G10_771622	17	4256292	9917302	3463	-0.1507
DUNGS_p_TCGA_b84_115_SNP_N_GenomeWideSNP_6_G10_771622	17	9917362	9920564	2	2.5342
DUNGS_p_TCGA_b84_115_SNP_N_GenomeWideSNP_6_G10_771622	17	9921654	13134088	2385	-0.2244
DUNGS_p_TCGA_b84_115_SNP_N_GenomeWideSNP_6_G10_771622	17	13134825	13147605	7	-1.3531
DUNGS_p_TCGA_b84_115_SNP_N_GenomeWideSNP_6_G10_771622	17	13147627	13156047	16	-0.0803
DUNGS_p_TCGA_b84_115_SNP_N_GenomeWideSNP_6_G10_771622	17	13158883	13164483	3	-1.501
DUNGS_p_TCGA_b84_115_SNP_N_GenomeWideSNP_6_G10_771622	17	13164952	14317722	932	-0.2221
DUNGS_p_TCGA_b84_115_SNP_N_GenomeWideSNP_6_G10_771622	17	14318230	14318339	2	-2.0796
DUNGS_p_TCGA_b84_115_SNP_N_GenomeWideSNP_6_G10_771622	17	14321407	17401093	1838	-0.1902
DUNGS_p_TCGA_b84_115_SNP_N_GenomeWideSNP_6_G10_771622	17	17401399	17404739	3	1.1818
DUNGS_p_TCGA_b84_115_SNP_N_GenomeWideSNP_6_G10_771622	17	17406939	18223934	443	-0.1847
DUNGS_p_TCGA_b84_115_SNP_N_GenomeWideSNP_6_G10_771622	17	18224022	18224424	6	0.8149
DUNGS_p_TCGA_b84_115_SNP_N_GenomeWideSNP_6_G10_771622	17	18224438	18314905	27	-0.2228
DUNGS_p_TCGA_b84_115_SNP_N_GenomeWideSNP_6_G10_771622	17	18318003	18437031	22	0.3637
DUNGS_p_TCGA_b84_115_SNP_N_GenomeWideSNP_6_G10_771622	17	18438028	20310045	817	-0.1804
DUNGS_p_TCGA_b84_115_SNP_N_GenomeWideSNP_6_G10_771622	17	20311088	20371861	16	0.5787
DUNGS_p_TCGA_b84_115_SNP_N_GenomeWideSNP_6_G10_771622	17	20374177	22141807	708	-0.1417
DUNGS_p_TCGA_b84_115_SNP_N_GenomeWideSNP_6_G10_771622	17	22142010	35121271	7097	0.2021
DUNGS_p_TCGA_b84_115_SNP_N_GenomeWideSNP_6_G10_771622	17	35122031	35122288	6	1.1208
DUNGS_p_TCGA_b84_115_SNP_N_GenomeWideSNP_6_G10_771622	17	35122582	36676552	864	-0.0071
DUNGS_p_TCGA_b84_115_SNP_N_GenomeWideSNP_6_G10_771622	17	36676583	36686578	26	0.6607
DUNGS_p_TCGA_b84_115_SNP_N_GenomeWideSNP_6_G10_771622	17	36686608	36758677	70	-0.2614
DUNGS_p_TCGA_b84_115_SNP_N_GenomeWideSNP_6_G10_771622	17	36764438	36772026	18	0.3829
DUNGS_p_TCGA_b84_115_SNP_N_GenomeWideSNP_6_G10_771622	17	36773830	36934461	166	-0.2541
DUNGS_p_TCGA_b84_115_SNP_N_GenomeWideSNP_6_G10_771622	17	36936394	36940846	2	1.4153
DUNGS_p_TCGA_b84_115_SNP_N_GenomeWideSNP_6_G10_771622	17	36941158	38522476	800	-0.1711
DUNGS_p_TCGA_b84_115_SNP_N_GenomeWideSNP_6_G10_771622	17	38522779	38523359	5	1.1822
DUNGS_p_TCGA_b84_115_SNP_N_GenomeWideSNP_6_G10_771622	17	38523374	44121794	2647	-0.0302
DUNGS_p_TCGA_b84_115_SNP_N_GenomeWideSNP_6_G10_771622	17	44121873	44125895	3	1.178
DUNGS_p_TCGA_b84_115_SNP_N_GenomeWideSNP_6_G10_771622	17	44126630	51519879	4796	0.0116
DUNGS_p_TCGA_b84_115_SNP_N_GenomeWideSNP_6_G10_771622	17	51519934	51521336	4	1.4447
DUNGS_p_TCGA_b84_115_SNP_N_GenomeWideSNP_6_G10_771622	17	51521352	69250681	10958	-0.05
DUNGS_p_TCGA_b84_115_SNP_N_GenomeWideSNP_6_G10_771622	17	69252996	69255375	2	-1.7895
DUNGS_p_TCGA_b84_115_SNP_N_GenomeWideSNP_6_G10_771622	17	69257571	73363061	2305	0.0275
DUNGS_p_TCGA_b84_115_SNP_N_GenomeWideSNP_6_G10_771622	17	73364873	73366425	3	1.7096
DUNGS_p_TCGA_b84_115_SNP_N_GenomeWideSNP_6_G10_771622	17	73372264	78643088	2540	0.0254
DUNGS_p_TCGA_b84_115_SNP_N_GenomeWideSNP_6_G10_771622	18	1543	468887	312	-0.0657
DUNGS_p_TCGA_b84_115_SNP_N_GenomeWideSNP_6_G10_771622	18	469816	471341	2	-3.4006
DUNGS_p_TCGA_b84_115_SNP_N_GenomeWideSNP_6_G10_771622	18	473753	850356	292	-0.1112
DUNGS_p_TCGA_b84_115_SNP_N_GenomeWideSNP_6_G10_771622	18	850940	853352	4	-1.5189
DUNGS_p_TCGA_b84_115_SNP_N_GenomeWideSNP_6_G10_771622	18	855028	2581047	1244	0.1023
DUNGS_p_TCGA_b84_115_SNP_N_GenomeWideSNP_6_G10_771622	18	2581119	2619162	26	0.603
DUNGS_p_TCGA_b84_115_SNP_N_GenomeWideSNP_6_G10_771622	18	2619368	6307092	2610	-0.0799
DUNGS_p_TCGA_b84_115_SNP_N_GenomeWideSNP_6_G10_771622	18	6310328	6310862	3	1.5863
DUNGS_p_TCGA_b84_115_SNP_N_GenomeWideSNP_6_G10_771622	18	6312853	6477465	120	-0.1221
DUNGS_p_TCGA_b84_115_SNP_N_GenomeWideSNP_6_G10_771622	18	6479608	6496897	11	0.5949
DUNGS_p_TCGA_b84_115_SNP_N_GenomeWideSNP_6_G10_771622	18	6497377	16783351	5839	0.1351
DUNGS_p_TCGA_b84_115_SNP_N_GenomeWideSNP_6_G10_771622	18	16795657	19709557	1505	0.6493
DUNGS_p_TCGA_b84_115_SNP_N_GenomeWideSNP_6_G10_771622	18	19710480	25159312	3598	0.2071
DUNGS_p_TCGA_b84_115_SNP_N_GenomeWideSNP_6_G10_771622	18	25161898	25161910	2	1.3857
DUNGS_p_TCGA_b84_115_SNP_N_GenomeWideSNP_6_G10_771622	18	25162495	25581208	239	0.3141
DUNGS_p_TCGA_b84_115_SNP_N_GenomeWideSNP_6_G10_771622	18	25584288	27288673	1086	-0.3236
DUNGS_p_TCGA_b84_115_SNP_N_GenomeWideSNP_6_G10_771622	18	27288836	27289033	2	1.6328
DUNGS_p_TCGA_b84_115_SNP_N_GenomeWideSNP_6_G10_771622	18	27289052	54082566	17919	-0.3064
DUNGS_p_TCGA_b84_115_SNP_N_GenomeWideSNP_6_G10_771622	18	54082636	54084065	4	0.7948
DUNGS_p_TCGA_b84_115_SNP_N_GenomeWideSNP_6_G10_771622	18	54084075	55806228	1305	-0.3011
DUNGS_p_TCGA_b84_115_SNP_N_GenomeWideSNP_6_G10_771622	18	55807278	55815994	28	0.1858
DUNGS_p_TCGA_b84_115_SNP_N_GenomeWideSNP_6_G10_771622	18	55815999	60236780	3151	-0.2083
DUNGS_p_TCGA_b84_115_SNP_N_GenomeWideSNP_6_G10_771622	18	60237222	60252055	7	0.5304
DUNGS_p_TCGA_b84_115_SNP_N_GenomeWideSNP_6_G10_771622	18	60252278	60261946	9	-0.4251
DUNGS_p_TCGA_b84_115_SNP_N_GenomeWideSNP_6_G10_771622	18	60268246	60278629	4	1.3763
DUNGS_p_TCGA_b84_115_SNP_N_GenomeWideSNP_6_G10_771622	18	60279057	61351025	706	-0.2636
DUNGS_p_TCGA_b84_115_SNP_N_GenomeWideSNP_6_G10_771622	18	61351045	61353956	7	0.4564
DUNGS_p_TCGA_b84_115_SNP_N_GenomeWideSNP_6_G10_771622	18	61353975	61354739	6	1.3605
DUNGS_p_TCGA_b84_115_SNP_N_GenomeWideSNP_6_G10_771622	18	61354844	62058414	533	-0.0874
DUNGS_p_TCGA_b84_115_SNP_N_GenomeWideSNP_6_G10_771622	18	62058576	62063122	11	-1.2651
DUNGS_p_TCGA_b84_115_SNP_N_GenomeWideSNP_6_G10_771622	18	62063490	69099774	5152	-0.1426
DUNGS_p_TCGA_b84_115_SNP_N_GenomeWideSNP_6_G10_771622	18	69099834	69102192	13	0.6134
DUNGS_p_TCGA_b84_115_SNP_N_GenomeWideSNP_6_G10_771622	18	69103053	69725423	552	-0.264
DUNGS_p_TCGA_b84_115_SNP_N_GenomeWideSNP_6_G10_771622	18	69726488	69732486	7	0.7655
DUNGS_p_TCGA_b84_115_SNP_N_GenomeWideSNP_6_G10_771622	18	69732579	71723759	1540	-0.2272
DUNGS_p_TCGA_b84_115_SNP_N_GenomeWideSNP_6_G10_771622	18	71725943	72566667	672	0.3071
DUNGS_p_TCGA_b84_115_SNP_N_GenomeWideSNP_6_G10_771622	18	72566983	76116029	2348	-0.2167
DUNGS_p_TCGA_b84_115_SNP_N_GenomeWideSNP_6_G10_771622	19	41910	8966549	3334	-0.1722
DUNGS_p_TCGA_b84_115_SNP_N_GenomeWideSNP_6_G10_771622	19	8967505	8967619	2	-2.3929
DUNGS_p_TCGA_b84_115_SNP_N_GenomeWideSNP_6_G10_771622	19	8967624	12377150	1642	-0.184
DUNGS_p_TCGA_b84_115_SNP_N_GenomeWideSNP_6_G10_771622	19	12377259	12377672	3	1.2984
DUNGS_p_TCGA_b84_115_SNP_N_GenomeWideSNP_6_G10_771622	19	12377685	12553001	98	-0.2427
DUNGS_p_TCGA_b84_115_SNP_N_GenomeWideSNP_6_G10_771622	19	12558366	12561523	3	1.2331
DUNGS_p_TCGA_b84_115_SNP_N_GenomeWideSNP_6_G10_771622	19	12561686	19922086	3619	-0.1839
DUNGS_p_TCGA_b84_115_SNP_N_GenomeWideSNP_6_G10_771622	19	19922125	19932819	9	0.6917
DUNGS_p_TCGA_b84_115_SNP_N_GenomeWideSNP_6_G10_771622	19	19932955	20120076	123	-0.2324
DUNGS_p_TCGA_b84_115_SNP_N_GenomeWideSNP_6_G10_771622	19	20124613	20125612	2	-2.2438
DUNGS_p_TCGA_b84_115_SNP_N_GenomeWideSNP_6_G10_771622	19	20130791	22111849	1163	-0.1566
DUNGS_p_TCGA_b84_115_SNP_N_GenomeWideSNP_6_G10_771622	19	22128734	22143302	11	0.7434
DUNGS_p_TCGA_b84_115_SNP_N_GenomeWideSNP_6_G10_771622	19	22144243	24299012	1260	-0.1387
DUNGS_p_TCGA_b84_115_SNP_N_GenomeWideSNP_6_G10_771622	19	24374417	32512819	13	1.2283
DUNGS_p_TCGA_b84_115_SNP_N_GenomeWideSNP_6_G10_771622	19	32520426	37546310	3608	0.6036
DUNGS_p_TCGA_b84_115_SNP_N_GenomeWideSNP_6_G10_771622	19	37546687	39431988	1230	0.2271
DUNGS_p_TCGA_b84_115_SNP_N_GenomeWideSNP_6_G10_771622	19	39440927	40541162	719	0.5796
DUNGS_p_TCGA_b84_115_SNP_N_GenomeWideSNP_6_G10_771622	19	40541333	40553688	22	-1.1794
DUNGS_p_TCGA_b84_115_SNP_N_GenomeWideSNP_6_G10_771622	19	40558584	42298305	888	0.5856
DUNGS_p_TCGA_b84_115_SNP_N_GenomeWideSNP_6_G10_771622	19	42305743	46545926	2219	0.2351
DUNGS_p_TCGA_b84_115_SNP_N_GenomeWideSNP_6_G10_771622	19	46557483	50062678	1881	0.5955
DUNGS_p_TCGA_b84_115_SNP_N_GenomeWideSNP_6_G10_771622	19	50064169	56085393	2622	-0.1414
DUNGS_p_TCGA_b84_115_SNP_N_GenomeWideSNP_6_G10_771622	19	56085643	56092168	6	0.7938
DUNGS_p_TCGA_b84_115_SNP_N_GenomeWideSNP_6_G10_771622	19	56092624	56836182	506	-0.1839
DUNGS_p_TCGA_b84_115_SNP_N_GenomeWideSNP_6_G10_771622	19	56836402	56849249	14	0.5396
DUNGS_p_TCGA_b84_115_SNP_N_GenomeWideSNP_6_G10_771622	19	56849364	60184651	2158	-0.1279
DUNGS_p_TCGA_b84_115_SNP_N_GenomeWideSNP_6_G10_771622	19	60186552	60201677	8	-1.1955
DUNGS_p_TCGA_b84_115_SNP_N_GenomeWideSNP_6_G10_771622	19	60203823	60998214	381	-0.1707
DUNGS_p_TCGA_b84_115_SNP_N_GenomeWideSNP_6_G10_771622	19	60999395	60999467	2	-2.1845
DUNGS_p_TCGA_b84_115_SNP_N_GenomeWideSNP_6_G10_771622	19	60999535	63789666	1831	-0.1554
DUNGS_p_TCGA_b84_115_SNP_N_GenomeWideSNP_6_G10_771622	20	9305	1508999	1207	0.5342
DUNGS_p_TCGA_b84_115_SNP_N_GenomeWideSNP_6_G10_771622	20	1509580	1538455	38	1.9066
DUNGS_p_TCGA_b84_115_SNP_N_GenomeWideSNP_6_G10_771622	20	1538534	4768603	2396	0.5042
DUNGS_p_TCGA_b84_115_SNP_N_GenomeWideSNP_6_G10_771622	20	4769365	4783415	15	0.9419
DUNGS_p_TCGA_b84_115_SNP_N_GenomeWideSNP_6_G10_771622	20	4784440	12837747	6316	0.5583
DUNGS_p_TCGA_b84_115_SNP_N_GenomeWideSNP_6_G10_771622	20	12837863	12837864	2	2.5268
DUNGS_p_TCGA_b84_115_SNP_N_GenomeWideSNP_6_G10_771622	20	12838043	15250049	1685	0.5181
DUNGS_p_TCGA_b84_115_SNP_N_GenomeWideSNP_6_G10_771622	20	15250374	15255970	4	1.5326
DUNGS_p_TCGA_b84_115_SNP_N_GenomeWideSNP_6_G10_771622	20	15259370	22134593	5554	0.5282
DUNGS_p_TCGA_b84_115_SNP_N_GenomeWideSNP_6_G10_771622	20	22134604	22134623	2	-1.5072
DUNGS_p_TCGA_b84_115_SNP_N_GenomeWideSNP_6_G10_771622	20	22135693	23680493	1304	0.4152
DUNGS_p_TCGA_b84_115_SNP_N_GenomeWideSNP_6_G10_771622	20	23680999	23697636	10	0.9342
DUNGS_p_TCGA_b84_115_SNP_N_GenomeWideSNP_6_G10_771622	20	23697714	26201682	1525	0.2787
DUNGS_p_TCGA_b84_115_SNP_N_GenomeWideSNP_6_G10_771622	20	26203704	26253579	16	1.0088
DUNGS_p_TCGA_b84_115_SNP_N_GenomeWideSNP_6_G10_771622	20	28034013	31023293	904	0.3902
DUNGS_p_TCGA_b84_115_SNP_N_GenomeWideSNP_6_G10_771622	20	31027957	31051687	11	0.7898
DUNGS_p_TCGA_b84_115_SNP_N_GenomeWideSNP_6_G10_771622	20	31052020	37467877	3487	0.3602
DUNGS_p_TCGA_b84_115_SNP_N_GenomeWideSNP_6_G10_771622	20	37472405	37475460	3	-0.7569
DUNGS_p_TCGA_b84_115_SNP_N_GenomeWideSNP_6_G10_771622	20	37479542	43304485	4240	0.2491
DUNGS_p_TCGA_b84_115_SNP_N_GenomeWideSNP_6_G10_771622	20	43304976	43308268	6	-0.4541
DUNGS_p_TCGA_b84_115_SNP_N_GenomeWideSNP_6_G10_771622	20	43311517	52091124	6334	0.2325
DUNGS_p_TCGA_b84_115_SNP_N_GenomeWideSNP_6_G10_771622	20	52091480	52091571	2	2.3141
DUNGS_p_TCGA_b84_115_SNP_N_GenomeWideSNP_6_G10_771622	20	52091926	54556132	2061	0.4451
DUNGS_p_TCGA_b84_115_SNP_N_GenomeWideSNP_6_G10_771622	20	54559873	54562102	2	1.8651
DUNGS_p_TCGA_b84_115_SNP_N_GenomeWideSNP_6_G10_771622	20	54564951	54998099	374	0.3862
DUNGS_p_TCGA_b84_115_SNP_N_GenomeWideSNP_6_G10_771622	20	54999720	61855890	4804	-0.0226
DUNGS_p_TCGA_b84_115_SNP_N_GenomeWideSNP_6_G10_771622	20	61856002	62426597	229	-0.4151
DUNGS_p_TCGA_b84_115_SNP_N_GenomeWideSNP_6_G10_771622	21	9758742	9975997	37	-0.3926
DUNGS_p_TCGA_b84_115_SNP_N_GenomeWideSNP_6_G10_771622	21	9976052	10035835	40	0.3861
DUNGS_p_TCGA_b84_115_SNP_N_GenomeWideSNP_6_G10_771622	21	10039978	24214980	7683	-0.0843
DUNGS_p_TCGA_b84_115_SNP_N_GenomeWideSNP_6_G10_771622	21	24218041	24221629	5	-1.883
DUNGS_p_TCGA_b84_115_SNP_N_GenomeWideSNP_6_G10_771622	21	24221881	24782148	466	-0.0846
DUNGS_p_TCGA_b84_115_SNP_N_GenomeWideSNP_6_G10_771622	21	24783428	24783787	2	1.7683
DUNGS_p_TCGA_b84_115_SNP_N_GenomeWideSNP_6_G10_771622	21	24787213	46846083	16136	-0.0897
DUNGS_p_TCGA_b84_115_SNP_N_GenomeWideSNP_6_G10_771622	21	46846572	46851512	6	1.193
DUNGS_p_TCGA_b84_115_SNP_N_GenomeWideSNP_6_G10_771622	21	46851605	46921385	59	-0.2231
DUNGS_p_TCGA_b84_115_SNP_N_GenomeWideSNP_6_G10_771622	22	14432528	21070319	3632	0.0042
DUNGS_p_TCGA_b84_115_SNP_N_GenomeWideSNP_6_G10_771622	22	21070385	21087321	22	0.4993
DUNGS_p_TCGA_b84_115_SNP_N_GenomeWideSNP_6_G10_771622	22	21099923	21812718	422	-0.1374
DUNGS_p_TCGA_b84_115_SNP_N_GenomeWideSNP_6_G10_771622	22	21816462	21819362	2	-2.5847
DUNGS_p_TCGA_b84_115_SNP_N_GenomeWideSNP_6_G10_771622	22	21819979	22674422	547	-0.1482
DUNGS_p_TCGA_b84_115_SNP_N_GenomeWideSNP_6_G10_771622	22	22680529	22716631	14	-1.9327
DUNGS_p_TCGA_b84_115_SNP_N_GenomeWideSNP_6_G10_771622	22	22717320	23123892	215	-0.1644
DUNGS_p_TCGA_b84_115_SNP_N_GenomeWideSNP_6_G10_771622	22	23128527	23130858	3	1.3485
DUNGS_p_TCGA_b84_115_SNP_N_GenomeWideSNP_6_G10_771622	22	23136057	28198855	4139	-0.1881
DUNGS_p_TCGA_b84_115_SNP_N_GenomeWideSNP_6_G10_771622	22	28199190	28211801	8	0.7512
DUNGS_p_TCGA_b84_115_SNP_N_GenomeWideSNP_6_G10_771622	22	28211828	37620866	6480	-0.1988
DUNGS_p_TCGA_b84_115_SNP_N_GenomeWideSNP_6_G10_771622	22	37625201	37626850	3	-1.8888
DUNGS_p_TCGA_b84_115_SNP_N_GenomeWideSNP_6_G10_771622	22	37629060	37701848	59	-0.2517
DUNGS_p_TCGA_b84_115_SNP_N_GenomeWideSNP_6_G10_771622	22	37704323	37725453	15	0.6491
DUNGS_p_TCGA_b84_115_SNP_N_GenomeWideSNP_6_G10_771622	22	37729258	41105517	1817	-0.1989
DUNGS_p_TCGA_b84_115_SNP_N_GenomeWideSNP_6_G10_771622	22	41106074	41145318	20	0.4529
DUNGS_p_TCGA_b84_115_SNP_N_GenomeWideSNP_6_G10_771622	22	41145601	43509065	1705	-0.1952
DUNGS_p_TCGA_b84_115_SNP_N_GenomeWideSNP_6_G10_771622	22	43509130	43512004	2	1.6864
DUNGS_p_TCGA_b84_115_SNP_N_GenomeWideSNP_6_G10_771622	22	43514470	47889947	3465	-0.182
DUNGS_p_TCGA_b84_115_SNP_N_GenomeWideSNP_6_G10_771622	22	47890260	47890711	3	1.5459
DUNGS_p_TCGA_b84_115_SNP_N_GenomeWideSNP_6_G10_771622	22	47891009	49581321	1010	-0.1426
DUNGS_p_TCGA_b84_115_SNP_N_GenomeWideSNP_6_G10_771622	X	108477	11634090	6738	0.0182
DUNGS_p_TCGA_b84_115_SNP_N_GenomeWideSNP_6_G10_771622	X	11634246	11647082	3	-2.7939
DUNGS_p_TCGA_b84_115_SNP_N_GenomeWideSNP_6_G10_771622	X	11648740	19098338	4898	0.0194
DUNGS_p_TCGA_b84_115_SNP_N_GenomeWideSNP_6_G10_771622	X	19106443	19108961	4	1.5119
DUNGS_p_TCGA_b84_115_SNP_N_GenomeWideSNP_6_G10_771622	X	19109164	20122066	536	0.0166
DUNGS_p_TCGA_b84_115_SNP_N_GenomeWideSNP_6_G10_771622	X	20124544	20124763	2	-3.2527
DUNGS_p_TCGA_b84_115_SNP_N_GenomeWideSNP_6_G10_771622	X	20130949	25468206	3426	0.0157
DUNGS_p_TCGA_b84_115_SNP_N_GenomeWideSNP_6_G10_771622	X	25468264	25469135	3	1.5487
DUNGS_p_TCGA_b84_115_SNP_N_GenomeWideSNP_6_G10_771622	X	25469939	30954369	3524	0.0337
DUNGS_p_TCGA_b84_115_SNP_N_GenomeWideSNP_6_G10_771622	X	30954568	30957949	6	1.2421
DUNGS_p_TCGA_b84_115_SNP_N_GenomeWideSNP_6_G10_771622	X	30962271	34176250	2378	0.0095
DUNGS_p_TCGA_b84_115_SNP_N_GenomeWideSNP_6_G10_771622	X	34182559	34184560	3	-1.9551
DUNGS_p_TCGA_b84_115_SNP_N_GenomeWideSNP_6_G10_771622	X	34185683	34496770	224	-0.0141
DUNGS_p_TCGA_b84_115_SNP_N_GenomeWideSNP_6_G10_771622	X	34499522	34499821	2	2.2783
DUNGS_p_TCGA_b84_115_SNP_N_GenomeWideSNP_6_G10_771622	X	34505643	37804943	1870	0.0016
DUNGS_p_TCGA_b84_115_SNP_N_GenomeWideSNP_6_G10_771622	X	37805219	37805460	2	-5.3928
DUNGS_p_TCGA_b84_115_SNP_N_GenomeWideSNP_6_G10_771622	X	37805906	62702387	10349	0.0249
DUNGS_p_TCGA_b84_115_SNP_N_GenomeWideSNP_6_G10_771622	X	62706967	62707062	2	-2.237
DUNGS_p_TCGA_b84_115_SNP_N_GenomeWideSNP_6_G10_771622	X	62711422	69167033	3070	-0.0441
DUNGS_p_TCGA_b84_115_SNP_N_GenomeWideSNP_6_G10_771622	X	69167267	69214315	28	-0.6393
DUNGS_p_TCGA_b84_115_SNP_N_GenomeWideSNP_6_G10_771622	X	69219491	69421394	113	-0.0593
DUNGS_p_TCGA_b84_115_SNP_N_GenomeWideSNP_6_G10_771622	X	69421489	69421512	2	-4.0147
DUNGS_p_TCGA_b84_115_SNP_N_GenomeWideSNP_6_G10_771622	X	69423244	72808004	1342	-0.0363
DUNGS_p_TCGA_b84_115_SNP_N_GenomeWideSNP_6_G10_771622	X	72808055	72817076	4	-1.5117
DUNGS_p_TCGA_b84_115_SNP_N_GenomeWideSNP_6_G10_771622	X	72818256	76206943	1630	-0.0172
DUNGS_p_TCGA_b84_115_SNP_N_GenomeWideSNP_6_G10_771622	X	76219661	76480719	34	0.5187
DUNGS_p_TCGA_b84_115_SNP_N_GenomeWideSNP_6_G10_771622	X	76482045	84190894	3869	-0.0477
DUNGS_p_TCGA_b84_115_SNP_N_GenomeWideSNP_6_G10_771622	X	84191126	84198626	5	-1.3819
DUNGS_p_TCGA_b84_115_SNP_N_GenomeWideSNP_6_G10_771622	X	84200376	84770611	340	-0.036
DUNGS_p_TCGA_b84_115_SNP_N_GenomeWideSNP_6_G10_771622	X	84770891	84771105	4	-1.903
DUNGS_p_TCGA_b84_115_SNP_N_GenomeWideSNP_6_G10_771622	X	84771766	85794436	735	-0.0364
DUNGS_p_TCGA_b84_115_SNP_N_GenomeWideSNP_6_G10_771622	X	85799136	85801053	4	-1.7001
DUNGS_p_TCGA_b84_115_SNP_N_GenomeWideSNP_6_G10_771622	X	85803416	112640669	14416	0.0224
DUNGS_p_TCGA_b84_115_SNP_N_GenomeWideSNP_6_G10_771622	X	112641092	112642404	3	-3.4989
DUNGS_p_TCGA_b84_115_SNP_N_GenomeWideSNP_6_G10_771622	X	112642729	116865364	2503	0.0292
DUNGS_p_TCGA_b84_115_SNP_N_GenomeWideSNP_6_G10_771622	X	116865378	116867595	2	-2.5995
DUNGS_p_TCGA_b84_115_SNP_N_GenomeWideSNP_6_G10_771622	X	116867642	117903633	616	-0.0227
DUNGS_p_TCGA_b84_115_SNP_N_GenomeWideSNP_6_G10_771622	X	117905079	117906824	3	-4.0793
DUNGS_p_TCGA_b84_115_SNP_N_GenomeWideSNP_6_G10_771622	X	117906944	139286954	12303	0.0276
DUNGS_p_TCGA_b84_115_SNP_N_GenomeWideSNP_6_G10_771622	X	139287375	139327994	17	0.8605
DUNGS_p_TCGA_b84_115_SNP_N_GenomeWideSNP_6_G10_771622	X	139328565	154835548	9662	0.0266
DUNGS_p_TCGA_b84_115_SNP_N_GenomeWideSNP_6_G10_771622	Y	2710438	8671794	2194	-1.1216
DUNGS_p_TCGA_b84_115_SNP_N_GenomeWideSNP_6_G10_771622	Y	8675140	8676189	2	1.6355
DUNGS_p_TCGA_b84_115_SNP_N_GenomeWideSNP_6_G10_771622	Y	8676436	22752735	5286	-1.1504
DUNGS_p_TCGA_b84_115_SNP_N_GenomeWideSNP_6_G10_771622	Y	22753684	27084607	1048	-1.5979
DUNGS_p_TCGA_b84_115_SNP_N_GenomeWideSNP_6_G10_771622	Y	27087694	57427647	60	-1.2883
