Sample	Chromosome	Start	End	Num_Probes	Segment_Mean
DUNGS_p_TCGA_b84_115_SNP_N_GenomeWideSNP_6_B02_771524	1	61735	5368589	2292	0
DUNGS_p_TCGA_b84_115_SNP_N_GenomeWideSNP_6_B02_771524	1	5368713	5368930	4	-0.9123
DUNGS_p_TCGA_b84_115_SNP_N_GenomeWideSNP_6_B02_771524	1	5369177	16149915	6128	0.0023
DUNGS_p_TCGA_b84_115_SNP_N_GenomeWideSNP_6_B02_771524	1	16153497	16153925	6	-1.9733
DUNGS_p_TCGA_b84_115_SNP_N_GenomeWideSNP_6_B02_771524	1	16154201	16368133	90	0.0209
DUNGS_p_TCGA_b84_115_SNP_N_GenomeWideSNP_6_B02_771524	1	16368403	16379416	5	0.9129
DUNGS_p_TCGA_b84_115_SNP_N_GenomeWideSNP_6_B02_771524	1	16389566	17209603	318	0.0315
DUNGS_p_TCGA_b84_115_SNP_N_GenomeWideSNP_6_B02_771524	1	17210652	17277940	60	0.5184
DUNGS_p_TCGA_b84_115_SNP_N_GenomeWideSNP_6_B02_771524	1	17282425	24989705	4879	-0.0049
DUNGS_p_TCGA_b84_115_SNP_N_GenomeWideSNP_6_B02_771524	1	24990435	24994421	2	-1.2528
DUNGS_p_TCGA_b84_115_SNP_N_GenomeWideSNP_6_B02_771524	1	24997453	25459973	323	-0.0041
DUNGS_p_TCGA_b84_115_SNP_N_GenomeWideSNP_6_B02_771524	1	25460028	25460099	4	0.6968
DUNGS_p_TCGA_b84_115_SNP_N_GenomeWideSNP_6_B02_771524	1	25460115	25618931	81	0.0338
DUNGS_p_TCGA_b84_115_SNP_N_GenomeWideSNP_6_B02_771524	1	25619040	25646946	11	0.5836
DUNGS_p_TCGA_b84_115_SNP_N_GenomeWideSNP_6_B02_771524	1	25646986	72768916	28880	0.0031
DUNGS_p_TCGA_b84_115_SNP_N_GenomeWideSNP_6_B02_771524	1	72768936	72811148	45	-1.2822
DUNGS_p_TCGA_b84_115_SNP_N_GenomeWideSNP_6_B02_771524	1	72811904	75189218	1447	0.0018
DUNGS_p_TCGA_b84_115_SNP_N_GenomeWideSNP_6_B02_771524	1	75190782	75199290	4	0.9582
DUNGS_p_TCGA_b84_115_SNP_N_GenomeWideSNP_6_B02_771524	1	75199784	76050844	482	0.0032
DUNGS_p_TCGA_b84_115_SNP_N_GenomeWideSNP_6_B02_771524	1	76054763	76054854	2	-1.6369
DUNGS_p_TCGA_b84_115_SNP_N_GenomeWideSNP_6_B02_771524	1	76059509	104163787	18173	0.0059
DUNGS_p_TCGA_b84_115_SNP_N_GenomeWideSNP_6_B02_771524	1	104178038	104307258	30	-0.5073
DUNGS_p_TCGA_b84_115_SNP_N_GenomeWideSNP_6_B02_771524	1	104307696	105334579	540	0.0161
DUNGS_p_TCGA_b84_115_SNP_N_GenomeWideSNP_6_B02_771524	1	105335549	105386262	22	0.3308
DUNGS_p_TCGA_b84_115_SNP_N_GenomeWideSNP_6_B02_771524	1	105393481	106019236	355	0.0154
DUNGS_p_TCGA_b84_115_SNP_N_GenomeWideSNP_6_B02_771524	1	106019310	106022360	14	0.565
DUNGS_p_TCGA_b84_115_SNP_N_GenomeWideSNP_6_B02_771524	1	106022375	106086980	49	0.019
DUNGS_p_TCGA_b84_115_SNP_N_GenomeWideSNP_6_B02_771524	1	106087275	106090920	2	1.3779
DUNGS_p_TCGA_b84_115_SNP_N_GenomeWideSNP_6_B02_771524	1	106090935	110227515	2622	0.0122
DUNGS_p_TCGA_b84_115_SNP_N_GenomeWideSNP_6_B02_771524	1	110232974	110240178	17	0.9613
DUNGS_p_TCGA_b84_115_SNP_N_GenomeWideSNP_6_B02_771524	1	110242953	112696087	1961	0.009
DUNGS_p_TCGA_b84_115_SNP_N_GenomeWideSNP_6_B02_771524	1	112696193	112706213	35	0.3005
DUNGS_p_TCGA_b84_115_SNP_N_GenomeWideSNP_6_B02_771524	1	112706218	152555706	8036	0.0072
DUNGS_p_TCGA_b84_115_SNP_N_GenomeWideSNP_6_B02_771524	1	152555767	152590494	35	-1.556
DUNGS_p_TCGA_b84_115_SNP_N_GenomeWideSNP_6_B02_771524	1	152590565	152761923	171	0.0188
DUNGS_p_TCGA_b84_115_SNP_N_GenomeWideSNP_6_B02_771524	1	152761939	152763069	19	0.8857
DUNGS_p_TCGA_b84_115_SNP_N_GenomeWideSNP_6_B02_771524	1	152767467	169216937	11369	0.0024
DUNGS_p_TCGA_b84_115_SNP_N_GenomeWideSNP_6_B02_771524	1	169233974	169241766	7	-2.8438
DUNGS_p_TCGA_b84_115_SNP_N_GenomeWideSNP_6_B02_771524	1	169242401	174796405	3528	0.0097
DUNGS_p_TCGA_b84_115_SNP_N_GenomeWideSNP_6_B02_771524	1	174796556	174801840	16	-2.212
DUNGS_p_TCGA_b84_115_SNP_N_GenomeWideSNP_6_B02_771524	1	174801854	174802152	7	-0.4922
DUNGS_p_TCGA_b84_115_SNP_N_GenomeWideSNP_6_B02_771524	1	174802451	189270440	9667	8e-04
DUNGS_p_TCGA_b84_115_SNP_N_GenomeWideSNP_6_B02_771524	1	189271386	189277278	5	-0.4957
DUNGS_p_TCGA_b84_115_SNP_N_GenomeWideSNP_6_B02_771524	1	189277546	199077826	6432	0.0037
DUNGS_p_TCGA_b84_115_SNP_N_GenomeWideSNP_6_B02_771524	1	199079098	199089412	12	0.4728
DUNGS_p_TCGA_b84_115_SNP_N_GenomeWideSNP_6_B02_771524	1	199089422	210071062	7475	-0.0083
DUNGS_p_TCGA_b84_115_SNP_N_GenomeWideSNP_6_B02_771524	1	210081613	210083984	3	0.9535
DUNGS_p_TCGA_b84_115_SNP_N_GenomeWideSNP_6_B02_771524	1	210086552	214637808	3102	-0.0052
DUNGS_p_TCGA_b84_115_SNP_N_GenomeWideSNP_6_B02_771524	1	214638436	214638457	2	-2.7846
DUNGS_p_TCGA_b84_115_SNP_N_GenomeWideSNP_6_B02_771524	1	214639253	218149466	2563	-2e-04
DUNGS_p_TCGA_b84_115_SNP_N_GenomeWideSNP_6_B02_771524	1	218149483	218149498	2	-1.1573
DUNGS_p_TCGA_b84_115_SNP_N_GenomeWideSNP_6_B02_771524	1	218152351	228802765	6699	0.0069
DUNGS_p_TCGA_b84_115_SNP_N_GenomeWideSNP_6_B02_771524	1	228807528	228807542	2	-1.5462
DUNGS_p_TCGA_b84_115_SNP_N_GenomeWideSNP_6_B02_771524	1	228808366	231730693	2098	0.0062
DUNGS_p_TCGA_b84_115_SNP_N_GenomeWideSNP_6_B02_771524	1	231732934	231734001	3	-0.9439
DUNGS_p_TCGA_b84_115_SNP_N_GenomeWideSNP_6_B02_771524	1	231740697	233959405	1844	0.0033
DUNGS_p_TCGA_b84_115_SNP_N_GenomeWideSNP_6_B02_771524	1	233963170	233964018	2	1.2473
DUNGS_p_TCGA_b84_115_SNP_N_GenomeWideSNP_6_B02_771524	1	233966323	243044307	6976	-0.0058
DUNGS_p_TCGA_b84_115_SNP_N_GenomeWideSNP_6_B02_771524	1	243044970	243055550	15	0.4884
DUNGS_p_TCGA_b84_115_SNP_N_GenomeWideSNP_6_B02_771524	1	243055819	246207215	2094	0.0042
DUNGS_p_TCGA_b84_115_SNP_N_GenomeWideSNP_6_B02_771524	1	246207267	246207387	2	-1.3826
DUNGS_p_TCGA_b84_115_SNP_N_GenomeWideSNP_6_B02_771524	1	246208095	248709670	1566	0.0247
DUNGS_p_TCGA_b84_115_SNP_N_GenomeWideSNP_6_B02_771524	1	248713868	248808557	40	-0.642
DUNGS_p_TCGA_b84_115_SNP_N_GenomeWideSNP_6_B02_771524	1	248808864	249224388	143	0.0311
DUNGS_p_TCGA_b84_115_SNP_N_GenomeWideSNP_6_B02_771524	2	12784	4205687	2991	0.0033
DUNGS_p_TCGA_b84_115_SNP_N_GenomeWideSNP_6_B02_771524	2	4213864	4223833	41	-0.7792
DUNGS_p_TCGA_b84_115_SNP_N_GenomeWideSNP_6_B02_771524	2	4224019	4913700	580	0.007
DUNGS_p_TCGA_b84_115_SNP_N_GenomeWideSNP_6_B02_771524	2	4913923	4916795	11	-0.5311
DUNGS_p_TCGA_b84_115_SNP_N_GenomeWideSNP_6_B02_771524	2	4916903	32976022	19168	0.0049
DUNGS_p_TCGA_b84_115_SNP_N_GenomeWideSNP_6_B02_771524	2	32976087	32976251	2	-1.588
DUNGS_p_TCGA_b84_115_SNP_N_GenomeWideSNP_6_B02_771524	2	32978344	34664750	1336	-0.0062
DUNGS_p_TCGA_b84_115_SNP_N_GenomeWideSNP_6_B02_771524	2	34675467	34736513	50	-0.4029
DUNGS_p_TCGA_b84_115_SNP_N_GenomeWideSNP_6_B02_771524	2	34737057	36332258	1158	0.0279
DUNGS_p_TCGA_b84_115_SNP_N_GenomeWideSNP_6_B02_771524	2	36335595	36339310	17	0.4564
DUNGS_p_TCGA_b84_115_SNP_N_GenomeWideSNP_6_B02_771524	2	36339348	41238009	3653	0.0177
DUNGS_p_TCGA_b84_115_SNP_N_GenomeWideSNP_6_B02_771524	2	41238048	41242759	20	0.4433
DUNGS_p_TCGA_b84_115_SNP_N_GenomeWideSNP_6_B02_771524	2	41242830	86937687	30210	0.0063
DUNGS_p_TCGA_b84_115_SNP_N_GenomeWideSNP_6_B02_771524	2	86953070	86953854	2	1.357
DUNGS_p_TCGA_b84_115_SNP_N_GenomeWideSNP_6_B02_771524	2	86970406	87128201	64	-0.0107
DUNGS_p_TCGA_b84_115_SNP_N_GenomeWideSNP_6_B02_771524	2	87129203	87137385	2	-1.8671
DUNGS_p_TCGA_b84_115_SNP_N_GenomeWideSNP_6_B02_771524	2	87161853	87492661	107	-0.0908
DUNGS_p_TCGA_b84_115_SNP_N_GenomeWideSNP_6_B02_771524	2	87493132	87514390	10	0.7007
DUNGS_p_TCGA_b84_115_SNP_N_GenomeWideSNP_6_B02_771524	2	87520356	90242076	900	-0.0069
DUNGS_p_TCGA_b84_115_SNP_N_GenomeWideSNP_6_B02_771524	2	90242268	91860032	81	-0.3066
DUNGS_p_TCGA_b84_115_SNP_N_GenomeWideSNP_6_B02_771524	2	91864571	97838130	932	-0.0127
DUNGS_p_TCGA_b84_115_SNP_N_GenomeWideSNP_6_B02_771524	2	97846329	97876806	20	-0.4831
DUNGS_p_TCGA_b84_115_SNP_N_GenomeWideSNP_6_B02_771524	2	97877001	106883331	5623	-0.0026
DUNGS_p_TCGA_b84_115_SNP_N_GenomeWideSNP_6_B02_771524	2	106883346	106887255	7	0.8567
DUNGS_p_TCGA_b84_115_SNP_N_GenomeWideSNP_6_B02_771524	2	106887408	108440736	994	0.0118
DUNGS_p_TCGA_b84_115_SNP_N_GenomeWideSNP_6_B02_771524	2	108446969	108480907	2	-1.3801
DUNGS_p_TCGA_b84_115_SNP_N_GenomeWideSNP_6_B02_771524	2	108492088	113301237	2140	0.0032
DUNGS_p_TCGA_b84_115_SNP_N_GenomeWideSNP_6_B02_771524	2	113302402	113307421	2	-1.4216
DUNGS_p_TCGA_b84_115_SNP_N_GenomeWideSNP_6_B02_771524	2	113308150	115535914	1433	0.0147
DUNGS_p_TCGA_b84_115_SNP_N_GenomeWideSNP_6_B02_771524	2	115536169	115539360	9	-1.2801
DUNGS_p_TCGA_b84_115_SNP_N_GenomeWideSNP_6_B02_771524	2	115539379	115542018	13	-0.5172
DUNGS_p_TCGA_b84_115_SNP_N_GenomeWideSNP_6_B02_771524	2	115542070	123479951	4971	0.0049
DUNGS_p_TCGA_b84_115_SNP_N_GenomeWideSNP_6_B02_771524	2	123481713	123482241	7	-3.0788
DUNGS_p_TCGA_b84_115_SNP_N_GenomeWideSNP_6_B02_771524	2	123483653	146309983	14079	0.0018
DUNGS_p_TCGA_b84_115_SNP_N_GenomeWideSNP_6_B02_771524	2	146310389	146315024	3	-1.4357
DUNGS_p_TCGA_b84_115_SNP_N_GenomeWideSNP_6_B02_771524	2	146317392	146864429	320	8e-04
DUNGS_p_TCGA_b84_115_SNP_N_GenomeWideSNP_6_B02_771524	2	146864443	146866934	22	0.7543
DUNGS_p_TCGA_b84_115_SNP_N_GenomeWideSNP_6_B02_771524	2	146877806	232540603	52617	0.0053
DUNGS_p_TCGA_b84_115_SNP_N_GenomeWideSNP_6_B02_771524	2	232540681	232550559	5	-0.8253
DUNGS_p_TCGA_b84_115_SNP_N_GenomeWideSNP_6_B02_771524	2	232551574	242958067	6481	0.0019
DUNGS_p_TCGA_b84_115_SNP_N_GenomeWideSNP_6_B02_771524	2	242958173	242958324	5	-0.7802
DUNGS_p_TCGA_b84_115_SNP_N_GenomeWideSNP_6_B02_771524	2	242958423	243089456	103	0.0423
DUNGS_p_TCGA_b84_115_SNP_N_GenomeWideSNP_6_B02_771524	3	60345	23979303	17939	0.01
DUNGS_p_TCGA_b84_115_SNP_N_GenomeWideSNP_6_B02_771524	3	23981429	23982328	2	-2.3208
DUNGS_p_TCGA_b84_115_SNP_N_GenomeWideSNP_6_B02_771524	3	23982330	34765770	7585	0.0069
DUNGS_p_TCGA_b84_115_SNP_N_GenomeWideSNP_6_B02_771524	3	34775451	34779443	3	0.9832
DUNGS_p_TCGA_b84_115_SNP_N_GenomeWideSNP_6_B02_771524	3	34783141	36285030	1068	-2e-04
DUNGS_p_TCGA_b84_115_SNP_N_GenomeWideSNP_6_B02_771524	3	36285279	36297788	15	0.3913
DUNGS_p_TCGA_b84_115_SNP_N_GenomeWideSNP_6_B02_771524	3	36297958	37977417	1103	0.0067
DUNGS_p_TCGA_b84_115_SNP_N_GenomeWideSNP_6_B02_771524	3	37982108	37986883	17	-0.6641
DUNGS_p_TCGA_b84_115_SNP_N_GenomeWideSNP_6_B02_771524	3	37986928	53031736	8091	0.0079
DUNGS_p_TCGA_b84_115_SNP_N_GenomeWideSNP_6_B02_771524	3	53031750	53033148	12	0.5811
DUNGS_p_TCGA_b84_115_SNP_N_GenomeWideSNP_6_B02_771524	3	53033540	68746164	12072	0.0071
DUNGS_p_TCGA_b84_115_SNP_N_GenomeWideSNP_6_B02_771524	3	68746259	68747413	14	1.0466
DUNGS_p_TCGA_b84_115_SNP_N_GenomeWideSNP_6_B02_771524	3	68748758	89670015	12840	8e-04
DUNGS_p_TCGA_b84_115_SNP_N_GenomeWideSNP_6_B02_771524	3	89671333	89674140	8	-0.8241
DUNGS_p_TCGA_b84_115_SNP_N_GenomeWideSNP_6_B02_771524	3	89678599	129762859	21919	0.0074
DUNGS_p_TCGA_b84_115_SNP_N_GenomeWideSNP_6_B02_771524	3	129763698	129806236	52	-1.161
DUNGS_p_TCGA_b84_115_SNP_N_GenomeWideSNP_6_B02_771524	3	129806924	158774947	17963	0.0076
DUNGS_p_TCGA_b84_115_SNP_N_GenomeWideSNP_6_B02_771524	3	158775007	158775781	8	0.643
DUNGS_p_TCGA_b84_115_SNP_N_GenomeWideSNP_6_B02_771524	3	158775879	162223443	2153	0.0075
DUNGS_p_TCGA_b84_115_SNP_N_GenomeWideSNP_6_B02_771524	3	162223475	162226959	13	0.5826
DUNGS_p_TCGA_b84_115_SNP_N_GenomeWideSNP_6_B02_771524	3	162236534	162447260	124	-0.0258
DUNGS_p_TCGA_b84_115_SNP_N_GenomeWideSNP_6_B02_771524	3	162447630	162447818	3	0.7752
DUNGS_p_TCGA_b84_115_SNP_N_GenomeWideSNP_6_B02_771524	3	162458339	162508268	44	0.0637
DUNGS_p_TCGA_b84_115_SNP_N_GenomeWideSNP_6_B02_771524	3	162512657	162623881	67	0.6944
DUNGS_p_TCGA_b84_115_SNP_N_GenomeWideSNP_6_B02_771524	3	162623897	162626603	5	-0.6807
DUNGS_p_TCGA_b84_115_SNP_N_GenomeWideSNP_6_B02_771524	3	162628614	162714517	70	0.1322
DUNGS_p_TCGA_b84_115_SNP_N_GenomeWideSNP_6_B02_771524	3	162717727	162719562	2	-2.8007
DUNGS_p_TCGA_b84_115_SNP_N_GenomeWideSNP_6_B02_771524	3	162726159	168730180	3373	0.0151
DUNGS_p_TCGA_b84_115_SNP_N_GenomeWideSNP_6_B02_771524	3	168733402	168738628	2	1.2787
DUNGS_p_TCGA_b84_115_SNP_N_GenomeWideSNP_6_B02_771524	3	168739827	176703201	5277	0.014
DUNGS_p_TCGA_b84_115_SNP_N_GenomeWideSNP_6_B02_771524	3	176705969	176713520	21	0.4113
DUNGS_p_TCGA_b84_115_SNP_N_GenomeWideSNP_6_B02_771524	3	176713535	178351633	941	0.0108
DUNGS_p_TCGA_b84_115_SNP_N_GenomeWideSNP_6_B02_771524	3	178351748	178365792	15	-0.452
DUNGS_p_TCGA_b84_115_SNP_N_GenomeWideSNP_6_B02_771524	3	178365840	186698098	4996	0.0062
DUNGS_p_TCGA_b84_115_SNP_N_GenomeWideSNP_6_B02_771524	3	186700837	186708804	3	-2.0091
DUNGS_p_TCGA_b84_115_SNP_N_GenomeWideSNP_6_B02_771524	3	186710618	187586840	661	0.0083
DUNGS_p_TCGA_b84_115_SNP_N_GenomeWideSNP_6_B02_771524	3	187587375	187587572	6	0.6433
DUNGS_p_TCGA_b84_115_SNP_N_GenomeWideSNP_6_B02_771524	3	187594092	188483275	713	0.0163
DUNGS_p_TCGA_b84_115_SNP_N_GenomeWideSNP_6_B02_771524	3	188485076	188532607	28	-0.8486
DUNGS_p_TCGA_b84_115_SNP_N_GenomeWideSNP_6_B02_771524	3	188532809	191912870	2392	0.0094
DUNGS_p_TCGA_b84_115_SNP_N_GenomeWideSNP_6_B02_771524	3	191913076	191917368	3	-0.9978
DUNGS_p_TCGA_b84_115_SNP_N_GenomeWideSNP_6_B02_771524	3	191917432	192877902	707	0.0198
DUNGS_p_TCGA_b84_115_SNP_N_GenomeWideSNP_6_B02_771524	3	192877962	192879006	6	0.8754
DUNGS_p_TCGA_b84_115_SNP_N_GenomeWideSNP_6_B02_771524	3	192880473	195285898	1500	-0.0017
DUNGS_p_TCGA_b84_115_SNP_N_GenomeWideSNP_6_B02_771524	3	195383142	195456889	37	-0.2851
DUNGS_p_TCGA_b84_115_SNP_N_GenomeWideSNP_6_B02_771524	3	195460696	197340846	935	0.0281
DUNGS_p_TCGA_b84_115_SNP_N_GenomeWideSNP_6_B02_771524	3	197348588	197353988	2	-1.482
DUNGS_p_TCGA_b84_115_SNP_N_GenomeWideSNP_6_B02_771524	3	197386281	197833440	203	0.0152
DUNGS_p_TCGA_b84_115_SNP_N_GenomeWideSNP_6_B02_771524	3	197833544	197833758	4	-0.9467
DUNGS_p_TCGA_b84_115_SNP_N_GenomeWideSNP_6_B02_771524	3	197833798	197869571	36	-0.0391
DUNGS_p_TCGA_b84_115_SNP_N_GenomeWideSNP_6_B02_771524	3	197895985	197896118	4	0.9803
DUNGS_p_TCGA_b84_115_SNP_N_GenomeWideSNP_6_B02_771524	4	12281	4166518	1717	-0.0057
DUNGS_p_TCGA_b84_115_SNP_N_GenomeWideSNP_6_B02_771524	4	4166983	4166997	2	-1.9036
DUNGS_p_TCGA_b84_115_SNP_N_GenomeWideSNP_6_B02_771524	4	4167133	9446047	3530	-0.0075
DUNGS_p_TCGA_b84_115_SNP_N_GenomeWideSNP_6_B02_771524	4	9446843	9479345	14	-0.7619
DUNGS_p_TCGA_b84_115_SNP_N_GenomeWideSNP_6_B02_771524	4	9486087	10223628	549	-0.0199
DUNGS_p_TCGA_b84_115_SNP_N_GenomeWideSNP_6_B02_771524	4	10223848	10234266	28	0.4767
DUNGS_p_TCGA_b84_115_SNP_N_GenomeWideSNP_6_B02_771524	4	10234608	10390715	176	-0.0296
DUNGS_p_TCGA_b84_115_SNP_N_GenomeWideSNP_6_B02_771524	4	10392354	10399287	10	-0.5769
DUNGS_p_TCGA_b84_115_SNP_N_GenomeWideSNP_6_B02_771524	4	10399301	12151463	1478	0.008
DUNGS_p_TCGA_b84_115_SNP_N_GenomeWideSNP_6_B02_771524	4	12154508	12162141	3	-1.4136
DUNGS_p_TCGA_b84_115_SNP_N_GenomeWideSNP_6_B02_771524	4	12165924	12377935	133	-0.006
DUNGS_p_TCGA_b84_115_SNP_N_GenomeWideSNP_6_B02_771524	4	12378541	12384397	29	0.3277
DUNGS_p_TCGA_b84_115_SNP_N_GenomeWideSNP_6_B02_771524	4	12384470	21372527	6398	0.0017
DUNGS_p_TCGA_b84_115_SNP_N_GenomeWideSNP_6_B02_771524	4	21372569	21376773	6	0.6841
DUNGS_p_TCGA_b84_115_SNP_N_GenomeWideSNP_6_B02_771524	4	21376790	22048662	538	-0.0165
DUNGS_p_TCGA_b84_115_SNP_N_GenomeWideSNP_6_B02_771524	4	22049525	22063028	15	-1.108
DUNGS_p_TCGA_b84_115_SNP_N_GenomeWideSNP_6_B02_771524	4	22066275	49089374	17242	0.0038
DUNGS_p_TCGA_b84_115_SNP_N_GenomeWideSNP_6_B02_771524	4	49093786	49503166	23	-0.7581
DUNGS_p_TCGA_b84_115_SNP_N_GenomeWideSNP_6_B02_771524	4	49503785	49620885	10	-0.2001
DUNGS_p_TCGA_b84_115_SNP_N_GenomeWideSNP_6_B02_771524	4	49643763	49655363	4	1.0645
DUNGS_p_TCGA_b84_115_SNP_N_GenomeWideSNP_6_B02_771524	4	49656513	64147093	7280	0.0085
DUNGS_p_TCGA_b84_115_SNP_N_GenomeWideSNP_6_B02_771524	4	64151660	64151913	2	-1.3237
DUNGS_p_TCGA_b84_115_SNP_N_GenomeWideSNP_6_B02_771524	4	64154567	64688718	303	0.0167
DUNGS_p_TCGA_b84_115_SNP_N_GenomeWideSNP_6_B02_771524	4	64690878	64705319	18	-0.2936
DUNGS_p_TCGA_b84_115_SNP_N_GenomeWideSNP_6_B02_771524	4	64705364	64708258	16	-0.8191
DUNGS_p_TCGA_b84_115_SNP_N_GenomeWideSNP_6_B02_771524	4	64716431	69260551	2863	0.0059
DUNGS_p_TCGA_b84_115_SNP_N_GenomeWideSNP_6_B02_771524	4	69261064	69294799	7	1.0528
DUNGS_p_TCGA_b84_115_SNP_N_GenomeWideSNP_6_B02_771524	4	69304939	70138047	420	0.0142
DUNGS_p_TCGA_b84_115_SNP_N_GenomeWideSNP_6_B02_771524	4	70143374	70239989	48	0.4124
DUNGS_p_TCGA_b84_115_SNP_N_GenomeWideSNP_6_B02_771524	4	70242029	71118991	570	0.0208
DUNGS_p_TCGA_b84_115_SNP_N_GenomeWideSNP_6_B02_771524	4	71119902	71120977	3	-1.0026
DUNGS_p_TCGA_b84_115_SNP_N_GenomeWideSNP_6_B02_771524	4	71120978	75261508	2477	0.0019
DUNGS_p_TCGA_b84_115_SNP_N_GenomeWideSNP_6_B02_771524	4	75261690	75270342	2	-1.1291
DUNGS_p_TCGA_b84_115_SNP_N_GenomeWideSNP_6_B02_771524	4	75270687	77289786	1216	0.0074
DUNGS_p_TCGA_b84_115_SNP_N_GenomeWideSNP_6_B02_771524	4	77292076	77292366	4	-1.0206
DUNGS_p_TCGA_b84_115_SNP_N_GenomeWideSNP_6_B02_771524	4	77292801	91284943	8860	0.0031
DUNGS_p_TCGA_b84_115_SNP_N_GenomeWideSNP_6_B02_771524	4	91287152	91291516	9	-1.0031
DUNGS_p_TCGA_b84_115_SNP_N_GenomeWideSNP_6_B02_771524	4	91294368	93881365	1404	0.0136
DUNGS_p_TCGA_b84_115_SNP_N_GenomeWideSNP_6_B02_771524	4	93884939	93886124	2	-1.2474
DUNGS_p_TCGA_b84_115_SNP_N_GenomeWideSNP_6_B02_771524	4	93889952	104215706	6144	0.0103
DUNGS_p_TCGA_b84_115_SNP_N_GenomeWideSNP_6_B02_771524	4	104218100	104218102	3	1.0915
DUNGS_p_TCGA_b84_115_SNP_N_GenomeWideSNP_6_B02_771524	4	104220104	108066269	2241	0.0097
DUNGS_p_TCGA_b84_115_SNP_N_GenomeWideSNP_6_B02_771524	4	108066372	108075443	25	0.3876
DUNGS_p_TCGA_b84_115_SNP_N_GenomeWideSNP_6_B02_771524	4	108075486	109385588	822	0.0142
DUNGS_p_TCGA_b84_115_SNP_N_GenomeWideSNP_6_B02_771524	4	109387806	109388635	2	-2.3519
DUNGS_p_TCGA_b84_115_SNP_N_GenomeWideSNP_6_B02_771524	4	109404097	115173700	3600	0.0032
DUNGS_p_TCGA_b84_115_SNP_N_GenomeWideSNP_6_B02_771524	4	115175323	115184380	29	0.8623
DUNGS_p_TCGA_b84_115_SNP_N_GenomeWideSNP_6_B02_771524	4	115184390	172369346	34770	0.0099
DUNGS_p_TCGA_b84_115_SNP_N_GenomeWideSNP_6_B02_771524	4	172374884	172377458	9	-1.4575
DUNGS_p_TCGA_b84_115_SNP_N_GenomeWideSNP_6_B02_771524	4	172377710	191027923	12551	0.0098
DUNGS_p_TCGA_b84_115_SNP_N_GenomeWideSNP_6_B02_771524	5	15532	654296	292	-6e-04
DUNGS_p_TCGA_b84_115_SNP_N_GenomeWideSNP_6_B02_771524	5	659410	779881	46	0.2972
DUNGS_p_TCGA_b84_115_SNP_N_GenomeWideSNP_6_B02_771524	5	781547	12815865	9898	0.0139
DUNGS_p_TCGA_b84_115_SNP_N_GenomeWideSNP_6_B02_771524	5	12819313	12819375	2	-1.4557
DUNGS_p_TCGA_b84_115_SNP_N_GenomeWideSNP_6_B02_771524	5	12819666	15758557	2020	0.0228
DUNGS_p_TCGA_b84_115_SNP_N_GenomeWideSNP_6_B02_771524	5	15759024	15759699	3	-1.2907
DUNGS_p_TCGA_b84_115_SNP_N_GenomeWideSNP_6_B02_771524	5	15760323	17515801	1171	0.0183
DUNGS_p_TCGA_b84_115_SNP_N_GenomeWideSNP_6_B02_771524	5	17601553	17630475	17	-1.1431
DUNGS_p_TCGA_b84_115_SNP_N_GenomeWideSNP_6_B02_771524	5	17636805	34156965	10298	0.0223
DUNGS_p_TCGA_b84_115_SNP_N_GenomeWideSNP_6_B02_771524	5	34157058	34157278	3	-1.0411
DUNGS_p_TCGA_b84_115_SNP_N_GenomeWideSNP_6_B02_771524	5	34159962	39324792	3433	0.0221
DUNGS_p_TCGA_b84_115_SNP_N_GenomeWideSNP_6_B02_771524	5	39330500	39330572	2	-1.0909
DUNGS_p_TCGA_b84_115_SNP_N_GenomeWideSNP_6_B02_771524	5	39330797	39816121	353	0.0012
DUNGS_p_TCGA_b84_115_SNP_N_GenomeWideSNP_6_B02_771524	5	39816208	39816371	3	1.0133
DUNGS_p_TCGA_b84_115_SNP_N_GenomeWideSNP_6_B02_771524	5	39816465	46191884	3277	0.0236
DUNGS_p_TCGA_b84_115_SNP_N_GenomeWideSNP_6_B02_771524	5	46195883	46199435	4	-1.4564
DUNGS_p_TCGA_b84_115_SNP_N_GenomeWideSNP_6_B02_771524	5	46209299	46251306	13	0.069
DUNGS_p_TCGA_b84_115_SNP_N_GenomeWideSNP_6_B02_771524	5	46271008	46273502	8	0.9615
DUNGS_p_TCGA_b84_115_SNP_N_GenomeWideSNP_6_B02_771524	5	46278212	49432831	20	0.0032
DUNGS_p_TCGA_b84_115_SNP_N_GenomeWideSNP_6_B02_771524	5	49441958	49447306	2	1.5057
DUNGS_p_TCGA_b84_115_SNP_N_GenomeWideSNP_6_B02_771524	5	49455636	57329115	5066	0.0267
DUNGS_p_TCGA_b84_115_SNP_N_GenomeWideSNP_6_B02_771524	5	57329530	57329756	4	-1.097
DUNGS_p_TCGA_b84_115_SNP_N_GenomeWideSNP_6_B02_771524	5	57329847	70254904	7348	0.0208
DUNGS_p_TCGA_b84_115_SNP_N_GenomeWideSNP_6_B02_771524	5	70254905	70254906	2	1.5031
DUNGS_p_TCGA_b84_115_SNP_N_GenomeWideSNP_6_B02_771524	5	70306659	81418763	6905	0.0153
DUNGS_p_TCGA_b84_115_SNP_N_GenomeWideSNP_6_B02_771524	5	81419278	81427482	3	-1.4828
DUNGS_p_TCGA_b84_115_SNP_N_GenomeWideSNP_6_B02_771524	5	81428038	97487008	8976	0.0139
DUNGS_p_TCGA_b84_115_SNP_N_GenomeWideSNP_6_B02_771524	5	97487166	97487225	3	1.3298
DUNGS_p_TCGA_b84_115_SNP_N_GenomeWideSNP_6_B02_771524	5	97492056	151514100	34518	0.0188
DUNGS_p_TCGA_b84_115_SNP_N_GenomeWideSNP_6_B02_771524	5	151514171	151520497	18	-0.6135
DUNGS_p_TCGA_b84_115_SNP_N_GenomeWideSNP_6_B02_771524	5	151521211	175387859	16774	0.0108
DUNGS_p_TCGA_b84_115_SNP_N_GenomeWideSNP_6_B02_771524	5	175393612	175460087	11	-0.3949
DUNGS_p_TCGA_b84_115_SNP_N_GenomeWideSNP_6_B02_771524	5	175465689	175469507	2	-2.8052
DUNGS_p_TCGA_b84_115_SNP_N_GenomeWideSNP_6_B02_771524	5	175470324	177198449	729	0.0218
DUNGS_p_TCGA_b84_115_SNP_N_GenomeWideSNP_6_B02_771524	5	177227551	177232605	3	2.2399
DUNGS_p_TCGA_b84_115_SNP_N_GenomeWideSNP_6_B02_771524	5	177254965	180790320	2004	0.0192
DUNGS_p_TCGA_b84_115_SNP_N_GenomeWideSNP_6_B02_771524	6	149661	294474	122	0.0124
DUNGS_p_TCGA_b84_115_SNP_N_GenomeWideSNP_6_B02_771524	6	294725	381149	80	-0.4191
DUNGS_p_TCGA_b84_115_SNP_N_GenomeWideSNP_6_B02_771524	6	382559	29737846	21480	0.0078
DUNGS_p_TCGA_b84_115_SNP_N_GenomeWideSNP_6_B02_771524	6	29738044	29739000	2	-2.1104
DUNGS_p_TCGA_b84_115_SNP_N_GenomeWideSNP_6_B02_771524	6	29739057	29837072	82	-0.091
DUNGS_p_TCGA_b84_115_SNP_N_GenomeWideSNP_6_B02_771524	6	29837187	29849267	16	0.8063
DUNGS_p_TCGA_b84_115_SNP_N_GenomeWideSNP_6_B02_771524	6	29850196	29874642	6	0.2114
DUNGS_p_TCGA_b84_115_SNP_N_GenomeWideSNP_6_B02_771524	6	29874709	29898897	10	-0.8947
DUNGS_p_TCGA_b84_115_SNP_N_GenomeWideSNP_6_B02_771524	6	29899677	31286276	659	-5e-04
DUNGS_p_TCGA_b84_115_SNP_N_GenomeWideSNP_6_B02_771524	6	31286305	31309924	11	-0.9933
DUNGS_p_TCGA_b84_115_SNP_N_GenomeWideSNP_6_B02_771524	6	31317347	32469967	514	0.0208
DUNGS_p_TCGA_b84_115_SNP_N_GenomeWideSNP_6_B02_771524	6	32474941	32587457	40	0.3203
DUNGS_p_TCGA_b84_115_SNP_N_GenomeWideSNP_6_B02_771524	6	32593021	32593401	2	-1.5991
DUNGS_p_TCGA_b84_115_SNP_N_GenomeWideSNP_6_B02_771524	6	32594441	32624304	14	-0.1612
DUNGS_p_TCGA_b84_115_SNP_N_GenomeWideSNP_6_B02_771524	6	32624591	32626618	5	1.2329
DUNGS_p_TCGA_b84_115_SNP_N_GenomeWideSNP_6_B02_771524	6	32650612	32688615	38	0.004
DUNGS_p_TCGA_b84_115_SNP_N_GenomeWideSNP_6_B02_771524	6	32688632	32688853	2	-2.3805
DUNGS_p_TCGA_b84_115_SNP_N_GenomeWideSNP_6_B02_771524	6	32689324	34865033	1262	0.0163
DUNGS_p_TCGA_b84_115_SNP_N_GenomeWideSNP_6_B02_771524	6	34867347	34871893	4	0.8453
DUNGS_p_TCGA_b84_115_SNP_N_GenomeWideSNP_6_B02_771524	6	34873783	43279041	5522	0.0064
DUNGS_p_TCGA_b84_115_SNP_N_GenomeWideSNP_6_B02_771524	6	43284080	43285148	3	-1.0575
DUNGS_p_TCGA_b84_115_SNP_N_GenomeWideSNP_6_B02_771524	6	43293101	43798241	248	0.0022
DUNGS_p_TCGA_b84_115_SNP_N_GenomeWideSNP_6_B02_771524	6	43798775	43799166	2	-1.2779
DUNGS_p_TCGA_b84_115_SNP_N_GenomeWideSNP_6_B02_771524	6	43799460	53925204	6673	0.0055
DUNGS_p_TCGA_b84_115_SNP_N_GenomeWideSNP_6_B02_771524	6	53931067	53935348	10	0.6213
DUNGS_p_TCGA_b84_115_SNP_N_GenomeWideSNP_6_B02_771524	6	53935415	57466047	2085	0.002
DUNGS_p_TCGA_b84_115_SNP_N_GenomeWideSNP_6_B02_771524	6	57475654	57491169	3	-0.9854
DUNGS_p_TCGA_b84_115_SNP_N_GenomeWideSNP_6_B02_771524	6	57491476	66389091	2969	0.01
DUNGS_p_TCGA_b84_115_SNP_N_GenomeWideSNP_6_B02_771524	6	66389161	66403852	27	-0.7885
DUNGS_p_TCGA_b84_115_SNP_N_GenomeWideSNP_6_B02_771524	6	66407127	72862925	4355	0.007
DUNGS_p_TCGA_b84_115_SNP_N_GenomeWideSNP_6_B02_771524	6	72866524	72866872	2	-1.6462
DUNGS_p_TCGA_b84_115_SNP_N_GenomeWideSNP_6_B02_771524	6	72868563	77014948	2571	0.0102
DUNGS_p_TCGA_b84_115_SNP_N_GenomeWideSNP_6_B02_771524	6	77016900	77016926	3	1.3535
DUNGS_p_TCGA_b84_115_SNP_N_GenomeWideSNP_6_B02_771524	6	77016993	77417470	278	-0.0211
DUNGS_p_TCGA_b84_115_SNP_N_GenomeWideSNP_6_B02_771524	6	77418087	77468638	45	0.3805
DUNGS_p_TCGA_b84_115_SNP_N_GenomeWideSNP_6_B02_771524	6	77469096	78878511	908	0.005
DUNGS_p_TCGA_b84_115_SNP_N_GenomeWideSNP_6_B02_771524	6	78879025	78898515	11	0.5179
DUNGS_p_TCGA_b84_115_SNP_N_GenomeWideSNP_6_B02_771524	6	78900020	78971712	59	0.0635
DUNGS_p_TCGA_b84_115_SNP_N_GenomeWideSNP_6_B02_771524	6	78971781	79041633	111	-0.4055
DUNGS_p_TCGA_b84_115_SNP_N_GenomeWideSNP_6_B02_771524	6	79041719	103734645	15498	0.0095
DUNGS_p_TCGA_b84_115_SNP_N_GenomeWideSNP_6_B02_771524	6	103734803	103762061	50	0.853
DUNGS_p_TCGA_b84_115_SNP_N_GenomeWideSNP_6_B02_771524	6	103765470	124431774	12717	0.0041
DUNGS_p_TCGA_b84_115_SNP_N_GenomeWideSNP_6_B02_771524	6	124435941	124470365	20	0.623
DUNGS_p_TCGA_b84_115_SNP_N_GenomeWideSNP_6_B02_771524	6	124470761	154960882	20324	0.0021
DUNGS_p_TCGA_b84_115_SNP_N_GenomeWideSNP_6_B02_771524	6	154963666	154964514	2	-1.8246
DUNGS_p_TCGA_b84_115_SNP_N_GenomeWideSNP_6_B02_771524	6	154965837	161032229	3950	0.0028
DUNGS_p_TCGA_b84_115_SNP_N_GenomeWideSNP_6_B02_771524	6	161032519	161032877	5	-0.9362
DUNGS_p_TCGA_b84_115_SNP_N_GenomeWideSNP_6_B02_771524	6	161033247	171051005	7273	-0.001
DUNGS_p_TCGA_b84_115_SNP_N_GenomeWideSNP_6_B02_771524	7	43355	1182610	328	-0.01
DUNGS_p_TCGA_b84_115_SNP_N_GenomeWideSNP_6_B02_771524	7	1182669	1189158	4	0.9153
DUNGS_p_TCGA_b84_115_SNP_N_GenomeWideSNP_6_B02_771524	7	1189178	4674458	2194	0.0147
DUNGS_p_TCGA_b84_115_SNP_N_GenomeWideSNP_6_B02_771524	7	4683776	4683874	3	-1.3204
DUNGS_p_TCGA_b84_115_SNP_N_GenomeWideSNP_6_B02_771524	7	4685128	11920350	5073	0.0056
DUNGS_p_TCGA_b84_115_SNP_N_GenomeWideSNP_6_B02_771524	7	11920873	11921305	4	-1.2725
DUNGS_p_TCGA_b84_115_SNP_N_GenomeWideSNP_6_B02_771524	7	11921419	38290714	19860	0.0095
DUNGS_p_TCGA_b84_115_SNP_N_GenomeWideSNP_6_B02_771524	7	38294101	38400957	127	0.2663
DUNGS_p_TCGA_b84_115_SNP_N_GenomeWideSNP_6_B02_771524	7	38402496	54380373	11019	0.0042
DUNGS_p_TCGA_b84_115_SNP_N_GenomeWideSNP_6_B02_771524	7	54386505	54386510	3	-1.3708
DUNGS_p_TCGA_b84_115_SNP_N_GenomeWideSNP_6_B02_771524	7	54386512	64958622	3325	-0.0067
DUNGS_p_TCGA_b84_115_SNP_N_GenomeWideSNP_6_B02_771524	7	64960457	65066702	24	-0.4299
DUNGS_p_TCGA_b84_115_SNP_N_GenomeWideSNP_6_B02_771524	7	65066954	70419818	2954	0.0059
DUNGS_p_TCGA_b84_115_SNP_N_GenomeWideSNP_6_B02_771524	7	70420438	70426141	3	-1.4317
DUNGS_p_TCGA_b84_115_SNP_N_GenomeWideSNP_6_B02_771524	7	70428243	72435267	1209	0.0111
DUNGS_p_TCGA_b84_115_SNP_N_GenomeWideSNP_6_B02_771524	7	72447640	72456519	7	-0.6876
DUNGS_p_TCGA_b84_115_SNP_N_GenomeWideSNP_6_B02_771524	7	72458513	76136389	967	0.0108
DUNGS_p_TCGA_b84_115_SNP_N_GenomeWideSNP_6_B02_771524	7	76136654	76262156	35	-0.3351
DUNGS_p_TCGA_b84_115_SNP_N_GenomeWideSNP_6_B02_771524	7	76267017	76302518	30	0.0978
DUNGS_p_TCGA_b84_115_SNP_N_GenomeWideSNP_6_B02_771524	7	76302636	76303032	4	-0.8994
DUNGS_p_TCGA_b84_115_SNP_N_GenomeWideSNP_6_B02_771524	7	76303169	109437094	20281	0.013
DUNGS_p_TCGA_b84_115_SNP_N_GenomeWideSNP_6_B02_771524	7	109437097	109453910	32	0.5682
DUNGS_p_TCGA_b84_115_SNP_N_GenomeWideSNP_6_B02_771524	7	109453982	135571288	16067	0.0096
DUNGS_p_TCGA_b84_115_SNP_N_GenomeWideSNP_6_B02_771524	7	135571753	135572782	2	-1.3869
DUNGS_p_TCGA_b84_115_SNP_N_GenomeWideSNP_6_B02_771524	7	135573240	139737221	2605	0.0034
DUNGS_p_TCGA_b84_115_SNP_N_GenomeWideSNP_6_B02_771524	7	139739580	139753093	6	0.6562
DUNGS_p_TCGA_b84_115_SNP_N_GenomeWideSNP_6_B02_771524	7	139753757	141759994	1324	0.0112
DUNGS_p_TCGA_b84_115_SNP_N_GenomeWideSNP_6_B02_771524	7	141760830	141791908	45	-0.696
DUNGS_p_TCGA_b84_115_SNP_N_GenomeWideSNP_6_B02_771524	7	141792107	142390170	398	0.0277
DUNGS_p_TCGA_b84_115_SNP_N_GenomeWideSNP_6_B02_771524	7	142390212	142454498	38	0.3912
DUNGS_p_TCGA_b84_115_SNP_N_GenomeWideSNP_6_B02_771524	7	142455471	142474939	16	-0.0543
DUNGS_p_TCGA_b84_115_SNP_N_GenomeWideSNP_6_B02_771524	7	142476719	142493129	38	0.555
DUNGS_p_TCGA_b84_115_SNP_N_GenomeWideSNP_6_B02_771524	7	142493650	143873377	826	0.0143
DUNGS_p_TCGA_b84_115_SNP_N_GenomeWideSNP_6_B02_771524	7	143873952	144066947	45	0.6126
DUNGS_p_TCGA_b84_115_SNP_N_GenomeWideSNP_6_B02_771524	7	144074929	154389895	6454	0.0127
DUNGS_p_TCGA_b84_115_SNP_N_GenomeWideSNP_6_B02_771524	7	154393171	154399613	4	-2.0966
DUNGS_p_TCGA_b84_115_SNP_N_GenomeWideSNP_6_B02_771524	7	154400830	159127004	3247	-0.0058
DUNGS_p_TCGA_b84_115_SNP_N_GenomeWideSNP_6_B02_771524	8	31254	3164485	2600	0.0055
DUNGS_p_TCGA_b84_115_SNP_N_GenomeWideSNP_6_B02_771524	8	3169351	3170084	4	-0.9847
DUNGS_p_TCGA_b84_115_SNP_N_GenomeWideSNP_6_B02_771524	8	3170594	3985885	1163	0.0053
DUNGS_p_TCGA_b84_115_SNP_N_GenomeWideSNP_6_B02_771524	8	3986167	3994236	9	0.6643
DUNGS_p_TCGA_b84_115_SNP_N_GenomeWideSNP_6_B02_771524	8	3994313	4165460	384	0.0062
DUNGS_p_TCGA_b84_115_SNP_N_GenomeWideSNP_6_B02_771524	8	4165497	4166673	12	-0.5945
DUNGS_p_TCGA_b84_115_SNP_N_GenomeWideSNP_6_B02_771524	8	4166690	7254341	3696	0.0194
DUNGS_p_TCGA_b84_115_SNP_N_GenomeWideSNP_6_B02_771524	8	7255048	7787868	141	-0.2998
DUNGS_p_TCGA_b84_115_SNP_N_GenomeWideSNP_6_B02_771524	8	7787962	11881859	3294	0.009
DUNGS_p_TCGA_b84_115_SNP_N_GenomeWideSNP_6_B02_771524	8	11882397	12353730	92	-0.381
DUNGS_p_TCGA_b84_115_SNP_N_GenomeWideSNP_6_B02_771524	8	12353761	39230325	19545	0.0033
DUNGS_p_TCGA_b84_115_SNP_N_GenomeWideSNP_6_B02_771524	8	39230659	39386965	60	0.6427
DUNGS_p_TCGA_b84_115_SNP_N_GenomeWideSNP_6_B02_771524	8	39388299	39830700	268	0.014
DUNGS_p_TCGA_b84_115_SNP_N_GenomeWideSNP_6_B02_771524	8	39830957	39831647	3	-1.1322
DUNGS_p_TCGA_b84_115_SNP_N_GenomeWideSNP_6_B02_771524	8	39834819	51032011	4327	-0.0112
DUNGS_p_TCGA_b84_115_SNP_N_GenomeWideSNP_6_B02_771524	8	51032024	51033423	8	0.7783
DUNGS_p_TCGA_b84_115_SNP_N_GenomeWideSNP_6_B02_771524	8	51038578	64340081	8791	-0.0013
DUNGS_p_TCGA_b84_115_SNP_N_GenomeWideSNP_6_B02_771524	8	64340262	64340597	2	-1.3533
DUNGS_p_TCGA_b84_115_SNP_N_GenomeWideSNP_6_B02_771524	8	64348293	72212365	4530	3e-04
DUNGS_p_TCGA_b84_115_SNP_N_GenomeWideSNP_6_B02_771524	8	72215311	72216434	7	-0.9452
DUNGS_p_TCGA_b84_115_SNP_N_GenomeWideSNP_6_B02_771524	8	72216501	112294670	24157	0.0054
DUNGS_p_TCGA_b84_115_SNP_N_GenomeWideSNP_6_B02_771524	8	112295038	112295260	5	-2.1117
DUNGS_p_TCGA_b84_115_SNP_N_GenomeWideSNP_6_B02_771524	8	112300281	115634554	1832	0.0105
DUNGS_p_TCGA_b84_115_SNP_N_GenomeWideSNP_6_B02_771524	8	115634653	115635701	11	0.5879
DUNGS_p_TCGA_b84_115_SNP_N_GenomeWideSNP_6_B02_771524	8	115638350	115641072	13	0.007
DUNGS_p_TCGA_b84_115_SNP_N_GenomeWideSNP_6_B02_771524	8	115641136	115650787	11	0.6664
DUNGS_p_TCGA_b84_115_SNP_N_GenomeWideSNP_6_B02_771524	8	115654768	146298155	21092	0.0059
DUNGS_p_TCGA_b84_115_SNP_N_GenomeWideSNP_6_B02_771524	9	46587	1169007	1149	-0.0046
DUNGS_p_TCGA_b84_115_SNP_N_GenomeWideSNP_6_B02_771524	9	1169070	1169183	2	1.51
DUNGS_p_TCGA_b84_115_SNP_N_GenomeWideSNP_6_B02_771524	9	1170227	28044704	22893	0.0116
DUNGS_p_TCGA_b84_115_SNP_N_GenomeWideSNP_6_B02_771524	9	28047588	28050691	5	-1.0143
DUNGS_p_TCGA_b84_115_SNP_N_GenomeWideSNP_6_B02_771524	9	28055603	33723602	4061	0.0158
DUNGS_p_TCGA_b84_115_SNP_N_GenomeWideSNP_6_B02_771524	9	33724811	33728785	4	-1.0532
DUNGS_p_TCGA_b84_115_SNP_N_GenomeWideSNP_6_B02_771524	9	33732857	39310907	3192	0.0071
DUNGS_p_TCGA_b84_115_SNP_N_GenomeWideSNP_6_B02_771524	9	39313820	39315036	4	-0.8143
DUNGS_p_TCGA_b84_115_SNP_N_GenomeWideSNP_6_B02_771524	9	39321378	41846811	78	0.0094
DUNGS_p_TCGA_b84_115_SNP_N_GenomeWideSNP_6_B02_771524	9	41892866	41985187	7	0.8529
DUNGS_p_TCGA_b84_115_SNP_N_GenomeWideSNP_6_B02_771524	9	42023107	106566497	25418	3e-04
DUNGS_p_TCGA_b84_115_SNP_N_GenomeWideSNP_6_B02_771524	9	106568696	106569290	2	-4.2895
DUNGS_p_TCGA_b84_115_SNP_N_GenomeWideSNP_6_B02_771524	9	106570702	106796731	151	-0.0128
DUNGS_p_TCGA_b84_115_SNP_N_GenomeWideSNP_6_B02_771524	9	106796945	106836907	59	0.288
DUNGS_p_TCGA_b84_115_SNP_N_GenomeWideSNP_6_B02_771524	9	106840406	141091394	22979	0.0019
DUNGS_p_TCGA_b84_115_SNP_N_GenomeWideSNP_6_B02_771524	10	72759	3045615	2447	0.0158
DUNGS_p_TCGA_b84_115_SNP_N_GenomeWideSNP_6_B02_771524	10	3046852	3052397	10	-0.6325
DUNGS_p_TCGA_b84_115_SNP_N_GenomeWideSNP_6_B02_771524	10	3052436	13049600	8491	0.0024
DUNGS_p_TCGA_b84_115_SNP_N_GenomeWideSNP_6_B02_771524	10	13049656	13050610	9	0.6915
DUNGS_p_TCGA_b84_115_SNP_N_GenomeWideSNP_6_B02_771524	10	13053686	23123734	7471	0.0018
DUNGS_p_TCGA_b84_115_SNP_N_GenomeWideSNP_6_B02_771524	10	23125459	23126000	3	-1.0146
DUNGS_p_TCGA_b84_115_SNP_N_GenomeWideSNP_6_B02_771524	10	23129838	24375263	832	-0.0166
DUNGS_p_TCGA_b84_115_SNP_N_GenomeWideSNP_6_B02_771524	10	24377674	24377921	10	0.9764
DUNGS_p_TCGA_b84_115_SNP_N_GenomeWideSNP_6_B02_771524	10	24378054	26147438	1244	-0.0084
DUNGS_p_TCGA_b84_115_SNP_N_GenomeWideSNP_6_B02_771524	10	26147571	26153091	4	0.763
DUNGS_p_TCGA_b84_115_SNP_N_GenomeWideSNP_6_B02_771524	10	26153313	27223903	747	-0.0195
DUNGS_p_TCGA_b84_115_SNP_N_GenomeWideSNP_6_B02_771524	10	27225904	27229993	14	0.7781
DUNGS_p_TCGA_b84_115_SNP_N_GenomeWideSNP_6_B02_771524	10	27230675	31246510	3041	0.0046
DUNGS_p_TCGA_b84_115_SNP_N_GenomeWideSNP_6_B02_771524	10	31251334	31251779	11	0.5084
DUNGS_p_TCGA_b84_115_SNP_N_GenomeWideSNP_6_B02_771524	10	31251822	42525124	4896	-0.0035
DUNGS_p_TCGA_b84_115_SNP_N_GenomeWideSNP_6_B02_771524	10	42614436	42783494	29	-0.3894
DUNGS_p_TCGA_b84_115_SNP_N_GenomeWideSNP_6_B02_771524	10	42786973	47055711	2435	0.0066
DUNGS_p_TCGA_b84_115_SNP_N_GenomeWideSNP_6_B02_771524	10	47058792	47059821	22	0.704
DUNGS_p_TCGA_b84_115_SNP_N_GenomeWideSNP_6_B02_771524	10	47062311	47897394	266	-0.0855
DUNGS_p_TCGA_b84_115_SNP_N_GenomeWideSNP_6_B02_771524	10	47912899	47967311	7	-0.7537
DUNGS_p_TCGA_b84_115_SNP_N_GenomeWideSNP_6_B02_771524	10	48005227	48350185	25	0.3225
DUNGS_p_TCGA_b84_115_SNP_N_GenomeWideSNP_6_B02_771524	10	48350357	58509277	6599	0.0118
DUNGS_p_TCGA_b84_115_SNP_N_GenomeWideSNP_6_B02_771524	10	58509402	58525513	46	0.3443
DUNGS_p_TCGA_b84_115_SNP_N_GenomeWideSNP_6_B02_771524	10	58525608	81248584	15405	-0.0018
DUNGS_p_TCGA_b84_115_SNP_N_GenomeWideSNP_6_B02_771524	10	81251331	81443881	17	-0.4759
DUNGS_p_TCGA_b84_115_SNP_N_GenomeWideSNP_6_B02_771524	10	81443881	135229141	36942	-0.0011
DUNGS_p_TCGA_b84_115_SNP_N_GenomeWideSNP_6_B02_771524	10	135229719	135229868	2	-2.059
DUNGS_p_TCGA_b84_115_SNP_N_GenomeWideSNP_6_B02_771524	10	135232654	135506704	151	-0.0601
DUNGS_p_TCGA_b84_115_SNP_N_GenomeWideSNP_6_B02_771524	11	198510	4967396	2478	0.0017
DUNGS_p_TCGA_b84_115_SNP_N_GenomeWideSNP_6_B02_771524	11	4967650	4976814	40	0.549
DUNGS_p_TCGA_b84_115_SNP_N_GenomeWideSNP_6_B02_771524	11	4976865	5783923	789	0.0142
DUNGS_p_TCGA_b84_115_SNP_N_GenomeWideSNP_6_B02_771524	11	5787405	5809139	33	-0.7252
DUNGS_p_TCGA_b84_115_SNP_N_GenomeWideSNP_6_B02_771524	11	5809338	6104567	238	0.013
DUNGS_p_TCGA_b84_115_SNP_N_GenomeWideSNP_6_B02_771524	11	6104817	6131290	16	0.5233
DUNGS_p_TCGA_b84_115_SNP_N_GenomeWideSNP_6_B02_771524	11	6132758	8844783	1984	0.0019
DUNGS_p_TCGA_b84_115_SNP_N_GenomeWideSNP_6_B02_771524	11	8844909	8846139	2	-1.1382
DUNGS_p_TCGA_b84_115_SNP_N_GenomeWideSNP_6_B02_771524	11	8851208	11848875	2285	0.0046
DUNGS_p_TCGA_b84_115_SNP_N_GenomeWideSNP_6_B02_771524	11	11849194	11850099	2	-1.3665
DUNGS_p_TCGA_b84_115_SNP_N_GenomeWideSNP_6_B02_771524	11	11850160	18950256	4916	8e-04
DUNGS_p_TCGA_b84_115_SNP_N_GenomeWideSNP_6_B02_771524	11	18950357	18952811	13	-0.4956
DUNGS_p_TCGA_b84_115_SNP_N_GenomeWideSNP_6_B02_771524	11	18952989	21846894	2637	0.005
DUNGS_p_TCGA_b84_115_SNP_N_GenomeWideSNP_6_B02_771524	11	21847506	21848680	4	-1.3117
DUNGS_p_TCGA_b84_115_SNP_N_GenomeWideSNP_6_B02_771524	11	21848752	42959039	14739	0.0074
DUNGS_p_TCGA_b84_115_SNP_N_GenomeWideSNP_6_B02_771524	11	42959111	42971040	7	0.8289
DUNGS_p_TCGA_b84_115_SNP_N_GenomeWideSNP_6_B02_771524	11	42971168	54940342	4304	0.0085
DUNGS_p_TCGA_b84_115_SNP_N_GenomeWideSNP_6_B02_771524	11	54965608	55030215	9	0.6435
DUNGS_p_TCGA_b84_115_SNP_N_GenomeWideSNP_6_B02_771524	11	55030270	79967513	13571	-6e-04
DUNGS_p_TCGA_b84_115_SNP_N_GenomeWideSNP_6_B02_771524	11	79967548	79967564	2	-3.5141
DUNGS_p_TCGA_b84_115_SNP_N_GenomeWideSNP_6_B02_771524	11	79967686	93479302	9306	0.0058
DUNGS_p_TCGA_b84_115_SNP_N_GenomeWideSNP_6_B02_771524	11	93489977	93499506	9	-1.0593
DUNGS_p_TCGA_b84_115_SNP_N_GenomeWideSNP_6_B02_771524	11	93501297	134601791	29559	0.0049
DUNGS_p_TCGA_b84_115_SNP_N_GenomeWideSNP_6_B02_771524	11	134602280	134602946	2	-1.6273
DUNGS_p_TCGA_b84_115_SNP_N_GenomeWideSNP_6_B02_771524	11	134603992	134944770	283	0.0341
DUNGS_p_TCGA_b84_115_SNP_N_GenomeWideSNP_6_B02_771524	12	150442	869198	420	-0.0055
DUNGS_p_TCGA_b84_115_SNP_N_GenomeWideSNP_6_B02_771524	12	869263	874029	16	-3.0767
DUNGS_p_TCGA_b84_115_SNP_N_GenomeWideSNP_6_B02_771524	12	875354	8420824	5143	0.0053
DUNGS_p_TCGA_b84_115_SNP_N_GenomeWideSNP_6_B02_771524	12	8428435	8436238	3	-1.5961
DUNGS_p_TCGA_b84_115_SNP_N_GenomeWideSNP_6_B02_771524	12	8436328	8493629	17	-0.387
DUNGS_p_TCGA_b84_115_SNP_N_GenomeWideSNP_6_B02_771524	12	8494956	9630556	611	-0.0149
DUNGS_p_TCGA_b84_115_SNP_N_GenomeWideSNP_6_B02_771524	12	9633870	9713674	22	0.3718
DUNGS_p_TCGA_b84_115_SNP_N_GenomeWideSNP_6_B02_771524	12	9714954	32330415	15980	0.0052
DUNGS_p_TCGA_b84_115_SNP_N_GenomeWideSNP_6_B02_771524	12	32331195	32334492	3	-1.2134
DUNGS_p_TCGA_b84_115_SNP_N_GenomeWideSNP_6_B02_771524	12	32336886	32338767	10	-0.0318
DUNGS_p_TCGA_b84_115_SNP_N_GenomeWideSNP_6_B02_771524	12	32338875	32339231	6	-0.7909
DUNGS_p_TCGA_b84_115_SNP_N_GenomeWideSNP_6_B02_771524	12	32339345	42488244	4255	0.0202
DUNGS_p_TCGA_b84_115_SNP_N_GenomeWideSNP_6_B02_771524	12	42490475	42490709	2	1.3963
DUNGS_p_TCGA_b84_115_SNP_N_GenomeWideSNP_6_B02_771524	12	42490951	45904438	2065	0.0119
DUNGS_p_TCGA_b84_115_SNP_N_GenomeWideSNP_6_B02_771524	12	45905840	45909537	3	-1.9712
DUNGS_p_TCGA_b84_115_SNP_N_GenomeWideSNP_6_B02_771524	12	45913292	90483350	27311	0.0044
DUNGS_p_TCGA_b84_115_SNP_N_GenomeWideSNP_6_B02_771524	12	90491669	90493557	8	0.6879
DUNGS_p_TCGA_b84_115_SNP_N_GenomeWideSNP_6_B02_771524	12	90493613	99791814	6459	0.0059
DUNGS_p_TCGA_b84_115_SNP_N_GenomeWideSNP_6_B02_771524	12	99795293	99798734	31	-0.4618
DUNGS_p_TCGA_b84_115_SNP_N_GenomeWideSNP_6_B02_771524	12	99803093	125486750	16448	0.0061
DUNGS_p_TCGA_b84_115_SNP_N_GenomeWideSNP_6_B02_771524	12	125486797	125486837	2	-2.1367
DUNGS_p_TCGA_b84_115_SNP_N_GenomeWideSNP_6_B02_771524	12	125489393	129228886	3245	0.0038
DUNGS_p_TCGA_b84_115_SNP_N_GenomeWideSNP_6_B02_771524	12	129230513	129232297	6	-1.0082
DUNGS_p_TCGA_b84_115_SNP_N_GenomeWideSNP_6_B02_771524	12	129232545	133778189	3087	0.0128
DUNGS_p_TCGA_b84_115_SNP_N_GenomeWideSNP_6_B02_771524	13	19026949	19174634	13	-0.5504
DUNGS_p_TCGA_b84_115_SNP_N_GenomeWideSNP_6_B02_771524	13	19175175	23548470	2806	0.0171
DUNGS_p_TCGA_b84_115_SNP_N_GenomeWideSNP_6_B02_771524	13	23548524	23548546	2	1.302
DUNGS_p_TCGA_b84_115_SNP_N_GenomeWideSNP_6_B02_771524	13	23549126	32532622	6834	0.0087
DUNGS_p_TCGA_b84_115_SNP_N_GenomeWideSNP_6_B02_771524	13	32532727	32538423	17	-0.9814
DUNGS_p_TCGA_b84_115_SNP_N_GenomeWideSNP_6_B02_771524	13	32540047	38071135	3907	-9e-04
DUNGS_p_TCGA_b84_115_SNP_N_GenomeWideSNP_6_B02_771524	13	38072036	38075965	4	-0.7143
DUNGS_p_TCGA_b84_115_SNP_N_GenomeWideSNP_6_B02_771524	13	38076267	38084732	11	-2.5615
DUNGS_p_TCGA_b84_115_SNP_N_GenomeWideSNP_6_B02_771524	13	38084757	39052811	702	0.0168
DUNGS_p_TCGA_b84_115_SNP_N_GenomeWideSNP_6_B02_771524	13	39057572	39065233	4	0.9651
DUNGS_p_TCGA_b84_115_SNP_N_GenomeWideSNP_6_B02_771524	13	39066489	53094799	9218	0.0126
DUNGS_p_TCGA_b84_115_SNP_N_GenomeWideSNP_6_B02_771524	13	53097984	53105785	3	-1.5012
DUNGS_p_TCGA_b84_115_SNP_N_GenomeWideSNP_6_B02_771524	13	53117879	58158091	2875	0.0186
DUNGS_p_TCGA_b84_115_SNP_N_GenomeWideSNP_6_B02_771524	13	58158127	58186779	13	0.4402
DUNGS_p_TCGA_b84_115_SNP_N_GenomeWideSNP_6_B02_771524	13	58186963	115108397	37968	0.0036
DUNGS_p_TCGA_b84_115_SNP_N_GenomeWideSNP_6_B02_771524	14	19002124	20100326	75	-0.025
DUNGS_p_TCGA_b84_115_SNP_N_GenomeWideSNP_6_B02_771524	14	20105491	20392614	96	-0.3492
DUNGS_p_TCGA_b84_115_SNP_N_GenomeWideSNP_6_B02_771524	14	20392786	41610690	13679	0.0135
DUNGS_p_TCGA_b84_115_SNP_N_GenomeWideSNP_6_B02_771524	14	41615120	41676340	15	0.514
DUNGS_p_TCGA_b84_115_SNP_N_GenomeWideSNP_6_B02_771524	14	41676361	70013793	17862	0.0084
DUNGS_p_TCGA_b84_115_SNP_N_GenomeWideSNP_6_B02_771524	14	70013958	70022944	14	-0.5306
DUNGS_p_TCGA_b84_115_SNP_N_GenomeWideSNP_6_B02_771524	14	70028547	74006707	2628	0.0016
DUNGS_p_TCGA_b84_115_SNP_N_GenomeWideSNP_6_B02_771524	14	74006851	74029900	8	0.6699
DUNGS_p_TCGA_b84_115_SNP_N_GenomeWideSNP_6_B02_771524	14	74029915	88401071	9533	0.0017
DUNGS_p_TCGA_b84_115_SNP_N_GenomeWideSNP_6_B02_771524	14	88401094	88426637	31	0.3747
DUNGS_p_TCGA_b84_115_SNP_N_GenomeWideSNP_6_B02_771524	14	88426759	99558568	7990	0.0018
DUNGS_p_TCGA_b84_115_SNP_N_GenomeWideSNP_6_B02_771524	14	99558696	99558711	2	1.415
DUNGS_p_TCGA_b84_115_SNP_N_GenomeWideSNP_6_B02_771524	14	99558766	104723907	2709	-0.0047
DUNGS_p_TCGA_b84_115_SNP_N_GenomeWideSNP_6_B02_771524	14	104725480	104725507	2	-1.3256
DUNGS_p_TCGA_b84_115_SNP_N_GenomeWideSNP_6_B02_771524	14	104727826	106715489	650	0.0052
DUNGS_p_TCGA_b84_115_SNP_N_GenomeWideSNP_6_B02_771524	14	106717356	106746725	14	-0.4707
DUNGS_p_TCGA_b84_115_SNP_N_GenomeWideSNP_6_B02_771524	14	106746958	106949073	125	0.1998
DUNGS_p_TCGA_b84_115_SNP_N_GenomeWideSNP_6_B02_771524	14	106952515	107285437	212	-0.0507
DUNGS_p_TCGA_b84_115_SNP_N_GenomeWideSNP_6_B02_771524	15	20016328	20231906	50	-0.0907
DUNGS_p_TCGA_b84_115_SNP_N_GenomeWideSNP_6_B02_771524	15	20246372	20262236	3	-1.98
DUNGS_p_TCGA_b84_115_SNP_N_GenomeWideSNP_6_B02_771524	15	20264286	22340903	273	-0.0581
DUNGS_p_TCGA_b84_115_SNP_N_GenomeWideSNP_6_B02_771524	15	22341689	22681076	98	0.3797
DUNGS_p_TCGA_b84_115_SNP_N_GenomeWideSNP_6_B02_771524	15	22681250	23226254	296	-0.0117
DUNGS_p_TCGA_b84_115_SNP_N_GenomeWideSNP_6_B02_771524	15	23226468	23389113	15	-0.5153
DUNGS_p_TCGA_b84_115_SNP_N_GenomeWideSNP_6_B02_771524	15	23417285	30370031	4368	0.0037
DUNGS_p_TCGA_b84_115_SNP_N_GenomeWideSNP_6_B02_771524	15	30386411	30960781	127	-0.3014
DUNGS_p_TCGA_b84_115_SNP_N_GenomeWideSNP_6_B02_771524	15	30961150	32020870	684	-0.0065
DUNGS_p_TCGA_b84_115_SNP_N_GenomeWideSNP_6_B02_771524	15	32021610	32061439	29	0.3324
DUNGS_p_TCGA_b84_115_SNP_N_GenomeWideSNP_6_B02_771524	15	32065488	32439245	315	-0.025
DUNGS_p_TCGA_b84_115_SNP_N_GenomeWideSNP_6_B02_771524	15	32439264	32909979	79	-0.2687
DUNGS_p_TCGA_b84_115_SNP_N_GenomeWideSNP_6_B02_771524	15	32914078	34273277	1244	-0.0036
DUNGS_p_TCGA_b84_115_SNP_N_GenomeWideSNP_6_B02_771524	15	34273904	34277511	6	-1.02
DUNGS_p_TCGA_b84_115_SNP_N_GenomeWideSNP_6_B02_771524	15	34279231	58315934	15073	0.0033
DUNGS_p_TCGA_b84_115_SNP_N_GenomeWideSNP_6_B02_771524	15	58320408	58325503	3	1.0799
DUNGS_p_TCGA_b84_115_SNP_N_GenomeWideSNP_6_B02_771524	15	58326955	84540738	16183	0.0066
DUNGS_p_TCGA_b84_115_SNP_N_GenomeWideSNP_6_B02_771524	15	84542885	84543550	5	-1.2284
DUNGS_p_TCGA_b84_115_SNP_N_GenomeWideSNP_6_B02_771524	15	84547277	94354366	7209	0.005
DUNGS_p_TCGA_b84_115_SNP_N_GenomeWideSNP_6_B02_771524	15	94354718	94362258	5	0.8559
DUNGS_p_TCGA_b84_115_SNP_N_GenomeWideSNP_6_B02_771524	15	94362414	102429125	6039	0.0051
DUNGS_p_TCGA_b84_115_SNP_N_GenomeWideSNP_6_B02_771524	15	102435009	102469040	5	0.771
DUNGS_p_TCGA_b84_115_SNP_N_GenomeWideSNP_6_B02_771524	16	60777	19944363	13541	0.0089
DUNGS_p_TCGA_b84_115_SNP_N_GenomeWideSNP_6_B02_771524	16	19945650	19970490	31	-0.7757
DUNGS_p_TCGA_b84_115_SNP_N_GenomeWideSNP_6_B02_771524	16	19970818	22615804	1308	0.0139
DUNGS_p_TCGA_b84_115_SNP_N_GenomeWideSNP_6_B02_771524	16	22625584	22718304	62	-0.3314
DUNGS_p_TCGA_b84_115_SNP_N_GenomeWideSNP_6_B02_771524	16	22718386	55804348	12413	-7e-04
DUNGS_p_TCGA_b84_115_SNP_N_GenomeWideSNP_6_B02_771524	16	55805408	55822444	14	-0.8478
DUNGS_p_TCGA_b84_115_SNP_N_GenomeWideSNP_6_B02_771524	16	55829557	55847821	11	0.4248
DUNGS_p_TCGA_b84_115_SNP_N_GenomeWideSNP_6_B02_771524	16	55848068	70179343	8764	-0.0048
DUNGS_p_TCGA_b84_115_SNP_N_GenomeWideSNP_6_B02_771524	16	70179396	70198396	12	0.5245
DUNGS_p_TCGA_b84_115_SNP_N_GenomeWideSNP_6_B02_771524	16	70211444	78371608	5652	-0.0023
DUNGS_p_TCGA_b84_115_SNP_N_GenomeWideSNP_6_B02_771524	16	78372440	78385001	18	0.8576
DUNGS_p_TCGA_b84_115_SNP_N_GenomeWideSNP_6_B02_771524	16	78385437	80975647	3042	0.0071
DUNGS_p_TCGA_b84_115_SNP_N_GenomeWideSNP_6_B02_771524	16	80975931	80986546	11	-0.5606
DUNGS_p_TCGA_b84_115_SNP_N_GenomeWideSNP_6_B02_771524	16	80986601	90287535	7599	0.0053
DUNGS_p_TCGA_b84_115_SNP_N_GenomeWideSNP_6_B02_771524	17	526	707174	355	0.0428
DUNGS_p_TCGA_b84_115_SNP_N_GenomeWideSNP_6_B02_771524	17	713686	716459	3	-1.4039
DUNGS_p_TCGA_b84_115_SNP_N_GenomeWideSNP_6_B02_771524	17	716824	940044	122	0.0796
DUNGS_p_TCGA_b84_115_SNP_N_GenomeWideSNP_6_B02_771524	17	941070	950958	3	1.132
DUNGS_p_TCGA_b84_115_SNP_N_GenomeWideSNP_6_B02_771524	17	958682	10312026	5593	0.0012
DUNGS_p_TCGA_b84_115_SNP_N_GenomeWideSNP_6_B02_771524	17	10312480	10313691	2	-1.6959
DUNGS_p_TCGA_b84_115_SNP_N_GenomeWideSNP_6_B02_771524	17	10315472	26779053	7734	0.0062
DUNGS_p_TCGA_b84_115_SNP_N_GenomeWideSNP_6_B02_771524	17	26781341	26782319	2	-1.7372
DUNGS_p_TCGA_b84_115_SNP_N_GenomeWideSNP_6_B02_771524	17	26789271	39225537	7058	0.0055
DUNGS_p_TCGA_b84_115_SNP_N_GenomeWideSNP_6_B02_771524	17	39225742	39257244	20	0.4145
DUNGS_p_TCGA_b84_115_SNP_N_GenomeWideSNP_6_B02_771524	17	39259423	39421708	96	-0.0552
DUNGS_p_TCGA_b84_115_SNP_N_GenomeWideSNP_6_B02_771524	17	39423014	39440956	42	0.4412
DUNGS_p_TCGA_b84_115_SNP_N_GenomeWideSNP_6_B02_771524	17	39441219	44187492	2510	0.0042
DUNGS_p_TCGA_b84_115_SNP_N_GenomeWideSNP_6_B02_771524	17	44188311	44752300	158	-0.3642
DUNGS_p_TCGA_b84_115_SNP_N_GenomeWideSNP_6_B02_771524	17	44764994	81049726	21638	0.0019
DUNGS_p_TCGA_b84_115_SNP_N_GenomeWideSNP_6_B02_771524	18	11543	1902886	1317	0.0609
DUNGS_p_TCGA_b84_115_SNP_N_GenomeWideSNP_6_B02_771524	18	1905358	1980787	96	-0.822
DUNGS_p_TCGA_b84_115_SNP_N_GenomeWideSNP_6_B02_771524	18	1986214	11607978	7137	0.0429
DUNGS_p_TCGA_b84_115_SNP_N_GenomeWideSNP_6_B02_771524	18	11610492	11643637	4	-1.0285
DUNGS_p_TCGA_b84_115_SNP_N_GenomeWideSNP_6_B02_771524	18	11648759	12201600	360	0.0421
DUNGS_p_TCGA_b84_115_SNP_N_GenomeWideSNP_6_B02_771524	18	12210088	12228772	7	-0.6663
DUNGS_p_TCGA_b84_115_SNP_N_GenomeWideSNP_6_B02_771524	18	12238863	38260420	13944	0.0365
DUNGS_p_TCGA_b84_115_SNP_N_GenomeWideSNP_6_B02_771524	18	38260434	38268024	19	0.6579
DUNGS_p_TCGA_b84_115_SNP_N_GenomeWideSNP_6_B02_771524	18	38269498	63202976	17149	0.0364
DUNGS_p_TCGA_b84_115_SNP_N_GenomeWideSNP_6_B02_771524	18	63202995	63207196	16	0.8166
DUNGS_p_TCGA_b84_115_SNP_N_GenomeWideSNP_6_B02_771524	18	63207211	63717753	360	0.1081
DUNGS_p_TCGA_b84_115_SNP_N_GenomeWideSNP_6_B02_771524	18	63721579	63728340	13	0.709
DUNGS_p_TCGA_b84_115_SNP_N_GenomeWideSNP_6_B02_771524	18	63732738	63762300	47	0.0254
DUNGS_p_TCGA_b84_115_SNP_N_GenomeWideSNP_6_B02_771524	18	63767140	63767922	3	-1.5399
DUNGS_p_TCGA_b84_115_SNP_N_GenomeWideSNP_6_B02_771524	18	63775595	69027305	3756	0.045
DUNGS_p_TCGA_b84_115_SNP_N_GenomeWideSNP_6_B02_771524	18	69029682	69029878	2	-2.636
DUNGS_p_TCGA_b84_115_SNP_N_GenomeWideSNP_6_B02_771524	18	69030354	70623248	1262	0.1149
DUNGS_p_TCGA_b84_115_SNP_N_GenomeWideSNP_6_B02_771524	18	70624680	70624978	2	-1.3279
DUNGS_p_TCGA_b84_115_SNP_N_GenomeWideSNP_6_B02_771524	18	70627831	74437995	3025	0.0484
DUNGS_p_TCGA_b84_115_SNP_N_GenomeWideSNP_6_B02_771524	18	74441415	74443550	2	-1.4701
DUNGS_p_TCGA_b84_115_SNP_N_GenomeWideSNP_6_B02_771524	18	74443626	78015057	2345	0.0263
DUNGS_p_TCGA_b84_115_SNP_N_GenomeWideSNP_6_B02_771524	19	90910	12692001	5079	0.0015
DUNGS_p_TCGA_b84_115_SNP_N_GenomeWideSNP_6_B02_771524	19	12697366	12698102	2	-1.4679
DUNGS_p_TCGA_b84_115_SNP_N_GenomeWideSNP_6_B02_771524	19	12700523	19831544	3477	0.0062
DUNGS_p_TCGA_b84_115_SNP_N_GenomeWideSNP_6_B02_771524	19	19835753	19836676	2	-2.4332
DUNGS_p_TCGA_b84_115_SNP_N_GenomeWideSNP_6_B02_771524	19	19840768	20603330	437	-0.0105
DUNGS_p_TCGA_b84_115_SNP_N_GenomeWideSNP_6_B02_771524	19	20608574	20723899	69	-0.7222
DUNGS_p_TCGA_b84_115_SNP_N_GenomeWideSNP_6_B02_771524	19	20724979	21153058	239	0.0651
DUNGS_p_TCGA_b84_115_SNP_N_GenomeWideSNP_6_B02_771524	19	21153079	21154168	3	-1.1613
DUNGS_p_TCGA_b84_115_SNP_N_GenomeWideSNP_6_B02_771524	19	21155341	24505062	1954	0.0105
DUNGS_p_TCGA_b84_115_SNP_N_GenomeWideSNP_6_B02_771524	19	24505637	24507167	5	-0.9013
DUNGS_p_TCGA_b84_115_SNP_N_GenomeWideSNP_6_B02_771524	19	24507172	31284806	2419	-0.0048
DUNGS_p_TCGA_b84_115_SNP_N_GenomeWideSNP_6_B02_771524	19	31288118	31288540	2	-1.6965
DUNGS_p_TCGA_b84_115_SNP_N_GenomeWideSNP_6_B02_771524	19	31290599	35658728	2976	-0.0048
DUNGS_p_TCGA_b84_115_SNP_N_GenomeWideSNP_6_B02_771524	19	35663774	35664043	6	-0.7355
DUNGS_p_TCGA_b84_115_SNP_N_GenomeWideSNP_6_B02_771524	19	35666047	35785327	114	0.0355
DUNGS_p_TCGA_b84_115_SNP_N_GenomeWideSNP_6_B02_771524	19	35788482	35789685	4	0.6935
DUNGS_p_TCGA_b84_115_SNP_N_GenomeWideSNP_6_B02_771524	19	35793038	36758897	506	0.0158
DUNGS_p_TCGA_b84_115_SNP_N_GenomeWideSNP_6_B02_771524	19	36805705	36806515	2	1.3642
DUNGS_p_TCGA_b84_115_SNP_N_GenomeWideSNP_6_B02_771524	19	36807300	37467071	382	-0.0081
DUNGS_p_TCGA_b84_115_SNP_N_GenomeWideSNP_6_B02_771524	19	37467129	37467512	3	-1.3487
DUNGS_p_TCGA_b84_115_SNP_N_GenomeWideSNP_6_B02_771524	19	37470506	52142352	7298	5e-04
DUNGS_p_TCGA_b84_115_SNP_N_GenomeWideSNP_6_B02_771524	19	52142615	52157437	17	0.5284
DUNGS_p_TCGA_b84_115_SNP_N_GenomeWideSNP_6_B02_771524	19	52157552	54222824	1477	0.015
DUNGS_p_TCGA_b84_115_SNP_N_GenomeWideSNP_6_B02_771524	19	54223183	54226013	3	-1.3178
DUNGS_p_TCGA_b84_115_SNP_N_GenomeWideSNP_6_B02_771524	19	54227286	55334991	590	0.0026
DUNGS_p_TCGA_b84_115_SNP_N_GenomeWideSNP_6_B02_771524	19	55335211	55368363	16	-0.4381
DUNGS_p_TCGA_b84_115_SNP_N_GenomeWideSNP_6_B02_771524	19	55373818	59097854	2294	0.0037
DUNGS_p_TCGA_b84_115_SNP_N_GenomeWideSNP_6_B02_771524	20	61305	1580388	1239	0.013
DUNGS_p_TCGA_b84_115_SNP_N_GenomeWideSNP_6_B02_771524	20	1580537	1593893	9	-0.8457
DUNGS_p_TCGA_b84_115_SNP_N_GenomeWideSNP_6_B02_771524	20	1597946	3811203	1572	0.0017
DUNGS_p_TCGA_b84_115_SNP_N_GenomeWideSNP_6_B02_771524	20	3811433	3842984	12	0.4924
DUNGS_p_TCGA_b84_115_SNP_N_GenomeWideSNP_6_B02_771524	20	3843027	44702213	26434	0.0073
DUNGS_p_TCGA_b84_115_SNP_N_GenomeWideSNP_6_B02_771524	20	44702265	44705129	3	0.9529
DUNGS_p_TCGA_b84_115_SNP_N_GenomeWideSNP_6_B02_771524	20	44709493	46638020	1464	0.0074
DUNGS_p_TCGA_b84_115_SNP_N_GenomeWideSNP_6_B02_771524	20	46638086	46638327	2	-1.1958
DUNGS_p_TCGA_b84_115_SNP_N_GenomeWideSNP_6_B02_771524	20	46640088	48416460	1225	0.0112
DUNGS_p_TCGA_b84_115_SNP_N_GenomeWideSNP_6_B02_771524	20	48417000	48420115	2	-1.1686
DUNGS_p_TCGA_b84_115_SNP_N_GenomeWideSNP_6_B02_771524	20	48420133	52651154	3070	-0.0037
DUNGS_p_TCGA_b84_115_SNP_N_GenomeWideSNP_6_B02_771524	20	52651621	52658561	34	0.3137
DUNGS_p_TCGA_b84_115_SNP_N_GenomeWideSNP_6_B02_771524	20	52658593	59565245	5669	-0.0015
DUNGS_p_TCGA_b84_115_SNP_N_GenomeWideSNP_6_B02_771524	20	59569025	59590484	51	0.5666
DUNGS_p_TCGA_b84_115_SNP_N_GenomeWideSNP_6_B02_771524	20	59590507	62956153	1748	-0.0115
DUNGS_p_TCGA_b84_115_SNP_N_GenomeWideSNP_6_B02_771524	21	10736871	15099295	406	-0.0261
DUNGS_p_TCGA_b84_115_SNP_N_GenomeWideSNP_6_B02_771524	21	15099559	15100785	9	0.6258
DUNGS_p_TCGA_b84_115_SNP_N_GenomeWideSNP_6_B02_771524	21	15101058	24432499	6632	0.0122
DUNGS_p_TCGA_b84_115_SNP_N_GenomeWideSNP_6_B02_771524	21	24432514	24432604	6	0.7362
DUNGS_p_TCGA_b84_115_SNP_N_GenomeWideSNP_6_B02_771524	21	24432611	34558232	7506	0.0066
DUNGS_p_TCGA_b84_115_SNP_N_GenomeWideSNP_6_B02_771524	21	34559625	34559996	2	-1.7579
DUNGS_p_TCGA_b84_115_SNP_N_GenomeWideSNP_6_B02_771524	21	34566553	48096957	9872	-6e-04
DUNGS_p_TCGA_b84_115_SNP_N_GenomeWideSNP_6_B02_771524	22	16052528	21462623	2846	-0.0093
DUNGS_p_TCGA_b84_115_SNP_N_GenomeWideSNP_6_B02_771524	22	21462651	21721603	18	0.574
DUNGS_p_TCGA_b84_115_SNP_N_GenomeWideSNP_6_B02_771524	22	21721720	22440499	403	0.0212
DUNGS_p_TCGA_b84_115_SNP_N_GenomeWideSNP_6_B02_771524	22	22446745	22447158	9	0.6401
DUNGS_p_TCGA_b84_115_SNP_N_GenomeWideSNP_6_B02_771524	22	22447443	22468619	26	0.1109
DUNGS_p_TCGA_b84_115_SNP_N_GenomeWideSNP_6_B02_771524	22	22473918	22474613	6	-2.314
DUNGS_p_TCGA_b84_115_SNP_N_GenomeWideSNP_6_B02_771524	22	22481498	22502154	58	-0.1119
DUNGS_p_TCGA_b84_115_SNP_N_GenomeWideSNP_6_B02_771524	22	22502179	22503191	14	0.5873
DUNGS_p_TCGA_b84_115_SNP_N_GenomeWideSNP_6_B02_771524	22	22503269	22752462	269	0.0082
DUNGS_p_TCGA_b84_115_SNP_N_GenomeWideSNP_6_B02_771524	22	22752680	22752880	4	-1.5165
DUNGS_p_TCGA_b84_115_SNP_N_GenomeWideSNP_6_B02_771524	22	22757321	24271745	939	-0.0116
DUNGS_p_TCGA_b84_115_SNP_N_GenomeWideSNP_6_B02_771524	22	24283016	24330218	26	-0.4089
DUNGS_p_TCGA_b84_115_SNP_N_GenomeWideSNP_6_B02_771524	22	24330269	24331967	2	-2.9908
DUNGS_p_TCGA_b84_115_SNP_N_GenomeWideSNP_6_B02_771524	22	24332625	24337949	4	-0.7298
DUNGS_p_TCGA_b84_115_SNP_N_GenomeWideSNP_6_B02_771524	22	24344422	24402321	22	0.4585
DUNGS_p_TCGA_b84_115_SNP_N_GenomeWideSNP_6_B02_771524	22	24402442	25641025	799	0.0081
DUNGS_p_TCGA_b84_115_SNP_N_GenomeWideSNP_6_B02_771524	22	25641165	25641210	2	-1.3602
DUNGS_p_TCGA_b84_115_SNP_N_GenomeWideSNP_6_B02_771524	22	25642206	25661698	19	0.0316
DUNGS_p_TCGA_b84_115_SNP_N_GenomeWideSNP_6_B02_771524	22	25663985	25664801	3	-1.4718
DUNGS_p_TCGA_b84_115_SNP_N_GenomeWideSNP_6_B02_771524	22	25664832	38520887	9596	8e-04
DUNGS_p_TCGA_b84_115_SNP_N_GenomeWideSNP_6_B02_771524	22	38521601	38543132	19	-0.4278
DUNGS_p_TCGA_b84_115_SNP_N_GenomeWideSNP_6_B02_771524	22	38543354	42904606	2364	-0.0012
DUNGS_p_TCGA_b84_115_SNP_N_GenomeWideSNP_6_B02_771524	22	42907001	42932418	18	0.6018
DUNGS_p_TCGA_b84_115_SNP_N_GenomeWideSNP_6_B02_771524	22	42934462	51234455	6117	-0.0031
DUNGS_p_TCGA_b84_115_SNP_N_GenomeWideSNP_6_B02_771524	X	168477	387725	12	0.1902
DUNGS_p_TCGA_b84_115_SNP_N_GenomeWideSNP_6_B02_771524	X	387744	387775	3	-1.6033
DUNGS_p_TCGA_b84_115_SNP_N_GenomeWideSNP_6_B02_771524	X	401522	9372167	5137	0.0051
DUNGS_p_TCGA_b84_115_SNP_N_GenomeWideSNP_6_B02_771524	X	9375009	9376235	3	-1.5669
DUNGS_p_TCGA_b84_115_SNP_N_GenomeWideSNP_6_B02_771524	X	9384230	9573791	164	0.0377
DUNGS_p_TCGA_b84_115_SNP_N_GenomeWideSNP_6_B02_771524	X	9578063	9578745	3	-1.7986
DUNGS_p_TCGA_b84_115_SNP_N_GenomeWideSNP_6_B02_771524	X	9581229	35842322	17160	0.0164
DUNGS_p_TCGA_b84_115_SNP_N_GenomeWideSNP_6_B02_771524	X	35842482	35843473	2	-1.7829
DUNGS_p_TCGA_b84_115_SNP_N_GenomeWideSNP_6_B02_771524	X	35850763	55701259	9865	0.0115
DUNGS_p_TCGA_b84_115_SNP_N_GenomeWideSNP_6_B02_771524	X	55702659	55707686	4	-1.1382
DUNGS_p_TCGA_b84_115_SNP_N_GenomeWideSNP_6_B02_771524	X	55714337	85902171	12803	0.0016
DUNGS_p_TCGA_b84_115_SNP_N_GenomeWideSNP_6_B02_771524	X	85907632	85917714	9	-0.8867
DUNGS_p_TCGA_b84_115_SNP_N_GenomeWideSNP_6_B02_771524	X	85918762	107110289	11220	0.0085
DUNGS_p_TCGA_b84_115_SNP_N_GenomeWideSNP_6_B02_771524	X	107111142	107112032	2	-2.0661
DUNGS_p_TCGA_b84_115_SNP_N_GenomeWideSNP_6_B02_771524	X	107116812	114918395	4364	0.0051
DUNGS_p_TCGA_b84_115_SNP_N_GenomeWideSNP_6_B02_771524	X	114921301	114921445	2	-2.0549
DUNGS_p_TCGA_b84_115_SNP_N_GenomeWideSNP_6_B02_771524	X	114924811	155182354	23909	0.0066
DUNGS_p_TCGA_b84_115_SNP_N_GenomeWideSNP_6_B02_771524	Y	2650438	22243052	6838	-0.8937
DUNGS_p_TCGA_b84_115_SNP_N_GenomeWideSNP_6_B02_771524	Y	22262565	22466083	8	-1.7748
DUNGS_p_TCGA_b84_115_SNP_N_GenomeWideSNP_6_B02_771524	Y	22489357	59018259	1789	-0.9775
