Sample	Chromosome	Start	End	Num_Probes	Segment_Mean
DUNGS_p_TCGA_b84_115_SNP_N_GenomeWideSNP_6_D01_771532	1	61735	9774718	4924	0.0626
DUNGS_p_TCGA_b84_115_SNP_N_GenomeWideSNP_6_D01_771532	1	9779503	9782556	3	1.1587
DUNGS_p_TCGA_b84_115_SNP_N_GenomeWideSNP_6_D01_771532	1	9783867	12179223	1232	0.0373
DUNGS_p_TCGA_b84_115_SNP_N_GenomeWideSNP_6_D01_771532	1	12179307	12463073	161	-0.2247
DUNGS_p_TCGA_b84_115_SNP_N_GenomeWideSNP_6_D01_771532	1	12463594	25602931	7866	0.0569
DUNGS_p_TCGA_b84_115_SNP_N_GenomeWideSNP_6_D01_771532	1	25604466	25646184	14	0.7249
DUNGS_p_TCGA_b84_115_SNP_N_GenomeWideSNP_6_D01_771532	1	25646689	75269284	30436	0.0631
DUNGS_p_TCGA_b84_115_SNP_N_GenomeWideSNP_6_D01_771532	1	75271072	75273866	2	1.4858
DUNGS_p_TCGA_b84_115_SNP_N_GenomeWideSNP_6_D01_771532	1	75273987	78783161	2261	0.063
DUNGS_p_TCGA_b84_115_SNP_N_GenomeWideSNP_6_D01_771532	1	78783193	78789791	4	1.1244
DUNGS_p_TCGA_b84_115_SNP_N_GenomeWideSNP_6_D01_771532	1	78795032	95152409	10745	0.08
DUNGS_p_TCGA_b84_115_SNP_N_GenomeWideSNP_6_D01_771532	1	95152484	95152521	2	-1.6381
DUNGS_p_TCGA_b84_115_SNP_N_GenomeWideSNP_6_D01_771532	1	95152620	104157317	5580	0.0837
DUNGS_p_TCGA_b84_115_SNP_N_GenomeWideSNP_6_D01_771532	1	104157336	104268222	31	-0.7086
DUNGS_p_TCGA_b84_115_SNP_N_GenomeWideSNP_6_D01_771532	1	104303403	110227500	3608	0.0215
DUNGS_p_TCGA_b84_115_SNP_N_GenomeWideSNP_6_D01_771532	1	110227515	110240178	18	0.6765
DUNGS_p_TCGA_b84_115_SNP_N_GenomeWideSNP_6_D01_771532	1	110242953	111828628	1213	-0.1999
DUNGS_p_TCGA_b84_115_SNP_N_GenomeWideSNP_6_D01_771532	1	111828644	111828660	2	1.3374
DUNGS_p_TCGA_b84_115_SNP_N_GenomeWideSNP_6_D01_771532	1	111828700	112696087	746	-0.198
DUNGS_p_TCGA_b84_115_SNP_N_GenomeWideSNP_6_D01_771532	1	112696193	112706205	34	0.4331
DUNGS_p_TCGA_b84_115_SNP_N_GenomeWideSNP_6_D01_771532	1	112706213	121482979	5179	-0.2043
DUNGS_p_TCGA_b84_115_SNP_N_GenomeWideSNP_6_D01_771532	1	144007049	152555795	2860	0.2489
DUNGS_p_TCGA_b84_115_SNP_N_GenomeWideSNP_6_D01_771532	1	152555884	152590494	33	-1.3973
DUNGS_p_TCGA_b84_115_SNP_N_GenomeWideSNP_6_D01_771532	1	152590565	152761923	171	0.2681
DUNGS_p_TCGA_b84_115_SNP_N_GenomeWideSNP_6_D01_771532	1	152761939	152768700	36	-1.1311
DUNGS_p_TCGA_b84_115_SNP_N_GenomeWideSNP_6_D01_771532	1	152773905	189648157	24828	0.275
DUNGS_p_TCGA_b84_115_SNP_N_GenomeWideSNP_6_D01_771532	1	189648483	189648527	2	-1.2599
DUNGS_p_TCGA_b84_115_SNP_N_GenomeWideSNP_6_D01_771532	1	189652047	196698299	4731	0.2934
DUNGS_p_TCGA_b84_115_SNP_N_GenomeWideSNP_6_D01_771532	1	196698314	196815791	113	0.5983
DUNGS_p_TCGA_b84_115_SNP_N_GenomeWideSNP_6_D01_771532	1	196816730	208437821	7435	0.2732
DUNGS_p_TCGA_b84_115_SNP_N_GenomeWideSNP_6_D01_771532	1	208438984	208447406	13	-0.3394
DUNGS_p_TCGA_b84_115_SNP_N_GenomeWideSNP_6_D01_771532	1	208447451	249224388	28535	0.2766
DUNGS_p_TCGA_b84_115_SNP_N_GenomeWideSNP_6_D01_771532	2	12784	34519448	24036	0.0529
DUNGS_p_TCGA_b84_115_SNP_N_GenomeWideSNP_6_D01_771532	2	34520473	34525580	3	-2.396
DUNGS_p_TCGA_b84_115_SNP_N_GenomeWideSNP_6_D01_771532	2	34525967	34723027	129	0.0075
DUNGS_p_TCGA_b84_115_SNP_N_GenomeWideSNP_6_D01_771532	2	34723090	34737057	12	-0.5876
DUNGS_p_TCGA_b84_115_SNP_N_GenomeWideSNP_6_D01_771532	2	34737163	38954419	3205	0.0644
DUNGS_p_TCGA_b84_115_SNP_N_GenomeWideSNP_6_D01_771532	2	38954495	38968497	8	0.9237
DUNGS_p_TCGA_b84_115_SNP_N_GenomeWideSNP_6_D01_771532	2	38972281	41238443	1621	0.05
DUNGS_p_TCGA_b84_115_SNP_N_GenomeWideSNP_6_D01_771532	2	41238505	41245887	22	-0.4725
DUNGS_p_TCGA_b84_115_SNP_N_GenomeWideSNP_6_D01_771532	2	41251233	87129203	30268	0.0538
DUNGS_p_TCGA_b84_115_SNP_N_GenomeWideSNP_6_D01_771532	2	87137385	87402854	29	-0.3819
DUNGS_p_TCGA_b84_115_SNP_N_GenomeWideSNP_6_D01_771532	2	87409373	131700768	22251	0.0474
DUNGS_p_TCGA_b84_115_SNP_N_GenomeWideSNP_6_D01_771532	2	131701797	131705185	3	-1.3066
DUNGS_p_TCGA_b84_115_SNP_N_GenomeWideSNP_6_D01_771532	2	131705982	180413371	29928	0.0612
DUNGS_p_TCGA_b84_115_SNP_N_GenomeWideSNP_6_D01_771532	2	180418211	180421869	26	-0.9435
DUNGS_p_TCGA_b84_115_SNP_N_GenomeWideSNP_6_D01_771532	2	180421888	184794400	2767	0.051
DUNGS_p_TCGA_b84_115_SNP_N_GenomeWideSNP_6_D01_771532	2	184794514	184802292	13	-0.5667
DUNGS_p_TCGA_b84_115_SNP_N_GenomeWideSNP_6_D01_771532	2	184802303	191989356	4070	0.071
DUNGS_p_TCGA_b84_115_SNP_N_GenomeWideSNP_6_D01_771532	2	191996006	191998552	3	-1.3576
DUNGS_p_TCGA_b84_115_SNP_N_GenomeWideSNP_6_D01_771532	2	191998743	194949432	1638	0.0731
DUNGS_p_TCGA_b84_115_SNP_N_GenomeWideSNP_6_D01_771532	2	194949683	194989558	20	0.6396
DUNGS_p_TCGA_b84_115_SNP_N_GenomeWideSNP_6_D01_771532	2	194989600	208350319	7955	0.0636
DUNGS_p_TCGA_b84_115_SNP_N_GenomeWideSNP_6_D01_771532	2	208350626	208359476	21	-0.5912
DUNGS_p_TCGA_b84_115_SNP_N_GenomeWideSNP_6_D01_771532	2	208359519	209643445	826	0.0563
DUNGS_p_TCGA_b84_115_SNP_N_GenomeWideSNP_6_D01_771532	2	209644345	209672155	14	-0.5186
DUNGS_p_TCGA_b84_115_SNP_N_GenomeWideSNP_6_D01_771532	2	209672400	235939043	16962	0.0587
DUNGS_p_TCGA_b84_115_SNP_N_GenomeWideSNP_6_D01_771532	2	235940116	235959593	12	0.625
DUNGS_p_TCGA_b84_115_SNP_N_GenomeWideSNP_6_D01_771532	2	235959922	243089456	4349	0.0525
DUNGS_p_TCGA_b84_115_SNP_N_GenomeWideSNP_6_D01_771532	3	60345	182913	115	-0.212
DUNGS_p_TCGA_b84_115_SNP_N_GenomeWideSNP_6_D01_771532	3	184246	186019	4	1.1129
DUNGS_p_TCGA_b84_115_SNP_N_GenomeWideSNP_6_D01_771532	3	186211	6646543	5731	-0.22
DUNGS_p_TCGA_b84_115_SNP_N_GenomeWideSNP_6_D01_771532	3	6651128	6653332	23	-1.2342
DUNGS_p_TCGA_b84_115_SNP_N_GenomeWideSNP_6_D01_771532	3	6655078	46791545	27409	-0.211
DUNGS_p_TCGA_b84_115_SNP_N_GenomeWideSNP_6_D01_771532	3	46793377	46849589	42	-1.2124
DUNGS_p_TCGA_b84_115_SNP_N_GenomeWideSNP_6_D01_771532	3	46859479	53023211	2497	-0.2089
DUNGS_p_TCGA_b84_115_SNP_N_GenomeWideSNP_6_D01_771532	3	53028375	53039489	42	-0.7516
DUNGS_p_TCGA_b84_115_SNP_N_GenomeWideSNP_6_D01_771532	3	53039677	67862143	11490	-0.212
DUNGS_p_TCGA_b84_115_SNP_N_GenomeWideSNP_6_D01_771532	3	67862432	67863521	2	-2.0454
DUNGS_p_TCGA_b84_115_SNP_N_GenomeWideSNP_6_D01_771532	3	67863708	68746284	554	-0.1926
DUNGS_p_TCGA_b84_115_SNP_N_GenomeWideSNP_6_D01_771532	3	68746446	68747413	12	-1.2396
DUNGS_p_TCGA_b84_115_SNP_N_GenomeWideSNP_6_D01_771532	3	68748758	75568549	4942	-0.2175
DUNGS_p_TCGA_b84_115_SNP_N_GenomeWideSNP_6_D01_771532	3	75572549	75586805	6	-1.6653
DUNGS_p_TCGA_b84_115_SNP_N_GenomeWideSNP_6_D01_771532	3	75595181	84102222	4701	-0.2041
DUNGS_p_TCGA_b84_115_SNP_N_GenomeWideSNP_6_D01_771532	3	84105433	84106166	2	-3.1061
DUNGS_p_TCGA_b84_115_SNP_N_GenomeWideSNP_6_D01_771532	3	84110967	96389648	4924	-0.2061
DUNGS_p_TCGA_b84_115_SNP_N_GenomeWideSNP_6_D01_771532	3	96390946	96390960	2	-5.4697
DUNGS_p_TCGA_b84_115_SNP_N_GenomeWideSNP_6_D01_771532	3	96394077	98936963	1389	-0.2314
DUNGS_p_TCGA_b84_115_SNP_N_GenomeWideSNP_6_D01_771532	3	98937784	98949314	38	0.2069
DUNGS_p_TCGA_b84_115_SNP_N_GenomeWideSNP_6_D01_771532	3	98949421	136008396	22848	-0.1486
DUNGS_p_TCGA_b84_115_SNP_N_GenomeWideSNP_6_D01_771532	3	136008432	140263222	2516	0.3472
DUNGS_p_TCGA_b84_115_SNP_N_GenomeWideSNP_6_D01_771532	3	140270570	140279002	6	-0.6069
DUNGS_p_TCGA_b84_115_SNP_N_GenomeWideSNP_6_D01_771532	3	140282084	162512739	13755	0.3635
DUNGS_p_TCGA_b84_115_SNP_N_GenomeWideSNP_6_D01_771532	3	162513092	162625995	68	0.9118
DUNGS_p_TCGA_b84_115_SNP_N_GenomeWideSNP_6_D01_771532	3	162626572	192877902	19212	0.3643
DUNGS_p_TCGA_b84_115_SNP_N_GenomeWideSNP_6_D01_771532	3	192877962	192882903	19	-0.6575
DUNGS_p_TCGA_b84_115_SNP_N_GenomeWideSNP_6_D01_771532	3	192886435	197896118	2708	0.352
DUNGS_p_TCGA_b84_115_SNP_N_GenomeWideSNP_6_D01_771532	4	12281	65978	57	-0.6826
DUNGS_p_TCGA_b84_115_SNP_N_GenomeWideSNP_6_D01_771532	4	66719	4009358	1613	0.0623
DUNGS_p_TCGA_b84_115_SNP_N_GenomeWideSNP_6_D01_771532	4	4014601	4047624	14	-0.5388
DUNGS_p_TCGA_b84_115_SNP_N_GenomeWideSNP_6_D01_771532	4	4057395	9456977	3570	0.051
DUNGS_p_TCGA_b84_115_SNP_N_GenomeWideSNP_6_D01_771532	4	9461230	9479206	8	-0.9353
DUNGS_p_TCGA_b84_115_SNP_N_GenomeWideSNP_6_D01_771532	4	9479345	10223416	549	0.0153
DUNGS_p_TCGA_b84_115_SNP_N_GenomeWideSNP_6_D01_771532	4	10223628	10230494	18	0.6699
DUNGS_p_TCGA_b84_115_SNP_N_GenomeWideSNP_6_D01_771532	4	10230618	10231498	9	0.0883
DUNGS_p_TCGA_b84_115_SNP_N_GenomeWideSNP_6_D01_771532	4	10234214	10234608	3	1.0358
DUNGS_p_TCGA_b84_115_SNP_N_GenomeWideSNP_6_D01_771532	4	10235007	10386973	173	0.0419
DUNGS_p_TCGA_b84_115_SNP_N_GenomeWideSNP_6_D01_771532	4	10390122	10402718	19	-0.4605
DUNGS_p_TCGA_b84_115_SNP_N_GenomeWideSNP_6_D01_771532	4	10402746	34765771	16810	0.0691
DUNGS_p_TCGA_b84_115_SNP_N_GenomeWideSNP_6_D01_771532	4	34770306	34829928	50	0.5539
DUNGS_p_TCGA_b84_115_SNP_N_GenomeWideSNP_6_D01_771532	4	34829949	39704197	3327	0.0794
DUNGS_p_TCGA_b84_115_SNP_N_GenomeWideSNP_6_D01_771532	4	39704409	39713333	7	-0.6794
DUNGS_p_TCGA_b84_115_SNP_N_GenomeWideSNP_6_D01_771532	4	39713488	43256429	2285	0.0681
DUNGS_p_TCGA_b84_115_SNP_N_GenomeWideSNP_6_D01_771532	4	43257014	43276629	13	-0.5294
DUNGS_p_TCGA_b84_115_SNP_N_GenomeWideSNP_6_D01_771532	4	43277125	48181697	2842	0.0604
DUNGS_p_TCGA_b84_115_SNP_N_GenomeWideSNP_6_D01_771532	4	48181971	48190998	29	0.4517
DUNGS_p_TCGA_b84_115_SNP_N_GenomeWideSNP_6_D01_771532	4	48191445	49216631	487	0.0832
DUNGS_p_TCGA_b84_115_SNP_N_GenomeWideSNP_6_D01_771532	4	49267784	49656595	24	-0.8259
DUNGS_p_TCGA_b84_115_SNP_N_GenomeWideSNP_6_D01_771532	4	49658223	70123510	10895	0.0674
DUNGS_p_TCGA_b84_115_SNP_N_GenomeWideSNP_6_D01_771532	4	70127644	70232022	55	-0.309
DUNGS_p_TCGA_b84_115_SNP_N_GenomeWideSNP_6_D01_771532	4	70232124	70389716	111	0.0619
DUNGS_p_TCGA_b84_115_SNP_N_GenomeWideSNP_6_D01_771532	4	70389861	70390779	2	-2.3978
DUNGS_p_TCGA_b84_115_SNP_N_GenomeWideSNP_6_D01_771532	4	70391888	77786579	4502	0.0817
DUNGS_p_TCGA_b84_115_SNP_N_GenomeWideSNP_6_D01_771532	4	77786657	77793372	21	-0.3865
DUNGS_p_TCGA_b84_115_SNP_N_GenomeWideSNP_6_D01_771532	4	77793375	93581275	9777	0.0419
DUNGS_p_TCGA_b84_115_SNP_N_GenomeWideSNP_6_D01_771532	4	93588735	93606763	10	-0.8262
DUNGS_p_TCGA_b84_115_SNP_N_GenomeWideSNP_6_D01_771532	4	93611160	96363909	1660	-0.2
DUNGS_p_TCGA_b84_115_SNP_N_GenomeWideSNP_6_D01_771532	4	96369183	96370605	5	-1.2714
DUNGS_p_TCGA_b84_115_SNP_N_GenomeWideSNP_6_D01_771532	4	96371831	104745501	4977	-0.1782
DUNGS_p_TCGA_b84_115_SNP_N_GenomeWideSNP_6_D01_771532	4	104745571	104751637	6	1.0435
DUNGS_p_TCGA_b84_115_SNP_N_GenomeWideSNP_6_D01_771532	4	104751644	115173656	6317	-0.2089
DUNGS_p_TCGA_b84_115_SNP_N_GenomeWideSNP_6_D01_771532	4	115173700	115184380	30	0.6255
DUNGS_p_TCGA_b84_115_SNP_N_GenomeWideSNP_6_D01_771532	4	115184390	137938701	13146	-0.2024
DUNGS_p_TCGA_b84_115_SNP_N_GenomeWideSNP_6_D01_771532	4	137938715	137949803	28	0.2766
DUNGS_p_TCGA_b84_115_SNP_N_GenomeWideSNP_6_D01_771532	4	137952705	155802548	10965	-0.0505
DUNGS_p_TCGA_b84_115_SNP_N_GenomeWideSNP_6_D01_771532	4	155803005	155803078	3	-3.4893
DUNGS_p_TCGA_b84_115_SNP_N_GenomeWideSNP_6_D01_771532	4	155803199	161880141	3927	0.0769
DUNGS_p_TCGA_b84_115_SNP_N_GenomeWideSNP_6_D01_771532	4	161880197	161884600	17	-0.5081
DUNGS_p_TCGA_b84_115_SNP_N_GenomeWideSNP_6_D01_771532	4	161884908	172368442	6682	0.074
DUNGS_p_TCGA_b84_115_SNP_N_GenomeWideSNP_6_D01_771532	4	172368531	172377458	11	-0.8098
DUNGS_p_TCGA_b84_115_SNP_N_GenomeWideSNP_6_D01_771532	4	172377710	172989300	404	0.0663
DUNGS_p_TCGA_b84_115_SNP_N_GenomeWideSNP_6_D01_771532	4	172989373	172989431	3	1.2667
DUNGS_p_TCGA_b84_115_SNP_N_GenomeWideSNP_6_D01_771532	4	172989465	173422522	237	0.0902
DUNGS_p_TCGA_b84_115_SNP_N_GenomeWideSNP_6_D01_771532	4	173424947	173425029	2	1.7637
DUNGS_p_TCGA_b84_115_SNP_N_GenomeWideSNP_6_D01_771532	4	173425227	189221258	10724	0.0611
DUNGS_p_TCGA_b84_115_SNP_N_GenomeWideSNP_6_D01_771532	4	189221360	189221424	3	2.2004
DUNGS_p_TCGA_b84_115_SNP_N_GenomeWideSNP_6_D01_771532	4	189221439	191027923	1178	0.0462
DUNGS_p_TCGA_b84_115_SNP_N_GenomeWideSNP_6_D01_771532	5	15532	8702240	6974	0.2477
DUNGS_p_TCGA_b84_115_SNP_N_GenomeWideSNP_6_D01_771532	5	8702522	8747046	46	-0.492
DUNGS_p_TCGA_b84_115_SNP_N_GenomeWideSNP_6_D01_771532	5	8747142	27603003	12388	0.2618
DUNGS_p_TCGA_b84_115_SNP_N_GenomeWideSNP_6_D01_771532	5	27606041	27617185	4	1.6031
DUNGS_p_TCGA_b84_115_SNP_N_GenomeWideSNP_6_D01_771532	5	27617835	51196854	12300	0.2948
DUNGS_p_TCGA_b84_115_SNP_N_GenomeWideSNP_6_D01_771532	5	51197662	57321646	4215	-0.0383
DUNGS_p_TCGA_b84_115_SNP_N_GenomeWideSNP_6_D01_771532	5	57326027	57338357	33	1.1527
DUNGS_p_TCGA_b84_115_SNP_N_GenomeWideSNP_6_D01_771532	5	57340073	61573012	2837	0.0206
DUNGS_p_TCGA_b84_115_SNP_N_GenomeWideSNP_6_D01_771532	5	61573372	61609150	12	-1.2761
DUNGS_p_TCGA_b84_115_SNP_N_GenomeWideSNP_6_D01_771532	5	61612059	77535130	9074	-0.0014
DUNGS_p_TCGA_b84_115_SNP_N_GenomeWideSNP_6_D01_771532	5	77543635	77544509	2	-1.8569
DUNGS_p_TCGA_b84_115_SNP_N_GenomeWideSNP_6_D01_771532	5	77554019	99173899	12226	0.006
DUNGS_p_TCGA_b84_115_SNP_N_GenomeWideSNP_6_D01_771532	5	99175741	99181814	14	-0.8516
DUNGS_p_TCGA_b84_115_SNP_N_GenomeWideSNP_6_D01_771532	5	99190460	100065914	520	-0.0037
DUNGS_p_TCGA_b84_115_SNP_N_GenomeWideSNP_6_D01_771532	5	100068068	100068874	3	-1.9995
DUNGS_p_TCGA_b84_115_SNP_N_GenomeWideSNP_6_D01_771532	5	100069451	101001971	546	0.014
DUNGS_p_TCGA_b84_115_SNP_N_GenomeWideSNP_6_D01_771532	5	101002798	101096584	57	0.3359
DUNGS_p_TCGA_b84_115_SNP_N_GenomeWideSNP_6_D01_771532	5	101096801	103860373	1602	0.0186
DUNGS_p_TCGA_b84_115_SNP_N_GenomeWideSNP_6_D01_771532	5	103860481	103860604	3	1.6548
DUNGS_p_TCGA_b84_115_SNP_N_GenomeWideSNP_6_D01_771532	5	103861049	130186940	17519	0.0069
DUNGS_p_TCGA_b84_115_SNP_N_GenomeWideSNP_6_D01_771532	5	130201737	130292657	53	-1.108
DUNGS_p_TCGA_b84_115_SNP_N_GenomeWideSNP_6_D01_771532	5	130294844	180790320	32803	-0.0017
DUNGS_p_TCGA_b84_115_SNP_N_GenomeWideSNP_6_D01_771532	6	149661	32624591	23039	0.0503
DUNGS_p_TCGA_b84_115_SNP_N_GenomeWideSNP_6_D01_771532	6	32625095	32626618	4	-1.3255
DUNGS_p_TCGA_b84_115_SNP_N_GenomeWideSNP_6_D01_771532	6	32650612	53931151	13757	0.0537
DUNGS_p_TCGA_b84_115_SNP_N_GenomeWideSNP_6_D01_771532	6	53931230	53931803	5	1.4675
DUNGS_p_TCGA_b84_115_SNP_N_GenomeWideSNP_6_D01_771532	6	53931855	63370651	3352	0.1113
DUNGS_p_TCGA_b84_115_SNP_N_GenomeWideSNP_6_D01_771532	6	63377120	65336942	1009	-0.2057
DUNGS_p_TCGA_b84_115_SNP_N_GenomeWideSNP_6_D01_771532	6	65347544	65348992	2	-1.6827
DUNGS_p_TCGA_b84_115_SNP_N_GenomeWideSNP_6_D01_771532	6	65350776	66997248	1098	-0.1818
DUNGS_p_TCGA_b84_115_SNP_N_GenomeWideSNP_6_D01_771532	6	66998264	67049599	65	-0.5233
DUNGS_p_TCGA_b84_115_SNP_N_GenomeWideSNP_6_D01_771532	6	67051202	69138056	1510	-0.1956
DUNGS_p_TCGA_b84_115_SNP_N_GenomeWideSNP_6_D01_771532	6	69138329	69142008	2	-2.753
DUNGS_p_TCGA_b84_115_SNP_N_GenomeWideSNP_6_D01_771532	6	69146027	77440048	5277	-0.2107
DUNGS_p_TCGA_b84_115_SNP_N_GenomeWideSNP_6_D01_771532	6	77440094	77452757	19	0.2891
DUNGS_p_TCGA_b84_115_SNP_N_GenomeWideSNP_6_D01_771532	6	77461073	78962889	980	-0.196
DUNGS_p_TCGA_b84_115_SNP_N_GenomeWideSNP_6_D01_771532	6	78969065	79032592	109	-1.8957
DUNGS_p_TCGA_b84_115_SNP_N_GenomeWideSNP_6_D01_771532	6	79034940	103734803	15505	-0.2041
DUNGS_p_TCGA_b84_115_SNP_N_GenomeWideSNP_6_D01_771532	6	103734816	103768796	55	0.186
DUNGS_p_TCGA_b84_115_SNP_N_GenomeWideSNP_6_D01_771532	6	103770817	114221955	6677	-0.2059
DUNGS_p_TCGA_b84_115_SNP_N_GenomeWideSNP_6_D01_771532	6	114224841	114225016	2	-2.0135
DUNGS_p_TCGA_b84_115_SNP_N_GenomeWideSNP_6_D01_771532	6	114225811	171051005	37606	-0.2067
DUNGS_p_TCGA_b84_115_SNP_N_GenomeWideSNP_6_D01_771532	7	43355	9104771	5377	0.2809
DUNGS_p_TCGA_b84_115_SNP_N_GenomeWideSNP_6_D01_771532	7	9105026	9105572	3	-1.847
DUNGS_p_TCGA_b84_115_SNP_N_GenomeWideSNP_6_D01_771532	7	9113735	19220321	8258	0.3094
DUNGS_p_TCGA_b84_115_SNP_N_GenomeWideSNP_6_D01_771532	7	19220350	19220502	5	1.308
DUNGS_p_TCGA_b84_115_SNP_N_GenomeWideSNP_6_D01_771532	7	19220665	26131657	5248	0.2919
DUNGS_p_TCGA_b84_115_SNP_N_GenomeWideSNP_6_D01_771532	7	26132290	26147219	6	-0.594
DUNGS_p_TCGA_b84_115_SNP_N_GenomeWideSNP_6_D01_771532	7	26152894	54380373	19715	0.2859
DUNGS_p_TCGA_b84_115_SNP_N_GenomeWideSNP_6_D01_771532	7	54386505	54386512	4	-0.9271
DUNGS_p_TCGA_b84_115_SNP_N_GenomeWideSNP_6_D01_771532	7	54386514	64594065	3143	0.2566
DUNGS_p_TCGA_b84_115_SNP_N_GenomeWideSNP_6_D01_771532	7	64594341	64595104	3	-1.0398
DUNGS_p_TCGA_b84_115_SNP_N_GenomeWideSNP_6_D01_771532	7	64595118	101052486	20603	0.277
DUNGS_p_TCGA_b84_115_SNP_N_GenomeWideSNP_6_D01_771532	7	101059732	101062911	3	-1.5708
DUNGS_p_TCGA_b84_115_SNP_N_GenomeWideSNP_6_D01_771532	7	101063487	109437680	5096	0.2875
DUNGS_p_TCGA_b84_115_SNP_N_GenomeWideSNP_6_D01_771532	7	109437757	109437774	3	-1.3472
DUNGS_p_TCGA_b84_115_SNP_N_GenomeWideSNP_6_D01_771532	7	109440917	109440923	7	-0.0834
DUNGS_p_TCGA_b84_115_SNP_N_GenomeWideSNP_6_D01_771532	7	109441212	109453910	12	-1.5772
DUNGS_p_TCGA_b84_115_SNP_N_GenomeWideSNP_6_D01_771532	7	109453982	110839747	929	0.2882
DUNGS_p_TCGA_b84_115_SNP_N_GenomeWideSNP_6_D01_771532	7	110839769	110841949	4	1.3129
DUNGS_p_TCGA_b84_115_SNP_N_GenomeWideSNP_6_D01_771532	7	110842045	111101916	185	0.3336
DUNGS_p_TCGA_b84_115_SNP_N_GenomeWideSNP_6_D01_771532	7	111105987	111112158	5	-0.5048
DUNGS_p_TCGA_b84_115_SNP_N_GenomeWideSNP_6_D01_771532	7	111112853	111947370	541	0.2706
DUNGS_p_TCGA_b84_115_SNP_N_GenomeWideSNP_6_D01_771532	7	111949194	111960100	7	-0.6599
DUNGS_p_TCGA_b84_115_SNP_N_GenomeWideSNP_6_D01_771532	7	111963829	133778652	13096	0.2897
DUNGS_p_TCGA_b84_115_SNP_N_GenomeWideSNP_6_D01_771532	7	133785177	133795634	27	-1.5942
DUNGS_p_TCGA_b84_115_SNP_N_GenomeWideSNP_6_D01_771532	7	133795665	142464150	5695	0.1086
DUNGS_p_TCGA_b84_115_SNP_N_GenomeWideSNP_6_D01_771532	7	142464572	142485853	37	-0.3524
DUNGS_p_TCGA_b84_115_SNP_N_GenomeWideSNP_6_D01_771532	7	142485985	143719238	722	0.0525
DUNGS_p_TCGA_b84_115_SNP_N_GenomeWideSNP_6_D01_771532	7	143719301	143719312	2	-1.358
DUNGS_p_TCGA_b84_115_SNP_N_GenomeWideSNP_6_D01_771532	7	143719429	143896252	117	0.0586
DUNGS_p_TCGA_b84_115_SNP_N_GenomeWideSNP_6_D01_771532	7	143904279	144050933	41	-0.5614
DUNGS_p_TCGA_b84_115_SNP_N_GenomeWideSNP_6_D01_771532	7	144051231	149561049	3495	0.0604
DUNGS_p_TCGA_b84_115_SNP_N_GenomeWideSNP_6_D01_771532	7	149563894	149567098	5	1.0054
DUNGS_p_TCGA_b84_115_SNP_N_GenomeWideSNP_6_D01_771532	7	149567321	159127004	6207	0.054
DUNGS_p_TCGA_b84_115_SNP_N_GenomeWideSNP_6_D01_771532	8	31254	6837933	7741	0.0388
DUNGS_p_TCGA_b84_115_SNP_N_GenomeWideSNP_6_D01_771532	8	6839705	6878188	7	-0.6373
DUNGS_p_TCGA_b84_115_SNP_N_GenomeWideSNP_6_D01_771532	8	6878853	7738435	227	-0.0887
DUNGS_p_TCGA_b84_115_SNP_N_GenomeWideSNP_6_D01_771532	8	7744064	7777007	18	-0.5113
DUNGS_p_TCGA_b84_115_SNP_N_GenomeWideSNP_6_D01_771532	8	7777022	11859740	3307	0.052
DUNGS_p_TCGA_b84_115_SNP_N_GenomeWideSNP_6_D01_771532	8	11861809	12034997	17	-0.6399
DUNGS_p_TCGA_b84_115_SNP_N_GenomeWideSNP_6_D01_771532	8	12162739	12241505	27	0.3833
DUNGS_p_TCGA_b84_115_SNP_N_GenomeWideSNP_6_D01_771532	8	12241813	12242537	8	-0.5532
DUNGS_p_TCGA_b84_115_SNP_N_GenomeWideSNP_6_D01_771532	8	12242540	12260973	14	0.2487
DUNGS_p_TCGA_b84_115_SNP_N_GenomeWideSNP_6_D01_771532	8	12263749	12443055	62	-0.3354
DUNGS_p_TCGA_b84_115_SNP_N_GenomeWideSNP_6_D01_771532	8	12473543	13615135	1085	0.0492
DUNGS_p_TCGA_b84_115_SNP_N_GenomeWideSNP_6_D01_771532	8	13619656	13620007	3	-1.1994
DUNGS_p_TCGA_b84_115_SNP_N_GenomeWideSNP_6_D01_771532	8	13620210	16259260	2444	0.0707
DUNGS_p_TCGA_b84_115_SNP_N_GenomeWideSNP_6_D01_771532	8	16259584	16262391	9	0.8667
DUNGS_p_TCGA_b84_115_SNP_N_GenomeWideSNP_6_D01_771532	8	16262465	24984141	6919	0.0539
DUNGS_p_TCGA_b84_115_SNP_N_GenomeWideSNP_6_D01_771532	8	24984156	24984223	2	-1.4517
DUNGS_p_TCGA_b84_115_SNP_N_GenomeWideSNP_6_D01_771532	8	24984250	72212181	27038	0.0468
DUNGS_p_TCGA_b84_115_SNP_N_GenomeWideSNP_6_D01_771532	8	72212365	72216026	5	-1.1997
DUNGS_p_TCGA_b84_115_SNP_N_GenomeWideSNP_6_D01_771532	8	72216138	85257989	7985	0.0583
DUNGS_p_TCGA_b84_115_SNP_N_GenomeWideSNP_6_D01_771532	8	85262883	85263116	4	-1.4385
DUNGS_p_TCGA_b84_115_SNP_N_GenomeWideSNP_6_D01_771532	8	85265718	85266606	11	-0.507
DUNGS_p_TCGA_b84_115_SNP_N_GenomeWideSNP_6_D01_771532	8	85266714	85268666	4	-1.5419
DUNGS_p_TCGA_b84_115_SNP_N_GenomeWideSNP_6_D01_771532	8	85270682	140602616	36451	0.0589
DUNGS_p_TCGA_b84_115_SNP_N_GenomeWideSNP_6_D01_771532	8	140603502	140605715	7	0.9326
DUNGS_p_TCGA_b84_115_SNP_N_GenomeWideSNP_6_D01_771532	8	140607031	146298155	2662	0.0868
DUNGS_p_TCGA_b84_115_SNP_N_GenomeWideSNP_6_D01_771532	9	46587	8001166	7750	-0.2111
DUNGS_p_TCGA_b84_115_SNP_N_GenomeWideSNP_6_D01_771532	9	8009205	8015596	10	-1.0697
DUNGS_p_TCGA_b84_115_SNP_N_GenomeWideSNP_6_D01_771532	9	8017065	41609753	23608	-0.1993
DUNGS_p_TCGA_b84_115_SNP_N_GenomeWideSNP_6_D01_771532	9	41609775	43151337	47	0.3073
DUNGS_p_TCGA_b84_115_SNP_N_GenomeWideSNP_6_D01_771532	9	43166988	43612162	19	-0.5374
DUNGS_p_TCGA_b84_115_SNP_N_GenomeWideSNP_6_D01_771532	9	43635113	43790346	25	-1.631
DUNGS_p_TCGA_b84_115_SNP_N_GenomeWideSNP_6_D01_771532	9	43800186	44629223	50	-0.3722
DUNGS_p_TCGA_b84_115_SNP_N_GenomeWideSNP_6_D01_771532	9	44727859	44855737	36	0.4382
DUNGS_p_TCGA_b84_115_SNP_N_GenomeWideSNP_6_D01_771532	9	44866028	69186324	278	0.0013
DUNGS_p_TCGA_b84_115_SNP_N_GenomeWideSNP_6_D01_771532	9	69186393	69556182	19	-0.4562
DUNGS_p_TCGA_b84_115_SNP_N_GenomeWideSNP_6_D01_771532	9	69556195	72100569	1022	0.0401
DUNGS_p_TCGA_b84_115_SNP_N_GenomeWideSNP_6_D01_771532	9	72105613	72105614	2	1.5107
DUNGS_p_TCGA_b84_115_SNP_N_GenomeWideSNP_6_D01_771532	9	72105615	90522594	13317	0.0692
DUNGS_p_TCGA_b84_115_SNP_N_GenomeWideSNP_6_D01_771532	9	90554151	90554219	2	1.6279
DUNGS_p_TCGA_b84_115_SNP_N_GenomeWideSNP_6_D01_771532	9	90557957	140252947	33403	0.0566
DUNGS_p_TCGA_b84_115_SNP_N_GenomeWideSNP_6_D01_771532	9	140255642	140255833	3	1.9258
DUNGS_p_TCGA_b84_115_SNP_N_GenomeWideSNP_6_D01_771532	9	140273003	141091394	413	0.0366
DUNGS_p_TCGA_b84_115_SNP_N_GenomeWideSNP_6_D01_771532	10	72759	158338	35	0.0068
DUNGS_p_TCGA_b84_115_SNP_N_GenomeWideSNP_6_D01_771532	10	158946	159076	2	1.9134
DUNGS_p_TCGA_b84_115_SNP_N_GenomeWideSNP_6_D01_771532	10	159216	15050462	12727	-0.0181
DUNGS_p_TCGA_b84_115_SNP_N_GenomeWideSNP_6_D01_771532	10	15052497	15065675	5	-1.0412
DUNGS_p_TCGA_b84_115_SNP_N_GenomeWideSNP_6_D01_771532	10	15066488	24377680	6500	-0.025
DUNGS_p_TCGA_b84_115_SNP_N_GenomeWideSNP_6_D01_771532	10	24377682	24378908	6	-0.9398
DUNGS_p_TCGA_b84_115_SNP_N_GenomeWideSNP_6_D01_771532	10	24378951	31251726	5057	-0.0266
DUNGS_p_TCGA_b84_115_SNP_N_GenomeWideSNP_6_D01_771532	10	31251738	31251885	4	1.129
DUNGS_p_TCGA_b84_115_SNP_N_GenomeWideSNP_6_D01_771532	10	31252409	46511281	7271	-0.019
DUNGS_p_TCGA_b84_115_SNP_N_GenomeWideSNP_6_D01_771532	10	46527677	47035627	80	-0.2305
DUNGS_p_TCGA_b84_115_SNP_N_GenomeWideSNP_6_D01_771532	10	47037567	47059226	18	0.4637
DUNGS_p_TCGA_b84_115_SNP_N_GenomeWideSNP_6_D01_771532	10	47059388	47897394	277	-0.0958
DUNGS_p_TCGA_b84_115_SNP_N_GenomeWideSNP_6_D01_771532	10	47912899	47913401	2	1.6375
DUNGS_p_TCGA_b84_115_SNP_N_GenomeWideSNP_6_D01_771532	10	47948060	51830360	1769	-0.0283
DUNGS_p_TCGA_b84_115_SNP_N_GenomeWideSNP_6_D01_771532	10	51840984	51891920	4	-2.1126
DUNGS_p_TCGA_b84_115_SNP_N_GenomeWideSNP_6_D01_771532	10	51903768	57700217	4345	-0.0064
DUNGS_p_TCGA_b84_115_SNP_N_GenomeWideSNP_6_D01_771532	10	57702820	57710342	3	1.3031
DUNGS_p_TCGA_b84_115_SNP_N_GenomeWideSNP_6_D01_771532	10	57710384	67306158	6683	-0.0117
DUNGS_p_TCGA_b84_115_SNP_N_GenomeWideSNP_6_D01_771532	10	67306276	67314242	26	0.4074
DUNGS_p_TCGA_b84_115_SNP_N_GenomeWideSNP_6_D01_771532	10	67314401	68072084	614	-0.0284
DUNGS_p_TCGA_b84_115_SNP_N_GenomeWideSNP_6_D01_771532	10	68072168	68073381	2	-1.6169
DUNGS_p_TCGA_b84_115_SNP_N_GenomeWideSNP_6_D01_771532	10	68077592	89029243	13875	-0.0262
DUNGS_p_TCGA_b84_115_SNP_N_GenomeWideSNP_6_D01_771532	10	89038341	89069796	5	1.2427
DUNGS_p_TCGA_b84_115_SNP_N_GenomeWideSNP_6_D01_771532	10	89070745	124341534	23932	-0.0237
DUNGS_p_TCGA_b84_115_SNP_N_GenomeWideSNP_6_D01_771532	10	124343951	124351013	7	-0.8716
DUNGS_p_TCGA_b84_115_SNP_N_GenomeWideSNP_6_D01_771532	10	124356812	134677632	7584	-0.0262
DUNGS_p_TCGA_b84_115_SNP_N_GenomeWideSNP_6_D01_771532	10	134682855	134685852	2	-1.9602
DUNGS_p_TCGA_b84_115_SNP_N_GenomeWideSNP_6_D01_771532	10	134686200	135252116	197	-0.0818
DUNGS_p_TCGA_b84_115_SNP_N_GenomeWideSNP_6_D01_771532	10	135252347	135387240	108	0.4068
DUNGS_p_TCGA_b84_115_SNP_N_GenomeWideSNP_6_D01_771532	10	135387867	135506704	36	-0.0403
DUNGS_p_TCGA_b84_115_SNP_N_GenomeWideSNP_6_D01_771532	11	198510	4967650	2479	-0.2196
DUNGS_p_TCGA_b84_115_SNP_N_GenomeWideSNP_6_D01_771532	11	4968117	4976907	43	0.3472
DUNGS_p_TCGA_b84_115_SNP_N_GenomeWideSNP_6_D01_771532	11	4977011	20236780	11495	-0.2074
DUNGS_p_TCGA_b84_115_SNP_N_GenomeWideSNP_6_D01_771532	11	20236940	20238646	2	-2.248
DUNGS_p_TCGA_b84_115_SNP_N_GenomeWideSNP_6_D01_771532	11	20239860	51282896	20331	-0.1979
DUNGS_p_TCGA_b84_115_SNP_N_GenomeWideSNP_6_D01_771532	11	51282909	51328787	5	-0.9914
DUNGS_p_TCGA_b84_115_SNP_N_GenomeWideSNP_6_D01_771532	11	51328788	134944770	52873	0.0391
DUNGS_p_TCGA_b84_115_SNP_N_GenomeWideSNP_6_D01_771532	12	150442	2235889	1268	0.0833
DUNGS_p_TCGA_b84_115_SNP_N_GenomeWideSNP_6_D01_771532	12	2245862	2257920	41	-0.77
DUNGS_p_TCGA_b84_115_SNP_N_GenomeWideSNP_6_D01_771532	12	2258023	3427655	844	0.0079
DUNGS_p_TCGA_b84_115_SNP_N_GenomeWideSNP_6_D01_771532	12	3427738	3428428	2	-1.5756
DUNGS_p_TCGA_b84_115_SNP_N_GenomeWideSNP_6_D01_771532	12	3428759	8419654	3423	0.031
DUNGS_p_TCGA_b84_115_SNP_N_GenomeWideSNP_6_D01_771532	12	8420824	8436238	4	-1.1569
DUNGS_p_TCGA_b84_115_SNP_N_GenomeWideSNP_6_D01_771532	12	8436328	9627238	627	0.0093
DUNGS_p_TCGA_b84_115_SNP_N_GenomeWideSNP_6_D01_771532	12	9630556	9728292	26	1.028
DUNGS_p_TCGA_b84_115_SNP_N_GenomeWideSNP_6_D01_771532	12	9734969	33301406	16660	0.059
DUNGS_p_TCGA_b84_115_SNP_N_GenomeWideSNP_6_D01_771532	12	33301426	33308387	28	0.5318
DUNGS_p_TCGA_b84_115_SNP_N_GenomeWideSNP_6_D01_771532	12	33308459	40830583	2339	0.064
DUNGS_p_TCGA_b84_115_SNP_N_GenomeWideSNP_6_D01_771532	12	40830846	40831595	4	-1.0146
DUNGS_p_TCGA_b84_115_SNP_N_GenomeWideSNP_6_D01_771532	12	40833650	43300354	1726	0.0566
DUNGS_p_TCGA_b84_115_SNP_N_GenomeWideSNP_6_D01_771532	12	43300461	43302049	2	-1.3611
DUNGS_p_TCGA_b84_115_SNP_N_GenomeWideSNP_6_D01_771532	12	43302611	45904438	1559	0.0571
DUNGS_p_TCGA_b84_115_SNP_N_GenomeWideSNP_6_D01_771532	12	45905840	45908740	2	-2.0623
DUNGS_p_TCGA_b84_115_SNP_N_GenomeWideSNP_6_D01_771532	12	45909537	53455853	4408	0.0497
DUNGS_p_TCGA_b84_115_SNP_N_GenomeWideSNP_6_D01_771532	12	53458249	53497698	21	0.5707
DUNGS_p_TCGA_b84_115_SNP_N_GenomeWideSNP_6_D01_771532	12	53497927	80135134	16732	0.0547
DUNGS_p_TCGA_b84_115_SNP_N_GenomeWideSNP_6_D01_771532	12	80135275	80135767	2	1.6692
DUNGS_p_TCGA_b84_115_SNP_N_GenomeWideSNP_6_D01_771532	12	80136794	99791143	12611	0.0573
DUNGS_p_TCGA_b84_115_SNP_N_GenomeWideSNP_6_D01_771532	12	99791608	99798734	36	-0.54
DUNGS_p_TCGA_b84_115_SNP_N_GenomeWideSNP_6_D01_771532	12	99803093	127125380	17810	0.0331
DUNGS_p_TCGA_b84_115_SNP_N_GenomeWideSNP_6_D01_771532	12	127125744	127130492	2	1.8646
DUNGS_p_TCGA_b84_115_SNP_N_GenomeWideSNP_6_D01_771532	12	127131040	129228886	1883	0.0294
DUNGS_p_TCGA_b84_115_SNP_N_GenomeWideSNP_6_D01_771532	12	129230513	129232297	6	-1.2926
DUNGS_p_TCGA_b84_115_SNP_N_GenomeWideSNP_6_D01_771532	12	129232545	133778189	3087	0.0531
DUNGS_p_TCGA_b84_115_SNP_N_GenomeWideSNP_6_D01_771532	13	19026949	23633131	2907	-0.1964
DUNGS_p_TCGA_b84_115_SNP_N_GenomeWideSNP_6_D01_771532	13	23633148	23633279	3	-2.0073
DUNGS_p_TCGA_b84_115_SNP_N_GenomeWideSNP_6_D01_771532	13	23633501	38071135	10669	-0.1969
DUNGS_p_TCGA_b84_115_SNP_N_GenomeWideSNP_6_D01_771532	13	38072036	38088387	19	0.6247
DUNGS_p_TCGA_b84_115_SNP_N_GenomeWideSNP_6_D01_771532	13	38088609	72477555	21599	-0.1839
DUNGS_p_TCGA_b84_115_SNP_N_GenomeWideSNP_6_D01_771532	13	72479547	72480605	4	1.1518
DUNGS_p_TCGA_b84_115_SNP_N_GenomeWideSNP_6_D01_771532	13	72486483	94457174	14349	-0.1882
DUNGS_p_TCGA_b84_115_SNP_N_GenomeWideSNP_6_D01_771532	13	94460718	94466443	4	0.9529
DUNGS_p_TCGA_b84_115_SNP_N_GenomeWideSNP_6_D01_771532	13	94466474	115108397	14823	-0.1907
DUNGS_p_TCGA_b84_115_SNP_N_GenomeWideSNP_6_D01_771532	14	19002124	19171044	18	-0.4146
DUNGS_p_TCGA_b84_115_SNP_N_GenomeWideSNP_6_D01_771532	14	19191718	19469520	20	0.3531
DUNGS_p_TCGA_b84_115_SNP_N_GenomeWideSNP_6_D01_771532	14	19541714	19660853	9	-0.3029
DUNGS_p_TCGA_b84_115_SNP_N_GenomeWideSNP_6_D01_771532	14	19689317	19693249	3	-1.8564
DUNGS_p_TCGA_b84_115_SNP_N_GenomeWideSNP_6_D01_771532	14	19697885	20105491	26	-0.1333
DUNGS_p_TCGA_b84_115_SNP_N_GenomeWideSNP_6_D01_771532	14	20118883	20143509	4	-1.6937
DUNGS_p_TCGA_b84_115_SNP_N_GenomeWideSNP_6_D01_771532	14	20157843	46750409	16724	-0.053
DUNGS_p_TCGA_b84_115_SNP_N_GenomeWideSNP_6_D01_771532	14	46753294	46770413	10	-0.837
DUNGS_p_TCGA_b84_115_SNP_N_GenomeWideSNP_6_D01_771532	14	46772275	47156923	256	-0.0309
DUNGS_p_TCGA_b84_115_SNP_N_GenomeWideSNP_6_D01_771532	14	47160489	47161158	3	-2.0209
DUNGS_p_TCGA_b84_115_SNP_N_GenomeWideSNP_6_D01_771532	14	47162379	77091506	19162	-0.0607
DUNGS_p_TCGA_b84_115_SNP_N_GenomeWideSNP_6_D01_771532	14	77092079	77095153	4	-1.2619
DUNGS_p_TCGA_b84_115_SNP_N_GenomeWideSNP_6_D01_771532	14	77096481	81577736	3136	-0.0575
DUNGS_p_TCGA_b84_115_SNP_N_GenomeWideSNP_6_D01_771532	14	81579823	81579908	3	1.3561
DUNGS_p_TCGA_b84_115_SNP_N_GenomeWideSNP_6_D01_771532	14	81586674	86451897	3281	-0.0571
DUNGS_p_TCGA_b84_115_SNP_N_GenomeWideSNP_6_D01_771532	14	86451911	86460915	6	0.7881
DUNGS_p_TCGA_b84_115_SNP_N_GenomeWideSNP_6_D01_771532	14	86461025	93077558	4252	-0.0615
DUNGS_p_TCGA_b84_115_SNP_N_GenomeWideSNP_6_D01_771532	14	93078706	93078740	2	-1.6505
DUNGS_p_TCGA_b84_115_SNP_N_GenomeWideSNP_6_D01_771532	14	93078988	106872062	8450	-0.0593
DUNGS_p_TCGA_b84_115_SNP_N_GenomeWideSNP_6_D01_771532	14	106874361	106931365	57	-0.4983
DUNGS_p_TCGA_b84_115_SNP_N_GenomeWideSNP_6_D01_771532	14	106934284	107160325	130	-0.1486
DUNGS_p_TCGA_b84_115_SNP_N_GenomeWideSNP_6_D01_771532	14	107160399	107160654	2	-3.0719
DUNGS_p_TCGA_b84_115_SNP_N_GenomeWideSNP_6_D01_771532	14	107160761	107285437	87	-0.082
DUNGS_p_TCGA_b84_115_SNP_N_GenomeWideSNP_6_D01_771532	15	20016328	20265978	55	-0.052
DUNGS_p_TCGA_b84_115_SNP_N_GenomeWideSNP_6_D01_771532	15	20267862	20586745	59	-0.5577
DUNGS_p_TCGA_b84_115_SNP_N_GenomeWideSNP_6_D01_771532	15	20586912	20590042	5	-1.9139
DUNGS_p_TCGA_b84_115_SNP_N_GenomeWideSNP_6_D01_771532	15	20590160	22042518	186	-0.4302
DUNGS_p_TCGA_b84_115_SNP_N_GenomeWideSNP_6_D01_771532	15	22042753	24485828	1051	-0.0185
DUNGS_p_TCGA_b84_115_SNP_N_GenomeWideSNP_6_D01_771532	15	24493016	24504157	7	-0.8023
DUNGS_p_TCGA_b84_115_SNP_N_GenomeWideSNP_6_D01_771532	15	24508708	24512035	2	2.3022
DUNGS_p_TCGA_b84_115_SNP_N_GenomeWideSNP_6_D01_771532	15	24514620	24680737	69	0.0019
DUNGS_p_TCGA_b84_115_SNP_N_GenomeWideSNP_6_D01_771532	15	24681036	24761189	53	-1.0387
DUNGS_p_TCGA_b84_115_SNP_N_GenomeWideSNP_6_D01_771532	15	24763719	43895640	12112	3e-04
DUNGS_p_TCGA_b84_115_SNP_N_GenomeWideSNP_6_D01_771532	15	43895706	43976418	16	-0.5904
DUNGS_p_TCGA_b84_115_SNP_N_GenomeWideSNP_6_D01_771532	15	43984942	62985202	12644	8e-04
DUNGS_p_TCGA_b84_115_SNP_N_GenomeWideSNP_6_D01_771532	15	62989775	62989849	2	-1.6445
DUNGS_p_TCGA_b84_115_SNP_N_GenomeWideSNP_6_D01_771532	15	62990409	76878362	8126	-0.0052
DUNGS_p_TCGA_b84_115_SNP_N_GenomeWideSNP_6_D01_771532	15	76891241	76902179	23	-0.764
DUNGS_p_TCGA_b84_115_SNP_N_GenomeWideSNP_6_D01_771532	15	76902194	102469040	17699	0.2003
DUNGS_p_TCGA_b84_115_SNP_N_GenomeWideSNP_6_D01_771532	16	60777	650788	266	0.0587
DUNGS_p_TCGA_b84_115_SNP_N_GenomeWideSNP_6_D01_771532	16	650884	651525	8	-0.8462
DUNGS_p_TCGA_b84_115_SNP_N_GenomeWideSNP_6_D01_771532	16	651599	16585264	11534	0.0455
DUNGS_p_TCGA_b84_115_SNP_N_GenomeWideSNP_6_D01_771532	16	16592713	16700063	20	0.7227
DUNGS_p_TCGA_b84_115_SNP_N_GenomeWideSNP_6_D01_771532	16	16708594	18635804	1009	0.0559
DUNGS_p_TCGA_b84_115_SNP_N_GenomeWideSNP_6_D01_771532	16	18643217	18726036	10	0.8698
DUNGS_p_TCGA_b84_115_SNP_N_GenomeWideSNP_6_D01_771532	16	18727232	21515088	1633	0.0295
DUNGS_p_TCGA_b84_115_SNP_N_GenomeWideSNP_6_D01_771532	16	21520538	21586724	18	-0.5106
DUNGS_p_TCGA_b84_115_SNP_N_GenomeWideSNP_6_D01_771532	16	21588788	22428645	365	0.0536
DUNGS_p_TCGA_b84_115_SNP_N_GenomeWideSNP_6_D01_771532	16	22431370	22720189	82	-0.3776
DUNGS_p_TCGA_b84_115_SNP_N_GenomeWideSNP_6_D01_771532	16	22720366	51064083	8607	0.0281
DUNGS_p_TCGA_b84_115_SNP_N_GenomeWideSNP_6_D01_771532	16	51064172	51064572	2	1.5315
DUNGS_p_TCGA_b84_115_SNP_N_GenomeWideSNP_6_D01_771532	16	51066965	55796594	3797	0.052
DUNGS_p_TCGA_b84_115_SNP_N_GenomeWideSNP_6_D01_771532	16	55798222	55798779	3	2.3997
DUNGS_p_TCGA_b84_115_SNP_N_GenomeWideSNP_6_D01_771532	16	55804348	78371608	14454	0.0606
DUNGS_p_TCGA_b84_115_SNP_N_GenomeWideSNP_6_D01_771532	16	78372440	78384765	17	-2.1462
DUNGS_p_TCGA_b84_115_SNP_N_GenomeWideSNP_6_D01_771532	16	78385001	90103117	10603	0.0644
DUNGS_p_TCGA_b84_115_SNP_N_GenomeWideSNP_6_D01_771532	16	90103246	90103659	2	1.7636
DUNGS_p_TCGA_b84_115_SNP_N_GenomeWideSNP_6_D01_771532	16	90104114	90287535	48	-0.0575
DUNGS_p_TCGA_b84_115_SNP_N_GenomeWideSNP_6_D01_771532	17	526	3135835	1615	-0.1539
DUNGS_p_TCGA_b84_115_SNP_N_GenomeWideSNP_6_D01_771532	17	3136291	3147243	3	-1.5688
DUNGS_p_TCGA_b84_115_SNP_N_GenomeWideSNP_6_D01_771532	17	3157904	3543271	265	-0.1637
DUNGS_p_TCGA_b84_115_SNP_N_GenomeWideSNP_6_D01_771532	17	3546160	3553643	11	0.3923
DUNGS_p_TCGA_b84_115_SNP_N_GenomeWideSNP_6_D01_771532	17	3554059	4051201	284	-0.2208
DUNGS_p_TCGA_b84_115_SNP_N_GenomeWideSNP_6_D01_771532	17	4052118	4055774	2	1.4597
DUNGS_p_TCGA_b84_115_SNP_N_GenomeWideSNP_6_D01_771532	17	4055828	16738160	8350	-0.2022
DUNGS_p_TCGA_b84_115_SNP_N_GenomeWideSNP_6_D01_771532	17	16740270	16741515	2	-2.5745
DUNGS_p_TCGA_b84_115_SNP_N_GenomeWideSNP_6_D01_771532	17	16741528	18848056	1080	-0.21
DUNGS_p_TCGA_b84_115_SNP_N_GenomeWideSNP_6_D01_771532	17	18848498	19004063	47	0.2319
DUNGS_p_TCGA_b84_115_SNP_N_GenomeWideSNP_6_D01_771532	17	19015652	21334793	1045	-0.2299
DUNGS_p_TCGA_b84_115_SNP_N_GenomeWideSNP_6_D01_771532	17	21336622	22189328	304	0.0936
DUNGS_p_TCGA_b84_115_SNP_N_GenomeWideSNP_6_D01_771532	17	22190156	22227075	21	-0.3874
DUNGS_p_TCGA_b84_115_SNP_N_GenomeWideSNP_6_D01_771532	17	22227741	39421708	7959	0.0534
DUNGS_p_TCGA_b84_115_SNP_N_GenomeWideSNP_6_D01_771532	17	39423014	39430531	24	1.2998
DUNGS_p_TCGA_b84_115_SNP_N_GenomeWideSNP_6_D01_771532	17	39432724	39433524	14	0.5571
DUNGS_p_TCGA_b84_115_SNP_N_GenomeWideSNP_6_D01_771532	17	39433541	44266022	2581	0.0498
DUNGS_p_TCGA_b84_115_SNP_N_GenomeWideSNP_6_D01_771532	17	44267491	44752300	91	-0.4022
DUNGS_p_TCGA_b84_115_SNP_N_GenomeWideSNP_6_D01_771532	17	44764994	81049726	21638	0.0656
DUNGS_p_TCGA_b84_115_SNP_N_GenomeWideSNP_6_D01_771532	18	11543	2023813	1440	-0.0587
DUNGS_p_TCGA_b84_115_SNP_N_GenomeWideSNP_6_D01_771532	18	2027953	2029280	5	1.1343
DUNGS_p_TCGA_b84_115_SNP_N_GenomeWideSNP_6_D01_771532	18	2029594	7732188	4125	-0.0512
DUNGS_p_TCGA_b84_115_SNP_N_GenomeWideSNP_6_D01_771532	18	7732917	7740473	8	-0.8186
DUNGS_p_TCGA_b84_115_SNP_N_GenomeWideSNP_6_D01_771532	18	7740925	36964495	16470	-0.0639
DUNGS_p_TCGA_b84_115_SNP_N_GenomeWideSNP_6_D01_771532	18	36965984	36966611	4	1.0249
DUNGS_p_TCGA_b84_115_SNP_N_GenomeWideSNP_6_D01_771532	18	36970991	38258082	799	-0.0673
DUNGS_p_TCGA_b84_115_SNP_N_GenomeWideSNP_6_D01_771532	18	38258096	38268024	33	0.5328
DUNGS_p_TCGA_b84_115_SNP_N_GenomeWideSNP_6_D01_771532	18	38269498	41974818	2366	-0.2031
DUNGS_p_TCGA_b84_115_SNP_N_GenomeWideSNP_6_D01_771532	18	41976886	41978625	6	-1.3879
DUNGS_p_TCGA_b84_115_SNP_N_GenomeWideSNP_6_D01_771532	18	41982671	63908092	15317	-0.2178
DUNGS_p_TCGA_b84_115_SNP_N_GenomeWideSNP_6_D01_771532	18	63908561	63911589	7	-1.4919
DUNGS_p_TCGA_b84_115_SNP_N_GenomeWideSNP_6_D01_771532	18	63911876	66746760	2072	-0.2041
DUNGS_p_TCGA_b84_115_SNP_N_GenomeWideSNP_6_D01_771532	18	66746804	66746887	4	1.03
DUNGS_p_TCGA_b84_115_SNP_N_GenomeWideSNP_6_D01_771532	18	66750937	78015057	8210	-0.2278
DUNGS_p_TCGA_b84_115_SNP_N_GenomeWideSNP_6_D01_771532	19	90910	284018	26	0.0259
DUNGS_p_TCGA_b84_115_SNP_N_GenomeWideSNP_6_D01_771532	19	292583	293346	2	-2.1912
DUNGS_p_TCGA_b84_115_SNP_N_GenomeWideSNP_6_D01_771532	19	293934	1156397	225	-0.045
DUNGS_p_TCGA_b84_115_SNP_N_GenomeWideSNP_6_D01_771532	19	1170989	1283188	24	-0.606
DUNGS_p_TCGA_b84_115_SNP_N_GenomeWideSNP_6_D01_771532	19	1302965	12533259	4726	-0.0235
DUNGS_p_TCGA_b84_115_SNP_N_GenomeWideSNP_6_D01_771532	19	12538765	12538882	2	-2.1746
DUNGS_p_TCGA_b84_115_SNP_N_GenomeWideSNP_6_D01_771532	19	12539599	20594676	3986	-0.0097
DUNGS_p_TCGA_b84_115_SNP_N_GenomeWideSNP_6_D01_771532	19	20596206	20721234	72	-1.0219
DUNGS_p_TCGA_b84_115_SNP_N_GenomeWideSNP_6_D01_771532	19	20721462	23285936	1472	0.0674
DUNGS_p_TCGA_b84_115_SNP_N_GenomeWideSNP_6_D01_771532	19	23287861	24507172	733	0.5057
DUNGS_p_TCGA_b84_115_SNP_N_GenomeWideSNP_6_D01_771532	19	24582577	54722275	15475	0.2017
DUNGS_p_TCGA_b84_115_SNP_N_GenomeWideSNP_6_D01_771532	19	54730202	54741319	17	0.7349
DUNGS_p_TCGA_b84_115_SNP_N_GenomeWideSNP_6_D01_771532	19	54753340	54797848	18	0.078
DUNGS_p_TCGA_b84_115_SNP_N_GenomeWideSNP_6_D01_771532	19	54805530	54806683	3	-1.0377
DUNGS_p_TCGA_b84_115_SNP_N_GenomeWideSNP_6_D01_771532	19	54811325	55320779	277	0.2259
DUNGS_p_TCGA_b84_115_SNP_N_GenomeWideSNP_6_D01_771532	19	55323093	55373818	25	-0.3474
DUNGS_p_TCGA_b84_115_SNP_N_GenomeWideSNP_6_D01_771532	19	55378008	59097854	2293	0.2112
DUNGS_p_TCGA_b84_115_SNP_N_GenomeWideSNP_6_D01_771532	20	61305	61309	5	0.2667
DUNGS_p_TCGA_b84_115_SNP_N_GenomeWideSNP_6_D01_771532	20	61311	1560999	1202	-0.1718
DUNGS_p_TCGA_b84_115_SNP_N_GenomeWideSNP_6_D01_771532	20	1561580	1593893	41	1.2132
DUNGS_p_TCGA_b84_115_SNP_N_GenomeWideSNP_6_D01_771532	20	1597946	60548170	40305	-0.0406
DUNGS_p_TCGA_b84_115_SNP_N_GenomeWideSNP_6_D01_771532	20	60559028	60559084	3	1.2879
DUNGS_p_TCGA_b84_115_SNP_N_GenomeWideSNP_6_D01_771532	20	60567750	62956153	978	0.1103
DUNGS_p_TCGA_b84_115_SNP_N_GenomeWideSNP_6_D01_771532	21	10736871	44817248	22568	-0.0711
DUNGS_p_TCGA_b84_115_SNP_N_GenomeWideSNP_6_D01_771532	21	44822257	44831798	11	1.1014
DUNGS_p_TCGA_b84_115_SNP_N_GenomeWideSNP_6_D01_771532	21	44837359	44968053	86	-0.0665
DUNGS_p_TCGA_b84_115_SNP_N_GenomeWideSNP_6_D01_771532	21	44970873	44972812	2	-3.0563
DUNGS_p_TCGA_b84_115_SNP_N_GenomeWideSNP_6_D01_771532	21	44973667	48096957	1766	-0.0592
DUNGS_p_TCGA_b84_115_SNP_N_GenomeWideSNP_6_D01_771532	22	16052528	17883278	640	-0.1798
DUNGS_p_TCGA_b84_115_SNP_N_GenomeWideSNP_6_D01_771532	22	17883858	17890558	7	0.8158
DUNGS_p_TCGA_b84_115_SNP_N_GenomeWideSNP_6_D01_771532	22	17891078	18894940	608	-0.1465
DUNGS_p_TCGA_b84_115_SNP_N_GenomeWideSNP_6_D01_771532	22	18895142	18905606	9	-1.1513
DUNGS_p_TCGA_b84_115_SNP_N_GenomeWideSNP_6_D01_771532	22	18908641	21542615	1591	-0.0835
DUNGS_p_TCGA_b84_115_SNP_N_GenomeWideSNP_6_D01_771532	22	21567231	21607084	5	-1.5434
DUNGS_p_TCGA_b84_115_SNP_N_GenomeWideSNP_6_D01_771532	22	21611349	22485080	452	-0.1018
DUNGS_p_TCGA_b84_115_SNP_N_GenomeWideSNP_6_D01_771532	22	22485095	22485140	2	-2.0921
DUNGS_p_TCGA_b84_115_SNP_N_GenomeWideSNP_6_D01_771532	22	22485156	23262981	608	-0.1229
DUNGS_p_TCGA_b84_115_SNP_N_GenomeWideSNP_6_D01_771532	22	23263242	23263257	2	-2.2309
DUNGS_p_TCGA_b84_115_SNP_N_GenomeWideSNP_6_D01_771532	22	23263274	24344422	701	-0.1276
DUNGS_p_TCGA_b84_115_SNP_N_GenomeWideSNP_6_D01_771532	22	24350529	24393745	17	-1.441
DUNGS_p_TCGA_b84_115_SNP_N_GenomeWideSNP_6_D01_771532	22	24394015	37742992	10069	-0.1361
DUNGS_p_TCGA_b84_115_SNP_N_GenomeWideSNP_6_D01_771532	22	37748729	37749946	4	-1.5733
DUNGS_p_TCGA_b84_115_SNP_N_GenomeWideSNP_6_D01_771532	22	37750667	39328718	788	-0.1624
DUNGS_p_TCGA_b84_115_SNP_N_GenomeWideSNP_6_D01_771532	22	39329593	39399312	58	0.221
DUNGS_p_TCGA_b84_115_SNP_N_GenomeWideSNP_6_D01_771532	22	39403794	45130466	3542	-0.1304
DUNGS_p_TCGA_b84_115_SNP_N_GenomeWideSNP_6_D01_771532	22	45133340	45136635	4	-1.6769
DUNGS_p_TCGA_b84_115_SNP_N_GenomeWideSNP_6_D01_771532	22	45136906	45156283	6	0.3464
DUNGS_p_TCGA_b84_115_SNP_N_GenomeWideSNP_6_D01_771532	22	45156298	48906678	2958	-0.1308
DUNGS_p_TCGA_b84_115_SNP_N_GenomeWideSNP_6_D01_771532	22	48909727	48912283	3	-1.3028
DUNGS_p_TCGA_b84_115_SNP_N_GenomeWideSNP_6_D01_771532	22	48912807	49462936	454	-0.1141
DUNGS_p_TCGA_b84_115_SNP_N_GenomeWideSNP_6_D01_771532	22	49463031	49464521	5	-0.7374
DUNGS_p_TCGA_b84_115_SNP_N_GenomeWideSNP_6_D01_771532	22	49467485	49482981	20	0.252
DUNGS_p_TCGA_b84_115_SNP_N_GenomeWideSNP_6_D01_771532	22	49486691	49487140	3	-1.9657
DUNGS_p_TCGA_b84_115_SNP_N_GenomeWideSNP_6_D01_771532	22	49487162	51234455	1027	-0.1072
DUNGS_p_TCGA_b84_115_SNP_N_GenomeWideSNP_6_D01_771532	X	168477	12833582	7729	0.0047
DUNGS_p_TCGA_b84_115_SNP_N_GenomeWideSNP_6_D01_771532	X	12833602	12834306	2	-1.7556
DUNGS_p_TCGA_b84_115_SNP_N_GenomeWideSNP_6_D01_771532	X	12834311	89895048	39586	0.0114
DUNGS_p_TCGA_b84_115_SNP_N_GenomeWideSNP_6_D01_771532	X	89895059	89911858	21	-0.7494
DUNGS_p_TCGA_b84_115_SNP_N_GenomeWideSNP_6_D01_771532	X	89929979	100324300	5611	0.018
DUNGS_p_TCGA_b84_115_SNP_N_GenomeWideSNP_6_D01_771532	X	100326768	100335688	2	1.7268
DUNGS_p_TCGA_b84_115_SNP_N_GenomeWideSNP_6_D01_771532	X	100335906	114288093	7479	0.0199
DUNGS_p_TCGA_b84_115_SNP_N_GenomeWideSNP_6_D01_771532	X	114288435	114288457	2	2.4811
DUNGS_p_TCGA_b84_115_SNP_N_GenomeWideSNP_6_D01_771532	X	114288560	153837137	23755	0.0133
DUNGS_p_TCGA_b84_115_SNP_N_GenomeWideSNP_6_D01_771532	X	153878001	154163504	137	0.7022
DUNGS_p_TCGA_b84_115_SNP_N_GenomeWideSNP_6_D01_771532	X	154167288	155182354	338	0.0895
DUNGS_p_TCGA_b84_115_SNP_N_GenomeWideSNP_6_D01_771532	Y	2650438	3255255	212	-2.4277
DUNGS_p_TCGA_b84_115_SNP_N_GenomeWideSNP_6_D01_771532	Y	3257144	6035471	625	-2.1136
DUNGS_p_TCGA_b84_115_SNP_N_GenomeWideSNP_6_D01_771532	Y	6039351	6039663	2	-6.6622
DUNGS_p_TCGA_b84_115_SNP_N_GenomeWideSNP_6_D01_771532	Y	6048274	6101425	33	-2.0581
DUNGS_p_TCGA_b84_115_SNP_N_GenomeWideSNP_6_D01_771532	Y	6107901	6296423	85	-3.5141
DUNGS_p_TCGA_b84_115_SNP_N_GenomeWideSNP_6_D01_771532	Y	6299046	7811219	734	-2.4227
DUNGS_p_TCGA_b84_115_SNP_N_GenomeWideSNP_6_D01_771532	Y	7811767	7819737	10	-3.8617
DUNGS_p_TCGA_b84_115_SNP_N_GenomeWideSNP_6_D01_771532	Y	7821740	7834836	10	-2.8239
DUNGS_p_TCGA_b84_115_SNP_N_GenomeWideSNP_6_D01_771532	Y	7835713	7839326	6	-3.7601
DUNGS_p_TCGA_b84_115_SNP_N_GenomeWideSNP_6_D01_771532	Y	7840699	9161297	726	-2.5762
DUNGS_p_TCGA_b84_115_SNP_N_GenomeWideSNP_6_D01_771532	Y	9163699	9387994	26	-3.8066
DUNGS_p_TCGA_b84_115_SNP_N_GenomeWideSNP_6_D01_771532	Y	9388262	9759564	159	-2.948
DUNGS_p_TCGA_b84_115_SNP_N_GenomeWideSNP_6_D01_771532	Y	9774614	14092520	224	-2.4256
DUNGS_p_TCGA_b84_115_SNP_N_GenomeWideSNP_6_D01_771532	Y	14093670	14104651	3	-5.1132
DUNGS_p_TCGA_b84_115_SNP_N_GenomeWideSNP_6_D01_771532	Y	14104754	14792782	362	-2.3627
DUNGS_p_TCGA_b84_115_SNP_N_GenomeWideSNP_6_D01_771532	Y	14792998	14810461	11	-4.0424
DUNGS_p_TCGA_b84_115_SNP_N_GenomeWideSNP_6_D01_771532	Y	14813294	15030066	100	-2.5056
DUNGS_p_TCGA_b84_115_SNP_N_GenomeWideSNP_6_D01_771532	Y	15030682	15030817	2	-7.0744
DUNGS_p_TCGA_b84_115_SNP_N_GenomeWideSNP_6_D01_771532	Y	15032288	15471847	188	-2.2944
DUNGS_p_TCGA_b84_115_SNP_N_GenomeWideSNP_6_D01_771532	Y	15472723	15473614	3	-4.9922
DUNGS_p_TCGA_b84_115_SNP_N_GenomeWideSNP_6_D01_771532	Y	15474052	15590276	58	-2.5708
DUNGS_p_TCGA_b84_115_SNP_N_GenomeWideSNP_6_D01_771532	Y	15590342	15594523	3	-6.1873
DUNGS_p_TCGA_b84_115_SNP_N_GenomeWideSNP_6_D01_771532	Y	15594889	19574890	2083	-2.5031
DUNGS_p_TCGA_b84_115_SNP_N_GenomeWideSNP_6_D01_771532	Y	19576544	20808091	554	-3.1738
DUNGS_p_TCGA_b84_115_SNP_N_GenomeWideSNP_6_D01_771532	Y	20808786	20841873	23	-2.077
DUNGS_p_TCGA_b84_115_SNP_N_GenomeWideSNP_6_D01_771532	Y	20842231	21024613	94	-3.5926
DUNGS_p_TCGA_b84_115_SNP_N_GenomeWideSNP_6_D01_771532	Y	21025062	24516081	1278	-2.5895
DUNGS_p_TCGA_b84_115_SNP_N_GenomeWideSNP_6_D01_771532	Y	24516702	24985389	80	-3.6054
DUNGS_p_TCGA_b84_115_SNP_N_GenomeWideSNP_6_D01_771532	Y	25059391	25403867	10	-1.8939
DUNGS_p_TCGA_b84_115_SNP_N_GenomeWideSNP_6_D01_771532	Y	25424991	25940529	120	-3.1845
DUNGS_p_TCGA_b84_115_SNP_N_GenomeWideSNP_6_D01_771532	Y	25941987	25976129	13	-1.9074
DUNGS_p_TCGA_b84_115_SNP_N_GenomeWideSNP_6_D01_771532	Y	25977694	26287832	105	-3.5436
DUNGS_p_TCGA_b84_115_SNP_N_GenomeWideSNP_6_D01_771532	Y	26288175	26393662	28	-2.0464
DUNGS_p_TCGA_b84_115_SNP_N_GenomeWideSNP_6_D01_771532	Y	26401714	26630929	54	-2.9829
DUNGS_p_TCGA_b84_115_SNP_N_GenomeWideSNP_6_D01_771532	Y	26631228	26928589	41	-4.1765
DUNGS_p_TCGA_b84_115_SNP_N_GenomeWideSNP_6_D01_771532	Y	26947771	28272116	330	-3.0961
DUNGS_p_TCGA_b84_115_SNP_N_GenomeWideSNP_6_D01_771532	Y	28277692	28322019	14	-4.9371
DUNGS_p_TCGA_b84_115_SNP_N_GenomeWideSNP_6_D01_771532	Y	28322083	28423938	43	-2.9979
DUNGS_p_TCGA_b84_115_SNP_N_GenomeWideSNP_6_D01_771532	Y	28438116	59018259	183	-2.356
