Sample	Chromosome	Start	End	Num_Probes	Segment_Mean
DUNGS_p_TCGA_b84_115_SNP_N_GenomeWideSNP_6_B02_771524	1	51598	16022502	8424	0.0012
DUNGS_p_TCGA_b84_115_SNP_N_GenomeWideSNP_6_B02_771524	1	16026084	16026512	6	-1.9733
DUNGS_p_TCGA_b84_115_SNP_N_GenomeWideSNP_6_B02_771524	1	16026788	16240720	90	0.0209
DUNGS_p_TCGA_b84_115_SNP_N_GenomeWideSNP_6_B02_771524	1	16240990	16252003	5	0.9129
DUNGS_p_TCGA_b84_115_SNP_N_GenomeWideSNP_6_B02_771524	1	16262153	17082190	318	0.0315
DUNGS_p_TCGA_b84_115_SNP_N_GenomeWideSNP_6_B02_771524	1	17083239	17150527	60	0.5184
DUNGS_p_TCGA_b84_115_SNP_N_GenomeWideSNP_6_B02_771524	1	17155012	24862292	4881	-0.0049
DUNGS_p_TCGA_b84_115_SNP_N_GenomeWideSNP_6_B02_771524	1	24863022	24867008	2	-1.2528
DUNGS_p_TCGA_b84_115_SNP_N_GenomeWideSNP_6_B02_771524	1	24870040	25332560	323	-0.0041
DUNGS_p_TCGA_b84_115_SNP_N_GenomeWideSNP_6_B02_771524	1	25332615	25332686	4	0.6968
DUNGS_p_TCGA_b84_115_SNP_N_GenomeWideSNP_6_B02_771524	1	25332702	25491518	81	0.0338
DUNGS_p_TCGA_b84_115_SNP_N_GenomeWideSNP_6_B02_771524	1	25491627	25519533	11	0.5836
DUNGS_p_TCGA_b84_115_SNP_N_GenomeWideSNP_6_B02_771524	1	25519573	72541504	28800	0.003
DUNGS_p_TCGA_b84_115_SNP_N_GenomeWideSNP_6_B02_771524	1	72541524	72583736	45	-1.2822
DUNGS_p_TCGA_b84_115_SNP_N_GenomeWideSNP_6_B02_771524	1	72584492	74961806	1447	0.0018
DUNGS_p_TCGA_b84_115_SNP_N_GenomeWideSNP_6_B02_771524	1	74963370	74971878	4	0.9582
DUNGS_p_TCGA_b84_115_SNP_N_GenomeWideSNP_6_B02_771524	1	74972372	75823432	482	0.0032
DUNGS_p_TCGA_b84_115_SNP_N_GenomeWideSNP_6_B02_771524	1	75827351	75827442	2	-1.6369
DUNGS_p_TCGA_b84_115_SNP_N_GenomeWideSNP_6_B02_771524	1	75832097	103965310	18182	0.0059
DUNGS_p_TCGA_b84_115_SNP_N_GenomeWideSNP_6_B02_771524	1	103979561	104108781	30	-0.5073
DUNGS_p_TCGA_b84_115_SNP_N_GenomeWideSNP_6_B02_771524	1	104109219	105136102	540	0.0161
DUNGS_p_TCGA_b84_115_SNP_N_GenomeWideSNP_6_B02_771524	1	105137072	105187785	22	0.3308
DUNGS_p_TCGA_b84_115_SNP_N_GenomeWideSNP_6_B02_771524	1	105195004	105820759	355	0.0154
DUNGS_p_TCGA_b84_115_SNP_N_GenomeWideSNP_6_B02_771524	1	105820833	105823883	14	0.565
DUNGS_p_TCGA_b84_115_SNP_N_GenomeWideSNP_6_B02_771524	1	105823898	105888503	49	0.019
DUNGS_p_TCGA_b84_115_SNP_N_GenomeWideSNP_6_B02_771524	1	105888798	105892443	2	1.3779
DUNGS_p_TCGA_b84_115_SNP_N_GenomeWideSNP_6_B02_771524	1	105892458	110029038	2622	0.0122
DUNGS_p_TCGA_b84_115_SNP_N_GenomeWideSNP_6_B02_771524	1	110034497	110041701	17	0.9613
DUNGS_p_TCGA_b84_115_SNP_N_GenomeWideSNP_6_B02_771524	1	110044476	112497610	1961	0.009
DUNGS_p_TCGA_b84_115_SNP_N_GenomeWideSNP_6_B02_771524	1	112497716	112507736	35	0.3005
DUNGS_p_TCGA_b84_115_SNP_N_GenomeWideSNP_6_B02_771524	1	112507741	150562156	7836	0.0089
DUNGS_p_TCGA_b84_115_SNP_N_GenomeWideSNP_6_B02_771524	1	150564836	150565474	2	-1.3575
DUNGS_p_TCGA_b84_115_SNP_N_GenomeWideSNP_6_B02_771524	1	150565562	150822330	201	-0.039
DUNGS_p_TCGA_b84_115_SNP_N_GenomeWideSNP_6_B02_771524	1	150822391	150857118	35	-1.556
DUNGS_p_TCGA_b84_115_SNP_N_GenomeWideSNP_6_B02_771524	1	150857189	151028547	171	0.0188
DUNGS_p_TCGA_b84_115_SNP_N_GenomeWideSNP_6_B02_771524	1	151028563	151029693	19	0.8857
DUNGS_p_TCGA_b84_115_SNP_N_GenomeWideSNP_6_B02_771524	1	151034091	167483561	11370	0.0023
DUNGS_p_TCGA_b84_115_SNP_N_GenomeWideSNP_6_B02_771524	1	167500598	167508390	7	-2.8438
DUNGS_p_TCGA_b84_115_SNP_N_GenomeWideSNP_6_B02_771524	1	167509025	173063028	3528	0.0098
DUNGS_p_TCGA_b84_115_SNP_N_GenomeWideSNP_6_B02_771524	1	173063179	173068463	16	-2.212
DUNGS_p_TCGA_b84_115_SNP_N_GenomeWideSNP_6_B02_771524	1	173068477	173068775	7	-0.4922
DUNGS_p_TCGA_b84_115_SNP_N_GenomeWideSNP_6_B02_771524	1	173069074	187537063	9667	8e-04
DUNGS_p_TCGA_b84_115_SNP_N_GenomeWideSNP_6_B02_771524	1	187538009	187543901	5	-0.4957
DUNGS_p_TCGA_b84_115_SNP_N_GenomeWideSNP_6_B02_771524	1	187544169	197344449	6432	0.0037
DUNGS_p_TCGA_b84_115_SNP_N_GenomeWideSNP_6_B02_771524	1	197345721	197356035	12	0.4728
DUNGS_p_TCGA_b84_115_SNP_N_GenomeWideSNP_6_B02_771524	1	197356045	208137685	7474	-0.0083
DUNGS_p_TCGA_b84_115_SNP_N_GenomeWideSNP_6_B02_771524	1	208148236	208150607	3	0.9535
DUNGS_p_TCGA_b84_115_SNP_N_GenomeWideSNP_6_B02_771524	1	208153175	212704431	3102	-0.0052
DUNGS_p_TCGA_b84_115_SNP_N_GenomeWideSNP_6_B02_771524	1	212705059	212705080	2	-2.7846
DUNGS_p_TCGA_b84_115_SNP_N_GenomeWideSNP_6_B02_771524	1	212705876	216216089	2563	-2e-04
DUNGS_p_TCGA_b84_115_SNP_N_GenomeWideSNP_6_B02_771524	1	216216106	216216121	2	-1.1573
DUNGS_p_TCGA_b84_115_SNP_N_GenomeWideSNP_6_B02_771524	1	216218974	226869388	6700	0.0069
DUNGS_p_TCGA_b84_115_SNP_N_GenomeWideSNP_6_B02_771524	1	226874151	226874165	2	-1.5462
DUNGS_p_TCGA_b84_115_SNP_N_GenomeWideSNP_6_B02_771524	1	226874989	229797316	2099	0.0062
DUNGS_p_TCGA_b84_115_SNP_N_GenomeWideSNP_6_B02_771524	1	229799557	229800624	3	-0.9439
DUNGS_p_TCGA_b84_115_SNP_N_GenomeWideSNP_6_B02_771524	1	229807320	232026028	1844	0.0033
DUNGS_p_TCGA_b84_115_SNP_N_GenomeWideSNP_6_B02_771524	1	232029793	232030641	2	1.2473
DUNGS_p_TCGA_b84_115_SNP_N_GenomeWideSNP_6_B02_771524	1	232032946	241110930	6976	-0.0058
DUNGS_p_TCGA_b84_115_SNP_N_GenomeWideSNP_6_B02_771524	1	241111593	241122173	15	0.4884
DUNGS_p_TCGA_b84_115_SNP_N_GenomeWideSNP_6_B02_771524	1	241122442	244273838	2095	0.0042
DUNGS_p_TCGA_b84_115_SNP_N_GenomeWideSNP_6_B02_771524	1	244273890	244274010	2	-1.3826
DUNGS_p_TCGA_b84_115_SNP_N_GenomeWideSNP_6_B02_771524	1	244274718	246776293	1567	0.0245
DUNGS_p_TCGA_b84_115_SNP_N_GenomeWideSNP_6_B02_771524	1	246780491	246875180	39	-0.6491
DUNGS_p_TCGA_b84_115_SNP_N_GenomeWideSNP_6_B02_771524	1	246875487	247191011	143	0.0311
DUNGS_p_TCGA_b84_115_SNP_N_GenomeWideSNP_6_B02_771524	2	2784	4183562	2991	0.0033
DUNGS_p_TCGA_b84_115_SNP_N_GenomeWideSNP_6_B02_771524	2	4191739	4201708	41	-0.7792
DUNGS_p_TCGA_b84_115_SNP_N_GenomeWideSNP_6_B02_771524	2	4201894	4891575	580	0.007
DUNGS_p_TCGA_b84_115_SNP_N_GenomeWideSNP_6_B02_771524	2	4891798	4894670	11	-0.5311
DUNGS_p_TCGA_b84_115_SNP_N_GenomeWideSNP_6_B02_771524	2	4894778	32829526	19170	0.0049
DUNGS_p_TCGA_b84_115_SNP_N_GenomeWideSNP_6_B02_771524	2	32829591	32829755	2	-1.588
DUNGS_p_TCGA_b84_115_SNP_N_GenomeWideSNP_6_B02_771524	2	32831848	34518254	1336	-0.0062
DUNGS_p_TCGA_b84_115_SNP_N_GenomeWideSNP_6_B02_771524	2	34528971	34590017	50	-0.4029
DUNGS_p_TCGA_b84_115_SNP_N_GenomeWideSNP_6_B02_771524	2	34590561	36185762	1158	0.0279
DUNGS_p_TCGA_b84_115_SNP_N_GenomeWideSNP_6_B02_771524	2	36189099	36192814	17	0.4564
DUNGS_p_TCGA_b84_115_SNP_N_GenomeWideSNP_6_B02_771524	2	36192852	41091513	3653	0.0177
DUNGS_p_TCGA_b84_115_SNP_N_GenomeWideSNP_6_B02_771524	2	41091552	41096263	20	0.4433
DUNGS_p_TCGA_b84_115_SNP_N_GenomeWideSNP_6_B02_771524	2	41096334	86791198	30216	0.0064
DUNGS_p_TCGA_b84_115_SNP_N_GenomeWideSNP_6_B02_771524	2	86806581	86807365	2	1.357
DUNGS_p_TCGA_b84_115_SNP_N_GenomeWideSNP_6_B02_771524	2	86823917	86981712	64	-0.0107
DUNGS_p_TCGA_b84_115_SNP_N_GenomeWideSNP_6_B02_771524	2	86982714	86990896	2	-1.8671
DUNGS_p_TCGA_b84_115_SNP_N_GenomeWideSNP_6_B02_771524	2	87015364	87346172	107	-0.0908
DUNGS_p_TCGA_b84_115_SNP_N_GenomeWideSNP_6_B02_771524	2	87346643	87367901	10	0.7007
DUNGS_p_TCGA_b84_115_SNP_N_GenomeWideSNP_6_B02_771524	2	87373867	89879381	903	-0.0067
DUNGS_p_TCGA_b84_115_SNP_N_GenomeWideSNP_6_B02_771524	2	89879573	91223759	81	-0.3066
DUNGS_p_TCGA_b84_115_SNP_N_GenomeWideSNP_6_B02_771524	2	91228298	97201857	932	-0.0127
DUNGS_p_TCGA_b84_115_SNP_N_GenomeWideSNP_6_B02_771524	2	97210056	97240533	20	-0.4831
DUNGS_p_TCGA_b84_115_SNP_N_GenomeWideSNP_6_B02_771524	2	97240728	106249763	5623	-0.0026
DUNGS_p_TCGA_b84_115_SNP_N_GenomeWideSNP_6_B02_771524	2	106249778	106253687	7	0.8567
DUNGS_p_TCGA_b84_115_SNP_N_GenomeWideSNP_6_B02_771524	2	106253840	107807168	994	0.0118
DUNGS_p_TCGA_b84_115_SNP_N_GenomeWideSNP_6_B02_771524	2	107813401	107847339	2	-1.3801
DUNGS_p_TCGA_b84_115_SNP_N_GenomeWideSNP_6_B02_771524	2	107858520	110579363	1216	0.0016
DUNGS_p_TCGA_b84_115_SNP_N_GenomeWideSNP_6_B02_771524	2	110603665	110854188	3	1.0603
DUNGS_p_TCGA_b84_115_SNP_N_GenomeWideSNP_6_B02_771524	2	111105101	113017708	918	0.0017
DUNGS_p_TCGA_b84_115_SNP_N_GenomeWideSNP_6_B02_771524	2	113018873	113023892	2	-1.4216
DUNGS_p_TCGA_b84_115_SNP_N_GenomeWideSNP_6_B02_771524	2	113024621	115252384	1436	0.0132
DUNGS_p_TCGA_b84_115_SNP_N_GenomeWideSNP_6_B02_771524	2	115252639	115255830	9	-1.2801
DUNGS_p_TCGA_b84_115_SNP_N_GenomeWideSNP_6_B02_771524	2	115255849	115258488	13	-0.5172
DUNGS_p_TCGA_b84_115_SNP_N_GenomeWideSNP_6_B02_771524	2	115258540	123196421	4971	0.0047
DUNGS_p_TCGA_b84_115_SNP_N_GenomeWideSNP_6_B02_771524	2	123198183	123198711	7	-3.0788
DUNGS_p_TCGA_b84_115_SNP_N_GenomeWideSNP_6_B02_771524	2	123200123	146026453	14083	0.0019
DUNGS_p_TCGA_b84_115_SNP_N_GenomeWideSNP_6_B02_771524	2	146026859	146031494	3	-1.4357
DUNGS_p_TCGA_b84_115_SNP_N_GenomeWideSNP_6_B02_771524	2	146033862	146580899	320	8e-04
DUNGS_p_TCGA_b84_115_SNP_N_GenomeWideSNP_6_B02_771524	2	146580913	146583404	22	0.7543
DUNGS_p_TCGA_b84_115_SNP_N_GenomeWideSNP_6_B02_771524	2	146594276	232248847	52615	0.0053
DUNGS_p_TCGA_b84_115_SNP_N_GenomeWideSNP_6_B02_771524	2	232248925	232258803	5	-0.8253
DUNGS_p_TCGA_b84_115_SNP_N_GenomeWideSNP_6_B02_771524	2	232259818	242606740	6480	0.0019
DUNGS_p_TCGA_b84_115_SNP_N_GenomeWideSNP_6_B02_771524	2	242606846	242606997	5	-0.7802
DUNGS_p_TCGA_b84_115_SNP_N_GenomeWideSNP_6_B02_771524	2	242607096	242738129	103	0.0423
DUNGS_p_TCGA_b84_115_SNP_N_GenomeWideSNP_6_B02_771524	3	35345	23954307	17938	0.01
DUNGS_p_TCGA_b84_115_SNP_N_GenomeWideSNP_6_B02_771524	3	23956433	23957332	2	-2.3209
DUNGS_p_TCGA_b84_115_SNP_N_GenomeWideSNP_6_B02_771524	3	23957334	34740774	7587	0.0069
DUNGS_p_TCGA_b84_115_SNP_N_GenomeWideSNP_6_B02_771524	3	34750455	34754447	3	0.9832
DUNGS_p_TCGA_b84_115_SNP_N_GenomeWideSNP_6_B02_771524	3	34758145	36260034	1067	-2e-04
DUNGS_p_TCGA_b84_115_SNP_N_GenomeWideSNP_6_B02_771524	3	36260283	36272792	15	0.3913
DUNGS_p_TCGA_b84_115_SNP_N_GenomeWideSNP_6_B02_771524	3	36272962	37952421	1103	0.0067
DUNGS_p_TCGA_b84_115_SNP_N_GenomeWideSNP_6_B02_771524	3	37957112	37961887	17	-0.6641
DUNGS_p_TCGA_b84_115_SNP_N_GenomeWideSNP_6_B02_771524	3	37961932	53006776	8090	0.008
DUNGS_p_TCGA_b84_115_SNP_N_GenomeWideSNP_6_B02_771524	3	53006790	53008188	12	0.5811
DUNGS_p_TCGA_b84_115_SNP_N_GenomeWideSNP_6_B02_771524	3	53008580	68828854	12073	0.007
DUNGS_p_TCGA_b84_115_SNP_N_GenomeWideSNP_6_B02_771524	3	68828949	68830103	14	1.0466
DUNGS_p_TCGA_b84_115_SNP_N_GenomeWideSNP_6_B02_771524	3	68831448	89752705	12845	8e-04
DUNGS_p_TCGA_b84_115_SNP_N_GenomeWideSNP_6_B02_771524	3	89754023	89756830	8	-0.8241
DUNGS_p_TCGA_b84_115_SNP_N_GenomeWideSNP_6_B02_771524	3	89761289	131245549	21920	0.0074
DUNGS_p_TCGA_b84_115_SNP_N_GenomeWideSNP_6_B02_771524	3	131246388	131288926	52	-1.161
DUNGS_p_TCGA_b84_115_SNP_N_GenomeWideSNP_6_B02_771524	3	131289614	160257641	17964	0.0076
DUNGS_p_TCGA_b84_115_SNP_N_GenomeWideSNP_6_B02_771524	3	160257701	160258475	8	0.643
DUNGS_p_TCGA_b84_115_SNP_N_GenomeWideSNP_6_B02_771524	3	160258573	163706137	2153	0.0075
DUNGS_p_TCGA_b84_115_SNP_N_GenomeWideSNP_6_B02_771524	3	163706169	163709653	13	0.5826
DUNGS_p_TCGA_b84_115_SNP_N_GenomeWideSNP_6_B02_771524	3	163719228	163929954	124	-0.0258
DUNGS_p_TCGA_b84_115_SNP_N_GenomeWideSNP_6_B02_771524	3	163930324	163930512	3	0.7752
DUNGS_p_TCGA_b84_115_SNP_N_GenomeWideSNP_6_B02_771524	3	163941033	163990962	44	0.0637
DUNGS_p_TCGA_b84_115_SNP_N_GenomeWideSNP_6_B02_771524	3	163995351	164106575	67	0.6944
DUNGS_p_TCGA_b84_115_SNP_N_GenomeWideSNP_6_B02_771524	3	164106591	164109297	5	-0.6807
DUNGS_p_TCGA_b84_115_SNP_N_GenomeWideSNP_6_B02_771524	3	164111308	164197211	70	0.1322
DUNGS_p_TCGA_b84_115_SNP_N_GenomeWideSNP_6_B02_771524	3	164200421	164202256	2	-2.8007
DUNGS_p_TCGA_b84_115_SNP_N_GenomeWideSNP_6_B02_771524	3	164208853	170212874	3372	0.0152
DUNGS_p_TCGA_b84_115_SNP_N_GenomeWideSNP_6_B02_771524	3	170216096	170221322	2	1.2787
DUNGS_p_TCGA_b84_115_SNP_N_GenomeWideSNP_6_B02_771524	3	170222521	178185895	5277	0.014
DUNGS_p_TCGA_b84_115_SNP_N_GenomeWideSNP_6_B02_771524	3	178188663	178196214	21	0.4113
DUNGS_p_TCGA_b84_115_SNP_N_GenomeWideSNP_6_B02_771524	3	178196229	179834327	941	0.0108
DUNGS_p_TCGA_b84_115_SNP_N_GenomeWideSNP_6_B02_771524	3	179834442	179848486	15	-0.452
DUNGS_p_TCGA_b84_115_SNP_N_GenomeWideSNP_6_B02_771524	3	179848534	188180792	4996	0.0062
DUNGS_p_TCGA_b84_115_SNP_N_GenomeWideSNP_6_B02_771524	3	188183531	188191498	3	-2.0091
DUNGS_p_TCGA_b84_115_SNP_N_GenomeWideSNP_6_B02_771524	3	188193312	189069534	661	0.0083
DUNGS_p_TCGA_b84_115_SNP_N_GenomeWideSNP_6_B02_771524	3	189070069	189070266	6	0.6433
DUNGS_p_TCGA_b84_115_SNP_N_GenomeWideSNP_6_B02_771524	3	189076786	189965969	713	0.0163
DUNGS_p_TCGA_b84_115_SNP_N_GenomeWideSNP_6_B02_771524	3	189967770	190015301	28	-0.8486
DUNGS_p_TCGA_b84_115_SNP_N_GenomeWideSNP_6_B02_771524	3	190015503	193395564	2392	0.0094
DUNGS_p_TCGA_b84_115_SNP_N_GenomeWideSNP_6_B02_771524	3	193395770	193400062	3	-0.9978
DUNGS_p_TCGA_b84_115_SNP_N_GenomeWideSNP_6_B02_771524	3	193400126	194360596	707	0.0198
DUNGS_p_TCGA_b84_115_SNP_N_GenomeWideSNP_6_B02_771524	3	194360656	194361700	6	0.8754
DUNGS_p_TCGA_b84_115_SNP_N_GenomeWideSNP_6_B02_771524	3	194363167	196767187	1500	-0.0017
DUNGS_p_TCGA_b84_115_SNP_N_GenomeWideSNP_6_B02_771524	3	196868323	196942560	37	-0.2851
DUNGS_p_TCGA_b84_115_SNP_N_GenomeWideSNP_6_B02_771524	3	196946367	198825243	935	0.0281
DUNGS_p_TCGA_b84_115_SNP_N_GenomeWideSNP_6_B02_771524	3	198832985	198838385	2	-1.482
DUNGS_p_TCGA_b84_115_SNP_N_GenomeWideSNP_6_B02_771524	3	198870678	199317837	203	0.0152
DUNGS_p_TCGA_b84_115_SNP_N_GenomeWideSNP_6_B02_771524	3	199317941	199318155	4	-0.9467
DUNGS_p_TCGA_b84_115_SNP_N_GenomeWideSNP_6_B02_771524	3	199318195	199353968	36	-0.0391
DUNGS_p_TCGA_b84_115_SNP_N_GenomeWideSNP_6_B02_771524	3	199380382	199380515	4	0.9803
DUNGS_p_TCGA_b84_115_SNP_N_GenomeWideSNP_6_B02_771524	4	2281	4217419	1717	-0.0057
DUNGS_p_TCGA_b84_115_SNP_N_GenomeWideSNP_6_B02_771524	4	4217884	4217898	2	-1.9036
DUNGS_p_TCGA_b84_115_SNP_N_GenomeWideSNP_6_B02_771524	4	4218034	9055145	3530	-0.0075
DUNGS_p_TCGA_b84_115_SNP_N_GenomeWideSNP_6_B02_771524	4	9055941	9088443	14	-0.7619
DUNGS_p_TCGA_b84_115_SNP_N_GenomeWideSNP_6_B02_771524	4	9095185	9832726	549	-0.0199
DUNGS_p_TCGA_b84_115_SNP_N_GenomeWideSNP_6_B02_771524	4	9832946	9843364	28	0.4767
DUNGS_p_TCGA_b84_115_SNP_N_GenomeWideSNP_6_B02_771524	4	9843706	9999813	176	-0.0296
DUNGS_p_TCGA_b84_115_SNP_N_GenomeWideSNP_6_B02_771524	4	10001452	10008385	10	-0.5769
DUNGS_p_TCGA_b84_115_SNP_N_GenomeWideSNP_6_B02_771524	4	10008399	11760561	1477	0.0081
DUNGS_p_TCGA_b84_115_SNP_N_GenomeWideSNP_6_B02_771524	4	11763606	11771239	3	-1.4136
DUNGS_p_TCGA_b84_115_SNP_N_GenomeWideSNP_6_B02_771524	4	11775022	11987033	133	-0.006
DUNGS_p_TCGA_b84_115_SNP_N_GenomeWideSNP_6_B02_771524	4	11987639	11993495	29	0.3277
DUNGS_p_TCGA_b84_115_SNP_N_GenomeWideSNP_6_B02_771524	4	11993568	20981625	6398	0.0017
DUNGS_p_TCGA_b84_115_SNP_N_GenomeWideSNP_6_B02_771524	4	20981667	20985871	6	0.6841
DUNGS_p_TCGA_b84_115_SNP_N_GenomeWideSNP_6_B02_771524	4	20985888	21657760	538	-0.0165
DUNGS_p_TCGA_b84_115_SNP_N_GenomeWideSNP_6_B02_771524	4	21658623	21672126	15	-1.108
DUNGS_p_TCGA_b84_115_SNP_N_GenomeWideSNP_6_B02_771524	4	21675373	48784131	17244	0.0038
DUNGS_p_TCGA_b84_115_SNP_N_GenomeWideSNP_6_B02_771524	4	48788543	49197923	23	-0.7581
DUNGS_p_TCGA_b84_115_SNP_N_GenomeWideSNP_6_B02_771524	4	49198542	49315642	10	-0.2001
DUNGS_p_TCGA_b84_115_SNP_N_GenomeWideSNP_6_B02_771524	4	49338520	49350120	4	1.0645
DUNGS_p_TCGA_b84_115_SNP_N_GenomeWideSNP_6_B02_771524	4	49351270	63829688	7282	0.0085
DUNGS_p_TCGA_b84_115_SNP_N_GenomeWideSNP_6_B02_771524	4	63834255	63834508	2	-1.3237
DUNGS_p_TCGA_b84_115_SNP_N_GenomeWideSNP_6_B02_771524	4	63837162	64371313	303	0.0167
DUNGS_p_TCGA_b84_115_SNP_N_GenomeWideSNP_6_B02_771524	4	64373473	64387914	18	-0.2936
DUNGS_p_TCGA_b84_115_SNP_N_GenomeWideSNP_6_B02_771524	4	64387959	64390853	16	-0.8191
DUNGS_p_TCGA_b84_115_SNP_N_GenomeWideSNP_6_B02_771524	4	64399026	65504283	668	0.0142
DUNGS_p_TCGA_b84_115_SNP_N_GenomeWideSNP_6_B02_771524	4	65506629	65526646	31	0.2699
DUNGS_p_TCGA_b84_115_SNP_N_GenomeWideSNP_6_B02_771524	4	65527029	68943146	2162	-7e-04
DUNGS_p_TCGA_b84_115_SNP_N_GenomeWideSNP_6_B02_771524	4	68943659	68977394	7	1.0528
DUNGS_p_TCGA_b84_115_SNP_N_GenomeWideSNP_6_B02_771524	4	68987534	70172636	420	0.0194
DUNGS_p_TCGA_b84_115_SNP_N_GenomeWideSNP_6_B02_771524	4	70177963	70274578	48	0.4124
DUNGS_p_TCGA_b84_115_SNP_N_GenomeWideSNP_6_B02_771524	4	70276618	71153580	570	0.0208
DUNGS_p_TCGA_b84_115_SNP_N_GenomeWideSNP_6_B02_771524	4	71154491	71155566	3	-1.0026
DUNGS_p_TCGA_b84_115_SNP_N_GenomeWideSNP_6_B02_771524	4	71155567	75480372	2477	0.0019
DUNGS_p_TCGA_b84_115_SNP_N_GenomeWideSNP_6_B02_771524	4	75480554	75489206	2	-1.1291
DUNGS_p_TCGA_b84_115_SNP_N_GenomeWideSNP_6_B02_771524	4	75489551	77508810	1216	0.0075
DUNGS_p_TCGA_b84_115_SNP_N_GenomeWideSNP_6_B02_771524	4	77511100	77511390	4	-1.0206
DUNGS_p_TCGA_b84_115_SNP_N_GenomeWideSNP_6_B02_771524	4	77511825	91503966	8859	0.0032
DUNGS_p_TCGA_b84_115_SNP_N_GenomeWideSNP_6_B02_771524	4	91506175	91510539	9	-1.0031
DUNGS_p_TCGA_b84_115_SNP_N_GenomeWideSNP_6_B02_771524	4	91513391	94100388	1403	0.0133
DUNGS_p_TCGA_b84_115_SNP_N_GenomeWideSNP_6_B02_771524	4	94103962	94105147	2	-1.2474
DUNGS_p_TCGA_b84_115_SNP_N_GenomeWideSNP_6_B02_771524	4	94108975	104435155	6142	0.0104
DUNGS_p_TCGA_b84_115_SNP_N_GenomeWideSNP_6_B02_771524	4	104437549	104437551	3	1.0915
DUNGS_p_TCGA_b84_115_SNP_N_GenomeWideSNP_6_B02_771524	4	104439553	108285718	2241	0.0097
DUNGS_p_TCGA_b84_115_SNP_N_GenomeWideSNP_6_B02_771524	4	108285821	108294892	25	0.3876
DUNGS_p_TCGA_b84_115_SNP_N_GenomeWideSNP_6_B02_771524	4	108294935	109605037	822	0.0142
DUNGS_p_TCGA_b84_115_SNP_N_GenomeWideSNP_6_B02_771524	4	109607255	109608084	2	-2.3519
DUNGS_p_TCGA_b84_115_SNP_N_GenomeWideSNP_6_B02_771524	4	109623546	115393149	3600	0.0032
DUNGS_p_TCGA_b84_115_SNP_N_GenomeWideSNP_6_B02_771524	4	115394772	115403829	29	0.8623
DUNGS_p_TCGA_b84_115_SNP_N_GenomeWideSNP_6_B02_771524	4	115403839	172605921	34766	0.0099
DUNGS_p_TCGA_b84_115_SNP_N_GenomeWideSNP_6_B02_771524	4	172611459	172614033	9	-1.4575
DUNGS_p_TCGA_b84_115_SNP_N_GenomeWideSNP_6_B02_771524	4	172614285	191261904	12552	0.0098
DUNGS_p_TCGA_b84_115_SNP_N_GenomeWideSNP_6_B02_771524	5	68532	707296	293	-0.0018
DUNGS_p_TCGA_b84_115_SNP_N_GenomeWideSNP_6_B02_771524	5	712410	832881	46	0.2972
DUNGS_p_TCGA_b84_115_SNP_N_GenomeWideSNP_6_B02_771524	5	834547	12868865	9895	0.014
DUNGS_p_TCGA_b84_115_SNP_N_GenomeWideSNP_6_B02_771524	5	12872313	12872375	2	-1.4557
DUNGS_p_TCGA_b84_115_SNP_N_GenomeWideSNP_6_B02_771524	5	12872666	15811557	2020	0.0228
DUNGS_p_TCGA_b84_115_SNP_N_GenomeWideSNP_6_B02_771524	5	15812024	15812699	3	-1.2907
DUNGS_p_TCGA_b84_115_SNP_N_GenomeWideSNP_6_B02_771524	5	15813323	17568801	1171	0.0183
DUNGS_p_TCGA_b84_115_SNP_N_GenomeWideSNP_6_B02_771524	5	17644656	17663173	17	-1.1431
DUNGS_p_TCGA_b84_115_SNP_N_GenomeWideSNP_6_B02_771524	5	17669503	34192722	10299	0.0222
DUNGS_p_TCGA_b84_115_SNP_N_GenomeWideSNP_6_B02_771524	5	34192815	34193035	3	-1.0411
DUNGS_p_TCGA_b84_115_SNP_N_GenomeWideSNP_6_B02_771524	5	34195719	39360549	3433	0.0221
DUNGS_p_TCGA_b84_115_SNP_N_GenomeWideSNP_6_B02_771524	5	39366257	39366329	2	-1.0909
DUNGS_p_TCGA_b84_115_SNP_N_GenomeWideSNP_6_B02_771524	5	39366554	39851878	354	0.0019
DUNGS_p_TCGA_b84_115_SNP_N_GenomeWideSNP_6_B02_771524	5	39851965	39852128	3	1.0133
DUNGS_p_TCGA_b84_115_SNP_N_GenomeWideSNP_6_B02_771524	5	39852222	46227641	3278	0.0236
DUNGS_p_TCGA_b84_115_SNP_N_GenomeWideSNP_6_B02_771524	5	46231640	46235192	4	-1.4564
DUNGS_p_TCGA_b84_115_SNP_N_GenomeWideSNP_6_B02_771524	5	46245056	46287063	13	0.069
DUNGS_p_TCGA_b84_115_SNP_N_GenomeWideSNP_6_B02_771524	5	46306765	46309259	8	0.9615
DUNGS_p_TCGA_b84_115_SNP_N_GenomeWideSNP_6_B02_771524	5	46313969	49468588	20	0.0032
DUNGS_p_TCGA_b84_115_SNP_N_GenomeWideSNP_6_B02_771524	5	49477715	49483063	2	1.5057
DUNGS_p_TCGA_b84_115_SNP_N_GenomeWideSNP_6_B02_771524	5	49491393	57364872	5067	0.0266
DUNGS_p_TCGA_b84_115_SNP_N_GenomeWideSNP_6_B02_771524	5	57365287	57365513	4	-1.097
DUNGS_p_TCGA_b84_115_SNP_N_GenomeWideSNP_6_B02_771524	5	57365604	70290660	7347	0.0209
DUNGS_p_TCGA_b84_115_SNP_N_GenomeWideSNP_6_B02_771524	5	70290661	70290662	2	1.5031
DUNGS_p_TCGA_b84_115_SNP_N_GenomeWideSNP_6_B02_771524	5	70342415	81454519	6904	0.0153
DUNGS_p_TCGA_b84_115_SNP_N_GenomeWideSNP_6_B02_771524	5	81455034	81463238	3	-1.4828
DUNGS_p_TCGA_b84_115_SNP_N_GenomeWideSNP_6_B02_771524	5	81463794	97512764	8977	0.0139
DUNGS_p_TCGA_b84_115_SNP_N_GenomeWideSNP_6_B02_771524	5	97512922	97512981	3	1.3298
DUNGS_p_TCGA_b84_115_SNP_N_GenomeWideSNP_6_B02_771524	5	97517812	151494293	34516	0.0187
DUNGS_p_TCGA_b84_115_SNP_N_GenomeWideSNP_6_B02_771524	5	151494364	151500690	18	-0.6135
DUNGS_p_TCGA_b84_115_SNP_N_GenomeWideSNP_6_B02_771524	5	151501404	175320465	16774	0.0109
DUNGS_p_TCGA_b84_115_SNP_N_GenomeWideSNP_6_B02_771524	5	175326218	175392693	11	-0.3949
DUNGS_p_TCGA_b84_115_SNP_N_GenomeWideSNP_6_B02_771524	5	175398295	175402113	2	-2.8052
DUNGS_p_TCGA_b84_115_SNP_N_GenomeWideSNP_6_B02_771524	5	175402930	177131055	729	0.0218
DUNGS_p_TCGA_b84_115_SNP_N_GenomeWideSNP_6_B02_771524	5	177160157	177165211	3	2.2399
DUNGS_p_TCGA_b84_115_SNP_N_GenomeWideSNP_6_B02_771524	5	177187571	180722926	2004	0.0192
DUNGS_p_TCGA_b84_115_SNP_N_GenomeWideSNP_6_B02_771524	6	94661	239474	122	0.0124
DUNGS_p_TCGA_b84_115_SNP_N_GenomeWideSNP_6_B02_771524	6	239725	326149	80	-0.4191
DUNGS_p_TCGA_b84_115_SNP_N_GenomeWideSNP_6_B02_771524	6	327559	29845825	21481	0.0078
DUNGS_p_TCGA_b84_115_SNP_N_GenomeWideSNP_6_B02_771524	6	29846023	29846979	2	-2.1104
DUNGS_p_TCGA_b84_115_SNP_N_GenomeWideSNP_6_B02_771524	6	29847036	29945051	82	-0.091
DUNGS_p_TCGA_b84_115_SNP_N_GenomeWideSNP_6_B02_771524	6	29945166	29957246	16	0.8063
DUNGS_p_TCGA_b84_115_SNP_N_GenomeWideSNP_6_B02_771524	6	29958175	29982621	6	0.2114
DUNGS_p_TCGA_b84_115_SNP_N_GenomeWideSNP_6_B02_771524	6	29982688	30006876	10	-0.8947
DUNGS_p_TCGA_b84_115_SNP_N_GenomeWideSNP_6_B02_771524	6	30007656	31394255	659	-5e-04
DUNGS_p_TCGA_b84_115_SNP_N_GenomeWideSNP_6_B02_771524	6	31394284	31417903	11	-0.9933
DUNGS_p_TCGA_b84_115_SNP_N_GenomeWideSNP_6_B02_771524	6	31425326	32577945	514	0.0208
DUNGS_p_TCGA_b84_115_SNP_N_GenomeWideSNP_6_B02_771524	6	32582919	32695435	40	0.3203
DUNGS_p_TCGA_b84_115_SNP_N_GenomeWideSNP_6_B02_771524	6	32700999	32732282	14	-0.4394
DUNGS_p_TCGA_b84_115_SNP_N_GenomeWideSNP_6_B02_771524	6	32732569	32734596	5	1.2329
DUNGS_p_TCGA_b84_115_SNP_N_GenomeWideSNP_6_B02_771524	6	32758590	32796593	38	0.004
DUNGS_p_TCGA_b84_115_SNP_N_GenomeWideSNP_6_B02_771524	6	32796610	32796831	2	-2.3805
DUNGS_p_TCGA_b84_115_SNP_N_GenomeWideSNP_6_B02_771524	6	32797302	34973011	1264	0.0168
DUNGS_p_TCGA_b84_115_SNP_N_GenomeWideSNP_6_B02_771524	6	34975325	34979871	4	0.8453
DUNGS_p_TCGA_b84_115_SNP_N_GenomeWideSNP_6_B02_771524	6	34981761	43387019	5522	0.0064
DUNGS_p_TCGA_b84_115_SNP_N_GenomeWideSNP_6_B02_771524	6	43392058	43393126	3	-1.0575
DUNGS_p_TCGA_b84_115_SNP_N_GenomeWideSNP_6_B02_771524	6	43401079	43906219	248	0.0022
DUNGS_p_TCGA_b84_115_SNP_N_GenomeWideSNP_6_B02_771524	6	43906753	43907144	2	-1.2779
DUNGS_p_TCGA_b84_115_SNP_N_GenomeWideSNP_6_B02_771524	6	43907438	54033163	6672	0.0054
DUNGS_p_TCGA_b84_115_SNP_N_GenomeWideSNP_6_B02_771524	6	54039026	54043307	10	0.6213
DUNGS_p_TCGA_b84_115_SNP_N_GenomeWideSNP_6_B02_771524	6	54043374	57574006	2084	0.002
DUNGS_p_TCGA_b84_115_SNP_N_GenomeWideSNP_6_B02_771524	6	57583613	57599128	3	-0.9854
DUNGS_p_TCGA_b84_115_SNP_N_GenomeWideSNP_6_B02_771524	6	57599435	66445812	2969	0.01
DUNGS_p_TCGA_b84_115_SNP_N_GenomeWideSNP_6_B02_771524	6	66445882	66460573	27	-0.7885
DUNGS_p_TCGA_b84_115_SNP_N_GenomeWideSNP_6_B02_771524	6	66463848	72919646	4356	0.0073
DUNGS_p_TCGA_b84_115_SNP_N_GenomeWideSNP_6_B02_771524	6	72923245	72923593	2	-1.6462
DUNGS_p_TCGA_b84_115_SNP_N_GenomeWideSNP_6_B02_771524	6	72925284	77071668	2571	0.0102
DUNGS_p_TCGA_b84_115_SNP_N_GenomeWideSNP_6_B02_771524	6	77073620	77073646	3	1.3535
DUNGS_p_TCGA_b84_115_SNP_N_GenomeWideSNP_6_B02_771524	6	77073713	77474189	278	-0.0211
DUNGS_p_TCGA_b84_115_SNP_N_GenomeWideSNP_6_B02_771524	6	77474806	77525357	45	0.3805
DUNGS_p_TCGA_b84_115_SNP_N_GenomeWideSNP_6_B02_771524	6	77525815	78935230	908	0.0052
DUNGS_p_TCGA_b84_115_SNP_N_GenomeWideSNP_6_B02_771524	6	78935744	78955234	11	0.5179
DUNGS_p_TCGA_b84_115_SNP_N_GenomeWideSNP_6_B02_771524	6	78956739	79028431	59	0.0635
DUNGS_p_TCGA_b84_115_SNP_N_GenomeWideSNP_6_B02_771524	6	79028500	79098352	111	-0.4055
DUNGS_p_TCGA_b84_115_SNP_N_GenomeWideSNP_6_B02_771524	6	79098438	103841338	15499	0.0095
DUNGS_p_TCGA_b84_115_SNP_N_GenomeWideSNP_6_B02_771524	6	103841496	103868754	50	0.853
DUNGS_p_TCGA_b84_115_SNP_N_GenomeWideSNP_6_B02_771524	6	103872163	124473473	12713	0.0042
DUNGS_p_TCGA_b84_115_SNP_N_GenomeWideSNP_6_B02_771524	6	124477640	124512064	20	0.623
DUNGS_p_TCGA_b84_115_SNP_N_GenomeWideSNP_6_B02_771524	6	124512460	155002574	20321	0.0021
DUNGS_p_TCGA_b84_115_SNP_N_GenomeWideSNP_6_B02_771524	6	155005358	155006206	2	-1.8246
DUNGS_p_TCGA_b84_115_SNP_N_GenomeWideSNP_6_B02_771524	6	155007529	160952219	3950	0.0028
DUNGS_p_TCGA_b84_115_SNP_N_GenomeWideSNP_6_B02_771524	6	160952509	160952867	5	-0.9362
DUNGS_p_TCGA_b84_115_SNP_N_GenomeWideSNP_6_B02_771524	6	160953237	170892930	7273	-0.001
DUNGS_p_TCGA_b84_115_SNP_N_GenomeWideSNP_6_B02_771524	7	52911	1149136	330	-0.0112
DUNGS_p_TCGA_b84_115_SNP_N_GenomeWideSNP_6_B02_771524	7	1149195	1155684	4	0.9153
DUNGS_p_TCGA_b84_115_SNP_N_GenomeWideSNP_6_B02_771524	7	1155704	4640984	2194	0.0147
DUNGS_p_TCGA_b84_115_SNP_N_GenomeWideSNP_6_B02_771524	7	4650302	4650400	3	-1.3205
DUNGS_p_TCGA_b84_115_SNP_N_GenomeWideSNP_6_B02_771524	7	4651654	11886875	5072	0.0056
DUNGS_p_TCGA_b84_115_SNP_N_GenomeWideSNP_6_B02_771524	7	11887398	11887830	4	-1.2725
DUNGS_p_TCGA_b84_115_SNP_N_GenomeWideSNP_6_B02_771524	7	11887944	38257239	19861	0.0094
DUNGS_p_TCGA_b84_115_SNP_N_GenomeWideSNP_6_B02_771524	7	38260626	38367482	127	0.2663
DUNGS_p_TCGA_b84_115_SNP_N_GenomeWideSNP_6_B02_771524	7	38369021	54347867	11021	0.0042
DUNGS_p_TCGA_b84_115_SNP_N_GenomeWideSNP_6_B02_771524	7	54353999	54354004	3	-1.3708
DUNGS_p_TCGA_b84_115_SNP_N_GenomeWideSNP_6_B02_771524	7	54354006	64596057	3325	-0.0067
DUNGS_p_TCGA_b84_115_SNP_N_GenomeWideSNP_6_B02_771524	7	64597892	64704137	24	-0.4299
DUNGS_p_TCGA_b84_115_SNP_N_GenomeWideSNP_6_B02_771524	7	64704389	70057754	2953	0.0059
DUNGS_p_TCGA_b84_115_SNP_N_GenomeWideSNP_6_B02_771524	7	70058374	70064077	3	-1.4317
DUNGS_p_TCGA_b84_115_SNP_N_GenomeWideSNP_6_B02_771524	7	70066179	72073203	1209	0.0111
DUNGS_p_TCGA_b84_115_SNP_N_GenomeWideSNP_6_B02_771524	7	72085576	72094455	7	-0.6876
DUNGS_p_TCGA_b84_115_SNP_N_GenomeWideSNP_6_B02_771524	7	72096449	75974325	967	0.0108
DUNGS_p_TCGA_b84_115_SNP_N_GenomeWideSNP_6_B02_771524	7	75974590	76100092	34	-0.335
DUNGS_p_TCGA_b84_115_SNP_N_GenomeWideSNP_6_B02_771524	7	76104953	76140454	30	0.0978
DUNGS_p_TCGA_b84_115_SNP_N_GenomeWideSNP_6_B02_771524	7	76140572	76140968	4	-0.8994
DUNGS_p_TCGA_b84_115_SNP_N_GenomeWideSNP_6_B02_771524	7	76141105	109224330	20277	0.0129
DUNGS_p_TCGA_b84_115_SNP_N_GenomeWideSNP_6_B02_771524	7	109224333	109241146	32	0.5682
DUNGS_p_TCGA_b84_115_SNP_N_GenomeWideSNP_6_B02_771524	7	109241218	135221828	16065	0.0097
DUNGS_p_TCGA_b84_115_SNP_N_GenomeWideSNP_6_B02_771524	7	135222293	135223322	2	-1.3869
DUNGS_p_TCGA_b84_115_SNP_N_GenomeWideSNP_6_B02_771524	7	135223780	139383690	2605	0.0034
DUNGS_p_TCGA_b84_115_SNP_N_GenomeWideSNP_6_B02_771524	7	139386049	139399562	6	0.6562
DUNGS_p_TCGA_b84_115_SNP_N_GenomeWideSNP_6_B02_771524	7	139400226	141406463	1324	0.0112
DUNGS_p_TCGA_b84_115_SNP_N_GenomeWideSNP_6_B02_771524	7	141407299	141438377	45	-0.696
DUNGS_p_TCGA_b84_115_SNP_N_GenomeWideSNP_6_B02_771524	7	141438576	142069733	398	0.026
DUNGS_p_TCGA_b84_115_SNP_N_GenomeWideSNP_6_B02_771524	7	142069775	142134072	38	0.3912
DUNGS_p_TCGA_b84_115_SNP_N_GenomeWideSNP_6_B02_771524	7	142135045	142154515	16	-0.0543
DUNGS_p_TCGA_b84_115_SNP_N_GenomeWideSNP_6_B02_771524	7	142156294	142193132	40	0.5335
DUNGS_p_TCGA_b84_115_SNP_N_GenomeWideSNP_6_B02_771524	7	142193653	143504310	826	0.0143
DUNGS_p_TCGA_b84_115_SNP_N_GenomeWideSNP_6_B02_771524	7	143504885	143697880	45	0.6126
DUNGS_p_TCGA_b84_115_SNP_N_GenomeWideSNP_6_B02_771524	7	143705862	154020828	6453	0.0126
DUNGS_p_TCGA_b84_115_SNP_N_GenomeWideSNP_6_B02_771524	7	154024104	154030546	4	-2.0966
DUNGS_p_TCGA_b84_115_SNP_N_GenomeWideSNP_6_B02_771524	7	154031763	158819765	3247	-0.0058
DUNGS_p_TCGA_b84_115_SNP_N_GenomeWideSNP_6_B02_771524	8	21254	3151892	2599	0.0055
DUNGS_p_TCGA_b84_115_SNP_N_GenomeWideSNP_6_B02_771524	8	3156758	3157491	4	-0.9847
DUNGS_p_TCGA_b84_115_SNP_N_GenomeWideSNP_6_B02_771524	8	3158001	3973293	1163	0.0053
DUNGS_p_TCGA_b84_115_SNP_N_GenomeWideSNP_6_B02_771524	8	3973575	3981644	9	0.6643
DUNGS_p_TCGA_b84_115_SNP_N_GenomeWideSNP_6_B02_771524	8	3981721	4152868	384	0.0062
DUNGS_p_TCGA_b84_115_SNP_N_GenomeWideSNP_6_B02_771524	8	4152905	4154081	12	-0.5945
DUNGS_p_TCGA_b84_115_SNP_N_GenomeWideSNP_6_B02_771524	8	4154098	7241751	3696	0.0194
DUNGS_p_TCGA_b84_115_SNP_N_GenomeWideSNP_6_B02_771524	8	7242458	7825278	141	-0.2998
DUNGS_p_TCGA_b84_115_SNP_N_GenomeWideSNP_6_B02_771524	8	7825372	11919268	3296	0.0089
DUNGS_p_TCGA_b84_115_SNP_N_GenomeWideSNP_6_B02_771524	8	11919806	12406271	94	-0.36
DUNGS_p_TCGA_b84_115_SNP_N_GenomeWideSNP_6_B02_771524	8	12407015	39349482	19541	0.0034
DUNGS_p_TCGA_b84_115_SNP_N_GenomeWideSNP_6_B02_771524	8	39349816	39506122	60	0.6427
DUNGS_p_TCGA_b84_115_SNP_N_GenomeWideSNP_6_B02_771524	8	39507456	39949857	268	0.014
DUNGS_p_TCGA_b84_115_SNP_N_GenomeWideSNP_6_B02_771524	8	39950114	39950804	3	-1.1322
DUNGS_p_TCGA_b84_115_SNP_N_GenomeWideSNP_6_B02_771524	8	39953976	51194564	4327	-0.0115
DUNGS_p_TCGA_b84_115_SNP_N_GenomeWideSNP_6_B02_771524	8	51194577	51195976	8	0.7783
DUNGS_p_TCGA_b84_115_SNP_N_GenomeWideSNP_6_B02_771524	8	51201131	64502635	8790	-0.0014
DUNGS_p_TCGA_b84_115_SNP_N_GenomeWideSNP_6_B02_771524	8	64502816	64503151	2	-1.3533
DUNGS_p_TCGA_b84_115_SNP_N_GenomeWideSNP_6_B02_771524	8	64510847	72374919	4528	1e-04
DUNGS_p_TCGA_b84_115_SNP_N_GenomeWideSNP_6_B02_771524	8	72377865	72378988	7	-0.9452
DUNGS_p_TCGA_b84_115_SNP_N_GenomeWideSNP_6_B02_771524	8	72379055	112363846	24156	0.0054
DUNGS_p_TCGA_b84_115_SNP_N_GenomeWideSNP_6_B02_771524	8	112364214	112364436	5	-2.1117
DUNGS_p_TCGA_b84_115_SNP_N_GenomeWideSNP_6_B02_771524	8	112369457	115703730	1829	0.0108
DUNGS_p_TCGA_b84_115_SNP_N_GenomeWideSNP_6_B02_771524	8	115703829	115704877	11	0.5879
DUNGS_p_TCGA_b84_115_SNP_N_GenomeWideSNP_6_B02_771524	8	115707526	115710248	13	0.007
DUNGS_p_TCGA_b84_115_SNP_N_GenomeWideSNP_6_B02_771524	8	115710312	115719963	11	0.6664
DUNGS_p_TCGA_b84_115_SNP_N_GenomeWideSNP_6_B02_771524	8	115723944	146268959	21093	0.0059
DUNGS_p_TCGA_b84_115_SNP_N_GenomeWideSNP_6_B02_771524	9	36587	1159007	1147	-0.0035
DUNGS_p_TCGA_b84_115_SNP_N_GenomeWideSNP_6_B02_771524	9	1159070	1159183	2	1.51
DUNGS_p_TCGA_b84_115_SNP_N_GenomeWideSNP_6_B02_771524	9	1160227	28034704	22892	0.0115
DUNGS_p_TCGA_b84_115_SNP_N_GenomeWideSNP_6_B02_771524	9	28037588	28040691	5	-1.0143
DUNGS_p_TCGA_b84_115_SNP_N_GenomeWideSNP_6_B02_771524	9	28045603	41836811	7334	0.0108
DUNGS_p_TCGA_b84_115_SNP_N_GenomeWideSNP_6_B02_771524	9	41882866	41975187	7	0.8529
DUNGS_p_TCGA_b84_115_SNP_N_GenomeWideSNP_6_B02_771524	9	42013107	105606318	25415	3e-04
DUNGS_p_TCGA_b84_115_SNP_N_GenomeWideSNP_6_B02_771524	9	105608517	105609111	2	-4.2895
DUNGS_p_TCGA_b84_115_SNP_N_GenomeWideSNP_6_B02_771524	9	105610523	105836552	151	-0.0128
DUNGS_p_TCGA_b84_115_SNP_N_GenomeWideSNP_6_B02_771524	9	105836766	105876728	59	0.288
DUNGS_p_TCGA_b84_115_SNP_N_GenomeWideSNP_6_B02_771524	9	105880227	140211215	22975	0.0019
DUNGS_p_TCGA_b84_115_SNP_N_GenomeWideSNP_6_B02_771524	10	62759	3035615	2447	0.0158
DUNGS_p_TCGA_b84_115_SNP_N_GenomeWideSNP_6_B02_771524	10	3036852	3042397	10	-0.6325
DUNGS_p_TCGA_b84_115_SNP_N_GenomeWideSNP_6_B02_771524	10	3042436	13089606	8491	0.0024
DUNGS_p_TCGA_b84_115_SNP_N_GenomeWideSNP_6_B02_771524	10	13089662	13090616	9	0.6915
DUNGS_p_TCGA_b84_115_SNP_N_GenomeWideSNP_6_B02_771524	10	13093692	23163740	7472	0.0018
DUNGS_p_TCGA_b84_115_SNP_N_GenomeWideSNP_6_B02_771524	10	23165465	23166006	3	-1.0146
DUNGS_p_TCGA_b84_115_SNP_N_GenomeWideSNP_6_B02_771524	10	23169844	24415269	832	-0.0166
DUNGS_p_TCGA_b84_115_SNP_N_GenomeWideSNP_6_B02_771524	10	24417680	24417927	10	0.9764
DUNGS_p_TCGA_b84_115_SNP_N_GenomeWideSNP_6_B02_771524	10	24418060	26187444	1244	-0.0084
DUNGS_p_TCGA_b84_115_SNP_N_GenomeWideSNP_6_B02_771524	10	26187577	26193097	4	0.763
DUNGS_p_TCGA_b84_115_SNP_N_GenomeWideSNP_6_B02_771524	10	26193319	27263909	747	-0.0195
DUNGS_p_TCGA_b84_115_SNP_N_GenomeWideSNP_6_B02_771524	10	27265910	27269999	14	0.7781
DUNGS_p_TCGA_b84_115_SNP_N_GenomeWideSNP_6_B02_771524	10	27270681	31286516	3041	0.0046
DUNGS_p_TCGA_b84_115_SNP_N_GenomeWideSNP_6_B02_771524	10	31291340	31291785	11	0.5084
DUNGS_p_TCGA_b84_115_SNP_N_GenomeWideSNP_6_B02_771524	10	31291828	41845130	4896	-0.0035
DUNGS_p_TCGA_b84_115_SNP_N_GenomeWideSNP_6_B02_771524	10	41934442	42103500	29	-0.3894
DUNGS_p_TCGA_b84_115_SNP_N_GenomeWideSNP_6_B02_771524	10	42106979	46475717	2435	0.0066
DUNGS_p_TCGA_b84_115_SNP_N_GenomeWideSNP_6_B02_771524	10	46478798	46479827	22	0.704
DUNGS_p_TCGA_b84_115_SNP_N_GenomeWideSNP_6_B02_771524	10	46482317	47417400	266	-0.0855
DUNGS_p_TCGA_b84_115_SNP_N_GenomeWideSNP_6_B02_771524	10	47432905	47487317	7	-0.7537
DUNGS_p_TCGA_b84_115_SNP_N_GenomeWideSNP_6_B02_771524	10	47525233	47970191	25	0.3225
DUNGS_p_TCGA_b84_115_SNP_N_GenomeWideSNP_6_B02_771524	10	47970363	58179283	6598	0.0119
DUNGS_p_TCGA_b84_115_SNP_N_GenomeWideSNP_6_B02_771524	10	58179408	58195519	46	0.3443
DUNGS_p_TCGA_b84_115_SNP_N_GenomeWideSNP_6_B02_771524	10	58195614	80918590	15407	-0.0018
DUNGS_p_TCGA_b84_115_SNP_N_GenomeWideSNP_6_B02_771524	10	80921337	81184181	16	-0.547
DUNGS_p_TCGA_b84_115_SNP_N_GenomeWideSNP_6_B02_771524	10	81184196	135079131	36944	-0.001
DUNGS_p_TCGA_b84_115_SNP_N_GenomeWideSNP_6_B02_771524	10	135079709	135079858	2	-2.059
DUNGS_p_TCGA_b84_115_SNP_N_GenomeWideSNP_6_B02_771524	10	135082644	135356694	151	-0.0601
DUNGS_p_TCGA_b84_115_SNP_N_GenomeWideSNP_6_B02_771524	11	188510	4923972	2479	0.0017
DUNGS_p_TCGA_b84_115_SNP_N_GenomeWideSNP_6_B02_771524	11	4924226	4933390	40	0.549
DUNGS_p_TCGA_b84_115_SNP_N_GenomeWideSNP_6_B02_771524	11	4933441	5740499	789	0.0142
DUNGS_p_TCGA_b84_115_SNP_N_GenomeWideSNP_6_B02_771524	11	5743981	5765715	33	-0.7252
DUNGS_p_TCGA_b84_115_SNP_N_GenomeWideSNP_6_B02_771524	11	5765914	6061143	238	0.013
DUNGS_p_TCGA_b84_115_SNP_N_GenomeWideSNP_6_B02_771524	11	6061393	6087866	16	0.5233
DUNGS_p_TCGA_b84_115_SNP_N_GenomeWideSNP_6_B02_771524	11	6089334	8801359	1984	0.0019
DUNGS_p_TCGA_b84_115_SNP_N_GenomeWideSNP_6_B02_771524	11	8801485	8802715	2	-1.1382
DUNGS_p_TCGA_b84_115_SNP_N_GenomeWideSNP_6_B02_771524	11	8807784	11805451	2285	0.0046
DUNGS_p_TCGA_b84_115_SNP_N_GenomeWideSNP_6_B02_771524	11	11805770	11806675	2	-1.3665
DUNGS_p_TCGA_b84_115_SNP_N_GenomeWideSNP_6_B02_771524	11	11806736	18906832	4916	8e-04
DUNGS_p_TCGA_b84_115_SNP_N_GenomeWideSNP_6_B02_771524	11	18906933	18909387	13	-0.4956
DUNGS_p_TCGA_b84_115_SNP_N_GenomeWideSNP_6_B02_771524	11	18909565	21803470	2638	0.005
DUNGS_p_TCGA_b84_115_SNP_N_GenomeWideSNP_6_B02_771524	11	21804082	21805256	4	-1.3117
DUNGS_p_TCGA_b84_115_SNP_N_GenomeWideSNP_6_B02_771524	11	21805328	42915615	14741	0.0073
DUNGS_p_TCGA_b84_115_SNP_N_GenomeWideSNP_6_B02_771524	11	42915687	42927616	7	0.8289
DUNGS_p_TCGA_b84_115_SNP_N_GenomeWideSNP_6_B02_771524	11	42927744	54696918	4304	0.0085
DUNGS_p_TCGA_b84_115_SNP_N_GenomeWideSNP_6_B02_771524	11	54722184	54786791	9	0.6435
DUNGS_p_TCGA_b84_115_SNP_N_GenomeWideSNP_6_B02_771524	11	54786846	79645161	13570	-6e-04
DUNGS_p_TCGA_b84_115_SNP_N_GenomeWideSNP_6_B02_771524	11	79645196	79645212	2	-3.5141
DUNGS_p_TCGA_b84_115_SNP_N_GenomeWideSNP_6_B02_771524	11	79645334	93118950	9308	0.0059
DUNGS_p_TCGA_b84_115_SNP_N_GenomeWideSNP_6_B02_771524	11	93129625	93139154	9	-1.0593
DUNGS_p_TCGA_b84_115_SNP_N_GenomeWideSNP_6_B02_771524	11	93140945	134107001	29565	0.0049
DUNGS_p_TCGA_b84_115_SNP_N_GenomeWideSNP_6_B02_771524	11	134107490	134108156	2	-1.6273
DUNGS_p_TCGA_b84_115_SNP_N_GenomeWideSNP_6_B02_771524	11	134109202	134449982	283	0.0341
DUNGS_p_TCGA_b84_115_SNP_N_GenomeWideSNP_6_B02_771524	12	20703	739459	420	-0.0055
DUNGS_p_TCGA_b84_115_SNP_N_GenomeWideSNP_6_B02_771524	12	739524	744290	16	-3.0767
DUNGS_p_TCGA_b84_115_SNP_N_GenomeWideSNP_6_B02_771524	12	745615	8312091	5143	0.0053
DUNGS_p_TCGA_b84_115_SNP_N_GenomeWideSNP_6_B02_771524	12	8319702	8327505	3	-1.5961
DUNGS_p_TCGA_b84_115_SNP_N_GenomeWideSNP_6_B02_771524	12	8327595	8384896	17	-0.387
DUNGS_p_TCGA_b84_115_SNP_N_GenomeWideSNP_6_B02_771524	12	8386223	9521823	612	-0.015
DUNGS_p_TCGA_b84_115_SNP_N_GenomeWideSNP_6_B02_771524	12	9525137	9627923	28	0.3304
DUNGS_p_TCGA_b84_115_SNP_N_GenomeWideSNP_6_B02_771524	12	9628180	32221682	15977	0.0051
DUNGS_p_TCGA_b84_115_SNP_N_GenomeWideSNP_6_B02_771524	12	32222462	32225759	3	-1.2134
DUNGS_p_TCGA_b84_115_SNP_N_GenomeWideSNP_6_B02_771524	12	32228153	32230034	10	-0.0318
DUNGS_p_TCGA_b84_115_SNP_N_GenomeWideSNP_6_B02_771524	12	32230142	32230498	6	-0.7909
DUNGS_p_TCGA_b84_115_SNP_N_GenomeWideSNP_6_B02_771524	12	32230612	40774511	4256	0.0201
DUNGS_p_TCGA_b84_115_SNP_N_GenomeWideSNP_6_B02_771524	12	40776742	40776976	2	1.3963
DUNGS_p_TCGA_b84_115_SNP_N_GenomeWideSNP_6_B02_771524	12	40777218	41914064	727	0.0135
DUNGS_p_TCGA_b84_115_SNP_N_GenomeWideSNP_6_B02_771524	12	41920940	41945584	11	0.4481
DUNGS_p_TCGA_b84_115_SNP_N_GenomeWideSNP_6_B02_771524	12	41949566	44190705	1327	0.0074
DUNGS_p_TCGA_b84_115_SNP_N_GenomeWideSNP_6_B02_771524	12	44192107	44195804	3	-1.9712
DUNGS_p_TCGA_b84_115_SNP_N_GenomeWideSNP_6_B02_771524	12	44199559	89007481	27312	0.0045
DUNGS_p_TCGA_b84_115_SNP_N_GenomeWideSNP_6_B02_771524	12	89015800	89017688	8	0.6879
DUNGS_p_TCGA_b84_115_SNP_N_GenomeWideSNP_6_B02_771524	12	89017744	98315945	6459	0.0059
DUNGS_p_TCGA_b84_115_SNP_N_GenomeWideSNP_6_B02_771524	12	98319424	98322865	31	-0.4618
DUNGS_p_TCGA_b84_115_SNP_N_GenomeWideSNP_6_B02_771524	12	98327224	124052703	16449	0.0061
DUNGS_p_TCGA_b84_115_SNP_N_GenomeWideSNP_6_B02_771524	12	124052750	124052790	2	-2.1367
DUNGS_p_TCGA_b84_115_SNP_N_GenomeWideSNP_6_B02_771524	12	124055346	127794839	3246	0.0038
DUNGS_p_TCGA_b84_115_SNP_N_GenomeWideSNP_6_B02_771524	12	127796466	127798250	6	-1.0082
DUNGS_p_TCGA_b84_115_SNP_N_GenomeWideSNP_6_B02_771524	12	127798498	132288262	3087	0.0128
DUNGS_p_TCGA_b84_115_SNP_N_GenomeWideSNP_6_B02_771524	13	17924949	18072634	13	-0.5504
DUNGS_p_TCGA_b84_115_SNP_N_GenomeWideSNP_6_B02_771524	13	18073175	22446470	2806	0.0171
DUNGS_p_TCGA_b84_115_SNP_N_GenomeWideSNP_6_B02_771524	13	22446524	22446546	2	1.302
DUNGS_p_TCGA_b84_115_SNP_N_GenomeWideSNP_6_B02_771524	13	22447126	31430622	6835	0.0087
DUNGS_p_TCGA_b84_115_SNP_N_GenomeWideSNP_6_B02_771524	13	31430727	31436423	17	-0.9814
DUNGS_p_TCGA_b84_115_SNP_N_GenomeWideSNP_6_B02_771524	13	31438047	36969135	3908	-8e-04
DUNGS_p_TCGA_b84_115_SNP_N_GenomeWideSNP_6_B02_771524	13	36970036	36973965	4	-0.7143
DUNGS_p_TCGA_b84_115_SNP_N_GenomeWideSNP_6_B02_771524	13	36974267	36982732	11	-2.5615
DUNGS_p_TCGA_b84_115_SNP_N_GenomeWideSNP_6_B02_771524	13	36982757	37950811	702	0.0168
DUNGS_p_TCGA_b84_115_SNP_N_GenomeWideSNP_6_B02_771524	13	37955572	37963233	4	0.9651
DUNGS_p_TCGA_b84_115_SNP_N_GenomeWideSNP_6_B02_771524	13	37964489	51992800	9218	0.0126
DUNGS_p_TCGA_b84_115_SNP_N_GenomeWideSNP_6_B02_771524	13	51995985	52003786	3	-1.5012
DUNGS_p_TCGA_b84_115_SNP_N_GenomeWideSNP_6_B02_771524	13	52015880	114126499	40858	0.0048
DUNGS_p_TCGA_b84_115_SNP_N_GenomeWideSNP_6_B02_771524	14	18072124	19170042	75	-0.025
DUNGS_p_TCGA_b84_115_SNP_N_GenomeWideSNP_6_B02_771524	14	19175252	19462454	96	-0.3492
DUNGS_p_TCGA_b84_115_SNP_N_GenomeWideSNP_6_B02_771524	14	19462626	40680440	13681	0.0134
DUNGS_p_TCGA_b84_115_SNP_N_GenomeWideSNP_6_B02_771524	14	40684870	40746090	15	0.514
DUNGS_p_TCGA_b84_115_SNP_N_GenomeWideSNP_6_B02_771524	14	40746111	69083546	17863	0.0083
DUNGS_p_TCGA_b84_115_SNP_N_GenomeWideSNP_6_B02_771524	14	69083711	69092697	14	-0.5306
DUNGS_p_TCGA_b84_115_SNP_N_GenomeWideSNP_6_B02_771524	14	69098300	73076460	2629	0.0016
DUNGS_p_TCGA_b84_115_SNP_N_GenomeWideSNP_6_B02_771524	14	73076604	73099653	8	0.6699
DUNGS_p_TCGA_b84_115_SNP_N_GenomeWideSNP_6_B02_771524	14	73099668	87470824	9532	0.0018
DUNGS_p_TCGA_b84_115_SNP_N_GenomeWideSNP_6_B02_771524	14	87470847	87496390	31	0.3747
DUNGS_p_TCGA_b84_115_SNP_N_GenomeWideSNP_6_B02_771524	14	87496512	98628321	7990	0.0018
DUNGS_p_TCGA_b84_115_SNP_N_GenomeWideSNP_6_B02_771524	14	98628449	98628464	2	1.415
DUNGS_p_TCGA_b84_115_SNP_N_GenomeWideSNP_6_B02_771524	14	98628519	103793660	2709	-0.0047
DUNGS_p_TCGA_b84_115_SNP_N_GenomeWideSNP_6_B02_771524	14	103795233	103795260	2	-1.3256
DUNGS_p_TCGA_b84_115_SNP_N_GenomeWideSNP_6_B02_771524	14	103797579	105786534	650	0.0052
DUNGS_p_TCGA_b84_115_SNP_N_GenomeWideSNP_6_B02_771524	14	105788401	105817770	14	-0.4707
DUNGS_p_TCGA_b84_115_SNP_N_GenomeWideSNP_6_B02_771524	14	105818003	106020118	125	0.1998
DUNGS_p_TCGA_b84_115_SNP_N_GenomeWideSNP_6_B02_771524	14	106023560	106356482	212	-0.0507
DUNGS_p_TCGA_b84_115_SNP_N_GenomeWideSNP_6_B02_771524	15	18276341	18491920	50	-0.0907
DUNGS_p_TCGA_b84_115_SNP_N_GenomeWideSNP_6_B02_771524	15	18506386	18522250	3	-1.98
DUNGS_p_TCGA_b84_115_SNP_N_GenomeWideSNP_6_B02_771524	15	18524300	19218003	151	0.0177
DUNGS_p_TCGA_b84_115_SNP_N_GenomeWideSNP_6_B02_771524	15	19223632	19404206	65	-0.2839
DUNGS_p_TCGA_b84_115_SNP_N_GenomeWideSNP_6_B02_771524	15	19406842	19842267	57	-0.0026
DUNGS_p_TCGA_b84_115_SNP_N_GenomeWideSNP_6_B02_771524	15	19843053	20232440	98	0.3797
DUNGS_p_TCGA_b84_115_SNP_N_GenomeWideSNP_6_B02_771524	15	20232614	20777695	296	-0.0117
DUNGS_p_TCGA_b84_115_SNP_N_GenomeWideSNP_6_B02_771524	15	20777909	20940554	15	-0.5153
DUNGS_p_TCGA_b84_115_SNP_N_GenomeWideSNP_6_B02_771524	15	20968726	28157323	4367	0.0036
DUNGS_p_TCGA_b84_115_SNP_N_GenomeWideSNP_6_B02_771524	15	28173703	28748073	127	-0.3014
DUNGS_p_TCGA_b84_115_SNP_N_GenomeWideSNP_6_B02_771524	15	28748442	29808162	684	-0.0065
DUNGS_p_TCGA_b84_115_SNP_N_GenomeWideSNP_6_B02_771524	15	29808902	29848731	29	0.3324
DUNGS_p_TCGA_b84_115_SNP_N_GenomeWideSNP_6_B02_771524	15	29852780	30226537	315	-0.025
DUNGS_p_TCGA_b84_115_SNP_N_GenomeWideSNP_6_B02_771524	15	30226556	30697271	79	-0.2687
DUNGS_p_TCGA_b84_115_SNP_N_GenomeWideSNP_6_B02_771524	15	30701370	32060569	1244	-0.0036
DUNGS_p_TCGA_b84_115_SNP_N_GenomeWideSNP_6_B02_771524	15	32061196	32064803	6	-1.02
DUNGS_p_TCGA_b84_115_SNP_N_GenomeWideSNP_6_B02_771524	15	32066523	56103226	15074	0.0033
DUNGS_p_TCGA_b84_115_SNP_N_GenomeWideSNP_6_B02_771524	15	56107700	56112795	3	1.0799
DUNGS_p_TCGA_b84_115_SNP_N_GenomeWideSNP_6_B02_771524	15	56114247	82331742	16185	0.0066
DUNGS_p_TCGA_b84_115_SNP_N_GenomeWideSNP_6_B02_771524	15	82333889	82334554	5	-1.2284
DUNGS_p_TCGA_b84_115_SNP_N_GenomeWideSNP_6_B02_771524	15	82338281	92155370	7209	0.005
DUNGS_p_TCGA_b84_115_SNP_N_GenomeWideSNP_6_B02_771524	15	92155722	92163262	5	0.8559
DUNGS_p_TCGA_b84_115_SNP_N_GenomeWideSNP_6_B02_771524	15	92163418	100246648	6040	0.0051
DUNGS_p_TCGA_b84_115_SNP_N_GenomeWideSNP_6_B02_771524	15	100252532	100286563	5	0.771
DUNGS_p_TCGA_b84_115_SNP_N_GenomeWideSNP_6_B02_771524	16	777	16247941	11796	0.0072
DUNGS_p_TCGA_b84_115_SNP_N_GenomeWideSNP_6_B02_771524	16	16260667	16269863	2	-1.4654
DUNGS_p_TCGA_b84_115_SNP_N_GenomeWideSNP_6_B02_771524	16	16270726	19851864	1744	0.0224
DUNGS_p_TCGA_b84_115_SNP_N_GenomeWideSNP_6_B02_771524	16	19853151	19877991	31	-0.7757
DUNGS_p_TCGA_b84_115_SNP_N_GenomeWideSNP_6_B02_771524	16	19878319	22523305	1308	0.0139
DUNGS_p_TCGA_b84_115_SNP_N_GenomeWideSNP_6_B02_771524	16	22533085	22625805	62	-0.3314
DUNGS_p_TCGA_b84_115_SNP_N_GenomeWideSNP_6_B02_771524	16	22625887	54361849	12414	-7e-04
DUNGS_p_TCGA_b84_115_SNP_N_GenomeWideSNP_6_B02_771524	16	54362909	54379945	14	-0.8478
DUNGS_p_TCGA_b84_115_SNP_N_GenomeWideSNP_6_B02_771524	16	54387058	68736844	8775	-0.0042
DUNGS_p_TCGA_b84_115_SNP_N_GenomeWideSNP_6_B02_771524	16	68736897	68755897	12	0.5245
DUNGS_p_TCGA_b84_115_SNP_N_GenomeWideSNP_6_B02_771524	16	68768945	76929109	5734	-0.002
DUNGS_p_TCGA_b84_115_SNP_N_GenomeWideSNP_6_B02_771524	16	76929941	76942502	18	0.8576
DUNGS_p_TCGA_b84_115_SNP_N_GenomeWideSNP_6_B02_771524	16	76942938	79533148	3042	0.0071
DUNGS_p_TCGA_b84_115_SNP_N_GenomeWideSNP_6_B02_771524	16	79533432	79544047	11	-0.5606
DUNGS_p_TCGA_b84_115_SNP_N_GenomeWideSNP_6_B02_771524	16	79544102	88815036	7596	0.0053
DUNGS_p_TCGA_b84_115_SNP_N_GenomeWideSNP_6_B02_771524	17	526	653924	355	0.0428
DUNGS_p_TCGA_b84_115_SNP_N_GenomeWideSNP_6_B02_771524	17	660436	663209	3	-1.4039
DUNGS_p_TCGA_b84_115_SNP_N_GenomeWideSNP_6_B02_771524	17	663574	886794	122	0.0796
DUNGS_p_TCGA_b84_115_SNP_N_GenomeWideSNP_6_B02_771524	17	887820	897708	3	1.132
DUNGS_p_TCGA_b84_115_SNP_N_GenomeWideSNP_6_B02_771524	17	905432	10252751	5592	0.0012
DUNGS_p_TCGA_b84_115_SNP_N_GenomeWideSNP_6_B02_771524	17	10253205	10254416	2	-1.6959
DUNGS_p_TCGA_b84_115_SNP_N_GenomeWideSNP_6_B02_771524	17	10256197	23803180	7734	0.0062
DUNGS_p_TCGA_b84_115_SNP_N_GenomeWideSNP_6_B02_771524	17	23805468	23806446	2	-1.7372
DUNGS_p_TCGA_b84_115_SNP_N_GenomeWideSNP_6_B02_771524	17	23813398	36479063	7060	0.0055
DUNGS_p_TCGA_b84_115_SNP_N_GenomeWideSNP_6_B02_771524	17	36479268	36510770	20	0.4145
DUNGS_p_TCGA_b84_115_SNP_N_GenomeWideSNP_6_B02_771524	17	36512949	36675234	96	-0.0552
DUNGS_p_TCGA_b84_115_SNP_N_GenomeWideSNP_6_B02_771524	17	36676540	36694482	42	0.4412
DUNGS_p_TCGA_b84_115_SNP_N_GenomeWideSNP_6_B02_771524	17	36694745	41543275	2510	0.0042
DUNGS_p_TCGA_b84_115_SNP_N_GenomeWideSNP_6_B02_771524	17	41544094	42107479	158	-0.3642
DUNGS_p_TCGA_b84_115_SNP_N_GenomeWideSNP_6_B02_771524	17	42120174	78643088	21637	0.0019
DUNGS_p_TCGA_b84_115_SNP_N_GenomeWideSNP_6_B02_771524	18	1543	1892886	1316	0.0605
DUNGS_p_TCGA_b84_115_SNP_N_GenomeWideSNP_6_B02_771524	18	1895358	1970787	96	-0.822
DUNGS_p_TCGA_b84_115_SNP_N_GenomeWideSNP_6_B02_771524	18	1976214	11597978	7136	0.043
DUNGS_p_TCGA_b84_115_SNP_N_GenomeWideSNP_6_B02_771524	18	11600492	11633637	4	-1.0285
DUNGS_p_TCGA_b84_115_SNP_N_GenomeWideSNP_6_B02_771524	18	11638759	12191600	360	0.0421
DUNGS_p_TCGA_b84_115_SNP_N_GenomeWideSNP_6_B02_771524	18	12200088	12218772	7	-0.6663
DUNGS_p_TCGA_b84_115_SNP_N_GenomeWideSNP_6_B02_771524	18	12228863	36514418	13947	0.0364
DUNGS_p_TCGA_b84_115_SNP_N_GenomeWideSNP_6_B02_771524	18	36514432	36522022	19	0.6579
DUNGS_p_TCGA_b84_115_SNP_N_GenomeWideSNP_6_B02_771524	18	36523496	61353956	17150	0.0364
DUNGS_p_TCGA_b84_115_SNP_N_GenomeWideSNP_6_B02_771524	18	61353975	61358176	17	0.8318
DUNGS_p_TCGA_b84_115_SNP_N_GenomeWideSNP_6_B02_771524	18	61358191	61868733	360	0.1081
DUNGS_p_TCGA_b84_115_SNP_N_GenomeWideSNP_6_B02_771524	18	61872559	61879320	13	0.709
DUNGS_p_TCGA_b84_115_SNP_N_GenomeWideSNP_6_B02_771524	18	61883718	61913280	47	0.0254
DUNGS_p_TCGA_b84_115_SNP_N_GenomeWideSNP_6_B02_771524	18	61918120	61918902	3	-1.5399
DUNGS_p_TCGA_b84_115_SNP_N_GenomeWideSNP_6_B02_771524	18	61926575	67178285	3756	0.045
DUNGS_p_TCGA_b84_115_SNP_N_GenomeWideSNP_6_B02_771524	18	67180662	67180858	2	-2.636
DUNGS_p_TCGA_b84_115_SNP_N_GenomeWideSNP_6_B02_771524	18	67181334	68774228	1262	0.1149
DUNGS_p_TCGA_b84_115_SNP_N_GenomeWideSNP_6_B02_771524	18	68775660	68775958	2	-1.3279
DUNGS_p_TCGA_b84_115_SNP_N_GenomeWideSNP_6_B02_771524	18	68778811	72566983	3025	0.0484
DUNGS_p_TCGA_b84_115_SNP_N_GenomeWideSNP_6_B02_771524	18	72570403	72572538	2	-1.4701
DUNGS_p_TCGA_b84_115_SNP_N_GenomeWideSNP_6_B02_771524	18	72572614	76116029	2345	0.0263
DUNGS_p_TCGA_b84_115_SNP_N_GenomeWideSNP_6_B02_771524	19	41910	12553001	5079	0.0015
DUNGS_p_TCGA_b84_115_SNP_N_GenomeWideSNP_6_B02_771524	19	12558366	12559102	2	-1.4679
DUNGS_p_TCGA_b84_115_SNP_N_GenomeWideSNP_6_B02_771524	19	12561523	19692544	3478	0.0063
DUNGS_p_TCGA_b84_115_SNP_N_GenomeWideSNP_6_B02_771524	19	19696753	19697676	2	-2.4332
DUNGS_p_TCGA_b84_115_SNP_N_GenomeWideSNP_6_B02_771524	19	19701768	20395170	437	-0.0105
DUNGS_p_TCGA_b84_115_SNP_N_GenomeWideSNP_6_B02_771524	19	20400414	20515739	69	-0.7222
DUNGS_p_TCGA_b84_115_SNP_N_GenomeWideSNP_6_B02_771524	19	20516819	20944898	239	0.0651
DUNGS_p_TCGA_b84_115_SNP_N_GenomeWideSNP_6_B02_771524	19	20944919	20946008	3	-1.1613
DUNGS_p_TCGA_b84_115_SNP_N_GenomeWideSNP_6_B02_771524	19	20947181	24296902	1954	0.0105
DUNGS_p_TCGA_b84_115_SNP_N_GenomeWideSNP_6_B02_771524	19	24297477	24299007	5	-0.9013
DUNGS_p_TCGA_b84_115_SNP_N_GenomeWideSNP_6_B02_771524	19	24299012	35976646	2419	-0.0048
DUNGS_p_TCGA_b84_115_SNP_N_GenomeWideSNP_6_B02_771524	19	35979958	35980380	2	-1.6965
DUNGS_p_TCGA_b84_115_SNP_N_GenomeWideSNP_6_B02_771524	19	35982439	40350568	2976	-0.0048
DUNGS_p_TCGA_b84_115_SNP_N_GenomeWideSNP_6_B02_771524	19	40355614	40355883	6	-0.7355
DUNGS_p_TCGA_b84_115_SNP_N_GenomeWideSNP_6_B02_771524	19	40357887	40477167	114	0.0355
DUNGS_p_TCGA_b84_115_SNP_N_GenomeWideSNP_6_B02_771524	19	40480322	40481525	4	0.6935
DUNGS_p_TCGA_b84_115_SNP_N_GenomeWideSNP_6_B02_771524	19	40484878	41450737	506	0.0158
DUNGS_p_TCGA_b84_115_SNP_N_GenomeWideSNP_6_B02_771524	19	41497545	41498355	3	1.2792
DUNGS_p_TCGA_b84_115_SNP_N_GenomeWideSNP_6_B02_771524	19	41499140	42158911	382	-0.0081
DUNGS_p_TCGA_b84_115_SNP_N_GenomeWideSNP_6_B02_771524	19	42158969	42159352	3	-1.3487
DUNGS_p_TCGA_b84_115_SNP_N_GenomeWideSNP_6_B02_771524	19	42162346	56834164	7297	4e-04
DUNGS_p_TCGA_b84_115_SNP_N_GenomeWideSNP_6_B02_771524	19	56834427	56849249	17	0.5284
DUNGS_p_TCGA_b84_115_SNP_N_GenomeWideSNP_6_B02_771524	19	56849364	58914636	1477	0.015
DUNGS_p_TCGA_b84_115_SNP_N_GenomeWideSNP_6_B02_771524	19	58914995	58917825	3	-1.3178
DUNGS_p_TCGA_b84_115_SNP_N_GenomeWideSNP_6_B02_771524	19	58919098	60026803	590	0.0026
DUNGS_p_TCGA_b84_115_SNP_N_GenomeWideSNP_6_B02_771524	19	60027023	60060175	16	-0.4381
DUNGS_p_TCGA_b84_115_SNP_N_GenomeWideSNP_6_B02_771524	19	60065630	63789666	2294	0.0037
DUNGS_p_TCGA_b84_115_SNP_N_GenomeWideSNP_6_B02_771524	20	9305	1528388	1239	0.013
DUNGS_p_TCGA_b84_115_SNP_N_GenomeWideSNP_6_B02_771524	20	1528537	1541893	9	-0.8457
DUNGS_p_TCGA_b84_115_SNP_N_GenomeWideSNP_6_B02_771524	20	1545946	3759203	1570	0.0014
DUNGS_p_TCGA_b84_115_SNP_N_GenomeWideSNP_6_B02_771524	20	3759433	3790984	12	0.4924
DUNGS_p_TCGA_b84_115_SNP_N_GenomeWideSNP_6_B02_771524	20	3791027	44135620	26433	0.0073
DUNGS_p_TCGA_b84_115_SNP_N_GenomeWideSNP_6_B02_771524	20	44135672	44138536	3	0.9529
DUNGS_p_TCGA_b84_115_SNP_N_GenomeWideSNP_6_B02_771524	20	44142900	46071427	1464	0.0074
DUNGS_p_TCGA_b84_115_SNP_N_GenomeWideSNP_6_B02_771524	20	46071493	46071734	2	-1.1958
DUNGS_p_TCGA_b84_115_SNP_N_GenomeWideSNP_6_B02_771524	20	46073495	47849867	1225	0.0112
DUNGS_p_TCGA_b84_115_SNP_N_GenomeWideSNP_6_B02_771524	20	47850407	47853522	2	-1.1686
DUNGS_p_TCGA_b84_115_SNP_N_GenomeWideSNP_6_B02_771524	20	47853540	52084561	3070	-0.0037
DUNGS_p_TCGA_b84_115_SNP_N_GenomeWideSNP_6_B02_771524	20	52085028	52091968	34	0.3137
DUNGS_p_TCGA_b84_115_SNP_N_GenomeWideSNP_6_B02_771524	20	52092000	58998640	5669	-0.0015
DUNGS_p_TCGA_b84_115_SNP_N_GenomeWideSNP_6_B02_771524	20	59002420	59023879	51	0.5666
DUNGS_p_TCGA_b84_115_SNP_N_GenomeWideSNP_6_B02_771524	20	59023902	62426597	1748	-0.0115
DUNGS_p_TCGA_b84_115_SNP_N_GenomeWideSNP_6_B02_771524	21	9758742	14021166	406	-0.0261
DUNGS_p_TCGA_b84_115_SNP_N_GenomeWideSNP_6_B02_771524	21	14021430	14022656	9	0.6258
DUNGS_p_TCGA_b84_115_SNP_N_GenomeWideSNP_6_B02_771524	21	14022929	23354370	6632	0.0122
DUNGS_p_TCGA_b84_115_SNP_N_GenomeWideSNP_6_B02_771524	21	23354385	23354475	6	0.7362
DUNGS_p_TCGA_b84_115_SNP_N_GenomeWideSNP_6_B02_771524	21	23354482	33480102	7505	0.0067
DUNGS_p_TCGA_b84_115_SNP_N_GenomeWideSNP_6_B02_771524	21	33481495	33481866	2	-1.7579
DUNGS_p_TCGA_b84_115_SNP_N_GenomeWideSNP_6_B02_771524	21	33488423	46921385	9874	-7e-04
DUNGS_p_TCGA_b84_115_SNP_N_GenomeWideSNP_6_B02_771524	22	14432528	19792623	2846	-0.0093
DUNGS_p_TCGA_b84_115_SNP_N_GenomeWideSNP_6_B02_771524	22	19792651	20051603	18	0.574
DUNGS_p_TCGA_b84_115_SNP_N_GenomeWideSNP_6_B02_771524	22	20051720	20770499	403	0.0212
DUNGS_p_TCGA_b84_115_SNP_N_GenomeWideSNP_6_B02_771524	22	20776745	20777158	9	0.6401
DUNGS_p_TCGA_b84_115_SNP_N_GenomeWideSNP_6_B02_771524	22	20777443	20798619	26	0.1109
DUNGS_p_TCGA_b84_115_SNP_N_GenomeWideSNP_6_B02_771524	22	20803918	20804613	6	-2.314
DUNGS_p_TCGA_b84_115_SNP_N_GenomeWideSNP_6_B02_771524	22	20811498	20832154	58	-0.1119
DUNGS_p_TCGA_b84_115_SNP_N_GenomeWideSNP_6_B02_771524	22	20832179	20833191	14	0.5873
DUNGS_p_TCGA_b84_115_SNP_N_GenomeWideSNP_6_B02_771524	22	20833269	21082462	269	0.0082
DUNGS_p_TCGA_b84_115_SNP_N_GenomeWideSNP_6_B02_771524	22	21082680	21082880	4	-1.5165
DUNGS_p_TCGA_b84_115_SNP_N_GenomeWideSNP_6_B02_771524	22	21087321	22601745	939	-0.0116
DUNGS_p_TCGA_b84_115_SNP_N_GenomeWideSNP_6_B02_771524	22	22613016	22660218	26	-0.4089
DUNGS_p_TCGA_b84_115_SNP_N_GenomeWideSNP_6_B02_771524	22	22660269	22661967	2	-2.9908
DUNGS_p_TCGA_b84_115_SNP_N_GenomeWideSNP_6_B02_771524	22	22662625	22667949	4	-0.7298
DUNGS_p_TCGA_b84_115_SNP_N_GenomeWideSNP_6_B02_771524	22	22674422	22732321	22	0.4585
DUNGS_p_TCGA_b84_115_SNP_N_GenomeWideSNP_6_B02_771524	22	22732442	23971025	799	0.0081
DUNGS_p_TCGA_b84_115_SNP_N_GenomeWideSNP_6_B02_771524	22	23971165	23971210	2	-1.3602
DUNGS_p_TCGA_b84_115_SNP_N_GenomeWideSNP_6_B02_771524	22	23972206	23991698	19	0.0316
DUNGS_p_TCGA_b84_115_SNP_N_GenomeWideSNP_6_B02_771524	22	23993985	23994801	3	-1.4718
DUNGS_p_TCGA_b84_115_SNP_N_GenomeWideSNP_6_B02_771524	22	23994832	36850833	9597	8e-04
DUNGS_p_TCGA_b84_115_SNP_N_GenomeWideSNP_6_B02_771524	22	36851547	36873078	19	-0.4278
DUNGS_p_TCGA_b84_115_SNP_N_GenomeWideSNP_6_B02_771524	22	36873300	41234550	2364	-0.0012
DUNGS_p_TCGA_b84_115_SNP_N_GenomeWideSNP_6_B02_771524	22	41236945	41262362	18	0.6018
DUNGS_p_TCGA_b84_115_SNP_N_GenomeWideSNP_6_B02_771524	22	41264406	49581321	6116	-0.003
DUNGS_p_TCGA_b84_115_SNP_N_GenomeWideSNP_6_B02_771524	X	108477	307725	12	0.1902
DUNGS_p_TCGA_b84_115_SNP_N_GenomeWideSNP_6_B02_771524	X	307744	307775	3	-1.6033
DUNGS_p_TCGA_b84_115_SNP_N_GenomeWideSNP_6_B02_771524	X	321522	9332167	5137	0.0049
DUNGS_p_TCGA_b84_115_SNP_N_GenomeWideSNP_6_B02_771524	X	9335009	9336235	3	-1.5669
DUNGS_p_TCGA_b84_115_SNP_N_GenomeWideSNP_6_B02_771524	X	9344230	9533791	163	0.0374
DUNGS_p_TCGA_b84_115_SNP_N_GenomeWideSNP_6_B02_771524	X	9538063	9538745	3	-1.7986
DUNGS_p_TCGA_b84_115_SNP_N_GenomeWideSNP_6_B02_771524	X	9541229	35752243	17160	0.0163
DUNGS_p_TCGA_b84_115_SNP_N_GenomeWideSNP_6_B02_771524	X	35752403	35753394	2	-1.7829
DUNGS_p_TCGA_b84_115_SNP_N_GenomeWideSNP_6_B02_771524	X	35760684	55717984	9863	0.0115
DUNGS_p_TCGA_b84_115_SNP_N_GenomeWideSNP_6_B02_771524	X	55719384	55724411	4	-1.1383
DUNGS_p_TCGA_b84_115_SNP_N_GenomeWideSNP_6_B02_771524	X	55731062	85788827	12794	0.0018
DUNGS_p_TCGA_b84_115_SNP_N_GenomeWideSNP_6_B02_771524	X	85794288	85804370	9	-0.8867
DUNGS_p_TCGA_b84_115_SNP_N_GenomeWideSNP_6_B02_771524	X	85805418	88860863	1847	7e-04
DUNGS_p_TCGA_b84_115_SNP_N_GenomeWideSNP_6_B02_771524	X	88863480	88868065	2	-1.5288
DUNGS_p_TCGA_b84_115_SNP_N_GenomeWideSNP_6_B02_771524	X	88869927	90060463	419	-0.03
DUNGS_p_TCGA_b84_115_SNP_N_GenomeWideSNP_6_B02_771524	X	90060960	90072560	6	-1.2833
DUNGS_p_TCGA_b84_115_SNP_N_GenomeWideSNP_6_B02_771524	X	90078078	106996945	8975	0.0102
DUNGS_p_TCGA_b84_115_SNP_N_GenomeWideSNP_6_B02_771524	X	106997798	106998688	2	-2.0661
DUNGS_p_TCGA_b84_115_SNP_N_GenomeWideSNP_6_B02_771524	X	107003468	114824651	4362	0.0052
DUNGS_p_TCGA_b84_115_SNP_N_GenomeWideSNP_6_B02_771524	X	114827557	114827701	2	-2.0549
DUNGS_p_TCGA_b84_115_SNP_N_GenomeWideSNP_6_B02_771524	X	114831067	154835548	23907	0.0066
DUNGS_p_TCGA_b84_115_SNP_N_GenomeWideSNP_6_B02_771524	Y	2710438	20702440	6793	-0.8929
DUNGS_p_TCGA_b84_115_SNP_N_GenomeWideSNP_6_B02_771524	Y	20721953	20875471	8	-1.7748
DUNGS_p_TCGA_b84_115_SNP_N_GenomeWideSNP_6_B02_771524	Y	20898745	57427647	1789	-0.9775
