Sample	Chromosome	Start	End	Num_Probes	Segment_Mean
DUNGS_p_TCGA_b84_115_SNP_N_GenomeWideSNP_6_A08_771552	1	51598	16022502	8424	-0.0011
DUNGS_p_TCGA_b84_115_SNP_N_GenomeWideSNP_6_A08_771552	1	16026084	16026512	6	-0.7731
DUNGS_p_TCGA_b84_115_SNP_N_GenomeWideSNP_6_A08_771552	1	16026788	16741950	305	-0.0026
DUNGS_p_TCGA_b84_115_SNP_N_GenomeWideSNP_6_A08_771552	1	16743865	17083239	109	-0.3806
DUNGS_p_TCGA_b84_115_SNP_N_GenomeWideSNP_6_A08_771552	1	17085301	17134834	57	-0.6869
DUNGS_p_TCGA_b84_115_SNP_N_GenomeWideSNP_6_A08_771552	1	17148828	21615600	3025	-0.0019
DUNGS_p_TCGA_b84_115_SNP_N_GenomeWideSNP_6_A08_771552	1	21616047	21666648	16	-0.3573
DUNGS_p_TCGA_b84_115_SNP_N_GenomeWideSNP_6_A08_771552	1	21670479	22193102	313	-0.0086
DUNGS_p_TCGA_b84_115_SNP_N_GenomeWideSNP_6_A08_771552	1	22195744	22210712	7	-1.1581
DUNGS_p_TCGA_b84_115_SNP_N_GenomeWideSNP_6_A08_771552	1	22214976	25455928	1916	-0.0196
DUNGS_p_TCGA_b84_115_SNP_N_GenomeWideSNP_6_A08_771552	1	25465715	25519533	27	0.2714
DUNGS_p_TCGA_b84_115_SNP_N_GenomeWideSNP_6_A08_771552	1	25519573	28376755	1224	-0.0278
DUNGS_p_TCGA_b84_115_SNP_N_GenomeWideSNP_6_A08_771552	1	28381105	28382392	2	-1.1806
DUNGS_p_TCGA_b84_115_SNP_N_GenomeWideSNP_6_A08_771552	1	28385092	46155482	10036	-0.0093
DUNGS_p_TCGA_b84_115_SNP_N_GenomeWideSNP_6_A08_771552	1	46155589	46155606	2	-0.9608
DUNGS_p_TCGA_b84_115_SNP_N_GenomeWideSNP_6_A08_771552	1	46158906	75823432	19514	0.0047
DUNGS_p_TCGA_b84_115_SNP_N_GenomeWideSNP_6_A08_771552	1	75827351	75827442	2	1.2584
DUNGS_p_TCGA_b84_115_SNP_N_GenomeWideSNP_6_A08_771552	1	75832097	103957166	18172	-0.007
DUNGS_p_TCGA_b84_115_SNP_N_GenomeWideSNP_6_A08_771552	1	103957254	104069745	35	-0.6636
DUNGS_p_TCGA_b84_115_SNP_N_GenomeWideSNP_6_A08_771552	1	104104926	105822742	927	0.0242
DUNGS_p_TCGA_b84_115_SNP_N_GenomeWideSNP_6_A08_771552	1	105822904	105823898	10	0.5187
DUNGS_p_TCGA_b84_115_SNP_N_GenomeWideSNP_6_A08_771552	1	105825578	108531282	1944	0.0052
DUNGS_p_TCGA_b84_115_SNP_N_GenomeWideSNP_6_A08_771552	1	108535758	108539019	3	-1.0746
DUNGS_p_TCGA_b84_115_SNP_N_GenomeWideSNP_6_A08_771552	1	108540627	110029038	725	-0.0381
DUNGS_p_TCGA_b84_115_SNP_N_GenomeWideSNP_6_A08_771552	1	110034497	110041701	17	0.2908
DUNGS_p_TCGA_b84_115_SNP_N_GenomeWideSNP_6_A08_771552	1	110044476	112491849	1959	-0.0473
DUNGS_p_TCGA_b84_115_SNP_N_GenomeWideSNP_6_A08_771552	1	112497488	112507728	36	0.2767
DUNGS_p_TCGA_b84_115_SNP_N_GenomeWideSNP_6_A08_771552	1	112507736	113454171	609	-0.0131
DUNGS_p_TCGA_b84_115_SNP_N_GenomeWideSNP_6_A08_771552	1	113456170	113459061	4	0.6574
DUNGS_p_TCGA_b84_115_SNP_N_GenomeWideSNP_6_A08_771552	1	113460410	119919827	4122	-0.0129
DUNGS_p_TCGA_b84_115_SNP_N_GenomeWideSNP_6_A08_771552	1	119923326	119923461	2	0.9471
DUNGS_p_TCGA_b84_115_SNP_N_GenomeWideSNP_6_A08_771552	1	119923666	143863085	653	-0.0069
DUNGS_p_TCGA_b84_115_SNP_N_GenomeWideSNP_6_A08_771552	1	143863316	143864114	5	1.1201
DUNGS_p_TCGA_b84_115_SNP_N_GenomeWideSNP_6_A08_771552	1	143867658	147509287	1093	-0.0026
DUNGS_p_TCGA_b84_115_SNP_N_GenomeWideSNP_6_A08_771552	1	147509349	147512654	9	0.6518
DUNGS_p_TCGA_b84_115_SNP_N_GenomeWideSNP_6_A08_771552	1	147512899	147811996	47	0.1462
DUNGS_p_TCGA_b84_115_SNP_N_GenomeWideSNP_6_A08_771552	1	147812010	147815350	3	1.0671
DUNGS_p_TCGA_b84_115_SNP_N_GenomeWideSNP_6_A08_771552	1	147845346	147959012	14	0.1392
DUNGS_p_TCGA_b84_115_SNP_N_GenomeWideSNP_6_A08_771552	1	147967858	149069651	510	-0.046
DUNGS_p_TCGA_b84_115_SNP_N_GenomeWideSNP_6_A08_771552	1	149075513	149075740	2	-1.033
DUNGS_p_TCGA_b84_115_SNP_N_GenomeWideSNP_6_A08_771552	1	149077629	150822151	966	-0.0293
DUNGS_p_TCGA_b84_115_SNP_N_GenomeWideSNP_6_A08_771552	1	150822330	150827165	9	-1.6161
DUNGS_p_TCGA_b84_115_SNP_N_GenomeWideSNP_6_A08_771552	1	150827492	150846449	19	-2.4133
DUNGS_p_TCGA_b84_115_SNP_N_GenomeWideSNP_6_A08_771552	1	150852342	150853218	7	-1.5822
DUNGS_p_TCGA_b84_115_SNP_N_GenomeWideSNP_6_A08_771552	1	150857118	151026302	171	-0.0157
DUNGS_p_TCGA_b84_115_SNP_N_GenomeWideSNP_6_A08_771552	1	151028547	151040529	38	-0.274
DUNGS_p_TCGA_b84_115_SNP_N_GenomeWideSNP_6_A08_771552	1	151043379	157133197	3625	-0.0141
DUNGS_p_TCGA_b84_115_SNP_N_GenomeWideSNP_6_A08_771552	1	157135125	157136383	2	-1.7769
DUNGS_p_TCGA_b84_115_SNP_N_GenomeWideSNP_6_A08_771552	1	157141442	161131247	2700	-0.0242
DUNGS_p_TCGA_b84_115_SNP_N_GenomeWideSNP_6_A08_771552	1	161132818	161134400	13	-0.9078
DUNGS_p_TCGA_b84_115_SNP_N_GenomeWideSNP_6_A08_771552	1	161138736	164101988	2421	0.0248
DUNGS_p_TCGA_b84_115_SNP_N_GenomeWideSNP_6_A08_771552	1	164102172	164102314	3	0.9205
DUNGS_p_TCGA_b84_115_SNP_N_GenomeWideSNP_6_A08_771552	1	164104602	173063179	6124	-0.0264
DUNGS_p_TCGA_b84_115_SNP_N_GenomeWideSNP_6_A08_771552	1	173063322	173068463	15	-0.7892
DUNGS_p_TCGA_b84_115_SNP_N_GenomeWideSNP_6_A08_771552	1	173068477	194981496	14675	0.0066
DUNGS_p_TCGA_b84_115_SNP_N_GenomeWideSNP_6_A08_771552	1	194994473	195068278	87	-0.4609
DUNGS_p_TCGA_b84_115_SNP_N_GenomeWideSNP_6_A08_771552	1	195068407	217466417	15358	-0.0059
DUNGS_p_TCGA_b84_115_SNP_N_GenomeWideSNP_6_A08_771552	1	217469050	217469388	3	-1.073
DUNGS_p_TCGA_b84_115_SNP_N_GenomeWideSNP_6_A08_771552	1	217471689	221087127	2443	0.0037
DUNGS_p_TCGA_b84_115_SNP_N_GenomeWideSNP_6_A08_771552	1	221089546	221093340	4	-0.9956
DUNGS_p_TCGA_b84_115_SNP_N_GenomeWideSNP_6_A08_771552	1	221094171	238458363	12243	-0.0053
DUNGS_p_TCGA_b84_115_SNP_N_GenomeWideSNP_6_A08_771552	1	238460638	238460762	6	0.8118
DUNGS_p_TCGA_b84_115_SNP_N_GenomeWideSNP_6_A08_771552	1	238462728	246819839	5764	0.0184
DUNGS_p_TCGA_b84_115_SNP_N_GenomeWideSNP_6_A08_771552	1	246819987	246875732	32	0.2948
DUNGS_p_TCGA_b84_115_SNP_N_GenomeWideSNP_6_A08_771552	1	246875992	247191011	141	0.0667
DUNGS_p_TCGA_b84_115_SNP_N_GenomeWideSNP_6_A08_771552	2	2784	34544573	24136	0.0117
DUNGS_p_TCGA_b84_115_SNP_N_GenomeWideSNP_6_A08_771552	2	34552819	34590561	46	0.5206
DUNGS_p_TCGA_b84_115_SNP_N_GenomeWideSNP_6_A08_771552	2	34590667	40018285	3927	0.0051
DUNGS_p_TCGA_b84_115_SNP_N_GenomeWideSNP_6_A08_771552	2	40018506	40047960	26	-0.9027
DUNGS_p_TCGA_b84_115_SNP_N_GenomeWideSNP_6_A08_771552	2	40053124	49386546	6817	-0.0022
DUNGS_p_TCGA_b84_115_SNP_N_GenomeWideSNP_6_A08_771552	2	49389272	49391299	3	-1.2502
DUNGS_p_TCGA_b84_115_SNP_N_GenomeWideSNP_6_A08_771552	2	49392149	52595241	2282	0.0357
DUNGS_p_TCGA_b84_115_SNP_N_GenomeWideSNP_6_A08_771552	2	52597429	52635046	41	0.7831
DUNGS_p_TCGA_b84_115_SNP_N_GenomeWideSNP_6_A08_771552	2	52641453	59475986	4790	0.0169
DUNGS_p_TCGA_b84_115_SNP_N_GenomeWideSNP_6_A08_771552	2	59480161	59480656	4	-0.7629
DUNGS_p_TCGA_b84_115_SNP_N_GenomeWideSNP_6_A08_771552	2	59491760	76697974	10787	-0.0032
DUNGS_p_TCGA_b84_115_SNP_N_GenomeWideSNP_6_A08_771552	2	76698681	76701094	6	-0.8084
DUNGS_p_TCGA_b84_115_SNP_N_GenomeWideSNP_6_A08_771552	2	76701134	77056213	263	0.0107
DUNGS_p_TCGA_b84_115_SNP_N_GenomeWideSNP_6_A08_771552	2	77058540	77061984	9	0.3623
DUNGS_p_TCGA_b84_115_SNP_N_GenomeWideSNP_6_A08_771552	2	77062250	97201857	8209	0.0174
DUNGS_p_TCGA_b84_115_SNP_N_GenomeWideSNP_6_A08_771552	2	97210056	97240533	20	-0.3601
DUNGS_p_TCGA_b84_115_SNP_N_GenomeWideSNP_6_A08_771552	2	97240728	97314862	11	0.0406
DUNGS_p_TCGA_b84_115_SNP_N_GenomeWideSNP_6_A08_771552	2	97379953	97628897	48	0.4526
DUNGS_p_TCGA_b84_115_SNP_N_GenomeWideSNP_6_A08_771552	2	97631123	106249661	5563	-0.0098
DUNGS_p_TCGA_b84_115_SNP_N_GenomeWideSNP_6_A08_771552	2	106249763	106251789	7	0.6987
DUNGS_p_TCGA_b84_115_SNP_N_GenomeWideSNP_6_A08_771552	2	106253687	107806722	994	0.024
DUNGS_p_TCGA_b84_115_SNP_N_GenomeWideSNP_6_A08_771552	2	107807168	107847339	3	0.7453
DUNGS_p_TCGA_b84_115_SNP_N_GenomeWideSNP_6_A08_771552	2	107858520	114078485	2849	-0.0128
DUNGS_p_TCGA_b84_115_SNP_N_GenomeWideSNP_6_A08_771552	2	114078884	114078886	2	-2.0245
DUNGS_p_TCGA_b84_115_SNP_N_GenomeWideSNP_6_A08_771552	2	114097291	126157781	7663	0.0331
DUNGS_p_TCGA_b84_115_SNP_N_GenomeWideSNP_6_A08_771552	2	126157838	126158222	3	-0.9356
DUNGS_p_TCGA_b84_115_SNP_N_GenomeWideSNP_6_A08_771552	2	126158470	146578555	12462	0.0134
DUNGS_p_TCGA_b84_115_SNP_N_GenomeWideSNP_6_A08_771552	2	146580874	146583404	24	0.6051
DUNGS_p_TCGA_b84_115_SNP_N_GenomeWideSNP_6_A08_771552	2	146594276	152143032	3294	0.0076
DUNGS_p_TCGA_b84_115_SNP_N_GenomeWideSNP_6_A08_771552	2	152143071	152173759	3	-0.9588
DUNGS_p_TCGA_b84_115_SNP_N_GenomeWideSNP_6_A08_771552	2	152174571	161985547	6039	-0.0036
DUNGS_p_TCGA_b84_115_SNP_N_GenomeWideSNP_6_A08_771552	2	161986484	161986905	2	-1.4163
DUNGS_p_TCGA_b84_115_SNP_N_GenomeWideSNP_6_A08_771552	2	161991309	184277315	13839	-0.0122
DUNGS_p_TCGA_b84_115_SNP_N_GenomeWideSNP_6_A08_771552	2	184279555	184280035	5	0.7658
DUNGS_p_TCGA_b84_115_SNP_N_GenomeWideSNP_6_A08_771552	2	184282020	184502045	144	0
DUNGS_p_TCGA_b84_115_SNP_N_GenomeWideSNP_6_A08_771552	2	184502096	184510548	16	-0.7548
DUNGS_p_TCGA_b84_115_SNP_N_GenomeWideSNP_6_A08_771552	2	184510560	208063200	13686	-0.0075
DUNGS_p_TCGA_b84_115_SNP_N_GenomeWideSNP_6_A08_771552	2	208063423	208067581	16	-1.131
DUNGS_p_TCGA_b84_115_SNP_N_GenomeWideSNP_6_A08_771552	2	208067721	237468105	19075	0.0053
DUNGS_p_TCGA_b84_115_SNP_N_GenomeWideSNP_6_A08_771552	2	237468272	237468673	4	-0.7788
DUNGS_p_TCGA_b84_115_SNP_N_GenomeWideSNP_6_A08_771552	2	237468721	242738129	3085	-0.0144
DUNGS_p_TCGA_b84_115_SNP_N_GenomeWideSNP_6_A08_771552	3	35345	1231380	1005	0.1132
DUNGS_p_TCGA_b84_115_SNP_N_GenomeWideSNP_6_A08_771552	3	1231760	1231852	3	-0.7237
DUNGS_p_TCGA_b84_115_SNP_N_GenomeWideSNP_6_A08_771552	3	1234479	1715624	503	0.1102
DUNGS_p_TCGA_b84_115_SNP_N_GenomeWideSNP_6_A08_771552	3	1716942	1720861	5	-0.6425
DUNGS_p_TCGA_b84_115_SNP_N_GenomeWideSNP_6_A08_771552	3	1720934	5509893	3349	0.0405
DUNGS_p_TCGA_b84_115_SNP_N_GenomeWideSNP_6_A08_771552	3	5510582	5514114	2	-1.043
DUNGS_p_TCGA_b84_115_SNP_N_GenomeWideSNP_6_A08_771552	3	5514588	11383063	4726	0.0229
DUNGS_p_TCGA_b84_115_SNP_N_GenomeWideSNP_6_A08_771552	3	11387604	11388400	4	-1.1698
DUNGS_p_TCGA_b84_115_SNP_N_GenomeWideSNP_6_A08_771552	3	11392265	20282794	5723	-0.0116
DUNGS_p_TCGA_b84_115_SNP_N_GenomeWideSNP_6_A08_771552	3	20288129	20291087	3	-0.7351
DUNGS_p_TCGA_b84_115_SNP_N_GenomeWideSNP_6_A08_771552	3	20303085	20607076	216	0.025
DUNGS_p_TCGA_b84_115_SNP_N_GenomeWideSNP_6_A08_771552	3	20609723	20617757	5	-0.9454
DUNGS_p_TCGA_b84_115_SNP_N_GenomeWideSNP_6_A08_771552	3	20620604	26409128	4414	0.0449
DUNGS_p_TCGA_b84_115_SNP_N_GenomeWideSNP_6_A08_771552	3	26409299	26414347	4	-1.1863
DUNGS_p_TCGA_b84_115_SNP_N_GenomeWideSNP_6_A08_771552	3	26420977	26586501	117	0.0564
DUNGS_p_TCGA_b84_115_SNP_N_GenomeWideSNP_6_A08_771552	3	26586611	26586889	6	-1.451
DUNGS_p_TCGA_b84_115_SNP_N_GenomeWideSNP_6_A08_771552	3	26586902	26589981	11	-0.2076
DUNGS_p_TCGA_b84_115_SNP_N_GenomeWideSNP_6_A08_771552	3	26589982	26589986	3	-1.0754
DUNGS_p_TCGA_b84_115_SNP_N_GenomeWideSNP_6_A08_771552	3	26589988	26598101	27	-0.0011
DUNGS_p_TCGA_b84_115_SNP_N_GenomeWideSNP_6_A08_771552	3	26598404	26601556	3	-0.5599
DUNGS_p_TCGA_b84_115_SNP_N_GenomeWideSNP_6_A08_771552	3	26603388	26954785	259	0.0274
DUNGS_p_TCGA_b84_115_SNP_N_GenomeWideSNP_6_A08_771552	3	26954805	26962007	3	0.6999
DUNGS_p_TCGA_b84_115_SNP_N_GenomeWideSNP_6_A08_771552	3	26965106	33021860	4170	-0.0122
DUNGS_p_TCGA_b84_115_SNP_N_GenomeWideSNP_6_A08_771552	3	33022354	33023825	2	-1.0388
DUNGS_p_TCGA_b84_115_SNP_N_GenomeWideSNP_6_A08_771552	3	33025705	65163493	20866	0.0116
DUNGS_p_TCGA_b84_115_SNP_N_GenomeWideSNP_6_A08_771552	3	65164275	65185492	53	-0.6256
DUNGS_p_TCGA_b84_115_SNP_N_GenomeWideSNP_6_A08_771552	3	65191389	68828854	2425	0.0047
DUNGS_p_TCGA_b84_115_SNP_N_GenomeWideSNP_6_A08_771552	3	68828949	68830103	14	-1.7853
DUNGS_p_TCGA_b84_115_SNP_N_GenomeWideSNP_6_A08_771552	3	68831448	100419653	15972	0.0176
DUNGS_p_TCGA_b84_115_SNP_N_GenomeWideSNP_6_A08_771552	3	100420474	100436451	45	0.2409
DUNGS_p_TCGA_b84_115_SNP_N_GenomeWideSNP_6_A08_771552	3	100447567	111507614	6617	-0.0063
DUNGS_p_TCGA_b84_115_SNP_N_GenomeWideSNP_6_A08_771552	3	111507637	111507654	2	-0.9544
DUNGS_p_TCGA_b84_115_SNP_N_GenomeWideSNP_6_A08_771552	3	111510155	129881911	11505	-0.0061
DUNGS_p_TCGA_b84_115_SNP_N_GenomeWideSNP_6_A08_771552	3	129887861	129894468	6	0.5865
DUNGS_p_TCGA_b84_115_SNP_N_GenomeWideSNP_6_A08_771552	3	129895021	131245549	626	-0.0078
DUNGS_p_TCGA_b84_115_SNP_N_GenomeWideSNP_6_A08_771552	3	131246388	131288926	52	0.5013
DUNGS_p_TCGA_b84_115_SNP_N_GenomeWideSNP_6_A08_771552	3	131289614	133472020	1444	-0.0131
DUNGS_p_TCGA_b84_115_SNP_N_GenomeWideSNP_6_A08_771552	3	133472037	133478374	5	-0.6414
DUNGS_p_TCGA_b84_115_SNP_N_GenomeWideSNP_6_A08_771552	3	133483167	142025229	5294	0.0191
DUNGS_p_TCGA_b84_115_SNP_N_GenomeWideSNP_6_A08_771552	3	142028391	142046765	7	0.3334
DUNGS_p_TCGA_b84_115_SNP_N_GenomeWideSNP_6_A08_771552	3	142048537	144768455	1632	-0.0109
DUNGS_p_TCGA_b84_115_SNP_N_GenomeWideSNP_6_A08_771552	3	144768490	144768664	4	0.7096
DUNGS_p_TCGA_b84_115_SNP_N_GenomeWideSNP_6_A08_771552	3	144769491	163995433	11925	0.0089
DUNGS_p_TCGA_b84_115_SNP_N_GenomeWideSNP_6_A08_771552	3	163995786	164109297	70	0.6329
DUNGS_p_TCGA_b84_115_SNP_N_GenomeWideSNP_6_A08_771552	3	164111308	173756049	5742	0.0096
DUNGS_p_TCGA_b84_115_SNP_N_GenomeWideSNP_6_A08_771552	3	173757210	173759673	6	-0.553
DUNGS_p_TCGA_b84_115_SNP_N_GenomeWideSNP_6_A08_771552	3	173760694	196766953	14966	0.0081
DUNGS_p_TCGA_b84_115_SNP_N_GenomeWideSNP_6_A08_771552	3	196767187	196932593	29	-0.5286
DUNGS_p_TCGA_b84_115_SNP_N_GenomeWideSNP_6_A08_771552	3	196941179	197145930	98	0.0016
DUNGS_p_TCGA_b84_115_SNP_N_GenomeWideSNP_6_A08_771552	3	197145947	197203162	8	-0.6498
DUNGS_p_TCGA_b84_115_SNP_N_GenomeWideSNP_6_A08_771552	3	197209701	198216172	496	-0.0292
DUNGS_p_TCGA_b84_115_SNP_N_GenomeWideSNP_6_A08_771552	3	198218347	198226687	7	-0.5426
DUNGS_p_TCGA_b84_115_SNP_N_GenomeWideSNP_6_A08_771552	3	198233805	199380515	584	0.0025
DUNGS_p_TCGA_b84_115_SNP_N_GenomeWideSNP_6_A08_771552	4	2281	9066075	5254	0.0119
DUNGS_p_TCGA_b84_115_SNP_N_GenomeWideSNP_6_A08_771552	4	9070328	9074070	3	-1.1969
DUNGS_p_TCGA_b84_115_SNP_N_GenomeWideSNP_6_A08_771552	4	9079832	9468995	170	-0.0028
DUNGS_p_TCGA_b84_115_SNP_N_GenomeWideSNP_6_A08_771552	4	9468999	9473325	3	-1.6353
DUNGS_p_TCGA_b84_115_SNP_N_GenomeWideSNP_6_A08_771552	4	9474140	9819488	379	0.0095
DUNGS_p_TCGA_b84_115_SNP_N_GenomeWideSNP_6_A08_771552	4	9823258	9840347	28	-1.8577
DUNGS_p_TCGA_b84_115_SNP_N_GenomeWideSNP_6_A08_771552	4	9840596	9844366	8	-0.7309
DUNGS_p_TCGA_b84_115_SNP_N_GenomeWideSNP_6_A08_771552	4	9845240	34455399	17004	0.0188
DUNGS_p_TCGA_b84_115_SNP_N_GenomeWideSNP_6_A08_771552	4	34455420	34506267	42	0.5967
DUNGS_p_TCGA_b84_115_SNP_N_GenomeWideSNP_6_A08_771552	4	34506308	35690188	776	0.0186
DUNGS_p_TCGA_b84_115_SNP_N_GenomeWideSNP_6_A08_771552	4	35690807	35691621	4	-0.731
DUNGS_p_TCGA_b84_115_SNP_N_GenomeWideSNP_6_A08_771552	4	35691913	63350429	15263	0.0153
DUNGS_p_TCGA_b84_115_SNP_N_GenomeWideSNP_6_A08_771552	4	63352531	63354257	8	-0.7481
DUNGS_p_TCGA_b84_115_SNP_N_GenomeWideSNP_6_A08_771552	4	63362225	64376535	556	0.0395
DUNGS_p_TCGA_b84_115_SNP_N_GenomeWideSNP_6_A08_771552	4	64380064	64390853	29	-0.4469
DUNGS_p_TCGA_b84_115_SNP_N_GenomeWideSNP_6_A08_771552	4	64399026	65506753	670	0.0231
DUNGS_p_TCGA_b84_115_SNP_N_GenomeWideSNP_6_A08_771552	4	65506847	65506865	2	-0.9778
DUNGS_p_TCGA_b84_115_SNP_N_GenomeWideSNP_6_A08_771552	4	65506908	68902978	2183	0.0147
DUNGS_p_TCGA_b84_115_SNP_N_GenomeWideSNP_6_A08_771552	4	68909443	68939354	4	1.6973
DUNGS_p_TCGA_b84_115_SNP_N_GenomeWideSNP_6_A08_771552	4	68942668	68970737	8	-0.7857
DUNGS_p_TCGA_b84_115_SNP_N_GenomeWideSNP_6_A08_771552	4	68977394	69234339	85	-0.0829
DUNGS_p_TCGA_b84_115_SNP_N_GenomeWideSNP_6_A08_771552	4	69378740	69477123	5	-1.1336
DUNGS_p_TCGA_b84_115_SNP_N_GenomeWideSNP_6_A08_771552	4	69485755	70169269	328	0.049
DUNGS_p_TCGA_b84_115_SNP_N_GenomeWideSNP_6_A08_771552	4	70172546	70270740	48	0.3014
DUNGS_p_TCGA_b84_115_SNP_N_GenomeWideSNP_6_A08_771552	4	70273685	80212846	6205	0.0034
DUNGS_p_TCGA_b84_115_SNP_N_GenomeWideSNP_6_A08_771552	4	80213061	80219805	2	-1.363
DUNGS_p_TCGA_b84_115_SNP_N_GenomeWideSNP_6_A08_771552	4	80220734	90647193	6406	-0.0052
DUNGS_p_TCGA_b84_115_SNP_N_GenomeWideSNP_6_A08_771552	4	90647222	90647287	2	-1.4446
DUNGS_p_TCGA_b84_115_SNP_N_GenomeWideSNP_6_A08_771552	4	90647517	96466413	3345	0.0184
DUNGS_p_TCGA_b84_115_SNP_N_GenomeWideSNP_6_A08_771552	4	96466501	96466619	5	0.5772
DUNGS_p_TCGA_b84_115_SNP_N_GenomeWideSNP_6_A08_771552	4	96467639	104429650	4718	-0.0099
DUNGS_p_TCGA_b84_115_SNP_N_GenomeWideSNP_6_A08_771552	4	104434158	104443620	15	0.4033
DUNGS_p_TCGA_b84_115_SNP_N_GenomeWideSNP_6_A08_771552	4	104448392	118132096	8391	0.0049
DUNGS_p_TCGA_b84_115_SNP_N_GenomeWideSNP_6_A08_771552	4	118132902	118141887	4	-0.8765
DUNGS_p_TCGA_b84_115_SNP_N_GenomeWideSNP_6_A08_771552	4	118144422	125678855	4428	0
DUNGS_p_TCGA_b84_115_SNP_N_GenomeWideSNP_6_A08_771552	4	125679801	125682385	3	-1.1772
DUNGS_p_TCGA_b84_115_SNP_N_GenomeWideSNP_6_A08_771552	4	125682475	138157815	7031	0.0296
DUNGS_p_TCGA_b84_115_SNP_N_GenomeWideSNP_6_A08_771552	4	138157928	138182967	43	0.2558
DUNGS_p_TCGA_b84_115_SNP_N_GenomeWideSNP_6_A08_771552	4	138183015	138311689	79	0.024
DUNGS_p_TCGA_b84_115_SNP_N_GenomeWideSNP_6_A08_771552	4	138311870	138331109	23	0.3069
DUNGS_p_TCGA_b84_115_SNP_N_GenomeWideSNP_6_A08_771552	4	138332012	153095116	8988	0.0012
DUNGS_p_TCGA_b84_115_SNP_N_GenomeWideSNP_6_A08_771552	4	153098459	153137676	43	-1.0315
DUNGS_p_TCGA_b84_115_SNP_N_GenomeWideSNP_6_A08_771552	4	153144579	157187630	2661	-0.0036
DUNGS_p_TCGA_b84_115_SNP_N_GenomeWideSNP_6_A08_771552	4	157187733	157187748	2	-1.1808
DUNGS_p_TCGA_b84_115_SNP_N_GenomeWideSNP_6_A08_771552	4	157187923	162099647	3085	0.0186
DUNGS_p_TCGA_b84_115_SNP_N_GenomeWideSNP_6_A08_771552	4	162099753	162104358	17	-0.7838
DUNGS_p_TCGA_b84_115_SNP_N_GenomeWideSNP_6_A08_771552	4	162104369	171504519	5990	0.0212
DUNGS_p_TCGA_b84_115_SNP_N_GenomeWideSNP_6_A08_771552	4	171504657	171509733	7	-0.618
DUNGS_p_TCGA_b84_115_SNP_N_GenomeWideSNP_6_A08_771552	4	171510589	172605921	685	0.0085
DUNGS_p_TCGA_b84_115_SNP_N_GenomeWideSNP_6_A08_771552	4	172611459	172614299	11	-1.3009
DUNGS_p_TCGA_b84_115_SNP_N_GenomeWideSNP_6_A08_771552	4	172614351	173224503	398	0.0335
DUNGS_p_TCGA_b84_115_SNP_N_GenomeWideSNP_6_A08_771552	4	173225723	173226108	12	0.6959
DUNGS_p_TCGA_b84_115_SNP_N_GenomeWideSNP_6_A08_771552	4	173232554	181367549	5126	0.021
DUNGS_p_TCGA_b84_115_SNP_N_GenomeWideSNP_6_A08_771552	4	181374065	181374128	2	-0.9984
DUNGS_p_TCGA_b84_115_SNP_N_GenomeWideSNP_6_A08_771552	4	181374174	181852881	422	0.0285
DUNGS_p_TCGA_b84_115_SNP_N_GenomeWideSNP_6_A08_771552	4	181855813	181857416	2	-1.0116
DUNGS_p_TCGA_b84_115_SNP_N_GenomeWideSNP_6_A08_771552	4	181859906	184864804	2240	0.0527
DUNGS_p_TCGA_b84_115_SNP_N_GenomeWideSNP_6_A08_771552	4	184868832	184869523	2	-0.8212
DUNGS_p_TCGA_b84_115_SNP_N_GenomeWideSNP_6_A08_771552	4	184871735	187326536	1737	0.0132
DUNGS_p_TCGA_b84_115_SNP_N_GenomeWideSNP_6_A08_771552	4	187330982	187334392	2	0.9898
DUNGS_p_TCGA_b84_115_SNP_N_GenomeWideSNP_6_A08_771552	4	187343864	191261904	2607	0.0863
DUNGS_p_TCGA_b84_115_SNP_N_GenomeWideSNP_6_A08_771552	5	68532	738748	308	0.0615
DUNGS_p_TCGA_b84_115_SNP_N_GenomeWideSNP_6_A08_771552	5	751371	871541	46	0.3604
DUNGS_p_TCGA_b84_115_SNP_N_GenomeWideSNP_6_A08_771552	5	871755	12853889	9878	0.0397
DUNGS_p_TCGA_b84_115_SNP_N_GenomeWideSNP_6_A08_771552	5	12868780	12879650	11	-1.8933
DUNGS_p_TCGA_b84_115_SNP_N_GenomeWideSNP_6_A08_771552	5	12886857	27560209	9111	0.0292
DUNGS_p_TCGA_b84_115_SNP_N_GenomeWideSNP_6_A08_771552	5	27561147	27561777	10	-0.4538
DUNGS_p_TCGA_b84_115_SNP_N_GenomeWideSNP_6_A08_771552	5	27563236	32138488	3024	0.021
DUNGS_p_TCGA_b84_115_SNP_N_GenomeWideSNP_6_A08_771552	5	32142841	32194212	40	0.6751
DUNGS_p_TCGA_b84_115_SNP_N_GenomeWideSNP_6_A08_771552	5	32206044	57357403	13501	-1e-04
DUNGS_p_TCGA_b84_115_SNP_N_GenomeWideSNP_6_A08_771552	5	57361784	57369290	32	1.0977
DUNGS_p_TCGA_b84_115_SNP_N_GenomeWideSNP_6_A08_771552	5	57374114	63031531	3699	0.009
DUNGS_p_TCGA_b84_115_SNP_N_GenomeWideSNP_6_A08_771552	5	63031694	63072654	28	0.2447
DUNGS_p_TCGA_b84_115_SNP_N_GenomeWideSNP_6_A08_771552	5	63072988	68882059	3581	-0.0131
DUNGS_p_TCGA_b84_115_SNP_N_GenomeWideSNP_6_A08_771552	5	68903050	69153891	5	-1.1129
DUNGS_p_TCGA_b84_115_SNP_N_GenomeWideSNP_6_A08_771552	5	69269183	70343141	15	0.1297
DUNGS_p_TCGA_b84_115_SNP_N_GenomeWideSNP_6_A08_771552	5	70343163	98864471	16644	-0.0071
DUNGS_p_TCGA_b84_115_SNP_N_GenomeWideSNP_6_A08_771552	5	98867773	98868525	2	-1.0101
DUNGS_p_TCGA_b84_115_SNP_N_GenomeWideSNP_6_A08_771552	5	98872236	103757161	2852	0.0208
DUNGS_p_TCGA_b84_115_SNP_N_GenomeWideSNP_6_A08_771552	5	103763004	103795775	19	-0.8867
DUNGS_p_TCGA_b84_115_SNP_N_GenomeWideSNP_6_A08_771552	5	103799665	103879120	46	0.0653
DUNGS_p_TCGA_b84_115_SNP_N_GenomeWideSNP_6_A08_771552	5	103888272	103888503	4	-1.0077
DUNGS_p_TCGA_b84_115_SNP_N_GenomeWideSNP_6_A08_771552	5	103888948	103980580	91	0.0398
DUNGS_p_TCGA_b84_115_SNP_N_GenomeWideSNP_6_A08_771552	5	103982621	103983153	7	-0.5247
DUNGS_p_TCGA_b84_115_SNP_N_GenomeWideSNP_6_A08_771552	5	103989195	121157398	11776	0.011
DUNGS_p_TCGA_b84_115_SNP_N_GenomeWideSNP_6_A08_771552	5	121160836	121163375	3	-1.1669
DUNGS_p_TCGA_b84_115_SNP_N_GenomeWideSNP_6_A08_771552	5	121164025	151491250	18948	0.0011
DUNGS_p_TCGA_b84_115_SNP_N_GenomeWideSNP_6_A08_771552	5	151491841	151498416	21	0.2647
DUNGS_p_TCGA_b84_115_SNP_N_GenomeWideSNP_6_A08_771552	5	151498493	151656226	123	-0.0033
DUNGS_p_TCGA_b84_115_SNP_N_GenomeWideSNP_6_A08_771552	5	151656753	151657083	4	-0.635
DUNGS_p_TCGA_b84_115_SNP_N_GenomeWideSNP_6_A08_771552	5	151657743	177047068	17382	0.0146
DUNGS_p_TCGA_b84_115_SNP_N_GenomeWideSNP_6_A08_771552	5	177065049	177192021	17	-0.4169
DUNGS_p_TCGA_b84_115_SNP_N_GenomeWideSNP_6_A08_771552	5	177192936	180307129	1812	-0.0024
DUNGS_p_TCGA_b84_115_SNP_N_GenomeWideSNP_6_A08_771552	5	180311316	180350709	19	-2.1359
DUNGS_p_TCGA_b84_115_SNP_N_GenomeWideSNP_6_A08_771552	5	180365831	180722926	171	0.028
DUNGS_p_TCGA_b84_115_SNP_N_GenomeWideSNP_6_A08_771552	6	94661	199283	101	0.0697
DUNGS_p_TCGA_b84_115_SNP_N_GenomeWideSNP_6_A08_771552	6	202353	248121	26	-0.6697
DUNGS_p_TCGA_b84_115_SNP_N_GenomeWideSNP_6_A08_771552	6	259962	15963407	12276	-6e-04
DUNGS_p_TCGA_b84_115_SNP_N_GenomeWideSNP_6_A08_771552	6	15964598	15965110	2	-1.1078
DUNGS_p_TCGA_b84_115_SNP_N_GenomeWideSNP_6_A08_771552	6	15965228	29945167	9364	-0.0089
DUNGS_p_TCGA_b84_115_SNP_N_GenomeWideSNP_6_A08_771552	6	29945293	29957246	14	-1.1174
DUNGS_p_TCGA_b84_115_SNP_N_GenomeWideSNP_6_A08_771552	6	29958175	31388802	674	-0.047
DUNGS_p_TCGA_b84_115_SNP_N_GenomeWideSNP_6_A08_771552	6	31394255	31403932	8	0.955
DUNGS_p_TCGA_b84_115_SNP_N_GenomeWideSNP_6_A08_771552	6	31403966	32689867	555	-0.0899
DUNGS_p_TCGA_b84_115_SNP_N_GenomeWideSNP_6_A08_771552	6	32690181	32717405	16	0.2853
DUNGS_p_TCGA_b84_115_SNP_N_GenomeWideSNP_6_A08_771552	6	32732282	32734596	6	-1.0298
DUNGS_p_TCGA_b84_115_SNP_N_GenomeWideSNP_6_A08_771552	6	32758590	40410679	4920	-0.0207
DUNGS_p_TCGA_b84_115_SNP_N_GenomeWideSNP_6_A08_771552	6	40411314	40412681	3	-0.6035
DUNGS_p_TCGA_b84_115_SNP_N_GenomeWideSNP_6_A08_771552	6	40413071	44968861	2858	-0.0203
DUNGS_p_TCGA_b84_115_SNP_N_GenomeWideSNP_6_A08_771552	6	44986043	44992021	6	-0.554
DUNGS_p_TCGA_b84_115_SNP_N_GenomeWideSNP_6_A08_771552	6	44992245	77493251	18289	0.0118
DUNGS_p_TCGA_b84_115_SNP_N_GenomeWideSNP_6_A08_771552	6	77496587	77509392	19	-0.4896
DUNGS_p_TCGA_b84_115_SNP_N_GenomeWideSNP_6_A08_771552	6	77509408	79019608	982	0.0312
DUNGS_p_TCGA_b84_115_SNP_N_GenomeWideSNP_6_A08_771552	6	79025784	79091904	113	0.385
DUNGS_p_TCGA_b84_115_SNP_N_GenomeWideSNP_6_A08_771552	6	79095953	103844917	15510	0.0127
DUNGS_p_TCGA_b84_115_SNP_N_GenomeWideSNP_6_A08_771552	6	103844982	103858720	20	-0.3537
DUNGS_p_TCGA_b84_115_SNP_N_GenomeWideSNP_6_A08_771552	6	103858735	133035721	18225	-0.008
DUNGS_p_TCGA_b84_115_SNP_N_GenomeWideSNP_6_A08_771552	6	133036870	133037067	2	-1.3631
DUNGS_p_TCGA_b84_115_SNP_N_GenomeWideSNP_6_A08_771552	6	133037791	134298668	896	-0.0118
DUNGS_p_TCGA_b84_115_SNP_N_GenomeWideSNP_6_A08_771552	6	134299139	134313765	7	-0.5011
DUNGS_p_TCGA_b84_115_SNP_N_GenomeWideSNP_6_A08_771552	6	134319739	139642724	3696	-0.0307
DUNGS_p_TCGA_b84_115_SNP_N_GenomeWideSNP_6_A08_771552	6	139647020	139647450	2	-1.1167
DUNGS_p_TCGA_b84_115_SNP_N_GenomeWideSNP_6_A08_771552	6	139650296	167527586	19351	0.0013
DUNGS_p_TCGA_b84_115_SNP_N_GenomeWideSNP_6_A08_771552	6	167528005	167533253	3	-0.924
DUNGS_p_TCGA_b84_115_SNP_N_GenomeWideSNP_6_A08_771552	6	167534094	170892930	2123	0.0634
DUNGS_p_TCGA_b84_115_SNP_N_GenomeWideSNP_6_A08_771552	7	52911	6895226	3473	0.0166
DUNGS_p_TCGA_b84_115_SNP_N_GenomeWideSNP_6_A08_771552	7	6896187	6906527	4	-0.8453
DUNGS_p_TCGA_b84_115_SNP_N_GenomeWideSNP_6_A08_771552	7	6907805	21035377	11524	0.0128
DUNGS_p_TCGA_b84_115_SNP_N_GenomeWideSNP_6_A08_771552	7	21037509	21037975	3	0.7275
DUNGS_p_TCGA_b84_115_SNP_N_GenomeWideSNP_6_A08_771552	7	21038593	22401305	1116	-0.0045
DUNGS_p_TCGA_b84_115_SNP_N_GenomeWideSNP_6_A08_771552	7	22401997	22403012	2	1.5987
DUNGS_p_TCGA_b84_115_SNP_N_GenomeWideSNP_6_A08_771552	7	22405279	26098815	2771	-0.0088
DUNGS_p_TCGA_b84_115_SNP_N_GenomeWideSNP_6_A08_771552	7	26108917	26111938	4	-0.8109
DUNGS_p_TCGA_b84_115_SNP_N_GenomeWideSNP_6_A08_771552	7	26113744	37152293	7740	0.0023
DUNGS_p_TCGA_b84_115_SNP_N_GenomeWideSNP_6_A08_771552	7	37152394	37158762	7	0.5347
DUNGS_p_TCGA_b84_115_SNP_N_GenomeWideSNP_6_A08_771552	7	37161317	54347867	11972	0.0181
DUNGS_p_TCGA_b84_115_SNP_N_GenomeWideSNP_6_A08_771552	7	54353999	54354006	4	-1.0162
DUNGS_p_TCGA_b84_115_SNP_N_GenomeWideSNP_6_A08_771552	7	54354008	86770701	15551	0.0281
DUNGS_p_TCGA_b84_115_SNP_N_GenomeWideSNP_6_A08_771552	7	86778739	86784824	3	-0.8654
DUNGS_p_TCGA_b84_115_SNP_N_GenomeWideSNP_6_A08_771552	7	86786163	97239868	6629	0.0129
DUNGS_p_TCGA_b84_115_SNP_N_GenomeWideSNP_6_A08_771552	7	97239895	97240411	7	-0.8121
DUNGS_p_TCGA_b84_115_SNP_N_GenomeWideSNP_6_A08_771552	7	97242176	109221034	6639	-0.0032
DUNGS_p_TCGA_b84_115_SNP_N_GenomeWideSNP_6_A08_771552	7	109224328	109224905	9	0.5647
DUNGS_p_TCGA_b84_115_SNP_N_GenomeWideSNP_6_A08_771552	7	109224909	109228448	15	0.1533
DUNGS_p_TCGA_b84_115_SNP_N_GenomeWideSNP_6_A08_771552	7	109228480	109241146	11	0.6272
DUNGS_p_TCGA_b84_115_SNP_N_GenomeWideSNP_6_A08_771552	7	109241218	133435717	14766	0.0071
DUNGS_p_TCGA_b84_115_SNP_N_GenomeWideSNP_6_A08_771552	7	133435735	133446174	26	0.64
DUNGS_p_TCGA_b84_115_SNP_N_GenomeWideSNP_6_A08_771552	7	133446205	141416112	5215	-0.0079
DUNGS_p_TCGA_b84_115_SNP_N_GenomeWideSNP_6_A08_771552	7	141416149	141433779	28	0.2763
DUNGS_p_TCGA_b84_115_SNP_N_GenomeWideSNP_6_A08_771552	7	141433831	141691401	204	0.0036
DUNGS_p_TCGA_b84_115_SNP_N_GenomeWideSNP_6_A08_771552	7	141693581	141693868	5	0.6459
DUNGS_p_TCGA_b84_115_SNP_N_GenomeWideSNP_6_A08_771552	7	141694120	142156294	256	-0.0542
DUNGS_p_TCGA_b84_115_SNP_N_GenomeWideSNP_6_A08_771552	7	142156339	142165614	26	0.5199
DUNGS_p_TCGA_b84_115_SNP_N_GenomeWideSNP_6_A08_771552	7	142165684	142532332	242	-0.0236
DUNGS_p_TCGA_b84_115_SNP_N_GenomeWideSNP_6_A08_771552	7	142538076	142601843	33	-0.9213
DUNGS_p_TCGA_b84_115_SNP_N_GenomeWideSNP_6_A08_771552	7	142607892	142928980	196	-0.0073
DUNGS_p_TCGA_b84_115_SNP_N_GenomeWideSNP_6_A08_771552	7	142929090	143153596	84	0.1873
DUNGS_p_TCGA_b84_115_SNP_N_GenomeWideSNP_6_A08_771552	7	143154141	143540378	290	-0.0061
DUNGS_p_TCGA_b84_115_SNP_N_GenomeWideSNP_6_A08_771552	7	143542557	143680234	35	-0.4672
DUNGS_p_TCGA_b84_115_SNP_N_GenomeWideSNP_6_A08_771552	7	143680312	149588004	3658	0.0104
DUNGS_p_TCGA_b84_115_SNP_N_GenomeWideSNP_6_A08_771552	7	149595308	149619040	5	0.6803
DUNGS_p_TCGA_b84_115_SNP_N_GenomeWideSNP_6_A08_771552	7	149623031	154020828	2794	0.0177
DUNGS_p_TCGA_b84_115_SNP_N_GenomeWideSNP_6_A08_771552	7	154024104	154030546	4	-2.4758
DUNGS_p_TCGA_b84_115_SNP_N_GenomeWideSNP_6_A08_771552	7	154031763	157810356	2606	0.0307
DUNGS_p_TCGA_b84_115_SNP_N_GenomeWideSNP_6_A08_771552	7	157821349	157824926	2	1.3553
DUNGS_p_TCGA_b84_115_SNP_N_GenomeWideSNP_6_A08_771552	7	157829747	158819765	639	0.0838
DUNGS_p_TCGA_b84_115_SNP_N_GenomeWideSNP_6_A08_771552	8	21254	4175842	4250	0.0658
DUNGS_p_TCGA_b84_115_SNP_N_GenomeWideSNP_6_A08_771552	8	4175919	4177588	6	0.6923
DUNGS_p_TCGA_b84_115_SNP_N_GenomeWideSNP_6_A08_771552	8	4177720	6813673	3471	0.0657
DUNGS_p_TCGA_b84_115_SNP_N_GenomeWideSNP_6_A08_771552	8	6813700	6863552	19	-0.6625
DUNGS_p_TCGA_b84_115_SNP_N_GenomeWideSNP_6_A08_771552	8	6865598	7158507	90	0.0324
DUNGS_p_TCGA_b84_115_SNP_N_GenomeWideSNP_6_A08_771552	8	7174042	7174056	2	2.1319
DUNGS_p_TCGA_b84_115_SNP_N_GenomeWideSNP_6_A08_771552	8	7181231	7241738	28	0.1939
DUNGS_p_TCGA_b84_115_SNP_N_GenomeWideSNP_6_A08_771552	8	7241751	8324455	397	-0.0835
DUNGS_p_TCGA_b84_115_SNP_N_GenomeWideSNP_6_A08_771552	8	8324466	8328767	5	-0.8374
DUNGS_p_TCGA_b84_115_SNP_N_GenomeWideSNP_6_A08_771552	8	8329155	9353217	1028	0.0194
DUNGS_p_TCGA_b84_115_SNP_N_GenomeWideSNP_6_A08_771552	8	9355725	9355814	2	-1.2257
DUNGS_p_TCGA_b84_115_SNP_N_GenomeWideSNP_6_A08_771552	8	9356115	12242560	2026	0.021
DUNGS_p_TCGA_b84_115_SNP_N_GenomeWideSNP_6_A08_771552	8	12242625	12278771	11	-0.1705
DUNGS_p_TCGA_b84_115_SNP_N_GenomeWideSNP_6_A08_771552	8	12284206	12285662	9	-0.7792
DUNGS_p_TCGA_b84_115_SNP_N_GenomeWideSNP_6_A08_771552	8	12285876	12366963	43	-0.268
DUNGS_p_TCGA_b84_115_SNP_N_GenomeWideSNP_6_A08_771552	8	12367246	13699127	1170	0.0412
DUNGS_p_TCGA_b84_115_SNP_N_GenomeWideSNP_6_A08_771552	8	13699773	13700080	4	-0.8442
DUNGS_p_TCGA_b84_115_SNP_N_GenomeWideSNP_6_A08_771552	8	13701332	14553939	829	-0.0017
DUNGS_p_TCGA_b84_115_SNP_N_GenomeWideSNP_6_A08_771552	8	14554403	14554847	6	0.6504
DUNGS_p_TCGA_b84_115_SNP_N_GenomeWideSNP_6_A08_771552	8	14554863	14621971	75	0.0148
DUNGS_p_TCGA_b84_115_SNP_N_GenomeWideSNP_6_A08_771552	8	14621982	14623080	8	-1.0126
DUNGS_p_TCGA_b84_115_SNP_N_GenomeWideSNP_6_A08_771552	8	14623176	25035471	8400	0.0166
DUNGS_p_TCGA_b84_115_SNP_N_GenomeWideSNP_6_A08_771552	8	25035821	25035904	7	-1.4691
DUNGS_p_TCGA_b84_115_SNP_N_GenomeWideSNP_6_A08_771552	8	25039986	25466123	324	0.0061
DUNGS_p_TCGA_b84_115_SNP_N_GenomeWideSNP_6_A08_771552	8	25471121	25471186	2	-1.2447
DUNGS_p_TCGA_b84_115_SNP_N_GenomeWideSNP_6_A08_771552	8	25471367	39345506	8725	0.0107
DUNGS_p_TCGA_b84_115_SNP_N_GenomeWideSNP_6_A08_771552	8	39349340	39506122	62	-0.2368
DUNGS_p_TCGA_b84_115_SNP_N_GenomeWideSNP_6_A08_771552	8	39507456	51194564	4598	0.0304
DUNGS_p_TCGA_b84_115_SNP_N_GenomeWideSNP_6_A08_771552	8	51194577	51195976	8	0.598
DUNGS_p_TCGA_b84_115_SNP_N_GenomeWideSNP_6_A08_771552	8	51201131	61165412	6558	0.0191
DUNGS_p_TCGA_b84_115_SNP_N_GenomeWideSNP_6_A08_771552	8	61165518	61170288	21	0.2744
DUNGS_p_TCGA_b84_115_SNP_N_GenomeWideSNP_6_A08_771552	8	61170302	65011190	2487	0.0122
DUNGS_p_TCGA_b84_115_SNP_N_GenomeWideSNP_6_A08_771552	8	65011451	65011672	6	0.7319
DUNGS_p_TCGA_b84_115_SNP_N_GenomeWideSNP_6_A08_771552	8	65012064	68710013	1878	0.0113
DUNGS_p_TCGA_b84_115_SNP_N_GenomeWideSNP_6_A08_771552	8	68710081	68711975	24	0.3095
DUNGS_p_TCGA_b84_115_SNP_N_GenomeWideSNP_6_A08_771552	8	68712331	69102428	299	4e-04
DUNGS_p_TCGA_b84_115_SNP_N_GenomeWideSNP_6_A08_771552	8	69103376	69112122	3	-0.7958
DUNGS_p_TCGA_b84_115_SNP_N_GenomeWideSNP_6_A08_771552	8	69112224	72374919	2044	0.0175
DUNGS_p_TCGA_b84_115_SNP_N_GenomeWideSNP_6_A08_771552	8	72377865	72379153	9	-0.5543
DUNGS_p_TCGA_b84_115_SNP_N_GenomeWideSNP_6_A08_771552	8	72382417	112363642	24152	0.0103
DUNGS_p_TCGA_b84_115_SNP_N_GenomeWideSNP_6_A08_771552	8	112363822	112364436	7	-1.4597
DUNGS_p_TCGA_b84_115_SNP_N_GenomeWideSNP_6_A08_771552	8	112369457	115701219	1827	0.0188
DUNGS_p_TCGA_b84_115_SNP_N_GenomeWideSNP_6_A08_771552	8	115703663	115710659	30	-0.5014
DUNGS_p_TCGA_b84_115_SNP_N_GenomeWideSNP_6_A08_771552	8	115710693	129825448	9827	-0.0099
DUNGS_p_TCGA_b84_115_SNP_N_GenomeWideSNP_6_A08_771552	8	129832317	129833267	2	0.9326
DUNGS_p_TCGA_b84_115_SNP_N_GenomeWideSNP_6_A08_771552	8	129846636	136501669	5155	-0.003
DUNGS_p_TCGA_b84_115_SNP_N_GenomeWideSNP_6_A08_771552	8	136501813	136505460	3	-0.6259
DUNGS_p_TCGA_b84_115_SNP_N_GenomeWideSNP_6_A08_771552	8	136507157	144913897	5654	0.0378
DUNGS_p_TCGA_b84_115_SNP_N_GenomeWideSNP_6_A08_771552	8	144919630	144920091	2	-1.0089
DUNGS_p_TCGA_b84_115_SNP_N_GenomeWideSNP_6_A08_771552	8	144929327	146268959	457	-0.0081
DUNGS_p_TCGA_b84_115_SNP_N_GenomeWideSNP_6_A08_771552	9	36587	2471455	2698	0.0383
DUNGS_p_TCGA_b84_115_SNP_N_GenomeWideSNP_6_A08_771552	9	2471651	2471683	2	-0.9457
DUNGS_p_TCGA_b84_115_SNP_N_GenomeWideSNP_6_A08_771552	9	2473527	4117906	1553	0.0022
DUNGS_p_TCGA_b84_115_SNP_N_GenomeWideSNP_6_A08_771552	9	4118024	4118256	2	0.8953
DUNGS_p_TCGA_b84_115_SNP_N_GenomeWideSNP_6_A08_771552	9	4118480	5071416	1002	-0.0015
DUNGS_p_TCGA_b84_115_SNP_N_GenomeWideSNP_6_A08_771552	9	5071528	5071766	7	-0.7129
DUNGS_p_TCGA_b84_115_SNP_N_GenomeWideSNP_6_A08_771552	9	5071852	5292749	177	-0.0267
DUNGS_p_TCGA_b84_115_SNP_N_GenomeWideSNP_6_A08_771552	9	5301567	5327707	13	-1.0356
DUNGS_p_TCGA_b84_115_SNP_N_GenomeWideSNP_6_A08_771552	9	5330984	5576956	215	-0.0483
DUNGS_p_TCGA_b84_115_SNP_N_GenomeWideSNP_6_A08_771552	9	5581850	5582739	3	-0.8393
DUNGS_p_TCGA_b84_115_SNP_N_GenomeWideSNP_6_A08_771552	9	5585841	22910820	14517	0.0275
DUNGS_p_TCGA_b84_115_SNP_N_GenomeWideSNP_6_A08_771552	9	22914982	22915244	3	-1.1001
DUNGS_p_TCGA_b84_115_SNP_N_GenomeWideSNP_6_A08_771552	9	22919988	24493816	1094	0.0306
DUNGS_p_TCGA_b84_115_SNP_N_GenomeWideSNP_6_A08_771552	9	24494125	24507682	19	-0.9094
DUNGS_p_TCGA_b84_115_SNP_N_GenomeWideSNP_6_A08_771552	9	24509684	26598592	1528	0.0346
DUNGS_p_TCGA_b84_115_SNP_N_GenomeWideSNP_6_A08_771552	9	26598724	26600116	3	0.8234
DUNGS_p_TCGA_b84_115_SNP_N_GenomeWideSNP_6_A08_771552	9	26607163	41723631	8542	0.0089
DUNGS_p_TCGA_b84_115_SNP_N_GenomeWideSNP_6_A08_771552	9	41832529	43730342	73	0.2405
DUNGS_p_TCGA_b84_115_SNP_N_GenomeWideSNP_6_A08_771552	9	43740182	67673801	240	-0.0539
DUNGS_p_TCGA_b84_115_SNP_N_GenomeWideSNP_6_A08_771552	9	67675871	67675876	3	-0.9063
DUNGS_p_TCGA_b84_115_SNP_N_GenomeWideSNP_6_A08_771552	9	67675877	75354986	4023	0.0017
DUNGS_p_TCGA_b84_115_SNP_N_GenomeWideSNP_6_A08_771552	9	75355214	75360209	4	-0.6783
DUNGS_p_TCGA_b84_115_SNP_N_GenomeWideSNP_6_A08_771552	9	75363759	101309248	18199	0.0031
DUNGS_p_TCGA_b84_115_SNP_N_GenomeWideSNP_6_A08_771552	9	101309303	101311483	2	-1.0589
DUNGS_p_TCGA_b84_115_SNP_N_GenomeWideSNP_6_A08_771552	9	101311982	135647272	24032	0.0082
DUNGS_p_TCGA_b84_115_SNP_N_GenomeWideSNP_6_A08_771552	9	135647427	135647431	2	-1.7147
DUNGS_p_TCGA_b84_115_SNP_N_GenomeWideSNP_6_A08_771552	9	135655129	139375654	1620	8e-04
DUNGS_p_TCGA_b84_115_SNP_N_GenomeWideSNP_6_A08_771552	9	139392824	139392896	4	0.8791
DUNGS_p_TCGA_b84_115_SNP_N_GenomeWideSNP_6_A08_771552	9	139403162	140211215	409	0.0281
DUNGS_p_TCGA_b84_115_SNP_N_GenomeWideSNP_6_A08_771552	10	62759	1724473	1133	0.0635
DUNGS_p_TCGA_b84_115_SNP_N_GenomeWideSNP_6_A08_771552	10	1724599	1725619	2	1.0894
DUNGS_p_TCGA_b84_115_SNP_N_GenomeWideSNP_6_A08_771552	10	1726049	1909683	200	0.0438
DUNGS_p_TCGA_b84_115_SNP_N_GenomeWideSNP_6_A08_771552	10	1911040	1912296	4	-0.854
DUNGS_p_TCGA_b84_115_SNP_N_GenomeWideSNP_6_A08_771552	10	1913115	4280814	2252	0.015
DUNGS_p_TCGA_b84_115_SNP_N_GenomeWideSNP_6_A08_771552	10	4280838	4281016	3	0.9381
DUNGS_p_TCGA_b84_115_SNP_N_GenomeWideSNP_6_A08_771552	10	4284071	18213969	11321	-0.0119
DUNGS_p_TCGA_b84_115_SNP_N_GenomeWideSNP_6_A08_771552	10	18225129	18263653	4	-1.6913
DUNGS_p_TCGA_b84_115_SNP_N_GenomeWideSNP_6_A08_771552	10	18270265	20880880	2138	0.0168
DUNGS_p_TCGA_b84_115_SNP_N_GenomeWideSNP_6_A08_771552	10	20890118	20893540	6	-0.6276
DUNGS_p_TCGA_b84_115_SNP_N_GenomeWideSNP_6_A08_771552	10	20902433	24415269	2201	-0.006
DUNGS_p_TCGA_b84_115_SNP_N_GenomeWideSNP_6_A08_771552	10	24417680	24417681	2	-1.1292
DUNGS_p_TCGA_b84_115_SNP_N_GenomeWideSNP_6_A08_771552	10	24417682	24418060	9	-2.4883
DUNGS_p_TCGA_b84_115_SNP_N_GenomeWideSNP_6_A08_771552	10	24418914	27263909	1994	0.0166
DUNGS_p_TCGA_b84_115_SNP_N_GenomeWideSNP_6_A08_771552	10	27265910	27268479	13	0.4781
DUNGS_p_TCGA_b84_115_SNP_N_GenomeWideSNP_6_A08_771552	10	27269999	28643470	944	-0.0263
DUNGS_p_TCGA_b84_115_SNP_N_GenomeWideSNP_6_A08_771552	10	28644368	28644916	2	-1.1947
DUNGS_p_TCGA_b84_115_SNP_N_GenomeWideSNP_6_A08_771552	10	28646749	31286516	2096	0.001
DUNGS_p_TCGA_b84_115_SNP_N_GenomeWideSNP_6_A08_771552	10	31291340	31291785	11	-0.7305
DUNGS_p_TCGA_b84_115_SNP_N_GenomeWideSNP_6_A08_771552	10	31291828	32991743	1059	-0.0271
DUNGS_p_TCGA_b84_115_SNP_N_GenomeWideSNP_6_A08_771552	10	32992343	32992495	3	-0.7664
DUNGS_p_TCGA_b84_115_SNP_N_GenomeWideSNP_6_A08_771552	10	32992534	47417400	6586	0.018
DUNGS_p_TCGA_b84_115_SNP_N_GenomeWideSNP_6_A08_771552	10	47432905	47468066	3	-1.4569
DUNGS_p_TCGA_b84_115_SNP_N_GenomeWideSNP_6_A08_771552	10	47480482	48702576	306	0.0267
DUNGS_p_TCGA_b84_115_SNP_N_GenomeWideSNP_6_A08_771552	10	48882777	48882834	2	-1.1654
DUNGS_p_TCGA_b84_115_SNP_N_GenomeWideSNP_6_A08_771552	10	48911485	58123686	6269	0.0186
DUNGS_p_TCGA_b84_115_SNP_N_GenomeWideSNP_6_A08_771552	10	58124564	58152762	19	0.2409
DUNGS_p_TCGA_b84_115_SNP_N_GenomeWideSNP_6_A08_771552	10	58155019	58181450	35	-0.0451
DUNGS_p_TCGA_b84_115_SNP_N_GenomeWideSNP_6_A08_771552	10	58181643	58195519	42	0.2423
DUNGS_p_TCGA_b84_115_SNP_N_GenomeWideSNP_6_A08_771552	10	58195614	64179397	4343	-0.0015
DUNGS_p_TCGA_b84_115_SNP_N_GenomeWideSNP_6_A08_771552	10	64183554	64188198	3	-0.7931
DUNGS_p_TCGA_b84_115_SNP_N_GenomeWideSNP_6_A08_771552	10	64191362	66976282	1785	0.002
DUNGS_p_TCGA_b84_115_SNP_N_GenomeWideSNP_6_A08_771552	10	66977929	66984452	28	-0.4934
DUNGS_p_TCGA_b84_115_SNP_N_GenomeWideSNP_6_A08_771552	10	66992801	69672114	1789	0.0375
DUNGS_p_TCGA_b84_115_SNP_N_GenomeWideSNP_6_A08_771552	10	69672941	69674960	2	-1.3413
DUNGS_p_TCGA_b84_115_SNP_N_GenomeWideSNP_6_A08_771552	10	69674996	77922857	5017	-0.0063
DUNGS_p_TCGA_b84_115_SNP_N_GenomeWideSNP_6_A08_771552	10	77927067	77927616	2	-1.3094
DUNGS_p_TCGA_b84_115_SNP_N_GenomeWideSNP_6_A08_771552	10	77931273	81022774	2444	0.0125
DUNGS_p_TCGA_b84_115_SNP_N_GenomeWideSNP_6_A08_771552	10	81053880	81452221	24	-0.2923
DUNGS_p_TCGA_b84_115_SNP_N_GenomeWideSNP_6_A08_771552	10	81486935	81587120	20	-0.8592
DUNGS_p_TCGA_b84_115_SNP_N_GenomeWideSNP_6_A08_771552	10	81587759	81818390	110	0.0048
DUNGS_p_TCGA_b84_115_SNP_N_GenomeWideSNP_6_A08_771552	10	81819933	81821684	2	-1.0156
DUNGS_p_TCGA_b84_115_SNP_N_GenomeWideSNP_6_A08_771552	10	81822459	92449907	7576	0.006
DUNGS_p_TCGA_b84_115_SNP_N_GenomeWideSNP_6_A08_771552	10	92452695	92453271	4	-1.07
DUNGS_p_TCGA_b84_115_SNP_N_GenomeWideSNP_6_A08_771552	10	92461560	108798363	10063	0.0011
DUNGS_p_TCGA_b84_115_SNP_N_GenomeWideSNP_6_A08_771552	10	108798470	108799514	2	-0.9549
DUNGS_p_TCGA_b84_115_SNP_N_GenomeWideSNP_6_A08_771552	10	108799609	134560418	18975	0.0214
DUNGS_p_TCGA_b84_115_SNP_N_GenomeWideSNP_6_A08_771552	10	134564978	134565235	4	-0.6336
DUNGS_p_TCGA_b84_115_SNP_N_GenomeWideSNP_6_A08_771552	10	134570505	135356694	327	0.0611
DUNGS_p_TCGA_b84_115_SNP_N_GenomeWideSNP_6_A08_771552	11	188510	1610144	496	-0.014
DUNGS_p_TCGA_b84_115_SNP_N_GenomeWideSNP_6_A08_771552	11	1611141	1611337	2	-2.1896
DUNGS_p_TCGA_b84_115_SNP_N_GenomeWideSNP_6_A08_771552	11	1613703	4926943	1990	-0.0041
DUNGS_p_TCGA_b84_115_SNP_N_GenomeWideSNP_6_A08_771552	11	4928581	4933454	33	0.5693
DUNGS_p_TCGA_b84_115_SNP_N_GenomeWideSNP_6_A08_771552	11	4933468	5477551	542	0.0197
DUNGS_p_TCGA_b84_115_SNP_N_GenomeWideSNP_6_A08_771552	11	5478727	5479140	6	-0.7349
DUNGS_p_TCGA_b84_115_SNP_N_GenomeWideSNP_6_A08_771552	11	5480169	5743981	240	0.0213
DUNGS_p_TCGA_b84_115_SNP_N_GenomeWideSNP_6_A08_771552	11	5744656	5765715	32	-0.7681
DUNGS_p_TCGA_b84_115_SNP_N_GenomeWideSNP_6_A08_771552	11	5765914	12011781	4667	-0.0043
DUNGS_p_TCGA_b84_115_SNP_N_GenomeWideSNP_6_A08_771552	11	12017552	12019564	3	0.8176
DUNGS_p_TCGA_b84_115_SNP_N_GenomeWideSNP_6_A08_771552	11	12020433	42769727	22047	0.0136
DUNGS_p_TCGA_b84_115_SNP_N_GenomeWideSNP_6_A08_771552	11	42773062	42774615	2	-3.2149
DUNGS_p_TCGA_b84_115_SNP_N_GenomeWideSNP_6_A08_771552	11	42777179	49664951	3858	5e-04
DUNGS_p_TCGA_b84_115_SNP_N_GenomeWideSNP_6_A08_771552	11	49667437	49717264	30	-0.7627
DUNGS_p_TCGA_b84_115_SNP_N_GenomeWideSNP_6_A08_771552	11	49722737	51033319	371	0.0556
DUNGS_p_TCGA_b84_115_SNP_N_GenomeWideSNP_6_A08_771552	11	51040151	51051627	5	-0.9717
DUNGS_p_TCGA_b84_115_SNP_N_GenomeWideSNP_6_A08_771552	11	51061717	54696918	167	0.0603
DUNGS_p_TCGA_b84_115_SNP_N_GenomeWideSNP_6_A08_771552	11	54722184	54738787	6	-0.7006
DUNGS_p_TCGA_b84_115_SNP_N_GenomeWideSNP_6_A08_771552	11	54766051	55132856	211	0.1092
DUNGS_p_TCGA_b84_115_SNP_N_GenomeWideSNP_6_A08_771552	11	55133074	55209585	51	0.5649
DUNGS_p_TCGA_b84_115_SNP_N_GenomeWideSNP_6_A08_771552	11	55210152	55637313	329	0.0896
DUNGS_p_TCGA_b84_115_SNP_N_GenomeWideSNP_6_A08_771552	11	55639955	55644106	3	-0.8913
DUNGS_p_TCGA_b84_115_SNP_N_GenomeWideSNP_6_A08_771552	11	55645069	55740643	55	0.1364
DUNGS_p_TCGA_b84_115_SNP_N_GenomeWideSNP_6_A08_771552	11	55745025	75642022	10294	-0.0155
DUNGS_p_TCGA_b84_115_SNP_N_GenomeWideSNP_6_A08_771552	11	75645619	75645875	2	-1.2933
DUNGS_p_TCGA_b84_115_SNP_N_GenomeWideSNP_6_A08_771552	11	75647168	89084623	9246	0.0174
DUNGS_p_TCGA_b84_115_SNP_N_GenomeWideSNP_6_A08_771552	11	89088135	89399078	44	0.219
DUNGS_p_TCGA_b84_115_SNP_N_GenomeWideSNP_6_A08_771552	11	89416494	89449986	5	-0.7404
DUNGS_p_TCGA_b84_115_SNP_N_GenomeWideSNP_6_A08_771552	11	89457958	95184068	4145	0.0158
DUNGS_p_TCGA_b84_115_SNP_N_GenomeWideSNP_6_A08_771552	11	95184928	95184988	2	-1.2263
DUNGS_p_TCGA_b84_115_SNP_N_GenomeWideSNP_6_A08_771552	11	95186792	127564693	22992	0.0052
DUNGS_p_TCGA_b84_115_SNP_N_GenomeWideSNP_6_A08_771552	11	127565639	127566008	2	-0.91
DUNGS_p_TCGA_b84_115_SNP_N_GenomeWideSNP_6_A08_771552	11	127566306	134107001	5076	0.037
DUNGS_p_TCGA_b84_115_SNP_N_GenomeWideSNP_6_A08_771552	11	134107490	134108156	2	-1.6125
DUNGS_p_TCGA_b84_115_SNP_N_GenomeWideSNP_6_A08_771552	11	134109202	134449982	283	0.1491
DUNGS_p_TCGA_b84_115_SNP_N_GenomeWideSNP_6_A08_771552	12	20703	8248774	5557	-7e-04
DUNGS_p_TCGA_b84_115_SNP_N_GenomeWideSNP_6_A08_771552	12	8253317	8327505	25	-0.3417
DUNGS_p_TCGA_b84_115_SNP_N_GenomeWideSNP_6_A08_771552	12	8327595	9564733	640	-0.0409
DUNGS_p_TCGA_b84_115_SNP_N_GenomeWideSNP_6_A08_771552	12	9576377	9588986	8	0.4572
DUNGS_p_TCGA_b84_115_SNP_N_GenomeWideSNP_6_A08_771552	12	9596393	10471727	641	-0.0594
DUNGS_p_TCGA_b84_115_SNP_N_GenomeWideSNP_6_A08_771552	12	10474634	10487987	6	-0.8672
DUNGS_p_TCGA_b84_115_SNP_N_GenomeWideSNP_6_A08_771552	12	10490069	10708878	135	-0.0591
DUNGS_p_TCGA_b84_115_SNP_N_GenomeWideSNP_6_A08_771552	12	10708924	10709127	3	0.8188
DUNGS_p_TCGA_b84_115_SNP_N_GenomeWideSNP_6_A08_771552	12	10709210	11118180	271	-0.0536
DUNGS_p_TCGA_b84_115_SNP_N_GenomeWideSNP_6_A08_771552	12	11122722	11132799	6	0.8129
DUNGS_p_TCGA_b84_115_SNP_N_GenomeWideSNP_6_A08_771552	12	11143141	30126848	13309	-0.0046
DUNGS_p_TCGA_b84_115_SNP_N_GenomeWideSNP_6_A08_771552	12	30130534	30134842	19	-0.5469
DUNGS_p_TCGA_b84_115_SNP_N_GenomeWideSNP_6_A08_771552	12	30134857	31148962	880	0.0283
DUNGS_p_TCGA_b84_115_SNP_N_GenomeWideSNP_6_A08_771552	12	31152965	31301146	95	0.5691
DUNGS_p_TCGA_b84_115_SNP_N_GenomeWideSNP_6_A08_771552	12	31301551	33172827	1289	0.006
DUNGS_p_TCGA_b84_115_SNP_N_GenomeWideSNP_6_A08_771552	12	33173493	33199627	42	0.2921
DUNGS_p_TCGA_b84_115_SNP_N_GenomeWideSNP_6_A08_771552	12	33199654	33199856	5	-0.4904
DUNGS_p_TCGA_b84_115_SNP_N_GenomeWideSNP_6_A08_771552	12	33200130	33270870	36	0.1566
DUNGS_p_TCGA_b84_115_SNP_N_GenomeWideSNP_6_A08_771552	12	33271192	33286685	9	0.656
DUNGS_p_TCGA_b84_115_SNP_N_GenomeWideSNP_6_A08_771552	12	33290320	34122207	528	0.0655
DUNGS_p_TCGA_b84_115_SNP_N_GenomeWideSNP_6_A08_771552	12	34122382	34122790	3	-0.9198
DUNGS_p_TCGA_b84_115_SNP_N_GenomeWideSNP_6_A08_771552	12	34131258	71376641	21720	-0.0092
DUNGS_p_TCGA_b84_115_SNP_N_GenomeWideSNP_6_A08_771552	12	71377364	71387382	8	0.4214
DUNGS_p_TCGA_b84_115_SNP_N_GenomeWideSNP_6_A08_771552	12	71390139	123026656	32903	0.0032
DUNGS_p_TCGA_b84_115_SNP_N_GenomeWideSNP_6_A08_771552	12	123026780	123028262	3	-0.7762
DUNGS_p_TCGA_b84_115_SNP_N_GenomeWideSNP_6_A08_771552	12	123030789	130686200	6433	0.0579
DUNGS_p_TCGA_b84_115_SNP_N_GenomeWideSNP_6_A08_771552	12	130686539	130708284	16	0.3972
DUNGS_p_TCGA_b84_115_SNP_N_GenomeWideSNP_6_A08_771552	12	130708322	132288262	571	0.0156
DUNGS_p_TCGA_b84_115_SNP_N_GenomeWideSNP_6_A08_771552	13	17924949	18213173	71	0.0969
DUNGS_p_TCGA_b84_115_SNP_N_GenomeWideSNP_6_A08_771552	13	18216366	18293638	13	-0.4413
DUNGS_p_TCGA_b84_115_SNP_N_GenomeWideSNP_6_A08_771552	13	18296553	19019459	483	0.0598
DUNGS_p_TCGA_b84_115_SNP_N_GenomeWideSNP_6_A08_771552	13	19021895	19021910	2	-1.1452
DUNGS_p_TCGA_b84_115_SNP_N_GenomeWideSNP_6_A08_771552	13	19022501	23918277	3471	0.007
DUNGS_p_TCGA_b84_115_SNP_N_GenomeWideSNP_6_A08_771552	13	23920166	23938042	25	-0.4713
DUNGS_p_TCGA_b84_115_SNP_N_GenomeWideSNP_6_A08_771552	13	23938057	36973965	9520	6e-04
DUNGS_p_TCGA_b84_115_SNP_N_GenomeWideSNP_6_A08_771552	13	36974267	36976352	5	-0.7904
DUNGS_p_TCGA_b84_115_SNP_N_GenomeWideSNP_6_A08_771552	13	36976419	37950811	708	0.0072
DUNGS_p_TCGA_b84_115_SNP_N_GenomeWideSNP_6_A08_771552	13	37955572	37956056	2	-0.9588
DUNGS_p_TCGA_b84_115_SNP_N_GenomeWideSNP_6_A08_771552	13	37963057	42554443	3246	-0.0265
DUNGS_p_TCGA_b84_115_SNP_N_GenomeWideSNP_6_A08_771552	13	42554473	42564370	5	0.4885
DUNGS_p_TCGA_b84_115_SNP_N_GenomeWideSNP_6_A08_771552	13	42564520	45929714	2227	-0.0121
DUNGS_p_TCGA_b84_115_SNP_N_GenomeWideSNP_6_A08_771552	13	45932810	45934023	2	-1.1282
DUNGS_p_TCGA_b84_115_SNP_N_GenomeWideSNP_6_A08_771552	13	45945213	56656271	6373	-0.0113
DUNGS_p_TCGA_b84_115_SNP_N_GenomeWideSNP_6_A08_771552	13	56656290	56676381	33	-0.6709
DUNGS_p_TCGA_b84_115_SNP_N_GenomeWideSNP_6_A08_771552	13	56687715	71374989	9013	0.0274
DUNGS_p_TCGA_b84_115_SNP_N_GenomeWideSNP_6_A08_771552	13	71375556	71378557	4	-2.7911
DUNGS_p_TCGA_b84_115_SNP_N_GenomeWideSNP_6_A08_771552	13	71378606	114126499	29178	0.0143
DUNGS_p_TCGA_b84_115_SNP_N_GenomeWideSNP_6_A08_771552	14	18072124	18763249	50	0.0838
DUNGS_p_TCGA_b84_115_SNP_N_GenomeWideSNP_6_A08_771552	14	18767885	18947072	17	0.7738
DUNGS_p_TCGA_b84_115_SNP_N_GenomeWideSNP_6_A08_771552	14	18979264	19227683	14	0.3126
DUNGS_p_TCGA_b84_115_SNP_N_GenomeWideSNP_6_A08_771552	14	19270023	19493212	109	1.0158
DUNGS_p_TCGA_b84_115_SNP_N_GenomeWideSNP_6_A08_771552	14	19494766	26605274	4833	-0.0215
DUNGS_p_TCGA_b84_115_SNP_N_GenomeWideSNP_6_A08_771552	14	26606092	26606230	2	-0.9546
DUNGS_p_TCGA_b84_115_SNP_N_GenomeWideSNP_6_A08_771552	14	26608558	27557281	540	0.0388
DUNGS_p_TCGA_b84_115_SNP_N_GenomeWideSNP_6_A08_771552	14	27557719	27587155	16	0.3276
DUNGS_p_TCGA_b84_115_SNP_N_GenomeWideSNP_6_A08_771552	14	27587455	40545843	8128	0.0186
DUNGS_p_TCGA_b84_115_SNP_N_GenomeWideSNP_6_A08_771552	14	40546058	40546205	6	0.5613
DUNGS_p_TCGA_b84_115_SNP_N_GenomeWideSNP_6_A08_771552	14	40546245	40677279	133	0.0106
DUNGS_p_TCGA_b84_115_SNP_N_GenomeWideSNP_6_A08_771552	14	40677384	40726999	16	0.3854
DUNGS_p_TCGA_b84_115_SNP_N_GenomeWideSNP_6_A08_771552	14	40727099	43729693	1838	0.0275
DUNGS_p_TCGA_b84_115_SNP_N_GenomeWideSNP_6_A08_771552	14	43737084	43737514	4	-0.8413
DUNGS_p_TCGA_b84_115_SNP_N_GenomeWideSNP_6_A08_771552	14	43739844	47579600	2244	0.0362
DUNGS_p_TCGA_b84_115_SNP_N_GenomeWideSNP_6_A08_771552	14	47580327	47580340	2	-0.9424
DUNGS_p_TCGA_b84_115_SNP_N_GenomeWideSNP_6_A08_771552	14	47582687	69083732	13780	-0.0143
DUNGS_p_TCGA_b84_115_SNP_N_GenomeWideSNP_6_A08_771552	14	69087800	69092466	10	-0.8482
DUNGS_p_TCGA_b84_115_SNP_N_GenomeWideSNP_6_A08_771552	14	69092479	73065527	2629	-0.0042
DUNGS_p_TCGA_b84_115_SNP_N_GenomeWideSNP_6_A08_771552	14	73070876	73099653	10	-1.9873
DUNGS_p_TCGA_b84_115_SNP_N_GenomeWideSNP_6_A08_771552	14	73099668	78232829	3381	-0.0085
DUNGS_p_TCGA_b84_115_SNP_N_GenomeWideSNP_6_A08_771552	14	78234842	78235361	3	-1.2655
DUNGS_p_TCGA_b84_115_SNP_N_GenomeWideSNP_6_A08_771552	14	78236078	85521664	4898	0.0198
DUNGS_p_TCGA_b84_115_SNP_N_GenomeWideSNP_6_A08_771552	14	85530379	85558194	38	-0.9548
DUNGS_p_TCGA_b84_115_SNP_N_GenomeWideSNP_6_A08_771552	14	85559964	105606340	12516	-0.0103
DUNGS_p_TCGA_b84_115_SNP_N_GenomeWideSNP_6_A08_771552	14	105609107	105638145	14	0.8114
DUNGS_p_TCGA_b84_115_SNP_N_GenomeWideSNP_6_A08_771552	14	105640508	105939331	139	-0.0511
DUNGS_p_TCGA_b84_115_SNP_N_GenomeWideSNP_6_A08_771552	14	105939599	105943107	2	-1.3147
DUNGS_p_TCGA_b84_115_SNP_N_GenomeWideSNP_6_A08_771552	14	105945406	106231370	187	0.0519
DUNGS_p_TCGA_b84_115_SNP_N_GenomeWideSNP_6_A08_771552	14	106231444	106245617	12	0.5083
DUNGS_p_TCGA_b84_115_SNP_N_GenomeWideSNP_6_A08_771552	14	106247258	106356482	77	-0.0255
DUNGS_p_TCGA_b84_115_SNP_N_GenomeWideSNP_6_A08_771552	15	18276341	18672492	65	0.1153
DUNGS_p_TCGA_b84_115_SNP_N_GenomeWideSNP_6_A08_771552	15	18676251	18838435	33	0.6535
DUNGS_p_TCGA_b84_115_SNP_N_GenomeWideSNP_6_A08_771552	15	18841465	18841469	5	-0.0653
DUNGS_p_TCGA_b84_115_SNP_N_GenomeWideSNP_6_A08_771552	15	18841576	18884220	39	0.7334
DUNGS_p_TCGA_b84_115_SNP_N_GenomeWideSNP_6_A08_771552	15	18887022	19843053	185	0.4533
DUNGS_p_TCGA_b84_115_SNP_N_GenomeWideSNP_6_A08_771552	15	19852286	20088838	95	0.7149
DUNGS_p_TCGA_b84_115_SNP_N_GenomeWideSNP_6_A08_771552	15	20224763	22225980	1008	0.0484
DUNGS_p_TCGA_b84_115_SNP_N_GenomeWideSNP_6_A08_771552	15	22226226	22269266	37	-0.6287
DUNGS_p_TCGA_b84_115_SNP_N_GenomeWideSNP_6_A08_771552	15	22269689	24111285	1338	0.0462
DUNGS_p_TCGA_b84_115_SNP_N_GenomeWideSNP_6_A08_771552	15	24113245	24114249	2	-4.1153
DUNGS_p_TCGA_b84_115_SNP_N_GenomeWideSNP_6_A08_771552	15	24114681	29713884	3069	0.0422
DUNGS_p_TCGA_b84_115_SNP_N_GenomeWideSNP_6_A08_771552	15	29715475	29717509	2	0.7356
DUNGS_p_TCGA_b84_115_SNP_N_GenomeWideSNP_6_A08_771552	15	29717629	29762552	25	0.0216
DUNGS_p_TCGA_b84_115_SNP_N_GenomeWideSNP_6_A08_771552	15	29769253	29806023	8	-0.4308
DUNGS_p_TCGA_b84_115_SNP_N_GenomeWideSNP_6_A08_771552	15	29807545	30276545	363	0.0025
DUNGS_p_TCGA_b84_115_SNP_N_GenomeWideSNP_6_A08_771552	15	30291556	30297184	2	-1.169
DUNGS_p_TCGA_b84_115_SNP_N_GenomeWideSNP_6_A08_771552	15	30297384	32501415	1546	-0.0042
DUNGS_p_TCGA_b84_115_SNP_N_GenomeWideSNP_6_A08_771552	15	32507087	32605609	69	-0.7738
DUNGS_p_TCGA_b84_115_SNP_N_GenomeWideSNP_6_A08_771552	15	32617545	51572331	11666	-0.0087
DUNGS_p_TCGA_b84_115_SNP_N_GenomeWideSNP_6_A08_771552	15	51572445	51572571	4	-1.8305
DUNGS_p_TCGA_b84_115_SNP_N_GenomeWideSNP_6_A08_771552	15	51577539	67116869	10574	-0.0151
DUNGS_p_TCGA_b84_115_SNP_N_GenomeWideSNP_6_A08_771552	15	67118339	67118414	2	1.5851
DUNGS_p_TCGA_b84_115_SNP_N_GenomeWideSNP_6_A08_771552	15	67124729	71571854	2727	-0.0183
DUNGS_p_TCGA_b84_115_SNP_N_GenomeWideSNP_6_A08_771552	15	71579885	71580540	2	-0.9056
DUNGS_p_TCGA_b84_115_SNP_N_GenomeWideSNP_6_A08_771552	15	71582077	74678566	1525	-0.0278
DUNGS_p_TCGA_b84_115_SNP_N_GenomeWideSNP_6_A08_771552	15	74678682	74682829	19	0.6076
DUNGS_p_TCGA_b84_115_SNP_N_GenomeWideSNP_6_A08_771552	15	74682830	81346053	3917	-0.0071
DUNGS_p_TCGA_b84_115_SNP_N_GenomeWideSNP_6_A08_771552	15	81348350	81349075	5	-0.6456
DUNGS_p_TCGA_b84_115_SNP_N_GenomeWideSNP_6_A08_771552	15	81350425	84392174	1721	0.0096
DUNGS_p_TCGA_b84_115_SNP_N_GenomeWideSNP_6_A08_771552	15	84392851	84392875	2	-1.2768
DUNGS_p_TCGA_b84_115_SNP_N_GenomeWideSNP_6_A08_771552	15	84392929	85990140	1399	0.0246
DUNGS_p_TCGA_b84_115_SNP_N_GenomeWideSNP_6_A08_771552	15	85994730	85996643	2	-1.103
DUNGS_p_TCGA_b84_115_SNP_N_GenomeWideSNP_6_A08_771552	15	85997754	95061135	6829	0.0065
DUNGS_p_TCGA_b84_115_SNP_N_GenomeWideSNP_6_A08_771552	15	95062362	95065682	6	-1.0376
DUNGS_p_TCGA_b84_115_SNP_N_GenomeWideSNP_6_A08_771552	15	95070785	100286563	3821	0.0158
DUNGS_p_TCGA_b84_115_SNP_N_GenomeWideSNP_6_A08_771552	16	777	5547891	2631	0.0068
DUNGS_p_TCGA_b84_115_SNP_N_GenomeWideSNP_6_A08_771552	16	5548090	5548152	2	0.9967
DUNGS_p_TCGA_b84_115_SNP_N_GenomeWideSNP_6_A08_771552	16	5548338	6714697	1421	0.0799
DUNGS_p_TCGA_b84_115_SNP_N_GenomeWideSNP_6_A08_771552	16	6714909	6716968	3	-0.5919
DUNGS_p_TCGA_b84_115_SNP_N_GenomeWideSNP_6_A08_771552	16	6717197	15166407	7189	0.0432
DUNGS_p_TCGA_b84_115_SNP_N_GenomeWideSNP_6_A08_771552	16	15168237	15172676	2	-1.0588
DUNGS_p_TCGA_b84_115_SNP_N_GenomeWideSNP_6_A08_771552	16	15173107	16202219	544	0.0056
DUNGS_p_TCGA_b84_115_SNP_N_GenomeWideSNP_6_A08_771552	16	16203308	16421139	11	-0.609
DUNGS_p_TCGA_b84_115_SNP_N_GenomeWideSNP_6_A08_771552	16	16437092	19851864	1739	0.0273
DUNGS_p_TCGA_b84_115_SNP_N_GenomeWideSNP_6_A08_771552	16	19853151	19873376	28	-0.9188
DUNGS_p_TCGA_b84_115_SNP_N_GenomeWideSNP_6_A08_771552	16	19874863	19877991	3	-0.3579
DUNGS_p_TCGA_b84_115_SNP_N_GenomeWideSNP_6_A08_771552	16	19878319	19965401	66	0.0269
DUNGS_p_TCGA_b84_115_SNP_N_GenomeWideSNP_6_A08_771552	16	19966274	19966584	3	-0.8141
DUNGS_p_TCGA_b84_115_SNP_N_GenomeWideSNP_6_A08_771552	16	19967178	32054387	6473	-0.0014
DUNGS_p_TCGA_b84_115_SNP_N_GenomeWideSNP_6_A08_771552	16	32066353	32496123	68	-0.2797
DUNGS_p_TCGA_b84_115_SNP_N_GenomeWideSNP_6_A08_771552	16	32496402	32496410	5	-4.0483
DUNGS_p_TCGA_b84_115_SNP_N_GenomeWideSNP_6_A08_771552	16	32516775	33275436	85	-0.1011
DUNGS_p_TCGA_b84_115_SNP_N_GenomeWideSNP_6_A08_771552	16	33277265	33392063	25	-0.4853
DUNGS_p_TCGA_b84_115_SNP_N_GenomeWideSNP_6_A08_771552	16	33392075	33487762	30	-0.2242
DUNGS_p_TCGA_b84_115_SNP_N_GenomeWideSNP_6_A08_771552	16	33490084	33539331	26	-0.545
DUNGS_p_TCGA_b84_115_SNP_N_GenomeWideSNP_6_A08_771552	16	33550900	34324072	214	0.1009
DUNGS_p_TCGA_b84_115_SNP_N_GenomeWideSNP_6_A08_771552	16	34328205	34622594	170	0.5899
DUNGS_p_TCGA_b84_115_SNP_N_GenomeWideSNP_6_A08_771552	16	34622717	68534936	15369	0.021
DUNGS_p_TCGA_b84_115_SNP_N_GenomeWideSNP_6_A08_771552	16	68545887	68582090	2	-1.0676
DUNGS_p_TCGA_b84_115_SNP_N_GenomeWideSNP_6_A08_771552	16	68586194	76929109	5783	0.0205
DUNGS_p_TCGA_b84_115_SNP_N_GenomeWideSNP_6_A08_771552	16	76929941	76942266	17	-2.511
DUNGS_p_TCGA_b84_115_SNP_N_GenomeWideSNP_6_A08_771552	16	76942502	78809960	2300	0.0183
DUNGS_p_TCGA_b84_115_SNP_N_GenomeWideSNP_6_A08_771552	16	78810004	78810577	5	-0.7012
DUNGS_p_TCGA_b84_115_SNP_N_GenomeWideSNP_6_A08_771552	16	78810975	83859217	5128	0.0143
DUNGS_p_TCGA_b84_115_SNP_N_GenomeWideSNP_6_A08_771552	16	83860240	83861197	2	-1.0206
DUNGS_p_TCGA_b84_115_SNP_N_GenomeWideSNP_6_A08_771552	16	83863604	88815036	3215	0.0074
DUNGS_p_TCGA_b84_115_SNP_N_GenomeWideSNP_6_A08_771552	17	526	5240674	2780	-0.0063
DUNGS_p_TCGA_b84_115_SNP_N_GenomeWideSNP_6_A08_771552	17	5244711	5254595	3	-0.9734
DUNGS_p_TCGA_b84_115_SNP_N_GenomeWideSNP_6_A08_771552	17	5257732	5505209	156	-0.0066
DUNGS_p_TCGA_b84_115_SNP_N_GenomeWideSNP_6_A08_771552	17	5506150	5506187	2	-1.2498
DUNGS_p_TCGA_b84_115_SNP_N_GenomeWideSNP_6_A08_771552	17	5506813	5593321	69	-0.0132
DUNGS_p_TCGA_b84_115_SNP_N_GenomeWideSNP_6_A08_771552	17	5595906	5595940	2	-1.2485
DUNGS_p_TCGA_b84_115_SNP_N_GenomeWideSNP_6_A08_771552	17	5599039	15467881	7028	0.0177
DUNGS_p_TCGA_b84_115_SNP_N_GenomeWideSNP_6_A08_771552	17	15483886	15487515	3	-1.2475
DUNGS_p_TCGA_b84_115_SNP_N_GenomeWideSNP_6_A08_771552	17	15495003	16650272	480	-0.0362
DUNGS_p_TCGA_b84_115_SNP_N_GenomeWideSNP_6_A08_771552	17	16650465	16682253	9	0.4216
DUNGS_p_TCGA_b84_115_SNP_N_GenomeWideSNP_6_A08_771552	17	16682509	20336479	1779	-0.0132
DUNGS_p_TCGA_b84_115_SNP_N_GenomeWideSNP_6_A08_771552	17	20350823	20354038	2	-1.2908
DUNGS_p_TCGA_b84_115_SNP_N_GenomeWideSNP_6_A08_771552	17	20371772	36675234	8676	-0.0114
DUNGS_p_TCGA_b84_115_SNP_N_GenomeWideSNP_6_A08_771552	17	36676540	36684057	24	0.95
DUNGS_p_TCGA_b84_115_SNP_N_GenomeWideSNP_6_A08_771552	17	36686250	41518916	2513	-0.0247
DUNGS_p_TCGA_b84_115_SNP_N_GenomeWideSNP_6_A08_771552	17	41521621	42092938	168	0.293
DUNGS_p_TCGA_b84_115_SNP_N_GenomeWideSNP_6_A08_771552	17	42096609	49511996	4373	0.0077
DUNGS_p_TCGA_b84_115_SNP_N_GenomeWideSNP_6_A08_771552	17	49513792	49514074	2	-0.8801
DUNGS_p_TCGA_b84_115_SNP_N_GenomeWideSNP_6_A08_771552	17	49519611	56430396	4361	-0.0101
DUNGS_p_TCGA_b84_115_SNP_N_GenomeWideSNP_6_A08_771552	17	56434448	56434728	2	-1.103
DUNGS_p_TCGA_b84_115_SNP_N_GenomeWideSNP_6_A08_771552	17	56434978	66975870	6302	-0.0066
DUNGS_p_TCGA_b84_115_SNP_N_GenomeWideSNP_6_A08_771552	17	66980486	66980575	2	-0.9514
DUNGS_p_TCGA_b84_115_SNP_N_GenomeWideSNP_6_A08_771552	17	66980720	72685111	3600	0.0072
DUNGS_p_TCGA_b84_115_SNP_N_GenomeWideSNP_6_A08_771552	17	72685891	72686331	2	-1.0826
DUNGS_p_TCGA_b84_115_SNP_N_GenomeWideSNP_6_A08_771552	17	72686852	78643088	2998	-0.0256
DUNGS_p_TCGA_b84_115_SNP_N_GenomeWideSNP_6_A08_771552	18	1543	10003582	7321	0.027
DUNGS_p_TCGA_b84_115_SNP_N_GenomeWideSNP_6_A08_771552	18	10005383	10005490	2	-0.9447
DUNGS_p_TCGA_b84_115_SNP_N_GenomeWideSNP_6_A08_771552	18	10006088	24449765	7811	0.0203
DUNGS_p_TCGA_b84_115_SNP_N_GenomeWideSNP_6_A08_771552	18	24449993	24450128	3	-1.0029
DUNGS_p_TCGA_b84_115_SNP_N_GenomeWideSNP_6_A08_771552	18	24450630	36514468	7732	0.0233
DUNGS_p_TCGA_b84_115_SNP_N_GenomeWideSNP_6_A08_771552	18	36514478	36519361	13	0.6649
DUNGS_p_TCGA_b84_115_SNP_N_GenomeWideSNP_6_A08_771552	18	36519375	40228816	2369	0.0145
DUNGS_p_TCGA_b84_115_SNP_N_GenomeWideSNP_6_A08_771552	18	40230884	40232623	6	-0.9364
DUNGS_p_TCGA_b84_115_SNP_N_GenomeWideSNP_6_A08_771552	18	40236669	61353975	14779	0.0121
DUNGS_p_TCGA_b84_115_SNP_N_GenomeWideSNP_6_A08_771552	18	61353988	61358237	18	1.0888
DUNGS_p_TCGA_b84_115_SNP_N_GenomeWideSNP_6_A08_771552	18	61358253	61872559	359	0.075
DUNGS_p_TCGA_b84_115_SNP_N_GenomeWideSNP_6_A08_771552	18	61878472	61883808	16	0.4259
DUNGS_p_TCGA_b84_115_SNP_N_GenomeWideSNP_6_A08_771552	18	61883847	61913280	43	0.0462
DUNGS_p_TCGA_b84_115_SNP_N_GenomeWideSNP_6_A08_771552	18	61918120	61918268	2	0.8862
DUNGS_p_TCGA_b84_115_SNP_N_GenomeWideSNP_6_A08_771552	18	61918902	63101276	768	0.0094
DUNGS_p_TCGA_b84_115_SNP_N_GenomeWideSNP_6_A08_771552	18	63103850	63104152	2	-1.0698
DUNGS_p_TCGA_b84_115_SNP_N_GenomeWideSNP_6_A08_771552	18	63104251	64897521	1408	0.0257
DUNGS_p_TCGA_b84_115_SNP_N_GenomeWideSNP_6_A08_771552	18	64897537	64903305	24	0.2752
DUNGS_p_TCGA_b84_115_SNP_N_GenomeWideSNP_6_A08_771552	18	64903434	70071946	3909	0.0538
DUNGS_p_TCGA_b84_115_SNP_N_GenomeWideSNP_6_A08_771552	18	70075653	70075799	3	0.8756
DUNGS_p_TCGA_b84_115_SNP_N_GenomeWideSNP_6_A08_771552	18	70079609	76116029	4281	0.0222
DUNGS_p_TCGA_b84_115_SNP_N_GenomeWideSNP_6_A08_771552	19	41910	2356116	540	0.0017
DUNGS_p_TCGA_b84_115_SNP_N_GenomeWideSNP_6_A08_771552	19	2360865	2367945	9	-1.1067
DUNGS_p_TCGA_b84_115_SNP_N_GenomeWideSNP_6_A08_771552	19	2371094	40541061	16288	0.0013
DUNGS_p_TCGA_b84_115_SNP_N_GenomeWideSNP_6_A08_771552	19	40541149	40553688	24	-0.7396
DUNGS_p_TCGA_b84_115_SNP_N_GenomeWideSNP_6_A08_771552	19	40558584	49171335	4383	-0.0289
DUNGS_p_TCGA_b84_115_SNP_N_GenomeWideSNP_6_A08_771552	19	49171599	49171600	2	-1.2079
DUNGS_p_TCGA_b84_115_SNP_N_GenomeWideSNP_6_A08_771552	19	49174547	53167977	1907	-0.0175
DUNGS_p_TCGA_b84_115_SNP_N_GenomeWideSNP_6_A08_771552	19	53168712	53169879	9	-0.5296
DUNGS_p_TCGA_b84_115_SNP_N_GenomeWideSNP_6_A08_771552	19	53169922	57298899	2133	-0.0267
DUNGS_p_TCGA_b84_115_SNP_N_GenomeWideSNP_6_A08_771552	19	57299577	57299595	2	-1.1579
DUNGS_p_TCGA_b84_115_SNP_N_GenomeWideSNP_6_A08_771552	19	57301815	57953399	443	-0.0503
DUNGS_p_TCGA_b84_115_SNP_N_GenomeWideSNP_6_A08_771552	19	57955609	57962272	4	-0.6983
DUNGS_p_TCGA_b84_115_SNP_N_GenomeWideSNP_6_A08_771552	19	57962758	58023851	52	-0.0357
DUNGS_p_TCGA_b84_115_SNP_N_GenomeWideSNP_6_A08_771552	19	58024740	58025977	5	-0.6104
DUNGS_p_TCGA_b84_115_SNP_N_GenomeWideSNP_6_A08_771552	19	58026540	59944197	1243	-0.0488
DUNGS_p_TCGA_b84_115_SNP_N_GenomeWideSNP_6_A08_771552	19	59975655	59975740	2	-1.625
DUNGS_p_TCGA_b84_115_SNP_N_GenomeWideSNP_6_A08_771552	19	59989695	60973882	477	-0.0195
DUNGS_p_TCGA_b84_115_SNP_N_GenomeWideSNP_6_A08_771552	19	60974181	60974879	4	-0.9199
DUNGS_p_TCGA_b84_115_SNP_N_GenomeWideSNP_6_A08_771552	19	60978105	63789666	1850	-0.0258
DUNGS_p_TCGA_b84_115_SNP_N_GenomeWideSNP_6_A08_771552	20	9305	1508999	1207	-0.0145
DUNGS_p_TCGA_b84_115_SNP_N_GenomeWideSNP_6_A08_771552	20	1509580	1541893	41	1.8821
DUNGS_p_TCGA_b84_115_SNP_N_GenomeWideSNP_6_A08_771552	20	1545946	1547061	5	0.3563
DUNGS_p_TCGA_b84_115_SNP_N_GenomeWideSNP_6_A08_771552	20	1547078	1942350	337	-0.0354
DUNGS_p_TCGA_b84_115_SNP_N_GenomeWideSNP_6_A08_771552	20	1944770	1945648	3	-0.8959
DUNGS_p_TCGA_b84_115_SNP_N_GenomeWideSNP_6_A08_771552	20	1947855	15249374	10064	0.0183
DUNGS_p_TCGA_b84_115_SNP_N_GenomeWideSNP_6_A08_771552	20	15249902	15250374	3	-3.9656
DUNGS_p_TCGA_b84_115_SNP_N_GenomeWideSNP_6_A08_771552	20	15253258	55984607	26633	0.0111
DUNGS_p_TCGA_b84_115_SNP_N_GenomeWideSNP_6_A08_771552	20	55984705	55984828	3	-0.7548
DUNGS_p_TCGA_b84_115_SNP_N_GenomeWideSNP_6_A08_771552	20	55984990	56102792	87	-0.0165
DUNGS_p_TCGA_b84_115_SNP_N_GenomeWideSNP_6_A08_771552	20	56103385	56104013	3	0.5395
DUNGS_p_TCGA_b84_115_SNP_N_GenomeWideSNP_6_A08_771552	20	56104235	62426597	4145	0.0161
DUNGS_p_TCGA_b84_115_SNP_N_GenomeWideSNP_6_A08_771552	21	9758742	9985775	48	0.0078
DUNGS_p_TCGA_b84_115_SNP_N_GenomeWideSNP_6_A08_771552	21	9985850	13290998	68	0.2941
DUNGS_p_TCGA_b84_115_SNP_N_GenomeWideSNP_6_A08_771552	21	13291078	13949240	239	0.0415
DUNGS_p_TCGA_b84_115_SNP_N_GenomeWideSNP_6_A08_771552	21	13955584	13955850	3	-0.888
DUNGS_p_TCGA_b84_115_SNP_N_GenomeWideSNP_6_A08_771552	21	13963078	42020443	21019	0.0116
DUNGS_p_TCGA_b84_115_SNP_N_GenomeWideSNP_6_A08_771552	21	42022965	42023657	4	-0.7874
DUNGS_p_TCGA_b84_115_SNP_N_GenomeWideSNP_6_A08_771552	21	42023923	43646685	1188	-0.0094
DUNGS_p_TCGA_b84_115_SNP_N_GenomeWideSNP_6_A08_771552	21	43652073	43656226	10	0.6154
DUNGS_p_TCGA_b84_115_SNP_N_GenomeWideSNP_6_A08_771552	21	43661787	45750979	1164	-0.0182
DUNGS_p_TCGA_b84_115_SNP_N_GenomeWideSNP_6_A08_771552	21	45755445	45755537	2	-1.1622
DUNGS_p_TCGA_b84_115_SNP_N_GenomeWideSNP_6_A08_771552	21	45755888	46921385	689	-0.0032
DUNGS_p_TCGA_b84_115_SNP_N_GenomeWideSNP_6_A08_771552	22	14432528	14986302	88	0.2769
DUNGS_p_TCGA_b84_115_SNP_N_GenomeWideSNP_6_A08_771552	22	15006797	20803918	3215	-0.0057
DUNGS_p_TCGA_b84_115_SNP_N_GenomeWideSNP_6_A08_771552	22	20804023	20804613	5	-0.9706
DUNGS_p_TCGA_b84_115_SNP_N_GenomeWideSNP_6_A08_771552	22	20811498	21904494	826	-0.0492
DUNGS_p_TCGA_b84_115_SNP_N_GenomeWideSNP_6_A08_771552	22	21907112	21907589	2	-1.3081
DUNGS_p_TCGA_b84_115_SNP_N_GenomeWideSNP_6_A08_771552	22	21911302	36072938	10576	0.006
DUNGS_p_TCGA_b84_115_SNP_N_GenomeWideSNP_6_A08_771552	22	36078675	36079892	4	-1.1071
DUNGS_p_TCGA_b84_115_SNP_N_GenomeWideSNP_6_A08_771552	22	36080613	46524601	6506	-0.0083
DUNGS_p_TCGA_b84_115_SNP_N_GenomeWideSNP_6_A08_771552	22	46525401	46525764	2	-1.0117
DUNGS_p_TCGA_b84_115_SNP_N_GenomeWideSNP_6_A08_771552	22	46527861	49581321	2359	0.0381
DUNGS_p_TCGA_b84_115_SNP_N_GenomeWideSNP_6_A08_771552	X	108477	5713638	2378	0.0091
DUNGS_p_TCGA_b84_115_SNP_N_GenomeWideSNP_6_A08_771552	X	5716907	5721237	3	-1.2148
DUNGS_p_TCGA_b84_115_SNP_N_GenomeWideSNP_6_A08_771552	X	5722133	24505257	12683	-0.005
DUNGS_p_TCGA_b84_115_SNP_N_GenomeWideSNP_6_A08_771552	X	24505335	24505668	4	0.8551
DUNGS_p_TCGA_b84_115_SNP_N_GenomeWideSNP_6_A08_771552	X	24507870	51436598	15742	-0.0012
DUNGS_p_TCGA_b84_115_SNP_N_GenomeWideSNP_6_A08_771552	X	51445209	51450822	2	2.3423
DUNGS_p_TCGA_b84_115_SNP_N_GenomeWideSNP_6_A08_771552	X	51453285	115052431	30056	5e-04
DUNGS_p_TCGA_b84_115_SNP_N_GenomeWideSNP_6_A08_771552	X	115055569	115059365	3	0.944
DUNGS_p_TCGA_b84_115_SNP_N_GenomeWideSNP_6_A08_771552	X	115059783	134672636	11327	-0.0013
DUNGS_p_TCGA_b84_115_SNP_N_GenomeWideSNP_6_A08_771552	X	134676593	134702045	6	0.5411
DUNGS_p_TCGA_b84_115_SNP_N_GenomeWideSNP_6_A08_771552	X	134702633	140501089	3465	0.0124
DUNGS_p_TCGA_b84_115_SNP_N_GenomeWideSNP_6_A08_771552	X	140501398	140517734	6	-1.1894
DUNGS_p_TCGA_b84_115_SNP_N_GenomeWideSNP_6_A08_771552	X	140520428	154038350	8759	0.0084
DUNGS_p_TCGA_b84_115_SNP_N_GenomeWideSNP_6_A08_771552	X	154045576	154070595	10	-2.1476
DUNGS_p_TCGA_b84_115_SNP_N_GenomeWideSNP_6_A08_771552	X	154071488	154835548	231	-0.0351
DUNGS_p_TCGA_b84_115_SNP_N_GenomeWideSNP_6_A08_771552	Y	2710438	14798874	3877	-1.0737
DUNGS_p_TCGA_b84_115_SNP_N_GenomeWideSNP_6_A08_771552	Y	14799663	14800396	2	-2.3018
DUNGS_p_TCGA_b84_115_SNP_N_GenomeWideSNP_6_A08_771552	Y	14801263	57427647	4711	-1.0656
