Sample	Chromosome	Start	End	Num_Probes	Segment_Mean
DUNGS_p_TCGA_b84_115_SNP_N_GenomeWideSNP_6_A10_771628	1	51598	12814896	6564	0.0153
DUNGS_p_TCGA_b84_115_SNP_N_GenomeWideSNP_6_A10_771628	1	12815095	12849694	8	0.6586
DUNGS_p_TCGA_b84_115_SNP_N_GenomeWideSNP_6_A10_771628	1	12850443	13257219	23	0.1208
DUNGS_p_TCGA_b84_115_SNP_N_GenomeWideSNP_6_A10_771628	1	13304239	13590359	25	-0.262
DUNGS_p_TCGA_b84_115_SNP_N_GenomeWideSNP_6_A10_771628	1	13590411	16022502	1804	0.0157
DUNGS_p_TCGA_b84_115_SNP_N_GenomeWideSNP_6_A10_771628	1	16026084	16026512	6	-1.6728
DUNGS_p_TCGA_b84_115_SNP_N_GenomeWideSNP_6_A10_771628	1	16026788	16889467	367	-0.0222
DUNGS_p_TCGA_b84_115_SNP_N_GenomeWideSNP_6_A10_771628	1	16889665	16921066	18	-1.3074
DUNGS_p_TCGA_b84_115_SNP_N_GenomeWideSNP_6_A10_771628	1	16929044	17055024	23	0.1437
DUNGS_p_TCGA_b84_115_SNP_N_GenomeWideSNP_6_A10_771628	1	17062591	17090494	12	-0.1905
DUNGS_p_TCGA_b84_115_SNP_N_GenomeWideSNP_6_A10_771628	1	17097557	17101293	5	0.1651
DUNGS_p_TCGA_b84_115_SNP_N_GenomeWideSNP_6_A10_771628	1	17108271	17134384	43	-0.2108
DUNGS_p_TCGA_b84_115_SNP_N_GenomeWideSNP_6_A10_771628	1	17134475	25447058	5274	0.0189
DUNGS_p_TCGA_b84_115_SNP_N_GenomeWideSNP_6_A10_771628	1	25447294	25535897	38	-0.3699
DUNGS_p_TCGA_b84_115_SNP_N_GenomeWideSNP_6_A10_771628	1	25535931	40793623	8179	0.0198
DUNGS_p_TCGA_b84_115_SNP_N_GenomeWideSNP_6_A10_771628	1	40794663	40800797	4	-1.0073
DUNGS_p_TCGA_b84_115_SNP_N_GenomeWideSNP_6_A10_771628	1	40801513	72522941	20600	0.0169
DUNGS_p_TCGA_b84_115_SNP_N_GenomeWideSNP_6_A10_771628	1	72528701	72535958	9	-1.2239
DUNGS_p_TCGA_b84_115_SNP_N_GenomeWideSNP_6_A10_771628	1	72541006	75823432	1981	0.0249
DUNGS_p_TCGA_b84_115_SNP_N_GenomeWideSNP_6_A10_771628	1	75827351	75827442	2	-2.2347
DUNGS_p_TCGA_b84_115_SNP_N_GenomeWideSNP_6_A10_771628	1	75832097	103904753	18153	0.0217
DUNGS_p_TCGA_b84_115_SNP_N_GenomeWideSNP_6_A10_771628	1	103910761	103960907	27	0.4806
DUNGS_p_TCGA_b84_115_SNP_N_GenomeWideSNP_6_A10_771628	1	103965022	104041509	16	-0.194
DUNGS_p_TCGA_b84_115_SNP_N_GenomeWideSNP_6_A10_771628	1	104058403	104104926	12	1.003
DUNGS_p_TCGA_b84_115_SNP_N_GenomeWideSNP_6_A10_771628	1	104105024	105820728	920	0.0199
DUNGS_p_TCGA_b84_115_SNP_N_GenomeWideSNP_6_A10_771628	1	105820759	105823898	16	-2.5295
DUNGS_p_TCGA_b84_115_SNP_N_GenomeWideSNP_6_A10_771628	1	105825578	143896300	10108	0.0202
DUNGS_p_TCGA_b84_115_SNP_N_GenomeWideSNP_6_A10_771628	1	143898506	143899272	3	-1.4735
DUNGS_p_TCGA_b84_115_SNP_N_GenomeWideSNP_6_A10_771628	1	143902574	143945027	10	0.1215
DUNGS_p_TCGA_b84_115_SNP_N_GenomeWideSNP_6_A10_771628	1	143946608	144101527	23	-0.3072
DUNGS_p_TCGA_b84_115_SNP_N_GenomeWideSNP_6_A10_771628	1	144103118	147495710	1025	0.0267
DUNGS_p_TCGA_b84_115_SNP_N_GenomeWideSNP_6_A10_771628	1	147496432	147512654	12	0.6643
DUNGS_p_TCGA_b84_115_SNP_N_GenomeWideSNP_6_A10_771628	1	147512899	147640165	34	0.2049
DUNGS_p_TCGA_b84_115_SNP_N_GenomeWideSNP_6_A10_771628	1	147651521	147703466	10	0.5408
DUNGS_p_TCGA_b84_115_SNP_N_GenomeWideSNP_6_A10_771628	1	147788464	147911593	11	-0.356
DUNGS_p_TCGA_b84_115_SNP_N_GenomeWideSNP_6_A10_771628	1	147911657	150822330	1488	0.0213
DUNGS_p_TCGA_b84_115_SNP_N_GenomeWideSNP_6_A10_771628	1	150822391	150852862	30	-2.2559
DUNGS_p_TCGA_b84_115_SNP_N_GenomeWideSNP_6_A10_771628	1	150852902	151021254	168	0.0492
DUNGS_p_TCGA_b84_115_SNP_N_GenomeWideSNP_6_A10_771628	1	151022932	151034905	40	-0.2815
DUNGS_p_TCGA_b84_115_SNP_N_GenomeWideSNP_6_A10_771628	1	151034962	157133197	3630	0.0204
DUNGS_p_TCGA_b84_115_SNP_N_GenomeWideSNP_6_A10_771628	1	157135125	157136383	2	1.4853
DUNGS_p_TCGA_b84_115_SNP_N_GenomeWideSNP_6_A10_771628	1	157141442	177597151	14359	0.0227
DUNGS_p_TCGA_b84_115_SNP_N_GenomeWideSNP_6_A10_771628	1	177598005	177599938	3	-1.2893
DUNGS_p_TCGA_b84_115_SNP_N_GenomeWideSNP_6_A10_771628	1	177605829	194981496	11589	0.0221
DUNGS_p_TCGA_b84_115_SNP_N_GenomeWideSNP_6_A10_771628	1	194994473	195068407	88	-0.2852
DUNGS_p_TCGA_b84_115_SNP_N_GenomeWideSNP_6_A10_771628	1	195068428	208137685	8834	0.0245
DUNGS_p_TCGA_b84_115_SNP_N_GenomeWideSNP_6_A10_771628	1	208148236	208150607	3	1.0402
DUNGS_p_TCGA_b84_115_SNP_N_GenomeWideSNP_6_A10_771628	1	208153175	211066442	1951	0.0129
DUNGS_p_TCGA_b84_115_SNP_N_GenomeWideSNP_6_A10_771628	1	211071078	211077059	8	-1.0092
DUNGS_p_TCGA_b84_115_SNP_N_GenomeWideSNP_6_A10_771628	1	211081076	212070341	628	0.0116
DUNGS_p_TCGA_b84_115_SNP_N_GenomeWideSNP_6_A10_771628	1	212073813	212078528	3	-0.8361
DUNGS_p_TCGA_b84_115_SNP_N_GenomeWideSNP_6_A10_771628	1	212080759	215776513	2807	0.0152
DUNGS_p_TCGA_b84_115_SNP_N_GenomeWideSNP_6_A10_771628	1	215777156	215777183	2	-1.3903
DUNGS_p_TCGA_b84_115_SNP_N_GenomeWideSNP_6_A10_771628	1	215786186	220433291	3227	0.0196
DUNGS_p_TCGA_b84_115_SNP_N_GenomeWideSNP_6_A10_771628	1	220441457	220443627	2	-1.0975
DUNGS_p_TCGA_b84_115_SNP_N_GenomeWideSNP_6_A10_771628	1	220448757	225491924	3067	0.0157
DUNGS_p_TCGA_b84_115_SNP_N_GenomeWideSNP_6_A10_771628	1	225492695	225493029	3	-1.0179
DUNGS_p_TCGA_b84_115_SNP_N_GenomeWideSNP_6_A10_771628	1	225495801	227877792	1380	0.0119
DUNGS_p_TCGA_b84_115_SNP_N_GenomeWideSNP_6_A10_771628	1	227883479	227886819	3	-3.4459
DUNGS_p_TCGA_b84_115_SNP_N_GenomeWideSNP_6_A10_771628	1	227887079	238458363	8132	0.0175
DUNGS_p_TCGA_b84_115_SNP_N_GenomeWideSNP_6_A10_771628	1	238460638	238460762	6	0.5771
DUNGS_p_TCGA_b84_115_SNP_N_GenomeWideSNP_6_A10_771628	1	238462728	246804070	5760	0.0155
DUNGS_p_TCGA_b84_115_SNP_N_GenomeWideSNP_6_A10_771628	1	246815817	246861912	30	-0.7697
DUNGS_p_TCGA_b84_115_SNP_N_GenomeWideSNP_6_A10_771628	1	246862475	247191011	147	0.0089
DUNGS_p_TCGA_b84_115_SNP_N_GenomeWideSNP_6_A10_771628	2	2784	6317470	4837	0.0103
DUNGS_p_TCGA_b84_115_SNP_N_GenomeWideSNP_6_A10_771628	2	6319360	6319611	2	-0.9562
DUNGS_p_TCGA_b84_115_SNP_N_GenomeWideSNP_6_A10_771628	2	6319747	13113526	5179	0.0194
DUNGS_p_TCGA_b84_115_SNP_N_GenomeWideSNP_6_A10_771628	2	13117593	13193248	41	0.6054
DUNGS_p_TCGA_b84_115_SNP_N_GenomeWideSNP_6_A10_771628	2	13193330	13447304	144	0.036
DUNGS_p_TCGA_b84_115_SNP_N_GenomeWideSNP_6_A10_771628	2	13452427	13454841	3	-1.0899
DUNGS_p_TCGA_b84_115_SNP_N_GenomeWideSNP_6_A10_771628	2	13455187	34372952	13832	0.0103
DUNGS_p_TCGA_b84_115_SNP_N_GenomeWideSNP_6_A10_771628	2	34373977	34379471	4	0.6882
DUNGS_p_TCGA_b84_115_SNP_N_GenomeWideSNP_6_A10_771628	2	34382521	34554898	96	0.0247
DUNGS_p_TCGA_b84_115_SNP_N_GenomeWideSNP_6_A10_771628	2	34555087	34590561	44	0.4154
DUNGS_p_TCGA_b84_115_SNP_N_GenomeWideSNP_6_A10_771628	2	34590667	46490585	8883	0.0156
DUNGS_p_TCGA_b84_115_SNP_N_GenomeWideSNP_6_A10_771628	2	46490799	46490868	2	-1.0071
DUNGS_p_TCGA_b84_115_SNP_N_GenomeWideSNP_6_A10_771628	2	46490938	52608385	4178	0.0155
DUNGS_p_TCGA_b84_115_SNP_N_GenomeWideSNP_6_A10_771628	2	52612257	52635046	33	0.6816
DUNGS_p_TCGA_b84_115_SNP_N_GenomeWideSNP_6_A10_771628	2	52641453	77830221	16335	0.0176
DUNGS_p_TCGA_b84_115_SNP_N_GenomeWideSNP_6_A10_771628	2	77830256	77830734	5	-0.8347
DUNGS_p_TCGA_b84_115_SNP_N_GenomeWideSNP_6_A10_771628	2	77840186	97221654	7735	0.0143
DUNGS_p_TCGA_b84_115_SNP_N_GenomeWideSNP_6_A10_771628	2	97229064	97262308	17	-0.5738
DUNGS_p_TCGA_b84_115_SNP_N_GenomeWideSNP_6_A10_771628	2	97262378	97484644	22	0.1015
DUNGS_p_TCGA_b84_115_SNP_N_GenomeWideSNP_6_A10_771628	2	97507179	97528621	9	0.7005
DUNGS_p_TCGA_b84_115_SNP_N_GenomeWideSNP_6_A10_771628	2	97533310	106247145	5584	0.0179
DUNGS_p_TCGA_b84_115_SNP_N_GenomeWideSNP_6_A10_771628	2	106247971	106251789	10	-0.4732
DUNGS_p_TCGA_b84_115_SNP_N_GenomeWideSNP_6_A10_771628	2	106253687	140077855	19958	0.0119
DUNGS_p_TCGA_b84_115_SNP_N_GenomeWideSNP_6_A10_771628	2	140082561	140089804	2	-1.0185
DUNGS_p_TCGA_b84_115_SNP_N_GenomeWideSNP_6_A10_771628	2	140095018	146580913	4019	0.0184
DUNGS_p_TCGA_b84_115_SNP_N_GenomeWideSNP_6_A10_771628	2	146580927	146583404	21	-1.9144
DUNGS_p_TCGA_b84_115_SNP_N_GenomeWideSNP_6_A10_771628	2	146594276	164345098	10608	0.0177
DUNGS_p_TCGA_b84_115_SNP_N_GenomeWideSNP_6_A10_771628	2	164351734	164353372	5	-0.7591
DUNGS_p_TCGA_b84_115_SNP_N_GenomeWideSNP_6_A10_771628	2	164354888	173263647	5501	0.0219
DUNGS_p_TCGA_b84_115_SNP_N_GenomeWideSNP_6_A10_771628	2	173264126	173264282	2	-1.1606
DUNGS_p_TCGA_b84_115_SNP_N_GenomeWideSNP_6_A10_771628	2	173267314	183793698	6772	0.0175
DUNGS_p_TCGA_b84_115_SNP_N_GenomeWideSNP_6_A10_771628	2	183794033	183797969	9	-1.0272
DUNGS_p_TCGA_b84_115_SNP_N_GenomeWideSNP_6_A10_771628	2	183802243	242432069	36169	0.0152
DUNGS_p_TCGA_b84_115_SNP_N_GenomeWideSNP_6_A10_771628	2	242564139	242602539	33	-1.0392
DUNGS_p_TCGA_b84_115_SNP_N_GenomeWideSNP_6_A10_771628	2	242606740	242620909	22	-0.5686
DUNGS_p_TCGA_b84_115_SNP_N_GenomeWideSNP_6_A10_771628	2	242620968	242683192	57	-0.9569
DUNGS_p_TCGA_b84_115_SNP_N_GenomeWideSNP_6_A10_771628	2	242683359	242738129	30	-0.1059
DUNGS_p_TCGA_b84_115_SNP_N_GenomeWideSNP_6_A10_771628	3	35345	2022129	1803	0.0336
DUNGS_p_TCGA_b84_115_SNP_N_GenomeWideSNP_6_A10_771628	3	2022417	2023351	3	-0.8957
DUNGS_p_TCGA_b84_115_SNP_N_GenomeWideSNP_6_A10_771628	3	2025726	6621543	4044	0.0265
DUNGS_p_TCGA_b84_115_SNP_N_GenomeWideSNP_6_A10_771628	3	6626128	6630078	24	-0.9112
DUNGS_p_TCGA_b84_115_SNP_N_GenomeWideSNP_6_A10_771628	3	6630248	16021905	6921	0.0167
DUNGS_p_TCGA_b84_115_SNP_N_GenomeWideSNP_6_A10_771628	3	16022068	16027302	3	-0.7969
DUNGS_p_TCGA_b84_115_SNP_N_GenomeWideSNP_6_A10_771628	3	16028339	16214067	160	0.0148
DUNGS_p_TCGA_b84_115_SNP_N_GenomeWideSNP_6_A10_771628	3	16215560	16216183	6	-0.5949
DUNGS_p_TCGA_b84_115_SNP_N_GenomeWideSNP_6_A10_771628	3	16216329	17515604	850	0.0224
DUNGS_p_TCGA_b84_115_SNP_N_GenomeWideSNP_6_A10_771628	3	17518206	17519017	2	-1.3169
DUNGS_p_TCGA_b84_115_SNP_N_GenomeWideSNP_6_A10_771628	3	17521442	22456350	3214	0.0202
DUNGS_p_TCGA_b84_115_SNP_N_GenomeWideSNP_6_A10_771628	3	22457093	22457109	2	-1.146
DUNGS_p_TCGA_b84_115_SNP_N_GenomeWideSNP_6_A10_771628	3	22457772	26401195	2925	0.0174
DUNGS_p_TCGA_b84_115_SNP_N_GenomeWideSNP_6_A10_771628	3	26409128	26414347	5	-0.868
DUNGS_p_TCGA_b84_115_SNP_N_GenomeWideSNP_6_A10_771628	3	26420977	26586653	119	0.046
DUNGS_p_TCGA_b84_115_SNP_N_GenomeWideSNP_6_A10_771628	3	26586671	26586889	4	-0.6211
DUNGS_p_TCGA_b84_115_SNP_N_GenomeWideSNP_6_A10_771628	3	26586902	26589978	9	0.0337
DUNGS_p_TCGA_b84_115_SNP_N_GenomeWideSNP_6_A10_771628	3	26589980	26589989	7	-0.5196
DUNGS_p_TCGA_b84_115_SNP_N_GenomeWideSNP_6_A10_771628	3	26590953	46024712	12698	0.0209
DUNGS_p_TCGA_b84_115_SNP_N_GenomeWideSNP_6_A10_771628	3	46024840	46026717	2	-1.2473
DUNGS_p_TCGA_b84_115_SNP_N_GenomeWideSNP_6_A10_771628	3	46026747	68828854	15106	0.0198
DUNGS_p_TCGA_b84_115_SNP_N_GenomeWideSNP_6_A10_771628	3	68828949	68830103	14	-1.7161
DUNGS_p_TCGA_b84_115_SNP_N_GenomeWideSNP_6_A10_771628	3	68831448	74717787	4480	0.0141
DUNGS_p_TCGA_b84_115_SNP_N_GenomeWideSNP_6_A10_771628	3	74729582	74729957	2	-1.0128
DUNGS_p_TCGA_b84_115_SNP_N_GenomeWideSNP_6_A10_771628	3	74731875	75503860	399	0.0207
DUNGS_p_TCGA_b84_115_SNP_N_GenomeWideSNP_6_A10_771628	3	75509797	75703585	74	-0.8708
DUNGS_p_TCGA_b84_115_SNP_N_GenomeWideSNP_6_A10_771628	3	75721431	100427989	11032	0.022
DUNGS_p_TCGA_b84_115_SNP_N_GenomeWideSNP_6_A10_771628	3	100428085	100431998	22	0.3562
DUNGS_p_TCGA_b84_115_SNP_N_GenomeWideSNP_6_A10_771628	3	100432004	131249276	18766	0.0187
DUNGS_p_TCGA_b84_115_SNP_N_GenomeWideSNP_6_A10_771628	3	131258548	131288926	50	-1.7938
DUNGS_p_TCGA_b84_115_SNP_N_GenomeWideSNP_6_A10_771628	3	131289614	138515750	4513	0.0222
DUNGS_p_TCGA_b84_115_SNP_N_GenomeWideSNP_6_A10_771628	3	138515950	138515953	3	0.9503
DUNGS_p_TCGA_b84_115_SNP_N_GenomeWideSNP_6_A10_771628	3	138516112	142956615	2754	0.0169
DUNGS_p_TCGA_b84_115_SNP_N_GenomeWideSNP_6_A10_771628	3	142957041	142958646	3	-0.7421
DUNGS_p_TCGA_b84_115_SNP_N_GenomeWideSNP_6_A10_771628	3	142968870	144768455	1109	0.0224
DUNGS_p_TCGA_b84_115_SNP_N_GenomeWideSNP_6_A10_771628	3	144768490	144768664	4	0.6908
DUNGS_p_TCGA_b84_115_SNP_N_GenomeWideSNP_6_A10_771628	3	144769491	147861879	2027	0.0187
DUNGS_p_TCGA_b84_115_SNP_N_GenomeWideSNP_6_A10_771628	3	147865684	147868822	4	-0.7951
DUNGS_p_TCGA_b84_115_SNP_N_GenomeWideSNP_6_A10_771628	3	147874674	159832812	7279	0.0195
DUNGS_p_TCGA_b84_115_SNP_N_GenomeWideSNP_6_A10_771628	3	159833578	159834239	2	-1.626
DUNGS_p_TCGA_b84_115_SNP_N_GenomeWideSNP_6_A10_771628	3	159841566	163995843	2615	0.0211
DUNGS_p_TCGA_b84_115_SNP_N_GenomeWideSNP_6_A10_771628	3	163996153	164108689	66	-1.6398
DUNGS_p_TCGA_b84_115_SNP_N_GenomeWideSNP_6_A10_771628	3	164109266	170212874	3446	0.0242
DUNGS_p_TCGA_b84_115_SNP_N_GenomeWideSNP_6_A10_771628	3	170216096	170221322	2	-1.876
DUNGS_p_TCGA_b84_115_SNP_N_GenomeWideSNP_6_A10_771628	3	170222521	173340772	1983	0.0175
DUNGS_p_TCGA_b84_115_SNP_N_GenomeWideSNP_6_A10_771628	3	173341217	173343080	2	-0.9578
DUNGS_p_TCGA_b84_115_SNP_N_GenomeWideSNP_6_A10_771628	3	173346726	194361287	13782	0.0202
DUNGS_p_TCGA_b84_115_SNP_N_GenomeWideSNP_6_A10_771628	3	194361515	194361700	2	1.3653
DUNGS_p_TCGA_b84_115_SNP_N_GenomeWideSNP_6_A10_771628	3	194363167	196897393	1506	0.0137
DUNGS_p_TCGA_b84_115_SNP_N_GenomeWideSNP_6_A10_771628	3	196903444	196928253	18	0.7424
DUNGS_p_TCGA_b84_115_SNP_N_GenomeWideSNP_6_A10_771628	3	196932268	199322975	1177	0.0068
DUNGS_p_TCGA_b84_115_SNP_N_GenomeWideSNP_6_A10_771628	3	199329613	199380515	20	-0.4594
DUNGS_p_TCGA_b84_115_SNP_N_GenomeWideSNP_6_A10_771628	4	2281	9074070	5257	0.0131
DUNGS_p_TCGA_b84_115_SNP_N_GenomeWideSNP_6_A10_771628	4	9079832	9088304	5	0.666
DUNGS_p_TCGA_b84_115_SNP_N_GenomeWideSNP_6_A10_771628	4	9088443	9469074	167	-0.0245
DUNGS_p_TCGA_b84_115_SNP_N_GenomeWideSNP_6_A10_771628	4	9473325	9474140	2	-1.4125
DUNGS_p_TCGA_b84_115_SNP_N_GenomeWideSNP_6_A10_771628	4	9476600	9792709	325	0.0326
DUNGS_p_TCGA_b84_115_SNP_N_GenomeWideSNP_6_A10_771628	4	9792993	9802525	14	-0.2169
DUNGS_p_TCGA_b84_115_SNP_N_GenomeWideSNP_6_A10_771628	4	9802702	9819488	39	0.0165
DUNGS_p_TCGA_b84_115_SNP_N_GenomeWideSNP_6_A10_771628	4	9823258	9840347	28	-1.9941
DUNGS_p_TCGA_b84_115_SNP_N_GenomeWideSNP_6_A10_771628	4	9840596	9844366	8	-0.5419
DUNGS_p_TCGA_b84_115_SNP_N_GenomeWideSNP_6_A10_771628	4	9845240	34455449	17007	0.018
DUNGS_p_TCGA_b84_115_SNP_N_GenomeWideSNP_6_A10_771628	4	34462895	34501120	38	0.5882
DUNGS_p_TCGA_b84_115_SNP_N_GenomeWideSNP_6_A10_771628	4	34506267	36522039	1329	0.0222
DUNGS_p_TCGA_b84_115_SNP_N_GenomeWideSNP_6_A10_771628	4	36522701	36527882	10	-0.9548
DUNGS_p_TCGA_b84_115_SNP_N_GenomeWideSNP_6_A10_771628	4	36531288	48962605	7657	0.0158
DUNGS_p_TCGA_b84_115_SNP_N_GenomeWideSNP_6_A10_771628	4	48985949	48986112	2	1.1623
DUNGS_p_TCGA_b84_115_SNP_N_GenomeWideSNP_6_A10_771628	4	48991977	53349631	537	0.0169
DUNGS_p_TCGA_b84_115_SNP_N_GenomeWideSNP_6_A10_771628	4	53349912	53351450	2	-1.0669
DUNGS_p_TCGA_b84_115_SNP_N_GenomeWideSNP_6_A10_771628	4	53352334	64376535	7071	0.0224
DUNGS_p_TCGA_b84_115_SNP_N_GenomeWideSNP_6_A10_771628	4	64380064	64390200	23	-0.2766
DUNGS_p_TCGA_b84_115_SNP_N_GenomeWideSNP_6_A10_771628	4	64390349	64390853	6	-1.0316
DUNGS_p_TCGA_b84_115_SNP_N_GenomeWideSNP_6_A10_771628	4	64399026	68967186	2864	0.0249
DUNGS_p_TCGA_b84_115_SNP_N_GenomeWideSNP_6_A10_771628	4	68970733	68970737	3	0.8452
DUNGS_p_TCGA_b84_115_SNP_N_GenomeWideSNP_6_A10_771628	4	68977394	69168435	76	-0.1949
DUNGS_p_TCGA_b84_115_SNP_N_GenomeWideSNP_6_A10_771628	4	69168574	70166959	341	0.0286
DUNGS_p_TCGA_b84_115_SNP_N_GenomeWideSNP_6_A10_771628	4	70169269	70277485	54	0.3367
DUNGS_p_TCGA_b84_115_SNP_N_GenomeWideSNP_6_A10_771628	4	70278670	122194125	31554	0.0198
DUNGS_p_TCGA_b84_115_SNP_N_GenomeWideSNP_6_A10_771628	4	122199921	122200088	2	-1.1555
DUNGS_p_TCGA_b84_115_SNP_N_GenomeWideSNP_6_A10_771628	4	122201572	130395199	4654	0.0244
DUNGS_p_TCGA_b84_115_SNP_N_GenomeWideSNP_6_A10_771628	4	130395935	130399024	3	-0.7455
DUNGS_p_TCGA_b84_115_SNP_N_GenomeWideSNP_6_A10_771628	4	130399674	138311689	4459	0.0235
DUNGS_p_TCGA_b84_115_SNP_N_GenomeWideSNP_6_A10_771628	4	138311870	138312864	14	-0.703
DUNGS_p_TCGA_b84_115_SNP_N_GenomeWideSNP_6_A10_771628	4	138314408	162093450	14784	0.0179
DUNGS_p_TCGA_b84_115_SNP_N_GenomeWideSNP_6_A10_771628	4	162099468	162099591	3	-0.8573
DUNGS_p_TCGA_b84_115_SNP_N_GenomeWideSNP_6_A10_771628	4	162099647	162104050	17	-2.9934
DUNGS_p_TCGA_b84_115_SNP_N_GenomeWideSNP_6_A10_771628	4	162104358	162104628	10	0.4275
DUNGS_p_TCGA_b84_115_SNP_N_GenomeWideSNP_6_A10_771628	4	162104712	172605017	6671	0.0219
DUNGS_p_TCGA_b84_115_SNP_N_GenomeWideSNP_6_A10_771628	4	172605106	172614299	13	-1.0951
DUNGS_p_TCGA_b84_115_SNP_N_GenomeWideSNP_6_A10_771628	4	172614351	173224503	398	0.0275
DUNGS_p_TCGA_b84_115_SNP_N_GenomeWideSNP_6_A10_771628	4	173225723	173226108	12	0.6601
DUNGS_p_TCGA_b84_115_SNP_N_GenomeWideSNP_6_A10_771628	4	173232554	173659097	232	0.03
DUNGS_p_TCGA_b84_115_SNP_N_GenomeWideSNP_6_A10_771628	4	173661522	173665218	7	0.7676
DUNGS_p_TCGA_b84_115_SNP_N_GenomeWideSNP_6_A10_771628	4	173677707	185360760	7900	0.0189
DUNGS_p_TCGA_b84_115_SNP_N_GenomeWideSNP_6_A10_771628	4	185362229	185364188	3	-1.0831
DUNGS_p_TCGA_b84_115_SNP_N_GenomeWideSNP_6_A10_771628	4	185364742	191261904	3998	0.0143
DUNGS_p_TCGA_b84_115_SNP_N_GenomeWideSNP_6_A10_771628	5	68532	21412601	15743	0.014
DUNGS_p_TCGA_b84_115_SNP_N_GenomeWideSNP_6_A10_771628	5	21413596	21413610	2	1.3268
DUNGS_p_TCGA_b84_115_SNP_N_GenomeWideSNP_6_A10_771628	5	21421823	21486957	46	0.0302
DUNGS_p_TCGA_b84_115_SNP_N_GenomeWideSNP_6_A10_771628	5	21487034	21488253	5	0.649
DUNGS_p_TCGA_b84_115_SNP_N_GenomeWideSNP_6_A10_771628	5	21490696	34602617	8165	0.0188
DUNGS_p_TCGA_b84_115_SNP_N_GenomeWideSNP_6_A10_771628	5	34603067	34603124	3	-1.0375
DUNGS_p_TCGA_b84_115_SNP_N_GenomeWideSNP_6_A10_771628	5	34603139	34901359	225	-0.0113
DUNGS_p_TCGA_b84_115_SNP_N_GenomeWideSNP_6_A10_771628	5	34907343	34907689	2	-1.0362
DUNGS_p_TCGA_b84_115_SNP_N_GenomeWideSNP_6_A10_771628	5	34908301	57357403	11738	0.0172
DUNGS_p_TCGA_b84_115_SNP_N_GenomeWideSNP_6_A10_771628	5	57361784	57369290	32	-0.5862
DUNGS_p_TCGA_b84_115_SNP_N_GenomeWideSNP_6_A10_771628	5	57374114	68882059	7308	0.0161
DUNGS_p_TCGA_b84_115_SNP_N_GenomeWideSNP_6_A10_771628	5	68903050	69110733	2	-1.567
DUNGS_p_TCGA_b84_115_SNP_N_GenomeWideSNP_6_A10_771628	5	69110747	74216965	2374	0.0153
DUNGS_p_TCGA_b84_115_SNP_N_GenomeWideSNP_6_A10_771628	5	74219619	74221829	3	-1.1722
DUNGS_p_TCGA_b84_115_SNP_N_GenomeWideSNP_6_A10_771628	5	74227881	85162267	6748	0.0184
DUNGS_p_TCGA_b84_115_SNP_N_GenomeWideSNP_6_A10_771628	5	85163208	85165468	2	-1.3022
DUNGS_p_TCGA_b84_115_SNP_N_GenomeWideSNP_6_A10_771628	5	85166367	155407683	43971	0.0177
DUNGS_p_TCGA_b84_115_SNP_N_GenomeWideSNP_6_A10_771628	5	155409350	155427831	16	-0.535
DUNGS_p_TCGA_b84_115_SNP_N_GenomeWideSNP_6_A10_771628	5	155427835	164851710	6221	0.0179
DUNGS_p_TCGA_b84_115_SNP_N_GenomeWideSNP_6_A10_771628	5	164852382	164859428	2	-1.069
DUNGS_p_TCGA_b84_115_SNP_N_GenomeWideSNP_6_A10_771628	5	164860422	165749398	639	0.0172
DUNGS_p_TCGA_b84_115_SNP_N_GenomeWideSNP_6_A10_771628	5	165752400	165753913	3	-0.5825
DUNGS_p_TCGA_b84_115_SNP_N_GenomeWideSNP_6_A10_771628	5	165755895	168114210	1760	0.017
DUNGS_p_TCGA_b84_115_SNP_N_GenomeWideSNP_6_A10_771628	5	168114860	168115354	2	-1.0107
DUNGS_p_TCGA_b84_115_SNP_N_GenomeWideSNP_6_A10_771628	5	168118795	175392693	5480	0.012
DUNGS_p_TCGA_b84_115_SNP_N_GenomeWideSNP_6_A10_771628	5	175398295	175402113	2	-1.3618
DUNGS_p_TCGA_b84_115_SNP_N_GenomeWideSNP_6_A10_771628	5	175402930	178040428	1180	0.014
DUNGS_p_TCGA_b84_115_SNP_N_GenomeWideSNP_6_A10_771628	5	178042581	178051461	4	-0.8289
DUNGS_p_TCGA_b84_115_SNP_N_GenomeWideSNP_6_A10_771628	5	178052364	180307129	1362	0.013
DUNGS_p_TCGA_b84_115_SNP_N_GenomeWideSNP_6_A10_771628	5	180311316	180349813	15	0.6418
DUNGS_p_TCGA_b84_115_SNP_N_GenomeWideSNP_6_A10_771628	5	180350220	180722926	175	0.0098
DUNGS_p_TCGA_b84_115_SNP_N_GenomeWideSNP_6_A10_771628	6	94661	19148098	14815	0.0191
DUNGS_p_TCGA_b84_115_SNP_N_GenomeWideSNP_6_A10_771628	6	19150160	19150797	3	-1.176
DUNGS_p_TCGA_b84_115_SNP_N_GenomeWideSNP_6_A10_771628	6	19152681	26836838	5482	0.0209
DUNGS_p_TCGA_b84_115_SNP_N_GenomeWideSNP_6_A10_771628	6	26840370	26876548	27	-0.6325
DUNGS_p_TCGA_b84_115_SNP_N_GenomeWideSNP_6_A10_771628	6	26881042	29945167	1442	0.0278
DUNGS_p_TCGA_b84_115_SNP_N_GenomeWideSNP_6_A10_771628	6	29945293	29958175	15	-0.8842
DUNGS_p_TCGA_b84_115_SNP_N_GenomeWideSNP_6_A10_771628	6	29958253	31388802	673	0.0205
DUNGS_p_TCGA_b84_115_SNP_N_GenomeWideSNP_6_A10_771628	6	31394255	31403932	8	-1.6863
DUNGS_p_TCGA_b84_115_SNP_N_GenomeWideSNP_6_A10_771628	6	31403966	32703061	562	0.0208
DUNGS_p_TCGA_b84_115_SNP_N_GenomeWideSNP_6_A10_771628	6	32703210	32709295	2	-2.1623
DUNGS_p_TCGA_b84_115_SNP_N_GenomeWideSNP_6_A10_771628	6	32710085	32734596	13	0.234
DUNGS_p_TCGA_b84_115_SNP_N_GenomeWideSNP_6_A10_771628	6	32758590	32794174	37	0.0082
DUNGS_p_TCGA_b84_115_SNP_N_GenomeWideSNP_6_A10_771628	6	32796593	32796831	3	-0.8399
DUNGS_p_TCGA_b84_115_SNP_N_GenomeWideSNP_6_A10_771628	6	32797302	42983443	6593	0.022
DUNGS_p_TCGA_b84_115_SNP_N_GenomeWideSNP_6_A10_771628	6	42988915	42999289	4	-1.0055
DUNGS_p_TCGA_b84_115_SNP_N_GenomeWideSNP_6_A10_771628	6	43003044	51000687	4905	0.0183
DUNGS_p_TCGA_b84_115_SNP_N_GenomeWideSNP_6_A10_771628	6	51001210	51001250	2	1.7779
DUNGS_p_TCGA_b84_115_SNP_N_GenomeWideSNP_6_A10_771628	6	51007232	54039110	2214	0.0219
DUNGS_p_TCGA_b84_115_SNP_N_GenomeWideSNP_6_A10_771628	6	54039189	54039814	6	-1.5576
DUNGS_p_TCGA_b84_115_SNP_N_GenomeWideSNP_6_A10_771628	6	54043307	55427444	887	0.0243
DUNGS_p_TCGA_b84_115_SNP_N_GenomeWideSNP_6_A10_771628	6	55427635	55428270	4	-0.9428
DUNGS_p_TCGA_b84_115_SNP_N_GenomeWideSNP_6_A10_771628	6	55428637	56403616	639	0.0227
DUNGS_p_TCGA_b84_115_SNP_N_GenomeWideSNP_6_A10_771628	6	56406438	56406883	2	-0.9853
DUNGS_p_TCGA_b84_115_SNP_N_GenomeWideSNP_6_A10_771628	6	56407276	65393663	2827	0.013
DUNGS_p_TCGA_b84_115_SNP_N_GenomeWideSNP_6_A10_771628	6	65404265	65405713	2	1.0536
DUNGS_p_TCGA_b84_115_SNP_N_GenomeWideSNP_6_A10_771628	6	65407497	65768120	240	0.0327
DUNGS_p_TCGA_b84_115_SNP_N_GenomeWideSNP_6_A10_771628	6	65770458	65774105	3	-0.9074
DUNGS_p_TCGA_b84_115_SNP_N_GenomeWideSNP_6_A10_771628	6	65788287	67094275	895	0.0323
DUNGS_p_TCGA_b84_115_SNP_N_GenomeWideSNP_6_A10_771628	6	67094742	67099913	9	0.5231
DUNGS_p_TCGA_b84_115_SNP_N_GenomeWideSNP_6_A10_771628	6	67099956	73275412	4172	0.0289
DUNGS_p_TCGA_b84_115_SNP_N_GenomeWideSNP_6_A10_771628	6	73278562	73284516	3	-0.7103
DUNGS_p_TCGA_b84_115_SNP_N_GenomeWideSNP_6_A10_771628	6	73285045	74648586	848	0.0157
DUNGS_p_TCGA_b84_115_SNP_N_GenomeWideSNP_6_A10_771628	6	74648953	74654069	9	0.6144
DUNGS_p_TCGA_b84_115_SNP_N_GenomeWideSNP_6_A10_771628	6	74658138	79019608	2773	0.0156
DUNGS_p_TCGA_b84_115_SNP_N_GenomeWideSNP_6_A10_771628	6	79025784	79089036	108	0.3933
DUNGS_p_TCGA_b84_115_SNP_N_GenomeWideSNP_6_A10_771628	6	79089311	103854303	15525	0.0229
DUNGS_p_TCGA_b84_115_SNP_N_GenomeWideSNP_6_A10_771628	6	103854423	103868725	29	-0.2894
DUNGS_p_TCGA_b84_115_SNP_N_GenomeWideSNP_6_A10_771628	6	103868742	114328648	6685	0.0181
DUNGS_p_TCGA_b84_115_SNP_N_GenomeWideSNP_6_A10_771628	6	114331534	114331709	2	1.1873
DUNGS_p_TCGA_b84_115_SNP_N_GenomeWideSNP_6_A10_771628	6	114332504	124473473	6028	0.0254
DUNGS_p_TCGA_b84_115_SNP_N_GenomeWideSNP_6_A10_771628	6	124477640	124503388	19	0.5867
DUNGS_p_TCGA_b84_115_SNP_N_GenomeWideSNP_6_A10_771628	6	124512064	128470246	2382	0.0162
DUNGS_p_TCGA_b84_115_SNP_N_GenomeWideSNP_6_A10_771628	6	128474123	128478108	7	-0.9826
DUNGS_p_TCGA_b84_115_SNP_N_GenomeWideSNP_6_A10_771628	6	128481507	132747954	2848	0.0221
DUNGS_p_TCGA_b84_115_SNP_N_GenomeWideSNP_6_A10_771628	6	132751050	132754119	3	-0.9632
DUNGS_p_TCGA_b84_115_SNP_N_GenomeWideSNP_6_A10_771628	6	132754618	150031150	11411	0.0228
DUNGS_p_TCGA_b84_115_SNP_N_GenomeWideSNP_6_A10_771628	6	150038413	150038687	2	-1.7201
DUNGS_p_TCGA_b84_115_SNP_N_GenomeWideSNP_6_A10_771628	6	150041480	170892930	14899	0.0172
DUNGS_p_TCGA_b84_115_SNP_N_GenomeWideSNP_6_A10_771628	7	52911	6803531	3445	0.0167
DUNGS_p_TCGA_b84_115_SNP_N_GenomeWideSNP_6_A10_771628	7	6803593	6968132	53	-0.262
DUNGS_p_TCGA_b84_115_SNP_N_GenomeWideSNP_6_A10_771628	7	6968569	38269669	23976	0.0224
DUNGS_p_TCGA_b84_115_SNP_N_GenomeWideSNP_6_A10_771628	7	38269959	38324752	98	-0.1789
DUNGS_p_TCGA_b84_115_SNP_N_GenomeWideSNP_6_A10_771628	7	38324937	54347867	11044	0.0146
DUNGS_p_TCGA_b84_115_SNP_N_GenomeWideSNP_6_A10_771628	7	54353999	54354011	6	1.538
DUNGS_p_TCGA_b84_115_SNP_N_GenomeWideSNP_6_A10_771628	7	54360982	54651593	201	0.0453
DUNGS_p_TCGA_b84_115_SNP_N_GenomeWideSNP_6_A10_771628	7	54656338	54656910	3	-0.7708
DUNGS_p_TCGA_b84_115_SNP_N_GenomeWideSNP_6_A10_771628	7	54661350	56728994	1369	0.0015
DUNGS_p_TCGA_b84_115_SNP_N_GenomeWideSNP_6_A10_771628	7	56729607	56736308	3	-0.7985
DUNGS_p_TCGA_b84_115_SNP_N_GenomeWideSNP_6_A10_771628	7	56739660	64206287	1564	0.0049
DUNGS_p_TCGA_b84_115_SNP_N_GenomeWideSNP_6_A10_771628	7	64231500	64232553	5	-1.4149
DUNGS_p_TCGA_b84_115_SNP_N_GenomeWideSNP_6_A10_771628	7	64233133	69601549	2829	0.0058
DUNGS_p_TCGA_b84_115_SNP_N_GenomeWideSNP_6_A10_771628	7	69607042	69607336	2	-1.2692
DUNGS_p_TCGA_b84_115_SNP_N_GenomeWideSNP_6_A10_771628	7	69608790	86770701	9573	0.0171
DUNGS_p_TCGA_b84_115_SNP_N_GenomeWideSNP_6_A10_771628	7	86778739	86784824	3	-1.072
DUNGS_p_TCGA_b84_115_SNP_N_GenomeWideSNP_6_A10_771628	7	86786163	97233396	6621	0.0209
DUNGS_p_TCGA_b84_115_SNP_N_GenomeWideSNP_6_A10_771628	7	97233398	97240163	13	-0.6894
DUNGS_p_TCGA_b84_115_SNP_N_GenomeWideSNP_6_A10_771628	7	97240224	109228448	6665	0.0174
DUNGS_p_TCGA_b84_115_SNP_N_GenomeWideSNP_6_A10_771628	7	109228480	109241218	12	-0.6428
DUNGS_p_TCGA_b84_115_SNP_N_GenomeWideSNP_6_A10_771628	7	109241465	122608328	8058	0.0174
DUNGS_p_TCGA_b84_115_SNP_N_GenomeWideSNP_6_A10_771628	7	122611487	122614047	8	-1.1362
DUNGS_p_TCGA_b84_115_SNP_N_GenomeWideSNP_6_A10_771628	7	122626681	125832210	1978	0.0183
DUNGS_p_TCGA_b84_115_SNP_N_GenomeWideSNP_6_A10_771628	7	125832718	125834112	13	-0.9289
DUNGS_p_TCGA_b84_115_SNP_N_GenomeWideSNP_6_A10_771628	7	125834113	133435751	4710	0.0161
DUNGS_p_TCGA_b84_115_SNP_N_GenomeWideSNP_6_A10_771628	7	133435849	133446174	24	0.6476
DUNGS_p_TCGA_b84_115_SNP_N_GenomeWideSNP_6_A10_771628	7	133446205	142154515	5707	0.0198
DUNGS_p_TCGA_b84_115_SNP_N_GenomeWideSNP_6_A10_771628	7	142156294	142165684	28	0.4638
DUNGS_p_TCGA_b84_115_SNP_N_GenomeWideSNP_6_A10_771628	7	142165914	147344913	3293	0.0189
DUNGS_p_TCGA_b84_115_SNP_N_GenomeWideSNP_6_A10_771628	7	147344926	147347098	6	-0.7024
DUNGS_p_TCGA_b84_115_SNP_N_GenomeWideSNP_6_A10_771628	7	147348195	158819765	7288	0.0144
DUNGS_p_TCGA_b84_115_SNP_N_GenomeWideSNP_6_A10_771628	8	21254	1347537	868	0.015
DUNGS_p_TCGA_b84_115_SNP_N_GenomeWideSNP_6_A10_771628	8	1347729	1355009	38	-0.3276
DUNGS_p_TCGA_b84_115_SNP_N_GenomeWideSNP_6_A10_771628	8	1355095	2235234	744	0.0242
DUNGS_p_TCGA_b84_115_SNP_N_GenomeWideSNP_6_A10_771628	8	2242045	2243475	3	-1.5775
DUNGS_p_TCGA_b84_115_SNP_N_GenomeWideSNP_6_A10_771628	8	2243551	2246630	7	-0.4683
DUNGS_p_TCGA_b84_115_SNP_N_GenomeWideSNP_6_A10_771628	8	2246736	2689341	462	0.0512
DUNGS_p_TCGA_b84_115_SNP_N_GenomeWideSNP_6_A10_771628	8	2690940	2691306	7	-1.22
DUNGS_p_TCGA_b84_115_SNP_N_GenomeWideSNP_6_A10_771628	8	2694578	3449401	822	0.0291
DUNGS_p_TCGA_b84_115_SNP_N_GenomeWideSNP_6_A10_771628	8	3450546	3450747	2	-1.2399
DUNGS_p_TCGA_b84_115_SNP_N_GenomeWideSNP_6_A10_771628	8	3450853	3984967	834	0.0463
DUNGS_p_TCGA_b84_115_SNP_N_GenomeWideSNP_6_A10_771628	8	3985015	3989724	9	0.5291
DUNGS_p_TCGA_b84_115_SNP_N_GenomeWideSNP_6_A10_771628	8	3990061	6846225	3947	0.0349
DUNGS_p_TCGA_b84_115_SNP_N_GenomeWideSNP_6_A10_771628	8	6846816	6863552	3	0.8793
DUNGS_p_TCGA_b84_115_SNP_N_GenomeWideSNP_6_A10_771628	8	6865598	7203136	99	-0.0173
DUNGS_p_TCGA_b84_115_SNP_N_GenomeWideSNP_6_A10_771628	8	7203152	7225429	18	-1.3013
DUNGS_p_TCGA_b84_115_SNP_N_GenomeWideSNP_6_A10_771628	8	7237790	8092670	215	-0.2159
DUNGS_p_TCGA_b84_115_SNP_N_GenomeWideSNP_6_A10_771628	8	8107713	11986960	3232	0.023
DUNGS_p_TCGA_b84_115_SNP_N_GenomeWideSNP_6_A10_771628	8	12025135	12038532	6	-0.8359
DUNGS_p_TCGA_b84_115_SNP_N_GenomeWideSNP_6_A10_771628	8	12071716	12276652	12	0.1297
DUNGS_p_TCGA_b84_115_SNP_N_GenomeWideSNP_6_A10_771628	8	12276787	12291857	37	0.5349
DUNGS_p_TCGA_b84_115_SNP_N_GenomeWideSNP_6_A10_771628	8	12305298	13848906	1358	0.0095
DUNGS_p_TCGA_b84_115_SNP_N_GenomeWideSNP_6_A10_771628	8	13848969	13859608	12	-0.513
DUNGS_p_TCGA_b84_115_SNP_N_GenomeWideSNP_6_A10_771628	8	13859706	14553939	655	0.0279
DUNGS_p_TCGA_b84_115_SNP_N_GenomeWideSNP_6_A10_771628	8	14554403	14554445	3	-1.0226
DUNGS_p_TCGA_b84_115_SNP_N_GenomeWideSNP_6_A10_771628	8	14554767	25028104	8472	0.0197
DUNGS_p_TCGA_b84_115_SNP_N_GenomeWideSNP_6_A10_771628	8	25030360	25040250	27	0.6334
DUNGS_p_TCGA_b84_115_SNP_N_GenomeWideSNP_6_A10_771628	8	25047021	39349816	9048	0.017
DUNGS_p_TCGA_b84_115_SNP_N_GenomeWideSNP_6_A10_771628	8	39354760	39506122	59	0.6246
DUNGS_p_TCGA_b84_115_SNP_N_GenomeWideSNP_6_A10_771628	8	39507456	39949857	268	0.0392
DUNGS_p_TCGA_b84_115_SNP_N_GenomeWideSNP_6_A10_771628	8	39950114	39950804	3	-0.9694
DUNGS_p_TCGA_b84_115_SNP_N_GenomeWideSNP_6_A10_771628	8	39953976	40890670	803	0.0231
DUNGS_p_TCGA_b84_115_SNP_N_GenomeWideSNP_6_A10_771628	8	40891153	40897628	3	0.6568
DUNGS_p_TCGA_b84_115_SNP_N_GenomeWideSNP_6_A10_771628	8	40902837	41382798	293	0.0042
DUNGS_p_TCGA_b84_115_SNP_N_GenomeWideSNP_6_A10_771628	8	41383584	41386501	2	-0.9549
DUNGS_p_TCGA_b84_115_SNP_N_GenomeWideSNP_6_A10_771628	8	41386638	47504257	1340	0.003
DUNGS_p_TCGA_b84_115_SNP_N_GenomeWideSNP_6_A10_771628	8	47516254	47517423	4	-0.8553
DUNGS_p_TCGA_b84_115_SNP_N_GenomeWideSNP_6_A10_771628	8	47530476	47640282	58	0.0118
DUNGS_p_TCGA_b84_115_SNP_N_GenomeWideSNP_6_A10_771628	8	47644741	47655711	10	0.5351
DUNGS_p_TCGA_b84_115_SNP_N_GenomeWideSNP_6_A10_771628	8	47665260	51193325	1813	0.0178
DUNGS_p_TCGA_b84_115_SNP_N_GenomeWideSNP_6_A10_771628	8	51194564	51195976	9	0.5296
DUNGS_p_TCGA_b84_115_SNP_N_GenomeWideSNP_6_A10_771628	8	51201131	58082450	4478	0.0195
DUNGS_p_TCGA_b84_115_SNP_N_GenomeWideSNP_6_A10_771628	8	58083764	58087213	2	1.103
DUNGS_p_TCGA_b84_115_SNP_N_GenomeWideSNP_6_A10_771628	8	58088384	61161652	2067	0.0184
DUNGS_p_TCGA_b84_115_SNP_N_GenomeWideSNP_6_A10_771628	8	61162042	61165249	9	-0.5694
DUNGS_p_TCGA_b84_115_SNP_N_GenomeWideSNP_6_A10_771628	8	61165360	103786167	25765	0.0193
DUNGS_p_TCGA_b84_115_SNP_N_GenomeWideSNP_6_A10_771628	8	103788772	103796605	10	-1.0168
DUNGS_p_TCGA_b84_115_SNP_N_GenomeWideSNP_6_A10_771628	8	103797744	104061766	146	0.0283
DUNGS_p_TCGA_b84_115_SNP_N_GenomeWideSNP_6_A10_771628	8	104064087	104064999	2	-1.0266
DUNGS_p_TCGA_b84_115_SNP_N_GenomeWideSNP_6_A10_771628	8	104066611	136069660	21557	0.0203
DUNGS_p_TCGA_b84_115_SNP_N_GenomeWideSNP_6_A10_771628	8	136074788	136077635	5	-1.0759
DUNGS_p_TCGA_b84_115_SNP_N_GenomeWideSNP_6_A10_771628	8	136078676	146268959	6404	0.0112
DUNGS_p_TCGA_b84_115_SNP_N_GenomeWideSNP_6_A10_771628	9	36587	5071416	5257	0.0197
DUNGS_p_TCGA_b84_115_SNP_N_GenomeWideSNP_6_A10_771628	9	5071528	5071766	7	-0.8856
DUNGS_p_TCGA_b84_115_SNP_N_GenomeWideSNP_6_A10_771628	9	5071852	38761831	25951	0.0208
DUNGS_p_TCGA_b84_115_SNP_N_GenomeWideSNP_6_A10_771628	9	38777493	38786311	3	-0.8495
DUNGS_p_TCGA_b84_115_SNP_N_GenomeWideSNP_6_A10_771628	9	38795380	39320197	91	0.0749
DUNGS_p_TCGA_b84_115_SNP_N_GenomeWideSNP_6_A10_771628	9	39327293	39332825	3	-0.8723
DUNGS_p_TCGA_b84_115_SNP_N_GenomeWideSNP_6_A10_771628	9	39733166	44181813	168	0.0979
DUNGS_p_TCGA_b84_115_SNP_N_GenomeWideSNP_6_A10_771628	9	44183430	44336923	16	0.5424
DUNGS_p_TCGA_b84_115_SNP_N_GenomeWideSNP_6_A10_771628	9	44344908	46278026	122	-0.0722
DUNGS_p_TCGA_b84_115_SNP_N_GenomeWideSNP_6_A10_771628	9	46278193	46287837	8	-0.8099
DUNGS_p_TCGA_b84_115_SNP_N_GenomeWideSNP_6_A10_771628	9	46289277	89712414	14547	0.0167
DUNGS_p_TCGA_b84_115_SNP_N_GenomeWideSNP_6_A10_771628	9	89743971	89744039	2	-1.4939
DUNGS_p_TCGA_b84_115_SNP_N_GenomeWideSNP_6_A10_771628	9	89747777	137231065	32609	0.0165
DUNGS_p_TCGA_b84_115_SNP_N_GenomeWideSNP_6_A10_771628	9	137232626	137232910	2	-1.5561
DUNGS_p_TCGA_b84_115_SNP_N_GenomeWideSNP_6_A10_771628	9	137233582	138193099	490	0.0193
DUNGS_p_TCGA_b84_115_SNP_N_GenomeWideSNP_6_A10_771628	9	138193336	138198544	4	-0.7246
DUNGS_p_TCGA_b84_115_SNP_N_GenomeWideSNP_6_A10_771628	9	138199096	139372768	293	0.0078
DUNGS_p_TCGA_b84_115_SNP_N_GenomeWideSNP_6_A10_771628	9	139375463	139375654	3	-0.893
DUNGS_p_TCGA_b84_115_SNP_N_GenomeWideSNP_6_A10_771628	9	139392824	140211215	413	0.0021
DUNGS_p_TCGA_b84_115_SNP_N_GenomeWideSNP_6_A10_771628	10	62759	17934982	14899	0.021
DUNGS_p_TCGA_b84_115_SNP_N_GenomeWideSNP_6_A10_771628	10	17967560	18011822	4	-0.8587
DUNGS_p_TCGA_b84_115_SNP_N_GenomeWideSNP_6_A10_771628	10	18069831	24415269	4361	0.0166
DUNGS_p_TCGA_b84_115_SNP_N_GenomeWideSNP_6_A10_771628	10	24417680	24418060	11	-2.0451
DUNGS_p_TCGA_b84_115_SNP_N_GenomeWideSNP_6_A10_771628	10	24418914	24419045	4	-0.6168
DUNGS_p_TCGA_b84_115_SNP_N_GenomeWideSNP_6_A10_771628	10	24420666	27267771	1998	0.0099
DUNGS_p_TCGA_b84_115_SNP_N_GenomeWideSNP_6_A10_771628	10	27268356	27268445	3	-0.356
DUNGS_p_TCGA_b84_115_SNP_N_GenomeWideSNP_6_A10_771628	10	27268458	27268479	2	-1.1675
DUNGS_p_TCGA_b84_115_SNP_N_GenomeWideSNP_6_A10_771628	10	27269999	34523915	5261	0.0208
DUNGS_p_TCGA_b84_115_SNP_N_GenomeWideSNP_6_A10_771628	10	34528370	34528898	2	-1.0225
DUNGS_p_TCGA_b84_115_SNP_N_GenomeWideSNP_6_A10_771628	10	34529910	44126060	4080	0.0121
DUNGS_p_TCGA_b84_115_SNP_N_GenomeWideSNP_6_A10_771628	10	44129203	44130242	5	-1.1505
DUNGS_p_TCGA_b84_115_SNP_N_GenomeWideSNP_6_A10_771628	10	44130635	45390058	915	0.0192
DUNGS_p_TCGA_b84_115_SNP_N_GenomeWideSNP_6_A10_771628	10	45392878	45396241	5	-0.9716
DUNGS_p_TCGA_b84_115_SNP_N_GenomeWideSNP_6_A10_771628	10	45400342	46488233	174	0.157
DUNGS_p_TCGA_b84_115_SNP_N_GenomeWideSNP_6_A10_771628	10	46488249	46821347	64	0.3562
DUNGS_p_TCGA_b84_115_SNP_N_GenomeWideSNP_6_A10_771628	10	46834287	47468066	198	0.6053
DUNGS_p_TCGA_b84_115_SNP_N_GenomeWideSNP_6_A10_771628	10	47480482	48522382	295	-4e-04
DUNGS_p_TCGA_b84_115_SNP_N_GenomeWideSNP_6_A10_771628	10	48548797	48554762	2	-1.9638
DUNGS_p_TCGA_b84_115_SNP_N_GenomeWideSNP_6_A10_771628	10	48567024	51500366	1470	0.0042
DUNGS_p_TCGA_b84_115_SNP_N_GenomeWideSNP_6_A10_771628	10	51510990	51561926	4	-2.4211
DUNGS_p_TCGA_b84_115_SNP_N_GenomeWideSNP_6_A10_771628	10	51573774	51580604	2	-0.9853
DUNGS_p_TCGA_b84_115_SNP_N_GenomeWideSNP_6_A10_771628	10	51607985	52872792	895	0.0351
DUNGS_p_TCGA_b84_115_SNP_N_GenomeWideSNP_6_A10_771628	10	52875082	52881455	7	-0.8292
DUNGS_p_TCGA_b84_115_SNP_N_GenomeWideSNP_6_A10_771628	10	52887229	66976282	10129	0.0222
DUNGS_p_TCGA_b84_115_SNP_N_GenomeWideSNP_6_A10_771628	10	66977929	66984452	28	-1.9664
DUNGS_p_TCGA_b84_115_SNP_N_GenomeWideSNP_6_A10_771628	10	66992801	70945499	2553	0.0236
DUNGS_p_TCGA_b84_115_SNP_N_GenomeWideSNP_6_A10_771628	10	70952478	70952848	5	-0.8416
DUNGS_p_TCGA_b84_115_SNP_N_GenomeWideSNP_6_A10_771628	10	70961620	90928653	13321	0.0184
DUNGS_p_TCGA_b84_115_SNP_N_GenomeWideSNP_6_A10_771628	10	90932947	90940074	13	-0.8521
DUNGS_p_TCGA_b84_115_SNP_N_GenomeWideSNP_6_A10_771628	10	90940386	135284541	30464	0.0153
DUNGS_p_TCGA_b84_115_SNP_N_GenomeWideSNP_6_A10_771628	10	135299347	135356694	5	-0.5263
DUNGS_p_TCGA_b84_115_SNP_N_GenomeWideSNP_6_A10_771628	11	188510	1604155	488	-1e-04
DUNGS_p_TCGA_b84_115_SNP_N_GenomeWideSNP_6_A10_771628	11	1604990	1605224	2	-1.2259
DUNGS_p_TCGA_b84_115_SNP_N_GenomeWideSNP_6_A10_771628	11	1606463	4923972	1989	0.022
DUNGS_p_TCGA_b84_115_SNP_N_GenomeWideSNP_6_A10_771628	11	4924226	4926943	9	-0.9037
DUNGS_p_TCGA_b84_115_SNP_N_GenomeWideSNP_6_A10_771628	11	4928581	4930309	12	-2.1801
DUNGS_p_TCGA_b84_115_SNP_N_GenomeWideSNP_6_A10_771628	11	4930324	4932281	9	-1.4464
DUNGS_p_TCGA_b84_115_SNP_N_GenomeWideSNP_6_A10_771628	11	4932833	4933468	13	-0.4422
DUNGS_p_TCGA_b84_115_SNP_N_GenomeWideSNP_6_A10_771628	11	4933483	5477551	541	0.0202
DUNGS_p_TCGA_b84_115_SNP_N_GenomeWideSNP_6_A10_771628	11	5478727	5479140	6	-0.6541
DUNGS_p_TCGA_b84_115_SNP_N_GenomeWideSNP_6_A10_771628	11	5480169	7769616	1779	0.0235
DUNGS_p_TCGA_b84_115_SNP_N_GenomeWideSNP_6_A10_771628	11	7770036	7788834	6	-0.6902
DUNGS_p_TCGA_b84_115_SNP_N_GenomeWideSNP_6_A10_771628	11	7793585	37711992	21870	0.0145
DUNGS_p_TCGA_b84_115_SNP_N_GenomeWideSNP_6_A10_771628	11	37724389	37791537	39	0.6467
DUNGS_p_TCGA_b84_115_SNP_N_GenomeWideSNP_6_A10_771628	11	37799153	42763620	3294	0.0153
DUNGS_p_TCGA_b84_115_SNP_N_GenomeWideSNP_6_A10_771628	11	42769727	42774615	3	-0.9221
DUNGS_p_TCGA_b84_115_SNP_N_GenomeWideSNP_6_A10_771628	11	42777179	48554998	3413	0.0205
DUNGS_p_TCGA_b84_115_SNP_N_GenomeWideSNP_6_A10_771628	11	48558010	48559252	2	-1.7079
DUNGS_p_TCGA_b84_115_SNP_N_GenomeWideSNP_6_A10_771628	11	48562894	51421003	985	0.0134
DUNGS_p_TCGA_b84_115_SNP_N_GenomeWideSNP_6_A10_771628	11	54458221	54477399	3	0.9184
DUNGS_p_TCGA_b84_115_SNP_N_GenomeWideSNP_6_A10_771628	11	54514867	55130764	240	0.0823
DUNGS_p_TCGA_b84_115_SNP_N_GenomeWideSNP_6_A10_771628	11	55130779	55217259	58	-0.3175
DUNGS_p_TCGA_b84_115_SNP_N_GenomeWideSNP_6_A10_771628	11	55217364	55329061	85	0.0777
DUNGS_p_TCGA_b84_115_SNP_N_GenomeWideSNP_6_A10_771628	11	55329121	55332377	2	-1.0721
DUNGS_p_TCGA_b84_115_SNP_N_GenomeWideSNP_6_A10_771628	11	55334167	81176453	14545	0.0176
DUNGS_p_TCGA_b84_115_SNP_N_GenomeWideSNP_6_A10_771628	11	81181116	81194806	11	-0.7235
DUNGS_p_TCGA_b84_115_SNP_N_GenomeWideSNP_6_A10_771628	11	81200280	101099594	14033	0.0178
DUNGS_p_TCGA_b84_115_SNP_N_GenomeWideSNP_6_A10_771628	11	101103070	101103174	4	0.9592
DUNGS_p_TCGA_b84_115_SNP_N_GenomeWideSNP_6_A10_771628	11	101103422	106744002	3817	0.0205
DUNGS_p_TCGA_b84_115_SNP_N_GenomeWideSNP_6_A10_771628	11	106744024	106744338	3	-1.1372
DUNGS_p_TCGA_b84_115_SNP_N_GenomeWideSNP_6_A10_771628	11	106757572	117854492	7620	0.0171
DUNGS_p_TCGA_b84_115_SNP_N_GenomeWideSNP_6_A10_771628	11	117854517	117861250	28	-0.2441
DUNGS_p_TCGA_b84_115_SNP_N_GenomeWideSNP_6_A10_771628	11	117862928	134449982	12330	0.0169
DUNGS_p_TCGA_b84_115_SNP_N_GenomeWideSNP_6_A10_771628	12	20703	9351801	6128	0.02
DUNGS_p_TCGA_b84_115_SNP_N_GenomeWideSNP_6_A10_771628	12	9352495	9359076	2	-1.0593
DUNGS_p_TCGA_b84_115_SNP_N_GenomeWideSNP_6_A10_771628	12	9363632	9525137	82	0.0299
DUNGS_p_TCGA_b84_115_SNP_N_GenomeWideSNP_6_A10_771628	12	9529176	9619559	23	-1.8015
DUNGS_p_TCGA_b84_115_SNP_N_GenomeWideSNP_6_A10_771628	12	9626236	18817299	6311	0.0189
DUNGS_p_TCGA_b84_115_SNP_N_GenomeWideSNP_6_A10_771628	12	18826456	18827200	3	-0.764
DUNGS_p_TCGA_b84_115_SNP_N_GenomeWideSNP_6_A10_771628	12	18835655	20543378	1157	0.0296
DUNGS_p_TCGA_b84_115_SNP_N_GenomeWideSNP_6_A10_771628	12	20543952	20543989	2	-0.9438
DUNGS_p_TCGA_b84_115_SNP_N_GenomeWideSNP_6_A10_771628	12	20548232	29225316	6240	0.0176
DUNGS_p_TCGA_b84_115_SNP_N_GenomeWideSNP_6_A10_771628	12	29225395	29225405	2	-1.2152
DUNGS_p_TCGA_b84_115_SNP_N_GenomeWideSNP_6_A10_771628	12	29225419	30126848	651	0.0196
DUNGS_p_TCGA_b84_115_SNP_N_GenomeWideSNP_6_A10_771628	12	30130534	30134842	19	-0.5134
DUNGS_p_TCGA_b84_115_SNP_N_GenomeWideSNP_6_A10_771628	12	30134857	33185927	2278	0.0206
DUNGS_p_TCGA_b84_115_SNP_N_GenomeWideSNP_6_A10_771628	12	33192673	33198641	27	-0.5764
DUNGS_p_TCGA_b84_115_SNP_N_GenomeWideSNP_6_A10_771628	12	33199627	37763594	1516	0.0166
DUNGS_p_TCGA_b84_115_SNP_N_GenomeWideSNP_6_A10_771628	12	37767828	37769380	5	-0.8041
DUNGS_p_TCGA_b84_115_SNP_N_GenomeWideSNP_6_A10_771628	12	37774315	44190705	4112	0.0159
DUNGS_p_TCGA_b84_115_SNP_N_GenomeWideSNP_6_A10_771628	12	44192107	44195804	3	1.2547
DUNGS_p_TCGA_b84_115_SNP_N_GenomeWideSNP_6_A10_771628	12	44199559	62206256	10663	0.0228
DUNGS_p_TCGA_b84_115_SNP_N_GenomeWideSNP_6_A10_771628	12	62206852	62211072	3	-1.7047
DUNGS_p_TCGA_b84_115_SNP_N_GenomeWideSNP_6_A10_771628	12	62219230	71486624	6052	0.022
DUNGS_p_TCGA_b84_115_SNP_N_GenomeWideSNP_6_A10_771628	12	71487866	71494234	5	-0.6279
DUNGS_p_TCGA_b84_115_SNP_N_GenomeWideSNP_6_A10_771628	12	71494315	85228261	8440	0.0205
DUNGS_p_TCGA_b84_115_SNP_N_GenomeWideSNP_6_A10_771628	12	85230502	85230788	2	-0.9926
DUNGS_p_TCGA_b84_115_SNP_N_GenomeWideSNP_6_A10_771628	12	85236932	110456662	16482	0.0172
DUNGS_p_TCGA_b84_115_SNP_N_GenomeWideSNP_6_A10_771628	12	110462527	110464380	3	-1.5029
DUNGS_p_TCGA_b84_115_SNP_N_GenomeWideSNP_6_A10_771628	12	110469090	132288262	14950	0.0132
DUNGS_p_TCGA_b84_115_SNP_N_GenomeWideSNP_6_A10_771628	13	17924949	19718781	908	0.009
DUNGS_p_TCGA_b84_115_SNP_N_GenomeWideSNP_6_A10_771628	13	19725251	19725940	2	-1.0207
DUNGS_p_TCGA_b84_115_SNP_N_GenomeWideSNP_6_A10_771628	13	19730547	23866825	3105	0.0199
DUNGS_p_TCGA_b84_115_SNP_N_GenomeWideSNP_6_A10_771628	13	23867694	23868708	2	-1.0487
DUNGS_p_TCGA_b84_115_SNP_N_GenomeWideSNP_6_A10_771628	13	23872844	28927818	3756	0.0185
DUNGS_p_TCGA_b84_115_SNP_N_GenomeWideSNP_6_A10_771628	13	28929562	28931228	2	-1.3828
DUNGS_p_TCGA_b84_115_SNP_N_GenomeWideSNP_6_A10_771628	13	28934193	37950811	6523	0.0179
DUNGS_p_TCGA_b84_115_SNP_N_GenomeWideSNP_6_A10_771628	13	37955572	37956056	2	-2.1266
DUNGS_p_TCGA_b84_115_SNP_N_GenomeWideSNP_6_A10_771628	13	37963057	45249892	5040	0.0209
DUNGS_p_TCGA_b84_115_SNP_N_GenomeWideSNP_6_A10_771628	13	45250638	45250640	2	-0.9877
DUNGS_p_TCGA_b84_115_SNP_N_GenomeWideSNP_6_A10_771628	13	45251787	51992800	4178	0.0238
DUNGS_p_TCGA_b84_115_SNP_N_GenomeWideSNP_6_A10_771628	13	51995985	52003786	3	-1.8657
DUNGS_p_TCGA_b84_115_SNP_N_GenomeWideSNP_6_A10_771628	13	52015880	64250132	7159	0.0225
DUNGS_p_TCGA_b84_115_SNP_N_GenomeWideSNP_6_A10_771628	13	64250252	64251496	2	-1.1543
DUNGS_p_TCGA_b84_115_SNP_N_GenomeWideSNP_6_A10_771628	13	64254284	71374989	4515	0.0252
DUNGS_p_TCGA_b84_115_SNP_N_GenomeWideSNP_6_A10_771628	13	71375556	71378557	4	1.191
DUNGS_p_TCGA_b84_115_SNP_N_GenomeWideSNP_6_A10_771628	13	71378606	82686064	7708	0.0182
DUNGS_p_TCGA_b84_115_SNP_N_GenomeWideSNP_6_A10_771628	13	82686119	82691527	14	-0.5208
DUNGS_p_TCGA_b84_115_SNP_N_GenomeWideSNP_6_A10_771628	13	82691583	114126499	21456	0.0184
DUNGS_p_TCGA_b84_115_SNP_N_GenomeWideSNP_6_A10_771628	14	18072124	18507987	32	-0.076
DUNGS_p_TCGA_b84_115_SNP_N_GenomeWideSNP_6_A10_771628	14	18508611	19493212	158	-0.4034
DUNGS_p_TCGA_b84_115_SNP_N_GenomeWideSNP_6_A10_771628	14	19494766	25849482	4376	0.0011
DUNGS_p_TCGA_b84_115_SNP_N_GenomeWideSNP_6_A10_771628	14	25853743	25853758	8	0.7281
DUNGS_p_TCGA_b84_115_SNP_N_GenomeWideSNP_6_A10_771628	14	25854753	40678108	9276	0.0139
DUNGS_p_TCGA_b84_115_SNP_N_GenomeWideSNP_6_A10_771628	14	40680246	40727099	15	0.4693
DUNGS_p_TCGA_b84_115_SNP_N_GenomeWideSNP_6_A10_771628	14	40739852	40764763	14	0.0049
DUNGS_p_TCGA_b84_115_SNP_N_GenomeWideSNP_6_A10_771628	14	40765063	40768931	5	0.5496
DUNGS_p_TCGA_b84_115_SNP_N_GenomeWideSNP_6_A10_771628	14	40769109	42057616	832	0.0188
DUNGS_p_TCGA_b84_115_SNP_N_GenomeWideSNP_6_A10_771628	14	42062061	42062184	2	-0.9992
DUNGS_p_TCGA_b84_115_SNP_N_GenomeWideSNP_6_A10_771628	14	42065261	46226673	2354	0.013
DUNGS_p_TCGA_b84_115_SNP_N_GenomeWideSNP_6_A10_771628	14	46230239	46230908	3	-0.7761
DUNGS_p_TCGA_b84_115_SNP_N_GenomeWideSNP_6_A10_771628	14	46232129	47579600	875	0.023
DUNGS_p_TCGA_b84_115_SNP_N_GenomeWideSNP_6_A10_771628	14	47580327	47580340	2	-1.0614
DUNGS_p_TCGA_b84_115_SNP_N_GenomeWideSNP_6_A10_771628	14	47582687	73065527	16419	0.019
DUNGS_p_TCGA_b84_115_SNP_N_GenomeWideSNP_6_A10_771628	14	73070876	73099668	11	-1.726
DUNGS_p_TCGA_b84_115_SNP_N_GenomeWideSNP_6_A10_771628	14	73100484	81540482	5568	0.0167
DUNGS_p_TCGA_b84_115_SNP_N_GenomeWideSNP_6_A10_771628	14	81540886	81544191	2	-0.9606
DUNGS_p_TCGA_b84_115_SNP_N_GenomeWideSNP_6_A10_771628	14	81544902	86052923	3097	0.0241
DUNGS_p_TCGA_b84_115_SNP_N_GenomeWideSNP_6_A10_771628	14	86053077	86057450	4	-0.6688
DUNGS_p_TCGA_b84_115_SNP_N_GenomeWideSNP_6_A10_771628	14	86057520	87631051	997	0.02
DUNGS_p_TCGA_b84_115_SNP_N_GenomeWideSNP_6_A10_771628	14	87637670	87644857	4	-0.5647
DUNGS_p_TCGA_b84_115_SNP_N_GenomeWideSNP_6_A10_771628	14	87645895	87801727	120	0.0076
DUNGS_p_TCGA_b84_115_SNP_N_GenomeWideSNP_6_A10_771628	14	87802527	87803444	2	-1.0476
DUNGS_p_TCGA_b84_115_SNP_N_GenomeWideSNP_6_A10_771628	14	87803857	105531947	11015	0.022
DUNGS_p_TCGA_b84_115_SNP_N_GenomeWideSNP_6_A10_771628	14	105550720	105550986	2	1.2233
DUNGS_p_TCGA_b84_115_SNP_N_GenomeWideSNP_6_A10_771628	14	105553173	105606340	24	-0.0064
DUNGS_p_TCGA_b84_115_SNP_N_GenomeWideSNP_6_A10_771628	14	105609107	105632486	13	0.8667
DUNGS_p_TCGA_b84_115_SNP_N_GenomeWideSNP_6_A10_771628	14	105638145	105867742	106	0.0516
DUNGS_p_TCGA_b84_115_SNP_N_GenomeWideSNP_6_A10_771628	14	105872400	105892781	8	1.4227
DUNGS_p_TCGA_b84_115_SNP_N_GenomeWideSNP_6_A10_771628	14	105896961	105989139	79	0.0417
DUNGS_p_TCGA_b84_115_SNP_N_GenomeWideSNP_6_A10_771628	14	105989153	106010833	9	-0.4529
DUNGS_p_TCGA_b84_115_SNP_N_GenomeWideSNP_6_A10_771628	14	106014567	106224087	123	0.0541
DUNGS_p_TCGA_b84_115_SNP_N_GenomeWideSNP_6_A10_771628	14	106224112	106231699	6	0.6254
DUNGS_p_TCGA_b84_115_SNP_N_GenomeWideSNP_6_A10_771628	14	106231806	106356482	87	0.0133
DUNGS_p_TCGA_b84_115_SNP_N_GenomeWideSNP_6_A10_771628	15	18276341	18524300	54	-0.017
DUNGS_p_TCGA_b84_115_SNP_N_GenomeWideSNP_6_A10_771628	15	18525992	18838435	44	-1.2769
DUNGS_p_TCGA_b84_115_SNP_N_GenomeWideSNP_6_A10_771628	15	18841465	18841578	7	-0.1713
DUNGS_p_TCGA_b84_115_SNP_N_GenomeWideSNP_6_A10_771628	15	18846002	18846700	8	-2.0911
DUNGS_p_TCGA_b84_115_SNP_N_GenomeWideSNP_6_A10_771628	15	18846759	18850056	6	-3.3435
DUNGS_p_TCGA_b84_115_SNP_N_GenomeWideSNP_6_A10_771628	15	18850174	18977400	28	-1.3654
DUNGS_p_TCGA_b84_115_SNP_N_GenomeWideSNP_6_A10_771628	15	18990479	19080173	9	-0.6128
DUNGS_p_TCGA_b84_115_SNP_N_GenomeWideSNP_6_A10_771628	15	19090388	19338198	83	-1.329
DUNGS_p_TCGA_b84_115_SNP_N_GenomeWideSNP_6_A10_771628	15	19349150	19350992	6	-2.5522
DUNGS_p_TCGA_b84_115_SNP_N_GenomeWideSNP_6_A10_771628	15	19354479	19412860	27	-1.5269
DUNGS_p_TCGA_b84_115_SNP_N_GenomeWideSNP_6_A10_771628	15	19414814	19523446	26	-1.0322
DUNGS_p_TCGA_b84_115_SNP_N_GenomeWideSNP_6_A10_771628	15	19533677	19555435	7	-1.6467
DUNGS_p_TCGA_b84_115_SNP_N_GenomeWideSNP_6_A10_771628	15	19566875	20072482	111	-0.7371
DUNGS_p_TCGA_b84_115_SNP_N_GenomeWideSNP_6_A10_771628	15	20073122	20084266	3	-1.438
DUNGS_p_TCGA_b84_115_SNP_N_GenomeWideSNP_6_A10_771628	15	20085795	21934123	879	0.0035
DUNGS_p_TCGA_b84_115_SNP_N_GenomeWideSNP_6_A10_771628	15	21935658	21985625	31	-0.8395
DUNGS_p_TCGA_b84_115_SNP_N_GenomeWideSNP_6_A10_771628	15	21993312	22023095	20	0.0603
DUNGS_p_TCGA_b84_115_SNP_N_GenomeWideSNP_6_A10_771628	15	22023323	22063128	16	-0.3608
DUNGS_p_TCGA_b84_115_SNP_N_GenomeWideSNP_6_A10_771628	15	22065713	22122442	27	0.0274
DUNGS_p_TCGA_b84_115_SNP_N_GenomeWideSNP_6_A10_771628	15	22125850	22329984	101	0.5502
DUNGS_p_TCGA_b84_115_SNP_N_GenomeWideSNP_6_A10_771628	15	22333360	28333305	3652	0.0126
DUNGS_p_TCGA_b84_115_SNP_N_GenomeWideSNP_6_A10_771628	15	28339437	28348859	2	1.1803
DUNGS_p_TCGA_b84_115_SNP_N_GenomeWideSNP_6_A10_771628	15	28350062	33926698	3631	0.0176
DUNGS_p_TCGA_b84_115_SNP_N_GenomeWideSNP_6_A10_771628	15	33927049	33927078	2	-1.1026
DUNGS_p_TCGA_b84_115_SNP_N_GenomeWideSNP_6_A10_771628	15	33929244	74665417	25609	0.0204
DUNGS_p_TCGA_b84_115_SNP_N_GenomeWideSNP_6_A10_771628	15	74678296	74679096	9	-2.7213
DUNGS_p_TCGA_b84_115_SNP_N_GenomeWideSNP_6_A10_771628	15	74679248	74682830	13	-1.466
DUNGS_p_TCGA_b84_115_SNP_N_GenomeWideSNP_6_A10_771628	15	74689234	100123240	17631	0.0153
DUNGS_p_TCGA_b84_115_SNP_N_GenomeWideSNP_6_A10_771628	15	100124033	100135472	6	-0.7112
DUNGS_p_TCGA_b84_115_SNP_N_GenomeWideSNP_6_A10_771628	15	100136856	100286563	64	-0.0227
DUNGS_p_TCGA_b84_115_SNP_N_GenomeWideSNP_6_A10_771628	16	777	3656995	1365	0.01
DUNGS_p_TCGA_b84_115_SNP_N_GenomeWideSNP_6_A10_771628	16	3659345	3666637	2	-1.1917
DUNGS_p_TCGA_b84_115_SNP_N_GenomeWideSNP_6_A10_771628	16	3668111	11537285	7345	0.0199
DUNGS_p_TCGA_b84_115_SNP_N_GenomeWideSNP_6_A10_771628	16	11537434	11537449	2	-1.1104
DUNGS_p_TCGA_b84_115_SNP_N_GenomeWideSNP_6_A10_771628	16	11540983	15177719	2536	0.0188
DUNGS_p_TCGA_b84_115_SNP_N_GenomeWideSNP_6_A10_771628	16	15186319	15194188	2	-1.0642
DUNGS_p_TCGA_b84_115_SNP_N_GenomeWideSNP_6_A10_771628	16	15198270	16492765	557	0.0028
DUNGS_p_TCGA_b84_115_SNP_N_GenomeWideSNP_6_A10_771628	16	16500214	16745127	32	-0.2253
DUNGS_p_TCGA_b84_115_SNP_N_GenomeWideSNP_6_A10_771628	16	16762862	18106218	972	0.0414
DUNGS_p_TCGA_b84_115_SNP_N_GenomeWideSNP_6_A10_771628	16	18135619	18150227	3	1.1262
DUNGS_p_TCGA_b84_115_SNP_N_GenomeWideSNP_6_A10_771628	16	18150537	29180105	6351	0.0192
DUNGS_p_TCGA_b84_115_SNP_N_GenomeWideSNP_6_A10_771628	16	29184295	29189266	6	-0.9282
DUNGS_p_TCGA_b84_115_SNP_N_GenomeWideSNP_6_A10_771628	16	29191205	32496123	1010	0.02
DUNGS_p_TCGA_b84_115_SNP_N_GenomeWideSNP_6_A10_771628	16	32496402	32496410	5	0.5897
DUNGS_p_TCGA_b84_115_SNP_N_GenomeWideSNP_6_A10_771628	16	32516775	48101741	2371	0.0046
DUNGS_p_TCGA_b84_115_SNP_N_GenomeWideSNP_6_A10_771628	16	48101922	48103066	2	-1.4151
DUNGS_p_TCGA_b84_115_SNP_N_GenomeWideSNP_6_A10_771628	16	48103642	54352715	4788	0.0146
DUNGS_p_TCGA_b84_115_SNP_N_GenomeWideSNP_6_A10_771628	16	54353890	54374147	18	-2.5855
DUNGS_p_TCGA_b84_115_SNP_N_GenomeWideSNP_6_A10_771628	16	54374206	54399855	7	-0.1719
DUNGS_p_TCGA_b84_115_SNP_N_GenomeWideSNP_6_A10_771628	16	54399883	54416294	13	0.8346
DUNGS_p_TCGA_b84_115_SNP_N_GenomeWideSNP_6_A10_771628	16	54425940	74080467	11910	0.0175
DUNGS_p_TCGA_b84_115_SNP_N_GenomeWideSNP_6_A10_771628	16	74080899	74080913	2	-1.7081
DUNGS_p_TCGA_b84_115_SNP_N_GenomeWideSNP_6_A10_771628	16	74082210	88815036	13260	0.0175
DUNGS_p_TCGA_b84_115_SNP_N_GenomeWideSNP_6_A10_771628	17	526	7386117	4204	0.0141
DUNGS_p_TCGA_b84_115_SNP_N_GenomeWideSNP_6_A10_771628	17	7391635	7391761	2	-1.117
DUNGS_p_TCGA_b84_115_SNP_N_GenomeWideSNP_6_A10_771628	17	7394415	8183635	352	0.0281
DUNGS_p_TCGA_b84_115_SNP_N_GenomeWideSNP_6_A10_771628	17	8188272	8188458	2	-1.3195
DUNGS_p_TCGA_b84_115_SNP_N_GenomeWideSNP_6_A10_771628	17	8190183	14992773	5177	0.0173
DUNGS_p_TCGA_b84_115_SNP_N_GenomeWideSNP_6_A10_771628	17	14992788	14995113	4	-0.7581
DUNGS_p_TCGA_b84_115_SNP_N_GenomeWideSNP_6_A10_771628	17	14995191	16603639	778	0.016
DUNGS_p_TCGA_b84_115_SNP_N_GenomeWideSNP_6_A10_771628	17	16603776	16682509	14	0.5263
DUNGS_p_TCGA_b84_115_SNP_N_GenomeWideSNP_6_A10_771628	17	16697872	17401399	450	0.0259
DUNGS_p_TCGA_b84_115_SNP_N_GenomeWideSNP_6_A10_771628	17	17404524	17404739	2	0.9808
DUNGS_p_TCGA_b84_115_SNP_N_GenomeWideSNP_6_A10_771628	17	17406939	18260587	466	0.0113
DUNGS_p_TCGA_b84_115_SNP_N_GenomeWideSNP_6_A10_771628	17	18296117	18394162	26	-1.4948
DUNGS_p_TCGA_b84_115_SNP_N_GenomeWideSNP_6_A10_771628	17	18399997	18409922	4	-0.5023
DUNGS_p_TCGA_b84_115_SNP_N_GenomeWideSNP_6_A10_771628	17	18415371	31460821	6924	0.0113
DUNGS_p_TCGA_b84_115_SNP_N_GenomeWideSNP_6_A10_771628	17	31461241	31653809	42	-0.2114
DUNGS_p_TCGA_b84_115_SNP_N_GenomeWideSNP_6_A10_771628	17	31890369	36668173	2539	0.021
DUNGS_p_TCGA_b84_115_SNP_N_GenomeWideSNP_6_A10_771628	17	36671898	36676603	7	-0.3915
DUNGS_p_TCGA_b84_115_SNP_N_GenomeWideSNP_6_A10_771628	17	36676616	36684057	20	-1.1044
DUNGS_p_TCGA_b84_115_SNP_N_GenomeWideSNP_6_A10_771628	17	36686250	40941880	2164	0.0148
DUNGS_p_TCGA_b84_115_SNP_N_GenomeWideSNP_6_A10_771628	17	40942192	41015209	11	0.547
DUNGS_p_TCGA_b84_115_SNP_N_GenomeWideSNP_6_A10_771628	17	41020476	41518102	335	0.0263
DUNGS_p_TCGA_b84_115_SNP_N_GenomeWideSNP_6_A10_771628	17	41518125	41719947	128	0.7035
DUNGS_p_TCGA_b84_115_SNP_N_GenomeWideSNP_6_A10_771628	17	41750187	42120174	49	-0.5622
DUNGS_p_TCGA_b84_115_SNP_N_GenomeWideSNP_6_A10_771628	17	42139835	53042488	7015	0.0196
DUNGS_p_TCGA_b84_115_SNP_N_GenomeWideSNP_6_A10_771628	17	53043332	53043992	2	-1.3815
DUNGS_p_TCGA_b84_115_SNP_N_GenomeWideSNP_6_A10_771628	17	53046992	76216011	13630	0.0226
DUNGS_p_TCGA_b84_115_SNP_N_GenomeWideSNP_6_A10_771628	17	76218796	76228102	13	0.6071
DUNGS_p_TCGA_b84_115_SNP_N_GenomeWideSNP_6_A10_771628	17	76229419	78643088	976	0.0268
DUNGS_p_TCGA_b84_115_SNP_N_GenomeWideSNP_6_A10_771628	18	1543	82133	9	-0.3316
DUNGS_p_TCGA_b84_115_SNP_N_GenomeWideSNP_6_A10_771628	18	87829	36514432	22858	0.0173
DUNGS_p_TCGA_b84_115_SNP_N_GenomeWideSNP_6_A10_771628	18	36514446	36522022	18	0.425
DUNGS_p_TCGA_b84_115_SNP_N_GenomeWideSNP_6_A10_771628	18	36523496	49778199	9151	0.0136
DUNGS_p_TCGA_b84_115_SNP_N_GenomeWideSNP_6_A10_771628	18	49778840	49779150	3	-1.0027
DUNGS_p_TCGA_b84_115_SNP_N_GenomeWideSNP_6_A10_771628	18	49782366	68056064	12863	0.0208
DUNGS_p_TCGA_b84_115_SNP_N_GenomeWideSNP_6_A10_771628	18	68058402	68058419	2	-1.04
DUNGS_p_TCGA_b84_115_SNP_N_GenomeWideSNP_6_A10_771628	18	68058704	76116029	5965	0.0132
DUNGS_p_TCGA_b84_115_SNP_N_GenomeWideSNP_6_A10_771628	19	41910	20538030	9083	0.0195
DUNGS_p_TCGA_b84_115_SNP_N_GenomeWideSNP_6_A10_771628	19	20550917	20551698	2	-2.357
DUNGS_p_TCGA_b84_115_SNP_N_GenomeWideSNP_6_A10_771628	19	20556970	20638253	57	0.0131
DUNGS_p_TCGA_b84_115_SNP_N_GenomeWideSNP_6_A10_771628	19	20640258	20643291	3	-0.7367
DUNGS_p_TCGA_b84_115_SNP_N_GenomeWideSNP_6_A10_771628	19	20643650	40541027	7691	0.0122
DUNGS_p_TCGA_b84_115_SNP_N_GenomeWideSNP_6_A10_771628	19	40541061	40553619	24	-0.4836
DUNGS_p_TCGA_b84_115_SNP_N_GenomeWideSNP_6_A10_771628	19	40553688	46749865	3205	0.0176
DUNGS_p_TCGA_b84_115_SNP_N_GenomeWideSNP_6_A10_771628	19	46751690	46754147	6	-0.9243
DUNGS_p_TCGA_b84_115_SNP_N_GenomeWideSNP_6_A10_771628	19	46755515	56823625	4908	0.0201
DUNGS_p_TCGA_b84_115_SNP_N_GenomeWideSNP_6_A10_771628	19	56834164	56840009	11	1.1189
DUNGS_p_TCGA_b84_115_SNP_N_GenomeWideSNP_6_A10_771628	19	56846717	63789666	4387	0.0104
DUNGS_p_TCGA_b84_115_SNP_N_GenomeWideSNP_6_A10_771628	20	9305	1500503	1186	0.0088
DUNGS_p_TCGA_b84_115_SNP_N_GenomeWideSNP_6_A10_771628	20	1505190	1516006	28	-0.7626
DUNGS_p_TCGA_b84_115_SNP_N_GenomeWideSNP_6_A10_771628	20	1516083	1530092	28	-0.3433
DUNGS_p_TCGA_b84_115_SNP_N_GenomeWideSNP_6_A10_771628	20	1530207	51921429	33641	0.0203
DUNGS_p_TCGA_b84_115_SNP_N_GenomeWideSNP_6_A10_771628	20	51925779	51929408	4	-1.2285
DUNGS_p_TCGA_b84_115_SNP_N_GenomeWideSNP_6_A10_771628	20	51933600	62426597	7644	0.0159
DUNGS_p_TCGA_b84_115_SNP_N_GenomeWideSNP_6_A10_771628	21	9758742	9975997	37	0.4053
DUNGS_p_TCGA_b84_115_SNP_N_GenomeWideSNP_6_A10_771628	21	9976052	46868791	24354	0.0203
DUNGS_p_TCGA_b84_115_SNP_N_GenomeWideSNP_6_A10_771628	21	46869023	46921385	43	-0.2114
DUNGS_p_TCGA_b84_115_SNP_N_GenomeWideSNP_6_A10_771628	22	14432528	19795835	2854	0.0041
DUNGS_p_TCGA_b84_115_SNP_N_GenomeWideSNP_6_A10_771628	22	19872615	19897231	2	-1.1608
DUNGS_p_TCGA_b84_115_SNP_N_GenomeWideSNP_6_A10_771628	22	19902214	21082462	793	0.0197
DUNGS_p_TCGA_b84_115_SNP_N_GenomeWideSNP_6_A10_771628	22	21082680	21082880	4	0.9287
DUNGS_p_TCGA_b84_115_SNP_N_GenomeWideSNP_6_A10_771628	22	21087321	22674422	972	0.031
DUNGS_p_TCGA_b84_115_SNP_N_GenomeWideSNP_6_A10_771628	22	22680529	22724015	18	-1.877
DUNGS_p_TCGA_b84_115_SNP_N_GenomeWideSNP_6_A10_771628	22	22726814	37620866	10841	0.0171
DUNGS_p_TCGA_b84_115_SNP_N_GenomeWideSNP_6_A10_771628	22	37625201	37629060	4	-0.9221
DUNGS_p_TCGA_b84_115_SNP_N_GenomeWideSNP_6_A10_771628	22	37629994	41208293	1948	0.021
DUNGS_p_TCGA_b84_115_SNP_N_GenomeWideSNP_6_A10_771628	22	41208999	41296643	41	-0.1992
DUNGS_p_TCGA_b84_115_SNP_N_GenomeWideSNP_6_A10_771628	22	41303145	43512004	1628	0.0217
DUNGS_p_TCGA_b84_115_SNP_N_GenomeWideSNP_6_A10_771628	22	43514470	43515570	4	-0.8869
DUNGS_p_TCGA_b84_115_SNP_N_GenomeWideSNP_6_A10_771628	22	43525089	47654704	3236	0.0122
DUNGS_p_TCGA_b84_115_SNP_N_GenomeWideSNP_6_A10_771628	22	47655927	47656546	2	-1.8057
DUNGS_p_TCGA_b84_115_SNP_N_GenomeWideSNP_6_A10_771628	22	47659295	47847755	172	-0.013
DUNGS_p_TCGA_b84_115_SNP_N_GenomeWideSNP_6_A10_771628	22	47847768	47847782	2	-1.4374
DUNGS_p_TCGA_b84_115_SNP_N_GenomeWideSNP_6_A10_771628	22	47848114	49581321	1062	-0.01
DUNGS_p_TCGA_b84_115_SNP_N_GenomeWideSNP_6_A10_771628	X	108477	56808436	32906	0.017
DUNGS_p_TCGA_b84_115_SNP_N_GenomeWideSNP_6_A10_771628	X	56814358	56820311	6	-0.6321
DUNGS_p_TCGA_b84_115_SNP_N_GenomeWideSNP_6_A10_771628	X	56824308	76266264	7256	0.0215
DUNGS_p_TCGA_b84_115_SNP_N_GenomeWideSNP_6_A10_771628	X	76270041	76462887	20	0.4967
DUNGS_p_TCGA_b84_115_SNP_N_GenomeWideSNP_6_A10_771628	X	76463854	88428986	6666	0.0228
DUNGS_p_TCGA_b84_115_SNP_N_GenomeWideSNP_6_A10_771628	X	88430833	88432453	2	1.1898
DUNGS_p_TCGA_b84_115_SNP_N_GenomeWideSNP_6_A10_771628	X	88444467	88699278	98	0.0224
DUNGS_p_TCGA_b84_115_SNP_N_GenomeWideSNP_6_A10_771628	X	88700630	88703924	2	-1.1911
DUNGS_p_TCGA_b84_115_SNP_N_GenomeWideSNP_6_A10_771628	X	88708939	89027659	106	-0.0275
DUNGS_p_TCGA_b84_115_SNP_N_GenomeWideSNP_6_A10_771628	X	89030236	89042895	2	-1.1722
DUNGS_p_TCGA_b84_115_SNP_N_GenomeWideSNP_6_A10_771628	X	89048097	90025891	339	0.0415
DUNGS_p_TCGA_b84_115_SNP_N_GenomeWideSNP_6_A10_771628	X	90026236	90030544	5	0.7037
DUNGS_p_TCGA_b84_115_SNP_N_GenomeWideSNP_6_A10_771628	X	90030939	93293693	1623	0.0143
DUNGS_p_TCGA_b84_115_SNP_N_GenomeWideSNP_6_A10_771628	X	93300265	93300694	3	-0.7949
DUNGS_p_TCGA_b84_115_SNP_N_GenomeWideSNP_6_A10_771628	X	93302358	93306266	10	-0.0102
DUNGS_p_TCGA_b84_115_SNP_N_GenomeWideSNP_6_A10_771628	X	93309851	93313003	4	-2.0235
DUNGS_p_TCGA_b84_115_SNP_N_GenomeWideSNP_6_A10_771628	X	93315407	106109654	6898	0.0179
DUNGS_p_TCGA_b84_115_SNP_N_GenomeWideSNP_6_A10_771628	X	106109692	106109841	3	-0.7499
DUNGS_p_TCGA_b84_115_SNP_N_GenomeWideSNP_6_A10_771628	X	106115196	115047709	4917	0.0199
DUNGS_p_TCGA_b84_115_SNP_N_GenomeWideSNP_6_A10_771628	X	115051983	115064666	7	-1.1377
DUNGS_p_TCGA_b84_115_SNP_N_GenomeWideSNP_6_A10_771628	X	115070447	140509460	14799	0.0183
DUNGS_p_TCGA_b84_115_SNP_N_GenomeWideSNP_6_A10_771628	X	140511643	140626702	75	0.532
DUNGS_p_TCGA_b84_115_SNP_N_GenomeWideSNP_6_A10_771628	X	140628857	154835548	8928	0.0207
DUNGS_p_TCGA_b84_115_SNP_N_GenomeWideSNP_6_A10_771628	Y	2710438	2943369	115	-2.9382
DUNGS_p_TCGA_b84_115_SNP_N_GenomeWideSNP_6_A10_771628	Y	2947448	2953230	5	-4.8826
DUNGS_p_TCGA_b84_115_SNP_N_GenomeWideSNP_6_A10_771628	Y	2954042	3045595	31	-2.9837
DUNGS_p_TCGA_b84_115_SNP_N_GenomeWideSNP_6_A10_771628	Y	3065268	3217597	34	-2.3141
DUNGS_p_TCGA_b84_115_SNP_N_GenomeWideSNP_6_A10_771628	Y	3218073	3315255	20	-3.2266
DUNGS_p_TCGA_b84_115_SNP_N_GenomeWideSNP_6_A10_771628	Y	3317144	4303201	205	-2.3887
DUNGS_p_TCGA_b84_115_SNP_N_GenomeWideSNP_6_A10_771628	Y	4305859	4340612	7	-4.2447
DUNGS_p_TCGA_b84_115_SNP_N_GenomeWideSNP_6_A10_771628	Y	4343801	6003672	355	-2.4532
DUNGS_p_TCGA_b84_115_SNP_N_GenomeWideSNP_6_A10_771628	Y	6004603	6212058	91	-3.0198
DUNGS_p_TCGA_b84_115_SNP_N_GenomeWideSNP_6_A10_771628	Y	6212236	6250150	19	-4.838
DUNGS_p_TCGA_b84_115_SNP_N_GenomeWideSNP_6_A10_771628	Y	6255294	6272344	7	-2.4962
DUNGS_p_TCGA_b84_115_SNP_N_GenomeWideSNP_6_A10_771628	Y	6277750	6341935	28	-4.3031
DUNGS_p_TCGA_b84_115_SNP_N_GenomeWideSNP_6_A10_771628	Y	6342097	7052648	285	-2.9612
DUNGS_p_TCGA_b84_115_SNP_N_GenomeWideSNP_6_A10_771628	Y	7054405	7068631	4	-6.0568
DUNGS_p_TCGA_b84_115_SNP_N_GenomeWideSNP_6_A10_771628	Y	7071666	7459842	180	-2.84
DUNGS_p_TCGA_b84_115_SNP_N_GenomeWideSNP_6_A10_771628	Y	7460746	7478121	8	-4.1824
DUNGS_p_TCGA_b84_115_SNP_N_GenomeWideSNP_6_A10_771628	Y	7478484	7505239	20	-2.6867
DUNGS_p_TCGA_b84_115_SNP_N_GenomeWideSNP_6_A10_771628	Y	7506090	7578866	30	-3.8169
DUNGS_p_TCGA_b84_115_SNP_N_GenomeWideSNP_6_A10_771628	Y	7579201	7695058	71	-2.7963
DUNGS_p_TCGA_b84_115_SNP_N_GenomeWideSNP_6_A10_771628	Y	7698901	7703394	5	-6.039
DUNGS_p_TCGA_b84_115_SNP_N_GenomeWideSNP_6_A10_771628	Y	7706694	7895713	153	-3.0897
DUNGS_p_TCGA_b84_115_SNP_N_GenomeWideSNP_6_A10_771628	Y	7895840	7895847	2	-6.6576
DUNGS_p_TCGA_b84_115_SNP_N_GenomeWideSNP_6_A10_771628	Y	7896378	8024712	103	-3.2372
DUNGS_p_TCGA_b84_115_SNP_N_GenomeWideSNP_6_A10_771628	Y	8025120	8159000	64	-2.7202
DUNGS_p_TCGA_b84_115_SNP_N_GenomeWideSNP_6_A10_771628	Y	8159885	8618158	319	-3.2632
DUNGS_p_TCGA_b84_115_SNP_N_GenomeWideSNP_6_A10_771628	Y	8619121	8624279	3	-6.0949
DUNGS_p_TCGA_b84_115_SNP_N_GenomeWideSNP_6_A10_771628	Y	8626636	9203742	230	-3.1266
DUNGS_p_TCGA_b84_115_SNP_N_GenomeWideSNP_6_A10_771628	Y	9208882	10001884	39	-4.3481
DUNGS_p_TCGA_b84_115_SNP_N_GenomeWideSNP_6_A10_771628	Y	10002195	10357458	148	-3.4112
DUNGS_p_TCGA_b84_115_SNP_N_GenomeWideSNP_6_A10_771628	Y	10360085	10385211	9	-4.4289
DUNGS_p_TCGA_b84_115_SNP_N_GenomeWideSNP_6_A10_771628	Y	10394949	13302176	587	-2.8884
DUNGS_p_TCGA_b84_115_SNP_N_GenomeWideSNP_6_A10_771628	Y	13302392	13323385	13	-4.3587
DUNGS_p_TCGA_b84_115_SNP_N_GenomeWideSNP_6_A10_771628	Y	13324374	13537669	97	-3.1209
DUNGS_p_TCGA_b84_115_SNP_N_GenomeWideSNP_6_A10_771628	Y	13539460	13540211	3	-6.4249
DUNGS_p_TCGA_b84_115_SNP_N_GenomeWideSNP_6_A10_771628	Y	13541682	14099670	249	-2.9597
DUNGS_p_TCGA_b84_115_SNP_N_GenomeWideSNP_6_A10_771628	Y	14099736	14103917	3	-6.8117
DUNGS_p_TCGA_b84_115_SNP_N_GenomeWideSNP_6_A10_771628	Y	14104283	16780637	1432	-3.0236
DUNGS_p_TCGA_b84_115_SNP_N_GenomeWideSNP_6_A10_771628	Y	16783449	17043829	99	-3.6261
DUNGS_p_TCGA_b84_115_SNP_N_GenomeWideSNP_6_A10_771628	Y	17043997	17247257	126	-2.932
DUNGS_p_TCGA_b84_115_SNP_N_GenomeWideSNP_6_A10_771628	Y	17256046	17271792	7	-4.4452
DUNGS_p_TCGA_b84_115_SNP_N_GenomeWideSNP_6_A10_771628	Y	17272006	17568822	173	-2.9639
DUNGS_p_TCGA_b84_115_SNP_N_GenomeWideSNP_6_A10_771628	Y	17572959	17613453	15	-4.0636
DUNGS_p_TCGA_b84_115_SNP_N_GenomeWideSNP_6_A10_771628	Y	17615639	17677531	26	-3.0151
DUNGS_p_TCGA_b84_115_SNP_N_GenomeWideSNP_6_A10_771628	Y	17678064	17691665	6	-5.5726
DUNGS_p_TCGA_b84_115_SNP_N_GenomeWideSNP_6_A10_771628	Y	17694743	18080874	194	-3.0977
DUNGS_p_TCGA_b84_115_SNP_N_GenomeWideSNP_6_A10_771628	Y	18084284	19337798	595	-3.6203
DUNGS_p_TCGA_b84_115_SNP_N_GenomeWideSNP_6_A10_771628	Y	19338525	19384308	22	-4.7935
DUNGS_p_TCGA_b84_115_SNP_N_GenomeWideSNP_6_A10_771628	Y	19385236	19430134	32	-3.5745
DUNGS_p_TCGA_b84_115_SNP_N_GenomeWideSNP_6_A10_771628	Y	19430886	19431561	2	-8.3328
DUNGS_p_TCGA_b84_115_SNP_N_GenomeWideSNP_6_A10_771628	Y	19431797	19488345	23	-3.9704
DUNGS_p_TCGA_b84_115_SNP_N_GenomeWideSNP_6_A10_771628	Y	19488618	21309992	658	-3.1341
DUNGS_p_TCGA_b84_115_SNP_N_GenomeWideSNP_6_A10_771628	Y	21314582	21374291	36	-4.0568
DUNGS_p_TCGA_b84_115_SNP_N_GenomeWideSNP_6_A10_771628	Y	21376428	21652803	107	-3.0343
DUNGS_p_TCGA_b84_115_SNP_N_GenomeWideSNP_6_A10_771628	Y	21657178	21660250	5	-4.898
DUNGS_p_TCGA_b84_115_SNP_N_GenomeWideSNP_6_A10_771628	Y	21660857	21678244	11	-3.4238
DUNGS_p_TCGA_b84_115_SNP_N_GenomeWideSNP_6_A10_771628	Y	21678709	21690525	7	-2.0667
DUNGS_p_TCGA_b84_115_SNP_N_GenomeWideSNP_6_A10_771628	Y	21690785	21720373	13	-3.2603
DUNGS_p_TCGA_b84_115_SNP_N_GenomeWideSNP_6_A10_771628	Y	21736165	21759579	15	-2.1002
DUNGS_p_TCGA_b84_115_SNP_N_GenomeWideSNP_6_A10_771628	Y	21763549	22022048	132	-3.2006
DUNGS_p_TCGA_b84_115_SNP_N_GenomeWideSNP_6_A10_771628	Y	22035590	22041017	4	-5.5887
DUNGS_p_TCGA_b84_115_SNP_N_GenomeWideSNP_6_A10_771628	Y	22042052	22063159	19	-3.1097
DUNGS_p_TCGA_b84_115_SNP_N_GenomeWideSNP_6_A10_771628	Y	22093119	22099738	2	-8.8975
DUNGS_p_TCGA_b84_115_SNP_N_GenomeWideSNP_6_A10_771628	Y	22125089	22182478	36	-3.6991
DUNGS_p_TCGA_b84_115_SNP_N_GenomeWideSNP_6_A10_771628	Y	22182493	22268551	37	-2.511
DUNGS_p_TCGA_b84_115_SNP_N_GenomeWideSNP_6_A10_771628	Y	22268856	22426993	52	-3.2556
DUNGS_p_TCGA_b84_115_SNP_N_GenomeWideSNP_6_A10_771628	Y	22427755	22769319	60	-3.9445
DUNGS_p_TCGA_b84_115_SNP_N_GenomeWideSNP_6_A10_771628	Y	22770660	22924247	79	-3.071
DUNGS_p_TCGA_b84_115_SNP_N_GenomeWideSNP_6_A10_771628	Y	22925190	23394777	82	-4.2275
DUNGS_p_TCGA_b84_115_SNP_N_GenomeWideSNP_6_A10_771628	Y	23468779	24385517	143	-3.51
DUNGS_p_TCGA_b84_115_SNP_N_GenomeWideSNP_6_A10_771628	Y	24387082	24459018	27	-4.4895
DUNGS_p_TCGA_b84_115_SNP_N_GenomeWideSNP_6_A10_771628	Y	24459314	24468693	5	-6.4811
DUNGS_p_TCGA_b84_115_SNP_N_GenomeWideSNP_6_A10_771628	Y	24469941	24487841	10	-4.4799
DUNGS_p_TCGA_b84_115_SNP_N_GenomeWideSNP_6_A10_771628	Y	24496437	24579649	40	-3.4419
DUNGS_p_TCGA_b84_115_SNP_N_GenomeWideSNP_6_A10_771628	Y	24582211	24599413	8	-4.9948
DUNGS_p_TCGA_b84_115_SNP_N_GenomeWideSNP_6_A10_771628	Y	24602438	24818154	50	-2.9684
DUNGS_p_TCGA_b84_115_SNP_N_GenomeWideSNP_6_A10_771628	Y	24819177	24821991	3	-5.4366
DUNGS_p_TCGA_b84_115_SNP_N_GenomeWideSNP_6_A10_771628	Y	24826480	24842746	11	-3.4731
DUNGS_p_TCGA_b84_115_SNP_N_GenomeWideSNP_6_A10_771628	Y	24847437	24878447	14	-2.2165
DUNGS_p_TCGA_b84_115_SNP_N_GenomeWideSNP_6_A10_771628	Y	24883344	25040317	19	-3.227
DUNGS_p_TCGA_b84_115_SNP_N_GenomeWideSNP_6_A10_771628	Y	25040616	25725360	84	-4.3296
DUNGS_p_TCGA_b84_115_SNP_N_GenomeWideSNP_6_A10_771628	Y	25776875	25875466	15	-2.5068
DUNGS_p_TCGA_b84_115_SNP_N_GenomeWideSNP_6_A10_771628	Y	25876569	25890812	4	-4.2482
DUNGS_p_TCGA_b84_115_SNP_N_GenomeWideSNP_6_A10_771628	Y	25893947	25944418	17	-2.1163
DUNGS_p_TCGA_b84_115_SNP_N_GenomeWideSNP_6_A10_771628	Y	25945098	26018676	25	-3.6637
DUNGS_p_TCGA_b84_115_SNP_N_GenomeWideSNP_6_A10_771628	Y	26019358	26129939	32	-2.4402
DUNGS_p_TCGA_b84_115_SNP_N_GenomeWideSNP_6_A10_771628	Y	26130472	26463416	139	-3.9407
DUNGS_p_TCGA_b84_115_SNP_N_GenomeWideSNP_6_A10_771628	Y	26464490	26523696	29	-2.6914
DUNGS_p_TCGA_b84_115_SNP_N_GenomeWideSNP_6_A10_771628	Y	26527268	26731407	40	-4.5427
DUNGS_p_TCGA_b84_115_SNP_N_GenomeWideSNP_6_A10_771628	Y	26731471	26815858	28	-3.2689
DUNGS_p_TCGA_b84_115_SNP_N_GenomeWideSNP_6_A10_771628	Y	26816424	26833326	15	-4.0515
DUNGS_p_TCGA_b84_115_SNP_N_GenomeWideSNP_6_A10_771628	Y	26847504	27021214	75	-2.7315
DUNGS_p_TCGA_b84_115_SNP_N_GenomeWideSNP_6_A10_771628	Y	27021694	27022278	3	-5.4825
DUNGS_p_TCGA_b84_115_SNP_N_GenomeWideSNP_6_A10_771628	Y	27026019	57427647	105	-2.6935
