Sample	Chromosome	Start	End	Num_Probes	Segment_Mean
DUNGS_p_TCGA_b84_115_SNP_N_GenomeWideSNP_6_H01_771642	1	3208470	245880329	129145	0.0017
DUNGS_p_TCGA_b84_115_SNP_N_GenomeWideSNP_6_H01_771642	2	474222	33998546	20282	-8e-04
DUNGS_p_TCGA_b84_115_SNP_N_GenomeWideSNP_6_H01_771642	2	33999178	34001031	4	-0.9313
DUNGS_p_TCGA_b84_115_SNP_N_GenomeWideSNP_6_H01_771642	2	34001342	145603054	55622	7e-04
DUNGS_p_TCGA_b84_115_SNP_N_GenomeWideSNP_6_H01_771642	2	145604047	145604703	2	-1.5898
DUNGS_p_TCGA_b84_115_SNP_N_GenomeWideSNP_6_H01_771642	2	145605323	242124735	55459	-0.0011
DUNGS_p_TCGA_b84_115_SNP_N_GenomeWideSNP_6_H01_771642	3	526235	23132071	12078	-8e-04
DUNGS_p_TCGA_b84_115_SNP_N_GenomeWideSNP_6_H01_771642	3	23135756	23135897	2	-1.2296
DUNGS_p_TCGA_b84_115_SNP_N_GenomeWideSNP_6_H01_771642	3	23136191	61101861	21449	0.0022
DUNGS_p_TCGA_b84_115_SNP_N_GenomeWideSNP_6_H01_771642	3	61102245	61102344	2	-6.7098
DUNGS_p_TCGA_b84_115_SNP_N_GenomeWideSNP_6_H01_771642	3	61103057	199023074	72903	0.0037
DUNGS_p_TCGA_b84_115_SNP_N_GenomeWideSNP_6_H01_771642	4	1043934	189836143	102789	0.0028
DUNGS_p_TCGA_b84_115_SNP_N_GenomeWideSNP_6_H01_771642	5	967233	180293075	100553	0.0028
DUNGS_p_TCGA_b84_115_SNP_N_GenomeWideSNP_6_H01_771642	6	959281	124733123	68567	0.0044
DUNGS_p_TCGA_b84_115_SNP_N_GenomeWideSNP_6_H01_771642	6	124733205	124739787	2	-1.4973
DUNGS_p_TCGA_b84_115_SNP_N_GenomeWideSNP_6_H01_771642	6	124740267	143581526	11529	0.0081
DUNGS_p_TCGA_b84_115_SNP_N_GenomeWideSNP_6_H01_771642	6	143589974	143590270	3	0.9996
DUNGS_p_TCGA_b84_115_SNP_N_GenomeWideSNP_6_H01_771642	6	143591614	159991834	10900	0.0066
DUNGS_p_TCGA_b84_115_SNP_N_GenomeWideSNP_6_H01_771642	6	159994408	159994435	2	-1.2756
DUNGS_p_TCGA_b84_115_SNP_N_GenomeWideSNP_6_H01_771642	6	159995693	170745844	5527	1e-04
DUNGS_p_TCGA_b84_115_SNP_N_GenomeWideSNP_6_H01_771642	7	671810	9208304	3315	0.0048
DUNGS_p_TCGA_b84_115_SNP_N_GenomeWideSNP_6_H01_771642	7	9208366	9208381	3	-1.6743
DUNGS_p_TCGA_b84_115_SNP_N_GenomeWideSNP_6_H01_771642	7	9210413	97535848	46535	0.0033
DUNGS_p_TCGA_b84_115_SNP_N_GenomeWideSNP_6_H01_771642	7	97545667	97547281	2	-2.1279
DUNGS_p_TCGA_b84_115_SNP_N_GenomeWideSNP_6_H01_771642	7	97548109	106508168	4302	-0.0022
DUNGS_p_TCGA_b84_115_SNP_N_GenomeWideSNP_6_H01_771642	7	106513667	106515093	2	-1.4916
DUNGS_p_TCGA_b84_115_SNP_N_GenomeWideSNP_6_H01_771642	7	106517211	158077879	27203	0.0022
DUNGS_p_TCGA_b84_115_SNP_N_GenomeWideSNP_6_H01_771642	8	607667	18164447	9194	0.0052
DUNGS_p_TCGA_b84_115_SNP_N_GenomeWideSNP_6_H01_771642	8	18165587	18165710	3	-0.9405
DUNGS_p_TCGA_b84_115_SNP_N_GenomeWideSNP_6_H01_771642	8	18173022	58925443	21743	0.0073
DUNGS_p_TCGA_b84_115_SNP_N_GenomeWideSNP_6_H01_771642	8	58925547	58925608	3	-1.0174
DUNGS_p_TCGA_b84_115_SNP_N_GenomeWideSNP_6_H01_771642	8	58933832	145304484	50631	0.0046
DUNGS_p_TCGA_b84_115_SNP_N_GenomeWideSNP_6_H01_771642	9	779932	140058573	68046	0.0023
DUNGS_p_TCGA_b84_115_SNP_N_GenomeWideSNP_6_H01_771642	10	405240	135075077	80909	0.0025
DUNGS_p_TCGA_b84_115_SNP_N_GenomeWideSNP_6_H01_771642	11	446120	22401696	14127	3e-04
DUNGS_p_TCGA_b84_115_SNP_N_GenomeWideSNP_6_H01_771642	11	22401890	22406475	2	-1.2981
DUNGS_p_TCGA_b84_115_SNP_N_GenomeWideSNP_6_H01_771642	11	22407084	133647740	63171	0.0029
DUNGS_p_TCGA_b84_115_SNP_N_GenomeWideSNP_6_H01_771642	12	760163	131671419	73984	0.0033
DUNGS_p_TCGA_b84_115_SNP_N_GenomeWideSNP_6_H01_771642	13	18348806	110394128	55183	0.0049
DUNGS_p_TCGA_b84_115_SNP_N_GenomeWideSNP_6_H01_771642	13	110401364	110440200	38	0.7
DUNGS_p_TCGA_b84_115_SNP_N_GenomeWideSNP_6_H01_771642	13	110445009	114005560	1460	-0.0027
DUNGS_p_TCGA_b84_115_SNP_N_GenomeWideSNP_6_H01_771642	14	19571208	105059083	49473	0.0037
DUNGS_p_TCGA_b84_115_SNP_N_GenomeWideSNP_6_H01_771642	15	21238778	99701830	44553	0.0049
DUNGS_p_TCGA_b84_115_SNP_N_GenomeWideSNP_6_H01_771642	16	593460	77038395	33617	1e-04
DUNGS_p_TCGA_b84_115_SNP_N_GenomeWideSNP_6_H01_771642	16	77041675	77125931	161	-1.0893
DUNGS_p_TCGA_b84_115_SNP_N_GenomeWideSNP_6_H01_771642	16	77126571	87907437	7104	-0.0058
DUNGS_p_TCGA_b84_115_SNP_N_GenomeWideSNP_6_H01_771642	17	933971	78510305	37004	0.0018
DUNGS_p_TCGA_b84_115_SNP_N_GenomeWideSNP_6_H01_771642	18	319586	47554395	27224	0.0053
DUNGS_p_TCGA_b84_115_SNP_N_GenomeWideSNP_6_H01_771642	18	47554926	47554962	2	1.1937
DUNGS_p_TCGA_b84_115_SNP_N_GenomeWideSNP_6_H01_771642	18	47556002	75210228	15463	0.0061
DUNGS_p_TCGA_b84_115_SNP_N_GenomeWideSNP_6_H01_771642	19	235018	63570038	23962	0.0011
DUNGS_p_TCGA_b84_115_SNP_N_GenomeWideSNP_6_H01_771642	20	403764	61690281	37298	0.0038
DUNGS_p_TCGA_b84_115_SNP_N_GenomeWideSNP_6_H01_771642	21	14269492	46503202	20594	0.0052
DUNGS_p_TCGA_b84_115_SNP_N_GenomeWideSNP_6_H01_771642	22	15803930	16371115	333	-0.0093
DUNGS_p_TCGA_b84_115_SNP_N_GenomeWideSNP_6_H01_771642	22	16375054	16375145	2	-1.483
DUNGS_p_TCGA_b84_115_SNP_N_GenomeWideSNP_6_H01_771642	22	16375934	33950030	8567	-2e-04
DUNGS_p_TCGA_b84_115_SNP_N_GenomeWideSNP_6_H01_771642	22	33950357	33952616	3	-1.3103
DUNGS_p_TCGA_b84_115_SNP_N_GenomeWideSNP_6_H01_771642	22	33953446	47717016	8033	-0.0067
DUNGS_p_TCGA_b84_115_SNP_N_GenomeWideSNP_6_H01_771642	X	3167107	4497509	252	0.0727
DUNGS_p_TCGA_b84_115_SNP_N_GenomeWideSNP_6_H01_771642	X	4497540	4498640	3	-2.1512
DUNGS_p_TCGA_b84_115_SNP_N_GenomeWideSNP_6_H01_771642	X	4499131	32143703	13060	0.023
DUNGS_p_TCGA_b84_115_SNP_N_GenomeWideSNP_6_H01_771642	X	32144154	32145070	2	-2.2119
DUNGS_p_TCGA_b84_115_SNP_N_GenomeWideSNP_6_H01_771642	X	32145113	32290953	114	0.0815
DUNGS_p_TCGA_b84_115_SNP_N_GenomeWideSNP_6_H01_771642	X	32291059	32293067	4	-1.0013
DUNGS_p_TCGA_b84_115_SNP_N_GenomeWideSNP_6_H01_771642	X	32293657	39175200	2762	0.0408
DUNGS_p_TCGA_b84_115_SNP_N_GenomeWideSNP_6_H01_771642	X	39175568	39176656	2	-1.8842
DUNGS_p_TCGA_b84_115_SNP_N_GenomeWideSNP_6_H01_771642	X	39177050	78295058	13435	0.0309
DUNGS_p_TCGA_b84_115_SNP_N_GenomeWideSNP_6_H01_771642	X	78295361	78299102	3	-2.5233
DUNGS_p_TCGA_b84_115_SNP_N_GenomeWideSNP_6_H01_771642	X	78299148	83214142	2318	0.0374
DUNGS_p_TCGA_b84_115_SNP_N_GenomeWideSNP_6_H01_771642	X	83215699	83215832	2	-2.7658
DUNGS_p_TCGA_b84_115_SNP_N_GenomeWideSNP_6_H01_771642	X	83224990	87937417	2378	0.0162
DUNGS_p_TCGA_b84_115_SNP_N_GenomeWideSNP_6_H01_771642	X	87938785	87939254	2	-3.0926
DUNGS_p_TCGA_b84_115_SNP_N_GenomeWideSNP_6_H01_771642	X	87939815	125708345	16810	0.0315
DUNGS_p_TCGA_b84_115_SNP_N_GenomeWideSNP_6_H01_771642	X	125710128	125712073	4	-1.6886
DUNGS_p_TCGA_b84_115_SNP_N_GenomeWideSNP_6_H01_771642	X	125712094	139696109	6073	0.0265
DUNGS_p_TCGA_b84_115_SNP_N_GenomeWideSNP_6_H01_771642	X	139696144	139698502	2	-4.5901
DUNGS_p_TCGA_b84_115_SNP_N_GenomeWideSNP_6_H01_771642	X	139701759	145262962	2767	0.0195
DUNGS_p_TCGA_b84_115_SNP_N_GenomeWideSNP_6_H01_771642	X	145263129	145266005	2	-1.7953
DUNGS_p_TCGA_b84_115_SNP_N_GenomeWideSNP_6_H01_771642	X	145266629	151139809	3253	0.0271
DUNGS_p_TCGA_b84_115_SNP_N_GenomeWideSNP_6_H01_771642	X	151140104	151142286	4	-1.0784
DUNGS_p_TCGA_b84_115_SNP_N_GenomeWideSNP_6_H01_771642	X	151144233	152353633	160	0.0236
DUNGS_p_TCGA_b84_115_SNP_N_GenomeWideSNP_6_H01_771642	X	152357280	152358511	2	-1.4408
DUNGS_p_TCGA_b84_115_SNP_N_GenomeWideSNP_6_H01_771642	X	152358632	154558783	391	0.0396
