Sample	Chromosome	Start	End	Num_Probes	Segment_Mean
DUNGS_p_TCGA_b84_115_SNP_N_GenomeWideSNP_6_C02_771474	1	61735	82315	10	-0.5777
DUNGS_p_TCGA_b84_115_SNP_N_GenomeWideSNP_6_C02_771474	1	82650	16441715	8534	0.1466
DUNGS_p_TCGA_b84_115_SNP_N_GenomeWideSNP_6_C02_771474	1	16444674	16871278	192	-0.21
DUNGS_p_TCGA_b84_115_SNP_N_GenomeWideSNP_6_C02_771474	1	16886135	16970456	41	-1.0763
DUNGS_p_TCGA_b84_115_SNP_N_GenomeWideSNP_6_C02_771474	1	17005734	17190862	63	-0.5983
DUNGS_p_TCGA_b84_115_SNP_N_GenomeWideSNP_6_C02_771474	1	17195155	17258618	48	0.0352
DUNGS_p_TCGA_b84_115_SNP_N_GenomeWideSNP_6_C02_771474	1	17258965	25583291	5287	-0.2409
DUNGS_p_TCGA_b84_115_SNP_N_GenomeWideSNP_6_C02_771474	1	25583341	25618931	17	0.382
DUNGS_p_TCGA_b84_115_SNP_N_GenomeWideSNP_6_C02_771474	1	25619040	39301198	7332	-0.2375
DUNGS_p_TCGA_b84_115_SNP_N_GenomeWideSNP_6_C02_771474	1	39302357	39302499	2	-1.4829
DUNGS_p_TCGA_b84_115_SNP_N_GenomeWideSNP_6_C02_771474	1	39302696	62914895	14782	-0.231
DUNGS_p_TCGA_b84_115_SNP_N_GenomeWideSNP_6_C02_771474	1	62922660	63028198	46	0.1574
DUNGS_p_TCGA_b84_115_SNP_N_GenomeWideSNP_6_C02_771474	1	63047058	63049819	7	-0.7852
DUNGS_p_TCGA_b84_115_SNP_N_GenomeWideSNP_6_C02_771474	1	63049988	63069711	11	-0.2603
DUNGS_p_TCGA_b84_115_SNP_N_GenomeWideSNP_6_C02_771474	1	63070018	72773413	6717	-0.7661
DUNGS_p_TCGA_b84_115_SNP_N_GenomeWideSNP_6_C02_771474	1	72773429	72779080	3	-3.0648
DUNGS_p_TCGA_b84_115_SNP_N_GenomeWideSNP_6_C02_771474	1	72779091	72811133	35	-1.1206
DUNGS_p_TCGA_b84_115_SNP_N_GenomeWideSNP_6_C02_771474	1	72811148	79546314	4224	-0.7641
DUNGS_p_TCGA_b84_115_SNP_N_GenomeWideSNP_6_C02_771474	1	79546374	79568135	14	-1.3145
DUNGS_p_TCGA_b84_115_SNP_N_GenomeWideSNP_6_C02_771474	1	79573005	81347556	1148	-0.7717
DUNGS_p_TCGA_b84_115_SNP_N_GenomeWideSNP_6_C02_771474	1	81352249	81888456	407	0.0894
DUNGS_p_TCGA_b84_115_SNP_N_GenomeWideSNP_6_C02_771474	1	81888602	81888694	5	0.6846
DUNGS_p_TCGA_b84_115_SNP_N_GenomeWideSNP_6_C02_771474	1	81888724	82357238	368	0.1017
DUNGS_p_TCGA_b84_115_SNP_N_GenomeWideSNP_6_C02_771474	1	82367941	84893551	1691	0.4083
DUNGS_p_TCGA_b84_115_SNP_N_GenomeWideSNP_6_C02_771474	1	84893603	95134182	6625	0.1267
DUNGS_p_TCGA_b84_115_SNP_N_GenomeWideSNP_6_C02_771474	1	95134217	95152620	42	0.39
DUNGS_p_TCGA_b84_115_SNP_N_GenomeWideSNP_6_C02_771474	1	95152799	95470811	271	0.1262
DUNGS_p_TCGA_b84_115_SNP_N_GenomeWideSNP_6_C02_771474	1	95473069	99893139	2699	0.4017
DUNGS_p_TCGA_b84_115_SNP_N_GenomeWideSNP_6_C02_771474	1	99900387	106019205	3561	0.1068
DUNGS_p_TCGA_b84_115_SNP_N_GenomeWideSNP_6_C02_771474	1	106019236	106022375	16	0.6401
DUNGS_p_TCGA_b84_115_SNP_N_GenomeWideSNP_6_C02_771474	1	106024055	107553468	1024	0.1144
DUNGS_p_TCGA_b84_115_SNP_N_GenomeWideSNP_6_C02_771474	1	107554040	108766355	941	-0.2298
DUNGS_p_TCGA_b84_115_SNP_N_GenomeWideSNP_6_C02_771474	1	108769302	108817179	2	0.7689
DUNGS_p_TCGA_b84_115_SNP_N_GenomeWideSNP_6_C02_771474	1	108828957	110224384	691	-0.2277
DUNGS_p_TCGA_b84_115_SNP_N_GenomeWideSNP_6_C02_771474	1	110224427	110250236	40	0.0649
DUNGS_p_TCGA_b84_115_SNP_N_GenomeWideSNP_6_C02_771474	1	110250572	112696193	1953	-0.2283
DUNGS_p_TCGA_b84_115_SNP_N_GenomeWideSNP_6_C02_771474	1	112696273	112706082	26	0.1675
DUNGS_p_TCGA_b84_115_SNP_N_GenomeWideSNP_6_C02_771474	1	112706118	113954701	782	-0.2316
DUNGS_p_TCGA_b84_115_SNP_N_GenomeWideSNP_6_C02_771474	1	113961029	119841593	3707	-0.7727
DUNGS_p_TCGA_b84_115_SNP_N_GenomeWideSNP_6_C02_771474	1	119842299	144887893	779	0.1347
DUNGS_p_TCGA_b84_115_SNP_N_GenomeWideSNP_6_C02_771474	1	144887939	149545372	1279	0.423
DUNGS_p_TCGA_b84_115_SNP_N_GenomeWideSNP_6_C02_771474	1	149545386	149664041	11	-0.1011
DUNGS_p_TCGA_b84_115_SNP_N_GenomeWideSNP_6_C02_771474	1	149676317	152555527	1485	0.393
DUNGS_p_TCGA_b84_115_SNP_N_GenomeWideSNP_6_C02_771474	1	152555706	152586238	31	-1.7045
DUNGS_p_TCGA_b84_115_SNP_N_GenomeWideSNP_6_C02_771474	1	152586278	152756774	172	0.361
DUNGS_p_TCGA_b84_115_SNP_N_GenomeWideSNP_6_C02_771474	1	152756806	152768281	36	0.0744
DUNGS_p_TCGA_b84_115_SNP_N_GenomeWideSNP_6_C02_771474	1	152768338	158866573	3629	0.3956
DUNGS_p_TCGA_b84_115_SNP_N_GenomeWideSNP_6_C02_771474	1	158868501	158869759	2	1.9068
DUNGS_p_TCGA_b84_115_SNP_N_GenomeWideSNP_6_C02_771474	1	158874818	160751105	1281	0.3867
DUNGS_p_TCGA_b84_115_SNP_N_GenomeWideSNP_6_C02_771474	1	160759218	169216937	6444	0.1236
DUNGS_p_TCGA_b84_115_SNP_N_GenomeWideSNP_6_C02_771474	1	169233974	169241766	7	1.0704
DUNGS_p_TCGA_b84_115_SNP_N_GenomeWideSNP_6_C02_771474	1	169242401	178660009	6062	0.1176
DUNGS_p_TCGA_b84_115_SNP_N_GenomeWideSNP_6_C02_771474	1	178660145	178661226	5	0.7814
DUNGS_p_TCGA_b84_115_SNP_N_GenomeWideSNP_6_C02_771474	1	178661449	180383210	1227	0.1407
DUNGS_p_TCGA_b84_115_SNP_N_GenomeWideSNP_6_C02_771474	1	180385471	180388510	2	-1.0671
DUNGS_p_TCGA_b84_115_SNP_N_GenomeWideSNP_6_C02_771474	1	180389192	185096576	3256	0.1059
DUNGS_p_TCGA_b84_115_SNP_N_GenomeWideSNP_6_C02_771474	1	185103273	185129437	13	0.7473
DUNGS_p_TCGA_b84_115_SNP_N_GenomeWideSNP_6_C02_771474	1	185134066	188043188	1884	0.1031
DUNGS_p_TCGA_b84_115_SNP_N_GenomeWideSNP_6_C02_771474	1	188048067	188092180	26	-0.7929
DUNGS_p_TCGA_b84_115_SNP_N_GenomeWideSNP_6_C02_771474	1	188093261	189648157	994	0.1329
DUNGS_p_TCGA_b84_115_SNP_N_GenomeWideSNP_6_C02_771474	1	189648483	189648527	2	-1.9782
DUNGS_p_TCGA_b84_115_SNP_N_GenomeWideSNP_6_C02_771474	1	189652047	196727850	4749	0.1226
DUNGS_p_TCGA_b84_115_SNP_N_GenomeWideSNP_6_C02_771474	1	196731035	196812507	93	0.6118
DUNGS_p_TCGA_b84_115_SNP_N_GenomeWideSNP_6_C02_771474	1	196812530	196815791	2	-1.1021
DUNGS_p_TCGA_b84_115_SNP_N_GenomeWideSNP_6_C02_771474	1	196816730	199107702	1380	0.109
DUNGS_p_TCGA_b84_115_SNP_N_GenomeWideSNP_6_C02_771474	1	199111363	199113011	8	0.955
DUNGS_p_TCGA_b84_115_SNP_N_GenomeWideSNP_6_C02_771474	1	199113840	210071062	7439	0.1151
DUNGS_p_TCGA_b84_115_SNP_N_GenomeWideSNP_6_C02_771474	1	210081613	210086552	4	0.9721
DUNGS_p_TCGA_b84_115_SNP_N_GenomeWideSNP_6_C02_771474	1	210093494	211041037	742	0.1423
DUNGS_p_TCGA_b84_115_SNP_N_GenomeWideSNP_6_C02_771474	1	211043895	211049758	6	-0.9804
DUNGS_p_TCGA_b84_115_SNP_N_GenomeWideSNP_6_C02_771474	1	211051495	214637808	2353	0.13
DUNGS_p_TCGA_b84_115_SNP_N_GenomeWideSNP_6_C02_771474	1	214638436	214638457	2	-0.9902
DUNGS_p_TCGA_b84_115_SNP_N_GenomeWideSNP_6_C02_771474	1	214639253	225399500	7332	0.1135
DUNGS_p_TCGA_b84_115_SNP_N_GenomeWideSNP_6_C02_771474	1	225400036	225418456	7	0.7271
DUNGS_p_TCGA_b84_115_SNP_N_GenomeWideSNP_6_C02_771474	1	225418865	228628574	1871	0.1347
DUNGS_p_TCGA_b84_115_SNP_N_GenomeWideSNP_6_C02_771474	1	228629339	228637305	5	0.8303
DUNGS_p_TCGA_b84_115_SNP_N_GenomeWideSNP_6_C02_771474	1	228641030	240391740	8892	0.1155
DUNGS_p_TCGA_b84_115_SNP_N_GenomeWideSNP_6_C02_771474	1	240394015	240394139	6	0.7356
DUNGS_p_TCGA_b84_115_SNP_N_GenomeWideSNP_6_C02_771474	1	240396105	246325325	4282	0.1105
DUNGS_p_TCGA_b84_115_SNP_N_GenomeWideSNP_6_C02_771474	1	246325735	246327949	2	-1.0215
DUNGS_p_TCGA_b84_115_SNP_N_GenomeWideSNP_6_C02_771474	1	246329459	248737447	1474	0.1193
DUNGS_p_TCGA_b84_115_SNP_N_GenomeWideSNP_6_C02_771474	1	248749194	248805339	34	-0.797
DUNGS_p_TCGA_b84_115_SNP_N_GenomeWideSNP_6_C02_771474	1	248808557	249224388	144	0.1564
DUNGS_p_TCGA_b84_115_SNP_N_GenomeWideSNP_6_C02_771474	2	12784	4205687	2991	0.104
DUNGS_p_TCGA_b84_115_SNP_N_GenomeWideSNP_6_C02_771474	2	4213864	4234782	44	-0.5993
DUNGS_p_TCGA_b84_115_SNP_N_GenomeWideSNP_6_C02_771474	2	4235384	34691069	21099	0.0975
DUNGS_p_TCGA_b84_115_SNP_N_GenomeWideSNP_6_C02_771474	2	34699315	34738032	49	-0.5157
DUNGS_p_TCGA_b84_115_SNP_N_GenomeWideSNP_6_C02_771474	2	34740639	36332258	1154	0.1004
DUNGS_p_TCGA_b84_115_SNP_N_GenomeWideSNP_6_C02_771474	2	36335595	36335606	8	-0.486
DUNGS_p_TCGA_b84_115_SNP_N_GenomeWideSNP_6_C02_771474	2	36336619	77833745	28186	0.1075
DUNGS_p_TCGA_b84_115_SNP_N_GenomeWideSNP_6_C02_771474	2	77836798	77836998	2	-1.2779
DUNGS_p_TCGA_b84_115_SNP_N_GenomeWideSNP_6_C02_771474	2	77844952	77974045	72	0.0574
DUNGS_p_TCGA_b84_115_SNP_N_GenomeWideSNP_6_C02_771474	2	77976698	77986686	10	-0.9352
DUNGS_p_TCGA_b84_115_SNP_N_GenomeWideSNP_6_C02_771474	2	77989312	87124134	5687	0.1032
DUNGS_p_TCGA_b84_115_SNP_N_GenomeWideSNP_6_C02_771474	2	87128201	87278884	9	-0.4485
DUNGS_p_TCGA_b84_115_SNP_N_GenomeWideSNP_6_C02_771474	2	87287601	87513287	109	0.1352
DUNGS_p_TCGA_b84_115_SNP_N_GenomeWideSNP_6_C02_771474	2	87514379	87514390	2	-1.2647
DUNGS_p_TCGA_b84_115_SNP_N_GenomeWideSNP_6_C02_771474	2	87520356	89593755	750	0.1046
DUNGS_p_TCGA_b84_115_SNP_N_GenomeWideSNP_6_C02_771474	2	89596294	91760827	188	-0.3699
DUNGS_p_TCGA_b84_115_SNP_N_GenomeWideSNP_6_C02_771474	2	91760831	97857927	982	0.091
DUNGS_p_TCGA_b84_115_SNP_N_GenomeWideSNP_6_C02_771474	2	97865337	97876273	12	0.5614
DUNGS_p_TCGA_b84_115_SNP_N_GenomeWideSNP_6_C02_771474	2	97876806	98118212	27	0.0649
DUNGS_p_TCGA_b84_115_SNP_N_GenomeWideSNP_6_C02_771474	2	98140747	98162189	9	-0.7393
DUNGS_p_TCGA_b84_115_SNP_N_GenomeWideSNP_6_C02_771474	2	98166878	100561549	1312	0.127
DUNGS_p_TCGA_b84_115_SNP_N_GenomeWideSNP_6_C02_771474	2	100563265	103221610	1800	-0.2624
DUNGS_p_TCGA_b84_115_SNP_N_GenomeWideSNP_6_C02_771474	2	103226405	104851479	965	0.1209
DUNGS_p_TCGA_b84_115_SNP_N_GenomeWideSNP_6_C02_771474	2	104854592	104857032	2	-1.065
DUNGS_p_TCGA_b84_115_SNP_N_GenomeWideSNP_6_C02_771474	2	104859245	106883331	1509	0.0818
DUNGS_p_TCGA_b84_115_SNP_N_GenomeWideSNP_6_C02_771474	2	106883346	106887255	7	-0.5575
DUNGS_p_TCGA_b84_115_SNP_N_GenomeWideSNP_6_C02_771474	2	106887408	108440736	994	0.0635
DUNGS_p_TCGA_b84_115_SNP_N_GenomeWideSNP_6_C02_771474	2	108446969	108480907	2	1.3418
DUNGS_p_TCGA_b84_115_SNP_N_GenomeWideSNP_6_C02_771474	2	108492088	115539637	3590	0.0854
DUNGS_p_TCGA_b84_115_SNP_N_GenomeWideSNP_6_C02_771474	2	115539668	115542505	11	0.6071
DUNGS_p_TCGA_b84_115_SNP_N_GenomeWideSNP_6_C02_771474	2	115542598	117629591	1218	0.0804
DUNGS_p_TCGA_b84_115_SNP_N_GenomeWideSNP_6_C02_771474	2	117629593	117629603	3	1.015
DUNGS_p_TCGA_b84_115_SNP_N_GenomeWideSNP_6_C02_771474	2	117630472	123481713	3747	0.0783
DUNGS_p_TCGA_b84_115_SNP_N_GenomeWideSNP_6_C02_771474	2	123481728	123482241	6	-1.025
DUNGS_p_TCGA_b84_115_SNP_N_GenomeWideSNP_6_C02_771474	2	123483653	126442223	1947	0.0739
DUNGS_p_TCGA_b84_115_SNP_N_GenomeWideSNP_6_C02_771474	2	126451651	126451913	2	-1.9048
DUNGS_p_TCGA_b84_115_SNP_N_GenomeWideSNP_6_C02_771474	2	126451932	130817360	2843	0.0465
DUNGS_p_TCGA_b84_115_SNP_N_GenomeWideSNP_6_C02_771474	2	130818197	130825458	5	0.8427
DUNGS_p_TCGA_b84_115_SNP_N_GenomeWideSNP_6_C02_771474	2	130825680	146864443	9606	0.067
DUNGS_p_TCGA_b84_115_SNP_N_GenomeWideSNP_6_C02_771474	2	146864457	146866707	18	-1.938
DUNGS_p_TCGA_b84_115_SNP_N_GenomeWideSNP_6_C02_771474	2	146866798	146866934	3	-0.7943
DUNGS_p_TCGA_b84_115_SNP_N_GenomeWideSNP_6_C02_771474	2	146877806	154895975	4894	0.0743
DUNGS_p_TCGA_b84_115_SNP_N_GenomeWideSNP_6_C02_771474	2	154896482	154900325	3	0.9873
DUNGS_p_TCGA_b84_115_SNP_N_GenomeWideSNP_6_C02_771474	2	154902505	180421512	15661	0.0876
DUNGS_p_TCGA_b84_115_SNP_N_GenomeWideSNP_6_C02_771474	2	180421746	180421854	2	1.3196
DUNGS_p_TCGA_b84_115_SNP_N_GenomeWideSNP_6_C02_771474	2	180421869	208346062	16461	0.0781
DUNGS_p_TCGA_b84_115_SNP_N_GenomeWideSNP_6_C02_771474	2	208349934	208359796	30	0.4388
DUNGS_p_TCGA_b84_115_SNP_N_GenomeWideSNP_6_C02_771474	2	208360146	215723306	4689	0.0782
DUNGS_p_TCGA_b84_115_SNP_N_GenomeWideSNP_6_C02_771474	2	215729750	215730821	2	-1.9873
DUNGS_p_TCGA_b84_115_SNP_N_GenomeWideSNP_6_C02_771474	2	215731190	233237324	11211	0.0692
DUNGS_p_TCGA_b84_115_SNP_N_GenomeWideSNP_6_C02_771474	2	233237526	233238239	5	0.9798
DUNGS_p_TCGA_b84_115_SNP_N_GenomeWideSNP_6_C02_771474	2	233239445	233241903	9	0.255
DUNGS_p_TCGA_b84_115_SNP_N_GenomeWideSNP_6_C02_771474	2	233241978	243089456	6244	0.0718
DUNGS_p_TCGA_b84_115_SNP_N_GenomeWideSNP_6_C02_771474	3	60345	224602	157	0.1174
DUNGS_p_TCGA_b84_115_SNP_N_GenomeWideSNP_6_C02_771474	3	230022	232800	4	-3.286
DUNGS_p_TCGA_b84_115_SNP_N_GenomeWideSNP_6_C02_771474	3	234877	6646543	5689	0.1085
DUNGS_p_TCGA_b84_115_SNP_N_GenomeWideSNP_6_C02_771474	3	6651128	6651237	3	-0.6366
DUNGS_p_TCGA_b84_115_SNP_N_GenomeWideSNP_6_C02_771474	3	6651251	6652413	10	-0.2178
DUNGS_p_TCGA_b84_115_SNP_N_GenomeWideSNP_6_C02_771474	3	6652521	6652591	3	-0.5913
DUNGS_p_TCGA_b84_115_SNP_N_GenomeWideSNP_6_C02_771474	3	6652676	14568667	5993	0.1138
DUNGS_p_TCGA_b84_115_SNP_N_GenomeWideSNP_6_C02_771474	3	14569733	14614756	39	-0.179
DUNGS_p_TCGA_b84_115_SNP_N_GenomeWideSNP_6_C02_771474	3	14615056	22084076	4778	0.1131
DUNGS_p_TCGA_b84_115_SNP_N_GenomeWideSNP_6_C02_771474	3	22084105	22085607	17	0.5503
DUNGS_p_TCGA_b84_115_SNP_N_GenomeWideSNP_6_C02_771474	3	22085644	26057327	3032	0.1058
DUNGS_p_TCGA_b84_115_SNP_N_GenomeWideSNP_6_C02_771474	3	26057476	26057799	2	-1.2758
DUNGS_p_TCGA_b84_115_SNP_N_GenomeWideSNP_6_C02_771474	3	26060294	26613201	366	0.151
DUNGS_p_TCGA_b84_115_SNP_N_GenomeWideSNP_6_C02_771474	3	26614974	26614984	7	-0.8171
DUNGS_p_TCGA_b84_115_SNP_N_GenomeWideSNP_6_C02_771474	3	26614985	45498679	12296	0.1149
DUNGS_p_TCGA_b84_115_SNP_N_GenomeWideSNP_6_C02_771474	3	45500627	53031856	3432	-0.2465
DUNGS_p_TCGA_b84_115_SNP_N_GenomeWideSNP_6_C02_771474	3	53031934	53031938	2	1.173
DUNGS_p_TCGA_b84_115_SNP_N_GenomeWideSNP_6_C02_771474	3	53031945	58818142	3961	-0.2501
DUNGS_p_TCGA_b84_115_SNP_N_GenomeWideSNP_6_C02_771474	3	58826261	62957906	3732	0.1235
DUNGS_p_TCGA_b84_115_SNP_N_GenomeWideSNP_6_C02_771474	3	62961431	62991509	21	-1.1557
DUNGS_p_TCGA_b84_115_SNP_N_GenomeWideSNP_6_C02_771474	3	62995549	63165754	119	0.1631
DUNGS_p_TCGA_b84_115_SNP_N_GenomeWideSNP_6_C02_771474	3	63167401	63365231	165	-0.2484
DUNGS_p_TCGA_b84_115_SNP_N_GenomeWideSNP_6_C02_771474	3	63365821	68514433	3913	0.1235
DUNGS_p_TCGA_b84_115_SNP_N_GenomeWideSNP_6_C02_771474	3	68515789	68746164	166	-0.2618
DUNGS_p_TCGA_b84_115_SNP_N_GenomeWideSNP_6_C02_771474	3	68746259	68747413	14	-1.4291
DUNGS_p_TCGA_b84_115_SNP_N_GenomeWideSNP_6_C02_771474	3	68748758	72025486	2483	-0.2838
DUNGS_p_TCGA_b84_115_SNP_N_GenomeWideSNP_6_C02_771474	3	72026826	72071662	47	0.0931
DUNGS_p_TCGA_b84_115_SNP_N_GenomeWideSNP_6_C02_771474	3	72075296	76408811	2751	-0.2573
DUNGS_p_TCGA_b84_115_SNP_N_GenomeWideSNP_6_C02_771474	3	76408999	76409278	2	0.9656
DUNGS_p_TCGA_b84_115_SNP_N_GenomeWideSNP_6_C02_771474	3	76409334	86244857	5596	-0.2534
DUNGS_p_TCGA_b84_115_SNP_N_GenomeWideSNP_6_C02_771474	3	86250355	87247758	537	0.3015
DUNGS_p_TCGA_b84_115_SNP_N_GenomeWideSNP_6_C02_771474	3	87248019	87265339	12	0.6748
DUNGS_p_TCGA_b84_115_SNP_N_GenomeWideSNP_6_C02_771474	3	87265902	87805182	292	0.2799
DUNGS_p_TCGA_b84_115_SNP_N_GenomeWideSNP_6_C02_771474	3	87806418	87837810	12	-0.0538
DUNGS_p_TCGA_b84_115_SNP_N_GenomeWideSNP_6_C02_771474	3	87839285	88655224	419	0.2664
DUNGS_p_TCGA_b84_115_SNP_N_GenomeWideSNP_6_C02_771474	3	88657354	89050545	213	0.6379
DUNGS_p_TCGA_b84_115_SNP_N_GenomeWideSNP_6_C02_771474	3	89052411	93547195	754	0.0573
DUNGS_p_TCGA_b84_115_SNP_N_GenomeWideSNP_6_C02_771474	3	93548479	98944547	2853	-0.2369
DUNGS_p_TCGA_b84_115_SNP_N_GenomeWideSNP_6_C02_771474	3	98944598	98949308	32	0.1714
DUNGS_p_TCGA_b84_115_SNP_N_GenomeWideSNP_6_C02_771474	3	98949314	106297489	4401	-0.2363
DUNGS_p_TCGA_b84_115_SNP_N_GenomeWideSNP_6_C02_771474	3	106300805	106424228	91	-0.77
DUNGS_p_TCGA_b84_115_SNP_N_GenomeWideSNP_6_C02_771474	3	106438038	106440646	3	-1.5992
DUNGS_p_TCGA_b84_115_SNP_N_GenomeWideSNP_6_C02_771474	3	106441287	106570541	83	-0.7005
DUNGS_p_TCGA_b84_115_SNP_N_GenomeWideSNP_6_C02_771474	3	106577733	117802643	7132	-0.2327
DUNGS_p_TCGA_b84_115_SNP_N_GenomeWideSNP_6_C02_771474	3	117802895	117803574	2	-1.4705
DUNGS_p_TCGA_b84_115_SNP_N_GenomeWideSNP_6_C02_771474	3	117804154	118879343	641	-0.2359
DUNGS_p_TCGA_b84_115_SNP_N_GenomeWideSNP_6_C02_771474	3	118879496	118879534	2	-1.5361
DUNGS_p_TCGA_b84_115_SNP_N_GenomeWideSNP_6_C02_771474	3	118882605	119999621	676	-0.2321
DUNGS_p_TCGA_b84_115_SNP_N_GenomeWideSNP_6_C02_771474	3	119999820	120011244	8	-0.6068
DUNGS_p_TCGA_b84_115_SNP_N_GenomeWideSNP_6_C02_771474	3	120012779	129766586	5727	-0.2016
DUNGS_p_TCGA_b84_115_SNP_N_GenomeWideSNP_6_C02_771474	3	129775858	129806236	50	-1.311
DUNGS_p_TCGA_b84_115_SNP_N_GenomeWideSNP_6_C02_771474	3	129806924	140542539	6743	-0.1797
DUNGS_p_TCGA_b84_115_SNP_N_GenomeWideSNP_6_C02_771474	3	140545701	140546984	2	-1.7292
DUNGS_p_TCGA_b84_115_SNP_N_GenomeWideSNP_6_C02_771474	3	140560618	145633406	3159	-0.1795
DUNGS_p_TCGA_b84_115_SNP_N_GenomeWideSNP_6_C02_771474	3	145641922	145641934	2	-1.9154
DUNGS_p_TCGA_b84_115_SNP_N_GenomeWideSNP_6_C02_771474	3	145642365	157147568	7103	-0.1807
DUNGS_p_TCGA_b84_115_SNP_N_GenomeWideSNP_6_C02_771474	3	157147909	157166390	10	-2.6353
DUNGS_p_TCGA_b84_115_SNP_N_GenomeWideSNP_6_C02_771474	3	157169946	162512739	3291	-0.1858
DUNGS_p_TCGA_b84_115_SNP_N_GenomeWideSNP_6_C02_771474	3	162513092	162524858	10	0.6967
DUNGS_p_TCGA_b84_115_SNP_N_GenomeWideSNP_6_C02_771474	3	162528630	162540490	10	-0.5686
DUNGS_p_TCGA_b84_115_SNP_N_GenomeWideSNP_6_C02_771474	3	162545716	162623897	46	0.4092
DUNGS_p_TCGA_b84_115_SNP_N_GenomeWideSNP_6_C02_771474	3	162625980	162714517	74	-0.2882
DUNGS_p_TCGA_b84_115_SNP_N_GenomeWideSNP_6_C02_771474	3	162717727	162719562	2	-2.8956
DUNGS_p_TCGA_b84_115_SNP_N_GenomeWideSNP_6_C02_771474	3	162726159	167666399	2739	-0.166
DUNGS_p_TCGA_b84_115_SNP_N_GenomeWideSNP_6_C02_771474	3	167666657	167668615	6	-0.7927
DUNGS_p_TCGA_b84_115_SNP_N_GenomeWideSNP_6_C02_771474	3	167668645	168730180	628	-0.1744
DUNGS_p_TCGA_b84_115_SNP_N_GenomeWideSNP_6_C02_771474	3	168733402	168739827	3	-0.9373
DUNGS_p_TCGA_b84_115_SNP_N_GenomeWideSNP_6_C02_771474	3	168739850	168818560	60	-0.2276
DUNGS_p_TCGA_b84_115_SNP_N_GenomeWideSNP_6_C02_771474	3	168821074	169778259	669	0.3688
DUNGS_p_TCGA_b84_115_SNP_N_GenomeWideSNP_6_C02_771474	3	169780712	172341899	1628	-0.1658
DUNGS_p_TCGA_b84_115_SNP_N_GenomeWideSNP_6_C02_771474	3	172343008	172357499	10	0.3634
DUNGS_p_TCGA_b84_115_SNP_N_GenomeWideSNP_6_C02_771474	3	172357668	174070929	1143	-0.1595
DUNGS_p_TCGA_b84_115_SNP_N_GenomeWideSNP_6_C02_771474	3	174072288	174087005	11	0.4889
DUNGS_p_TCGA_b84_115_SNP_N_GenomeWideSNP_6_C02_771474	3	174092341	175582559	1034	-0.1479
DUNGS_p_TCGA_b84_115_SNP_N_GenomeWideSNP_6_C02_771474	3	175585674	175587243	4	0.6471
DUNGS_p_TCGA_b84_115_SNP_N_GenomeWideSNP_6_C02_771474	3	175594469	175605436	11	-0.1278
DUNGS_p_TCGA_b84_115_SNP_N_GenomeWideSNP_6_C02_771474	3	175606746	175618261	9	0.5301
DUNGS_p_TCGA_b84_115_SNP_N_GenomeWideSNP_6_C02_771474	3	175618732	189481894	8767	-0.1683
DUNGS_p_TCGA_b84_115_SNP_N_GenomeWideSNP_6_C02_771474	3	189484028	189505330	21	0.3798
DUNGS_p_TCGA_b84_115_SNP_N_GenomeWideSNP_6_C02_771474	3	189507559	189910751	302	-0.179
DUNGS_p_TCGA_b84_115_SNP_N_GenomeWideSNP_6_C02_771474	3	189926229	189966455	34	0.4119
DUNGS_p_TCGA_b84_115_SNP_N_GenomeWideSNP_6_C02_771474	3	189967172	190345518	310	-0.1898
DUNGS_p_TCGA_b84_115_SNP_N_GenomeWideSNP_6_C02_771474	3	190346218	190346525	2	1.008
DUNGS_p_TCGA_b84_115_SNP_N_GenomeWideSNP_6_C02_771474	3	190349480	190645766	172	-0.2028
DUNGS_p_TCGA_b84_115_SNP_N_GenomeWideSNP_6_C02_771474	3	190646505	190661655	13	0.3534
DUNGS_p_TCGA_b84_115_SNP_N_GenomeWideSNP_6_C02_771474	3	190666545	191722033	731	-0.1875
DUNGS_p_TCGA_b84_115_SNP_N_GenomeWideSNP_6_C02_771474	3	191724654	191739049	12	0.3341
DUNGS_p_TCGA_b84_115_SNP_N_GenomeWideSNP_6_C02_771474	3	191742091	192303460	405	-0.1821
DUNGS_p_TCGA_b84_115_SNP_N_GenomeWideSNP_6_C02_771474	3	192303610	192351814	42	0.3027
DUNGS_p_TCGA_b84_115_SNP_N_GenomeWideSNP_6_C02_771474	3	192353742	192647154	224	-0.1593
DUNGS_p_TCGA_b84_115_SNP_N_GenomeWideSNP_6_C02_771474	3	192652707	192671712	12	0.3789
DUNGS_p_TCGA_b84_115_SNP_N_GenomeWideSNP_6_C02_771474	3	192674613	192880587	144	-0.1265
DUNGS_p_TCGA_b84_115_SNP_N_GenomeWideSNP_6_C02_771474	3	192880726	192882903	11	-1.3882
DUNGS_p_TCGA_b84_115_SNP_N_GenomeWideSNP_6_C02_771474	3	192886435	195183235	1464	-0.1655
DUNGS_p_TCGA_b84_115_SNP_N_GenomeWideSNP_6_C02_771474	3	195186140	195474763	70	0.2467
DUNGS_p_TCGA_b84_115_SNP_N_GenomeWideSNP_6_C02_771474	3	195478694	197896118	1174	-0.1311
DUNGS_p_TCGA_b84_115_SNP_N_GenomeWideSNP_6_C02_771474	4	12281	4113921	1706	-0.2421
DUNGS_p_TCGA_b84_115_SNP_N_GenomeWideSNP_6_C02_771474	4	4118957	4119686	2	-2.3832
DUNGS_p_TCGA_b84_115_SNP_N_GenomeWideSNP_6_C02_771474	4	4122828	5711404	1276	-0.2746
DUNGS_p_TCGA_b84_115_SNP_N_GenomeWideSNP_6_C02_771474	4	5712560	9456977	2270	0.1228
DUNGS_p_TCGA_b84_115_SNP_N_GenomeWideSNP_6_C02_771474	4	9461230	9479345	9	-0.9414
DUNGS_p_TCGA_b84_115_SNP_N_GenomeWideSNP_6_C02_771474	4	9486087	10398459	757	0.1324
DUNGS_p_TCGA_b84_115_SNP_N_GenomeWideSNP_6_C02_771474	4	10398611	10399355	9	0.7009
DUNGS_p_TCGA_b84_115_SNP_N_GenomeWideSNP_6_C02_771474	4	10400156	10466003	45	0.1239
DUNGS_p_TCGA_b84_115_SNP_N_GenomeWideSNP_6_C02_771474	4	10468164	13169338	2205	-0.2393
DUNGS_p_TCGA_b84_115_SNP_N_GenomeWideSNP_6_C02_771474	4	13171103	13506683	224	0.3946
DUNGS_p_TCGA_b84_115_SNP_N_GenomeWideSNP_6_C02_771474	4	13512050	24796568	7995	0.1232
DUNGS_p_TCGA_b84_115_SNP_N_GenomeWideSNP_6_C02_771474	4	24798380	24961565	114	-0.2739
DUNGS_p_TCGA_b84_115_SNP_N_GenomeWideSNP_6_C02_771474	4	24962637	34765595	6229	0.1183
DUNGS_p_TCGA_b84_115_SNP_N_GenomeWideSNP_6_C02_771474	4	34765697	34821340	47	0.7163
DUNGS_p_TCGA_b84_115_SNP_N_GenomeWideSNP_6_C02_771474	4	34824183	36014412	780	0.1138
DUNGS_p_TCGA_b84_115_SNP_N_GenomeWideSNP_6_C02_771474	4	36014981	36015518	4	-2.6236
DUNGS_p_TCGA_b84_115_SNP_N_GenomeWideSNP_6_C02_771474	4	36017518	61497136	14050	0.1038
DUNGS_p_TCGA_b84_115_SNP_N_GenomeWideSNP_6_C02_771474	4	61500829	61501270	2	-1.3044
DUNGS_p_TCGA_b84_115_SNP_N_GenomeWideSNP_6_C02_771474	4	61503976	63667834	1207	0.1073
DUNGS_p_TCGA_b84_115_SNP_N_GenomeWideSNP_6_C02_771474	4	63669936	63671120	5	0.7536
DUNGS_p_TCGA_b84_115_SNP_N_GenomeWideSNP_6_C02_771474	4	63671134	69220383	3442	0.1273
DUNGS_p_TCGA_b84_115_SNP_N_GenomeWideSNP_6_C02_771474	4	69226848	69255070	5	-0.6359
DUNGS_p_TCGA_b84_115_SNP_N_GenomeWideSNP_6_C02_771474	4	69256759	69372003	26	0.1598
DUNGS_p_TCGA_b84_115_SNP_N_GenomeWideSNP_6_C02_771474	4	69374941	69396462	11	-2.4288
DUNGS_p_TCGA_b84_115_SNP_N_GenomeWideSNP_6_C02_771474	4	69396466	69480923	47	-1.1631
DUNGS_p_TCGA_b84_115_SNP_N_GenomeWideSNP_6_C02_771474	4	69480937	69489335	8	-2.1505
DUNGS_p_TCGA_b84_115_SNP_N_GenomeWideSNP_6_C02_771474	4	69505115	70121250	325	0.123
DUNGS_p_TCGA_b84_115_SNP_N_GenomeWideSNP_6_C02_771474	4	70121263	70290256	87	0.416
DUNGS_p_TCGA_b84_115_SNP_N_GenomeWideSNP_6_C02_771474	4	70290401	73531808	1938	0.105
DUNGS_p_TCGA_b84_115_SNP_N_GenomeWideSNP_6_C02_771474	4	73545036	73561425	6	-0.5082
DUNGS_p_TCGA_b84_115_SNP_N_GenomeWideSNP_6_C02_771474	4	73564380	91096078	11021	0.0877
DUNGS_p_TCGA_b84_115_SNP_N_GenomeWideSNP_6_C02_771474	4	91099326	91354199	177	-0.303
DUNGS_p_TCGA_b84_115_SNP_N_GenomeWideSNP_6_C02_771474	4	91360796	91505240	61	0.0468
DUNGS_p_TCGA_b84_115_SNP_N_GenomeWideSNP_6_C02_771474	4	91507015	91683711	114	-0.3272
DUNGS_p_TCGA_b84_115_SNP_N_GenomeWideSNP_6_C02_771474	4	91691313	93468848	999	0.0571
DUNGS_p_TCGA_b84_115_SNP_N_GenomeWideSNP_6_C02_771474	4	93473060	93475150	2	1.3405
DUNGS_p_TCGA_b84_115_SNP_N_GenomeWideSNP_6_C02_771474	4	93475443	104744653	6713	0.062
DUNGS_p_TCGA_b84_115_SNP_N_GenomeWideSNP_6_C02_771474	4	104744716	104745071	3	0.9945
DUNGS_p_TCGA_b84_115_SNP_N_GenomeWideSNP_6_C02_771474	4	104745501	115173700	6325	0.0609
DUNGS_p_TCGA_b84_115_SNP_N_GenomeWideSNP_6_C02_771474	4	115175323	115175412	6	0.6746
DUNGS_p_TCGA_b84_115_SNP_N_GenomeWideSNP_6_C02_771474	4	115175514	115179352	5	-0.1381
DUNGS_p_TCGA_b84_115_SNP_N_GenomeWideSNP_6_C02_771474	4	115179428	115182175	12	0.7958
DUNGS_p_TCGA_b84_115_SNP_N_GenomeWideSNP_6_C02_771474	4	115184229	115507624	226	0.0886
DUNGS_p_TCGA_b84_115_SNP_N_GenomeWideSNP_6_C02_771474	4	115508166	115510454	3	-1.0019
DUNGS_p_TCGA_b84_115_SNP_N_GenomeWideSNP_6_C02_771474	4	115514426	122281973	4126	0.0659
DUNGS_p_TCGA_b84_115_SNP_N_GenomeWideSNP_6_C02_771474	4	122282468	122285135	28	-2.6589
DUNGS_p_TCGA_b84_115_SNP_N_GenomeWideSNP_6_C02_771474	4	122291131	133189144	6162	0.0599
DUNGS_p_TCGA_b84_115_SNP_N_GenomeWideSNP_6_C02_771474	4	133198332	133198641	2	-1.0867
DUNGS_p_TCGA_b84_115_SNP_N_GenomeWideSNP_6_C02_771474	4	133199152	137939813	2618	0.0631
DUNGS_p_TCGA_b84_115_SNP_N_GenomeWideSNP_6_C02_771474	4	137939926	137946369	10	0.5769
DUNGS_p_TCGA_b84_115_SNP_N_GenomeWideSNP_6_C02_771474	4	137948899	149237641	7090	0.0567
DUNGS_p_TCGA_b84_115_SNP_N_GenomeWideSNP_6_C02_771474	4	149238314	149501188	171	-0.2985
DUNGS_p_TCGA_b84_115_SNP_N_GenomeWideSNP_6_C02_771474	4	149508391	151112505	861	0.0666
DUNGS_p_TCGA_b84_115_SNP_N_GenomeWideSNP_6_C02_771474	4	151113912	151890981	438	1.6219
DUNGS_p_TCGA_b84_115_SNP_N_GenomeWideSNP_6_C02_771474	4	151893135	151988669	38	3.1476
DUNGS_p_TCGA_b84_115_SNP_N_GenomeWideSNP_6_C02_771474	4	151991502	152625446	299	1.5936
DUNGS_p_TCGA_b84_115_SNP_N_GenomeWideSNP_6_C02_771474	4	152633147	152913072	251	2.1258
DUNGS_p_TCGA_b84_115_SNP_N_GenomeWideSNP_6_C02_771474	4	152913422	153684334	423	1.6183
DUNGS_p_TCGA_b84_115_SNP_N_GenomeWideSNP_6_C02_771474	4	153684358	153684617	3	2.5972
DUNGS_p_TCGA_b84_115_SNP_N_GenomeWideSNP_6_C02_771474	4	153686275	154937462	857	1.7911
DUNGS_p_TCGA_b84_115_SNP_N_GenomeWideSNP_6_C02_771474	4	154937551	155448553	329	2.5948
DUNGS_p_TCGA_b84_115_SNP_N_GenomeWideSNP_6_C02_771474	4	155448783	155476782	8	3.6958
DUNGS_p_TCGA_b84_115_SNP_N_GenomeWideSNP_6_C02_771474	4	155481303	155718469	133	2.6426
DUNGS_p_TCGA_b84_115_SNP_N_GenomeWideSNP_6_C02_771474	4	155726099	156740471	703	1.5643
DUNGS_p_TCGA_b84_115_SNP_N_GenomeWideSNP_6_C02_771474	4	156741732	157305616	449	2.1066
DUNGS_p_TCGA_b84_115_SNP_N_GenomeWideSNP_6_C02_771474	4	157305650	157305714	4	0.6201
DUNGS_p_TCGA_b84_115_SNP_N_GenomeWideSNP_6_C02_771474	4	157305789	157348391	30	2.1948
DUNGS_p_TCGA_b84_115_SNP_N_GenomeWideSNP_6_C02_771474	4	157352843	157819102	313	1.5359
DUNGS_p_TCGA_b84_115_SNP_N_GenomeWideSNP_6_C02_771474	4	157819740	157831539	7	2.4753
DUNGS_p_TCGA_b84_115_SNP_N_GenomeWideSNP_6_C02_771474	4	157832167	158870900	624	1.6816
DUNGS_p_TCGA_b84_115_SNP_N_GenomeWideSNP_6_C02_771474	4	158871894	167457500	5489	0.0641
DUNGS_p_TCGA_b84_115_SNP_N_GenomeWideSNP_6_C02_771474	4	167458731	167466146	5	-0.6534
DUNGS_p_TCGA_b84_115_SNP_N_GenomeWideSNP_6_C02_771474	4	167466415	172368531	3075	0.0675
DUNGS_p_TCGA_b84_115_SNP_N_GenomeWideSNP_6_C02_771474	4	172369346	172377710	11	0.6638
DUNGS_p_TCGA_b84_115_SNP_N_GenomeWideSNP_6_C02_771474	4	172377724	172987928	399	0.0667
DUNGS_p_TCGA_b84_115_SNP_N_GenomeWideSNP_6_C02_771474	4	172989148	172989533	12	0.7892
DUNGS_p_TCGA_b84_115_SNP_N_GenomeWideSNP_6_C02_771474	4	172995979	174247635	666	0.0483
DUNGS_p_TCGA_b84_115_SNP_N_GenomeWideSNP_6_C02_771474	4	174256675	174427933	92	-0.33
DUNGS_p_TCGA_b84_115_SNP_N_GenomeWideSNP_6_C02_771474	4	174435627	175253812	493	0.0467
DUNGS_p_TCGA_b84_115_SNP_N_GenomeWideSNP_6_C02_771474	4	175259303	175293605	14	0.3976
DUNGS_p_TCGA_b84_115_SNP_N_GenomeWideSNP_6_C02_771474	4	175297447	175720162	273	0.0493
DUNGS_p_TCGA_b84_115_SNP_N_GenomeWideSNP_6_C02_771474	4	175720355	176010970	175	0.3798
DUNGS_p_TCGA_b84_115_SNP_N_GenomeWideSNP_6_C02_771474	4	176013049	176274438	141	0.0287
DUNGS_p_TCGA_b84_115_SNP_N_GenomeWideSNP_6_C02_771474	4	176276483	176414843	64	0.3431
DUNGS_p_TCGA_b84_115_SNP_N_GenomeWideSNP_6_C02_771474	4	176416008	176427338	6	0.0245
DUNGS_p_TCGA_b84_115_SNP_N_GenomeWideSNP_6_C02_771474	4	176429156	176436525	7	-0.3228
DUNGS_p_TCGA_b84_115_SNP_N_GenomeWideSNP_6_C02_771474	4	176438351	176450523	10	0.0055
DUNGS_p_TCGA_b84_115_SNP_N_GenomeWideSNP_6_C02_771474	4	176453586	176513585	32	-0.383
DUNGS_p_TCGA_b84_115_SNP_N_GenomeWideSNP_6_C02_771474	4	176517651	176534127	5	0.2441
DUNGS_p_TCGA_b84_115_SNP_N_GenomeWideSNP_6_C02_771474	4	176534956	176723625	120	-0.3747
DUNGS_p_TCGA_b84_115_SNP_N_GenomeWideSNP_6_C02_771474	4	176731729	176828581	63	0.1318
DUNGS_p_TCGA_b84_115_SNP_N_GenomeWideSNP_6_C02_771474	4	176829313	177369859	362	-0.3026
DUNGS_p_TCGA_b84_115_SNP_N_GenomeWideSNP_6_C02_771474	4	177373130	177373400	2	-1.5179
DUNGS_p_TCGA_b84_115_SNP_N_GenomeWideSNP_6_C02_771474	4	177378346	182062423	3336	-0.3147
DUNGS_p_TCGA_b84_115_SNP_N_GenomeWideSNP_6_C02_771474	4	182065180	182065430	4	-1.706
DUNGS_p_TCGA_b84_115_SNP_N_GenomeWideSNP_6_C02_771474	4	182065793	191027923	6274	-0.2906
DUNGS_p_TCGA_b84_115_SNP_N_GenomeWideSNP_6_C02_771474	5	15532	1927412	963	0.3817
DUNGS_p_TCGA_b84_115_SNP_N_GenomeWideSNP_6_C02_771474	5	1928889	1936542	11	-0.1545
DUNGS_p_TCGA_b84_115_SNP_N_GenomeWideSNP_6_C02_771474	5	1937053	21449276	14818	0.3416
DUNGS_p_TCGA_b84_115_SNP_N_GenomeWideSNP_6_C02_771474	5	21451200	21452438	5	1.0312
DUNGS_p_TCGA_b84_115_SNP_N_GenomeWideSNP_6_C02_771474	5	21452496	26789496	3160	0.3393
DUNGS_p_TCGA_b84_115_SNP_N_GenomeWideSNP_6_C02_771474	5	26797760	26797844	2	-2.1024
DUNGS_p_TCGA_b84_115_SNP_N_GenomeWideSNP_6_C02_771474	5	26803884	32107084	3431	0.3406
DUNGS_p_TCGA_b84_115_SNP_N_GenomeWideSNP_6_C02_771474	5	32109589	32158455	39	0.8546
DUNGS_p_TCGA_b84_115_SNP_N_GenomeWideSNP_6_C02_771474	5	32170287	39808431	5095	0.3375
DUNGS_p_TCGA_b84_115_SNP_N_GenomeWideSNP_6_C02_771474	5	39808515	39814425	12	0.7626
DUNGS_p_TCGA_b84_115_SNP_N_GenomeWideSNP_6_C02_771474	5	39815028	45656133	3117	0.3248
DUNGS_p_TCGA_b84_115_SNP_N_GenomeWideSNP_6_C02_771474	5	45666146	46271108	184	1.7485
DUNGS_p_TCGA_b84_115_SNP_N_GenomeWideSNP_6_C02_771474	5	46271930	46273502	6	2.7584
DUNGS_p_TCGA_b84_115_SNP_N_GenomeWideSNP_6_C02_771474	5	46278212	49432831	20	1.4791
DUNGS_p_TCGA_b84_115_SNP_N_GenomeWideSNP_6_C02_771474	5	49441958	52695117	1932	-0.2617
DUNGS_p_TCGA_b84_115_SNP_N_GenomeWideSNP_6_C02_771474	5	52695357	52695970	2	-1.7609
DUNGS_p_TCGA_b84_115_SNP_N_GenomeWideSNP_6_C02_771474	5	52697127	59078040	4536	-0.2658
DUNGS_p_TCGA_b84_115_SNP_N_GenomeWideSNP_6_C02_771474	5	59080142	59096923	11	-1.7499
DUNGS_p_TCGA_b84_115_SNP_N_GenomeWideSNP_6_C02_771474	5	59102760	70868602	6056	-0.2755
DUNGS_p_TCGA_b84_115_SNP_N_GenomeWideSNP_6_C02_771474	5	70874201	70876593	3	-1.4843
DUNGS_p_TCGA_b84_115_SNP_N_GenomeWideSNP_6_C02_771474	5	70877652	73670285	1877	-0.2591
DUNGS_p_TCGA_b84_115_SNP_N_GenomeWideSNP_6_C02_771474	5	73670471	73670507	2	-1.4445
DUNGS_p_TCGA_b84_115_SNP_N_GenomeWideSNP_6_C02_771474	5	73670595	81416130	4907	-0.2719
DUNGS_p_TCGA_b84_115_SNP_N_GenomeWideSNP_6_C02_771474	5	81418763	81427482	4	-1.7613
DUNGS_p_TCGA_b84_115_SNP_N_GenomeWideSNP_6_C02_771474	5	81428038	103851221	12659	-0.2673
DUNGS_p_TCGA_b84_115_SNP_N_GenomeWideSNP_6_C02_771474	5	103860373	103860604	4	-1.1778
DUNGS_p_TCGA_b84_115_SNP_N_GenomeWideSNP_6_C02_771474	5	103861049	123146210	13148	-0.2748
DUNGS_p_TCGA_b84_115_SNP_N_GenomeWideSNP_6_C02_771474	5	123146444	123146526	2	-1.4646
DUNGS_p_TCGA_b84_115_SNP_N_GenomeWideSNP_6_C02_771474	5	123146850	130287637	4420	-0.2684
DUNGS_p_TCGA_b84_115_SNP_N_GenomeWideSNP_6_C02_771474	5	130289261	130294844	3	0.563
DUNGS_p_TCGA_b84_115_SNP_N_GenomeWideSNP_6_C02_771474	5	130297197	130588550	160	-0.2605
DUNGS_p_TCGA_b84_115_SNP_N_GenomeWideSNP_6_C02_771474	5	130589172	130589534	2	-1.434
DUNGS_p_TCGA_b84_115_SNP_N_GenomeWideSNP_6_C02_771474	5	130590880	155480113	15782	-0.2697
DUNGS_p_TCGA_b84_115_SNP_N_GenomeWideSNP_6_C02_771474	5	155481949	155482549	6	0.4338
DUNGS_p_TCGA_b84_115_SNP_N_GenomeWideSNP_6_C02_771474	5	155482574	165375007	6531	-0.3002
DUNGS_p_TCGA_b84_115_SNP_N_GenomeWideSNP_6_C02_771474	5	165375029	165376220	2	-1.8425
DUNGS_p_TCGA_b84_115_SNP_N_GenomeWideSNP_6_C02_771474	5	165378004	174558595	6960	-0.2973
DUNGS_p_TCGA_b84_115_SNP_N_GenomeWideSNP_6_C02_771474	5	174559742	174560481	2	0.8784
DUNGS_p_TCGA_b84_115_SNP_N_GenomeWideSNP_6_C02_771474	5	174563634	175460087	619	-0.2686
DUNGS_p_TCGA_b84_115_SNP_N_GenomeWideSNP_6_C02_771474	5	175465689	175570691	16	0.144
DUNGS_p_TCGA_b84_115_SNP_N_GenomeWideSNP_6_C02_771474	5	175571151	179816613	2235	-0.2844
DUNGS_p_TCGA_b84_115_SNP_N_GenomeWideSNP_6_C02_771474	5	179816733	179827383	12	0.2685
DUNGS_p_TCGA_b84_115_SNP_N_GenomeWideSNP_6_C02_771474	5	179828607	180378888	287	-0.2726
DUNGS_p_TCGA_b84_115_SNP_N_GenomeWideSNP_6_C02_771474	5	180380203	180433225	18	0.3594
DUNGS_p_TCGA_b84_115_SNP_N_GenomeWideSNP_6_C02_771474	5	180433264	180790320	170	-0.2682
DUNGS_p_TCGA_b84_115_SNP_N_GenomeWideSNP_6_C02_771474	6	149661	1639567	1328	0.3827
DUNGS_p_TCGA_b84_115_SNP_N_GenomeWideSNP_6_C02_771474	6	1639602	1639646	2	-1.0064
DUNGS_p_TCGA_b84_115_SNP_N_GenomeWideSNP_6_C02_771474	6	1639703	23743017	16925	0.4226
DUNGS_p_TCGA_b84_115_SNP_N_GenomeWideSNP_6_C02_771474	6	23744672	23745430	2	-2.2555
DUNGS_p_TCGA_b84_115_SNP_N_GenomeWideSNP_6_C02_771474	6	23747732	25959355	1586	0.3855
DUNGS_p_TCGA_b84_115_SNP_N_GenomeWideSNP_6_C02_771474	6	25959647	26739025	465	0.0846
DUNGS_p_TCGA_b84_115_SNP_N_GenomeWideSNP_6_C02_771474	6	26742099	26752572	5	0.8674
DUNGS_p_TCGA_b84_115_SNP_N_GenomeWideSNP_6_C02_771474	6	26754381	29843434	1462	0.1022
DUNGS_p_TCGA_b84_115_SNP_N_GenomeWideSNP_6_C02_771474	6	29844034	29844372	2	-1.8354
DUNGS_p_TCGA_b84_115_SNP_N_GenomeWideSNP_6_C02_771474	6	29848888	31287111	683	0.1007
DUNGS_p_TCGA_b84_115_SNP_N_GenomeWideSNP_6_C02_771474	6	31287222	31295406	3	-1.8984
DUNGS_p_TCGA_b84_115_SNP_N_GenomeWideSNP_6_C02_771474	6	31295953	31353541	66	0.0153
DUNGS_p_TCGA_b84_115_SNP_N_GenomeWideSNP_6_C02_771474	6	31353639	31451476	89	0.8363
DUNGS_p_TCGA_b84_115_SNP_N_GenomeWideSNP_6_C02_771474	6	31455834	32452929	358	0.1118
DUNGS_p_TCGA_b84_115_SNP_N_GenomeWideSNP_6_C02_771474	6	32454275	32570365	32	1.7368
DUNGS_p_TCGA_b84_115_SNP_N_GenomeWideSNP_6_C02_771474	6	32573771	32626618	35	0.4494
DUNGS_p_TCGA_b84_115_SNP_N_GenomeWideSNP_6_C02_771474	6	32650612	34742018	1238	0.1036
DUNGS_p_TCGA_b84_115_SNP_N_GenomeWideSNP_6_C02_771474	6	34743788	34744615	2	1.2283
DUNGS_p_TCGA_b84_115_SNP_N_GenomeWideSNP_6_C02_771474	6	34751064	35456232	376	0.1195
DUNGS_p_TCGA_b84_115_SNP_N_GenomeWideSNP_6_C02_771474	6	35468044	35468857	4	-0.6349
DUNGS_p_TCGA_b84_115_SNP_N_GenomeWideSNP_6_C02_771474	6	35468873	38748760	2118	0.1031
DUNGS_p_TCGA_b84_115_SNP_N_GenomeWideSNP_6_C02_771474	6	38749039	39018874	226	0.4424
DUNGS_p_TCGA_b84_115_SNP_N_GenomeWideSNP_6_C02_771474	6	39019254	39019503	2	-0.9146
DUNGS_p_TCGA_b84_115_SNP_N_GenomeWideSNP_6_C02_771474	6	39020222	39932946	659	0.3913
DUNGS_p_TCGA_b84_115_SNP_N_GenomeWideSNP_6_C02_771474	6	39933262	40898455	841	0.0967
DUNGS_p_TCGA_b84_115_SNP_N_GenomeWideSNP_6_C02_771474	6	40905173	45787428	2853	0.4081
DUNGS_p_TCGA_b84_115_SNP_N_GenomeWideSNP_6_C02_771474	6	45791798	46918987	821	0.1272
DUNGS_p_TCGA_b84_115_SNP_N_GenomeWideSNP_6_C02_771474	6	46919106	46920990	4	0.8437
DUNGS_p_TCGA_b84_115_SNP_N_GenomeWideSNP_6_C02_771474	6	46924467	48763816	1193	0.1371
DUNGS_p_TCGA_b84_115_SNP_N_GenomeWideSNP_6_C02_771474	6	48764443	49063031	167	0.4023
DUNGS_p_TCGA_b84_115_SNP_N_GenomeWideSNP_6_C02_771474	6	49069277	49615789	301	0.1242
DUNGS_p_TCGA_b84_115_SNP_N_GenomeWideSNP_6_C02_771474	6	49618850	50265211	385	0.4106
DUNGS_p_TCGA_b84_115_SNP_N_GenomeWideSNP_6_C02_771474	6	50269731	50543971	151	0.1401
DUNGS_p_TCGA_b84_115_SNP_N_GenomeWideSNP_6_C02_771474	6	50546641	50679412	85	0.3878
DUNGS_p_TCGA_b84_115_SNP_N_GenomeWideSNP_6_C02_771474	6	50680282	52863600	1544	0.1018
DUNGS_p_TCGA_b84_115_SNP_N_GenomeWideSNP_6_C02_771474	6	52866149	53931151	787	0.4154
DUNGS_p_TCGA_b84_115_SNP_N_GenomeWideSNP_6_C02_771474	6	53931230	53931855	6	1.5233
DUNGS_p_TCGA_b84_115_SNP_N_GenomeWideSNP_6_C02_771474	6	53935348	54881047	622	0.3912
DUNGS_p_TCGA_b84_115_SNP_N_GenomeWideSNP_6_C02_771474	6	54881207	62206718	2050	0.6193
DUNGS_p_TCGA_b84_115_SNP_N_GenomeWideSNP_6_C02_771474	6	62234532	62241152	16	0.1045
DUNGS_p_TCGA_b84_115_SNP_N_GenomeWideSNP_6_C02_771474	6	62241434	64085435	1028	0.8226
DUNGS_p_TCGA_b84_115_SNP_N_GenomeWideSNP_6_C02_771474	6	64087275	64623199	252	0.4269
DUNGS_p_TCGA_b84_115_SNP_N_GenomeWideSNP_6_C02_771474	6	64623403	65593298	552	0.1192
DUNGS_p_TCGA_b84_115_SNP_N_GenomeWideSNP_6_C02_771474	6	65595111	65710729	81	0.474
DUNGS_p_TCGA_b84_115_SNP_N_GenomeWideSNP_6_C02_771474	6	65711399	65713792	3	-0.4287
DUNGS_p_TCGA_b84_115_SNP_N_GenomeWideSNP_6_C02_771474	6	65717384	66127748	284	0.4073
DUNGS_p_TCGA_b84_115_SNP_N_GenomeWideSNP_6_C02_771474	6	66127854	67040913	615	0.116
DUNGS_p_TCGA_b84_115_SNP_N_GenomeWideSNP_6_C02_771474	6	67041451	67043235	7	0.7586
DUNGS_p_TCGA_b84_115_SNP_N_GenomeWideSNP_6_C02_771474	6	67043358	70189378	2165	0.1056
DUNGS_p_TCGA_b84_115_SNP_N_GenomeWideSNP_6_C02_771474	6	70189506	70901084	458	0.3888
DUNGS_p_TCGA_b84_115_SNP_N_GenomeWideSNP_6_C02_771474	6	70901660	70962219	61	-0.3467
DUNGS_p_TCGA_b84_115_SNP_N_GenomeWideSNP_6_C02_771474	6	70962547	73377361	1562	0.387
DUNGS_p_TCGA_b84_115_SNP_N_GenomeWideSNP_6_C02_771474	6	73383565	74926945	986	0.0918
DUNGS_p_TCGA_b84_115_SNP_N_GenomeWideSNP_6_C02_771474	6	74927488	75513031	399	0.3939
DUNGS_p_TCGA_b84_115_SNP_N_GenomeWideSNP_6_C02_771474	6	75519811	75889208	247	0.0952
DUNGS_p_TCGA_b84_115_SNP_N_GenomeWideSNP_6_C02_771474	6	75894134	75940705	31	0.3724
DUNGS_p_TCGA_b84_115_SNP_N_GenomeWideSNP_6_C02_771474	6	75940739	76241527	173	0.1141
DUNGS_p_TCGA_b84_115_SNP_N_GenomeWideSNP_6_C02_771474	6	76242577	76252896	5	-1.0646
DUNGS_p_TCGA_b84_115_SNP_N_GenomeWideSNP_6_C02_771474	6	76270279	77441495	723	0.1234
DUNGS_p_TCGA_b84_115_SNP_N_GenomeWideSNP_6_C02_771474	6	77442636	77468466	16	0.5083
DUNGS_p_TCGA_b84_115_SNP_N_GenomeWideSNP_6_C02_771474	6	77468588	77809263	237	0.0804
DUNGS_p_TCGA_b84_115_SNP_N_GenomeWideSNP_6_C02_771474	6	77812584	77971974	85	0.3842
DUNGS_p_TCGA_b84_115_SNP_N_GenomeWideSNP_6_C02_771474	6	77982990	78971697	658	0.1139
DUNGS_p_TCGA_b84_115_SNP_N_GenomeWideSNP_6_C02_771474	6	78971712	79041809	115	0.5218
DUNGS_p_TCGA_b84_115_SNP_N_GenomeWideSNP_6_C02_771474	6	79045766	86520002	4746	0.1222
DUNGS_p_TCGA_b84_115_SNP_N_GenomeWideSNP_6_C02_771474	6	86520337	86524515	2	-0.9657
DUNGS_p_TCGA_b84_115_SNP_N_GenomeWideSNP_6_C02_771474	6	86524743	95358483	5753	0.1218
DUNGS_p_TCGA_b84_115_SNP_N_GenomeWideSNP_6_C02_771474	6	95358510	95425184	45	-0.3211
DUNGS_p_TCGA_b84_115_SNP_N_GenomeWideSNP_6_C02_771474	6	95425321	103730553	4947	0.1155
DUNGS_p_TCGA_b84_115_SNP_N_GenomeWideSNP_6_C02_771474	6	103734174	103751935	29	0.4201
DUNGS_p_TCGA_b84_115_SNP_N_GenomeWideSNP_6_C02_771474	6	103751950	110518990	4335	0.1159
DUNGS_p_TCGA_b84_115_SNP_N_GenomeWideSNP_6_C02_771474	6	110523142	110555415	13	-0.7529
DUNGS_p_TCGA_b84_115_SNP_N_GenomeWideSNP_6_C02_771474	6	110558585	115195456	2937	0.1105
DUNGS_p_TCGA_b84_115_SNP_N_GenomeWideSNP_6_C02_771474	6	115202532	115202606	3	-2.2159
DUNGS_p_TCGA_b84_115_SNP_N_GenomeWideSNP_6_C02_771474	6	115202790	126506842	6822	0.1149
DUNGS_p_TCGA_b84_115_SNP_N_GenomeWideSNP_6_C02_771474	6	126510753	126531066	17	-0.8493
DUNGS_p_TCGA_b84_115_SNP_N_GenomeWideSNP_6_C02_771474	6	126541680	143539833	10900	0.1124
DUNGS_p_TCGA_b84_115_SNP_N_GenomeWideSNP_6_C02_771474	6	143548281	143548577	3	1.1319
DUNGS_p_TCGA_b84_115_SNP_N_GenomeWideSNP_6_C02_771474	6	143549921	167601348	17157	0.1051
DUNGS_p_TCGA_b84_115_SNP_N_GenomeWideSNP_6_C02_771474	6	167607596	167608015	2	-1.6601
DUNGS_p_TCGA_b84_115_SNP_N_GenomeWideSNP_6_C02_771474	6	167609283	167695223	56	0.172
DUNGS_p_TCGA_b84_115_SNP_N_GenomeWideSNP_6_C02_771474	6	167696510	167699402	3	-0.7679
DUNGS_p_TCGA_b84_115_SNP_N_GenomeWideSNP_6_C02_771474	6	167699704	171051005	2066	0.1352
DUNGS_p_TCGA_b84_115_SNP_N_GenomeWideSNP_6_C02_771474	7	43355	5950828	3083	0.8128
DUNGS_p_TCGA_b84_115_SNP_N_GenomeWideSNP_6_C02_771474	7	5956259	6039080	16	0.257
DUNGS_p_TCGA_b84_115_SNP_N_GenomeWideSNP_6_C02_771474	7	6039129	19666788	10934	0.805
DUNGS_p_TCGA_b84_115_SNP_N_GenomeWideSNP_6_C02_771474	7	19677547	19678469	2	-0.4946
DUNGS_p_TCGA_b84_115_SNP_N_GenomeWideSNP_6_C02_771474	7	19681519	22434780	2085	0.7947
DUNGS_p_TCGA_b84_115_SNP_N_GenomeWideSNP_6_C02_771474	7	22435472	22436487	2	1.9802
DUNGS_p_TCGA_b84_115_SNP_N_GenomeWideSNP_6_C02_771474	7	22438754	25014108	1907	0.7822
DUNGS_p_TCGA_b84_115_SNP_N_GenomeWideSNP_6_C02_771474	7	25014791	25015717	3	-0.9307
DUNGS_p_TCGA_b84_115_SNP_N_GenomeWideSNP_6_C02_771474	7	25017962	38310723	9442	0.7952
DUNGS_p_TCGA_b84_115_SNP_N_GenomeWideSNP_6_C02_771474	7	38311098	38386791	111	1.0188
DUNGS_p_TCGA_b84_115_SNP_N_GenomeWideSNP_6_C02_771474	7	38386812	43968101	3741	0.7804
DUNGS_p_TCGA_b84_115_SNP_N_GenomeWideSNP_6_C02_771474	7	43971153	43971990	2	1.8438
DUNGS_p_TCGA_b84_115_SNP_N_GenomeWideSNP_6_C02_771474	7	43974414	44019465	34	0.7221
DUNGS_p_TCGA_b84_115_SNP_N_GenomeWideSNP_6_C02_771474	7	44019535	44071861	5	-0.0192
DUNGS_p_TCGA_b84_115_SNP_N_GenomeWideSNP_6_C02_771474	7	44081094	53218912	6395	0.7895
DUNGS_p_TCGA_b84_115_SNP_N_GenomeWideSNP_6_C02_771474	7	53222388	53224572	4	-0.0432
DUNGS_p_TCGA_b84_115_SNP_N_GenomeWideSNP_6_C02_771474	7	53225289	54380373	846	0.7845
DUNGS_p_TCGA_b84_115_SNP_N_GenomeWideSNP_6_C02_771474	7	54386505	54386517	6	-0.3065
DUNGS_p_TCGA_b84_115_SNP_N_GenomeWideSNP_6_C02_771474	7	54393488	57065360	1632	0.7839
DUNGS_p_TCGA_b84_115_SNP_N_GenomeWideSNP_6_C02_771474	7	57067592	57116468	4	-0.1865
DUNGS_p_TCGA_b84_115_SNP_N_GenomeWideSNP_6_C02_771474	7	57121014	57893006	429	0.7759
DUNGS_p_TCGA_b84_115_SNP_N_GenomeWideSNP_6_C02_771474	7	57906717	57936185	9	0.1046
DUNGS_p_TCGA_b84_115_SNP_N_GenomeWideSNP_6_C02_771474	7	57950504	58019983	11	1.0239
DUNGS_p_TCGA_b84_115_SNP_N_GenomeWideSNP_6_C02_771474	7	61063974	65283868	1332	0.3498
DUNGS_p_TCGA_b84_115_SNP_N_GenomeWideSNP_6_C02_771474	7	65292958	69650708	2383	0.0968
DUNGS_p_TCGA_b84_115_SNP_N_GenomeWideSNP_6_C02_771474	7	69652924	69742450	40	-0.2855
DUNGS_p_TCGA_b84_115_SNP_N_GenomeWideSNP_6_C02_771474	7	69747460	70189312	318	0.0733
DUNGS_p_TCGA_b84_115_SNP_N_GenomeWideSNP_6_C02_771474	7	70197277	70271657	54	-0.3095
DUNGS_p_TCGA_b84_115_SNP_N_GenomeWideSNP_6_C02_771474	7	70271908	70419818	88	0.1056
DUNGS_p_TCGA_b84_115_SNP_N_GenomeWideSNP_6_C02_771474	7	70420438	70426141	3	1.1505
DUNGS_p_TCGA_b84_115_SNP_N_GenomeWideSNP_6_C02_771474	7	70428243	71997529	1068	0.076
DUNGS_p_TCGA_b84_115_SNP_N_GenomeWideSNP_6_C02_771474	7	72002272	72003242	3	-0.8842
DUNGS_p_TCGA_b84_115_SNP_N_GenomeWideSNP_6_C02_771474	7	72005595	82416343	5344	0.1189
DUNGS_p_TCGA_b84_115_SNP_N_GenomeWideSNP_6_C02_771474	7	82416922	82417332	3	-1.0645
DUNGS_p_TCGA_b84_115_SNP_N_GenomeWideSNP_6_C02_771474	7	82421047	95485355	8251	0.1159
DUNGS_p_TCGA_b84_115_SNP_N_GenomeWideSNP_6_C02_771474	7	95488058	95488497	2	-1.0924
DUNGS_p_TCGA_b84_115_SNP_N_GenomeWideSNP_6_C02_771474	7	95489512	97385970	1203	0.1249
DUNGS_p_TCGA_b84_115_SNP_N_GenomeWideSNP_6_C02_771474	7	97395460	97402475	16	-0.7921
DUNGS_p_TCGA_b84_115_SNP_N_GenomeWideSNP_6_C02_771474	7	97404240	97417610	21	0.2303
DUNGS_p_TCGA_b84_115_SNP_N_GenomeWideSNP_6_C02_771474	7	97420649	97421090	4	-0.4407
DUNGS_p_TCGA_b84_115_SNP_N_GenomeWideSNP_6_C02_771474	7	97421105	97611341	83	0.1412
DUNGS_p_TCGA_b84_115_SNP_N_GenomeWideSNP_6_C02_771474	7	97612024	97612048	2	1.3049
DUNGS_p_TCGA_b84_115_SNP_N_GenomeWideSNP_6_C02_771474	7	97613771	102373011	1984	0.1202
DUNGS_p_TCGA_b84_115_SNP_N_GenomeWideSNP_6_C02_771474	7	102375279	102380386	2	-1.218
DUNGS_p_TCGA_b84_115_SNP_N_GenomeWideSNP_6_C02_771474	7	102381005	109433785	4543	0.1362
DUNGS_p_TCGA_b84_115_SNP_N_GenomeWideSNP_6_C02_771474	7	109433798	109458772	42	0.4496
DUNGS_p_TCGA_b84_115_SNP_N_GenomeWideSNP_6_C02_771474	7	109458896	126045556	10042	0.1153
DUNGS_p_TCGA_b84_115_SNP_N_GenomeWideSNP_6_C02_771474	7	126045651	126046877	12	1.2102
DUNGS_p_TCGA_b84_115_SNP_N_GenomeWideSNP_6_C02_771474	7	126046878	126046881	4	-0.647
DUNGS_p_TCGA_b84_115_SNP_N_GenomeWideSNP_6_C02_771474	7	126052766	132531150	3959	0.1096
DUNGS_p_TCGA_b84_115_SNP_N_GenomeWideSNP_6_C02_771474	7	132543741	132543964	5	-0.6745
DUNGS_p_TCGA_b84_115_SNP_N_GenomeWideSNP_6_C02_771474	7	132545292	133785177	740	0.1098
DUNGS_p_TCGA_b84_115_SNP_N_GenomeWideSNP_6_C02_771474	7	133785195	133798109	32	-1.3998
DUNGS_p_TCGA_b84_115_SNP_N_GenomeWideSNP_6_C02_771474	7	133798543	140043311	4035	0.111
DUNGS_p_TCGA_b84_115_SNP_N_GenomeWideSNP_6_C02_771474	7	140048890	140054414	8	0.6226
DUNGS_p_TCGA_b84_115_SNP_N_GenomeWideSNP_6_C02_771474	7	140055660	140107994	23	0.0877
DUNGS_p_TCGA_b84_115_SNP_N_GenomeWideSNP_6_C02_771474	7	140114166	140119245	5	0.7232
DUNGS_p_TCGA_b84_115_SNP_N_GenomeWideSNP_6_C02_771474	7	140119629	141784496	1161	0.1225
DUNGS_p_TCGA_b84_115_SNP_N_GenomeWideSNP_6_C02_771474	7	141786850	141787646	9	0.638
DUNGS_p_TCGA_b84_115_SNP_N_GenomeWideSNP_6_C02_771474	7	141787899	142464572	449	0.147
DUNGS_p_TCGA_b84_115_SNP_N_GenomeWideSNP_6_C02_771474	7	142465295	142486045	38	0.6201
DUNGS_p_TCGA_b84_115_SNP_N_GenomeWideSNP_6_C02_771474	7	142486115	146133867	2156	0.1282
DUNGS_p_TCGA_b84_115_SNP_N_GenomeWideSNP_6_C02_771474	7	146135189	146200001	40	0.341
DUNGS_p_TCGA_b84_115_SNP_N_GenomeWideSNP_6_C02_771474	7	146202073	146581063	250	-0.0731
DUNGS_p_TCGA_b84_115_SNP_N_GenomeWideSNP_6_C02_771474	7	146585987	146712866	90	-0.5409
DUNGS_p_TCGA_b84_115_SNP_N_GenomeWideSNP_6_C02_771474	7	146719985	146864487	93	-1.0302
DUNGS_p_TCGA_b84_115_SNP_N_GenomeWideSNP_6_C02_771474	7	146864697	147121200	203	-0.3614
DUNGS_p_TCGA_b84_115_SNP_N_GenomeWideSNP_6_C02_771474	7	147121340	158394337	7261	0.1084
DUNGS_p_TCGA_b84_115_SNP_N_GenomeWideSNP_6_C02_771474	7	158395372	158398430	3	-0.4367
DUNGS_p_TCGA_b84_115_SNP_N_GenomeWideSNP_6_C02_771474	7	158401294	159127004	491	0.192
DUNGS_p_TCGA_b84_115_SNP_N_GenomeWideSNP_6_C02_771474	8	31254	2205950	1627	-0.2636
DUNGS_p_TCGA_b84_115_SNP_N_GenomeWideSNP_6_C02_771474	8	2206486	2207913	2	-1.5471
DUNGS_p_TCGA_b84_115_SNP_N_GenomeWideSNP_6_C02_771474	8	2212785	2701934	494	-0.2279
DUNGS_p_TCGA_b84_115_SNP_N_GenomeWideSNP_6_C02_771474	8	2703533	2703899	7	-1.2158
DUNGS_p_TCGA_b84_115_SNP_N_GenomeWideSNP_6_C02_771474	8	2707171	3795620	1349	-0.2729
DUNGS_p_TCGA_b84_115_SNP_N_GenomeWideSNP_6_C02_771474	8	3795910	3796650	6	-1.37
DUNGS_p_TCGA_b84_115_SNP_N_GenomeWideSNP_6_C02_771474	8	3797028	12695011	8094	-0.2513
DUNGS_p_TCGA_b84_115_SNP_N_GenomeWideSNP_6_C02_771474	8	12695190	12695532	3	-1.429
DUNGS_p_TCGA_b84_115_SNP_N_GenomeWideSNP_6_C02_771474	8	12695777	18772951	5627	-0.2479
DUNGS_p_TCGA_b84_115_SNP_N_GenomeWideSNP_6_C02_771474	8	18773190	18775454	6	-2.7659
DUNGS_p_TCGA_b84_115_SNP_N_GenomeWideSNP_6_C02_771474	8	18777908	24974522	4653	-0.2496
DUNGS_p_TCGA_b84_115_SNP_N_GenomeWideSNP_6_C02_771474	8	24974577	24979554	11	0.7921
DUNGS_p_TCGA_b84_115_SNP_N_GenomeWideSNP_6_C02_771474	8	24979904	29762827	3471	-0.2566
DUNGS_p_TCGA_b84_115_SNP_N_GenomeWideSNP_6_C02_771474	8	29763531	30647948	521	0.0979
DUNGS_p_TCGA_b84_115_SNP_N_GenomeWideSNP_6_C02_771474	8	30652029	36912276	3832	-0.2614
DUNGS_p_TCGA_b84_115_SNP_N_GenomeWideSNP_6_C02_771474	8	36918436	37551354	436	0.104
DUNGS_p_TCGA_b84_115_SNP_N_GenomeWideSNP_6_C02_771474	8	37551406	39131636	746	0.6377
DUNGS_p_TCGA_b84_115_SNP_N_GenomeWideSNP_6_C02_771474	8	39131690	39230659	56	0.41
DUNGS_p_TCGA_b84_115_SNP_N_GenomeWideSNP_6_C02_771474	8	39235603	39385194	58	1.1344
DUNGS_p_TCGA_b84_115_SNP_N_GenomeWideSNP_6_C02_771474	8	39386965	39826545	265	0.4535
DUNGS_p_TCGA_b84_115_SNP_N_GenomeWideSNP_6_C02_771474	8	39830203	39831647	7	-0.0664
DUNGS_p_TCGA_b84_115_SNP_N_GenomeWideSNP_6_C02_771474	8	39834819	40771996	804	0.4429
DUNGS_p_TCGA_b84_115_SNP_N_GenomeWideSNP_6_C02_771474	8	40777852	40778471	2	-1.9873
DUNGS_p_TCGA_b84_115_SNP_N_GenomeWideSNP_6_C02_771474	8	40783680	43253798	1394	0.5712
DUNGS_p_TCGA_b84_115_SNP_N_GenomeWideSNP_6_C02_771474	8	43253815	43390863	47	1.0129
DUNGS_p_TCGA_b84_115_SNP_N_GenomeWideSNP_6_C02_771474	8	43396560	43780295	71	0.5536
DUNGS_p_TCGA_b84_115_SNP_N_GenomeWideSNP_6_C02_771474	8	43783984	46922320	9	0.0033
DUNGS_p_TCGA_b84_115_SNP_N_GenomeWideSNP_6_C02_771474	8	46924122	48871088	765	0.4025
DUNGS_p_TCGA_b84_115_SNP_N_GenomeWideSNP_6_C02_771474	8	48874811	52309728	2011	-0.291
DUNGS_p_TCGA_b84_115_SNP_N_GenomeWideSNP_6_C02_771474	8	52309919	112294294	36716	0.3933
DUNGS_p_TCGA_b84_115_SNP_N_GenomeWideSNP_6_C02_771474	8	112294466	112295260	8	-1.572
DUNGS_p_TCGA_b84_115_SNP_N_GenomeWideSNP_6_C02_771474	8	112300281	115634487	1831	0.403
DUNGS_p_TCGA_b84_115_SNP_N_GenomeWideSNP_6_C02_771474	8	115634554	115641731	34	-0.1491
DUNGS_p_TCGA_b84_115_SNP_N_GenomeWideSNP_6_C02_771474	8	115650697	120154784	3114	0.3986
DUNGS_p_TCGA_b84_115_SNP_N_GenomeWideSNP_6_C02_771474	8	120155754	120159446	3	-0.3702
DUNGS_p_TCGA_b84_115_SNP_N_GenomeWideSNP_6_C02_771474	8	120162854	145253490	17624	0.3967
DUNGS_p_TCGA_b84_115_SNP_N_GenomeWideSNP_6_C02_771474	8	145253651	145255203	2	1.8004
DUNGS_p_TCGA_b84_115_SNP_N_GenomeWideSNP_6_C02_771474	8	145255312	146298155	351	0.4466
DUNGS_p_TCGA_b84_115_SNP_N_GenomeWideSNP_6_C02_771474	9	46587	9802858	9362	-0.3457
DUNGS_p_TCGA_b84_115_SNP_N_GenomeWideSNP_6_C02_771474	9	9802875	9820783	34	-0.0078
DUNGS_p_TCGA_b84_115_SNP_N_GenomeWideSNP_6_C02_771474	9	9820880	21496908	9795	-0.3474
DUNGS_p_TCGA_b84_115_SNP_N_GenomeWideSNP_6_C02_771474	9	21498669	22984615	1046	-1.6971
DUNGS_p_TCGA_b84_115_SNP_N_GenomeWideSNP_6_C02_771474	9	22984675	22986049	3	-3.8557
DUNGS_p_TCGA_b84_115_SNP_N_GenomeWideSNP_6_C02_771474	9	22986069	23132205	83	-1.6073
DUNGS_p_TCGA_b84_115_SNP_N_GenomeWideSNP_6_C02_771474	9	23132379	23138478	5	-2.9527
DUNGS_p_TCGA_b84_115_SNP_N_GenomeWideSNP_6_C02_771474	9	23138534	23749865	473	-1.7352
DUNGS_p_TCGA_b84_115_SNP_N_GenomeWideSNP_6_C02_771474	9	23756051	23808910	64	-1.4182
DUNGS_p_TCGA_b84_115_SNP_N_GenomeWideSNP_6_C02_771474	9	23809189	23816941	8	-2.8282
DUNGS_p_TCGA_b84_115_SNP_N_GenomeWideSNP_6_C02_771474	9	23817013	24528831	446	-1.5785
DUNGS_p_TCGA_b84_115_SNP_N_GenomeWideSNP_6_C02_771474	9	24530857	24532443	2	-4.1397
DUNGS_p_TCGA_b84_115_SNP_N_GenomeWideSNP_6_C02_771474	9	24532689	27229815	1963	-1.6765
DUNGS_p_TCGA_b84_115_SNP_N_GenomeWideSNP_6_C02_771474	9	27230152	27267535	54	-2.271
DUNGS_p_TCGA_b84_115_SNP_N_GenomeWideSNP_6_C02_771474	9	27268151	29783470	1989	-1.7253
DUNGS_p_TCGA_b84_115_SNP_N_GenomeWideSNP_6_C02_771474	9	29783989	29846352	43	-0.1359
DUNGS_p_TCGA_b84_115_SNP_N_GenomeWideSNP_6_C02_771474	9	29850017	32361569	1792	-1.6542
DUNGS_p_TCGA_b84_115_SNP_N_GenomeWideSNP_6_C02_771474	9	32367634	32425938	49	-0.2022
DUNGS_p_TCGA_b84_115_SNP_N_GenomeWideSNP_6_C02_771474	9	32435701	32934967	364	0.3671
DUNGS_p_TCGA_b84_115_SNP_N_GenomeWideSNP_6_C02_771474	9	32935971	33602824	433	0.6213
DUNGS_p_TCGA_b84_115_SNP_N_GenomeWideSNP_6_C02_771474	9	33603565	35091880	844	0.1274
DUNGS_p_TCGA_b84_115_SNP_N_GenomeWideSNP_6_C02_771474	9	35098008	35405543	157	0.3864
DUNGS_p_TCGA_b84_115_SNP_N_GenomeWideSNP_6_C02_771474	9	35407431	35905326	229	0.1027
DUNGS_p_TCGA_b84_115_SNP_N_GenomeWideSNP_6_C02_771474	9	35905761	38568181	1798	-0.242
DUNGS_p_TCGA_b84_115_SNP_N_GenomeWideSNP_6_C02_771474	9	38569157	38796107	189	0.7642
DUNGS_p_TCGA_b84_115_SNP_N_GenomeWideSNP_6_C02_771474	9	38796311	41692317	158	-0.0291
DUNGS_p_TCGA_b84_115_SNP_N_GenomeWideSNP_6_C02_771474	9	41692510	44758484	138	-0.961
DUNGS_p_TCGA_b84_115_SNP_N_GenomeWideSNP_6_C02_771474	9	44758647	44781290	8	-2.5555
DUNGS_p_TCGA_b84_115_SNP_N_GenomeWideSNP_6_C02_771474	9	44781860	44993298	25	-0.8214
DUNGS_p_TCGA_b84_115_SNP_N_GenomeWideSNP_6_C02_771474	9	44993489	68257020	166	-0.3929
DUNGS_p_TCGA_b84_115_SNP_N_GenomeWideSNP_6_C02_771474	9	68257141	68665184	37	0.1204
DUNGS_p_TCGA_b84_115_SNP_N_GenomeWideSNP_6_C02_771474	9	68683847	69505946	74	-0.2785
DUNGS_p_TCGA_b84_115_SNP_N_GenomeWideSNP_6_C02_771474	9	69507716	69522698	8	-0.999
DUNGS_p_TCGA_b84_115_SNP_N_GenomeWideSNP_6_C02_771474	9	69522825	71542580	551	-0.2772
DUNGS_p_TCGA_b84_115_SNP_N_GenomeWideSNP_6_C02_771474	9	71545020	71557566	18	0.313
DUNGS_p_TCGA_b84_115_SNP_N_GenomeWideSNP_6_C02_771474	9	71558124	71589868	28	-0.2305
DUNGS_p_TCGA_b84_115_SNP_N_GenomeWideSNP_6_C02_771474	9	71590360	71633767	41	0.2771
DUNGS_p_TCGA_b84_115_SNP_N_GenomeWideSNP_6_C02_771474	9	71634045	89109924	12505	-0.2567
DUNGS_p_TCGA_b84_115_SNP_N_GenomeWideSNP_6_C02_771474	9	89117907	89146816	14	0.2701
DUNGS_p_TCGA_b84_115_SNP_N_GenomeWideSNP_6_C02_771474	9	89146822	89156063	6	0.7605
DUNGS_p_TCGA_b84_115_SNP_N_GenomeWideSNP_6_C02_771474	9	89156866	89193703	34	0.336
DUNGS_p_TCGA_b84_115_SNP_N_GenomeWideSNP_6_C02_771474	9	89197266	105643020	11136	-0.2496
DUNGS_p_TCGA_b84_115_SNP_N_GenomeWideSNP_6_C02_771474	9	105643281	105643296	2	-2.4881
DUNGS_p_TCGA_b84_115_SNP_N_GenomeWideSNP_6_C02_771474	9	105645914	117642664	9105	-0.2493
DUNGS_p_TCGA_b84_115_SNP_N_GenomeWideSNP_6_C02_771474	9	117645015	117658316	11	0.3726
DUNGS_p_TCGA_b84_115_SNP_N_GenomeWideSNP_6_C02_771474	9	117659691	117677825	22	-0.2601
DUNGS_p_TCGA_b84_115_SNP_N_GenomeWideSNP_6_C02_771474	9	117679029	117703293	26	0.3028
DUNGS_p_TCGA_b84_115_SNP_N_GenomeWideSNP_6_C02_771474	9	117707618	117884216	160	-0.2487
DUNGS_p_TCGA_b84_115_SNP_N_GenomeWideSNP_6_C02_771474	9	117885635	117886024	2	-1.5098
DUNGS_p_TCGA_b84_115_SNP_N_GenomeWideSNP_6_C02_771474	9	117886416	123237751	4456	-0.2433
DUNGS_p_TCGA_b84_115_SNP_N_GenomeWideSNP_6_C02_771474	9	123246430	127694164	2705	-0.7077
DUNGS_p_TCGA_b84_115_SNP_N_GenomeWideSNP_6_C02_771474	9	127696587	130984755	1998	0.0774
DUNGS_p_TCGA_b84_115_SNP_N_GenomeWideSNP_6_C02_771474	9	130993454	131012266	14	1.485
DUNGS_p_TCGA_b84_115_SNP_N_GenomeWideSNP_6_C02_771474	9	131018639	138226631	4236	0.0629
DUNGS_p_TCGA_b84_115_SNP_N_GenomeWideSNP_6_C02_771474	9	138226768	138226865	2	-1.1282
DUNGS_p_TCGA_b84_115_SNP_N_GenomeWideSNP_6_C02_771474	9	138227003	139053515	381	0.3272
DUNGS_p_TCGA_b84_115_SNP_N_GenomeWideSNP_6_C02_771474	9	139056779	139058723	3	-0.9189
DUNGS_p_TCGA_b84_115_SNP_N_GenomeWideSNP_6_C02_771474	9	139059275	140255642	294	0.385
DUNGS_p_TCGA_b84_115_SNP_N_GenomeWideSNP_6_C02_771474	9	140255718	140255833	2	-0.6235
DUNGS_p_TCGA_b84_115_SNP_N_GenomeWideSNP_6_C02_771474	9	140273003	141071940	408	0.5778
DUNGS_p_TCGA_b84_115_SNP_N_GenomeWideSNP_6_C02_771474	9	141074637	141091394	5	-0.0423
DUNGS_p_TCGA_b84_115_SNP_N_GenomeWideSNP_6_C02_771474	10	72759	2844084	2254	0.1069
DUNGS_p_TCGA_b84_115_SNP_N_GenomeWideSNP_6_C02_771474	10	2844109	2849336	5	-0.666
DUNGS_p_TCGA_b84_115_SNP_N_GenomeWideSNP_6_C02_771474	10	2849459	17894976	12640	0.0965
DUNGS_p_TCGA_b84_115_SNP_N_GenomeWideSNP_6_C02_771474	10	17927554	17949857	3	-1.0959
DUNGS_p_TCGA_b84_115_SNP_N_GenomeWideSNP_6_C02_771474	10	17971816	18136748	10	0.372
DUNGS_p_TCGA_b84_115_SNP_N_GenomeWideSNP_6_C02_771474	10	18150761	20840874	2144	0.082
DUNGS_p_TCGA_b84_115_SNP_N_GenomeWideSNP_6_C02_771474	10	20850112	20853272	4	-0.7156
DUNGS_p_TCGA_b84_115_SNP_N_GenomeWideSNP_6_C02_771474	10	20853503	27228439	4219	0.0958
DUNGS_p_TCGA_b84_115_SNP_N_GenomeWideSNP_6_C02_771474	10	27228452	27228473	2	1.2957
DUNGS_p_TCGA_b84_115_SNP_N_GenomeWideSNP_6_C02_771474	10	27229993	38548203	7805	0.0982
DUNGS_p_TCGA_b84_115_SNP_N_GenomeWideSNP_6_C02_771474	10	38549612	39064052	114	0.4307
DUNGS_p_TCGA_b84_115_SNP_N_GenomeWideSNP_6_C02_771474	10	39070670	43613666	605	0.0726
DUNGS_p_TCGA_b84_115_SNP_N_GenomeWideSNP_6_C02_771474	10	43613705	43614348	9	-0.7315
DUNGS_p_TCGA_b84_115_SNP_N_GenomeWideSNP_6_C02_771474	10	43615505	46070052	1730	0.0772
DUNGS_p_TCGA_b84_115_SNP_N_GenomeWideSNP_6_C02_771474	10	46072872	46076235	5	-0.9239
DUNGS_p_TCGA_b84_115_SNP_N_GenomeWideSNP_6_C02_771474	10	46080336	51830360	2204	0.0717
DUNGS_p_TCGA_b84_115_SNP_N_GenomeWideSNP_6_C02_771474	10	51840984	51867234	3	-0.9424
DUNGS_p_TCGA_b84_115_SNP_N_GenomeWideSNP_6_C02_771474	10	51891920	53284602	981	0.1039
DUNGS_p_TCGA_b84_115_SNP_N_GenomeWideSNP_6_C02_771474	10	53285140	55434002	1710	-0.2609
DUNGS_p_TCGA_b84_115_SNP_N_GenomeWideSNP_6_C02_771474	10	55434037	55436979	18	0.0801
DUNGS_p_TCGA_b84_115_SNP_N_GenomeWideSNP_6_C02_771474	10	55437078	56680277	947	-0.2567
DUNGS_p_TCGA_b84_115_SNP_N_GenomeWideSNP_6_C02_771474	10	56683090	56684037	2	-2.274
DUNGS_p_TCGA_b84_115_SNP_N_GenomeWideSNP_6_C02_771474	10	56687294	57072305	222	-0.2517
DUNGS_p_TCGA_b84_115_SNP_N_GenomeWideSNP_6_C02_771474	10	57073531	57075825	2	1.0148
DUNGS_p_TCGA_b84_115_SNP_N_GenomeWideSNP_6_C02_771474	10	57075840	61365482	3123	-0.2435
DUNGS_p_TCGA_b84_115_SNP_N_GenomeWideSNP_6_C02_771474	10	61365803	61366264	4	0.5896
DUNGS_p_TCGA_b84_115_SNP_N_GenomeWideSNP_6_C02_771474	10	61366305	66719707	3616	-0.2532
DUNGS_p_TCGA_b84_115_SNP_N_GenomeWideSNP_6_C02_771474	10	66719901	66723619	3	0.6891
DUNGS_p_TCGA_b84_115_SNP_N_GenomeWideSNP_6_C02_771474	10	66725811	67299848	398	-0.233
DUNGS_p_TCGA_b84_115_SNP_N_GenomeWideSNP_6_C02_771474	10	67300074	67322795	36	0.1295
DUNGS_p_TCGA_b84_115_SNP_N_GenomeWideSNP_6_C02_771474	10	67322926	81251331	9247	-0.2477
DUNGS_p_TCGA_b84_115_SNP_N_GenomeWideSNP_6_C02_771474	10	81283267	81293615	2	-1.5448
DUNGS_p_TCGA_b84_115_SNP_N_GenomeWideSNP_6_C02_771474	10	81336695	83884278	1597	-0.252
DUNGS_p_TCGA_b84_115_SNP_N_GenomeWideSNP_6_C02_771474	10	83884660	83888667	5	-1.4593
DUNGS_p_TCGA_b84_115_SNP_N_GenomeWideSNP_6_C02_771474	10	83889620	107056279	14899	-0.2492
DUNGS_p_TCGA_b84_115_SNP_N_GenomeWideSNP_6_C02_771474	10	107057038	107059170	3	-1.2051
DUNGS_p_TCGA_b84_115_SNP_N_GenomeWideSNP_6_C02_771474	10	107062476	115747997	6284	-0.2588
DUNGS_p_TCGA_b84_115_SNP_N_GenomeWideSNP_6_C02_771474	10	115748333	115748612	2	-1.7846
DUNGS_p_TCGA_b84_115_SNP_N_GenomeWideSNP_6_C02_771474	10	115748661	132270771	12313	-0.2645
DUNGS_p_TCGA_b84_115_SNP_N_GenomeWideSNP_6_C02_771474	10	132270842	132271172	4	-1.2949
DUNGS_p_TCGA_b84_115_SNP_N_GenomeWideSNP_6_C02_771474	10	132272854	135506704	2002	-0.2725
DUNGS_p_TCGA_b84_115_SNP_N_GenomeWideSNP_6_C02_771474	11	198510	29334020	20619	-0.4552
DUNGS_p_TCGA_b84_115_SNP_N_GenomeWideSNP_6_C02_771474	11	29337069	31679048	1453	-0.0824
DUNGS_p_TCGA_b84_115_SNP_N_GenomeWideSNP_6_C02_771474	11	31679580	31679673	2	-1.0623
DUNGS_p_TCGA_b84_115_SNP_N_GenomeWideSNP_6_C02_771474	11	31682446	47967914	11066	-0.1942
DUNGS_p_TCGA_b84_115_SNP_N_GenomeWideSNP_6_C02_771474	11	47969152	47995299	18	-0.6979
DUNGS_p_TCGA_b84_115_SNP_N_GenomeWideSNP_6_C02_771474	11	47995566	48598422	311	-0.2411
DUNGS_p_TCGA_b84_115_SNP_N_GenomeWideSNP_6_C02_771474	11	48601434	48602676	2	-2.0168
DUNGS_p_TCGA_b84_115_SNP_N_GenomeWideSNP_6_C02_771474	11	48606318	50751358	836	-0.2028
DUNGS_p_TCGA_b84_115_SNP_N_GenomeWideSNP_6_C02_771474	11	50769317	51227512	23	0.3727
DUNGS_p_TCGA_b84_115_SNP_N_GenomeWideSNP_6_C02_771474	11	51227583	51328787	25	0.0628
DUNGS_p_TCGA_b84_115_SNP_N_GenomeWideSNP_6_C02_771474	11	51328788	51337258	9	0.5082
DUNGS_p_TCGA_b84_115_SNP_N_GenomeWideSNP_6_C02_771474	11	51352990	51357245	3	-1.0601
DUNGS_p_TCGA_b84_115_SNP_N_GenomeWideSNP_6_C02_771474	11	51375310	55363340	329	0.0334
DUNGS_p_TCGA_b84_115_SNP_N_GenomeWideSNP_6_C02_771474	11	55374032	55442318	48	0.7285
DUNGS_p_TCGA_b84_115_SNP_N_GenomeWideSNP_6_C02_771474	11	55444211	55445294	4	-0.1603
DUNGS_p_TCGA_b84_115_SNP_N_GenomeWideSNP_6_C02_771474	11	55445945	55460683	9	0.7453
DUNGS_p_TCGA_b84_115_SNP_N_GenomeWideSNP_6_C02_771474	11	55460788	59543242	2483	0.1208
DUNGS_p_TCGA_b84_115_SNP_N_GenomeWideSNP_6_C02_771474	11	59544258	62784194	1849	0.4017
DUNGS_p_TCGA_b84_115_SNP_N_GenomeWideSNP_6_C02_771474	11	62788269	62788309	2	1.664
DUNGS_p_TCGA_b84_115_SNP_N_GenomeWideSNP_6_C02_771474	11	62790090	89550224	15626	0.4069
DUNGS_p_TCGA_b84_115_SNP_N_GenomeWideSNP_6_C02_771474	11	89567541	98897805	6511	-0.2517
DUNGS_p_TCGA_b84_115_SNP_N_GenomeWideSNP_6_C02_771474	11	98907386	98907905	3	-2.7256
DUNGS_p_TCGA_b84_115_SNP_N_GenomeWideSNP_6_C02_771474	11	98912593	104939029	4554	-0.2491
DUNGS_p_TCGA_b84_115_SNP_N_GenomeWideSNP_6_C02_771474	11	104939507	104960997	21	-0.8474
DUNGS_p_TCGA_b84_115_SNP_N_GenomeWideSNP_6_C02_771474	11	104963106	131426411	18669	-0.2596
DUNGS_p_TCGA_b84_115_SNP_N_GenomeWideSNP_6_C02_771474	11	131426800	131426865	2	1.3488
DUNGS_p_TCGA_b84_115_SNP_N_GenomeWideSNP_6_C02_771474	11	131427037	133253528	1497	-0.2693
DUNGS_p_TCGA_b84_115_SNP_N_GenomeWideSNP_6_C02_771474	11	133253844	133254761	2	-1.4806
DUNGS_p_TCGA_b84_115_SNP_N_GenomeWideSNP_6_C02_771474	11	133255029	134933715	1246	-0.248
DUNGS_p_TCGA_b84_115_SNP_N_GenomeWideSNP_6_C02_771474	11	134933972	134944770	6	-0.8615
DUNGS_p_TCGA_b84_115_SNP_N_GenomeWideSNP_6_C02_771474	12	150442	982565	513	0.1901
DUNGS_p_TCGA_b84_115_SNP_N_GenomeWideSNP_6_C02_771474	12	985631	2235889	755	-0.2208
DUNGS_p_TCGA_b84_115_SNP_N_GenomeWideSNP_6_C02_771474	12	2245862	2251443	12	-2.3448
DUNGS_p_TCGA_b84_115_SNP_N_GenomeWideSNP_6_C02_771474	12	2251459	2254509	20	-0.9551
DUNGS_p_TCGA_b84_115_SNP_N_GenomeWideSNP_6_C02_771474	12	2254619	2257920	9	-2.1131
DUNGS_p_TCGA_b84_115_SNP_N_GenomeWideSNP_6_C02_771474	12	2258023	3412596	838	-0.2623
DUNGS_p_TCGA_b84_115_SNP_N_GenomeWideSNP_6_C02_771474	12	3421452	3428428	8	0.2972
DUNGS_p_TCGA_b84_115_SNP_N_GenomeWideSNP_6_C02_771474	12	3428759	7014607	2780	-0.2599
DUNGS_p_TCGA_b84_115_SNP_N_GenomeWideSNP_6_C02_771474	12	7015707	7029866	7	0.3264
DUNGS_p_TCGA_b84_115_SNP_N_GenomeWideSNP_6_C02_771474	12	7030065	8428435	638	-0.2412
DUNGS_p_TCGA_b84_115_SNP_N_GenomeWideSNP_6_C02_771474	12	8429979	8449217	6	0.454
DUNGS_p_TCGA_b84_115_SNP_N_GenomeWideSNP_6_C02_771474	12	8453466	8536612	34	-0.2629
DUNGS_p_TCGA_b84_115_SNP_N_GenomeWideSNP_6_C02_771474	12	8542090	8596353	29	0.197
DUNGS_p_TCGA_b84_115_SNP_N_GenomeWideSNP_6_C02_771474	12	8596792	9435476	470	-0.2664
DUNGS_p_TCGA_b84_115_SNP_N_GenomeWideSNP_6_C02_771474	12	9435514	9513839	35	0.0273
DUNGS_p_TCGA_b84_115_SNP_N_GenomeWideSNP_6_C02_771474	12	9513861	9633870	57	-0.2323
DUNGS_p_TCGA_b84_115_SNP_N_GenomeWideSNP_6_C02_771474	12	9637909	9707322	20	-1.5508
DUNGS_p_TCGA_b84_115_SNP_N_GenomeWideSNP_6_C02_771474	12	9713674	11219423	1048	-0.237
DUNGS_p_TCGA_b84_115_SNP_N_GenomeWideSNP_6_C02_771474	12	11220724	11256829	14	-0.8498
DUNGS_p_TCGA_b84_115_SNP_N_GenomeWideSNP_6_C02_771474	12	11260275	25593947	9936	-0.2547
DUNGS_p_TCGA_b84_115_SNP_N_GenomeWideSNP_6_C02_771474	12	25594166	27066350	1094	0.1367
DUNGS_p_TCGA_b84_115_SNP_N_GenomeWideSNP_6_C02_771474	12	27067174	29206738	1525	0.4133
DUNGS_p_TCGA_b84_115_SNP_N_GenomeWideSNP_6_C02_771474	12	29207061	29221852	16	0.9015
DUNGS_p_TCGA_b84_115_SNP_N_GenomeWideSNP_6_C02_771474	12	29227752	31898875	1999	0.4109
DUNGS_p_TCGA_b84_115_SNP_N_GenomeWideSNP_6_C02_771474	12	31900550	31906672	9	-0.6052
DUNGS_p_TCGA_b84_115_SNP_N_GenomeWideSNP_6_C02_771474	12	31907274	31909908	4	-3.9379
DUNGS_p_TCGA_b84_115_SNP_N_GenomeWideSNP_6_C02_771474	12	31917220	33301406	1019	0.3887
DUNGS_p_TCGA_b84_115_SNP_N_GenomeWideSNP_6_C02_771474	12	33301426	33307078	25	-0.0633
DUNGS_p_TCGA_b84_115_SNP_N_GenomeWideSNP_6_C02_771474	12	33307374	33390744	49	0.4612
DUNGS_p_TCGA_b84_115_SNP_N_GenomeWideSNP_6_C02_771474	12	33392021	33395418	3	1.3502
DUNGS_p_TCGA_b84_115_SNP_N_GenomeWideSNP_6_C02_771474	12	33399053	33718764	213	0.4083
DUNGS_p_TCGA_b84_115_SNP_N_GenomeWideSNP_6_C02_771474	12	33718783	33723970	13	-0.0313
DUNGS_p_TCGA_b84_115_SNP_N_GenomeWideSNP_6_C02_771474	12	33724238	34113665	242	0.4588
DUNGS_p_TCGA_b84_115_SNP_N_GenomeWideSNP_6_C02_771474	12	34114256	34854498	282	0.247
DUNGS_p_TCGA_b84_115_SNP_N_GenomeWideSNP_6_C02_771474	12	37857751	39968856	968	-0.2105
DUNGS_p_TCGA_b84_115_SNP_N_GenomeWideSNP_6_C02_771474	12	39976987	40188870	84	0.1079
DUNGS_p_TCGA_b84_115_SNP_N_GenomeWideSNP_6_C02_771474	12	40189957	42066543	1415	0.3774
DUNGS_p_TCGA_b84_115_SNP_N_GenomeWideSNP_6_C02_771474	12	42074951	42947979	543	-0.2774
DUNGS_p_TCGA_b84_115_SNP_N_GenomeWideSNP_6_C02_771474	12	42952429	43615881	476	0.4117
DUNGS_p_TCGA_b84_115_SNP_N_GenomeWideSNP_6_C02_771474	12	43616839	43616916	3	-0.6545
DUNGS_p_TCGA_b84_115_SNP_N_GenomeWideSNP_6_C02_771474	12	43617114	43676704	23	0.3718
DUNGS_p_TCGA_b84_115_SNP_N_GenomeWideSNP_6_C02_771474	12	43679144	45899825	1318	-0.2646
DUNGS_p_TCGA_b84_115_SNP_N_GenomeWideSNP_6_C02_771474	12	45904438	45909537	4	-2.0479
DUNGS_p_TCGA_b84_115_SNP_N_GenomeWideSNP_6_C02_771474	12	45913292	76523969	18767	-0.2533
DUNGS_p_TCGA_b84_115_SNP_N_GenomeWideSNP_6_C02_771474	12	76528958	133778189	37830	0.1114
DUNGS_p_TCGA_b84_115_SNP_N_GenomeWideSNP_6_C02_771474	13	19026949	21038154	1099	-0.249
DUNGS_p_TCGA_b84_115_SNP_N_GenomeWideSNP_6_C02_771474	13	21038647	21038932	3	1.122
DUNGS_p_TCGA_b84_115_SNP_N_GenomeWideSNP_6_C02_771474	13	21038945	22963077	1342	-0.2465
DUNGS_p_TCGA_b84_115_SNP_N_GenomeWideSNP_6_C02_771474	13	22967779	22999787	20	1.4557
DUNGS_p_TCGA_b84_115_SNP_N_GenomeWideSNP_6_C02_771474	13	23003236	23629210	436	-0.2446
DUNGS_p_TCGA_b84_115_SNP_N_GenomeWideSNP_6_C02_771474	13	23632678	23633515	12	-1.7704
DUNGS_p_TCGA_b84_115_SNP_N_GenomeWideSNP_6_C02_771474	13	23638195	25035607	1147	-0.2264
DUNGS_p_TCGA_b84_115_SNP_N_GenomeWideSNP_6_C02_771474	13	25039590	25039678	4	0.5846
DUNGS_p_TCGA_b84_115_SNP_N_GenomeWideSNP_6_C02_771474	13	25040031	26866006	1286	-0.2543
DUNGS_p_TCGA_b84_115_SNP_N_GenomeWideSNP_6_C02_771474	13	26868833	27741203	718	0.1685
DUNGS_p_TCGA_b84_115_SNP_N_GenomeWideSNP_6_C02_771474	13	27742853	27753414	7	0.6724
DUNGS_p_TCGA_b84_115_SNP_N_GenomeWideSNP_6_C02_771474	13	27754716	28191895	296	0.1679
DUNGS_p_TCGA_b84_115_SNP_N_GenomeWideSNP_6_C02_771474	13	28192930	28439873	191	-0.2516
DUNGS_p_TCGA_b84_115_SNP_N_GenomeWideSNP_6_C02_771474	13	28443643	30271528	1396	0.1404
DUNGS_p_TCGA_b84_115_SNP_N_GenomeWideSNP_6_C02_771474	13	30275107	30455265	106	1.5492
DUNGS_p_TCGA_b84_115_SNP_N_GenomeWideSNP_6_C02_771474	13	30455345	30563154	114	0.1388
DUNGS_p_TCGA_b84_115_SNP_N_GenomeWideSNP_6_C02_771474	13	30564367	31855833	1036	-0.2729
DUNGS_p_TCGA_b84_115_SNP_N_GenomeWideSNP_6_C02_771474	13	31858332	32164249	191	0.0663
DUNGS_p_TCGA_b84_115_SNP_N_GenomeWideSNP_6_C02_771474	13	32171381	32532121	250	-0.2902
DUNGS_p_TCGA_b84_115_SNP_N_GenomeWideSNP_6_C02_771474	13	32532622	32538423	18	-2.2932
DUNGS_p_TCGA_b84_115_SNP_N_GenomeWideSNP_6_C02_771474	13	32540047	38070370	3906	-0.241
DUNGS_p_TCGA_b84_115_SNP_N_GenomeWideSNP_6_C02_771474	13	38071135	38088387	20	0.3653
DUNGS_p_TCGA_b84_115_SNP_N_GenomeWideSNP_6_C02_771474	13	38088609	51061044	8788	-0.249
DUNGS_p_TCGA_b84_115_SNP_N_GenomeWideSNP_6_C02_771474	13	51069892	51072888	2	0.953
DUNGS_p_TCGA_b84_115_SNP_N_GenomeWideSNP_6_C02_771474	13	51075343	52778254	1051	-0.2266
DUNGS_p_TCGA_b84_115_SNP_N_GenomeWideSNP_6_C02_771474	13	52781171	52782584	2	1.6674
DUNGS_p_TCGA_b84_115_SNP_N_GenomeWideSNP_6_C02_771474	13	52789091	53398824	209	-0.2433
DUNGS_p_TCGA_b84_115_SNP_N_GenomeWideSNP_6_C02_771474	13	53398944	53581640	147	1.4142
DUNGS_p_TCGA_b84_115_SNP_N_GenomeWideSNP_6_C02_771474	13	53584360	53586101	2	0.0913
DUNGS_p_TCGA_b84_115_SNP_N_GenomeWideSNP_6_C02_771474	13	53588286	53710121	86	-0.3152
DUNGS_p_TCGA_b84_115_SNP_N_GenomeWideSNP_6_C02_771474	13	53711303	53712059	3	0.0535
DUNGS_p_TCGA_b84_115_SNP_N_GenomeWideSNP_6_C02_771474	13	53720080	53803943	46	1.547
DUNGS_p_TCGA_b84_115_SNP_N_GenomeWideSNP_6_C02_771474	13	53808977	55019367	799	-0.2462
DUNGS_p_TCGA_b84_115_SNP_N_GenomeWideSNP_6_C02_771474	13	55022195	55095760	59	1.5577
DUNGS_p_TCGA_b84_115_SNP_N_GenomeWideSNP_6_C02_771474	13	55100116	58989327	2046	-0.2324
DUNGS_p_TCGA_b84_115_SNP_N_GenomeWideSNP_6_C02_771474	13	58989899	58994124	2	1.8703
DUNGS_p_TCGA_b84_115_SNP_N_GenomeWideSNP_6_C02_771474	13	58996441	64224205	3153	-0.2552
DUNGS_p_TCGA_b84_115_SNP_N_GenomeWideSNP_6_C02_771474	13	64224792	64236692	9	-2.0474
DUNGS_p_TCGA_b84_115_SNP_N_GenomeWideSNP_6_C02_771474	13	64239563	65109853	522	-0.2377
DUNGS_p_TCGA_b84_115_SNP_N_GenomeWideSNP_6_C02_771474	13	65112430	65400055	191	1.5556
DUNGS_p_TCGA_b84_115_SNP_N_GenomeWideSNP_6_C02_771474	13	65408427	65450876	22	-0.2265
DUNGS_p_TCGA_b84_115_SNP_N_GenomeWideSNP_6_C02_771474	13	65451177	65458882	3	0.7248
DUNGS_p_TCGA_b84_115_SNP_N_GenomeWideSNP_6_C02_771474	13	65460942	69573867	2633	-0.2508
DUNGS_p_TCGA_b84_115_SNP_N_GenomeWideSNP_6_C02_771474	13	69577425	69577619	2	-1.5372
DUNGS_p_TCGA_b84_115_SNP_N_GenomeWideSNP_6_C02_771474	13	69578493	70696501	678	-0.2445
DUNGS_p_TCGA_b84_115_SNP_N_GenomeWideSNP_6_C02_771474	13	70696517	70707721	9	0.2642
DUNGS_p_TCGA_b84_115_SNP_N_GenomeWideSNP_6_C02_771474	13	70714644	70856481	127	-0.2279
DUNGS_p_TCGA_b84_115_SNP_N_GenomeWideSNP_6_C02_771474	13	70859841	70916426	45	1.5319
DUNGS_p_TCGA_b84_115_SNP_N_GenomeWideSNP_6_C02_771474	13	70919818	72476988	962	-0.2491
DUNGS_p_TCGA_b84_115_SNP_N_GenomeWideSNP_6_C02_771474	13	72477555	72480556	4	0.911
DUNGS_p_TCGA_b84_115_SNP_N_GenomeWideSNP_6_C02_771474	13	72480605	84429201	8134	-0.2607
DUNGS_p_TCGA_b84_115_SNP_N_GenomeWideSNP_6_C02_771474	13	84439445	84514812	42	1.4896
DUNGS_p_TCGA_b84_115_SNP_N_GenomeWideSNP_6_C02_771474	13	84515892	95346577	6801	-0.2532
DUNGS_p_TCGA_b84_115_SNP_N_GenomeWideSNP_6_C02_771474	13	95347352	95424327	44	1.4808
DUNGS_p_TCGA_b84_115_SNP_N_GenomeWideSNP_6_C02_771474	13	95427888	102414320	4691	-0.2553
DUNGS_p_TCGA_b84_115_SNP_N_GenomeWideSNP_6_C02_771474	13	102418475	102467350	51	1.4534
DUNGS_p_TCGA_b84_115_SNP_N_GenomeWideSNP_6_C02_771474	13	102474011	102661546	148	-0.26
DUNGS_p_TCGA_b84_115_SNP_N_GenomeWideSNP_6_C02_771474	13	102661605	102661618	2	-1.3447
DUNGS_p_TCGA_b84_115_SNP_N_GenomeWideSNP_6_C02_771474	13	102661740	108819551	5122	-0.2665
DUNGS_p_TCGA_b84_115_SNP_N_GenomeWideSNP_6_C02_771474	13	108827032	108952820	84	1.5156
DUNGS_p_TCGA_b84_115_SNP_N_GenomeWideSNP_6_C02_771474	13	108965059	115108397	4058	-0.2679
DUNGS_p_TCGA_b84_115_SNP_N_GenomeWideSNP_6_C02_771474	14	19002124	19600435	42	0.1671
DUNGS_p_TCGA_b84_115_SNP_N_GenomeWideSNP_6_C02_771474	14	19602674	19846877	22	1.1565
DUNGS_p_TCGA_b84_115_SNP_N_GenomeWideSNP_6_C02_771474	14	19849591	20010913	9	-0.0836
DUNGS_p_TCGA_b84_115_SNP_N_GenomeWideSNP_6_C02_771474	14	20037146	20423372	117	1.4168
DUNGS_p_TCGA_b84_115_SNP_N_GenomeWideSNP_6_C02_771474	14	20424926	20951742	384	0.3757
DUNGS_p_TCGA_b84_115_SNP_N_GenomeWideSNP_6_C02_771474	14	20951825	20959870	13	0.8252
DUNGS_p_TCGA_b84_115_SNP_N_GenomeWideSNP_6_C02_771474	14	20960010	21362036	323	0.3484
DUNGS_p_TCGA_b84_115_SNP_N_GenomeWideSNP_6_C02_771474	14	21363348	21366417	7	0.8737
DUNGS_p_TCGA_b84_115_SNP_N_GenomeWideSNP_6_C02_771474	14	21371774	23919524	1668	0.4373
DUNGS_p_TCGA_b84_115_SNP_N_GenomeWideSNP_6_C02_771474	14	23920464	23932181	5	0.9542
DUNGS_p_TCGA_b84_115_SNP_N_GenomeWideSNP_6_C02_771474	14	23933013	26779399	1975	0.3858
DUNGS_p_TCGA_b84_115_SNP_N_GenomeWideSNP_6_C02_771474	14	26779642	26783913	4	-0.4015
DUNGS_p_TCGA_b84_115_SNP_N_GenomeWideSNP_6_C02_771474	14	26783914	29723729	1691	0.3945
DUNGS_p_TCGA_b84_115_SNP_N_GenomeWideSNP_6_C02_771474	14	29727854	29728354	2	-0.9038
DUNGS_p_TCGA_b84_115_SNP_N_GenomeWideSNP_6_C02_771474	14	29731662	35038045	3563	0.3794
DUNGS_p_TCGA_b84_115_SNP_N_GenomeWideSNP_6_C02_771474	14	35038913	35048684	9	-0.107
DUNGS_p_TCGA_b84_115_SNP_N_GenomeWideSNP_6_C02_771474	14	35058816	41608358	4014	0.3767
DUNGS_p_TCGA_b84_115_SNP_N_GenomeWideSNP_6_C02_771474	14	41610496	41657249	14	-0.1349
DUNGS_p_TCGA_b84_115_SNP_N_GenomeWideSNP_6_C02_771474	14	41657349	89162928	30549	0.3616
DUNGS_p_TCGA_b84_115_SNP_N_GenomeWideSNP_6_C02_771474	14	89163240	89354812	78	0.5885
DUNGS_p_TCGA_b84_115_SNP_N_GenomeWideSNP_6_C02_771474	14	89358322	99274745	7132	0.3502
DUNGS_p_TCGA_b84_115_SNP_N_GenomeWideSNP_6_C02_771474	14	99276470	99280073	4	1.1085
DUNGS_p_TCGA_b84_115_SNP_N_GenomeWideSNP_6_C02_771474	14	99280484	106535295	3589	0.3534
DUNGS_p_TCGA_b84_115_SNP_N_GenomeWideSNP_6_C02_771474	14	106538062	106567100	14	1.2608
DUNGS_p_TCGA_b84_115_SNP_N_GenomeWideSNP_6_C02_771474	14	106569463	106777343	101	0.3956
DUNGS_p_TCGA_b84_115_SNP_N_GenomeWideSNP_6_C02_771474	14	106783044	106802053	8	-0.5876
DUNGS_p_TCGA_b84_115_SNP_N_GenomeWideSNP_6_C02_771474	14	106815943	107285437	308	0.4356
DUNGS_p_TCGA_b84_115_SNP_N_GenomeWideSNP_6_C02_771474	15	20016328	22280477	308	0.1022
DUNGS_p_TCGA_b84_115_SNP_N_GenomeWideSNP_6_C02_771474	15	22284954	22673399	115	0.5549
DUNGS_p_TCGA_b84_115_SNP_N_GenomeWideSNP_6_C02_771474	15	22681076	23123699	273	-0.1649
DUNGS_p_TCGA_b84_115_SNP_N_GenomeWideSNP_6_C02_771474	15	23124889	23487546	45	0.1185
DUNGS_p_TCGA_b84_115_SNP_N_GenomeWideSNP_6_C02_771474	15	23641514	32599802	5556	-0.2542
DUNGS_p_TCGA_b84_115_SNP_N_GenomeWideSNP_6_C02_771474	15	32615301	32915605	44	0.0406
DUNGS_p_TCGA_b84_115_SNP_N_GenomeWideSNP_6_C02_771474	15	32925317	34118396	1094	-0.2453
DUNGS_p_TCGA_b84_115_SNP_N_GenomeWideSNP_6_C02_771474	15	34119138	34120517	4	-1.0317
DUNGS_p_TCGA_b84_115_SNP_N_GenomeWideSNP_6_C02_771474	15	34122414	34727189	392	-0.2604
DUNGS_p_TCGA_b84_115_SNP_N_GenomeWideSNP_6_C02_771474	15	34727622	34813119	58	-0.0252
DUNGS_p_TCGA_b84_115_SNP_N_GenomeWideSNP_6_C02_771474	15	34814360	36257150	985	-0.232
DUNGS_p_TCGA_b84_115_SNP_N_GenomeWideSNP_6_C02_771474	15	36257358	36260238	5	-2.2632
DUNGS_p_TCGA_b84_115_SNP_N_GenomeWideSNP_6_C02_771474	15	36263105	43845503	4711	-0.234
DUNGS_p_TCGA_b84_115_SNP_N_GenomeWideSNP_6_C02_771474	15	43885118	43976418	25	-2.1112
DUNGS_p_TCGA_b84_115_SNP_N_GenomeWideSNP_6_C02_771474	15	43984942	53784888	5940	-0.2427
DUNGS_p_TCGA_b84_115_SNP_N_GenomeWideSNP_6_C02_771474	15	53784991	53785279	6	-1.8757
DUNGS_p_TCGA_b84_115_SNP_N_GenomeWideSNP_6_C02_771474	15	53790247	58213368	3024	-0.2474
DUNGS_p_TCGA_b84_115_SNP_N_GenomeWideSNP_6_C02_771474	15	58213400	58213833	2	-1.5369
DUNGS_p_TCGA_b84_115_SNP_N_GenomeWideSNP_6_C02_771474	15	58214210	65184492	4973	-0.2402
DUNGS_p_TCGA_b84_115_SNP_N_GenomeWideSNP_6_C02_771474	15	65184548	65188424	2	-1.2587
DUNGS_p_TCGA_b84_115_SNP_N_GenomeWideSNP_6_C02_771474	15	65188937	65814102	270	-0.2657
DUNGS_p_TCGA_b84_115_SNP_N_GenomeWideSNP_6_C02_771474	15	65816942	65817524	2	-1.8351
DUNGS_p_TCGA_b84_115_SNP_N_GenomeWideSNP_6_C02_771474	15	65818387	72921255	4564	-0.2418
DUNGS_p_TCGA_b84_115_SNP_N_GenomeWideSNP_6_C02_771474	15	72923333	72923538	2	0.8549
DUNGS_p_TCGA_b84_115_SNP_N_GenomeWideSNP_6_C02_771474	15	72923690	74588380	1015	-0.2402
DUNGS_p_TCGA_b84_115_SNP_N_GenomeWideSNP_6_C02_771474	15	74589277	74592261	3	-1.2102
DUNGS_p_TCGA_b84_115_SNP_N_GenomeWideSNP_6_C02_771474	15	74592583	76891511	971	-0.2416
DUNGS_p_TCGA_b84_115_SNP_N_GenomeWideSNP_6_C02_771474	15	76891627	76892041	7	-2.9681
DUNGS_p_TCGA_b84_115_SNP_N_GenomeWideSNP_6_C02_771474	15	76892193	76895775	13	-1.2484
DUNGS_p_TCGA_b84_115_SNP_N_GenomeWideSNP_6_C02_771474	15	76902179	100727253	16384	-0.2495
DUNGS_p_TCGA_b84_115_SNP_N_GenomeWideSNP_6_C02_771474	15	100727658	100728663	2	1.2065
DUNGS_p_TCGA_b84_115_SNP_N_GenomeWideSNP_6_C02_771474	15	100728690	102400037	1301	-0.2517
DUNGS_p_TCGA_b84_115_SNP_N_GenomeWideSNP_6_C02_771474	15	102405136	102469040	13	0.0456
DUNGS_p_TCGA_b84_115_SNP_N_GenomeWideSNP_6_C02_771474	16	60777	62016	3	0.3485
DUNGS_p_TCGA_b84_115_SNP_N_GenomeWideSNP_6_C02_771474	16	85827	5152862	2200	-0.2264
DUNGS_p_TCGA_b84_115_SNP_N_GenomeWideSNP_6_C02_771474	16	5159480	5227803	38	0.0238
DUNGS_p_TCGA_b84_115_SNP_N_GenomeWideSNP_6_C02_771474	16	5231058	30740142	17322	-0.245
DUNGS_p_TCGA_b84_115_SNP_N_GenomeWideSNP_6_C02_771474	16	30741390	31031069	103	0.0901
DUNGS_p_TCGA_b84_115_SNP_N_GenomeWideSNP_6_C02_771474	16	31034006	32146886	447	-0.2597
DUNGS_p_TCGA_b84_115_SNP_N_GenomeWideSNP_6_C02_771474	16	32158852	32588622	68	0.1207
DUNGS_p_TCGA_b84_115_SNP_N_GenomeWideSNP_6_C02_771474	16	32588901	32588909	5	0.9537
DUNGS_p_TCGA_b84_115_SNP_N_GenomeWideSNP_6_C02_771474	16	32609274	34615633	459	0.0978
DUNGS_p_TCGA_b84_115_SNP_N_GenomeWideSNP_6_C02_771474	16	34615979	34617523	2	1.2803
DUNGS_p_TCGA_b84_115_SNP_N_GenomeWideSNP_6_C02_771474	16	34623189	55796594	6704	0.1291
DUNGS_p_TCGA_b84_115_SNP_N_GenomeWideSNP_6_C02_771474	16	55798222	55829557	19	-0.4201
DUNGS_p_TCGA_b84_115_SNP_N_GenomeWideSNP_6_C02_771474	16	55829590	74397058	11217	0.1261
DUNGS_p_TCGA_b84_115_SNP_N_GenomeWideSNP_6_C02_771474	16	74397987	74407379	6	0.9269
DUNGS_p_TCGA_b84_115_SNP_N_GenomeWideSNP_6_C02_771474	16	74452036	78372440	3216	0.1361
DUNGS_p_TCGA_b84_115_SNP_N_GenomeWideSNP_6_C02_771474	16	78372611	78376711	7	1.1888
DUNGS_p_TCGA_b84_115_SNP_N_GenomeWideSNP_6_C02_771474	16	78376934	78385001	10	0.5024
DUNGS_p_TCGA_b84_115_SNP_N_GenomeWideSNP_6_C02_771474	16	78385437	90287535	10652	0.1352
DUNGS_p_TCGA_b84_115_SNP_N_GenomeWideSNP_6_C02_771474	17	526	1424948	668	0.4459
DUNGS_p_TCGA_b84_115_SNP_N_GenomeWideSNP_6_C02_771474	17	1429418	1429630	2	-1.0054
DUNGS_p_TCGA_b84_115_SNP_N_GenomeWideSNP_6_C02_771474	17	1429687	3206460	980	0.4019
DUNGS_p_TCGA_b84_115_SNP_N_GenomeWideSNP_6_C02_771474	17	3207419	3245166	34	-0.286
DUNGS_p_TCGA_b84_115_SNP_N_GenomeWideSNP_6_C02_771474	17	3247183	4920360	916	0.4336
DUNGS_p_TCGA_b84_115_SNP_N_GenomeWideSNP_6_C02_771474	17	4922128	16654301	7918	-0.2517
DUNGS_p_TCGA_b84_115_SNP_N_GenomeWideSNP_6_C02_771474	17	16657331	16783646	27	0.1077
DUNGS_p_TCGA_b84_115_SNP_N_GenomeWideSNP_6_C02_771474	17	16784287	18319862	907	-0.2507
DUNGS_p_TCGA_b84_115_SNP_N_GenomeWideSNP_6_C02_771474	17	18355392	18464586	28	-1.5736
DUNGS_p_TCGA_b84_115_SNP_N_GenomeWideSNP_6_C02_771474	17	18465221	20392160	831	-0.2378
DUNGS_p_TCGA_b84_115_SNP_N_GenomeWideSNP_6_C02_771474	17	20395887	20413446	3	-1.4669
DUNGS_p_TCGA_b84_115_SNP_N_GenomeWideSNP_6_C02_771474	17	20431180	22235650	719	-0.2421
DUNGS_p_TCGA_b84_115_SNP_N_GenomeWideSNP_6_C02_771474	17	25270411	30412801	2368	0.4023
DUNGS_p_TCGA_b84_115_SNP_N_GenomeWideSNP_6_C02_771474	17	30413657	30497354	39	0.0965
DUNGS_p_TCGA_b84_115_SNP_N_GenomeWideSNP_6_C02_771474	17	30498012	39423153	5555	0.3978
DUNGS_p_TCGA_b84_115_SNP_N_GenomeWideSNP_6_C02_771474	17	39423210	39432840	19	0.889
DUNGS_p_TCGA_b84_115_SNP_N_GenomeWideSNP_6_C02_771474	17	39432944	43574921	2161	0.395
DUNGS_p_TCGA_b84_115_SNP_N_GenomeWideSNP_6_C02_771474	17	43586097	43648504	4	-1.8401
DUNGS_p_TCGA_b84_115_SNP_N_GenomeWideSNP_6_C02_771474	17	43648540	43659426	8	0.4234
DUNGS_p_TCGA_b84_115_SNP_N_GenomeWideSNP_6_C02_771474	17	43664693	43688322	4	-0.9226
DUNGS_p_TCGA_b84_115_SNP_N_GenomeWideSNP_6_C02_771474	17	43693538	44213712	371	0.4018
DUNGS_p_TCGA_b84_115_SNP_N_GenomeWideSNP_6_C02_771474	17	44214166	44428681	95	0.71
DUNGS_p_TCGA_b84_115_SNP_N_GenomeWideSNP_6_C02_771474	17	44429320	44864723	99	1.1203
DUNGS_p_TCGA_b84_115_SNP_N_GenomeWideSNP_6_C02_771474	17	44865603	44879350	13	0.904
DUNGS_p_TCGA_b84_115_SNP_N_GenomeWideSNP_6_C02_771474	17	44880353	44904452	14	0.4231
DUNGS_p_TCGA_b84_115_SNP_N_GenomeWideSNP_6_C02_771474	17	44908313	44938893	20	1.0041
DUNGS_p_TCGA_b84_115_SNP_N_GenomeWideSNP_6_C02_771474	17	44941035	55687489	6913	0.4074
DUNGS_p_TCGA_b84_115_SNP_N_GenomeWideSNP_6_C02_771474	17	55688333	55688993	2	1.6746
DUNGS_p_TCGA_b84_115_SNP_N_GenomeWideSNP_6_C02_771474	17	55691993	74688946	11339	0.4213
DUNGS_p_TCGA_b84_115_SNP_N_GenomeWideSNP_6_C02_771474	17	74694288	74697857	3	-0.6162
DUNGS_p_TCGA_b84_115_SNP_N_GenomeWideSNP_6_C02_771474	17	74701165	80249760	2866	0.4311
DUNGS_p_TCGA_b84_115_SNP_N_GenomeWideSNP_6_C02_771474	17	80252619	81022458	401	0.1387
DUNGS_p_TCGA_b84_115_SNP_N_GenomeWideSNP_6_C02_771474	17	81022774	81049726	9	0.3893
DUNGS_p_TCGA_b84_115_SNP_N_GenomeWideSNP_6_C02_771474	18	11543	417542	247	-0.4003
DUNGS_p_TCGA_b84_115_SNP_N_GenomeWideSNP_6_C02_771474	18	417943	418351	2	0.9414
DUNGS_p_TCGA_b84_115_SNP_N_GenomeWideSNP_6_C02_771474	18	418996	568868	123	-0.379
DUNGS_p_TCGA_b84_115_SNP_N_GenomeWideSNP_6_C02_771474	18	575087	586700	13	0.0934
DUNGS_p_TCGA_b84_115_SNP_N_GenomeWideSNP_6_C02_771474	18	587290	9547829	6554	-0.3878
DUNGS_p_TCGA_b84_115_SNP_N_GenomeWideSNP_6_C02_771474	18	9550569	12201399	1974	0.0188
DUNGS_p_TCGA_b84_115_SNP_N_GenomeWideSNP_6_C02_771474	18	12201600	12226368	7	0.6151
DUNGS_p_TCGA_b84_115_SNP_N_GenomeWideSNP_6_C02_771474	18	12228772	14799690	1368	-0.0029
DUNGS_p_TCGA_b84_115_SNP_N_GenomeWideSNP_6_C02_771474	18	14807770	14814638	4	-1.1306
DUNGS_p_TCGA_b84_115_SNP_N_GenomeWideSNP_6_C02_771474	18	14816209	38672424	12845	0.0252
DUNGS_p_TCGA_b84_115_SNP_N_GenomeWideSNP_6_C02_771474	18	38672478	38672713	2	0.9761
DUNGS_p_TCGA_b84_115_SNP_N_GenomeWideSNP_6_C02_771474	18	38672740	40056902	968	0.0382
DUNGS_p_TCGA_b84_115_SNP_N_GenomeWideSNP_6_C02_771474	18	40056939	40057296	11	0.455
DUNGS_p_TCGA_b84_115_SNP_N_GenomeWideSNP_6_C02_771474	18	40057387	41974818	1132	0.0568
DUNGS_p_TCGA_b84_115_SNP_N_GenomeWideSNP_6_C02_771474	18	41976886	41978625	6	-0.866
DUNGS_p_TCGA_b84_115_SNP_N_GenomeWideSNP_6_C02_771474	18	41982671	51207209	6550	0.0297
DUNGS_p_TCGA_b84_115_SNP_N_GenomeWideSNP_6_C02_771474	18	51207553	51210640	4	-0.748
DUNGS_p_TCGA_b84_115_SNP_N_GenomeWideSNP_6_C02_771474	18	51212148	63906649	8758	0.0171
DUNGS_p_TCGA_b84_115_SNP_N_GenomeWideSNP_6_C02_771474	18	63906849	63910492	10	-0.5798
DUNGS_p_TCGA_b84_115_SNP_N_GenomeWideSNP_6_C02_771474	18	63911361	66746106	2067	0.0324
DUNGS_p_TCGA_b84_115_SNP_N_GenomeWideSNP_6_C02_771474	18	66746244	66753326	37	-0.6087
DUNGS_p_TCGA_b84_115_SNP_N_GenomeWideSNP_6_C02_771474	18	66757696	67482150	596	0.0133
DUNGS_p_TCGA_b84_115_SNP_N_GenomeWideSNP_6_C02_771474	18	67485650	78015057	7588	0.2589
DUNGS_p_TCGA_b84_115_SNP_N_GenomeWideSNP_6_C02_771474	19	90910	5506659	1600	-0.0544
DUNGS_p_TCGA_b84_115_SNP_N_GenomeWideSNP_6_C02_771474	19	5510239	5510700	4	0.8339
DUNGS_p_TCGA_b84_115_SNP_N_GenomeWideSNP_6_C02_771474	19	5513059	11945517	3077	-0.0684
DUNGS_p_TCGA_b84_115_SNP_N_GenomeWideSNP_6_C02_771474	19	11947810	11953561	6	0.6367
DUNGS_p_TCGA_b84_115_SNP_N_GenomeWideSNP_6_C02_771474	19	11953846	12048902	50	-0.0383
DUNGS_p_TCGA_b84_115_SNP_N_GenomeWideSNP_6_C02_771474	19	12052893	17771202	2954	-0.231
DUNGS_p_TCGA_b84_115_SNP_N_GenomeWideSNP_6_C02_771474	19	17773433	19860495	882	-0.7552
DUNGS_p_TCGA_b84_115_SNP_N_GenomeWideSNP_6_C02_771474	19	19861682	19863631	2	-2.8931
DUNGS_p_TCGA_b84_115_SNP_N_GenomeWideSNP_6_C02_771474	19	19869344	21153058	730	-0.6895
DUNGS_p_TCGA_b84_115_SNP_N_GenomeWideSNP_6_C02_771474	19	21153079	21153474	2	-3.0434
DUNGS_p_TCGA_b84_115_SNP_N_GenomeWideSNP_6_C02_771474	19	21154168	22634319	860	-0.7201
DUNGS_p_TCGA_b84_115_SNP_N_GenomeWideSNP_6_C02_771474	19	22634929	22635453	3	-2.3224
DUNGS_p_TCGA_b84_115_SNP_N_GenomeWideSNP_6_C02_771474	19	22639349	24094034	873	-0.7328
DUNGS_p_TCGA_b84_115_SNP_N_GenomeWideSNP_6_C02_771474	19	24100055	24348681	151	-0.1935
DUNGS_p_TCGA_b84_115_SNP_N_GenomeWideSNP_6_C02_771474	19	24348925	24507167	73	-0.5755
DUNGS_p_TCGA_b84_115_SNP_N_GenomeWideSNP_6_C02_771474	19	24507172	31284806	2419	-0.2723
DUNGS_p_TCGA_b84_115_SNP_N_GenomeWideSNP_6_C02_771474	19	31288118	31288540	2	-1.4533
DUNGS_p_TCGA_b84_115_SNP_N_GenomeWideSNP_6_C02_771474	19	31290599	35849322	3150	-0.258
DUNGS_p_TCGA_b84_115_SNP_N_GenomeWideSNP_6_C02_771474	19	35849493	35866786	24	-1.2783
DUNGS_p_TCGA_b84_115_SNP_N_GenomeWideSNP_6_C02_771474	19	35866801	36845875	441	-0.2366
DUNGS_p_TCGA_b84_115_SNP_N_GenomeWideSNP_6_C02_771474	19	36846150	36847498	10	-1.3197
DUNGS_p_TCGA_b84_115_SNP_N_GenomeWideSNP_6_C02_771474	19	36847637	54722275	9430	-0.2376
DUNGS_p_TCGA_b84_115_SNP_N_GenomeWideSNP_6_C02_771474	19	54730202	54741319	17	0.3783
DUNGS_p_TCGA_b84_115_SNP_N_GenomeWideSNP_6_C02_771474	19	54753340	54797848	18	-0.3826
DUNGS_p_TCGA_b84_115_SNP_N_GenomeWideSNP_6_C02_771474	19	54805530	54812675	5	0.5427
DUNGS_p_TCGA_b84_115_SNP_N_GenomeWideSNP_6_C02_771474	19	54814579	56282369	740	-0.2253
DUNGS_p_TCGA_b84_115_SNP_N_GenomeWideSNP_6_C02_771474	19	56282535	56283067	3	0.6788
DUNGS_p_TCGA_b84_115_SNP_N_GenomeWideSNP_6_C02_771474	19	56286293	56473460	189	-0.2478
DUNGS_p_TCGA_b84_115_SNP_N_GenomeWideSNP_6_C02_771474	19	56477588	56478269	4	-0.9213
DUNGS_p_TCGA_b84_115_SNP_N_GenomeWideSNP_6_C02_771474	19	56478667	57470332	655	-0.2514
DUNGS_p_TCGA_b84_115_SNP_N_GenomeWideSNP_6_C02_771474	19	57474120	57474906	2	-1.5434
DUNGS_p_TCGA_b84_115_SNP_N_GenomeWideSNP_6_C02_771474	19	57477271	57655498	150	-0.2709
DUNGS_p_TCGA_b84_115_SNP_N_GenomeWideSNP_6_C02_771474	19	57655813	57661204	3	-1.1668
DUNGS_p_TCGA_b84_115_SNP_N_GenomeWideSNP_6_C02_771474	19	57661659	58955556	802	-0.2226
DUNGS_p_TCGA_b84_115_SNP_N_GenomeWideSNP_6_C02_771474	19	58956315	59097854	45	0.4049
DUNGS_p_TCGA_b84_115_SNP_N_GenomeWideSNP_6_C02_771474	20	61305	1560951	1206	0.4157
DUNGS_p_TCGA_b84_115_SNP_N_GenomeWideSNP_6_C02_771474	20	1560999	1570752	11	2.068
DUNGS_p_TCGA_b84_115_SNP_N_GenomeWideSNP_6_C02_771474	20	1570774	1571103	4	4.3526
DUNGS_p_TCGA_b84_115_SNP_N_GenomeWideSNP_6_C02_771474	20	1571272	1593893	27	2.1481
DUNGS_p_TCGA_b84_115_SNP_N_GenomeWideSNP_6_C02_771474	20	1597946	1619164	29	0.3279
DUNGS_p_TCGA_b84_115_SNP_N_GenomeWideSNP_6_C02_771474	20	1619952	1620147	2	-0.8035
DUNGS_p_TCGA_b84_115_SNP_N_GenomeWideSNP_6_C02_771474	20	1621686	17884636	12812	0.3769
DUNGS_p_TCGA_b84_115_SNP_N_GenomeWideSNP_6_C02_771474	20	17885551	17894137	7	0.8704
DUNGS_p_TCGA_b84_115_SNP_N_GenomeWideSNP_6_C02_771474	20	17894266	23403939	4172	0.3833
DUNGS_p_TCGA_b84_115_SNP_N_GenomeWideSNP_6_C02_771474	20	23412902	23413409	2	1.6024
DUNGS_p_TCGA_b84_115_SNP_N_GenomeWideSNP_6_C02_771474	20	23416705	26305491	1804	0.3769
DUNGS_p_TCGA_b84_115_SNP_N_GenomeWideSNP_6_C02_771474	20	26305579	34356230	2267	0.0972
DUNGS_p_TCGA_b84_115_SNP_N_GenomeWideSNP_6_C02_771474	20	34357672	34378097	5	0.7032
DUNGS_p_TCGA_b84_115_SNP_N_GenomeWideSNP_6_C02_771474	20	34386299	38034463	2131	0.0857
DUNGS_p_TCGA_b84_115_SNP_N_GenomeWideSNP_6_C02_771474	20	38038991	38042046	3	-0.9703
DUNGS_p_TCGA_b84_115_SNP_N_GenomeWideSNP_6_C02_771474	20	38046128	43512939	4029	0.079
DUNGS_p_TCGA_b84_115_SNP_N_GenomeWideSNP_6_C02_771474	20	43516343	43878885	220	0.3625
DUNGS_p_TCGA_b84_115_SNP_N_GenomeWideSNP_6_C02_771474	20	43879847	47265918	2530	0.07
DUNGS_p_TCGA_b84_115_SNP_N_GenomeWideSNP_6_C02_771474	20	47269537	48782534	880	0.3664
DUNGS_p_TCGA_b84_115_SNP_N_GenomeWideSNP_6_C02_771474	20	48791719	48792793	2	-0.6204
DUNGS_p_TCGA_b84_115_SNP_N_GenomeWideSNP_6_C02_771474	20	48794917	48915766	72	0.3669
DUNGS_p_TCGA_b84_115_SNP_N_GenomeWideSNP_6_C02_771474	20	48915780	52442698	2643	0.1016
DUNGS_p_TCGA_b84_115_SNP_N_GenomeWideSNP_6_C02_771474	20	52447156	62915568	7670	0.4203
DUNGS_p_TCGA_b84_115_SNP_N_GenomeWideSNP_6_C02_771474	20	62916068	62956153	6	-0.2912
DUNGS_p_TCGA_b84_115_SNP_N_GenomeWideSNP_6_C02_771474	21	10736871	11002646	73	-0.7985
DUNGS_p_TCGA_b84_115_SNP_N_GenomeWideSNP_6_C02_771474	21	11008141	26077616	8311	-0.2498
DUNGS_p_TCGA_b84_115_SNP_N_GenomeWideSNP_6_C02_771474	21	26077771	26079157	3	-1.4844
DUNGS_p_TCGA_b84_115_SNP_N_GenomeWideSNP_6_C02_771474	21	26081228	28280513	1648	-0.2686
DUNGS_p_TCGA_b84_115_SNP_N_GenomeWideSNP_6_C02_771474	21	28282660	28282852	3	-1.4273
DUNGS_p_TCGA_b84_115_SNP_N_GenomeWideSNP_6_C02_771474	21	28283604	48096957	14395	-0.2456
DUNGS_p_TCGA_b84_115_SNP_N_GenomeWideSNP_6_C02_771474	22	16052528	16683416	96	0.4493
DUNGS_p_TCGA_b84_115_SNP_N_GenomeWideSNP_6_C02_771474	22	16864898	19347928	1440	-0.2031
DUNGS_p_TCGA_b84_115_SNP_N_GenomeWideSNP_6_C02_771474	22	19348158	19348199	2	-2.2574
DUNGS_p_TCGA_b84_115_SNP_N_GenomeWideSNP_6_C02_771474	22	19348926	22752462	2111	-0.1368
DUNGS_p_TCGA_b84_115_SNP_N_GenomeWideSNP_6_C02_771474	22	22752680	22752880	4	0.9322
DUNGS_p_TCGA_b84_115_SNP_N_GenomeWideSNP_6_C02_771474	22	22757321	24265659	925	-0.1674
DUNGS_p_TCGA_b84_115_SNP_N_GenomeWideSNP_6_C02_771474	22	24268103	24270777	7	0.335
DUNGS_p_TCGA_b84_115_SNP_N_GenomeWideSNP_6_C02_771474	22	24271123	24330218	33	-0.5575
DUNGS_p_TCGA_b84_115_SNP_N_GenomeWideSNP_6_C02_771474	22	24330269	24332625	3	-2.5464
DUNGS_p_TCGA_b84_115_SNP_N_GenomeWideSNP_6_C02_771474	22	24332933	24344422	4	-0.22
DUNGS_p_TCGA_b84_115_SNP_N_GenomeWideSNP_6_C02_771474	22	24350529	24396814	19	0.7483
DUNGS_p_TCGA_b84_115_SNP_N_GenomeWideSNP_6_C02_771474	22	24401529	24482547	66	-0.1732
DUNGS_p_TCGA_b84_115_SNP_N_GenomeWideSNP_6_C02_771474	22	24482947	24508442	21	-0.6985
DUNGS_p_TCGA_b84_115_SNP_N_GenomeWideSNP_6_C02_771474	22	24512521	25661698	735	-0.19
DUNGS_p_TCGA_b84_115_SNP_N_GenomeWideSNP_6_C02_771474	22	25663985	25736345	53	0.3221
DUNGS_p_TCGA_b84_115_SNP_N_GenomeWideSNP_6_C02_771474	22	25736672	25746042	10	1.0071
DUNGS_p_TCGA_b84_115_SNP_N_GenomeWideSNP_6_C02_771474	22	25747590	25922342	232	0.3798
DUNGS_p_TCGA_b84_115_SNP_N_GenomeWideSNP_6_C02_771474	22	25922347	29868855	3235	-0.196
DUNGS_p_TCGA_b84_115_SNP_N_GenomeWideSNP_6_C02_771474	22	29869190	29881701	6	0.7992
DUNGS_p_TCGA_b84_115_SNP_N_GenomeWideSNP_6_C02_771474	22	29881717	34174947	2923	-0.1992
DUNGS_p_TCGA_b84_115_SNP_N_GenomeWideSNP_6_C02_771474	22	34174962	34174985	3	-1.2038
DUNGS_p_TCGA_b84_115_SNP_N_GenomeWideSNP_6_C02_771474	22	34181422	38500382	3130	-0.1861
DUNGS_p_TCGA_b84_115_SNP_N_GenomeWideSNP_6_C02_771474	22	38506688	38544133	29	0.1187
DUNGS_p_TCGA_b84_115_SNP_N_GenomeWideSNP_6_C02_771474	22	38544298	40559101	1024	-0.1855
DUNGS_p_TCGA_b84_115_SNP_N_GenomeWideSNP_6_C02_771474	22	40560029	51234455	7472	0.1359
DUNGS_p_TCGA_b84_115_SNP_N_GenomeWideSNP_6_C02_771474	X	168477	2703955	98	0.1115
DUNGS_p_TCGA_b84_115_SNP_N_GenomeWideSNP_6_C02_771474	X	2706944	5579812	2157	-0.3693
DUNGS_p_TCGA_b84_115_SNP_N_GenomeWideSNP_6_C02_771474	X	5580150	5581313	3	-2.1523
DUNGS_p_TCGA_b84_115_SNP_N_GenomeWideSNP_6_C02_771474	X	5584873	7879127	1776	-0.403
DUNGS_p_TCGA_b84_115_SNP_N_GenomeWideSNP_6_C02_771474	X	7879691	7881160	3	-3.0726
DUNGS_p_TCGA_b84_115_SNP_N_GenomeWideSNP_6_C02_771474	X	7882560	15727240	5691	-0.4441
DUNGS_p_TCGA_b84_115_SNP_N_GenomeWideSNP_6_C02_771474	X	15727977	15731340	3	-2.1978
DUNGS_p_TCGA_b84_115_SNP_N_GenomeWideSNP_6_C02_771474	X	15734885	34121937	11691	-0.4399
DUNGS_p_TCGA_b84_115_SNP_N_GenomeWideSNP_6_C02_771474	X	34121971	34122138	8	0.5574
DUNGS_p_TCGA_b84_115_SNP_N_GenomeWideSNP_6_C02_771474	X	34127561	43833438	5638	-0.4331
DUNGS_p_TCGA_b84_115_SNP_N_GenomeWideSNP_6_C02_771474	X	43838993	44649140	458	0.2063
DUNGS_p_TCGA_b84_115_SNP_N_GenomeWideSNP_6_C02_771474	X	44654955	45509626	391	0.6337
DUNGS_p_TCGA_b84_115_SNP_N_GenomeWideSNP_6_C02_771474	X	45511485	46226880	399	0.1951
DUNGS_p_TCGA_b84_115_SNP_N_GenomeWideSNP_6_C02_771474	X	46230416	47458652	605	-0.4401
DUNGS_p_TCGA_b84_115_SNP_N_GenomeWideSNP_6_C02_771474	X	47463162	47966274	321	0.2324
DUNGS_p_TCGA_b84_115_SNP_N_GenomeWideSNP_6_C02_771474	X	47969933	47980874	9	0.811
DUNGS_p_TCGA_b84_115_SNP_N_GenomeWideSNP_6_C02_771474	X	47988177	49372144	493	0.2789
DUNGS_p_TCGA_b84_115_SNP_N_GenomeWideSNP_6_C02_771474	X	49372409	50053135	302	-0.4445
DUNGS_p_TCGA_b84_115_SNP_N_GenomeWideSNP_6_C02_771474	X	50054170	50056322	2	-2.9257
DUNGS_p_TCGA_b84_115_SNP_N_GenomeWideSNP_6_C02_771474	X	50061731	50610333	323	-0.4586
DUNGS_p_TCGA_b84_115_SNP_N_GenomeWideSNP_6_C02_771474	X	50612513	50621496	12	0.2055
DUNGS_p_TCGA_b84_115_SNP_N_GenomeWideSNP_6_C02_771474	X	50621580	50624428	6	-0.4728
DUNGS_p_TCGA_b84_115_SNP_N_GenomeWideSNP_6_C02_771474	X	50629060	51743053	572	0.2029
DUNGS_p_TCGA_b84_115_SNP_N_GenomeWideSNP_6_C02_771474	X	51743731	51745018	2	1.3561
DUNGS_p_TCGA_b84_115_SNP_N_GenomeWideSNP_6_C02_771474	X	51748332	53782933	567	0.2399
DUNGS_p_TCGA_b84_115_SNP_N_GenomeWideSNP_6_C02_771474	X	53784003	53784780	2	-0.8664
DUNGS_p_TCGA_b84_115_SNP_N_GenomeWideSNP_6_C02_771474	X	53787825	55701259	817	0.2204
DUNGS_p_TCGA_b84_115_SNP_N_GenomeWideSNP_6_C02_771474	X	55702659	55707686	4	1.3628
DUNGS_p_TCGA_b84_115_SNP_N_GenomeWideSNP_6_C02_771474	X	55714337	56405278	352	0.2531
DUNGS_p_TCGA_b84_115_SNP_N_GenomeWideSNP_6_C02_771474	X	56405337	56417978	6	1.0716
DUNGS_p_TCGA_b84_115_SNP_N_GenomeWideSNP_6_C02_771474	X	56418575	56639240	113	0.277
DUNGS_p_TCGA_b84_115_SNP_N_GenomeWideSNP_6_C02_771474	X	56639365	56642513	4	1.0587
DUNGS_p_TCGA_b84_115_SNP_N_GenomeWideSNP_6_C02_771474	X	56644707	56951618	201	0.2641
DUNGS_p_TCGA_b84_115_SNP_N_GenomeWideSNP_6_C02_771474	X	56951643	56955601	22	0.6516
DUNGS_p_TCGA_b84_115_SNP_N_GenomeWideSNP_6_C02_771474	X	56955840	82885666	10224	0.2392
DUNGS_p_TCGA_b84_115_SNP_N_GenomeWideSNP_6_C02_771474	X	82885953	83020635	64	0.4792
DUNGS_p_TCGA_b84_115_SNP_N_GenomeWideSNP_6_C02_771474	X	83027922	87488227	2856	0.2443
DUNGS_p_TCGA_b84_115_SNP_N_GenomeWideSNP_6_C02_771474	X	87488249	87488573	2	1.4543
DUNGS_p_TCGA_b84_115_SNP_N_GenomeWideSNP_6_C02_771474	X	87492218	87746643	187	0.2453
DUNGS_p_TCGA_b84_115_SNP_N_GenomeWideSNP_6_C02_771474	X	87746768	87748677	4	-1.0071
DUNGS_p_TCGA_b84_115_SNP_N_GenomeWideSNP_6_C02_771474	X	87750435	96241582	4318	0.2593
DUNGS_p_TCGA_b84_115_SNP_N_GenomeWideSNP_6_C02_771474	X	96244686	96244712	2	1.4815
DUNGS_p_TCGA_b84_115_SNP_N_GenomeWideSNP_6_C02_771474	X	96245406	105360943	4830	0.2255
DUNGS_p_TCGA_b84_115_SNP_N_GenomeWideSNP_6_C02_771474	X	105366575	105366620	2	-1.2587
DUNGS_p_TCGA_b84_115_SNP_N_GenomeWideSNP_6_C02_771474	X	105367287	107888786	1229	0.2417
DUNGS_p_TCGA_b84_115_SNP_N_GenomeWideSNP_6_C02_771474	X	107889097	107910855	12	0.7731
DUNGS_p_TCGA_b84_115_SNP_N_GenomeWideSNP_6_C02_771474	X	107912815	115137955	4071	0.2311
DUNGS_p_TCGA_b84_115_SNP_N_GenomeWideSNP_6_C02_771474	X	115138403	115150638	6	-0.7477
DUNGS_p_TCGA_b84_115_SNP_N_GenomeWideSNP_6_C02_771474	X	115156419	115166649	6	0.4892
DUNGS_p_TCGA_b84_115_SNP_N_GenomeWideSNP_6_C02_771474	X	115166963	115187544	11	0.2209
DUNGS_p_TCGA_b84_115_SNP_N_GenomeWideSNP_6_C02_771474	X	115189678	115195615	3	1.0339
DUNGS_p_TCGA_b84_115_SNP_N_GenomeWideSNP_6_C02_771474	X	115206378	115776664	388	0.2079
DUNGS_p_TCGA_b84_115_SNP_N_GenomeWideSNP_6_C02_771474	X	115777486	115816199	19	0.6411
DUNGS_p_TCGA_b84_115_SNP_N_GenomeWideSNP_6_C02_771474	X	115817285	116219154	274	0.2563
DUNGS_p_TCGA_b84_115_SNP_N_GenomeWideSNP_6_C02_771474	X	116222263	116222414	2	-1.1694
DUNGS_p_TCGA_b84_115_SNP_N_GenomeWideSNP_6_C02_771474	X	116222440	128089605	7046	0.2429
DUNGS_p_TCGA_b84_115_SNP_N_GenomeWideSNP_6_C02_771474	X	128090043	128091653	2	-1.2794
DUNGS_p_TCGA_b84_115_SNP_N_GenomeWideSNP_6_C02_771474	X	128092193	134753919	3518	0.2368
DUNGS_p_TCGA_b84_115_SNP_N_GenomeWideSNP_6_C02_771474	X	134757482	134802306	31	1.2244
DUNGS_p_TCGA_b84_115_SNP_N_GenomeWideSNP_6_C02_771474	X	134807391	145830727	7148	0.2325
DUNGS_p_TCGA_b84_115_SNP_N_GenomeWideSNP_6_C02_771474	X	145830877	145830891	2	-5.9805
DUNGS_p_TCGA_b84_115_SNP_N_GenomeWideSNP_6_C02_771474	X	145831331	146119443	187	0.207
DUNGS_p_TCGA_b84_115_SNP_N_GenomeWideSNP_6_C02_771474	X	146120035	146136956	11	0.6871
DUNGS_p_TCGA_b84_115_SNP_N_GenomeWideSNP_6_C02_771474	X	146137158	146181567	46	0.2265
DUNGS_p_TCGA_b84_115_SNP_N_GenomeWideSNP_6_C02_771474	X	146181639	146181701	2	1.4903
DUNGS_p_TCGA_b84_115_SNP_N_GenomeWideSNP_6_C02_771474	X	146182037	146847205	529	0.2137
DUNGS_p_TCGA_b84_115_SNP_N_GenomeWideSNP_6_C02_771474	X	146847228	146847999	6	0.9703
DUNGS_p_TCGA_b84_115_SNP_N_GenomeWideSNP_6_C02_771474	X	146848063	150292898	2138	0.2411
DUNGS_p_TCGA_b84_115_SNP_N_GenomeWideSNP_6_C02_771474	X	150293934	150295459	2	-1.0533
DUNGS_p_TCGA_b84_115_SNP_N_GenomeWideSNP_6_C02_771474	X	150296555	152064399	1127	0.2491
DUNGS_p_TCGA_b84_115_SNP_N_GenomeWideSNP_6_C02_771474	X	152068945	152084404	9	1.0068
DUNGS_p_TCGA_b84_115_SNP_N_GenomeWideSNP_6_C02_771474	X	152085043	153566731	680	0.27
DUNGS_p_TCGA_b84_115_SNP_N_GenomeWideSNP_6_C02_771474	X	153567425	153610726	54	0.5798
DUNGS_p_TCGA_b84_115_SNP_N_GenomeWideSNP_6_C02_771474	X	153610907	154929498	545	0.3127
DUNGS_p_TCGA_b84_115_SNP_N_GenomeWideSNP_6_C02_771474	X	154964055	155182354	18	1.007
DUNGS_p_TCGA_b84_115_SNP_N_GenomeWideSNP_6_C02_771474	Y	2650438	2751783	62	-2.1506
DUNGS_p_TCGA_b84_115_SNP_N_GenomeWideSNP_6_C02_771474	Y	2752290	4236680	365	-1.8061
DUNGS_p_TCGA_b84_115_SNP_N_GenomeWideSNP_6_C02_771474	Y	4243201	4280612	8	-2.8698
DUNGS_p_TCGA_b84_115_SNP_N_GenomeWideSNP_6_C02_771474	Y	4283801	5944602	370	-1.8387
DUNGS_p_TCGA_b84_115_SNP_N_GenomeWideSNP_6_C02_771474	Y	5944603	6165783	98	-2.1464
DUNGS_p_TCGA_b84_115_SNP_N_GenomeWideSNP_6_C02_771474	Y	6172294	6296423	54	-2.6141
DUNGS_p_TCGA_b84_115_SNP_N_GenomeWideSNP_6_C02_771474	Y	6299046	8611794	1277	-2.0794
DUNGS_p_TCGA_b84_115_SNP_N_GenomeWideSNP_6_C02_771474	Y	8615140	8628728	6	-0.7959
DUNGS_p_TCGA_b84_115_SNP_N_GenomeWideSNP_6_C02_771474	Y	8630731	9823373	406	-2.2268
DUNGS_p_TCGA_b84_115_SNP_N_GenomeWideSNP_6_C02_771474	Y	9826040	9966228	75	-1.8812
DUNGS_p_TCGA_b84_115_SNP_N_GenomeWideSNP_6_C02_771474	Y	9988268	10004911	8	-0.8965
DUNGS_p_TCGA_b84_115_SNP_N_GenomeWideSNP_6_C02_771474	Y	10010115	18271243	2288	-2.0786
DUNGS_p_TCGA_b84_115_SNP_N_GenomeWideSNP_6_C02_771474	Y	18274055	18546542	103	-2.411
DUNGS_p_TCGA_b84_115_SNP_N_GenomeWideSNP_6_C02_771474	Y	18547135	19179335	347	-2.0296
DUNGS_p_TCGA_b84_115_SNP_N_GenomeWideSNP_6_C02_771474	Y	19179463	19179540	2	-4.6054
DUNGS_p_TCGA_b84_115_SNP_N_GenomeWideSNP_6_C02_771474	Y	19182271	19570632	194	-2.1011
DUNGS_p_TCGA_b84_115_SNP_N_GenomeWideSNP_6_C02_771474	Y	19571480	20879137	597	-2.3441
DUNGS_p_TCGA_b84_115_SNP_N_GenomeWideSNP_6_C02_771474	Y	20879532	21025062	77	-2.6784
DUNGS_p_TCGA_b84_115_SNP_N_GenomeWideSNP_6_C02_771474	Y	21028957	24497967	1269	-2.1104
DUNGS_p_TCGA_b84_115_SNP_N_GenomeWideSNP_6_C02_771474	Y	24498850	25930795	211	-2.3895
DUNGS_p_TCGA_b84_115_SNP_N_GenomeWideSNP_6_C02_771474	Y	25930945	25965334	14	-1.5522
DUNGS_p_TCGA_b84_115_SNP_N_GenomeWideSNP_6_C02_771474	Y	25967790	26053877	36	-2.8059
DUNGS_p_TCGA_b84_115_SNP_N_GenomeWideSNP_6_C02_771474	Y	26054088	26598702	153	-2.2935
DUNGS_p_TCGA_b84_115_SNP_N_GenomeWideSNP_6_C02_771474	Y	26604818	27240184	83	-2.6357
DUNGS_p_TCGA_b84_115_SNP_N_GenomeWideSNP_6_C02_771474	Y	27254679	27720551	98	-2.0657
DUNGS_p_TCGA_b84_115_SNP_N_GenomeWideSNP_6_C02_771474	Y	27721084	28180322	176	-2.417
DUNGS_p_TCGA_b84_115_SNP_N_GenomeWideSNP_6_C02_771474	Y	28180757	28225951	10	-3.3318
DUNGS_p_TCGA_b84_115_SNP_N_GenomeWideSNP_6_C02_771474	Y	28231857	28423938	65	-2.4597
DUNGS_p_TCGA_b84_115_SNP_N_GenomeWideSNP_6_C02_771474	Y	28438116	59018259	183	-2.0277
