Sample	Chromosome	Start	End	Num_Probes	Segment_Mean
DUNGS_p_TCGA_b84_115_SNP_N_GenomeWideSNP_6_B07_771566	1	51598	88465	17	-0.6151
DUNGS_p_TCGA_b84_115_SNP_N_GenomeWideSNP_6_B07_771566	1	218569	4693440	1767	0.0257
DUNGS_p_TCGA_b84_115_SNP_N_GenomeWideSNP_6_B07_771566	1	4693974	4697881	4	-0.818
DUNGS_p_TCGA_b84_115_SNP_N_GenomeWideSNP_6_B07_771566	1	4699026	12814896	4776	0.0221
DUNGS_p_TCGA_b84_115_SNP_N_GenomeWideSNP_6_B07_771566	1	12815095	12847183	7	0.7808
DUNGS_p_TCGA_b84_115_SNP_N_GenomeWideSNP_6_B07_771566	1	12849694	16022502	1853	0.016
DUNGS_p_TCGA_b84_115_SNP_N_GenomeWideSNP_6_B07_771566	1	16026084	16026788	7	-0.686
DUNGS_p_TCGA_b84_115_SNP_N_GenomeWideSNP_6_B07_771566	1	16026826	25050918	5452	0.0156
DUNGS_p_TCGA_b84_115_SNP_N_GenomeWideSNP_6_B07_771566	1	25052966	25053832	3	-1.2766
DUNGS_p_TCGA_b84_115_SNP_N_GenomeWideSNP_6_B07_771566	1	25056738	25455928	292	0.0141
DUNGS_p_TCGA_b84_115_SNP_N_GenomeWideSNP_6_B07_771566	1	25465715	25519573	28	-1.9335
DUNGS_p_TCGA_b84_115_SNP_N_GenomeWideSNP_6_B07_771566	1	25534088	37401328	6312	0.0251
DUNGS_p_TCGA_b84_115_SNP_N_GenomeWideSNP_6_B07_771566	1	37401399	37405423	2	-1.342
DUNGS_p_TCGA_b84_115_SNP_N_GenomeWideSNP_6_B07_771566	1	37408091	72535958	22482	0.0197
DUNGS_p_TCGA_b84_115_SNP_N_GenomeWideSNP_6_B07_771566	1	72541006	72583721	47	-1.3039
DUNGS_p_TCGA_b84_115_SNP_N_GenomeWideSNP_6_B07_771566	1	72583736	74258583	1031	0.0186
DUNGS_p_TCGA_b84_115_SNP_N_GenomeWideSNP_6_B07_771566	1	74259923	74289658	6	-0.5509
DUNGS_p_TCGA_b84_115_SNP_N_GenomeWideSNP_6_B07_771566	1	74293362	75823432	897	0.0156
DUNGS_p_TCGA_b84_115_SNP_N_GenomeWideSNP_6_B07_771566	1	75827351	75827442	2	-1.6383
DUNGS_p_TCGA_b84_115_SNP_N_GenomeWideSNP_6_B07_771566	1	75832097	80890759	3314	0.0277
DUNGS_p_TCGA_b84_115_SNP_N_GenomeWideSNP_6_B07_771566	1	80896592	80903866	3	-0.8097
DUNGS_p_TCGA_b84_115_SNP_N_GenomeWideSNP_6_B07_771566	1	80904294	81660183	540	0.0134
DUNGS_p_TCGA_b84_115_SNP_N_GenomeWideSNP_6_B07_771566	1	81661044	81661190	2	1.2094
DUNGS_p_TCGA_b84_115_SNP_N_GenomeWideSNP_6_B07_771566	1	81661193	81661312	5	-1.0941
DUNGS_p_TCGA_b84_115_SNP_N_GenomeWideSNP_6_B07_771566	1	81661456	83132948	1054	0.0127
DUNGS_p_TCGA_b84_115_SNP_N_GenomeWideSNP_6_B07_771566	1	83133484	83134160	2	3.4458
DUNGS_p_TCGA_b84_115_SNP_N_GenomeWideSNP_6_B07_771566	1	83134271	103900175	13229	0.0199
DUNGS_p_TCGA_b84_115_SNP_N_GenomeWideSNP_6_B07_771566	1	103901443	103957254	24	0.4399
DUNGS_p_TCGA_b84_115_SNP_N_GenomeWideSNP_6_B07_771566	1	103957325	103960907	7	0.0216
DUNGS_p_TCGA_b84_115_SNP_N_GenomeWideSNP_6_B07_771566	1	103965022	104060967	23	-0.4966
DUNGS_p_TCGA_b84_115_SNP_N_GenomeWideSNP_6_B07_771566	1	104061555	105814899	924	0.0307
DUNGS_p_TCGA_b84_115_SNP_N_GenomeWideSNP_6_B07_771566	1	105820728	105823898	17	0.5081
DUNGS_p_TCGA_b84_115_SNP_N_GenomeWideSNP_6_B07_771566	1	105825578	112491771	4647	0.0197
DUNGS_p_TCGA_b84_115_SNP_N_GenomeWideSNP_6_B07_771566	1	112491849	112498913	26	-0.4438
DUNGS_p_TCGA_b84_115_SNP_N_GenomeWideSNP_6_B07_771566	1	112507479	147509287	6499	0.0181
DUNGS_p_TCGA_b84_115_SNP_N_GenomeWideSNP_6_B07_771566	1	147509349	147521544	21	0.6809
DUNGS_p_TCGA_b84_115_SNP_N_GenomeWideSNP_6_B07_771566	1	147523315	150821800	1529	0.0224
DUNGS_p_TCGA_b84_115_SNP_N_GenomeWideSNP_6_B07_771566	1	150822151	150853218	36	0.9629
DUNGS_p_TCGA_b84_115_SNP_N_GenomeWideSNP_6_B07_771566	1	150857118	151023398	168	-0.0079
DUNGS_p_TCGA_b84_115_SNP_N_GenomeWideSNP_6_B07_771566	1	151023430	151035324	40	0.405
DUNGS_p_TCGA_b84_115_SNP_N_GenomeWideSNP_6_B07_771566	1	151040529	157133197	3626	0.0141
DUNGS_p_TCGA_b84_115_SNP_N_GenomeWideSNP_6_B07_771566	1	157135125	157136383	2	-1.2703
DUNGS_p_TCGA_b84_115_SNP_N_GenomeWideSNP_6_B07_771566	1	157141442	163880045	4986	0.0124
DUNGS_p_TCGA_b84_115_SNP_N_GenomeWideSNP_6_B07_771566	1	163883505	163884596	3	-0.855
DUNGS_p_TCGA_b84_115_SNP_N_GenomeWideSNP_6_B07_771566	1	163886336	164101768	143	-0.002
DUNGS_p_TCGA_b84_115_SNP_N_GenomeWideSNP_6_B07_771566	1	164101818	164102314	5	0.7418
DUNGS_p_TCGA_b84_115_SNP_N_GenomeWideSNP_6_B07_771566	1	164104602	173062889	6122	0.0288
DUNGS_p_TCGA_b84_115_SNP_N_GenomeWideSNP_6_B07_771566	1	173063028	173068463	17	-0.738
DUNGS_p_TCGA_b84_115_SNP_N_GenomeWideSNP_6_B07_771566	1	173068477	194976383	14671	0.0173
DUNGS_p_TCGA_b84_115_SNP_N_GenomeWideSNP_6_B07_771566	1	194977690	195068473	94	0.3645
DUNGS_p_TCGA_b84_115_SNP_N_GenomeWideSNP_6_B07_771566	1	195068610	243703033	33769	0.0179
DUNGS_p_TCGA_b84_115_SNP_N_GenomeWideSNP_6_B07_771566	1	243703662	243713527	11	-0.9097
DUNGS_p_TCGA_b84_115_SNP_N_GenomeWideSNP_6_B07_771566	1	243716274	247191011	2211	0.0146
DUNGS_p_TCGA_b84_115_SNP_N_GenomeWideSNP_6_B07_771566	2	2784	4183562	2991	0.015
DUNGS_p_TCGA_b84_115_SNP_N_GenomeWideSNP_6_B07_771566	2	4191739	4201042	36	-1.9899
DUNGS_p_TCGA_b84_115_SNP_N_GenomeWideSNP_6_B07_771566	2	4201387	4201894	6	-0.9348
DUNGS_p_TCGA_b84_115_SNP_N_GenomeWideSNP_6_B07_771566	2	4207937	6652095	2097	0.0147
DUNGS_p_TCGA_b84_115_SNP_N_GenomeWideSNP_6_B07_771566	2	6652700	6653563	3	-0.9234
DUNGS_p_TCGA_b84_115_SNP_N_GenomeWideSNP_6_B07_771566	2	6655887	13247664	4965	0.0093
DUNGS_p_TCGA_b84_115_SNP_N_GenomeWideSNP_6_B07_771566	2	13248201	13248299	2	-1.3881
DUNGS_p_TCGA_b84_115_SNP_N_GenomeWideSNP_6_B07_771566	2	13255617	34554898	14038	0.0114
DUNGS_p_TCGA_b84_115_SNP_N_GenomeWideSNP_6_B07_771566	2	34555087	34581371	42	-0.5124
DUNGS_p_TCGA_b84_115_SNP_N_GenomeWideSNP_6_B07_771566	2	34590017	52608385	13065	0.0216
DUNGS_p_TCGA_b84_115_SNP_N_GenomeWideSNP_6_B07_771566	2	52612257	52635046	33	0.6882
DUNGS_p_TCGA_b84_115_SNP_N_GenomeWideSNP_6_B07_771566	2	52641453	106246527	29706	0.0157
DUNGS_p_TCGA_b84_115_SNP_N_GenomeWideSNP_6_B07_771566	2	106247145	106251789	11	-2.1651
DUNGS_p_TCGA_b84_115_SNP_N_GenomeWideSNP_6_B07_771566	2	106253687	129354548	13468	0.015
DUNGS_p_TCGA_b84_115_SNP_N_GenomeWideSNP_6_B07_771566	2	129354948	129356799	16	-0.5564
DUNGS_p_TCGA_b84_115_SNP_N_GenomeWideSNP_6_B07_771566	2	129362918	146578555	10492	0.0164
DUNGS_p_TCGA_b84_115_SNP_N_GenomeWideSNP_6_B07_771566	2	146580874	146582863	18	-0.5052
DUNGS_p_TCGA_b84_115_SNP_N_GenomeWideSNP_6_B07_771566	2	146582910	159369731	7637	0.0173
DUNGS_p_TCGA_b84_115_SNP_N_GenomeWideSNP_6_B07_771566	2	159370768	159371044	2	-2.2832
DUNGS_p_TCGA_b84_115_SNP_N_GenomeWideSNP_6_B07_771566	2	159372949	212889567	32456	0.0131
DUNGS_p_TCGA_b84_115_SNP_N_GenomeWideSNP_6_B07_771566	2	212894794	212900070	25	-0.8696
DUNGS_p_TCGA_b84_115_SNP_N_GenomeWideSNP_6_B07_771566	2	212900371	237468105	16005	0.0128
DUNGS_p_TCGA_b84_115_SNP_N_GenomeWideSNP_6_B07_771566	2	237468272	237468721	5	-0.7713
DUNGS_p_TCGA_b84_115_SNP_N_GenomeWideSNP_6_B07_771566	2	237468831	242738129	3084	0.0323
DUNGS_p_TCGA_b84_115_SNP_N_GenomeWideSNP_6_B07_771566	3	35345	22059564	16680	0.0204
DUNGS_p_TCGA_b84_115_SNP_N_GenomeWideSNP_6_B07_771566	3	22059614	22059844	2	-1.3252
DUNGS_p_TCGA_b84_115_SNP_N_GenomeWideSNP_6_B07_771566	3	22060061	99382109	46613	0.0161
DUNGS_p_TCGA_b84_115_SNP_N_GenomeWideSNP_6_B07_771566	3	99391360	99397507	4	-1.6167
DUNGS_p_TCGA_b84_115_SNP_N_GenomeWideSNP_6_B07_771566	3	99398638	100427288	600	0.0104
DUNGS_p_TCGA_b84_115_SNP_N_GenomeWideSNP_6_B07_771566	3	100427309	100431991	30	-0.5848
DUNGS_p_TCGA_b84_115_SNP_N_GenomeWideSNP_6_B07_771566	3	100431998	131268976	18773	0.0173
DUNGS_p_TCGA_b84_115_SNP_N_GenomeWideSNP_6_B07_771566	3	131269064	131288926	44	0.5188
DUNGS_p_TCGA_b84_115_SNP_N_GenomeWideSNP_6_B07_771566	3	131289614	132474804	695	0.0143
DUNGS_p_TCGA_b84_115_SNP_N_GenomeWideSNP_6_B07_771566	3	132474953	132477772	2	-1.1411
DUNGS_p_TCGA_b84_115_SNP_N_GenomeWideSNP_6_B07_771566	3	132479373	143373939	6789	0.0155
DUNGS_p_TCGA_b84_115_SNP_N_GenomeWideSNP_6_B07_771566	3	143379354	143379374	2	-1.2932
DUNGS_p_TCGA_b84_115_SNP_N_GenomeWideSNP_6_B07_771566	3	143380086	163999007	12829	0.0199
DUNGS_p_TCGA_b84_115_SNP_N_GenomeWideSNP_6_B07_771566	3	164001275	164046749	23	-0.5326
DUNGS_p_TCGA_b84_115_SNP_N_GenomeWideSNP_6_B07_771566	3	164050365	164197211	111	-0.0251
DUNGS_p_TCGA_b84_115_SNP_N_GenomeWideSNP_6_B07_771566	3	164200421	164202256	2	-2.7882
DUNGS_p_TCGA_b84_115_SNP_N_GenomeWideSNP_6_B07_771566	3	164208853	194360656	19138	0.0118
DUNGS_p_TCGA_b84_115_SNP_N_GenomeWideSNP_6_B07_771566	3	194360739	194361700	5	1.1125
DUNGS_p_TCGA_b84_115_SNP_N_GenomeWideSNP_6_B07_771566	3	194363167	196122605	1175	0.016
DUNGS_p_TCGA_b84_115_SNP_N_GenomeWideSNP_6_B07_771566	3	196122635	196123134	4	-1.098
DUNGS_p_TCGA_b84_115_SNP_N_GenomeWideSNP_6_B07_771566	3	196123769	198694948	1216	0.013
DUNGS_p_TCGA_b84_115_SNP_N_GenomeWideSNP_6_B07_771566	3	198695066	198695532	2	-1.4023
DUNGS_p_TCGA_b84_115_SNP_N_GenomeWideSNP_6_B07_771566	3	198696497	199380515	324	0.0037
DUNGS_p_TCGA_b84_115_SNP_N_GenomeWideSNP_6_B07_771566	4	2281	5282169	2566	0.0149
DUNGS_p_TCGA_b84_115_SNP_N_GenomeWideSNP_6_B07_771566	4	5283649	5288155	3	-1.1225
DUNGS_p_TCGA_b84_115_SNP_N_GenomeWideSNP_6_B07_771566	4	5288410	9832946	3244	0.0104
DUNGS_p_TCGA_b84_115_SNP_N_GenomeWideSNP_6_B07_771566	4	9837881	9837978	4	0.8946
DUNGS_p_TCGA_b84_115_SNP_N_GenomeWideSNP_6_B07_771566	4	9838025	34455399	17032	0.0116
DUNGS_p_TCGA_b84_115_SNP_N_GenomeWideSNP_6_B07_771566	4	34455420	34462895	4	-0.7585
DUNGS_p_TCGA_b84_115_SNP_N_GenomeWideSNP_6_B07_771566	4	34463350	34506344	41	0.5013
DUNGS_p_TCGA_b84_115_SNP_N_GenomeWideSNP_6_B07_771566	4	34506399	48808852	8977	0.0124
DUNGS_p_TCGA_b84_115_SNP_N_GenomeWideSNP_6_B07_771566	4	48810738	48838020	2	-1.3283
DUNGS_p_TCGA_b84_115_SNP_N_GenomeWideSNP_6_B07_771566	4	48843591	48991977	16	-0.2705
DUNGS_p_TCGA_b84_115_SNP_N_GenomeWideSNP_6_B07_771566	4	48991992	49198542	4	-0.974
DUNGS_p_TCGA_b84_115_SNP_N_GenomeWideSNP_6_B07_771566	4	49205156	68927029	10491	0.0183
DUNGS_p_TCGA_b84_115_SNP_N_GenomeWideSNP_6_B07_771566	4	68937665	68943659	5	-1.089
DUNGS_p_TCGA_b84_115_SNP_N_GenomeWideSNP_6_B07_771566	4	68964800	69234339	90	-0.0415
DUNGS_p_TCGA_b84_115_SNP_N_GenomeWideSNP_6_B07_771566	4	69378740	69485755	6	0.8142
DUNGS_p_TCGA_b84_115_SNP_N_GenomeWideSNP_6_B07_771566	4	69512426	70162241	320	0.0021
DUNGS_p_TCGA_b84_115_SNP_N_GenomeWideSNP_6_B07_771566	4	70163001	70266388	52	-0.5378
DUNGS_p_TCGA_b84_115_SNP_N_GenomeWideSNP_6_B07_771566	4	70266611	115393105	27385	0.0169
DUNGS_p_TCGA_b84_115_SNP_N_GenomeWideSNP_6_B07_771566	4	115393149	115403839	31	0.5491
DUNGS_p_TCGA_b84_115_SNP_N_GenomeWideSNP_6_B07_771566	4	115405272	138162359	13163	0.0158
DUNGS_p_TCGA_b84_115_SNP_N_GenomeWideSNP_6_B07_771566	4	138162492	138162505	3	-1.6549
DUNGS_p_TCGA_b84_115_SNP_N_GenomeWideSNP_6_B07_771566	4	138165819	138304557	94	0.0126
DUNGS_p_TCGA_b84_115_SNP_N_GenomeWideSNP_6_B07_771566	4	138308997	138312514	16	-0.697
DUNGS_p_TCGA_b84_115_SNP_N_GenomeWideSNP_6_B07_771566	4	138312851	157176082	11700	0.0151
DUNGS_p_TCGA_b84_115_SNP_N_GenomeWideSNP_6_B07_771566	4	157187425	157194147	17	-0.789
DUNGS_p_TCGA_b84_115_SNP_N_GenomeWideSNP_6_B07_771566	4	157197078	179628436	14090	0.0137
DUNGS_p_TCGA_b84_115_SNP_N_GenomeWideSNP_6_B07_771566	4	179629339	179629357	3	-1.8675
DUNGS_p_TCGA_b84_115_SNP_N_GenomeWideSNP_6_B07_771566	4	179633000	191261904	8240	0.0072
DUNGS_p_TCGA_b84_115_SNP_N_GenomeWideSNP_6_B07_771566	5	68532	8755240	6972	0.0056
DUNGS_p_TCGA_b84_115_SNP_N_GenomeWideSNP_6_B07_771566	5	8755522	8800046	46	-0.8375
DUNGS_p_TCGA_b84_115_SNP_N_GenomeWideSNP_6_B07_771566	5	8800142	12853889	3214	0.0103
DUNGS_p_TCGA_b84_115_SNP_N_GenomeWideSNP_6_B07_771566	5	12868780	12872313	3	-1.0523
DUNGS_p_TCGA_b84_115_SNP_N_GenomeWideSNP_6_B07_771566	5	12872375	12873076	6	-2.7598
DUNGS_p_TCGA_b84_115_SNP_N_GenomeWideSNP_6_B07_771566	5	12877411	39844389	17287	0.0137
DUNGS_p_TCGA_b84_115_SNP_N_GenomeWideSNP_6_B07_771566	5	39844711	39844742	3	-1.1473
DUNGS_p_TCGA_b84_115_SNP_N_GenomeWideSNP_6_B07_771566	5	39844760	68354398	15524	0.0116
DUNGS_p_TCGA_b84_115_SNP_N_GenomeWideSNP_6_B07_771566	5	68355443	68356524	3	-1.2186
DUNGS_p_TCGA_b84_115_SNP_N_GenomeWideSNP_6_B07_771566	5	68356942	68882059	211	-0.0229
DUNGS_p_TCGA_b84_115_SNP_N_GenomeWideSNP_6_B07_771566	5	68903050	69153891	5	-0.9715
DUNGS_p_TCGA_b84_115_SNP_N_GenomeWideSNP_6_B07_771566	5	69269183	70290662	12	0.1164
DUNGS_p_TCGA_b84_115_SNP_N_GenomeWideSNP_6_B07_771566	5	70342415	70426941	7	0.92
DUNGS_p_TCGA_b84_115_SNP_N_GenomeWideSNP_6_B07_771566	5	70427009	81482867	6906	0.0131
DUNGS_p_TCGA_b84_115_SNP_N_GenomeWideSNP_6_B07_771566	5	81487020	81487068	2	-1.4267
DUNGS_p_TCGA_b84_115_SNP_N_GenomeWideSNP_6_B07_771566	5	81487284	112284205	18268	0.0142
DUNGS_p_TCGA_b84_115_SNP_N_GenomeWideSNP_6_B07_771566	5	112288302	112300673	8	-0.9982
DUNGS_p_TCGA_b84_115_SNP_N_GenomeWideSNP_6_B07_771566	5	112302178	156353281	28531	0.0166
DUNGS_p_TCGA_b84_115_SNP_N_GenomeWideSNP_6_B07_771566	5	156354509	156358817	5	-1.0142
DUNGS_p_TCGA_b84_115_SNP_N_GenomeWideSNP_6_B07_771566	5	156359871	175392693	13479	0.0117
DUNGS_p_TCGA_b84_115_SNP_N_GenomeWideSNP_6_B07_771566	5	175398295	175409786	5	-1.2428
DUNGS_p_TCGA_b84_115_SNP_N_GenomeWideSNP_6_B07_771566	5	175456803	180722926	2733	0.0206
DUNGS_p_TCGA_b84_115_SNP_N_GenomeWideSNP_6_B07_771566	6	94661	198861	99	-0.0428
DUNGS_p_TCGA_b84_115_SNP_N_GenomeWideSNP_6_B07_771566	6	199267	272531	37	0.4377
DUNGS_p_TCGA_b84_115_SNP_N_GenomeWideSNP_6_B07_771566	6	273070	8486018	6804	0.0183
DUNGS_p_TCGA_b84_115_SNP_N_GenomeWideSNP_6_B07_771566	6	8487229	8487242	2	-1.6982
DUNGS_p_TCGA_b84_115_SNP_N_GenomeWideSNP_6_B07_771566	6	8490431	29945051	14825	0.0191
DUNGS_p_TCGA_b84_115_SNP_N_GenomeWideSNP_6_B07_771566	6	29945166	30026566	52	0.3436
DUNGS_p_TCGA_b84_115_SNP_N_GenomeWideSNP_6_B07_771566	6	30029053	31388802	638	0.0248
DUNGS_p_TCGA_b84_115_SNP_N_GenomeWideSNP_6_B07_771566	6	31394255	31404430	11	0.7438
DUNGS_p_TCGA_b84_115_SNP_N_GenomeWideSNP_6_B07_771566	6	31417903	32562501	511	0.0638
DUNGS_p_TCGA_b84_115_SNP_N_GenomeWideSNP_6_B07_771566	6	32564661	32681749	31	1.693
DUNGS_p_TCGA_b84_115_SNP_N_GenomeWideSNP_6_B07_771566	6	32681992	32689867	10	0.0641
DUNGS_p_TCGA_b84_115_SNP_N_GenomeWideSNP_6_B07_771566	6	32690181	32734596	22	0.8377
DUNGS_p_TCGA_b84_115_SNP_N_GenomeWideSNP_6_B07_771566	6	32758590	32798005	45	0.1204
DUNGS_p_TCGA_b84_115_SNP_N_GenomeWideSNP_6_B07_771566	6	32798775	32798808	3	1.9597
DUNGS_p_TCGA_b84_115_SNP_N_GenomeWideSNP_6_B07_771566	6	32798923	54039043	13709	0.018
DUNGS_p_TCGA_b84_115_SNP_N_GenomeWideSNP_6_B07_771566	6	54039110	54043307	8	-0.9129
DUNGS_p_TCGA_b84_115_SNP_N_GenomeWideSNP_6_B07_771566	6	54043374	65767450	4599	0.0176
DUNGS_p_TCGA_b84_115_SNP_N_GenomeWideSNP_6_B07_771566	6	65768120	65788287	5	-0.8961
DUNGS_p_TCGA_b84_115_SNP_N_GenomeWideSNP_6_B07_771566	6	65788853	67094767	896	0.0298
DUNGS_p_TCGA_b84_115_SNP_N_GenomeWideSNP_6_B07_771566	6	67097634	67099913	7	-2.3941
DUNGS_p_TCGA_b84_115_SNP_N_GenomeWideSNP_6_B07_771566	6	67099956	77496587	6805	0.0145
DUNGS_p_TCGA_b84_115_SNP_N_GenomeWideSNP_6_B07_771566	6	77496767	77508989	13	-0.6742
DUNGS_p_TCGA_b84_115_SNP_N_GenomeWideSNP_6_B07_771566	6	77509101	79019608	987	0.0236
DUNGS_p_TCGA_b84_115_SNP_N_GenomeWideSNP_6_B07_771566	6	79025784	79076427	71	-2.4366
DUNGS_p_TCGA_b84_115_SNP_N_GenomeWideSNP_6_B07_771566	6	79076472	79077158	3	-5.9543
DUNGS_p_TCGA_b84_115_SNP_N_GenomeWideSNP_6_B07_771566	6	79077788	79091904	39	-1.849
DUNGS_p_TCGA_b84_115_SNP_N_GenomeWideSNP_6_B07_771566	6	79095953	81334704	1431	0.0226
DUNGS_p_TCGA_b84_115_SNP_N_GenomeWideSNP_6_B07_771566	6	81334705	81340908	3	-0.891
DUNGS_p_TCGA_b84_115_SNP_N_GenomeWideSNP_6_B07_771566	6	81340962	87130663	3589	0.0122
DUNGS_p_TCGA_b84_115_SNP_N_GenomeWideSNP_6_B07_771566	6	87130957	87138870	6	-0.9911
DUNGS_p_TCGA_b84_115_SNP_N_GenomeWideSNP_6_B07_771566	6	87140292	94709128	4996	0.0127
DUNGS_p_TCGA_b84_115_SNP_N_GenomeWideSNP_6_B07_771566	6	94709261	94714285	2	-1.3434
DUNGS_p_TCGA_b84_115_SNP_N_GenomeWideSNP_6_B07_771566	6	94716253	155002574	38578	0.0166
DUNGS_p_TCGA_b84_115_SNP_N_GenomeWideSNP_6_B07_771566	6	155005358	155006206	2	-1.8896
DUNGS_p_TCGA_b84_115_SNP_N_GenomeWideSNP_6_B07_771566	6	155007529	170892930	11228	0.0095
DUNGS_p_TCGA_b84_115_SNP_N_GenomeWideSNP_6_B07_771566	7	52911	54347867	38616	0.0165
DUNGS_p_TCGA_b84_115_SNP_N_GenomeWideSNP_6_B07_771566	7	54353999	54354011	6	-0.7724
DUNGS_p_TCGA_b84_115_SNP_N_GenomeWideSNP_6_B07_771566	7	54360982	64206287	3140	0.0062
DUNGS_p_TCGA_b84_115_SNP_N_GenomeWideSNP_6_B07_771566	7	64231500	64274563	7	-0.7532
DUNGS_p_TCGA_b84_115_SNP_N_GenomeWideSNP_6_B07_771566	7	64275592	97239868	19034	0.0142
DUNGS_p_TCGA_b84_115_SNP_N_GenomeWideSNP_6_B07_771566	7	97239895	97240411	7	-0.7314
DUNGS_p_TCGA_b84_115_SNP_N_GenomeWideSNP_6_B07_771566	7	97242176	109228159	6662	0.0153
DUNGS_p_TCGA_b84_115_SNP_N_GenomeWideSNP_6_B07_771566	7	109228448	109241146	12	-0.4896
DUNGS_p_TCGA_b84_115_SNP_N_GenomeWideSNP_6_B07_771566	7	109241218	112848164	2310	0.0113
DUNGS_p_TCGA_b84_115_SNP_N_GenomeWideSNP_6_B07_771566	7	112855271	112859723	6	-0.8364
DUNGS_p_TCGA_b84_115_SNP_N_GenomeWideSNP_6_B07_771566	7	112869845	119846813	4020	0.0213
DUNGS_p_TCGA_b84_115_SNP_N_GenomeWideSNP_6_B07_771566	7	119847354	119852580	2	1.2772
DUNGS_p_TCGA_b84_115_SNP_N_GenomeWideSNP_6_B07_771566	7	119852801	125832210	3707	0.0077
DUNGS_p_TCGA_b84_115_SNP_N_GenomeWideSNP_6_B07_771566	7	125832718	125834113	14	0.9925
DUNGS_p_TCGA_b84_115_SNP_N_GenomeWideSNP_6_B07_771566	7	125834114	141693581	10181	0.0132
DUNGS_p_TCGA_b84_115_SNP_N_GenomeWideSNP_6_B07_771566	7	141693604	141693787	3	-1.0334
DUNGS_p_TCGA_b84_115_SNP_N_GenomeWideSNP_6_B07_771566	7	141693868	142154515	256	-1e-04
DUNGS_p_TCGA_b84_115_SNP_N_GenomeWideSNP_6_B07_771566	7	142156294	142165614	27	-2.2287
DUNGS_p_TCGA_b84_115_SNP_N_GenomeWideSNP_6_B07_771566	7	142165684	142928530	470	0.0283
DUNGS_p_TCGA_b84_115_SNP_N_GenomeWideSNP_6_B07_771566	7	142928980	143039363	34	-0.5074
DUNGS_p_TCGA_b84_115_SNP_N_GenomeWideSNP_6_B07_771566	7	143056311	143061967	17	-0.0293
DUNGS_p_TCGA_b84_115_SNP_N_GenomeWideSNP_6_B07_771566	7	143075149	143198992	51	-0.5766
DUNGS_p_TCGA_b84_115_SNP_N_GenomeWideSNP_6_B07_771566	7	143203099	158819765	10016	0.0105
DUNGS_p_TCGA_b84_115_SNP_N_GenomeWideSNP_6_B07_771566	8	21254	7027263	7830	0.0181
DUNGS_p_TCGA_b84_115_SNP_N_GenomeWideSNP_6_B07_771566	8	7030750	7157884	3	-1.1546
DUNGS_p_TCGA_b84_115_SNP_N_GenomeWideSNP_6_B07_771566	8	7157899	13659230	4676	0.0179
DUNGS_p_TCGA_b84_115_SNP_N_GenomeWideSNP_6_B07_771566	8	13659363	13664255	6	-0.7134
DUNGS_p_TCGA_b84_115_SNP_N_GenomeWideSNP_6_B07_771566	8	13664378	14431172	746	0.016
DUNGS_p_TCGA_b84_115_SNP_N_GenomeWideSNP_6_B07_771566	8	14431231	14440185	4	-0.8669
DUNGS_p_TCGA_b84_115_SNP_N_GenomeWideSNP_6_B07_771566	8	14440301	23458253	7454	0.0134
DUNGS_p_TCGA_b84_115_SNP_N_GenomeWideSNP_6_B07_771566	8	23463685	23463816	5	-1.4478
DUNGS_p_TCGA_b84_115_SNP_N_GenomeWideSNP_6_B07_771566	8	23463850	25027405	1138	0.0248
DUNGS_p_TCGA_b84_115_SNP_N_GenomeWideSNP_6_B07_771566	8	25027558	25047021	31	-0.3212
DUNGS_p_TCGA_b84_115_SNP_N_GenomeWideSNP_6_B07_771566	8	25047044	39349816	9047	0.0145
DUNGS_p_TCGA_b84_115_SNP_N_GenomeWideSNP_6_B07_771566	8	39354760	39506122	59	-2.4355
DUNGS_p_TCGA_b84_115_SNP_N_GenomeWideSNP_6_B07_771566	8	39507456	40891153	1075	0.0168
DUNGS_p_TCGA_b84_115_SNP_N_GenomeWideSNP_6_B07_771566	8	40897009	40897628	2	-2.6334
DUNGS_p_TCGA_b84_115_SNP_N_GenomeWideSNP_6_B07_771566	8	40902837	47644741	1698	0.0017
DUNGS_p_TCGA_b84_115_SNP_N_GenomeWideSNP_6_B07_771566	8	47646713	47655711	9	0.6157
DUNGS_p_TCGA_b84_115_SNP_N_GenomeWideSNP_6_B07_771566	8	47665260	72374735	15141	0.0132
DUNGS_p_TCGA_b84_115_SNP_N_GenomeWideSNP_6_B07_771566	8	72374919	72378776	7	-0.7432
DUNGS_p_TCGA_b84_115_SNP_N_GenomeWideSNP_6_B07_771566	8	72378988	96316444	14272	0.0165
DUNGS_p_TCGA_b84_115_SNP_N_GenomeWideSNP_6_B07_771566	8	96318662	96325132	3	-1.1951
DUNGS_p_TCGA_b84_115_SNP_N_GenomeWideSNP_6_B07_771566	8	96328227	146268959	32844	0.0138
DUNGS_p_TCGA_b84_115_SNP_N_GenomeWideSNP_6_B07_771566	9	36587	477944	375	0.0194
DUNGS_p_TCGA_b84_115_SNP_N_GenomeWideSNP_6_B07_771566	9	478739	538438	53	0.652
DUNGS_p_TCGA_b84_115_SNP_N_GenomeWideSNP_6_B07_771566	9	539750	10300942	9497	0.0158
DUNGS_p_TCGA_b84_115_SNP_N_GenomeWideSNP_6_B07_771566	9	10304941	10315264	17	0.5363
DUNGS_p_TCGA_b84_115_SNP_N_GenomeWideSNP_6_B07_771566	9	10319917	43177963	21469	0.0202
DUNGS_p_TCGA_b84_115_SNP_N_GenomeWideSNP_6_B07_771566	9	43255666	43740182	41	-0.5341
DUNGS_p_TCGA_b84_115_SNP_N_GenomeWideSNP_6_B07_771566	9	44054868	44183430	29	0.0081
DUNGS_p_TCGA_b84_115_SNP_N_GenomeWideSNP_6_B07_771566	9	44184876	44813196	58	0.3445
DUNGS_p_TCGA_b84_115_SNP_N_GenomeWideSNP_6_B07_771566	9	44815938	67673801	152	-0.1567
DUNGS_p_TCGA_b84_115_SNP_N_GenomeWideSNP_6_B07_771566	9	67675871	67675876	3	1.6236
DUNGS_p_TCGA_b84_115_SNP_N_GenomeWideSNP_6_B07_771566	9	67675877	137353926	47178	0.0158
DUNGS_p_TCGA_b84_115_SNP_N_GenomeWideSNP_6_B07_771566	9	137355443	137356233	2	-3.7347
DUNGS_p_TCGA_b84_115_SNP_N_GenomeWideSNP_6_B07_771566	9	137357618	140211215	1115	0.0073
DUNGS_p_TCGA_b84_115_SNP_N_GenomeWideSNP_6_B07_771566	10	62759	13090011	10951	0.0163
DUNGS_p_TCGA_b84_115_SNP_N_GenomeWideSNP_6_B07_771566	10	13090029	13090176	4	-0.9038
DUNGS_p_TCGA_b84_115_SNP_N_GenomeWideSNP_6_B07_771566	10	13090434	17132433	3435	0.0153
DUNGS_p_TCGA_b84_115_SNP_N_GenomeWideSNP_6_B07_771566	10	17135003	17135779	3	-1.118
DUNGS_p_TCGA_b84_115_SNP_N_GenomeWideSNP_6_B07_771566	10	17143465	20824254	2615	0.0179
DUNGS_p_TCGA_b84_115_SNP_N_GenomeWideSNP_6_B07_771566	10	20830090	20855711	24	0.6154
DUNGS_p_TCGA_b84_115_SNP_N_GenomeWideSNP_6_B07_771566	10	20861902	24415269	2232	0.0239
DUNGS_p_TCGA_b84_115_SNP_N_GenomeWideSNP_6_B07_771566	10	24417680	24418914	12	-0.6566
DUNGS_p_TCGA_b84_115_SNP_N_GenomeWideSNP_6_B07_771566	10	24418957	37494728	9175	0.0193
DUNGS_p_TCGA_b84_115_SNP_N_GenomeWideSNP_6_B07_771566	10	37495151	37507620	3	-1.3137
DUNGS_p_TCGA_b84_115_SNP_N_GenomeWideSNP_6_B07_771566	10	37519420	47417400	3529	0.0135
DUNGS_p_TCGA_b84_115_SNP_N_GenomeWideSNP_6_B07_771566	10	47432905	47468066	3	1.107
DUNGS_p_TCGA_b84_115_SNP_N_GenomeWideSNP_6_B07_771566	10	47480482	51274704	1730	0.0305
DUNGS_p_TCGA_b84_115_SNP_N_GenomeWideSNP_6_B07_771566	10	51305629	51329450	3	-1.1554
DUNGS_p_TCGA_b84_115_SNP_N_GenomeWideSNP_6_B07_771566	10	51405657	51450615	12	-0.2399
DUNGS_p_TCGA_b84_115_SNP_N_GenomeWideSNP_6_B07_771566	10	51454597	51500366	22	0.2932
DUNGS_p_TCGA_b84_115_SNP_N_GenomeWideSNP_6_B07_771566	10	51510990	51527225	2	-2.1262
DUNGS_p_TCGA_b84_115_SNP_N_GenomeWideSNP_6_B07_771566	10	51537240	66976282	11035	0.0179
DUNGS_p_TCGA_b84_115_SNP_N_GenomeWideSNP_6_B07_771566	10	66977929	66992801	29	-0.3794
DUNGS_p_TCGA_b84_115_SNP_N_GenomeWideSNP_6_B07_771566	10	66992932	107046269	25752	0.0174
DUNGS_p_TCGA_b84_115_SNP_N_GenomeWideSNP_6_B07_771566	10	107047028	107049160	3	-1.0154
DUNGS_p_TCGA_b84_115_SNP_N_GenomeWideSNP_6_B07_771566	10	107052466	134015014	20035	0.0117
DUNGS_p_TCGA_b84_115_SNP_N_GenomeWideSNP_6_B07_771566	10	134018827	134021675	2	-1.2417
DUNGS_p_TCGA_b84_115_SNP_N_GenomeWideSNP_6_B07_771566	10	134023123	135356694	568	-0.0022
DUNGS_p_TCGA_b84_115_SNP_N_GenomeWideSNP_6_B07_771566	11	188510	4932251	2508	0.0122
DUNGS_p_TCGA_b84_115_SNP_N_GenomeWideSNP_6_B07_771566	11	4932281	4932848	3	-1.1278
DUNGS_p_TCGA_b84_115_SNP_N_GenomeWideSNP_6_B07_771566	11	4932910	5743981	798	0.0241
DUNGS_p_TCGA_b84_115_SNP_N_GenomeWideSNP_6_B07_771566	11	5744656	5765715	32	-0.6929
DUNGS_p_TCGA_b84_115_SNP_N_GenomeWideSNP_6_B07_771566	11	5765914	36936481	22852	0.0177
DUNGS_p_TCGA_b84_115_SNP_N_GenomeWideSNP_6_B07_771566	11	36945063	36974806	16	-0.7339
DUNGS_p_TCGA_b84_115_SNP_N_GenomeWideSNP_6_B07_771566	11	36979552	48595367	7286	0.0236
DUNGS_p_TCGA_b84_115_SNP_N_GenomeWideSNP_6_B07_771566	11	48599199	48667005	26	-0.3282
DUNGS_p_TCGA_b84_115_SNP_N_GenomeWideSNP_6_B07_771566	11	48667009	49664951	397	0.0184
DUNGS_p_TCGA_b84_115_SNP_N_GenomeWideSNP_6_B07_771566	11	49667437	49714343	20	-0.7681
DUNGS_p_TCGA_b84_115_SNP_N_GenomeWideSNP_6_B07_771566	11	49714849	51033319	381	-0.0064
DUNGS_p_TCGA_b84_115_SNP_N_GenomeWideSNP_6_B07_771566	11	51040151	51051627	5	-0.8507
DUNGS_p_TCGA_b84_115_SNP_N_GenomeWideSNP_6_B07_771566	11	51061717	55132856	384	-0.0092
DUNGS_p_TCGA_b84_115_SNP_N_GenomeWideSNP_6_B07_771566	11	55133074	55232136	65	0.3499
DUNGS_p_TCGA_b84_115_SNP_N_GenomeWideSNP_6_B07_771566	11	55232215	79645161	13297	0.0216
DUNGS_p_TCGA_b84_115_SNP_N_GenomeWideSNP_6_B07_771566	11	79645196	79645212	2	-1.6756
DUNGS_p_TCGA_b84_115_SNP_N_GenomeWideSNP_6_B07_771566	11	79645334	134107001	38882	0.0155
DUNGS_p_TCGA_b84_115_SNP_N_GenomeWideSNP_6_B07_771566	11	134107490	134108156	2	-1.3136
DUNGS_p_TCGA_b84_115_SNP_N_GenomeWideSNP_6_B07_771566	11	134109202	134449982	283	0.0191
DUNGS_p_TCGA_b84_115_SNP_N_GenomeWideSNP_6_B07_771566	12	20703	9521823	6211	0.0147
DUNGS_p_TCGA_b84_115_SNP_N_GenomeWideSNP_6_B07_771566	12	9525137	9619559	24	-1.7887
DUNGS_p_TCGA_b84_115_SNP_N_GenomeWideSNP_6_B07_771566	12	9626236	10708878	777	0.0148
DUNGS_p_TCGA_b84_115_SNP_N_GenomeWideSNP_6_B07_771566	12	10708924	10709352	5	0.6943
DUNGS_p_TCGA_b84_115_SNP_N_GenomeWideSNP_6_B07_771566	12	10709449	11122722	270	0.0231
DUNGS_p_TCGA_b84_115_SNP_N_GenomeWideSNP_6_B07_771566	12	11124185	11143141	6	0.7433
DUNGS_p_TCGA_b84_115_SNP_N_GenomeWideSNP_6_B07_771566	12	11148096	11395358	131	-0.0485
DUNGS_p_TCGA_b84_115_SNP_N_GenomeWideSNP_6_B07_771566	12	11402844	11434673	32	0.7413
DUNGS_p_TCGA_b84_115_SNP_N_GenomeWideSNP_6_B07_771566	12	11443459	21034980	6538	0.0172
DUNGS_p_TCGA_b84_115_SNP_N_GenomeWideSNP_6_B07_771566	12	21035002	21036174	14	-0.4917
DUNGS_p_TCGA_b84_115_SNP_N_GenomeWideSNP_6_B07_771566	12	21036235	22130565	736	0.0213
DUNGS_p_TCGA_b84_115_SNP_N_GenomeWideSNP_6_B07_771566	12	22134782	22134828	2	-1.2668
DUNGS_p_TCGA_b84_115_SNP_N_GenomeWideSNP_6_B07_771566	12	22134928	24403442	1565	0.0132
DUNGS_p_TCGA_b84_115_SNP_N_GenomeWideSNP_6_B07_771566	12	24403651	24403760	2	-1.601
DUNGS_p_TCGA_b84_115_SNP_N_GenomeWideSNP_6_B07_771566	12	24405792	36473016	7505	0.0148
DUNGS_p_TCGA_b84_115_SNP_N_GenomeWideSNP_6_B07_771566	12	36493309	36506044	4	-1.2641
DUNGS_p_TCGA_b84_115_SNP_N_GenomeWideSNP_6_B07_771566	12	36555107	44190705	4736	0.0125
DUNGS_p_TCGA_b84_115_SNP_N_GenomeWideSNP_6_B07_771566	12	44192107	44195804	3	-2.6437
DUNGS_p_TCGA_b84_115_SNP_N_GenomeWideSNP_6_B07_771566	12	44199559	82687318	23676	0.0189
DUNGS_p_TCGA_b84_115_SNP_N_GenomeWideSNP_6_B07_771566	12	82687421	82689372	3	-1.625
DUNGS_p_TCGA_b84_115_SNP_N_GenomeWideSNP_6_B07_771566	12	82689410	117136265	22882	0.0143
DUNGS_p_TCGA_b84_115_SNP_N_GenomeWideSNP_6_B07_771566	12	117138526	117144313	3	-1.3487
DUNGS_p_TCGA_b84_115_SNP_N_GenomeWideSNP_6_B07_771566	12	117150640	130360121	9128	0.0226
DUNGS_p_TCGA_b84_115_SNP_N_GenomeWideSNP_6_B07_771566	12	130360135	130370891	6	0.7756
DUNGS_p_TCGA_b84_115_SNP_N_GenomeWideSNP_6_B07_771566	12	130374552	130686668	317	0.0341
DUNGS_p_TCGA_b84_115_SNP_N_GenomeWideSNP_6_B07_771566	12	130698537	130699288	13	-2.1323
DUNGS_p_TCGA_b84_115_SNP_N_GenomeWideSNP_6_B07_771566	12	130708284	132288262	572	0.0178
DUNGS_p_TCGA_b84_115_SNP_N_GenomeWideSNP_6_B07_771566	13	17924949	18671514	355	-0.0326
DUNGS_p_TCGA_b84_115_SNP_N_GenomeWideSNP_6_B07_771566	13	18674854	18675270	3	-1.0564
DUNGS_p_TCGA_b84_115_SNP_N_GenomeWideSNP_6_B07_771566	13	18679460	22527187	2541	0.0137
DUNGS_p_TCGA_b84_115_SNP_N_GenomeWideSNP_6_B07_771566	13	22527210	22531515	13	-2.2919
DUNGS_p_TCGA_b84_115_SNP_N_GenomeWideSNP_6_B07_771566	13	22536195	33086263	7981	0.0174
DUNGS_p_TCGA_b84_115_SNP_N_GenomeWideSNP_6_B07_771566	13	33090789	33091376	4	-0.8966
DUNGS_p_TCGA_b84_115_SNP_N_GenomeWideSNP_6_B07_771566	13	33095304	49018986	11014	0.0184
DUNGS_p_TCGA_b84_115_SNP_N_GenomeWideSNP_6_B07_771566	13	49019056	49020853	3	-1.034
DUNGS_p_TCGA_b84_115_SNP_N_GenomeWideSNP_6_B07_771566	13	49021318	49816666	380	0.0064
DUNGS_p_TCGA_b84_115_SNP_N_GenomeWideSNP_6_B07_771566	13	49817046	49817657	2	1.2518
DUNGS_p_TCGA_b84_115_SNP_N_GenomeWideSNP_6_B07_771566	13	49819947	52251042	1331	0.0081
DUNGS_p_TCGA_b84_115_SNP_N_GenomeWideSNP_6_B07_771566	13	52257854	52260984	4	-1.0624
DUNGS_p_TCGA_b84_115_SNP_N_GenomeWideSNP_6_B07_771566	13	52261784	57481351	2974	0.0138
DUNGS_p_TCGA_b84_115_SNP_N_GenomeWideSNP_6_B07_771566	13	57482791	57491273	5	-0.739
DUNGS_p_TCGA_b84_115_SNP_N_GenomeWideSNP_6_B07_771566	13	57491347	62193418	2837	0.0106
DUNGS_p_TCGA_b84_115_SNP_N_GenomeWideSNP_6_B07_771566	13	62193711	62194256	2	-1.3046
DUNGS_p_TCGA_b84_115_SNP_N_GenomeWideSNP_6_B07_771566	13	62194882	63122206	547	0.0242
DUNGS_p_TCGA_b84_115_SNP_N_GenomeWideSNP_6_B07_771566	13	63122793	63134693	9	-0.9011
DUNGS_p_TCGA_b84_115_SNP_N_GenomeWideSNP_6_B07_771566	13	63137564	64249190	676	0.0232
DUNGS_p_TCGA_b84_115_SNP_N_GenomeWideSNP_6_B07_771566	13	64250132	64251496	3	-1.06
DUNGS_p_TCGA_b84_115_SNP_N_GenomeWideSNP_6_B07_771566	13	64254284	71374989	4515	0.021
DUNGS_p_TCGA_b84_115_SNP_N_GenomeWideSNP_6_B07_771566	13	71375556	71378557	4	-2.304
DUNGS_p_TCGA_b84_115_SNP_N_GenomeWideSNP_6_B07_771566	13	71378606	114126499	29178	0.0192
DUNGS_p_TCGA_b84_115_SNP_N_GenomeWideSNP_6_B07_771566	14	18072124	19493212	190	-0.3275
DUNGS_p_TCGA_b84_115_SNP_N_GenomeWideSNP_6_B07_771566	14	19494766	23514669	2740	0.0225
DUNGS_p_TCGA_b84_115_SNP_N_GenomeWideSNP_6_B07_771566	14	23514818	23557983	25	-0.688
DUNGS_p_TCGA_b84_115_SNP_N_GenomeWideSNP_6_B07_771566	14	23558236	40678108	10895	0.0105
DUNGS_p_TCGA_b84_115_SNP_N_GenomeWideSNP_6_B07_771566	14	40680246	40707179	11	-0.5458
DUNGS_p_TCGA_b84_115_SNP_N_GenomeWideSNP_6_B07_771566	14	40707565	73065527	20510	0.0204
DUNGS_p_TCGA_b84_115_SNP_N_GenomeWideSNP_6_B07_771566	14	73070876	73090732	9	-1.549
DUNGS_p_TCGA_b84_115_SNP_N_GenomeWideSNP_6_B07_771566	14	73099653	85530379	8284	0.0163
DUNGS_p_TCGA_b84_115_SNP_N_GenomeWideSNP_6_B07_771566	14	85530395	85558194	37	-1.0049
DUNGS_p_TCGA_b84_115_SNP_N_GenomeWideSNP_6_B07_771566	14	85559964	105074574	12361	0.0187
DUNGS_p_TCGA_b84_115_SNP_N_GenomeWideSNP_6_B07_771566	14	105079225	105238282	21	0.3788
DUNGS_p_TCGA_b84_115_SNP_N_GenomeWideSNP_6_B07_771566	14	105238532	105531947	108	0.0207
DUNGS_p_TCGA_b84_115_SNP_N_GenomeWideSNP_6_B07_771566	14	105550720	105550986	2	-1.6853
DUNGS_p_TCGA_b84_115_SNP_N_GenomeWideSNP_6_B07_771566	14	105553173	105786534	104	-0.0732
DUNGS_p_TCGA_b84_115_SNP_N_GenomeWideSNP_6_B07_771566	14	105788401	105889602	45	-0.3626
DUNGS_p_TCGA_b84_115_SNP_N_GenomeWideSNP_6_B07_771566	14	105891789	105950876	32	-0.027
DUNGS_p_TCGA_b84_115_SNP_N_GenomeWideSNP_6_B07_771566	14	105952397	105989153	50	-0.7904
DUNGS_p_TCGA_b84_115_SNP_N_GenomeWideSNP_6_B07_771566	14	105989694	106356482	224	-0.047
DUNGS_p_TCGA_b84_115_SNP_N_GenomeWideSNP_6_B07_771566	15	18276341	22369590	1511	-0.027
DUNGS_p_TCGA_b84_115_SNP_N_GenomeWideSNP_6_B07_771566	15	22369592	22381671	11	-0.6178
DUNGS_p_TCGA_b84_115_SNP_N_GenomeWideSNP_6_B07_771566	15	22383764	24111285	1283	0.017
DUNGS_p_TCGA_b84_115_SNP_N_GenomeWideSNP_6_B07_771566	15	24113245	24114249	2	-3.8836
DUNGS_p_TCGA_b84_115_SNP_N_GenomeWideSNP_6_B07_771566	15	24114681	74665417	31582	0.0225
DUNGS_p_TCGA_b84_115_SNP_N_GenomeWideSNP_6_B07_771566	15	74678296	74689234	23	-0.3509
DUNGS_p_TCGA_b84_115_SNP_N_GenomeWideSNP_6_B07_771566	15	74689249	90566759	10248	0.0222
DUNGS_p_TCGA_b84_115_SNP_N_GenomeWideSNP_6_B07_771566	15	90566878	90567298	3	1.2967
DUNGS_p_TCGA_b84_115_SNP_N_GenomeWideSNP_6_B07_771566	15	90567762	91654889	967	0.0156
DUNGS_p_TCGA_b84_115_SNP_N_GenomeWideSNP_6_B07_771566	15	91656315	91658556	2	-1.3152
DUNGS_p_TCGA_b84_115_SNP_N_GenomeWideSNP_6_B07_771566	15	91663418	100286563	6480	0.0156
DUNGS_p_TCGA_b84_115_SNP_N_GenomeWideSNP_6_B07_771566	16	777	590789	266	-0.0073
DUNGS_p_TCGA_b84_115_SNP_N_GenomeWideSNP_6_B07_771566	16	590885	593285	17	-0.4213
DUNGS_p_TCGA_b84_115_SNP_N_GenomeWideSNP_6_B07_771566	16	593334	18668594	12570	0.0213
DUNGS_p_TCGA_b84_115_SNP_N_GenomeWideSNP_6_B07_771566	16	18669957	18686949	6	-0.7787
DUNGS_p_TCGA_b84_115_SNP_N_GenomeWideSNP_6_B07_771566	16	18687279	21267931	1613	0.0182
DUNGS_p_TCGA_b84_115_SNP_N_GenomeWideSNP_6_B07_771566	16	21270906	21500956	30	-0.4374
DUNGS_p_TCGA_b84_115_SNP_N_GenomeWideSNP_6_B07_771566	16	21501135	22318771	352	-0.0068
DUNGS_p_TCGA_b84_115_SNP_N_GenomeWideSNP_6_B07_771566	16	22319041	22498746	24	-0.2754
DUNGS_p_TCGA_b84_115_SNP_N_GenomeWideSNP_6_B07_771566	16	22510369	22523305	3	-1.4586
DUNGS_p_TCGA_b84_115_SNP_N_GenomeWideSNP_6_B07_771566	16	22533085	22618243	59	-0.3618
DUNGS_p_TCGA_b84_115_SNP_N_GenomeWideSNP_6_B07_771566	16	22620480	32031832	5174	0.021
DUNGS_p_TCGA_b84_115_SNP_N_GenomeWideSNP_6_B07_771566	16	32054387	32650982	101	0.3236
DUNGS_p_TCGA_b84_115_SNP_N_GenomeWideSNP_6_B07_771566	16	32669331	68697043	15927	0.0151
DUNGS_p_TCGA_b84_115_SNP_N_GenomeWideSNP_6_B07_771566	16	68709028	68755268	13	-0.8198
DUNGS_p_TCGA_b84_115_SNP_N_GenomeWideSNP_6_B07_771566	16	68755831	72927032	2513	0.018
DUNGS_p_TCGA_b84_115_SNP_N_GenomeWideSNP_6_B07_771566	16	72937474	72964880	9	-0.9043
DUNGS_p_TCGA_b84_115_SNP_N_GenomeWideSNP_6_B07_771566	16	73009537	76929109	3215	0.02
DUNGS_p_TCGA_b84_115_SNP_N_GenomeWideSNP_6_B07_771566	16	76929941	76942239	16	0.8433
DUNGS_p_TCGA_b84_115_SNP_N_GenomeWideSNP_6_B07_771566	16	76942266	88815036	10651	0.0212
DUNGS_p_TCGA_b84_115_SNP_N_GenomeWideSNP_6_B07_771566	17	526	16595026	10517	0.0248
DUNGS_p_TCGA_b84_115_SNP_N_GenomeWideSNP_6_B07_771566	17	16598056	16682509	16	-0.3971
DUNGS_p_TCGA_b84_115_SNP_N_GenomeWideSNP_6_B07_771566	17	16697872	18296117	919	0.0268
DUNGS_p_TCGA_b84_115_SNP_N_GenomeWideSNP_6_B07_771566	17	18299671	18409922	29	0.4541
DUNGS_p_TCGA_b84_115_SNP_N_GenomeWideSNP_6_B07_771566	17	18415371	19435558	373	0.0264
DUNGS_p_TCGA_b84_115_SNP_N_GenomeWideSNP_6_B07_771566	17	19435593	19483754	34	-0.8156
DUNGS_p_TCGA_b84_115_SNP_N_GenomeWideSNP_6_B07_771566	17	19483790	31460821	6517	0.0193
DUNGS_p_TCGA_b84_115_SNP_N_GenomeWideSNP_6_B07_771566	17	31461241	31509204	37	0.7697
DUNGS_p_TCGA_b84_115_SNP_N_GenomeWideSNP_6_B07_771566	17	31552238	41518916	5084	0.0154
DUNGS_p_TCGA_b84_115_SNP_N_GenomeWideSNP_6_B07_771566	17	41521621	42107462	172	0.3271
DUNGS_p_TCGA_b84_115_SNP_N_GenomeWideSNP_6_B07_771566	17	42107479	78643088	21638	0.0178
DUNGS_p_TCGA_b84_115_SNP_N_GenomeWideSNP_6_B07_771566	18	1543	12214734	8917	0.0186
DUNGS_p_TCGA_b84_115_SNP_N_GenomeWideSNP_6_B07_771566	18	12216368	12218772	2	-1.3222
DUNGS_p_TCGA_b84_115_SNP_N_GenomeWideSNP_6_B07_771566	18	12228863	26066383	7162	0.0116
DUNGS_p_TCGA_b84_115_SNP_N_GenomeWideSNP_6_B07_771566	18	26068546	26069966	4	-1.064
DUNGS_p_TCGA_b84_115_SNP_N_GenomeWideSNP_6_B07_771566	18	26072612	36514418	6781	0.0129
DUNGS_p_TCGA_b84_115_SNP_N_GenomeWideSNP_6_B07_771566	18	36514432	36519375	17	0.4729
DUNGS_p_TCGA_b84_115_SNP_N_GenomeWideSNP_6_B07_771566	18	36519387	65358832	20163	0.0138
DUNGS_p_TCGA_b84_115_SNP_N_GenomeWideSNP_6_B07_771566	18	65359372	65361622	4	-1.1059
DUNGS_p_TCGA_b84_115_SNP_N_GenomeWideSNP_6_B07_771566	18	65364581	76116029	7819	0.0209
DUNGS_p_TCGA_b84_115_SNP_N_GenomeWideSNP_6_B07_771566	19	41910	11024689	4294	0.034
DUNGS_p_TCGA_b84_115_SNP_N_GenomeWideSNP_6_B07_771566	19	11029662	11030052	2	-1.6013
DUNGS_p_TCGA_b84_115_SNP_N_GenomeWideSNP_6_B07_771566	19	11038408	21606759	5392	0.0191
DUNGS_p_TCGA_b84_115_SNP_N_GenomeWideSNP_6_B07_771566	19	21607480	21611709	2	-1.6251
DUNGS_p_TCGA_b84_115_SNP_N_GenomeWideSNP_6_B07_771566	19	21611951	24248797	1556	0.0079
DUNGS_p_TCGA_b84_115_SNP_N_GenomeWideSNP_6_B07_771566	19	24252658	24256797	10	-0.7216
DUNGS_p_TCGA_b84_115_SNP_N_GenomeWideSNP_6_B07_771566	19	24279522	40355724	5412	0.0148
DUNGS_p_TCGA_b84_115_SNP_N_GenomeWideSNP_6_B07_771566	19	40355782	40355883	3	-1.3132
DUNGS_p_TCGA_b84_115_SNP_N_GenomeWideSNP_6_B07_771566	19	40357887	56019905	7748	0.0232
DUNGS_p_TCGA_b84_115_SNP_N_GenomeWideSNP_6_B07_771566	19	56024079	56025050	6	-0.873
DUNGS_p_TCGA_b84_115_SNP_N_GenomeWideSNP_6_B07_771566	19	56031019	58210326	1513	0.0282
DUNGS_p_TCGA_b84_115_SNP_N_GenomeWideSNP_6_B07_771566	19	58210559	58239173	21	0.4756
DUNGS_p_TCGA_b84_115_SNP_N_GenomeWideSNP_6_B07_771566	19	58244041	63789666	3418	0.0283
DUNGS_p_TCGA_b84_115_SNP_N_GenomeWideSNP_6_B07_771566	20	9305	178516	138	0.0345
DUNGS_p_TCGA_b84_115_SNP_N_GenomeWideSNP_6_B07_771566	20	178541	178556	2	-1.537
DUNGS_p_TCGA_b84_115_SNP_N_GenomeWideSNP_6_B07_771566	20	178760	1529768	1101	0.0058
DUNGS_p_TCGA_b84_115_SNP_N_GenomeWideSNP_6_B07_771566	20	1530092	1541893	7	-0.9609
DUNGS_p_TCGA_b84_115_SNP_N_GenomeWideSNP_6_B07_771566	20	1545946	14847421	10069	0.0096
DUNGS_p_TCGA_b84_115_SNP_N_GenomeWideSNP_6_B07_771566	20	14847492	14849794	8	-0.5671
DUNGS_p_TCGA_b84_115_SNP_N_GenomeWideSNP_6_B07_771566	20	14850196	26184155	8723	0.0137
DUNGS_p_TCGA_b84_115_SNP_N_GenomeWideSNP_6_B07_771566	20	26184286	26195592	7	-0.7989
DUNGS_p_TCGA_b84_115_SNP_N_GenomeWideSNP_6_B07_771566	20	26197173	28078753	31	-0.1684
DUNGS_p_TCGA_b84_115_SNP_N_GenomeWideSNP_6_B07_771566	20	28081553	28119554	11	-0.7476
DUNGS_p_TCGA_b84_115_SNP_N_GenomeWideSNP_6_B07_771566	20	28141554	40533091	6649	0.0159
DUNGS_p_TCGA_b84_115_SNP_N_GenomeWideSNP_6_B07_771566	20	40534688	40535137	2	-1.5559
DUNGS_p_TCGA_b84_115_SNP_N_GenomeWideSNP_6_B07_771566	20	40536425	52078204	8278	0.0151
DUNGS_p_TCGA_b84_115_SNP_N_GenomeWideSNP_6_B07_771566	20	52078275	52092058	39	-0.6798
DUNGS_p_TCGA_b84_115_SNP_N_GenomeWideSNP_6_B07_771566	20	52095981	62426597	7466	0.0242
DUNGS_p_TCGA_b84_115_SNP_N_GenomeWideSNP_6_B07_771566	21	9758742	9955957	31	-0.449
DUNGS_p_TCGA_b84_115_SNP_N_GenomeWideSNP_6_B07_771566	21	9957781	22573005	6444	0.0172
DUNGS_p_TCGA_b84_115_SNP_N_GenomeWideSNP_6_B07_771566	21	22577771	22586529	9	-0.8781
DUNGS_p_TCGA_b84_115_SNP_N_GenomeWideSNP_6_B07_771566	21	22588870	46901784	17933	0.0191
DUNGS_p_TCGA_b84_115_SNP_N_GenomeWideSNP_6_B07_771566	21	46902104	46921385	17	-0.2167
DUNGS_p_TCGA_b84_115_SNP_N_GenomeWideSNP_6_B07_771566	22	14432528	17004771	1191	0.0065
DUNGS_p_TCGA_b84_115_SNP_N_GenomeWideSNP_6_B07_771566	22	17006129	17009153	8	-4.3225
DUNGS_p_TCGA_b84_115_SNP_N_GenomeWideSNP_6_B07_771566	22	17010060	22674422	3426	0.0053
DUNGS_p_TCGA_b84_115_SNP_N_GenomeWideSNP_6_B07_771566	22	22680529	22726814	19	-1.8076
DUNGS_p_TCGA_b84_115_SNP_N_GenomeWideSNP_6_B07_771566	22	22731529	37620866	10840	0.0179
DUNGS_p_TCGA_b84_115_SNP_N_GenomeWideSNP_6_B07_771566	22	37625201	37626850	3	-3.5719
DUNGS_p_TCGA_b84_115_SNP_N_GenomeWideSNP_6_B07_771566	22	37629060	49581321	8096	0.0215
DUNGS_p_TCGA_b84_115_SNP_N_GenomeWideSNP_6_B07_771566	X	108477	27957216	17209	0.0117
DUNGS_p_TCGA_b84_115_SNP_N_GenomeWideSNP_6_B07_771566	X	27957653	27957760	2	-1.278
DUNGS_p_TCGA_b84_115_SNP_N_GenomeWideSNP_6_B07_771566	X	27957775	32893866	3399	0.012
DUNGS_p_TCGA_b84_115_SNP_N_GenomeWideSNP_6_B07_771566	X	32897375	32898179	3	-1.5959
DUNGS_p_TCGA_b84_115_SNP_N_GenomeWideSNP_6_B07_771566	X	32899960	37004521	2558	0.0154
DUNGS_p_TCGA_b84_115_SNP_N_GenomeWideSNP_6_B07_771566	X	37005956	37036994	2	-1.3072
DUNGS_p_TCGA_b84_115_SNP_N_GenomeWideSNP_6_B07_771566	X	37042968	76266264	16995	0.0214
DUNGS_p_TCGA_b84_115_SNP_N_GenomeWideSNP_6_B07_771566	X	76270041	76462887	20	0.4382
DUNGS_p_TCGA_b84_115_SNP_N_GenomeWideSNP_6_B07_771566	X	76463854	106109374	15757	0.0182
DUNGS_p_TCGA_b84_115_SNP_N_GenomeWideSNP_6_B07_771566	X	106109654	106109841	4	-0.9886
DUNGS_p_TCGA_b84_115_SNP_N_GenomeWideSNP_6_B07_771566	X	106115196	114194349	4496	0.0155
DUNGS_p_TCGA_b84_115_SNP_N_GenomeWideSNP_6_B07_771566	X	114194691	114194713	2	1.3022
DUNGS_p_TCGA_b84_115_SNP_N_GenomeWideSNP_6_B07_771566	X	114194816	124637785	6312	0.0152
DUNGS_p_TCGA_b84_115_SNP_N_GenomeWideSNP_6_B07_771566	X	124638289	124645410	3	-0.9719
DUNGS_p_TCGA_b84_115_SNP_N_GenomeWideSNP_6_B07_771566	X	124646362	134672636	5436	0.0137
DUNGS_p_TCGA_b84_115_SNP_N_GenomeWideSNP_6_B07_771566	X	134676593	134721265	12	-0.5374
DUNGS_p_TCGA_b84_115_SNP_N_GenomeWideSNP_6_B07_771566	X	134721274	154835548	12465	0.016
DUNGS_p_TCGA_b84_115_SNP_N_GenomeWideSNP_6_B07_771566	Y	2710438	3254088	196	-2.8682
DUNGS_p_TCGA_b84_115_SNP_N_GenomeWideSNP_6_B07_771566	Y	3255267	6161425	643	-2.4179
DUNGS_p_TCGA_b84_115_SNP_N_GenomeWideSNP_6_B07_771566	Y	6167901	6341935	78	-4.0904
DUNGS_p_TCGA_b84_115_SNP_N_GenomeWideSNP_6_B07_771566	Y	6342097	7052648	285	-2.7687
DUNGS_p_TCGA_b84_115_SNP_N_GenomeWideSNP_6_B07_771566	Y	7054405	7071666	5	-5.3014
DUNGS_p_TCGA_b84_115_SNP_N_GenomeWideSNP_6_B07_771566	Y	7072155	7695058	308	-2.8441
DUNGS_p_TCGA_b84_115_SNP_N_GenomeWideSNP_6_B07_771566	Y	7698901	7703394	5	-5.6809
DUNGS_p_TCGA_b84_115_SNP_N_GenomeWideSNP_6_B07_771566	Y	7706694	9201262	870	-3.0062
DUNGS_p_TCGA_b84_115_SNP_N_GenomeWideSNP_6_B07_771566	Y	9201542	9223699	14	-3.2365
DUNGS_p_TCGA_b84_115_SNP_N_GenomeWideSNP_6_B07_771566	Y	9224332	9997994	25	-4.4363
DUNGS_p_TCGA_b84_115_SNP_N_GenomeWideSNP_6_B07_771566	Y	9998262	10369564	159	-3.4063
DUNGS_p_TCGA_b84_115_SNP_N_GenomeWideSNP_6_B07_771566	Y	10384614	10518437	74	-2.8302
DUNGS_p_TCGA_b84_115_SNP_N_GenomeWideSNP_6_B07_771566	Y	10518724	11244531	49	-2.0518
DUNGS_p_TCGA_b84_115_SNP_N_GenomeWideSNP_6_B07_771566	Y	12310928	12402051	6	-4.5345
DUNGS_p_TCGA_b84_115_SNP_N_GenomeWideSNP_6_B07_771566	Y	12402600	13306860	465	-2.8087
DUNGS_p_TCGA_b84_115_SNP_N_GenomeWideSNP_6_B07_771566	Y	13311057	13315400	4	-5.6304
DUNGS_p_TCGA_b84_115_SNP_N_GenomeWideSNP_6_B07_771566	Y	13319281	13537669	101	-2.8561
DUNGS_p_TCGA_b84_115_SNP_N_GenomeWideSNP_6_B07_771566	Y	13539460	13540211	3	-6.1086
DUNGS_p_TCGA_b84_115_SNP_N_GenomeWideSNP_6_B07_771566	Y	13541682	14099670	249	-2.8267
DUNGS_p_TCGA_b84_115_SNP_N_GenomeWideSNP_6_B07_771566	Y	14099736	14103917	3	-6.833
DUNGS_p_TCGA_b84_115_SNP_N_GenomeWideSNP_6_B07_771566	Y	14104283	16802371	1445	-2.8913
DUNGS_p_TCGA_b84_115_SNP_N_GenomeWideSNP_6_B07_771566	Y	16803385	17038502	83	-3.5405
DUNGS_p_TCGA_b84_115_SNP_N_GenomeWideSNP_6_B07_771566	Y	17038883	17256046	130	-2.7855
DUNGS_p_TCGA_b84_115_SNP_N_GenomeWideSNP_6_B07_771566	Y	17256887	17258976	2	-6.4714
DUNGS_p_TCGA_b84_115_SNP_N_GenomeWideSNP_6_B07_771566	Y	17265466	17688729	221	-2.8562
DUNGS_p_TCGA_b84_115_SNP_N_GenomeWideSNP_6_B07_771566	Y	17688857	17694743	4	-5.6669
DUNGS_p_TCGA_b84_115_SNP_N_GenomeWideSNP_6_B07_771566	Y	17695184	17982571	149	-2.9518
DUNGS_p_TCGA_b84_115_SNP_N_GenomeWideSNP_6_B07_771566	Y	17983011	19349720	650	-3.5226
DUNGS_p_TCGA_b84_115_SNP_N_GenomeWideSNP_6_B07_771566	Y	19350903	19378844	10	-5.1548
DUNGS_p_TCGA_b84_115_SNP_N_GenomeWideSNP_6_B07_771566	Y	19384308	19430134	33	-3.6368
DUNGS_p_TCGA_b84_115_SNP_N_GenomeWideSNP_6_B07_771566	Y	19430886	19431561	2	-8.4653
DUNGS_p_TCGA_b84_115_SNP_N_GenomeWideSNP_6_B07_771566	Y	19431797	19484001	21	-3.9297
DUNGS_p_TCGA_b84_115_SNP_N_GenomeWideSNP_6_B07_771566	Y	19484450	22063159	1009	-3.0079
DUNGS_p_TCGA_b84_115_SNP_N_GenomeWideSNP_6_B07_771566	Y	22093119	22099738	2	-8.9188
DUNGS_p_TCGA_b84_115_SNP_N_GenomeWideSNP_6_B07_771566	Y	22125089	22293755	85	-2.8918
DUNGS_p_TCGA_b84_115_SNP_N_GenomeWideSNP_6_B07_771566	Y	22295746	22302022	4	-5.2058
DUNGS_p_TCGA_b84_115_SNP_N_GenomeWideSNP_6_B07_771566	Y	22302508	22426993	36	-2.9341
DUNGS_p_TCGA_b84_115_SNP_N_GenomeWideSNP_6_B07_771566	Y	22427755	22723666	40	-3.7744
DUNGS_p_TCGA_b84_115_SNP_N_GenomeWideSNP_6_B07_771566	Y	22725068	22926363	103	-3.0421
DUNGS_p_TCGA_b84_115_SNP_N_GenomeWideSNP_6_B07_771566	Y	22934748	22945750	8	-4.5778
DUNGS_p_TCGA_b84_115_SNP_N_GenomeWideSNP_6_B07_771566	Y	22946020	22954565	7	-2.3193
DUNGS_p_TCGA_b84_115_SNP_N_GenomeWideSNP_6_B07_771566	Y	22957565	23394777	63	-4.1651
DUNGS_p_TCGA_b84_115_SNP_N_GenomeWideSNP_6_B07_771566	Y	23468779	23933641	16	-2.4306
DUNGS_p_TCGA_b84_115_SNP_N_GenomeWideSNP_6_B07_771566	Y	23933747	24348404	112	-3.5325
DUNGS_p_TCGA_b84_115_SNP_N_GenomeWideSNP_6_B07_771566	Y	24348978	24385517	15	-2.6966
DUNGS_p_TCGA_b84_115_SNP_N_GenomeWideSNP_6_B07_771566	Y	24387082	24517385	51	-4.357
DUNGS_p_TCGA_b84_115_SNP_N_GenomeWideSNP_6_B07_771566	Y	24517690	24582211	32	-3.3008
DUNGS_p_TCGA_b84_115_SNP_N_GenomeWideSNP_6_B07_771566	Y	24582783	24599413	7	-4.9699
DUNGS_p_TCGA_b84_115_SNP_N_GenomeWideSNP_6_B07_771566	Y	24602438	25040317	97	-3.0028
DUNGS_p_TCGA_b84_115_SNP_N_GenomeWideSNP_6_B07_771566	Y	25040616	25412124	62	-4.3702
DUNGS_p_TCGA_b84_115_SNP_N_GenomeWideSNP_6_B07_771566	Y	25431775	25431777	3	-0.7437
DUNGS_p_TCGA_b84_115_SNP_N_GenomeWideSNP_6_B07_771566	Y	25450517	25649572	14	-4.3677
DUNGS_p_TCGA_b84_115_SNP_N_GenomeWideSNP_6_B07_771566	Y	25664067	26129939	98	-2.7692
DUNGS_p_TCGA_b84_115_SNP_N_GenomeWideSNP_6_B07_771566	Y	26130472	26209230	32	-4.1383
DUNGS_p_TCGA_b84_115_SNP_N_GenomeWideSNP_6_B07_771566	Y	26212556	26317612	42	-3.181
DUNGS_p_TCGA_b84_115_SNP_N_GenomeWideSNP_6_B07_771566	Y	26318069	26462124	64	-3.9784
DUNGS_p_TCGA_b84_115_SNP_N_GenomeWideSNP_6_B07_771566	Y	26463416	26522080	28	-2.6443
DUNGS_p_TCGA_b84_115_SNP_N_GenomeWideSNP_6_B07_771566	Y	26522795	26833326	85	-3.9495
DUNGS_p_TCGA_b84_115_SNP_N_GenomeWideSNP_6_B07_771566	Y	26847504	57427647	183	-2.6765
