Sample	Chromosome	Start	End	Num_Probes	Segment_Mean
DUNGS_p_TCGA_b84_115_SNP_N_GenomeWideSNP_6_C03_771494	1	61735	235938	27	-0.3898
DUNGS_p_TCGA_b84_115_SNP_N_GenomeWideSNP_6_C03_771494	1	356443	20793015	11370	0.0219
DUNGS_p_TCGA_b84_115_SNP_N_GenomeWideSNP_6_C03_771494	1	20795117	21655313	473	-0.2283
DUNGS_p_TCGA_b84_115_SNP_N_GenomeWideSNP_6_C03_771494	1	21655884	23568139	1182	0.0314
DUNGS_p_TCGA_b84_115_SNP_N_GenomeWideSNP_6_C03_771494	1	23571249	24743879	590	-0.2338
DUNGS_p_TCGA_b84_115_SNP_N_GenomeWideSNP_6_C03_771494	1	24744341	24775581	23	0.1058
DUNGS_p_TCGA_b84_115_SNP_N_GenomeWideSNP_6_C03_771494	1	24776253	24795949	17	-0.0898
DUNGS_p_TCGA_b84_115_SNP_N_GenomeWideSNP_6_C03_771494	1	24804104	25583341	494	0.2669
DUNGS_p_TCGA_b84_115_SNP_N_GenomeWideSNP_6_C03_771494	1	25593128	25646946	27	-1.8095
DUNGS_p_TCGA_b84_115_SNP_N_GenomeWideSNP_6_C03_771494	1	25646986	30738534	2406	0.2639
DUNGS_p_TCGA_b84_115_SNP_N_GenomeWideSNP_6_C03_771494	1	30739299	30739796	3	-0.8374
DUNGS_p_TCGA_b84_115_SNP_N_GenomeWideSNP_6_C03_771494	1	30741496	50035049	11031	0.2592
DUNGS_p_TCGA_b84_115_SNP_N_GenomeWideSNP_6_C03_771494	1	50035874	50044828	2	-0.778
DUNGS_p_TCGA_b84_115_SNP_N_GenomeWideSNP_6_C03_771494	1	50046741	54578100	2300	0.2434
DUNGS_p_TCGA_b84_115_SNP_N_GenomeWideSNP_6_C03_771494	1	54580012	54593256	12	0.68
DUNGS_p_TCGA_b84_115_SNP_N_GenomeWideSNP_6_C03_771494	1	54594263	55324150	492	0.207
DUNGS_p_TCGA_b84_115_SNP_N_GenomeWideSNP_6_C03_771494	1	55324873	55324959	2	-1.3353
DUNGS_p_TCGA_b84_115_SNP_N_GenomeWideSNP_6_C03_771494	1	55325794	57945910	2135	0.188
DUNGS_p_TCGA_b84_115_SNP_N_GenomeWideSNP_6_C03_771494	1	57946074	57948535	2	-1.0146
DUNGS_p_TCGA_b84_115_SNP_N_GenomeWideSNP_6_C03_771494	1	57951180	60046102	1659	0.2216
DUNGS_p_TCGA_b84_115_SNP_N_GenomeWideSNP_6_C03_771494	1	60052066	60058279	2	-1.294
DUNGS_p_TCGA_b84_115_SNP_N_GenomeWideSNP_6_C03_771494	1	60058706	72768916	8834	0.2375
DUNGS_p_TCGA_b84_115_SNP_N_GenomeWideSNP_6_C03_771494	1	72768936	72811133	44	-1.4721
DUNGS_p_TCGA_b84_115_SNP_N_GenomeWideSNP_6_C03_771494	1	72811148	104221878	20115	0.2132
DUNGS_p_TCGA_b84_115_SNP_N_GenomeWideSNP_6_C03_771494	1	104221904	104259444	15	0.5842
DUNGS_p_TCGA_b84_115_SNP_N_GenomeWideSNP_6_C03_771494	1	104260032	106019205	925	0.1673
DUNGS_p_TCGA_b84_115_SNP_N_GenomeWideSNP_6_C03_771494	1	106019236	106021853	12	0.8862
DUNGS_p_TCGA_b84_115_SNP_N_GenomeWideSNP_6_C03_771494	1	106022090	110224427	2663	0.1763
DUNGS_p_TCGA_b84_115_SNP_N_GenomeWideSNP_6_C03_771494	1	110225642	110225920	2	1.2117
DUNGS_p_TCGA_b84_115_SNP_N_GenomeWideSNP_6_C03_771494	1	110225965	112690248	1986	0.2021
DUNGS_p_TCGA_b84_115_SNP_N_GenomeWideSNP_6_C03_771494	1	112690326	112697390	26	-0.2927
DUNGS_p_TCGA_b84_115_SNP_N_GenomeWideSNP_6_C03_771494	1	112705956	144849544	5248	0.195
DUNGS_p_TCGA_b84_115_SNP_N_GenomeWideSNP_6_C03_771494	1	144849552	144868360	3	1.2059
DUNGS_p_TCGA_b84_115_SNP_N_GenomeWideSNP_6_C03_771494	1	144869084	145151134	145	0.2857
DUNGS_p_TCGA_b84_115_SNP_N_GenomeWideSNP_6_C03_771494	1	145151728	145152757	6	1.051
DUNGS_p_TCGA_b84_115_SNP_N_GenomeWideSNP_6_C03_771494	1	145156301	149545386	1150	0.2473
DUNGS_p_TCGA_b84_115_SNP_N_GenomeWideSNP_6_C03_771494	1	149548713	149617451	4	-0.6132
DUNGS_p_TCGA_b84_115_SNP_N_GenomeWideSNP_6_C03_771494	1	149617488	152761923	1698	0.2471
DUNGS_p_TCGA_b84_115_SNP_N_GenomeWideSNP_6_C03_771494	1	152761939	152768338	33	0.6304
DUNGS_p_TCGA_b84_115_SNP_N_GenomeWideSNP_6_C03_771494	1	152768359	153192829	333	0.2349
DUNGS_p_TCGA_b84_115_SNP_N_GenomeWideSNP_6_C03_771494	1	153193178	153197945	6	-0.7246
DUNGS_p_TCGA_b84_115_SNP_N_GenomeWideSNP_6_C03_771494	1	153200808	158536129	3000	0.2425
DUNGS_p_TCGA_b84_115_SNP_N_GenomeWideSNP_6_C03_771494	1	158536364	158542941	3	-0.7509
DUNGS_p_TCGA_b84_115_SNP_N_GenomeWideSNP_6_C03_771494	1	158545435	169216937	8013	0.2262
DUNGS_p_TCGA_b84_115_SNP_N_GenomeWideSNP_6_C03_771494	1	169233974	169238745	6	-4.0754
DUNGS_p_TCGA_b84_115_SNP_N_GenomeWideSNP_6_C03_771494	1	169241766	248725234	54119	0.2272
DUNGS_p_TCGA_b84_115_SNP_N_GenomeWideSNP_6_C03_771494	1	248736075	248818483	41	-0.5284
DUNGS_p_TCGA_b84_115_SNP_N_GenomeWideSNP_6_C03_771494	1	248825137	249224388	139	0.2146
DUNGS_p_TCGA_b84_115_SNP_N_GenomeWideSNP_6_C03_771494	2	12784	3722494	2569	-0.1455
DUNGS_p_TCGA_b84_115_SNP_N_GenomeWideSNP_6_C03_771494	2	3727692	3733273	7	-0.9529
DUNGS_p_TCGA_b84_115_SNP_N_GenomeWideSNP_6_C03_771494	2	3736538	4216469	421	-0.1264
DUNGS_p_TCGA_b84_115_SNP_N_GenomeWideSNP_6_C03_771494	2	4216905	4219337	14	-0.7384
DUNGS_p_TCGA_b84_115_SNP_N_GenomeWideSNP_6_C03_771494	2	4219539	14059586	7528	-0.1227
DUNGS_p_TCGA_b84_115_SNP_N_GenomeWideSNP_6_C03_771494	2	14059628	14060528	2	-1.3461
DUNGS_p_TCGA_b84_115_SNP_N_GenomeWideSNP_6_C03_771494	2	14061535	21313558	5373	-0.1297
DUNGS_p_TCGA_b84_115_SNP_N_GenomeWideSNP_6_C03_771494	2	21315816	34520473	8123	0.2065
DUNGS_p_TCGA_b84_115_SNP_N_GenomeWideSNP_6_C03_771494	2	34523978	34525580	2	-2.5633
DUNGS_p_TCGA_b84_115_SNP_N_GenomeWideSNP_6_C03_771494	2	34525967	34691069	95	0.1944
DUNGS_p_TCGA_b84_115_SNP_N_GenomeWideSNP_6_C03_771494	2	34699315	34701735	6	-3.2048
DUNGS_p_TCGA_b84_115_SNP_N_GenomeWideSNP_6_C03_771494	2	34708632	34717974	24	-1.7011
DUNGS_p_TCGA_b84_115_SNP_N_GenomeWideSNP_6_C03_771494	2	34717988	34737057	16	-3.0323
DUNGS_p_TCGA_b84_115_SNP_N_GenomeWideSNP_6_C03_771494	2	34737163	35977790	879	0.1636
DUNGS_p_TCGA_b84_115_SNP_N_GenomeWideSNP_6_C03_771494	2	35977941	35987916	5	1.0358
DUNGS_p_TCGA_b84_115_SNP_N_GenomeWideSNP_6_C03_771494	2	35987947	88218743	34460	0.227
DUNGS_p_TCGA_b84_115_SNP_N_GenomeWideSNP_6_C03_771494	2	88225491	91760890	839	-0.115
DUNGS_p_TCGA_b84_115_SNP_N_GenomeWideSNP_6_C03_771494	2	91766584	91890841	45	0.1907
DUNGS_p_TCGA_b84_115_SNP_N_GenomeWideSNP_6_C03_771494	2	91891552	91972202	17	-0.4358
DUNGS_p_TCGA_b84_115_SNP_N_GenomeWideSNP_6_C03_771494	2	91981540	92191674	34	-0.0442
DUNGS_p_TCGA_b84_115_SNP_N_GenomeWideSNP_6_C03_771494	2	92193283	92286207	13	-0.4768
DUNGS_p_TCGA_b84_115_SNP_N_GenomeWideSNP_6_C03_771494	2	92288268	97876200	881	-0.0859
DUNGS_p_TCGA_b84_115_SNP_N_GenomeWideSNP_6_C03_771494	2	97876273	97877001	3	-0.9242
DUNGS_p_TCGA_b84_115_SNP_N_GenomeWideSNP_6_C03_771494	2	97877173	106883229	5621	-0.094
DUNGS_p_TCGA_b84_115_SNP_N_GenomeWideSNP_6_C03_771494	2	106883331	106884979	5	-0.8237
DUNGS_p_TCGA_b84_115_SNP_N_GenomeWideSNP_6_C03_771494	2	106885013	108440736	997	-0.1151
DUNGS_p_TCGA_b84_115_SNP_N_GenomeWideSNP_6_C03_771494	2	108446969	108480907	2	-1.2454
DUNGS_p_TCGA_b84_115_SNP_N_GenomeWideSNP_6_C03_771494	2	108492088	112333936	1707	-0.1011
DUNGS_p_TCGA_b84_115_SNP_N_GenomeWideSNP_6_C03_771494	2	112350250	112367825	4	-1.0942
DUNGS_p_TCGA_b84_115_SNP_N_GenomeWideSNP_6_C03_771494	2	112373169	126442223	8811	-0.116
DUNGS_p_TCGA_b84_115_SNP_N_GenomeWideSNP_6_C03_771494	2	126451651	126451913	2	-1.5575
DUNGS_p_TCGA_b84_115_SNP_N_GenomeWideSNP_6_C03_771494	2	126451932	146864429	12453	-0.1209
DUNGS_p_TCGA_b84_115_SNP_N_GenomeWideSNP_6_C03_771494	2	146864443	146866934	22	-1.8879
DUNGS_p_TCGA_b84_115_SNP_N_GenomeWideSNP_6_C03_771494	2	146877806	183053658	22284	-0.1183
DUNGS_p_TCGA_b84_115_SNP_N_GenomeWideSNP_6_C03_771494	2	183054995	183059200	5	-1.3207
DUNGS_p_TCGA_b84_115_SNP_N_GenomeWideSNP_6_C03_771494	2	183065934	185116339	1238	-0.1245
DUNGS_p_TCGA_b84_115_SNP_N_GenomeWideSNP_6_C03_771494	2	185118891	185120778	9	-1.5802
DUNGS_p_TCGA_b84_115_SNP_N_GenomeWideSNP_6_C03_771494	2	185124989	197697735	7108	-0.089
DUNGS_p_TCGA_b84_115_SNP_N_GenomeWideSNP_6_C03_771494	2	197700961	197704048	2	-1.6696
DUNGS_p_TCGA_b84_115_SNP_N_GenomeWideSNP_6_C03_771494	2	197708712	208354955	6385	-0.1074
DUNGS_p_TCGA_b84_115_SNP_N_GenomeWideSNP_6_C03_771494	2	208355178	208360222	22	-0.6356
DUNGS_p_TCGA_b84_115_SNP_N_GenomeWideSNP_6_C03_771494	2	208360268	243089456	22158	-0.1136
DUNGS_p_TCGA_b84_115_SNP_N_GenomeWideSNP_6_C03_771494	3	60345	624230	519	-0.1916
DUNGS_p_TCGA_b84_115_SNP_N_GenomeWideSNP_6_C03_771494	3	627278	659045	9	0.3861
DUNGS_p_TCGA_b84_115_SNP_N_GenomeWideSNP_6_C03_771494	3	663627	5875726	4622	-0.2051
DUNGS_p_TCGA_b84_115_SNP_N_GenomeWideSNP_6_C03_771494	3	5881609	5887648	6	-0.8554
DUNGS_p_TCGA_b84_115_SNP_N_GenomeWideSNP_6_C03_771494	3	5888521	40080366	23945	-0.2042
DUNGS_p_TCGA_b84_115_SNP_N_GenomeWideSNP_6_C03_771494	3	40084234	40085298	3	-1.0997
DUNGS_p_TCGA_b84_115_SNP_N_GenomeWideSNP_6_C03_771494	3	40086208	61126821	12887	-0.1939
DUNGS_p_TCGA_b84_115_SNP_N_GenomeWideSNP_6_C03_771494	3	61127205	61128017	3	-1.6024
DUNGS_p_TCGA_b84_115_SNP_N_GenomeWideSNP_6_C03_771494	3	61130900	75309633	10751	-0.2043
DUNGS_p_TCGA_b84_115_SNP_N_GenomeWideSNP_6_C03_771494	3	75311234	75311829	3	-1.2349
DUNGS_p_TCGA_b84_115_SNP_N_GenomeWideSNP_6_C03_771494	3	75317706	75561141	114	-0.185
DUNGS_p_TCGA_b84_115_SNP_N_GenomeWideSNP_6_C03_771494	3	75568549	75596246	9	0.4205
DUNGS_p_TCGA_b84_115_SNP_N_GenomeWideSNP_6_C03_771494	3	75608639	84102222	4699	-0.2197
DUNGS_p_TCGA_b84_115_SNP_N_GenomeWideSNP_6_C03_771494	3	84105433	84106166	2	-1.4644
DUNGS_p_TCGA_b84_115_SNP_N_GenomeWideSNP_6_C03_771494	3	84110967	89807018	3252	-0.2249
DUNGS_p_TCGA_b84_115_SNP_N_GenomeWideSNP_6_C03_771494	3	89810780	89925422	53	0.5899
DUNGS_p_TCGA_b84_115_SNP_N_GenomeWideSNP_6_C03_771494	3	89937569	89975054	16	0.0664
DUNGS_p_TCGA_b84_115_SNP_N_GenomeWideSNP_6_C03_771494	3	89983403	90502862	134	-0.2546
DUNGS_p_TCGA_b84_115_SNP_N_GenomeWideSNP_6_C03_771494	3	93519478	97374537	1947	0.2094
DUNGS_p_TCGA_b84_115_SNP_N_GenomeWideSNP_6_C03_771494	3	97377210	97377966	4	-0.4521
DUNGS_p_TCGA_b84_115_SNP_N_GenomeWideSNP_6_C03_771494	3	97381262	98937784	910	0.2178
DUNGS_p_TCGA_b84_115_SNP_N_GenomeWideSNP_6_C03_771494	3	98944458	98949421	38	-0.3136
DUNGS_p_TCGA_b84_115_SNP_N_GenomeWideSNP_6_C03_771494	3	98950964	128384523	18123	0.2233
DUNGS_p_TCGA_b84_115_SNP_N_GenomeWideSNP_6_C03_771494	3	128386602	128412331	14	1.0213
DUNGS_p_TCGA_b84_115_SNP_N_GenomeWideSNP_6_C03_771494	3	128414161	162524858	20997	0.2286
DUNGS_p_TCGA_b84_115_SNP_N_GenomeWideSNP_6_C03_771494	3	162528630	162540490	10	-1.1993
DUNGS_p_TCGA_b84_115_SNP_N_GenomeWideSNP_6_C03_771494	3	162545716	162625995	48	0.7813
DUNGS_p_TCGA_b84_115_SNP_N_GenomeWideSNP_6_C03_771494	3	162626572	163653428	577	0.2268
DUNGS_p_TCGA_b84_115_SNP_N_GenomeWideSNP_6_C03_771494	3	163658943	163659075	8	-0.3612
DUNGS_p_TCGA_b84_115_SNP_N_GenomeWideSNP_6_C03_771494	3	163662297	186406138	13882	0.2372
DUNGS_p_TCGA_b84_115_SNP_N_GenomeWideSNP_6_C03_771494	3	186412861	186417771	11	-0.7232
DUNGS_p_TCGA_b84_115_SNP_N_GenomeWideSNP_6_C03_771494	3	186421870	192877902	4734	0.2343
DUNGS_p_TCGA_b84_115_SNP_N_GenomeWideSNP_6_C03_771494	3	192877962	192882903	19	-1.1361
DUNGS_p_TCGA_b84_115_SNP_N_GenomeWideSNP_6_C03_771494	3	192886435	195186140	1465	0.2555
DUNGS_p_TCGA_b84_115_SNP_N_GenomeWideSNP_6_C03_771494	3	195194569	195195298	2	-1.0209
DUNGS_p_TCGA_b84_115_SNP_N_GenomeWideSNP_6_C03_771494	3	195240824	195390680	22	0.2579
DUNGS_p_TCGA_b84_115_SNP_N_GenomeWideSNP_6_C03_771494	3	195399075	195446829	25	0.7281
DUNGS_p_TCGA_b84_115_SNP_N_GenomeWideSNP_6_C03_771494	3	195446922	197896118	1194	0.2648
DUNGS_p_TCGA_b84_115_SNP_N_GenomeWideSNP_6_C03_771494	4	12281	66719	58	0.3436
DUNGS_p_TCGA_b84_115_SNP_N_GenomeWideSNP_6_C03_771494	4	68821	9456977	5196	0.0666
DUNGS_p_TCGA_b84_115_SNP_N_GenomeWideSNP_6_C03_771494	4	9461230	9470734	4	-0.963
DUNGS_p_TCGA_b84_115_SNP_N_GenomeWideSNP_6_C03_771494	4	9471258	10210390	551	0.0647
DUNGS_p_TCGA_b84_115_SNP_N_GenomeWideSNP_6_C03_771494	4	10214160	10235268	36	1.1863
DUNGS_p_TCGA_b84_115_SNP_N_GenomeWideSNP_6_C03_771494	4	10236142	10390715	171	0.0575
DUNGS_p_TCGA_b84_115_SNP_N_GenomeWideSNP_6_C03_771494	4	10392354	10400668	16	-0.5163
DUNGS_p_TCGA_b84_115_SNP_N_GenomeWideSNP_6_C03_771494	4	10402718	34779054	16820	0.0525
DUNGS_p_TCGA_b84_115_SNP_N_GenomeWideSNP_6_C03_771494	4	34786500	34824725	38	0.6239
DUNGS_p_TCGA_b84_115_SNP_N_GenomeWideSNP_6_C03_771494	4	34829872	36597301	1193	0.0479
DUNGS_p_TCGA_b84_115_SNP_N_GenomeWideSNP_6_C03_771494	4	36597968	36600402	3	-0.734
DUNGS_p_TCGA_b84_115_SNP_N_GenomeWideSNP_6_C03_771494	4	36600412	39704197	2134	0.0727
DUNGS_p_TCGA_b84_115_SNP_N_GenomeWideSNP_6_C03_771494	4	39704409	39714179	10	-0.5816
DUNGS_p_TCGA_b84_115_SNP_N_GenomeWideSNP_6_C03_771494	4	39714340	61327312	11360	0.1033
DUNGS_p_TCGA_b84_115_SNP_N_GenomeWideSNP_6_C03_771494	4	61329994	61331617	2	1.1365
DUNGS_p_TCGA_b84_115_SNP_N_GenomeWideSNP_6_C03_771494	4	61335564	64697469	1904	0.103
DUNGS_p_TCGA_b84_115_SNP_N_GenomeWideSNP_6_C03_771494	4	64697517	64704293	6	-0.5678
DUNGS_p_TCGA_b84_115_SNP_N_GenomeWideSNP_6_C03_771494	4	64705156	64707605	16	-0.1149
DUNGS_p_TCGA_b84_115_SNP_N_GenomeWideSNP_6_C03_771494	4	64707754	64708258	6	-0.8086
DUNGS_p_TCGA_b84_115_SNP_N_GenomeWideSNP_6_C03_771494	4	64716431	69244434	2857	0.1175
DUNGS_p_TCGA_b84_115_SNP_N_GenomeWideSNP_6_C03_771494	4	69255070	69256759	3	1.1118
DUNGS_p_TCGA_b84_115_SNP_N_GenomeWideSNP_6_C03_771494	4	69256760	70123510	418	0.1025
DUNGS_p_TCGA_b84_115_SNP_N_GenomeWideSNP_6_C03_771494	4	70127644	70239989	60	-0.3387
DUNGS_p_TCGA_b84_115_SNP_N_GenomeWideSNP_6_C03_771494	4	70242029	70389716	106	0.1412
DUNGS_p_TCGA_b84_115_SNP_N_GenomeWideSNP_6_C03_771494	4	70389861	70390779	2	-2.2582
DUNGS_p_TCGA_b84_115_SNP_N_GenomeWideSNP_6_C03_771494	4	70391888	77787204	4508	0.1372
DUNGS_p_TCGA_b84_115_SNP_N_GenomeWideSNP_6_C03_771494	4	77791219	77791526	4	-0.8024
DUNGS_p_TCGA_b84_115_SNP_N_GenomeWideSNP_6_C03_771494	4	77792192	108501623	18635	0.0673
DUNGS_p_TCGA_b84_115_SNP_N_GenomeWideSNP_6_C03_771494	4	108504634	108509815	3	-1.0645
DUNGS_p_TCGA_b84_115_SNP_N_GenomeWideSNP_6_C03_771494	4	108510155	109385588	524	0.0471
DUNGS_p_TCGA_b84_115_SNP_N_GenomeWideSNP_6_C03_771494	4	109387806	109388635	2	-1.1297
DUNGS_p_TCGA_b84_115_SNP_N_GenomeWideSNP_6_C03_771494	4	109404097	115175323	3601	0.0602
DUNGS_p_TCGA_b84_115_SNP_N_GenomeWideSNP_6_C03_771494	4	115175344	115175394	4	0.7926
DUNGS_p_TCGA_b84_115_SNP_N_GenomeWideSNP_6_C03_771494	4	115175412	115179049	5	-0.0074
DUNGS_p_TCGA_b84_115_SNP_N_GenomeWideSNP_6_C03_771494	4	115179352	115182175	13	0.7424
DUNGS_p_TCGA_b84_115_SNP_N_GenomeWideSNP_6_C03_771494	4	115184229	122281973	4355	0.0635
DUNGS_p_TCGA_b84_115_SNP_N_GenomeWideSNP_6_C03_771494	4	122282468	122285135	28	-0.6867
DUNGS_p_TCGA_b84_115_SNP_N_GenomeWideSNP_6_C03_771494	4	122291131	125174320	1567	0.1248
DUNGS_p_TCGA_b84_115_SNP_N_GenomeWideSNP_6_C03_771494	4	125174490	125174568	2	-0.9262
DUNGS_p_TCGA_b84_115_SNP_N_GenomeWideSNP_6_C03_771494	4	125188467	132255485	4166	0.1253
DUNGS_p_TCGA_b84_115_SNP_N_GenomeWideSNP_6_C03_771494	4	132255939	132259630	2	1.134
DUNGS_p_TCGA_b84_115_SNP_N_GenomeWideSNP_6_C03_771494	4	132262183	143593086	6860	0.1194
DUNGS_p_TCGA_b84_115_SNP_N_GenomeWideSNP_6_C03_771494	4	143593551	143595242	2	-1.0291
DUNGS_p_TCGA_b84_115_SNP_N_GenomeWideSNP_6_C03_771494	4	143598649	161041304	10456	0.0599
DUNGS_p_TCGA_b84_115_SNP_N_GenomeWideSNP_6_C03_771494	4	161052774	161070789	40	-0.8778
DUNGS_p_TCGA_b84_115_SNP_N_GenomeWideSNP_6_C03_771494	4	161083870	161874000	594	0.0347
DUNGS_p_TCGA_b84_115_SNP_N_GenomeWideSNP_6_C03_771494	4	161880018	161884908	21	-0.6177
DUNGS_p_TCGA_b84_115_SNP_N_GenomeWideSNP_6_C03_771494	4	161884919	189221258	18062	0.0499
DUNGS_p_TCGA_b84_115_SNP_N_GenomeWideSNP_6_C03_771494	4	189221360	189221439	4	1.1707
DUNGS_p_TCGA_b84_115_SNP_N_GenomeWideSNP_6_C03_771494	4	189222813	191027923	1177	0.0676
DUNGS_p_TCGA_b84_115_SNP_N_GenomeWideSNP_6_C03_771494	5	15532	659605	295	1.0765
DUNGS_p_TCGA_b84_115_SNP_N_GenomeWideSNP_6_C03_771494	5	660804	779860	42	0.8117
DUNGS_p_TCGA_b84_115_SNP_N_GenomeWideSNP_6_C03_771494	5	779881	1379762	296	1.0649
DUNGS_p_TCGA_b84_115_SNP_N_GenomeWideSNP_6_C03_771494	5	1379826	2303782	643	0.7784
DUNGS_p_TCGA_b84_115_SNP_N_GenomeWideSNP_6_C03_771494	5	2304432	2304446	2	-0.6325
DUNGS_p_TCGA_b84_115_SNP_N_GenomeWideSNP_6_C03_771494	5	2304811	12800889	8956	0.7576
DUNGS_p_TCGA_b84_115_SNP_N_GenomeWideSNP_6_C03_771494	5	12815780	12826650	11	-1.9015
DUNGS_p_TCGA_b84_115_SNP_N_GenomeWideSNP_6_C03_771494	5	12833857	13184429	100	0.6754
DUNGS_p_TCGA_b84_115_SNP_N_GenomeWideSNP_6_C03_771494	5	13187755	13760721	433	1.0543
DUNGS_p_TCGA_b84_115_SNP_N_GenomeWideSNP_6_C03_771494	5	13761068	14085012	277	0.7842
DUNGS_p_TCGA_b84_115_SNP_N_GenomeWideSNP_6_C03_771494	5	14085760	14267936	187	1.0586
DUNGS_p_TCGA_b84_115_SNP_N_GenomeWideSNP_6_C03_771494	5	14268040	15331400	755	0.7899
DUNGS_p_TCGA_b84_115_SNP_N_GenomeWideSNP_6_C03_771494	5	15332569	15332706	6	0.0977
DUNGS_p_TCGA_b84_115_SNP_N_GenomeWideSNP_6_C03_771494	5	15333012	15785038	272	0.7962
DUNGS_p_TCGA_b84_115_SNP_N_GenomeWideSNP_6_C03_771494	5	15785182	15787726	7	1.386
DUNGS_p_TCGA_b84_115_SNP_N_GenomeWideSNP_6_C03_771494	5	15791510	17828138	1308	0.7789
DUNGS_p_TCGA_b84_115_SNP_N_GenomeWideSNP_6_C03_771494	5	17828853	17829787	3	-0.6487
DUNGS_p_TCGA_b84_115_SNP_N_GenomeWideSNP_6_C03_771494	5	17833659	20458362	1630	0.7725
DUNGS_p_TCGA_b84_115_SNP_N_GenomeWideSNP_6_C03_771494	5	20458518	20458653	3	-0.2189
DUNGS_p_TCGA_b84_115_SNP_N_GenomeWideSNP_6_C03_771494	5	20458798	21449276	566	0.7316
DUNGS_p_TCGA_b84_115_SNP_N_GenomeWideSNP_6_C03_771494	5	21451200	21452438	5	1.4524
DUNGS_p_TCGA_b84_115_SNP_N_GenomeWideSNP_6_C03_771494	5	21452496	34282967	8007	0.7718
DUNGS_p_TCGA_b84_115_SNP_N_GenomeWideSNP_6_C03_771494	5	34289324	34717133	286	1.0229
DUNGS_p_TCGA_b84_115_SNP_N_GenomeWideSNP_6_C03_771494	5	34724054	49432831	6773	0.7779
DUNGS_p_TCGA_b84_115_SNP_N_GenomeWideSNP_6_C03_771494	5	49441958	51290381	908	0.2002
DUNGS_p_TCGA_b84_115_SNP_N_GenomeWideSNP_6_C03_771494	5	51290481	52151049	574	-0.2678
DUNGS_p_TCGA_b84_115_SNP_N_GenomeWideSNP_6_C03_771494	5	52152394	53568086	1003	0.1978
DUNGS_p_TCGA_b84_115_SNP_N_GenomeWideSNP_6_C03_771494	5	53574945	59242724	4095	-0.1903
DUNGS_p_TCGA_b84_115_SNP_N_GenomeWideSNP_6_C03_771494	5	59245398	59284154	25	0.4182
DUNGS_p_TCGA_b84_115_SNP_N_GenomeWideSNP_6_C03_771494	5	59285461	59405498	54	-0.1284
DUNGS_p_TCGA_b84_115_SNP_N_GenomeWideSNP_6_C03_771494	5	59414136	59447710	13	0.4509
DUNGS_p_TCGA_b84_115_SNP_N_GenomeWideSNP_6_C03_771494	5	59451019	59467811	11	-0.1725
DUNGS_p_TCGA_b84_115_SNP_N_GenomeWideSNP_6_C03_771494	5	59469940	62031365	1498	0.4905
DUNGS_p_TCGA_b84_115_SNP_N_GenomeWideSNP_6_C03_771494	5	62037885	62120816	105	0.0749
DUNGS_p_TCGA_b84_115_SNP_N_GenomeWideSNP_6_C03_771494	5	62123654	63147022	598	0.5973
DUNGS_p_TCGA_b84_115_SNP_N_GenomeWideSNP_6_C03_771494	5	63147628	68829347	3519	-0.2765
DUNGS_p_TCGA_b84_115_SNP_N_GenomeWideSNP_6_C03_771494	5	68846303	69118135	6	-0.8979
DUNGS_p_TCGA_b84_115_SNP_N_GenomeWideSNP_6_C03_771494	5	69233427	70697079	43	0.0137
DUNGS_p_TCGA_b84_115_SNP_N_GenomeWideSNP_6_C03_771494	5	70702190	86111756	9634	-0.2699
DUNGS_p_TCGA_b84_115_SNP_N_GenomeWideSNP_6_C03_771494	5	86115378	86122767	5	-0.9786
DUNGS_p_TCGA_b84_115_SNP_N_GenomeWideSNP_6_C03_771494	5	86123279	96911070	5880	-0.2793
DUNGS_p_TCGA_b84_115_SNP_N_GenomeWideSNP_6_C03_771494	5	96911529	96916683	2	-1.4733
DUNGS_p_TCGA_b84_115_SNP_N_GenomeWideSNP_6_C03_771494	5	96917834	97045121	83	-0.3116
DUNGS_p_TCGA_b84_115_SNP_N_GenomeWideSNP_6_C03_771494	5	97048466	97099320	43	-1.9947
DUNGS_p_TCGA_b84_115_SNP_N_GenomeWideSNP_6_C03_771494	5	97099684	97116861	8	-0.2286
DUNGS_p_TCGA_b84_115_SNP_N_GenomeWideSNP_6_C03_771494	5	97120085	97120507	3	-1.4874
DUNGS_p_TCGA_b84_115_SNP_N_GenomeWideSNP_6_C03_771494	5	97125667	103851221	3879	-0.2771
DUNGS_p_TCGA_b84_115_SNP_N_GenomeWideSNP_6_C03_771494	5	103860373	103860604	4	0.862
DUNGS_p_TCGA_b84_115_SNP_N_GenomeWideSNP_6_C03_771494	5	103861049	117388422	9415	-0.2847
DUNGS_p_TCGA_b84_115_SNP_N_GenomeWideSNP_6_C03_771494	5	117388610	117389085	10	-1.5167
DUNGS_p_TCGA_b84_115_SNP_N_GenomeWideSNP_6_C03_771494	5	117404340	119884573	1605	-0.288
DUNGS_p_TCGA_b84_115_SNP_N_GenomeWideSNP_6_C03_771494	5	119884992	119885348	2	-1.7046
DUNGS_p_TCGA_b84_115_SNP_N_GenomeWideSNP_6_C03_771494	5	119885929	140218722	12238	-0.2736
DUNGS_p_TCGA_b84_115_SNP_N_GenomeWideSNP_6_C03_771494	5	140223836	140231839	10	-2.1761
DUNGS_p_TCGA_b84_115_SNP_N_GenomeWideSNP_6_C03_771494	5	140241027	140597816	150	-0.2438
DUNGS_p_TCGA_b84_115_SNP_N_GenomeWideSNP_6_C03_771494	5	140600509	140601198	4	-1.2884
DUNGS_p_TCGA_b84_115_SNP_N_GenomeWideSNP_6_C03_771494	5	140602119	144003262	2278	-0.2582
DUNGS_p_TCGA_b84_115_SNP_N_GenomeWideSNP_6_C03_771494	5	144017830	145471547	951	0.3672
DUNGS_p_TCGA_b84_115_SNP_N_GenomeWideSNP_6_C03_771494	5	145471909	151514171	4172	0.5875
DUNGS_p_TCGA_b84_115_SNP_N_GenomeWideSNP_6_C03_771494	5	151515386	151520271	15	0.1296
DUNGS_p_TCGA_b84_115_SNP_N_GenomeWideSNP_6_C03_771494	5	151520422	166649030	10135	0.5703
DUNGS_p_TCGA_b84_115_SNP_N_GenomeWideSNP_6_C03_771494	5	166650318	166659828	3	-0.4012
DUNGS_p_TCGA_b84_115_SNP_N_GenomeWideSNP_6_C03_771494	5	166662590	174436021	5926	0.5963
DUNGS_p_TCGA_b84_115_SNP_N_GenomeWideSNP_6_C03_771494	5	174436833	174439243	8	0.0185
DUNGS_p_TCGA_b84_115_SNP_N_GenomeWideSNP_6_C03_771494	5	174443233	177166140	1443	0.6317
DUNGS_p_TCGA_b84_115_SNP_N_GenomeWideSNP_6_C03_771494	5	177167963	177228579	5	-0.988
DUNGS_p_TCGA_b84_115_SNP_N_GenomeWideSNP_6_C03_771494	5	177232605	179085636	1070	0.6494
DUNGS_p_TCGA_b84_115_SNP_N_GenomeWideSNP_6_C03_771494	5	179085752	179104600	22	0.2978
DUNGS_p_TCGA_b84_115_SNP_N_GenomeWideSNP_6_C03_771494	5	179105007	180374523	723	0.6612
DUNGS_p_TCGA_b84_115_SNP_N_GenomeWideSNP_6_C03_771494	5	180378710	180418103	19	-0.248
DUNGS_p_TCGA_b84_115_SNP_N_GenomeWideSNP_6_C03_771494	5	180433225	180790320	171	0.6115
DUNGS_p_TCGA_b84_115_SNP_N_GenomeWideSNP_6_C03_771494	6	149661	251648	94	0.1577
DUNGS_p_TCGA_b84_115_SNP_N_GenomeWideSNP_6_C03_771494	6	252049	254283	7	-0.1593
DUNGS_p_TCGA_b84_115_SNP_N_GenomeWideSNP_6_C03_771494	6	257353	314962	27	-0.5544
DUNGS_p_TCGA_b84_115_SNP_N_GenomeWideSNP_6_C03_771494	6	315197	19040119	14686	0.0964
DUNGS_p_TCGA_b84_115_SNP_N_GenomeWideSNP_6_C03_771494	6	19042181	19044898	9	-0.4806
DUNGS_p_TCGA_b84_115_SNP_N_GenomeWideSNP_6_C03_771494	6	19050742	19930058	659	0.0824
DUNGS_p_TCGA_b84_115_SNP_N_GenomeWideSNP_6_C03_771494	6	19930286	19933342	2	1.1094
DUNGS_p_TCGA_b84_115_SNP_N_GenomeWideSNP_6_C03_771494	6	19934466	29837188	6284	0.0917
DUNGS_p_TCGA_b84_115_SNP_N_GenomeWideSNP_6_C03_771494	6	29837314	29849267	14	-0.6596
DUNGS_p_TCGA_b84_115_SNP_N_GenomeWideSNP_6_C03_771494	6	29850196	29918587	36	0.1059
DUNGS_p_TCGA_b84_115_SNP_N_GenomeWideSNP_6_C03_771494	6	29921074	29921223	3	-0.7021
DUNGS_p_TCGA_b84_115_SNP_N_GenomeWideSNP_6_C03_771494	6	29926461	31280823	635	0.1043
DUNGS_p_TCGA_b84_115_SNP_N_GenomeWideSNP_6_C03_771494	6	31286276	31295953	8	1.1835
DUNGS_p_TCGA_b84_115_SNP_N_GenomeWideSNP_6_C03_771494	6	31295987	32624591	575	0.0725
DUNGS_p_TCGA_b84_115_SNP_N_GenomeWideSNP_6_C03_771494	6	32625095	32626618	4	-0.9936
DUNGS_p_TCGA_b84_115_SNP_N_GenomeWideSNP_6_C03_771494	6	32650612	53931151	13757	0.0985
DUNGS_p_TCGA_b84_115_SNP_N_GenomeWideSNP_6_C03_771494	6	53931230	53931855	6	-1.3821
DUNGS_p_TCGA_b84_115_SNP_N_GenomeWideSNP_6_C03_771494	6	53935348	53939516	8	0.4314
DUNGS_p_TCGA_b84_115_SNP_N_GenomeWideSNP_6_C03_771494	6	53940560	54845685	596	0.0767
DUNGS_p_TCGA_b84_115_SNP_N_GenomeWideSNP_6_C03_771494	6	54848455	54850139	4	-1.1016
DUNGS_p_TCGA_b84_115_SNP_N_GenomeWideSNP_6_C03_771494	6	54852112	63990983	3060	0.0796
DUNGS_p_TCGA_b84_115_SNP_N_GenomeWideSNP_6_C03_771494	6	63993045	63993428	3	-0.7623
DUNGS_p_TCGA_b84_115_SNP_N_GenomeWideSNP_6_C03_771494	6	63994820	66121661	1204	0.037
DUNGS_p_TCGA_b84_115_SNP_N_GenomeWideSNP_6_C03_771494	6	66121696	66126456	5	-0.6334
DUNGS_p_TCGA_b84_115_SNP_N_GenomeWideSNP_6_C03_771494	6	66126554	66394090	181	-0.0459
DUNGS_p_TCGA_b84_115_SNP_N_GenomeWideSNP_6_C03_771494	6	66399482	66399772	8	-0.4359
DUNGS_p_TCGA_b84_115_SNP_N_GenomeWideSNP_6_C03_771494	6	66400229	66403852	16	-1.0132
DUNGS_p_TCGA_b84_115_SNP_N_GenomeWideSNP_6_C03_771494	6	66407127	67038046	417	-0.0115
DUNGS_p_TCGA_b84_115_SNP_N_GenomeWideSNP_6_C03_771494	6	67040913	67043192	7	0.5562
DUNGS_p_TCGA_b84_115_SNP_N_GenomeWideSNP_6_C03_771494	6	67043235	74591858	5022	-0.0451
DUNGS_p_TCGA_b84_115_SNP_N_GenomeWideSNP_6_C03_771494	6	74592225	74597341	9	0.5428
DUNGS_p_TCGA_b84_115_SNP_N_GenomeWideSNP_6_C03_771494	6	74601410	77014948	1473	-0.0828
DUNGS_p_TCGA_b84_115_SNP_N_GenomeWideSNP_6_C03_771494	6	77016900	77016926	3	1.0128
DUNGS_p_TCGA_b84_115_SNP_N_GenomeWideSNP_6_C03_771494	6	77016993	77429730	294	-0.0209
DUNGS_p_TCGA_b84_115_SNP_N_GenomeWideSNP_6_C03_771494	6	77436159	77461073	24	0.3278
DUNGS_p_TCGA_b84_115_SNP_N_GenomeWideSNP_6_C03_771494	6	77467931	78971802	985	-0.03
DUNGS_p_TCGA_b84_115_SNP_N_GenomeWideSNP_6_C03_771494	6	78971834	79032317	102	-0.4549
DUNGS_p_TCGA_b84_115_SNP_N_GenomeWideSNP_6_C03_771494	6	79032592	145792856	42141	-0.0719
DUNGS_p_TCGA_b84_115_SNP_N_GenomeWideSNP_6_C03_771494	6	145796486	145813262	16	-0.7147
DUNGS_p_TCGA_b84_115_SNP_N_GenomeWideSNP_6_C03_771494	6	145816699	154960882	6459	-0.0982
DUNGS_p_TCGA_b84_115_SNP_N_GenomeWideSNP_6_C03_771494	6	154963666	154965837	3	-1.5397
DUNGS_p_TCGA_b84_115_SNP_N_GenomeWideSNP_6_C03_771494	6	154966267	161032565	3951	-0.0918
DUNGS_p_TCGA_b84_115_SNP_N_GenomeWideSNP_6_C03_771494	6	161032719	161033283	5	1.1475
DUNGS_p_TCGA_b84_115_SNP_N_GenomeWideSNP_6_C03_771494	6	161068042	168753789	5694	-0.1134
DUNGS_p_TCGA_b84_115_SNP_N_GenomeWideSNP_6_C03_771494	6	168754653	168763331	2	-1.3488
DUNGS_p_TCGA_b84_115_SNP_N_GenomeWideSNP_6_C03_771494	6	168764560	171051005	1575	-0.0295
DUNGS_p_TCGA_b84_115_SNP_N_GenomeWideSNP_6_C03_771494	7	43355	6838724	3445	0.0897
DUNGS_p_TCGA_b84_115_SNP_N_GenomeWideSNP_6_C03_771494	7	6854110	6864083	4	-0.8749
DUNGS_p_TCGA_b84_115_SNP_N_GenomeWideSNP_6_C03_771494	7	6864247	24035127	13751	0.0673
DUNGS_p_TCGA_b84_115_SNP_N_GenomeWideSNP_6_C03_771494	7	24039878	24040383	2	1.1532
DUNGS_p_TCGA_b84_115_SNP_N_GenomeWideSNP_6_C03_771494	7	24040817	39545773	11251	0.0708
DUNGS_p_TCGA_b84_115_SNP_N_GenomeWideSNP_6_C03_771494	7	39548161	39549989	3	-1.1699
DUNGS_p_TCGA_b84_115_SNP_N_GenomeWideSNP_6_C03_771494	7	39553810	53316829	9400	0.0613
DUNGS_p_TCGA_b84_115_SNP_N_GenomeWideSNP_6_C03_771494	7	53318387	53318785	2	-1.015
DUNGS_p_TCGA_b84_115_SNP_N_GenomeWideSNP_6_C03_771494	7	53321683	54380373	754	0.0395
DUNGS_p_TCGA_b84_115_SNP_N_GenomeWideSNP_6_C03_771494	7	54386505	54386512	4	-1.0662
DUNGS_p_TCGA_b84_115_SNP_N_GenomeWideSNP_6_C03_771494	7	54386514	56761500	1575	0.0692
DUNGS_p_TCGA_b84_115_SNP_N_GenomeWideSNP_6_C03_771494	7	56762113	56768814	3	-2.6542
DUNGS_p_TCGA_b84_115_SNP_N_GenomeWideSNP_6_C03_771494	7	56772166	92377291	17454	0.0574
DUNGS_p_TCGA_b84_115_SNP_N_GenomeWideSNP_6_C03_771494	7	92377333	92377697	2	-1.0659
DUNGS_p_TCGA_b84_115_SNP_N_GenomeWideSNP_6_C03_771494	7	92377738	93623500	820	-0.0141
DUNGS_p_TCGA_b84_115_SNP_N_GenomeWideSNP_6_C03_771494	7	93637358	93637500	2	-1.17
DUNGS_p_TCGA_b84_115_SNP_N_GenomeWideSNP_6_C03_771494	7	93637625	95145556	883	0.0107
DUNGS_p_TCGA_b84_115_SNP_N_GenomeWideSNP_6_C03_771494	7	95146007	95291696	109	0.497
DUNGS_p_TCGA_b84_115_SNP_N_GenomeWideSNP_6_C03_771494	7	95298755	102837947	3642	0.0724
DUNGS_p_TCGA_b84_115_SNP_N_GenomeWideSNP_6_C03_771494	7	102843462	102844333	2	-1.2562
DUNGS_p_TCGA_b84_115_SNP_N_GenomeWideSNP_6_C03_771494	7	102844963	105958874	2140	0.0667
DUNGS_p_TCGA_b84_115_SNP_N_GenomeWideSNP_6_C03_771494	7	105959240	105967919	2	-0.9154
DUNGS_p_TCGA_b84_115_SNP_N_GenomeWideSNP_6_C03_771494	7	105967965	107870631	1179	0.0699
DUNGS_p_TCGA_b84_115_SNP_N_GenomeWideSNP_6_C03_771494	7	107870962	107871095	2	1.0763
DUNGS_p_TCGA_b84_115_SNP_N_GenomeWideSNP_6_C03_771494	7	107871361	108452217	395	0.0517
DUNGS_p_TCGA_b84_115_SNP_N_GenomeWideSNP_6_C03_771494	7	108461752	108999582	343	-0.2349
DUNGS_p_TCGA_b84_115_SNP_N_GenomeWideSNP_6_C03_771494	7	108999622	109437675	293	0.0217
DUNGS_p_TCGA_b84_115_SNP_N_GenomeWideSNP_6_C03_771494	7	109437677	109453910	24	-0.4833
DUNGS_p_TCGA_b84_115_SNP_N_GenomeWideSNP_6_C03_771494	7	109453982	126045556	10048	0.0493
DUNGS_p_TCGA_b84_115_SNP_N_GenomeWideSNP_6_C03_771494	7	126045651	126046615	10	1.2461
DUNGS_p_TCGA_b84_115_SNP_N_GenomeWideSNP_6_C03_771494	7	126046876	141763124	9950	0.0677
DUNGS_p_TCGA_b84_115_SNP_N_GenomeWideSNP_6_C03_771494	7	141769643	141791908	41	-0.482
DUNGS_p_TCGA_b84_115_SNP_N_GenomeWideSNP_6_C03_771494	7	141792107	142474939	452	0.0614
DUNGS_p_TCGA_b84_115_SNP_N_GenomeWideSNP_6_C03_771494	7	142476719	142486345	29	0.4942
DUNGS_p_TCGA_b84_115_SNP_N_GenomeWideSNP_6_C03_771494	7	142486495	152827520	6199	0.0586
DUNGS_p_TCGA_b84_115_SNP_N_GenomeWideSNP_6_C03_771494	7	152829906	152831150	3	-0.9744
DUNGS_p_TCGA_b84_115_SNP_N_GenomeWideSNP_6_C03_771494	7	152835839	154389895	1132	0.0644
DUNGS_p_TCGA_b84_115_SNP_N_GenomeWideSNP_6_C03_771494	7	154393171	154397079	3	0.947
DUNGS_p_TCGA_b84_115_SNP_N_GenomeWideSNP_6_C03_771494	7	154399613	155882317	1222	0.0672
DUNGS_p_TCGA_b84_115_SNP_N_GenomeWideSNP_6_C03_771494	7	155882479	155886212	6	-1.5016
DUNGS_p_TCGA_b84_115_SNP_N_GenomeWideSNP_6_C03_771494	7	155887046	158117595	1379	0.0646
DUNGS_p_TCGA_b84_115_SNP_N_GenomeWideSNP_6_C03_771494	7	158128588	158132165	2	-1.0049
DUNGS_p_TCGA_b84_115_SNP_N_GenomeWideSNP_6_C03_771494	7	158136986	159127004	639	0.0605
DUNGS_p_TCGA_b84_115_SNP_N_GenomeWideSNP_6_C03_771494	8	31254	113380	4	0.3388
DUNGS_p_TCGA_b84_115_SNP_N_GenomeWideSNP_6_C03_771494	8	158062	1367068	899	-0.5958
DUNGS_p_TCGA_b84_115_SNP_N_GenomeWideSNP_6_C03_771494	8	1367362	1367602	3	-1.9236
DUNGS_p_TCGA_b84_115_SNP_N_GenomeWideSNP_6_C03_771494	8	1367688	6839705	6836	-0.5796
DUNGS_p_TCGA_b84_115_SNP_N_GenomeWideSNP_6_C03_771494	8	6840297	6876142	5	0.3753
DUNGS_p_TCGA_b84_115_SNP_N_GenomeWideSNP_6_C03_771494	8	6878188	7238019	117	-0.5579
DUNGS_p_TCGA_b84_115_SNP_N_GenomeWideSNP_6_C03_771494	8	7250380	7799390	149	-1.0414
DUNGS_p_TCGA_b84_115_SNP_N_GenomeWideSNP_6_C03_771494	8	7809891	12198254	3311	-0.5732
DUNGS_p_TCGA_b84_115_SNP_N_GenomeWideSNP_6_C03_771494	8	12216009	12322928	65	-0.9039
DUNGS_p_TCGA_b84_115_SNP_N_GenomeWideSNP_6_C03_771494	8	12326110	12737613	239	-0.5231
DUNGS_p_TCGA_b84_115_SNP_N_GenomeWideSNP_6_C03_771494	8	12738642	12805215	49	-1.9533
DUNGS_p_TCGA_b84_115_SNP_N_GenomeWideSNP_6_C03_771494	8	12807061	14671125	1907	-0.5739
DUNGS_p_TCGA_b84_115_SNP_N_GenomeWideSNP_6_C03_771494	8	14672184	14673313	6	-1.4432
DUNGS_p_TCGA_b84_115_SNP_N_GenomeWideSNP_6_C03_771494	8	14674205	18851577	3704	-0.5675
DUNGS_p_TCGA_b84_115_SNP_N_GenomeWideSNP_6_C03_771494	8	18851664	18858546	23	-1.3184
DUNGS_p_TCGA_b84_115_SNP_N_GenomeWideSNP_6_C03_771494	8	18858727	23402308	3402	-0.564
DUNGS_p_TCGA_b84_115_SNP_N_GenomeWideSNP_6_C03_771494	8	23407740	23407871	5	-2.1715
DUNGS_p_TCGA_b84_115_SNP_N_GenomeWideSNP_6_C03_771494	8	23407905	32172026	6193	-0.5635
DUNGS_p_TCGA_b84_115_SNP_N_GenomeWideSNP_6_C03_771494	8	32173061	32174173	3	-1.4871
DUNGS_p_TCGA_b84_115_SNP_N_GenomeWideSNP_6_C03_771494	8	32174317	32667839	419	-0.6079
DUNGS_p_TCGA_b84_115_SNP_N_GenomeWideSNP_6_C03_771494	8	32668835	32692121	20	-0.2409
DUNGS_p_TCGA_b84_115_SNP_N_GenomeWideSNP_6_C03_771494	8	32692142	39230659	3582	-0.5833
DUNGS_p_TCGA_b84_115_SNP_N_GenomeWideSNP_6_C03_771494	8	39235603	39386965	59	-2.5351
DUNGS_p_TCGA_b84_115_SNP_N_GenomeWideSNP_6_C03_771494	8	39388299	39830700	268	-0.6161
DUNGS_p_TCGA_b84_115_SNP_N_GenomeWideSNP_6_C03_771494	8	39830957	39831647	3	-2.0048
DUNGS_p_TCGA_b84_115_SNP_N_GenomeWideSNP_6_C03_771494	8	39834819	40284521	433	-0.5585
DUNGS_p_TCGA_b84_115_SNP_N_GenomeWideSNP_6_C03_771494	8	40285421	40311063	14	-0.1776
DUNGS_p_TCGA_b84_115_SNP_N_GenomeWideSNP_6_C03_771494	8	40311567	41979161	1081	-0.5722
DUNGS_p_TCGA_b84_115_SNP_N_GenomeWideSNP_6_C03_771494	8	41979431	42275034	271	0.2133
DUNGS_p_TCGA_b84_115_SNP_N_GenomeWideSNP_6_C03_771494	8	42275427	42384650	43	0.4028
DUNGS_p_TCGA_b84_115_SNP_N_GenomeWideSNP_6_C03_771494	8	42384932	42987892	257	0.1832
DUNGS_p_TCGA_b84_115_SNP_N_GenomeWideSNP_6_C03_771494	8	42991008	112294646	39722	0.4341
DUNGS_p_TCGA_b84_115_SNP_N_GenomeWideSNP_6_C03_771494	8	112294670	112295260	6	1.3729
DUNGS_p_TCGA_b84_115_SNP_N_GenomeWideSNP_6_C03_771494	8	112300281	115632043	1830	0.4141
DUNGS_p_TCGA_b84_115_SNP_N_GenomeWideSNP_6_C03_771494	8	115634487	115641731	35	-0.674
DUNGS_p_TCGA_b84_115_SNP_N_GenomeWideSNP_6_C03_771494	8	115650697	120017703	2983	0.4345
DUNGS_p_TCGA_b84_115_SNP_N_GenomeWideSNP_6_C03_771494	8	120021037	120021049	2	-0.8384
DUNGS_p_TCGA_b84_115_SNP_N_GenomeWideSNP_6_C03_771494	8	120021164	127343692	4997	0.4297
DUNGS_p_TCGA_b84_115_SNP_N_GenomeWideSNP_6_C03_771494	8	127344349	127344535	2	-0.6347
DUNGS_p_TCGA_b84_115_SNP_N_GenomeWideSNP_6_C03_771494	8	127350942	129756266	1837	0.381
DUNGS_p_TCGA_b84_115_SNP_N_GenomeWideSNP_6_C03_771494	8	129763135	129777454	3	-0.6886
DUNGS_p_TCGA_b84_115_SNP_N_GenomeWideSNP_6_C03_771494	8	129778606	131878480	1449	0.1985
DUNGS_p_TCGA_b84_115_SNP_N_GenomeWideSNP_6_C03_771494	8	131878819	139751302	6372	-0.587
DUNGS_p_TCGA_b84_115_SNP_N_GenomeWideSNP_6_C03_771494	8	139758053	144699157	2934	0.2368
DUNGS_p_TCGA_b84_115_SNP_N_GenomeWideSNP_6_C03_771494	8	144705157	144707808	9	-0.8772
DUNGS_p_TCGA_b84_115_SNP_N_GenomeWideSNP_6_C03_771494	8	144718989	146298155	506	0.2357
DUNGS_p_TCGA_b84_115_SNP_N_GenomeWideSNP_6_C03_771494	9	46587	59985	4	-0.6632
DUNGS_p_TCGA_b84_115_SNP_N_GenomeWideSNP_6_C03_771494	9	60015	8749291	8418	-0.0047
DUNGS_p_TCGA_b84_115_SNP_N_GenomeWideSNP_6_C03_771494	9	8751968	9368423	547	-0.2827
DUNGS_p_TCGA_b84_115_SNP_N_GenomeWideSNP_6_C03_771494	9	9375192	23363115	11515	-0.013
DUNGS_p_TCGA_b84_115_SNP_N_GenomeWideSNP_6_C03_771494	9	23363933	23373484	7	0.7334
DUNGS_p_TCGA_b84_115_SNP_N_GenomeWideSNP_6_C03_771494	9	23378488	29091097	4347	-0.0191
DUNGS_p_TCGA_b84_115_SNP_N_GenomeWideSNP_6_C03_771494	9	29094549	29100799	4	-0.8643
DUNGS_p_TCGA_b84_115_SNP_N_GenomeWideSNP_6_C03_771494	9	29101432	44234451	6645	-0.0024
DUNGS_p_TCGA_b84_115_SNP_N_GenomeWideSNP_6_C03_771494	9	44241817	45055000	75	0.3196
DUNGS_p_TCGA_b84_115_SNP_N_GenomeWideSNP_6_C03_771494	9	45088868	68183981	138	-0.0244
DUNGS_p_TCGA_b84_115_SNP_N_GenomeWideSNP_6_C03_771494	9	68186051	68188547	8	0.8382
DUNGS_p_TCGA_b84_115_SNP_N_GenomeWideSNP_6_C03_771494	9	68209916	78002560	5198	-0.0121
DUNGS_p_TCGA_b84_115_SNP_N_GenomeWideSNP_6_C03_771494	9	78005177	78008161	3	-0.9946
DUNGS_p_TCGA_b84_115_SNP_N_GenomeWideSNP_6_C03_771494	9	78012459	79605970	1410	-0.0169
DUNGS_p_TCGA_b84_115_SNP_N_GenomeWideSNP_6_C03_771494	9	79606965	79606978	2	-1.1117
DUNGS_p_TCGA_b84_115_SNP_N_GenomeWideSNP_6_C03_771494	9	79607284	90522594	7862	-0.0149
DUNGS_p_TCGA_b84_115_SNP_N_GenomeWideSNP_6_C03_771494	9	90554151	90554219	2	-1.549
DUNGS_p_TCGA_b84_115_SNP_N_GenomeWideSNP_6_C03_771494	9	90557957	134258779	30164	-0.0064
DUNGS_p_TCGA_b84_115_SNP_N_GenomeWideSNP_6_C03_771494	9	134260926	134265704	5	-0.8241
DUNGS_p_TCGA_b84_115_SNP_N_GenomeWideSNP_6_C03_771494	9	134272015	141018694	3632	0.0188
DUNGS_p_TCGA_b84_115_SNP_N_GenomeWideSNP_6_C03_771494	9	141025318	141091394	18	-0.5022
DUNGS_p_TCGA_b84_115_SNP_N_GenomeWideSNP_6_C03_771494	10	72759	5253526	4501	-0.1436
DUNGS_p_TCGA_b84_115_SNP_N_GenomeWideSNP_6_C03_771494	10	5258450	5259203	2	-1.4738
DUNGS_p_TCGA_b84_115_SNP_N_GenomeWideSNP_6_C03_771494	10	5260859	13050005	6448	-0.1334
DUNGS_p_TCGA_b84_115_SNP_N_GenomeWideSNP_6_C03_771494	10	13050023	13050170	4	-1.4036
DUNGS_p_TCGA_b84_115_SNP_N_GenomeWideSNP_6_C03_771494	10	13050428	17859443	3941	-0.1145
DUNGS_p_TCGA_b84_115_SNP_N_GenomeWideSNP_6_C03_771494	10	17880968	17889821	2	-1.3858
DUNGS_p_TCGA_b84_115_SNP_N_GenomeWideSNP_6_C03_771494	10	17894976	24375263	4365	-0.1409
DUNGS_p_TCGA_b84_115_SNP_N_GenomeWideSNP_6_C03_771494	10	24377674	24378054	11	-0.8438
DUNGS_p_TCGA_b84_115_SNP_N_GenomeWideSNP_6_C03_771494	10	24378908	46312487	12329	-0.1358
DUNGS_p_TCGA_b84_115_SNP_N_GenomeWideSNP_6_C03_771494	10	46485761	46590231	8	0.3033
DUNGS_p_TCGA_b84_115_SNP_N_GenomeWideSNP_6_C03_771494	10	46674180	47047009	80	-0.7802
DUNGS_p_TCGA_b84_115_SNP_N_GenomeWideSNP_6_C03_771494	10	47047599	47059746	20	-0.2265
DUNGS_p_TCGA_b84_115_SNP_N_GenomeWideSNP_6_C03_771494	10	47059757	47392332	75	-0.7574
DUNGS_p_TCGA_b84_115_SNP_N_GenomeWideSNP_6_C03_771494	10	47401341	48840627	492	-0.1529
DUNGS_p_TCGA_b84_115_SNP_N_GenomeWideSNP_6_C03_771494	10	48883402	49322881	26	-0.6953
DUNGS_p_TCGA_b84_115_SNP_N_GenomeWideSNP_6_C03_771494	10	49333677	60855902	8092	-0.1672
DUNGS_p_TCGA_b84_115_SNP_N_GenomeWideSNP_6_C03_771494	10	60856278	60856288	2	-1.4265
DUNGS_p_TCGA_b84_115_SNP_N_GenomeWideSNP_6_C03_771494	10	60856563	61364890	358	-0.1665
DUNGS_p_TCGA_b84_115_SNP_N_GenomeWideSNP_6_C03_771494	10	61364911	61366264	9	0.3203
DUNGS_p_TCGA_b84_115_SNP_N_GenomeWideSNP_6_C03_771494	10	61366305	67307936	4026	-0.1637
DUNGS_p_TCGA_b84_115_SNP_N_GenomeWideSNP_6_C03_771494	10	67307951	67314446	26	-0.7791
DUNGS_p_TCGA_b84_115_SNP_N_GenomeWideSNP_6_C03_771494	10	67322795	96865301	19552	-0.1475
DUNGS_p_TCGA_b84_115_SNP_N_GenomeWideSNP_6_C03_771494	10	96869063	96869706	6	-0.9302
DUNGS_p_TCGA_b84_115_SNP_N_GenomeWideSNP_6_C03_771494	10	96875714	124344109	18869	-0.1756
DUNGS_p_TCGA_b84_115_SNP_N_GenomeWideSNP_6_C03_771494	10	124344223	124351013	5	-1.0585
DUNGS_p_TCGA_b84_115_SNP_N_GenomeWideSNP_6_C03_771494	10	124356812	135229141	7774	-0.1727
DUNGS_p_TCGA_b84_115_SNP_N_GenomeWideSNP_6_C03_771494	10	135229719	135229868	2	-1.6286
DUNGS_p_TCGA_b84_115_SNP_N_GenomeWideSNP_6_C03_771494	10	135232654	135506704	151	-0.218
DUNGS_p_TCGA_b84_115_SNP_N_GenomeWideSNP_6_C03_771494	11	198510	4269264	1801	0.4098
DUNGS_p_TCGA_b84_115_SNP_N_GenomeWideSNP_6_C03_771494	11	4272420	4335878	17	-0.0929
DUNGS_p_TCGA_b84_115_SNP_N_GenomeWideSNP_6_C03_771494	11	4336067	4726440	386	0.3542
DUNGS_p_TCGA_b84_115_SNP_N_GenomeWideSNP_6_C03_771494	11	4726618	4726891	5	-0.3742
DUNGS_p_TCGA_b84_115_SNP_N_GenomeWideSNP_6_C03_771494	11	4729134	4927525	208	0.3829
DUNGS_p_TCGA_b84_115_SNP_N_GenomeWideSNP_6_C03_771494	11	4928585	9096189	3321	-0.0064
DUNGS_p_TCGA_b84_115_SNP_N_GenomeWideSNP_6_C03_771494	11	9096805	9932063	484	0.7429
DUNGS_p_TCGA_b84_115_SNP_N_GenomeWideSNP_6_C03_771494	11	9933512	9933910	4	-0.1363
DUNGS_p_TCGA_b84_115_SNP_N_GenomeWideSNP_6_C03_771494	11	9934160	14789583	3835	0.7203
DUNGS_p_TCGA_b84_115_SNP_N_GenomeWideSNP_6_C03_771494	11	14797932	15401144	360	-0.0408
DUNGS_p_TCGA_b84_115_SNP_N_GenomeWideSNP_6_C03_771494	11	15401253	16025466	490	0.7204
DUNGS_p_TCGA_b84_115_SNP_N_GenomeWideSNP_6_C03_771494	11	16026174	16064387	35	0.0166
DUNGS_p_TCGA_b84_115_SNP_N_GenomeWideSNP_6_C03_771494	11	16064514	17175466	653	0.7236
DUNGS_p_TCGA_b84_115_SNP_N_GenomeWideSNP_6_C03_771494	11	17177881	17900190	511	0.0079
DUNGS_p_TCGA_b84_115_SNP_N_GenomeWideSNP_6_C03_771494	11	17902375	18073429	105	0.7454
DUNGS_p_TCGA_b84_115_SNP_N_GenomeWideSNP_6_C03_771494	11	18074177	18940870	558	0.3854
DUNGS_p_TCGA_b84_115_SNP_N_GenomeWideSNP_6_C03_771494	11	18949072	18961922	55	1.0852
DUNGS_p_TCGA_b84_115_SNP_N_GenomeWideSNP_6_C03_771494	11	18961935	20376099	1299	0.3769
DUNGS_p_TCGA_b84_115_SNP_N_GenomeWideSNP_6_C03_771494	11	20377899	31968624	8123	-0.0301
DUNGS_p_TCGA_b84_115_SNP_N_GenomeWideSNP_6_C03_771494	11	31972482	31978337	7	-0.8937
DUNGS_p_TCGA_b84_115_SNP_N_GenomeWideSNP_6_C03_771494	11	31979311	49710861	11658	-0.022
DUNGS_p_TCGA_b84_115_SNP_N_GenomeWideSNP_6_C03_771494	11	49713707	49757767	19	-1.0099
DUNGS_p_TCGA_b84_115_SNP_N_GenomeWideSNP_6_C03_771494	11	49758273	51176743	381	-0.0378
DUNGS_p_TCGA_b84_115_SNP_N_GenomeWideSNP_6_C03_771494	11	51183575	51192870	4	-2.7072
DUNGS_p_TCGA_b84_115_SNP_N_GenomeWideSNP_6_C03_771494	11	51195051	55376280	385	-0.021
DUNGS_p_TCGA_b84_115_SNP_N_GenomeWideSNP_6_C03_771494	11	55376498	55452534	49	0.4322
DUNGS_p_TCGA_b84_115_SNP_N_GenomeWideSNP_6_C03_771494	11	55452977	79967504	13313	-0.026
DUNGS_p_TCGA_b84_115_SNP_N_GenomeWideSNP_6_C03_771494	11	79967513	79967564	3	0.9092
DUNGS_p_TCGA_b84_115_SNP_N_GenomeWideSNP_6_C03_771494	11	79967686	88396163	5992	-0.0594
DUNGS_p_TCGA_b84_115_SNP_N_GenomeWideSNP_6_C03_771494	11	88396278	88396467	2	-1.3599
DUNGS_p_TCGA_b84_115_SNP_N_GenomeWideSNP_6_C03_771494	11	88396950	101594384	9367	-0.0606
DUNGS_p_TCGA_b84_115_SNP_N_GenomeWideSNP_6_C03_771494	11	101597860	101597964	4	0.8446
DUNGS_p_TCGA_b84_115_SNP_N_GenomeWideSNP_6_C03_771494	11	101598212	107238656	3812	-0.0508
DUNGS_p_TCGA_b84_115_SNP_N_GenomeWideSNP_6_C03_771494	11	107238671	107238931	5	-0.9979
DUNGS_p_TCGA_b84_115_SNP_N_GenomeWideSNP_6_C03_771494	11	107239128	134944770	19977	-0.0183
DUNGS_p_TCGA_b84_115_SNP_N_GenomeWideSNP_6_C03_771494	12	150442	2235628	1267	0.0193
DUNGS_p_TCGA_b84_115_SNP_N_GenomeWideSNP_6_C03_771494	12	2235889	2257920	42	-0.5997
DUNGS_p_TCGA_b84_115_SNP_N_GenomeWideSNP_6_C03_771494	12	2258023	7994787	4069	0.0256
DUNGS_p_TCGA_b84_115_SNP_N_GenomeWideSNP_6_C03_771494	12	8004425	8123237	59	0.6554
DUNGS_p_TCGA_b84_115_SNP_N_GenomeWideSNP_6_C03_771494	12	8123900	8150607	18	0.1244
DUNGS_p_TCGA_b84_115_SNP_N_GenomeWideSNP_6_C03_771494	12	8165417	8442285	129	-0.2549
DUNGS_p_TCGA_b84_115_SNP_N_GenomeWideSNP_6_C03_771494	12	8449112	8449217	2	1.2535
DUNGS_p_TCGA_b84_115_SNP_N_GenomeWideSNP_6_C03_771494	12	8453466	9461228	542	-0.2174
DUNGS_p_TCGA_b84_115_SNP_N_GenomeWideSNP_6_C03_771494	12	9467809	9472643	3	-1.0434
DUNGS_p_TCGA_b84_115_SNP_N_GenomeWideSNP_6_C03_771494	12	9473157	9614210	68	-0.1954
DUNGS_p_TCGA_b84_115_SNP_N_GenomeWideSNP_6_C03_771494	12	9615854	9734969	37	0.1561
DUNGS_p_TCGA_b84_115_SNP_N_GenomeWideSNP_6_C03_771494	12	9734970	15463642	4177	-0.2563
DUNGS_p_TCGA_b84_115_SNP_N_GenomeWideSNP_6_C03_771494	12	15471692	33301406	12482	0.0142
DUNGS_p_TCGA_b84_115_SNP_N_GenomeWideSNP_6_C03_771494	12	33301426	33308459	29	0.4234
DUNGS_p_TCGA_b84_115_SNP_N_GenomeWideSNP_6_C03_771494	12	33308497	37987726	843	0.0041
DUNGS_p_TCGA_b84_115_SNP_N_GenomeWideSNP_6_C03_771494	12	38012567	38014018	2	-1.7346
DUNGS_p_TCGA_b84_115_SNP_N_GenomeWideSNP_6_C03_771494	12	38034358	45899825	4783	-0.0091
DUNGS_p_TCGA_b84_115_SNP_N_GenomeWideSNP_6_C03_771494	12	45904438	45909537	4	1.0063
DUNGS_p_TCGA_b84_115_SNP_N_GenomeWideSNP_6_C03_771494	12	45913292	48724820	1718	-0.0023
DUNGS_p_TCGA_b84_115_SNP_N_GenomeWideSNP_6_C03_771494	12	48725019	48730036	6	-0.6594
DUNGS_p_TCGA_b84_115_SNP_N_GenomeWideSNP_6_C03_771494	12	48730284	84163187	21951	-0.0065
DUNGS_p_TCGA_b84_115_SNP_N_GenomeWideSNP_6_C03_771494	12	84163290	84165241	3	-1.815
DUNGS_p_TCGA_b84_115_SNP_N_GenomeWideSNP_6_C03_771494	12	84165279	129228886	29826	-0.0074
DUNGS_p_TCGA_b84_115_SNP_N_GenomeWideSNP_6_C03_771494	12	129230513	129232297	6	-1.2798
DUNGS_p_TCGA_b84_115_SNP_N_GenomeWideSNP_6_C03_771494	12	129232545	129387922	118	-0.0268
DUNGS_p_TCGA_b84_115_SNP_N_GenomeWideSNP_6_C03_771494	12	129390014	129494104	96	0.2095
DUNGS_p_TCGA_b84_115_SNP_N_GenomeWideSNP_6_C03_771494	12	129494388	130382809	849	-0.3007
DUNGS_p_TCGA_b84_115_SNP_N_GenomeWideSNP_6_C03_771494	12	130383611	131014280	544	0.1469
DUNGS_p_TCGA_b84_115_SNP_N_GenomeWideSNP_6_C03_771494	12	131014863	131017991	6	-0.4463
DUNGS_p_TCGA_b84_115_SNP_N_GenomeWideSNP_6_C03_771494	12	131018263	132120715	889	0.1889
DUNGS_p_TCGA_b84_115_SNP_N_GenomeWideSNP_6_C03_771494	12	132132584	132133335	13	-0.304
DUNGS_p_TCGA_b84_115_SNP_N_GenomeWideSNP_6_C03_771494	12	132142331	132406659	133	0.1339
DUNGS_p_TCGA_b84_115_SNP_N_GenomeWideSNP_6_C03_771494	12	132407202	132513551	43	-0.3299
DUNGS_p_TCGA_b84_115_SNP_N_GenomeWideSNP_6_C03_771494	12	132515183	133778189	396	0.1608
DUNGS_p_TCGA_b84_115_SNP_N_GenomeWideSNP_6_C03_771494	13	19026949	19368692	76	-0.2293
DUNGS_p_TCGA_b84_115_SNP_N_GenomeWideSNP_6_C03_771494	13	19368725	19417086	35	0.1282
DUNGS_p_TCGA_b84_115_SNP_N_GenomeWideSNP_6_C03_771494	13	19418360	20121459	456	-0.2278
DUNGS_p_TCGA_b84_115_SNP_N_GenomeWideSNP_6_C03_771494	13	20123895	20123910	2	-1.4331
DUNGS_p_TCGA_b84_115_SNP_N_GenomeWideSNP_6_C03_771494	13	20124501	25035607	3490	-0.2168
DUNGS_p_TCGA_b84_115_SNP_N_GenomeWideSNP_6_C03_771494	13	25039590	25039598	3	0.7088
DUNGS_p_TCGA_b84_115_SNP_N_GenomeWideSNP_6_C03_771494	13	25039678	25117837	91	-0.1967
DUNGS_p_TCGA_b84_115_SNP_N_GenomeWideSNP_6_C03_771494	13	25119396	25120453	2	-1.5459
DUNGS_p_TCGA_b84_115_SNP_N_GenomeWideSNP_6_C03_771494	13	25120929	26839787	1180	-0.2119
DUNGS_p_TCGA_b84_115_SNP_N_GenomeWideSNP_6_C03_771494	13	26839863	26840533	3	-1.2296
DUNGS_p_TCGA_b84_115_SNP_N_GenomeWideSNP_6_C03_771494	13	26842207	53059216	18173	-0.2176
DUNGS_p_TCGA_b84_115_SNP_N_GenomeWideSNP_6_C03_771494	13	53071152	53105785	10	0.2685
DUNGS_p_TCGA_b84_115_SNP_N_GenomeWideSNP_6_C03_771494	13	53117879	57766839	2652	-0.2328
DUNGS_p_TCGA_b84_115_SNP_N_GenomeWideSNP_6_C03_771494	13	57766900	57778380	11	0.2701
DUNGS_p_TCGA_b84_115_SNP_N_GenomeWideSNP_6_C03_771494	13	57789714	69235658	6902	-0.2384
DUNGS_p_TCGA_b84_115_SNP_N_GenomeWideSNP_6_C03_771494	13	69238155	69269607	48	-0.5235
DUNGS_p_TCGA_b84_115_SNP_N_GenomeWideSNP_6_C03_771494	13	69270321	72476988	2062	-0.2498
DUNGS_p_TCGA_b84_115_SNP_N_GenomeWideSNP_6_C03_771494	13	72477555	72480556	4	-1.0289
DUNGS_p_TCGA_b84_115_SNP_N_GenomeWideSNP_6_C03_771494	13	72480605	79499974	5024	-0.2319
DUNGS_p_TCGA_b84_115_SNP_N_GenomeWideSNP_6_C03_771494	13	79500718	79503068	2	-1.4589
DUNGS_p_TCGA_b84_115_SNP_N_GenomeWideSNP_6_C03_771494	13	79504448	86168153	4224	-0.2451
DUNGS_p_TCGA_b84_115_SNP_N_GenomeWideSNP_6_C03_771494	13	86170849	86171260	4	-1.409
DUNGS_p_TCGA_b84_115_SNP_N_GenomeWideSNP_6_C03_771494	13	86171848	115108397	19923	-0.2338
DUNGS_p_TCGA_b84_115_SNP_N_GenomeWideSNP_6_C03_771494	14	19002124	19469520	38	0.4907
DUNGS_p_TCGA_b84_115_SNP_N_GenomeWideSNP_6_C03_771494	14	19541714	20423372	152	0.1265
DUNGS_p_TCGA_b84_115_SNP_N_GenomeWideSNP_6_C03_771494	14	20424926	22394783	1372	0.4505
DUNGS_p_TCGA_b84_115_SNP_N_GenomeWideSNP_6_C03_771494	14	22396222	22396471	4	-0.3063
DUNGS_p_TCGA_b84_115_SNP_N_GenomeWideSNP_6_C03_771494	14	22396619	24478894	1383	0.4749
DUNGS_p_TCGA_b84_115_SNP_N_GenomeWideSNP_6_C03_771494	14	24479387	24479709	4	-0.5486
DUNGS_p_TCGA_b84_115_SNP_N_GenomeWideSNP_6_C03_771494	14	24484459	26779384	1611	0.418
DUNGS_p_TCGA_b84_115_SNP_N_GenomeWideSNP_6_C03_771494	14	26779399	26783918	10	-0.4353
DUNGS_p_TCGA_b84_115_SNP_N_GenomeWideSNP_6_C03_771494	14	26784913	31267367	2563	0.4076
DUNGS_p_TCGA_b84_115_SNP_N_GenomeWideSNP_6_C03_771494	14	31267671	31268418	3	-0.5829
DUNGS_p_TCGA_b84_115_SNP_N_GenomeWideSNP_6_C03_771494	14	31271084	46545042	9563	0.4132
DUNGS_p_TCGA_b84_115_SNP_N_GenomeWideSNP_6_C03_771494	14	46553159	46553467	3	-0.4914
DUNGS_p_TCGA_b84_115_SNP_N_GenomeWideSNP_6_C03_771494	14	46553518	55270477	5615	0.4259
DUNGS_p_TCGA_b84_115_SNP_N_GenomeWideSNP_6_C03_771494	14	55273730	70516740	9748	-0.2434
DUNGS_p_TCGA_b84_115_SNP_N_GenomeWideSNP_6_C03_771494	14	70516891	70520226	3	-1.2468
DUNGS_p_TCGA_b84_115_SNP_N_GenomeWideSNP_6_C03_771494	14	70521502	73995774	2295	-0.2516
DUNGS_p_TCGA_b84_115_SNP_N_GenomeWideSNP_6_C03_771494	14	74001123	74029900	10	-1.8123
DUNGS_p_TCGA_b84_115_SNP_N_GenomeWideSNP_6_C03_771494	14	74029915	86983170	8669	-0.258
DUNGS_p_TCGA_b84_115_SNP_N_GenomeWideSNP_6_C03_771494	14	86983324	87044351	38	-0.5182
DUNGS_p_TCGA_b84_115_SNP_N_GenomeWideSNP_6_C03_771494	14	87044803	106547314	12134	-0.24
DUNGS_p_TCGA_b84_115_SNP_N_GenomeWideSNP_6_C03_771494	14	106547507	106561441	9	-2.7789
DUNGS_p_TCGA_b84_115_SNP_N_GenomeWideSNP_6_C03_771494	14	106567100	106796025	104	-0.2639
DUNGS_p_TCGA_b84_115_SNP_N_GenomeWideSNP_6_C03_771494	14	106796228	106802053	6	0.6004
DUNGS_p_TCGA_b84_115_SNP_N_GenomeWideSNP_6_C03_771494	14	106815943	107285437	308	-0.2659
DUNGS_p_TCGA_b84_115_SNP_N_GenomeWideSNP_6_C03_771494	15	20016328	20581562	104	0.0481
DUNGS_p_TCGA_b84_115_SNP_N_GenomeWideSNP_6_C03_771494	15	20581564	20806357	49	0.3424
DUNGS_p_TCGA_b84_115_SNP_N_GenomeWideSNP_6_C03_771494	15	20814977	21173886	114	-0.0373
DUNGS_p_TCGA_b84_115_SNP_N_GenomeWideSNP_6_C03_771494	15	21186400	21192108	3	-1.2808
DUNGS_p_TCGA_b84_115_SNP_N_GenomeWideSNP_6_C03_771494	15	21192211	30493361	4842	-0.0413
DUNGS_p_TCGA_b84_115_SNP_N_GenomeWideSNP_6_C03_771494	15	30501825	30780663	95	-0.4603
DUNGS_p_TCGA_b84_115_SNP_N_GenomeWideSNP_6_C03_771494	15	30792569	30900878	7	0.3129
DUNGS_p_TCGA_b84_115_SNP_N_GenomeWideSNP_6_C03_771494	15	30913587	32403531	1012	-0.0282
DUNGS_p_TCGA_b84_115_SNP_N_GenomeWideSNP_6_C03_771494	15	32403537	32404945	2	-1.0682
DUNGS_p_TCGA_b84_115_SNP_N_GenomeWideSNP_6_C03_771494	15	32404959	32444055	37	-0.0588
DUNGS_p_TCGA_b84_115_SNP_N_GenomeWideSNP_6_C03_771494	15	32460887	32489253	10	-0.3777
DUNGS_p_TCGA_b84_115_SNP_N_GenomeWideSNP_6_C03_771494	15	32504264	32512220	9	-1.2849
DUNGS_p_TCGA_b84_115_SNP_N_GenomeWideSNP_6_C03_771494	15	32531316	32857412	45	-0.4883
DUNGS_p_TCGA_b84_115_SNP_N_GenomeWideSNP_6_C03_771494	15	32857482	33091400	153	-0.032
DUNGS_p_TCGA_b84_115_SNP_N_GenomeWideSNP_6_C03_771494	15	33091617	33092507	3	-0.8572
DUNGS_p_TCGA_b84_115_SNP_N_GenomeWideSNP_6_C03_771494	15	33092734	34175336	994	-0.0284
DUNGS_p_TCGA_b84_115_SNP_N_GenomeWideSNP_6_C03_771494	15	34176516	34176683	5	-0.5591
DUNGS_p_TCGA_b84_115_SNP_N_GenomeWideSNP_6_C03_771494	15	34176713	53785153	12074	-0.0356
DUNGS_p_TCGA_b84_115_SNP_N_GenomeWideSNP_6_C03_771494	15	53785194	53785279	3	-1.0181
DUNGS_p_TCGA_b84_115_SNP_N_GenomeWideSNP_6_C03_771494	15	53790247	76878362	14826	-0.0309
DUNGS_p_TCGA_b84_115_SNP_N_GenomeWideSNP_6_C03_771494	15	76891241	76895773	20	-0.393
DUNGS_p_TCGA_b84_115_SNP_N_GenomeWideSNP_6_C03_771494	15	76895774	84827482	4624	-0.0301
DUNGS_p_TCGA_b84_115_SNP_N_GenomeWideSNP_6_C03_771494	15	84828351	84928938	8	-0.71
DUNGS_p_TCGA_b84_115_SNP_N_GenomeWideSNP_6_C03_771494	15	84932628	92805109	5711	-0.0384
DUNGS_p_TCGA_b84_115_SNP_N_GenomeWideSNP_6_C03_771494	15	92805123	92811119	25	-0.3513
DUNGS_p_TCGA_b84_115_SNP_N_GenomeWideSNP_6_C03_771494	15	92811161	98806836	4647	-0.0407
DUNGS_p_TCGA_b84_115_SNP_N_GenomeWideSNP_6_C03_771494	15	98811241	98811610	2	-1.1406
DUNGS_p_TCGA_b84_115_SNP_N_GenomeWideSNP_6_C03_771494	15	98817054	101965792	2366	-0.0372
DUNGS_p_TCGA_b84_115_SNP_N_GenomeWideSNP_6_C03_771494	15	101965796	101969272	2	-1.0879
DUNGS_p_TCGA_b84_115_SNP_N_GenomeWideSNP_6_C03_771494	15	101969539	102435009	313	-0.0228
DUNGS_p_TCGA_b84_115_SNP_N_GenomeWideSNP_6_C03_771494	15	102440922	102469040	4	-0.8543
DUNGS_p_TCGA_b84_115_SNP_N_GenomeWideSNP_6_C03_771494	16	60777	14423674	10965	0.0066
DUNGS_p_TCGA_b84_115_SNP_N_GenomeWideSNP_6_C03_771494	16	14428853	14705701	141	-0.2503
DUNGS_p_TCGA_b84_115_SNP_N_GenomeWideSNP_6_C03_771494	16	14706821	19944363	2435	0.0059
DUNGS_p_TCGA_b84_115_SNP_N_GenomeWideSNP_6_C03_771494	16	19945650	19965875	28	-3.1015
DUNGS_p_TCGA_b84_115_SNP_N_GenomeWideSNP_6_C03_771494	16	19967362	19970254	2	-0.8958
DUNGS_p_TCGA_b84_115_SNP_N_GenomeWideSNP_6_C03_771494	16	19970490	20057900	67	0.0284
DUNGS_p_TCGA_b84_115_SNP_N_GenomeWideSNP_6_C03_771494	16	20058773	20059083	3	-0.9101
DUNGS_p_TCGA_b84_115_SNP_N_GenomeWideSNP_6_C03_771494	16	20059677	22442020	1225	0.0092
DUNGS_p_TCGA_b84_115_SNP_N_GenomeWideSNP_6_C03_771494	16	22557932	22648268	36	0.324
DUNGS_p_TCGA_b84_115_SNP_N_GenomeWideSNP_6_C03_771494	16	22649772	32113682	5205	0.0076
DUNGS_p_TCGA_b84_115_SNP_N_GenomeWideSNP_6_C03_771494	16	32113685	32588622	74	-0.3811
DUNGS_p_TCGA_b84_115_SNP_N_GenomeWideSNP_6_C03_771494	16	32588901	32588909	5	-3.7316
DUNGS_p_TCGA_b84_115_SNP_N_GenomeWideSNP_6_C03_771494	16	32609274	32634641	12	-0.7397
DUNGS_p_TCGA_b84_115_SNP_N_GenomeWideSNP_6_C03_771494	16	32634764	33579277	127	-0.2334
DUNGS_p_TCGA_b84_115_SNP_N_GenomeWideSNP_6_C03_771494	16	33580261	33631830	27	-0.7315
DUNGS_p_TCGA_b84_115_SNP_N_GenomeWideSNP_6_C03_771494	16	33643399	50356160	2728	-0.0116
DUNGS_p_TCGA_b84_115_SNP_N_GenomeWideSNP_6_C03_771494	16	50359578	50413232	24	-0.5277
DUNGS_p_TCGA_b84_115_SNP_N_GenomeWideSNP_6_C03_771494	16	50414227	50434449	18	0.0408
DUNGS_p_TCGA_b84_115_SNP_N_GenomeWideSNP_6_C03_771494	16	50436394	54669309	3248	-0.5696
DUNGS_p_TCGA_b84_115_SNP_N_GenomeWideSNP_6_C03_771494	16	54677292	58842251	2820	0.0053
DUNGS_p_TCGA_b84_115_SNP_N_GenomeWideSNP_6_C03_771494	16	58842964	58843104	2	-1.2272
DUNGS_p_TCGA_b84_115_SNP_N_GenomeWideSNP_6_C03_771494	16	58846851	70179569	6954	-0.0092
DUNGS_p_TCGA_b84_115_SNP_N_GenomeWideSNP_6_C03_771494	16	70180126	70197767	7	0.5897
DUNGS_p_TCGA_b84_115_SNP_N_GenomeWideSNP_6_C03_771494	16	70198330	80665793	8421	0.0019
DUNGS_p_TCGA_b84_115_SNP_N_GenomeWideSNP_6_C03_771494	16	80666221	80675854	7	-1.1397
DUNGS_p_TCGA_b84_115_SNP_N_GenomeWideSNP_6_C03_771494	16	80687510	80925781	223	-0.5781
DUNGS_p_TCGA_b84_115_SNP_N_GenomeWideSNP_6_C03_771494	16	80926328	80927694	3	-1.4011
DUNGS_p_TCGA_b84_115_SNP_N_GenomeWideSNP_6_C03_771494	16	80927712	80933896	11	-0.5084
DUNGS_p_TCGA_b84_115_SNP_N_GenomeWideSNP_6_C03_771494	16	80934122	80936391	3	-1.0701
DUNGS_p_TCGA_b84_115_SNP_N_GenomeWideSNP_6_C03_771494	16	80936527	90287535	7657	0.0011
DUNGS_p_TCGA_b84_115_SNP_N_GenomeWideSNP_6_C03_771494	17	526	55661	27	-0.1408
DUNGS_p_TCGA_b84_115_SNP_N_GenomeWideSNP_6_C03_771494	17	59064	59143	2	-1.8398
DUNGS_p_TCGA_b84_115_SNP_N_GenomeWideSNP_6_C03_771494	17	59164	10538446	6168	-0.2312
DUNGS_p_TCGA_b84_115_SNP_N_GenomeWideSNP_6_C03_771494	17	10541515	10541741	2	-1.68
DUNGS_p_TCGA_b84_115_SNP_N_GenomeWideSNP_6_C03_771494	17	10544093	18358946	5255	-0.2508
DUNGS_p_TCGA_b84_115_SNP_N_GenomeWideSNP_6_C03_771494	17	18358949	18464586	26	-1.5588
DUNGS_p_TCGA_b84_115_SNP_N_GenomeWideSNP_6_C03_771494	17	18465221	22235650	1553	-0.2367
DUNGS_p_TCGA_b84_115_SNP_N_GenomeWideSNP_6_C03_771494	17	25270411	25772929	254	-0.0038
DUNGS_p_TCGA_b84_115_SNP_N_GenomeWideSNP_6_C03_771494	17	25774895	25779090	3	0.93
DUNGS_p_TCGA_b84_115_SNP_N_GenomeWideSNP_6_C03_771494	17	25780893	26779053	522	0.0181
DUNGS_p_TCGA_b84_115_SNP_N_GenomeWideSNP_6_C03_771494	17	26781341	26782319	2	-1.9369
DUNGS_p_TCGA_b84_115_SNP_N_GenomeWideSNP_6_C03_771494	17	26789271	39421708	7174	0.0192
DUNGS_p_TCGA_b84_115_SNP_N_GenomeWideSNP_6_C03_771494	17	39423014	39430531	24	0.5009
DUNGS_p_TCGA_b84_115_SNP_N_GenomeWideSNP_6_C03_771494	17	39432724	43448503	2117	0.041
DUNGS_p_TCGA_b84_115_SNP_N_GenomeWideSNP_6_C03_771494	17	43449438	43459903	7	-0.5179
DUNGS_p_TCGA_b84_115_SNP_N_GenomeWideSNP_6_C03_771494	17	43461460	44215364	428	-0.0107
DUNGS_p_TCGA_b84_115_SNP_N_GenomeWideSNP_6_C03_771494	17	44215474	44764994	135	-0.4651
DUNGS_p_TCGA_b84_115_SNP_N_GenomeWideSNP_6_C03_771494	17	44784652	55687489	7017	0.0156
DUNGS_p_TCGA_b84_115_SNP_N_GenomeWideSNP_6_C03_771494	17	55688333	55688993	2	-1.2981
DUNGS_p_TCGA_b84_115_SNP_N_GenomeWideSNP_6_C03_771494	17	55691993	56212100	352	0.0332
DUNGS_p_TCGA_b84_115_SNP_N_GenomeWideSNP_6_C03_771494	17	56212514	56214094	4	-1.0365
DUNGS_p_TCGA_b84_115_SNP_N_GenomeWideSNP_6_C03_771494	17	56217398	77243063	12506	0.0233
DUNGS_p_TCGA_b84_115_SNP_N_GenomeWideSNP_6_C03_771494	17	77245660	77246390	3	-1.4678
DUNGS_p_TCGA_b84_115_SNP_N_GenomeWideSNP_6_C03_771494	17	77247044	81049726	1753	0.0298
DUNGS_p_TCGA_b84_115_SNP_N_GenomeWideSNP_6_C03_771494	18	11543	14446236	10177	0.56
DUNGS_p_TCGA_b84_115_SNP_N_GenomeWideSNP_6_C03_771494	18	14448237	14455351	3	-0.514
DUNGS_p_TCGA_b84_115_SNP_N_GenomeWideSNP_6_C03_771494	18	14455934	14642856	49	0.473
DUNGS_p_TCGA_b84_115_SNP_N_GenomeWideSNP_6_C03_771494	18	14648457	14672479	7	-0.0321
DUNGS_p_TCGA_b84_115_SNP_N_GenomeWideSNP_6_C03_771494	18	14691685	21246742	1609	0.5662
DUNGS_p_TCGA_b84_115_SNP_N_GenomeWideSNP_6_C03_771494	18	21250072	38260420	11020	-0.2755
DUNGS_p_TCGA_b84_115_SNP_N_GenomeWideSNP_6_C03_771494	18	38260434	38269812	21	-0.8456
DUNGS_p_TCGA_b84_115_SNP_N_GenomeWideSNP_6_C03_771494	18	38270072	60943987	15557	-0.3339
DUNGS_p_TCGA_b84_115_SNP_N_GenomeWideSNP_6_C03_771494	18	60949105	60953092	8	0.1319
DUNGS_p_TCGA_b84_115_SNP_N_GenomeWideSNP_6_C03_771494	18	60953279	63721579	1959	-0.4337
DUNGS_p_TCGA_b84_115_SNP_N_GenomeWideSNP_6_C03_771494	18	63727492	63762300	59	-0.2535
DUNGS_p_TCGA_b84_115_SNP_N_GenomeWideSNP_6_C03_771494	18	63767140	63767922	3	-1.6423
DUNGS_p_TCGA_b84_115_SNP_N_GenomeWideSNP_6_C03_771494	18	63775595	78015057	10394	-0.412
DUNGS_p_TCGA_b84_115_SNP_N_GenomeWideSNP_6_C03_771494	19	90910	5506659	1600	-0.2064
DUNGS_p_TCGA_b84_115_SNP_N_GenomeWideSNP_6_C03_771494	19	5510239	5510700	4	0.5184
DUNGS_p_TCGA_b84_115_SNP_N_GenomeWideSNP_6_C03_771494	19	5513059	6630918	503	-0.2169
DUNGS_p_TCGA_b84_115_SNP_N_GenomeWideSNP_6_C03_771494	19	6639615	6642482	3	1.2807
DUNGS_p_TCGA_b84_115_SNP_N_GenomeWideSNP_6_C03_771494	19	6642670	27747993	9162	-0.2149
DUNGS_p_TCGA_b84_115_SNP_N_GenomeWideSNP_6_C03_771494	19	27751675	36846150	6032	0.6258
DUNGS_p_TCGA_b84_115_SNP_N_GenomeWideSNP_6_C03_771494	19	36846190	36847378	5	-0.1196
DUNGS_p_TCGA_b84_115_SNP_N_GenomeWideSNP_6_C03_771494	19	36847397	40992705	2174	0.6001
DUNGS_p_TCGA_b84_115_SNP_N_GenomeWideSNP_6_C03_771494	19	40992943	41360532	182	-0.2201
DUNGS_p_TCGA_b84_115_SNP_N_GenomeWideSNP_6_C03_771494	19	41360574	41368999	12	-1.7842
DUNGS_p_TCGA_b84_115_SNP_N_GenomeWideSNP_6_C03_771494	19	41369405	41376019	13	-1.0137
DUNGS_p_TCGA_b84_115_SNP_N_GenomeWideSNP_6_C03_771494	19	41380946	42689009	661	-0.2009
DUNGS_p_TCGA_b84_115_SNP_N_GenomeWideSNP_6_C03_771494	19	42696015	42696698	2	-1.6877
DUNGS_p_TCGA_b84_115_SNP_N_GenomeWideSNP_6_C03_771494	19	42700528	51103383	3972	-0.2
DUNGS_p_TCGA_b84_115_SNP_N_GenomeWideSNP_6_C03_771494	19	51109793	51113917	3	-1.3187
DUNGS_p_TCGA_b84_115_SNP_N_GenomeWideSNP_6_C03_771494	19	51124731	53928764	1919	-0.2265
DUNGS_p_TCGA_b84_115_SNP_N_GenomeWideSNP_6_C03_771494	19	53929764	53938333	3	-1.1323
DUNGS_p_TCGA_b84_115_SNP_N_GenomeWideSNP_6_C03_771494	19	53938529	56282369	1273	-0.2139
DUNGS_p_TCGA_b84_115_SNP_N_GenomeWideSNP_6_C03_771494	19	56282535	56283067	3	-2.8021
DUNGS_p_TCGA_b84_115_SNP_N_GenomeWideSNP_6_C03_771494	19	56286293	59097854	1850	-0.2265
DUNGS_p_TCGA_b84_115_SNP_N_GenomeWideSNP_6_C03_771494	20	61305	1560951	1206	0.0245
DUNGS_p_TCGA_b84_115_SNP_N_GenomeWideSNP_6_C03_771494	20	1560999	1593893	42	1.0972
DUNGS_p_TCGA_b84_115_SNP_N_GenomeWideSNP_6_C03_771494	20	1597946	29428523	18832	0.0023
DUNGS_p_TCGA_b84_115_SNP_N_GenomeWideSNP_6_C03_771494	20	29436802	29631350	53	-0.2547
DUNGS_p_TCGA_b84_115_SNP_N_GenomeWideSNP_6_C03_771494	20	29635466	58952537	20080	0.0183
DUNGS_p_TCGA_b84_115_SNP_N_GenomeWideSNP_6_C03_771494	20	58953299	58953725	2	-1.1852
DUNGS_p_TCGA_b84_115_SNP_N_GenomeWideSNP_6_C03_771494	20	58958670	62956153	2319	0.0154
DUNGS_p_TCGA_b84_115_SNP_N_GenomeWideSNP_6_C03_771494	21	10736871	44968053	22665	0.2171
DUNGS_p_TCGA_b84_115_SNP_N_GenomeWideSNP_6_C03_771494	21	44970873	44972812	2	-2.9212
DUNGS_p_TCGA_b84_115_SNP_N_GenomeWideSNP_6_C03_771494	21	44973667	48096957	1766	0.2357
DUNGS_p_TCGA_b84_115_SNP_N_GenomeWideSNP_6_C03_771494	22	16052528	16662742	95	0.3241
DUNGS_p_TCGA_b84_115_SNP_N_GenomeWideSNP_6_C03_771494	22	16683416	24271745	4497	-0.2416
DUNGS_p_TCGA_b84_115_SNP_N_GenomeWideSNP_6_C03_771494	22	24283016	24344422	33	0.2057
DUNGS_p_TCGA_b84_115_SNP_N_GenomeWideSNP_6_C03_771494	22	24350529	24396814	19	-1.8625
DUNGS_p_TCGA_b84_115_SNP_N_GenomeWideSNP_6_C03_771494	22	24401529	34173406	7280	-0.2276
DUNGS_p_TCGA_b84_115_SNP_N_GenomeWideSNP_6_C03_771494	22	34174947	34174985	4	-1.4763
DUNGS_p_TCGA_b84_115_SNP_N_GenomeWideSNP_6_C03_771494	22	34181422	40793260	4317	-0.2326
DUNGS_p_TCGA_b84_115_SNP_N_GenomeWideSNP_6_C03_771494	22	40794590	40794820	2	-1.5263
DUNGS_p_TCGA_b84_115_SNP_N_GenomeWideSNP_6_C03_771494	22	40797672	50967032	7184	-0.241
DUNGS_p_TCGA_b84_115_SNP_N_GenomeWideSNP_6_C03_771494	22	50973108	50973116	5	-1.3515
DUNGS_p_TCGA_b84_115_SNP_N_GenomeWideSNP_6_C03_771494	22	50973754	51234455	147	-0.2538
DUNGS_p_TCGA_b84_115_SNP_N_GenomeWideSNP_6_C03_771494	X	168477	37789982	23519	0.0469
DUNGS_p_TCGA_b84_115_SNP_N_GenomeWideSNP_6_C03_771494	X	37790417	37790464	2	-1.3723
DUNGS_p_TCGA_b84_115_SNP_N_GenomeWideSNP_6_C03_771494	X	37792159	155182354	61141	0.0096
DUNGS_p_TCGA_b84_115_SNP_N_GenomeWideSNP_6_C03_771494	Y	2650438	2878395	112	-2.9219
DUNGS_p_TCGA_b84_115_SNP_N_GenomeWideSNP_6_C03_771494	Y	2878640	2892421	7	-4.4056
DUNGS_p_TCGA_b84_115_SNP_N_GenomeWideSNP_6_C03_771494	Y	2893230	2974832	29	-2.9666
DUNGS_p_TCGA_b84_115_SNP_N_GenomeWideSNP_6_C03_771494	Y	2974958	3157597	43	-2.047
DUNGS_p_TCGA_b84_115_SNP_N_GenomeWideSNP_6_C03_771494	Y	3158073	3194088	12	-3.5082
DUNGS_p_TCGA_b84_115_SNP_N_GenomeWideSNP_6_C03_771494	Y	3195267	4243201	225	-2.3527
DUNGS_p_TCGA_b84_115_SNP_N_GenomeWideSNP_6_C03_771494	Y	4245859	4280612	7	-3.9744
DUNGS_p_TCGA_b84_115_SNP_N_GenomeWideSNP_6_C03_771494	Y	4283801	6101425	437	-2.4136
DUNGS_p_TCGA_b84_115_SNP_N_GenomeWideSNP_6_C03_771494	Y	6107901	6296423	85	-3.9022
DUNGS_p_TCGA_b84_115_SNP_N_GenomeWideSNP_6_C03_771494	Y	6299046	6992648	284	-2.8316
DUNGS_p_TCGA_b84_115_SNP_N_GenomeWideSNP_6_C03_771494	Y	6994405	7008631	4	-5.2048
DUNGS_p_TCGA_b84_115_SNP_N_GenomeWideSNP_6_C03_771494	Y	7011666	7399842	180	-2.799
DUNGS_p_TCGA_b84_115_SNP_N_GenomeWideSNP_6_C03_771494	Y	7400746	7418121	8	-4.3446
DUNGS_p_TCGA_b84_115_SNP_N_GenomeWideSNP_6_C03_771494	Y	7418484	7423301	6	-2.0783
DUNGS_p_TCGA_b84_115_SNP_N_GenomeWideSNP_6_C03_771494	Y	7425943	7454037	18	-3.0201
DUNGS_p_TCGA_b84_115_SNP_N_GenomeWideSNP_6_C03_771494	Y	7454617	7472116	16	-3.9622
DUNGS_p_TCGA_b84_115_SNP_N_GenomeWideSNP_6_C03_771494	Y	7472222	7635058	81	-2.8727
DUNGS_p_TCGA_b84_115_SNP_N_GenomeWideSNP_6_C03_771494	Y	7638901	7643394	5	-5.8186
DUNGS_p_TCGA_b84_115_SNP_N_GenomeWideSNP_6_C03_771494	Y	7646694	7811767	133	-2.9015
DUNGS_p_TCGA_b84_115_SNP_N_GenomeWideSNP_6_C03_771494	Y	7812179	7819737	9	-4.3951
DUNGS_p_TCGA_b84_115_SNP_N_GenomeWideSNP_6_C03_771494	Y	7821740	7835713	11	-2.8929
DUNGS_p_TCGA_b84_115_SNP_N_GenomeWideSNP_6_C03_771494	Y	7835840	7835847	2	-6.7129
DUNGS_p_TCGA_b84_115_SNP_N_GenomeWideSNP_6_C03_771494	Y	7836378	8413433	413	-3.0548
DUNGS_p_TCGA_b84_115_SNP_N_GenomeWideSNP_6_C03_771494	Y	8414392	8528058	66	-3.7069
DUNGS_p_TCGA_b84_115_SNP_N_GenomeWideSNP_6_C03_771494	Y	8534181	8611585	40	-3.1562
DUNGS_p_TCGA_b84_115_SNP_N_GenomeWideSNP_6_C03_771494	Y	8611794	8646769	12	-1.9347
DUNGS_p_TCGA_b84_115_SNP_N_GenomeWideSNP_6_C03_771494	Y	8647074	9100698	172	-3.1197
DUNGS_p_TCGA_b84_115_SNP_N_GenomeWideSNP_6_C03_771494	Y	9110519	9391884	56	-3.8365
DUNGS_p_TCGA_b84_115_SNP_N_GenomeWideSNP_6_C03_771494	Y	9392195	9525744	59	-2.9738
DUNGS_p_TCGA_b84_115_SNP_N_GenomeWideSNP_6_C03_771494	Y	9525914	9775211	98	-3.6669
DUNGS_p_TCGA_b84_115_SNP_N_GenomeWideSNP_6_C03_771494	Y	9784949	14801663	593	-2.8647
DUNGS_p_TCGA_b84_115_SNP_N_GenomeWideSNP_6_C03_771494	Y	14804077	14806006	3	-6.3033
DUNGS_p_TCGA_b84_115_SNP_N_GenomeWideSNP_6_C03_771494	Y	14809887	15028275	101	-3.0864
DUNGS_p_TCGA_b84_115_SNP_N_GenomeWideSNP_6_C03_771494	Y	15030066	15030817	3	-6.5833
DUNGS_p_TCGA_b84_115_SNP_N_GenomeWideSNP_6_C03_771494	Y	15032288	15590276	249	-2.9683
DUNGS_p_TCGA_b84_115_SNP_N_GenomeWideSNP_6_C03_771494	Y	15590342	15594523	3	-6.867
DUNGS_p_TCGA_b84_115_SNP_N_GenomeWideSNP_6_C03_771494	Y	15594889	17390098	909	-2.9867
DUNGS_p_TCGA_b84_115_SNP_N_GenomeWideSNP_6_C03_771494	Y	17394111	17396024	2	-6.5238
DUNGS_p_TCGA_b84_115_SNP_N_GenomeWideSNP_6_C03_771494	Y	17396459	18062494	421	-2.9375
DUNGS_p_TCGA_b84_115_SNP_N_GenomeWideSNP_6_C03_771494	Y	18066156	18066525	2	-6.2941
DUNGS_p_TCGA_b84_115_SNP_N_GenomeWideSNP_6_C03_771494	Y	18069039	18288537	110	-2.8907
DUNGS_p_TCGA_b84_115_SNP_N_GenomeWideSNP_6_C03_771494	Y	18289005	18534435	90	-3.751
DUNGS_p_TCGA_b84_115_SNP_N_GenomeWideSNP_6_C03_771494	Y	18534603	19491401	515	-3.011
DUNGS_p_TCGA_b84_115_SNP_N_GenomeWideSNP_6_C03_771494	Y	19492258	19954897	210	-3.5166
DUNGS_p_TCGA_b84_115_SNP_N_GenomeWideSNP_6_C03_771494	Y	19956020	19962827	11	-5.0512
DUNGS_p_TCGA_b84_115_SNP_N_GenomeWideSNP_6_C03_771494	Y	19963522	20874886	404	-3.5772
DUNGS_p_TCGA_b84_115_SNP_N_GenomeWideSNP_6_C03_771494	Y	20877592	20919456	24	-4.6571
DUNGS_p_TCGA_b84_115_SNP_N_GenomeWideSNP_6_C03_771494	Y	20924920	20970746	33	-3.5779
DUNGS_p_TCGA_b84_115_SNP_N_GenomeWideSNP_6_C03_771494	Y	20971498	20972173	2	-8.6309
DUNGS_p_TCGA_b84_115_SNP_N_GenomeWideSNP_6_C03_771494	Y	20972409	21028957	23	-3.9984
DUNGS_p_TCGA_b84_115_SNP_N_GenomeWideSNP_6_C03_771494	Y	21029230	23653771	1008	-3.0675
DUNGS_p_TCGA_b84_115_SNP_N_GenomeWideSNP_6_C03_771494	Y	23683731	23690350	2	-8.9528
DUNGS_p_TCGA_b84_115_SNP_N_GenomeWideSNP_6_C03_771494	Y	23715701	23864209	76	-2.829
DUNGS_p_TCGA_b84_115_SNP_N_GenomeWideSNP_6_C03_771494	Y	23864618	24359931	109	-3.5769
DUNGS_p_TCGA_b84_115_SNP_N_GenomeWideSNP_6_C03_771494	Y	24361272	24515802	80	-2.8557
DUNGS_p_TCGA_b84_115_SNP_N_GenomeWideSNP_6_C03_771494	Y	24516081	24885042	65	-4.0683
DUNGS_p_TCGA_b84_115_SNP_N_GenomeWideSNP_6_C03_771494	Y	24885735	24964952	14	-5.1588
DUNGS_p_TCGA_b84_115_SNP_N_GenomeWideSNP_6_C03_771494	Y	24979518	25730517	61	-3.3267
DUNGS_p_TCGA_b84_115_SNP_N_GenomeWideSNP_6_C03_771494	Y	25733001	25813210	9	-4.8368
DUNGS_p_TCGA_b84_115_SNP_N_GenomeWideSNP_6_C03_771494	Y	25813223	25976129	75	-3.3279
DUNGS_p_TCGA_b84_115_SNP_N_GenomeWideSNP_6_C03_771494	Y	25977694	26029800	20	-4.8225
DUNGS_p_TCGA_b84_115_SNP_N_GenomeWideSNP_6_C03_771494	Y	26037399	26049630	7	-3.3591
DUNGS_p_TCGA_b84_115_SNP_N_GenomeWideSNP_6_C03_771494	Y	26049926	26059305	5	-5.7834
DUNGS_p_TCGA_b84_115_SNP_N_GenomeWideSNP_6_C03_771494	Y	26060553	26174426	53	-3.664
DUNGS_p_TCGA_b84_115_SNP_N_GenomeWideSNP_6_C03_771494	Y	26175123	26201530	7	-4.7571
DUNGS_p_TCGA_b84_115_SNP_N_GenomeWideSNP_6_C03_771494	Y	26202172	26408766	48	-2.9658
DUNGS_p_TCGA_b84_115_SNP_N_GenomeWideSNP_6_C03_771494	Y	26409789	26412603	3	-6.2271
DUNGS_p_TCGA_b84_115_SNP_N_GenomeWideSNP_6_C03_771494	Y	26417092	26438049	12	-3.1763
DUNGS_p_TCGA_b84_115_SNP_N_GenomeWideSNP_6_C03_771494	Y	26440459	26473956	14	-1.9683
DUNGS_p_TCGA_b84_115_SNP_N_GenomeWideSNP_6_C03_771494	Y	26482088	26630929	18	-2.8922
DUNGS_p_TCGA_b84_115_SNP_N_GenomeWideSNP_6_C03_771494	Y	26631228	27315972	84	-4.3343
DUNGS_p_TCGA_b84_115_SNP_N_GenomeWideSNP_6_C03_771494	Y	27367487	27695095	88	-2.7727
DUNGS_p_TCGA_b84_115_SNP_N_GenomeWideSNP_6_C03_771494	Y	27717799	28051716	141	-3.8711
DUNGS_p_TCGA_b84_115_SNP_N_GenomeWideSNP_6_C03_771494	Y	28052268	28113407	31	-2.7997
DUNGS_p_TCGA_b84_115_SNP_N_GenomeWideSNP_6_C03_771494	Y	28114308	28322019	41	-4.441
DUNGS_p_TCGA_b84_115_SNP_N_GenomeWideSNP_6_C03_771494	Y	28322083	28423938	43	-3.3982
DUNGS_p_TCGA_b84_115_SNP_N_GenomeWideSNP_6_C03_771494	Y	28438116	59018259	183	-2.667
