Sample	Chromosome	Start	End	Num_Probes	Segment_Mean
DUNGS_p_TCGA_b84_115_SNP_N_GenomeWideSNP_6_C12_771536	1	3208470	11270079	4525	0.0944
DUNGS_p_TCGA_b84_115_SNP_N_GenomeWideSNP_6_C12_771536	1	11274311	12636955	728	0.5061
DUNGS_p_TCGA_b84_115_SNP_N_GenomeWideSNP_6_C12_771536	1	12637600	32326855	10102	0.092
DUNGS_p_TCGA_b84_115_SNP_N_GenomeWideSNP_6_C12_771536	1	32326891	32327172	2	-0.9883
DUNGS_p_TCGA_b84_115_SNP_N_GenomeWideSNP_6_C12_771536	1	32330985	68874525	22132	0.1322
DUNGS_p_TCGA_b84_115_SNP_N_GenomeWideSNP_6_C12_771536	1	68874822	85761152	9739	-0.4811
DUNGS_p_TCGA_b84_115_SNP_N_GenomeWideSNP_6_C12_771536	1	85761828	85775754	9	0.1677
DUNGS_p_TCGA_b84_115_SNP_N_GenomeWideSNP_6_C12_771536	1	85778597	110607826	14332	-0.4827
DUNGS_p_TCGA_b84_115_SNP_N_GenomeWideSNP_6_C12_771536	1	110611418	110676618	64	0.1042
DUNGS_p_TCGA_b84_115_SNP_N_GenomeWideSNP_6_C12_771536	1	110676947	110685440	6	-0.6932
DUNGS_p_TCGA_b84_115_SNP_N_GenomeWideSNP_6_C12_771536	1	110687259	110756243	33	0.1505
DUNGS_p_TCGA_b84_115_SNP_N_GenomeWideSNP_6_C12_771536	1	110756820	110833193	67	-0.5034
DUNGS_p_TCGA_b84_115_SNP_N_GenomeWideSNP_6_C12_771536	1	110836341	111132332	264	0.131
DUNGS_p_TCGA_b84_115_SNP_N_GenomeWideSNP_6_C12_771536	1	111216415	119685135	5342	-0.485
DUNGS_p_TCGA_b84_115_SNP_N_GenomeWideSNP_6_C12_771536	1	119692129	119862887	162	0.1514
DUNGS_p_TCGA_b84_115_SNP_N_GenomeWideSNP_6_C12_771536	1	119864082	119869620	3	-0.4716
DUNGS_p_TCGA_b84_115_SNP_N_GenomeWideSNP_6_C12_771536	1	119870321	120328884	260	0.1389
DUNGS_p_TCGA_b84_115_SNP_N_GenomeWideSNP_6_C12_771536	1	142745296	148794580	194	0.7681
DUNGS_p_TCGA_b84_115_SNP_N_GenomeWideSNP_6_C12_771536	1	148799416	149078418	129	0.4655
DUNGS_p_TCGA_b84_115_SNP_N_GenomeWideSNP_6_C12_771536	1	149079444	149180502	30	0.8163
DUNGS_p_TCGA_b84_115_SNP_N_GenomeWideSNP_6_C12_771536	1	149182217	149970636	313	0.4414
DUNGS_p_TCGA_b84_115_SNP_N_GenomeWideSNP_6_C12_771536	1	149973828	153275234	1761	0.8051
DUNGS_p_TCGA_b84_115_SNP_N_GenomeWideSNP_6_C12_771536	1	153275882	153839331	231	1.012
DUNGS_p_TCGA_b84_115_SNP_N_GenomeWideSNP_6_C12_771536	1	153844640	154898972	476	0.7715
DUNGS_p_TCGA_b84_115_SNP_N_GenomeWideSNP_6_C12_771536	1	154905624	158446441	2251	0.5233
DUNGS_p_TCGA_b84_115_SNP_N_GenomeWideSNP_6_C12_771536	1	158449023	160180171	917	0.7721
DUNGS_p_TCGA_b84_115_SNP_N_GenomeWideSNP_6_C12_771536	1	160182011	164054945	3111	0.5472
DUNGS_p_TCGA_b84_115_SNP_N_GenomeWideSNP_6_C12_771536	1	164065519	165395104	1013	0.8431
DUNGS_p_TCGA_b84_115_SNP_N_GenomeWideSNP_6_C12_771536	1	165397172	167223612	1358	0.5352
DUNGS_p_TCGA_b84_115_SNP_N_GenomeWideSNP_6_C12_771536	1	167223850	167227855	2	1.5662
DUNGS_p_TCGA_b84_115_SNP_N_GenomeWideSNP_6_C12_771536	1	167228031	168496673	936	0.5527
DUNGS_p_TCGA_b84_115_SNP_N_GenomeWideSNP_6_C12_771536	1	168498085	172519621	2465	0.8507
DUNGS_p_TCGA_b84_115_SNP_N_GenomeWideSNP_6_C12_771536	1	172524588	172958686	189	1.1387
DUNGS_p_TCGA_b84_115_SNP_N_GenomeWideSNP_6_C12_771536	1	172958807	173028277	25	0.8306
DUNGS_p_TCGA_b84_115_SNP_N_GenomeWideSNP_6_C12_771536	1	173028945	181672493	5405	0.5427
DUNGS_p_TCGA_b84_115_SNP_N_GenomeWideSNP_6_C12_771536	1	181672524	181672544	2	-0.5946
DUNGS_p_TCGA_b84_115_SNP_N_GenomeWideSNP_6_C12_771536	1	181672567	182737113	767	0.5621
DUNGS_p_TCGA_b84_115_SNP_N_GenomeWideSNP_6_C12_771536	1	182739842	185567708	1649	0.876
DUNGS_p_TCGA_b84_115_SNP_N_GenomeWideSNP_6_C12_771536	1	185571908	186790925	837	1.1157
DUNGS_p_TCGA_b84_115_SNP_N_GenomeWideSNP_6_C12_771536	1	186791919	189282195	1295	0.8689
DUNGS_p_TCGA_b84_115_SNP_N_GenomeWideSNP_6_C12_771536	1	189293157	190939207	937	1.1155
DUNGS_p_TCGA_b84_115_SNP_N_GenomeWideSNP_6_C12_771536	1	190964035	198791306	4623	0.8714
DUNGS_p_TCGA_b84_115_SNP_N_GenomeWideSNP_6_C12_771536	1	198793998	198794197	3	-0.0349
DUNGS_p_TCGA_b84_115_SNP_N_GenomeWideSNP_6_C12_771536	1	198794377	199521893	467	0.8145
DUNGS_p_TCGA_b84_115_SNP_N_GenomeWideSNP_6_C12_771536	1	199523156	199653179	116	1.0818
DUNGS_p_TCGA_b84_115_SNP_N_GenomeWideSNP_6_C12_771536	1	199656308	202745053	1945	0.869
DUNGS_p_TCGA_b84_115_SNP_N_GenomeWideSNP_6_C12_771536	1	202755214	202756404	9	0.5405
DUNGS_p_TCGA_b84_115_SNP_N_GenomeWideSNP_6_C12_771536	1	202758458	207411595	3118	0.9175
DUNGS_p_TCGA_b84_115_SNP_N_GenomeWideSNP_6_C12_771536	1	207412470	207511452	60	1.1196
DUNGS_p_TCGA_b84_115_SNP_N_GenomeWideSNP_6_C12_771536	1	207513249	209670105	1555	0.8596
DUNGS_p_TCGA_b84_115_SNP_N_GenomeWideSNP_6_C12_771536	1	209670466	209680421	2	-0.1792
DUNGS_p_TCGA_b84_115_SNP_N_GenomeWideSNP_6_C12_771536	1	209682558	209985100	230	0.815
DUNGS_p_TCGA_b84_115_SNP_N_GenomeWideSNP_6_C12_771536	1	209987183	209992217	4	-0.2646
DUNGS_p_TCGA_b84_115_SNP_N_GenomeWideSNP_6_C12_771536	1	209995503	210584560	316	0.8301
DUNGS_p_TCGA_b84_115_SNP_N_GenomeWideSNP_6_C12_771536	1	210584745	212951170	1645	0.5503
DUNGS_p_TCGA_b84_115_SNP_N_GenomeWideSNP_6_C12_771536	1	212955004	213077282	90	0.828
DUNGS_p_TCGA_b84_115_SNP_N_GenomeWideSNP_6_C12_771536	1	213077991	214377007	824	1.1072
DUNGS_p_TCGA_b84_115_SNP_N_GenomeWideSNP_6_C12_771536	1	214381189	218991767	3172	0.8622
DUNGS_p_TCGA_b84_115_SNP_N_GenomeWideSNP_6_C12_771536	1	219027538	220370997	978	1.1278
DUNGS_p_TCGA_b84_115_SNP_N_GenomeWideSNP_6_C12_771536	1	220376259	220524908	86	0.8711
DUNGS_p_TCGA_b84_115_SNP_N_GenomeWideSNP_6_C12_771536	1	220525251	222132339	876	1.1089
DUNGS_p_TCGA_b84_115_SNP_N_GenomeWideSNP_6_C12_771536	1	222142737	224242586	1124	0.8189
DUNGS_p_TCGA_b84_115_SNP_N_GenomeWideSNP_6_C12_771536	1	224246532	228095790	2208	0.513
DUNGS_p_TCGA_b84_115_SNP_N_GenomeWideSNP_6_C12_771536	1	228095859	228100614	6	0.9131
DUNGS_p_TCGA_b84_115_SNP_N_GenomeWideSNP_6_C12_771536	1	228104209	228177769	39	0.131
DUNGS_p_TCGA_b84_115_SNP_N_GenomeWideSNP_6_C12_771536	1	228179457	230176284	1301	0.5394
DUNGS_p_TCGA_b84_115_SNP_N_GenomeWideSNP_6_C12_771536	1	230176940	231993803	1476	0.8469
DUNGS_p_TCGA_b84_115_SNP_N_GenomeWideSNP_6_C12_771536	1	231993962	233643045	1056	0.5209
DUNGS_p_TCGA_b84_115_SNP_N_GenomeWideSNP_6_C12_771536	1	233644917	235735346	1516	0.8366
DUNGS_p_TCGA_b84_115_SNP_N_GenomeWideSNP_6_C12_771536	1	235735959	236664072	750	0.5451
DUNGS_p_TCGA_b84_115_SNP_N_GenomeWideSNP_6_C12_771536	1	236665937	237282397	494	0.8539
DUNGS_p_TCGA_b84_115_SNP_N_GenomeWideSNP_6_C12_771536	1	237288374	239387130	1551	0.5497
DUNGS_p_TCGA_b84_115_SNP_N_GenomeWideSNP_6_C12_771536	1	239390610	241445965	1271	0.8529
DUNGS_p_TCGA_b84_115_SNP_N_GenomeWideSNP_6_C12_771536	1	241446447	241877578	303	0.5399
DUNGS_p_TCGA_b84_115_SNP_N_GenomeWideSNP_6_C12_771536	1	241879445	242928968	576	0.0928
DUNGS_p_TCGA_b84_115_SNP_N_GenomeWideSNP_6_C12_771536	1	242932052	245880329	1292	0.5207
DUNGS_p_TCGA_b84_115_SNP_N_GenomeWideSNP_6_C12_771536	2	474222	64029044	37043	0.1241
DUNGS_p_TCGA_b84_115_SNP_N_GenomeWideSNP_6_C12_771536	2	64034198	65338791	711	0.5275
DUNGS_p_TCGA_b84_115_SNP_N_GenomeWideSNP_6_C12_771536	2	65340432	222179257	81648	0.1316
DUNGS_p_TCGA_b84_115_SNP_N_GenomeWideSNP_6_C12_771536	2	222179704	222179760	2	1.2307
DUNGS_p_TCGA_b84_115_SNP_N_GenomeWideSNP_6_C12_771536	2	222180806	242124735	11965	0.1086
DUNGS_p_TCGA_b84_115_SNP_N_GenomeWideSNP_6_C12_771536	3	526235	76803762	44071	-0.4809
DUNGS_p_TCGA_b84_115_SNP_N_GenomeWideSNP_6_C12_771536	3	76806341	76807820	2	-2.24
DUNGS_p_TCGA_b84_115_SNP_N_GenomeWideSNP_6_C12_771536	3	76808425	199023074	62361	-0.4768
DUNGS_p_TCGA_b84_115_SNP_N_GenomeWideSNP_6_C12_771536	4	1043934	189836143	102789	0.1545
DUNGS_p_TCGA_b84_115_SNP_N_GenomeWideSNP_6_C12_771536	5	967233	2220916	308	0.8375
DUNGS_p_TCGA_b84_115_SNP_N_GenomeWideSNP_6_C12_771536	5	2224041	2837589	577	0.5293
DUNGS_p_TCGA_b84_115_SNP_N_GenomeWideSNP_6_C12_771536	5	2840829	2843668	10	0.1169
DUNGS_p_TCGA_b84_115_SNP_N_GenomeWideSNP_6_C12_771536	5	2848458	4565174	1380	0.5452
DUNGS_p_TCGA_b84_115_SNP_N_GenomeWideSNP_6_C12_771536	5	4565518	5041557	409	0.8466
DUNGS_p_TCGA_b84_115_SNP_N_GenomeWideSNP_6_C12_771536	5	5044172	5813300	641	0.5639
DUNGS_p_TCGA_b84_115_SNP_N_GenomeWideSNP_6_C12_771536	5	5813491	6131543	295	0.1348
DUNGS_p_TCGA_b84_115_SNP_N_GenomeWideSNP_6_C12_771536	5	6132744	7437202	1008	0.5456
DUNGS_p_TCGA_b84_115_SNP_N_GenomeWideSNP_6_C12_771536	5	7443987	8243493	575	0.1404
DUNGS_p_TCGA_b84_115_SNP_N_GenomeWideSNP_6_C12_771536	5	8247134	8266512	12	0.5565
DUNGS_p_TCGA_b84_115_SNP_N_GenomeWideSNP_6_C12_771536	5	8271718	8411499	109	0.8825
DUNGS_p_TCGA_b84_115_SNP_N_GenomeWideSNP_6_C12_771536	5	8416456	9836985	1098	0.5526
DUNGS_p_TCGA_b84_115_SNP_N_GenomeWideSNP_6_C12_771536	5	9839277	9950923	113	0.9064
DUNGS_p_TCGA_b84_115_SNP_N_GenomeWideSNP_6_C12_771536	5	9982909	15407008	3368	0.553
DUNGS_p_TCGA_b84_115_SNP_N_GenomeWideSNP_6_C12_771536	5	16102300	17047979	644	0.8733
DUNGS_p_TCGA_b84_115_SNP_N_GenomeWideSNP_6_C12_771536	5	17053364	21823718	2196	0.5479
DUNGS_p_TCGA_b84_115_SNP_N_GenomeWideSNP_6_C12_771536	5	21824124	22258218	230	0.1439
DUNGS_p_TCGA_b84_115_SNP_N_GenomeWideSNP_6_C12_771536	5	22261169	22320664	26	0.537
DUNGS_p_TCGA_b84_115_SNP_N_GenomeWideSNP_6_C12_771536	5	22321731	29543415	3875	0.1375
DUNGS_p_TCGA_b84_115_SNP_N_GenomeWideSNP_6_C12_771536	5	29561616	31089853	920	0.56
DUNGS_p_TCGA_b84_115_SNP_N_GenomeWideSNP_6_C12_771536	5	31090357	31451561	355	0.1762
DUNGS_p_TCGA_b84_115_SNP_N_GenomeWideSNP_6_C12_771536	5	31452207	31509694	54	0.5371
DUNGS_p_TCGA_b84_115_SNP_N_GenomeWideSNP_6_C12_771536	5	31511665	33058895	1047	0.8588
DUNGS_p_TCGA_b84_115_SNP_N_GenomeWideSNP_6_C12_771536	5	33059984	35576105	1135	0.5625
DUNGS_p_TCGA_b84_115_SNP_N_GenomeWideSNP_6_C12_771536	5	35577075	36393345	563	0.874
DUNGS_p_TCGA_b84_115_SNP_N_GenomeWideSNP_6_C12_771536	5	36395647	37290216	515	0.5721
DUNGS_p_TCGA_b84_115_SNP_N_GenomeWideSNP_6_C12_771536	5	37290520	37291340	2	-0.7023
DUNGS_p_TCGA_b84_115_SNP_N_GenomeWideSNP_6_C12_771536	5	37294917	41233488	2499	0.5669
DUNGS_p_TCGA_b84_115_SNP_N_GenomeWideSNP_6_C12_771536	5	41237894	50160613	1987	0.126
DUNGS_p_TCGA_b84_115_SNP_N_GenomeWideSNP_6_C12_771536	5	50169101	50249263	54	-0.5247
DUNGS_p_TCGA_b84_115_SNP_N_GenomeWideSNP_6_C12_771536	5	50252655	50689559	254	0.1559
DUNGS_p_TCGA_b84_115_SNP_N_GenomeWideSNP_6_C12_771536	5	50693193	50946108	109	-0.5036
DUNGS_p_TCGA_b84_115_SNP_N_GenomeWideSNP_6_C12_771536	5	50956521	50968805	11	0.2963
DUNGS_p_TCGA_b84_115_SNP_N_GenomeWideSNP_6_C12_771536	5	50974582	50987522	14	-0.5954
DUNGS_p_TCGA_b84_115_SNP_N_GenomeWideSNP_6_C12_771536	5	50991237	51090350	42	0.1209
DUNGS_p_TCGA_b84_115_SNP_N_GenomeWideSNP_6_C12_771536	5	51093314	95618433	24528	-0.4903
DUNGS_p_TCGA_b84_115_SNP_N_GenomeWideSNP_6_C12_771536	5	95620582	95642994	13	-1.63
DUNGS_p_TCGA_b84_115_SNP_N_GenomeWideSNP_6_C12_771536	5	95646586	106599996	4760	-0.4917
DUNGS_p_TCGA_b84_115_SNP_N_GenomeWideSNP_6_C12_771536	5	106602095	106602114	2	-2.588
DUNGS_p_TCGA_b84_115_SNP_N_GenomeWideSNP_6_C12_771536	5	106602118	163441535	34762	-0.4902
DUNGS_p_TCGA_b84_115_SNP_N_GenomeWideSNP_6_C12_771536	5	163443644	180293075	10053	0.1308
DUNGS_p_TCGA_b84_115_SNP_N_GenomeWideSNP_6_C12_771536	6	959281	170745844	96530	0.1442
DUNGS_p_TCGA_b84_115_SNP_N_GenomeWideSNP_6_C12_771536	7	671810	12738375	5360	0.1223
DUNGS_p_TCGA_b84_115_SNP_N_GenomeWideSNP_6_C12_771536	7	12738388	12797992	13	-0.5868
DUNGS_p_TCGA_b84_115_SNP_N_GenomeWideSNP_6_C12_771536	7	12807905	66975348	29316	0.1449
DUNGS_p_TCGA_b84_115_SNP_N_GenomeWideSNP_6_C12_771536	7	66978416	66985460	7	-0.3858
DUNGS_p_TCGA_b84_115_SNP_N_GenomeWideSNP_6_C12_771536	7	66988486	158077879	46666	0.1422
DUNGS_p_TCGA_b84_115_SNP_N_GenomeWideSNP_6_C12_771536	8	607667	29349144	17027	0.1405
DUNGS_p_TCGA_b84_115_SNP_N_GenomeWideSNP_6_C12_771536	8	29350745	29375321	26	-0.7568
DUNGS_p_TCGA_b84_115_SNP_N_GenomeWideSNP_6_C12_771536	8	29377575	49066809	8280	0.1393
DUNGS_p_TCGA_b84_115_SNP_N_GenomeWideSNP_6_C12_771536	8	49067016	49072512	2	-0.7464
DUNGS_p_TCGA_b84_115_SNP_N_GenomeWideSNP_6_C12_771536	8	49075291	58925443	5605	0.1429
DUNGS_p_TCGA_b84_115_SNP_N_GenomeWideSNP_6_C12_771536	8	58925547	58925608	3	-0.6461
DUNGS_p_TCGA_b84_115_SNP_N_GenomeWideSNP_6_C12_771536	8	58933832	64502635	3554	0.1568
DUNGS_p_TCGA_b84_115_SNP_N_GenomeWideSNP_6_C12_771536	8	64502816	64503151	2	-0.9977
DUNGS_p_TCGA_b84_115_SNP_N_GenomeWideSNP_6_C12_771536	8	64510847	121406121	32138	0.1477
DUNGS_p_TCGA_b84_115_SNP_N_GenomeWideSNP_6_C12_771536	8	121407725	123750667	1471	-0.4846
DUNGS_p_TCGA_b84_115_SNP_N_GenomeWideSNP_6_C12_771536	8	123758851	135117230	8046	0.1504
DUNGS_p_TCGA_b84_115_SNP_N_GenomeWideSNP_6_C12_771536	8	135120211	135121951	3	0.8938
DUNGS_p_TCGA_b84_115_SNP_N_GenomeWideSNP_6_C12_771536	8	135123971	145304484	5417	0.196
DUNGS_p_TCGA_b84_115_SNP_N_GenomeWideSNP_6_C12_771536	9	779932	4156215	2409	-0.4856
DUNGS_p_TCGA_b84_115_SNP_N_GenomeWideSNP_6_C12_771536	9	4157046	4158771	2	-1.8131
DUNGS_p_TCGA_b84_115_SNP_N_GenomeWideSNP_6_C12_771536	9	4159816	9639179	2994	-0.4895
DUNGS_p_TCGA_b84_115_SNP_N_GenomeWideSNP_6_C12_771536	9	9639668	9704838	39	-1.7259
DUNGS_p_TCGA_b84_115_SNP_N_GenomeWideSNP_6_C12_771536	9	9706152	21616573	7882	-0.4783
DUNGS_p_TCGA_b84_115_SNP_N_GenomeWideSNP_6_C12_771536	9	21692086	21829132	104	-1.6801
DUNGS_p_TCGA_b84_115_SNP_N_GenomeWideSNP_6_C12_771536	9	21836285	21836327	2	-4.0033
DUNGS_p_TCGA_b84_115_SNP_N_GenomeWideSNP_6_C12_771536	9	21836440	21993136	78	-1.5527
DUNGS_p_TCGA_b84_115_SNP_N_GenomeWideSNP_6_C12_771536	9	21993152	21995254	18	-0.9264
DUNGS_p_TCGA_b84_115_SNP_N_GenomeWideSNP_6_C12_771536	9	21995274	22025479	31	-1.7472
DUNGS_p_TCGA_b84_115_SNP_N_GenomeWideSNP_6_C12_771536	9	22027369	31908286	5566	-0.4805
DUNGS_p_TCGA_b84_115_SNP_N_GenomeWideSNP_6_C12_771536	9	31911472	31921510	11	-2.0748
DUNGS_p_TCGA_b84_115_SNP_N_GenomeWideSNP_6_C12_771536	9	31922560	32415938	362	-0.5035
DUNGS_p_TCGA_b84_115_SNP_N_GenomeWideSNP_6_C12_771536	9	32425701	32426014	2	-1.6597
DUNGS_p_TCGA_b84_115_SNP_N_GenomeWideSNP_6_C12_771536	9	32426965	78614665	9752	-0.4927
DUNGS_p_TCGA_b84_115_SNP_N_GenomeWideSNP_6_C12_771536	9	78615512	78616462	2	-3.3723
DUNGS_p_TCGA_b84_115_SNP_N_GenomeWideSNP_6_C12_771536	9	78616871	107031966	18434	-0.4872
DUNGS_p_TCGA_b84_115_SNP_N_GenomeWideSNP_6_C12_771536	9	107031969	107036731	15	-0.0439
DUNGS_p_TCGA_b84_115_SNP_N_GenomeWideSNP_6_C12_771536	9	107036902	137231065	19547	-0.509
DUNGS_p_TCGA_b84_115_SNP_N_GenomeWideSNP_6_C12_771536	9	137232626	137232910	2	-1.8064
DUNGS_p_TCGA_b84_115_SNP_N_GenomeWideSNP_6_C12_771536	9	137233582	140058573	794	-0.58
DUNGS_p_TCGA_b84_115_SNP_N_GenomeWideSNP_6_C12_771536	10	405240	6397443	3861	-0.5212
DUNGS_p_TCGA_b84_115_SNP_N_GenomeWideSNP_6_C12_771536	10	6398110	6398221	2	-1.8478
DUNGS_p_TCGA_b84_115_SNP_N_GenomeWideSNP_6_C12_771536	10	6398324	25875638	13884	-0.4967
DUNGS_p_TCGA_b84_115_SNP_N_GenomeWideSNP_6_C12_771536	10	25881060	25905750	20	-1.9279
DUNGS_p_TCGA_b84_115_SNP_N_GenomeWideSNP_6_C12_771536	10	25905769	25905867	3	-3.3064
DUNGS_p_TCGA_b84_115_SNP_N_GenomeWideSNP_6_C12_771536	10	25905882	25929937	12	-1.4603
DUNGS_p_TCGA_b84_115_SNP_N_GenomeWideSNP_6_C12_771536	10	25929986	25937098	7	-2.188
DUNGS_p_TCGA_b84_115_SNP_N_GenomeWideSNP_6_C12_771536	10	25937271	25956668	11	-0.8796
DUNGS_p_TCGA_b84_115_SNP_N_GenomeWideSNP_6_C12_771536	10	25956747	26152287	148	-1.7413
DUNGS_p_TCGA_b84_115_SNP_N_GenomeWideSNP_6_C12_771536	10	26153500	38588209	8072	-0.492
DUNGS_p_TCGA_b84_115_SNP_N_GenomeWideSNP_6_C12_771536	10	38589618	39005413	85	-0.2495
DUNGS_p_TCGA_b84_115_SNP_N_GenomeWideSNP_6_C12_771536	10	39008244	85555547	23641	-0.486
DUNGS_p_TCGA_b84_115_SNP_N_GenomeWideSNP_6_C12_771536	10	85555775	85558087	5	-1.2214
DUNGS_p_TCGA_b84_115_SNP_N_GenomeWideSNP_6_C12_771536	10	85565461	135075077	31158	-0.4878
DUNGS_p_TCGA_b84_115_SNP_N_GenomeWideSNP_6_C12_771536	11	446120	38192502	23906	0.1363
DUNGS_p_TCGA_b84_115_SNP_N_GenomeWideSNP_6_C12_771536	11	38195060	38215745	9	-0.3973
DUNGS_p_TCGA_b84_115_SNP_N_GenomeWideSNP_6_C12_771536	11	38220464	90115183	24707	0.1203
DUNGS_p_TCGA_b84_115_SNP_N_GenomeWideSNP_6_C12_771536	11	90130511	90131048	3	-0.6622
DUNGS_p_TCGA_b84_115_SNP_N_GenomeWideSNP_6_C12_771536	11	90133335	100923081	7133	0.1416
DUNGS_p_TCGA_b84_115_SNP_N_GenomeWideSNP_6_C12_771536	11	100929786	100929880	2	-1.1806
DUNGS_p_TCGA_b84_115_SNP_N_GenomeWideSNP_6_C12_771536	11	100931749	125308041	15844	0.1343
DUNGS_p_TCGA_b84_115_SNP_N_GenomeWideSNP_6_C12_771536	11	125308664	125311397	2	1.0066
DUNGS_p_TCGA_b84_115_SNP_N_GenomeWideSNP_6_C12_771536	11	125312109	133647740	5694	0.138
DUNGS_p_TCGA_b84_115_SNP_N_GenomeWideSNP_6_C12_771536	12	760163	60269385	32040	0.1302
DUNGS_p_TCGA_b84_115_SNP_N_GenomeWideSNP_6_C12_771536	12	60269716	60277589	6	-0.7113
DUNGS_p_TCGA_b84_115_SNP_N_GenomeWideSNP_6_C12_771536	12	60278609	119931129	36595	0.1405
DUNGS_p_TCGA_b84_115_SNP_N_GenomeWideSNP_6_C12_771536	12	119934001	119935533	5	-0.5927
DUNGS_p_TCGA_b84_115_SNP_N_GenomeWideSNP_6_C12_771536	12	119935808	125365286	2914	0.0946
DUNGS_p_TCGA_b84_115_SNP_N_GenomeWideSNP_6_C12_771536	12	125365483	125366802	3	0.8883
DUNGS_p_TCGA_b84_115_SNP_N_GenomeWideSNP_6_C12_771536	12	125366871	131671419	2421	0.1269
DUNGS_p_TCGA_b84_115_SNP_N_GenomeWideSNP_6_C12_771536	13	18348806	114005560	56681	0.1405
DUNGS_p_TCGA_b84_115_SNP_N_GenomeWideSNP_6_C12_771536	14	19571208	34944605	8225	0.1415
DUNGS_p_TCGA_b84_115_SNP_N_GenomeWideSNP_6_C12_771536	14	34945368	35681872	417	0.5609
DUNGS_p_TCGA_b84_115_SNP_N_GenomeWideSNP_6_C12_771536	14	35686494	35692815	2	-0.3046
DUNGS_p_TCGA_b84_115_SNP_N_GenomeWideSNP_6_C12_771536	14	35693633	35982140	198	0.5558
DUNGS_p_TCGA_b84_115_SNP_N_GenomeWideSNP_6_C12_771536	14	35982288	36313322	278	0.8657
DUNGS_p_TCGA_b84_115_SNP_N_GenomeWideSNP_6_C12_771536	14	36317227	36431306	115	0.5913
DUNGS_p_TCGA_b84_115_SNP_N_GenomeWideSNP_6_C12_771536	14	36439595	49169255	5859	0.142
DUNGS_p_TCGA_b84_115_SNP_N_GenomeWideSNP_6_C12_771536	14	49174882	49226302	22	-0.6018
DUNGS_p_TCGA_b84_115_SNP_N_GenomeWideSNP_6_C12_771536	14	49227013	105059083	34357	0.1325
DUNGS_p_TCGA_b84_115_SNP_N_GenomeWideSNP_6_C12_771536	15	21238778	99701830	44553	0.1285
DUNGS_p_TCGA_b84_115_SNP_N_GenomeWideSNP_6_C12_771536	16	593460	27770320	12870	0.1149
DUNGS_p_TCGA_b84_115_SNP_N_GenomeWideSNP_6_C12_771536	16	27770505	27770524	2	1.0801
DUNGS_p_TCGA_b84_115_SNP_N_GenomeWideSNP_6_C12_771536	16	27770636	69396838	15963	0.1335
DUNGS_p_TCGA_b84_115_SNP_N_GenomeWideSNP_6_C12_771536	16	69403572	69753654	65	0.7662
DUNGS_p_TCGA_b84_115_SNP_N_GenomeWideSNP_6_C12_771536	16	69757550	87907437	11982	0.136
DUNGS_p_TCGA_b84_115_SNP_N_GenomeWideSNP_6_C12_771536	17	933971	10667883	5005	0.0798
DUNGS_p_TCGA_b84_115_SNP_N_GenomeWideSNP_6_C12_771536	17	10668610	18543257	3740	-0.5072
DUNGS_p_TCGA_b84_115_SNP_N_GenomeWideSNP_6_C12_771536	17	18606743	19092695	100	0.0913
DUNGS_p_TCGA_b84_115_SNP_N_GenomeWideSNP_6_C12_771536	17	19092766	19130271	17	-0.6736
DUNGS_p_TCGA_b84_115_SNP_N_GenomeWideSNP_6_C12_771536	17	19130924	19179393	31	-0.4207
DUNGS_p_TCGA_b84_115_SNP_N_GenomeWideSNP_6_C12_771536	17	19179703	19185602	6	-0.7065
DUNGS_p_TCGA_b84_115_SNP_N_GenomeWideSNP_6_C12_771536	17	19201813	19515272	161	0.0729
DUNGS_p_TCGA_b84_115_SNP_N_GenomeWideSNP_6_C12_771536	17	19523866	19700802	118	-0.5867
DUNGS_p_TCGA_b84_115_SNP_N_GenomeWideSNP_6_C12_771536	17	19707583	19971552	115	0.077
DUNGS_p_TCGA_b84_115_SNP_N_GenomeWideSNP_6_C12_771536	17	19974997	20924142	222	-0.4545
DUNGS_p_TCGA_b84_115_SNP_N_GenomeWideSNP_6_C12_771536	17	20927865	21093122	77	0.1264
DUNGS_p_TCGA_b84_115_SNP_N_GenomeWideSNP_6_C12_771536	17	21099171	45033906	9721	0.486
DUNGS_p_TCGA_b84_115_SNP_N_GenomeWideSNP_6_C12_771536	17	45037767	45967202	486	0.8157
DUNGS_p_TCGA_b84_115_SNP_N_GenomeWideSNP_6_C12_771536	17	45967528	51881017	3553	0.5626
DUNGS_p_TCGA_b84_115_SNP_N_GenomeWideSNP_6_C12_771536	17	51882952	71689953	10884	0.1067
DUNGS_p_TCGA_b84_115_SNP_N_GenomeWideSNP_6_C12_771536	17	71708316	72801382	533	0.4716
DUNGS_p_TCGA_b84_115_SNP_N_GenomeWideSNP_6_C12_771536	17	72804897	78510305	2235	0.0514
DUNGS_p_TCGA_b84_115_SNP_N_GenomeWideSNP_6_C12_771536	18	319586	3097443	1060	-0.4971
DUNGS_p_TCGA_b84_115_SNP_N_GenomeWideSNP_6_C12_771536	18	3098185	3103085	2	-1.6334
DUNGS_p_TCGA_b84_115_SNP_N_GenomeWideSNP_6_C12_771536	18	3104193	10163009	4595	-0.4958
DUNGS_p_TCGA_b84_115_SNP_N_GenomeWideSNP_6_C12_771536	18	10164021	11012614	667	0.1375
DUNGS_p_TCGA_b84_115_SNP_N_GenomeWideSNP_6_C12_771536	18	11015325	71643920	34094	-0.477
DUNGS_p_TCGA_b84_115_SNP_N_GenomeWideSNP_6_C12_771536	18	71644115	71644347	3	-1.8943
DUNGS_p_TCGA_b84_115_SNP_N_GenomeWideSNP_6_C12_771536	18	71646617	75210228	2268	-0.5074
DUNGS_p_TCGA_b84_115_SNP_N_GenomeWideSNP_6_C12_771536	19	235018	35976646	11269	0.0632
DUNGS_p_TCGA_b84_115_SNP_N_GenomeWideSNP_6_C12_771536	19	35979958	35980380	2	-0.907
DUNGS_p_TCGA_b84_115_SNP_N_GenomeWideSNP_6_C12_771536	19	35982439	63570038	12691	0.0672
DUNGS_p_TCGA_b84_115_SNP_N_GenomeWideSNP_6_C12_771536	20	403764	13127851	8157	0.1473
DUNGS_p_TCGA_b84_115_SNP_N_GenomeWideSNP_6_C12_771536	20	13129692	14314503	675	0.6075
DUNGS_p_TCGA_b84_115_SNP_N_GenomeWideSNP_6_C12_771536	20	14314870	16573744	1479	0.1699
DUNGS_p_TCGA_b84_115_SNP_N_GenomeWideSNP_6_C12_771536	20	16573862	16574082	2	-0.6841
DUNGS_p_TCGA_b84_115_SNP_N_GenomeWideSNP_6_C12_771536	20	16574691	18201277	1324	0.1667
DUNGS_p_TCGA_b84_115_SNP_N_GenomeWideSNP_6_C12_771536	20	18201303	18201538	5	-0.4067
DUNGS_p_TCGA_b84_115_SNP_N_GenomeWideSNP_6_C12_771536	20	18201680	23299889	3830	0.1549
DUNGS_p_TCGA_b84_115_SNP_N_GenomeWideSNP_6_C12_771536	20	23300318	26126021	1354	0.5611
DUNGS_p_TCGA_b84_115_SNP_N_GenomeWideSNP_6_C12_771536	20	26126853	26145899	10	0.714
DUNGS_p_TCGA_b84_115_SNP_N_GenomeWideSNP_6_C12_771536	20	29307634	32313297	1488	0.1004
DUNGS_p_TCGA_b84_115_SNP_N_GenomeWideSNP_6_C12_771536	20	32315759	33850610	681	-0.5397
DUNGS_p_TCGA_b84_115_SNP_N_GenomeWideSNP_6_C12_771536	20	33850900	34953360	454	0.0901
DUNGS_p_TCGA_b84_115_SNP_N_GenomeWideSNP_6_C12_771536	20	34958225	39147782	2846	-0.4831
DUNGS_p_TCGA_b84_115_SNP_N_GenomeWideSNP_6_C12_771536	20	39148841	39150105	2	-1.582
DUNGS_p_TCGA_b84_115_SNP_N_GenomeWideSNP_6_C12_771536	20	39153239	39792933	299	-0.5028
DUNGS_p_TCGA_b84_115_SNP_N_GenomeWideSNP_6_C12_771536	20	39793437	39793441	5	0.1151
DUNGS_p_TCGA_b84_115_SNP_N_GenomeWideSNP_6_C12_771536	20	39794198	50845937	7322	-0.5137
DUNGS_p_TCGA_b84_115_SNP_N_GenomeWideSNP_6_C12_771536	20	50848742	56212657	3938	0.176
DUNGS_p_TCGA_b84_115_SNP_N_GenomeWideSNP_6_C12_771536	20	56217450	56748574	417	0.5518
DUNGS_p_TCGA_b84_115_SNP_N_GenomeWideSNP_6_C12_771536	20	56751516	61690281	3010	0.1238
DUNGS_p_TCGA_b84_115_SNP_N_GenomeWideSNP_6_C12_771536	21	14269492	46503202	20594	0.1324
DUNGS_p_TCGA_b84_115_SNP_N_GenomeWideSNP_6_C12_771536	22	15803930	23463052	1301	0.0802
DUNGS_p_TCGA_b84_115_SNP_N_GenomeWideSNP_6_C12_771536	22	23463355	23468956	2	-1.0425
DUNGS_p_TCGA_b84_115_SNP_N_GenomeWideSNP_6_C12_771536	22	23469418	27982158	3313	0.0987
DUNGS_p_TCGA_b84_115_SNP_N_GenomeWideSNP_6_C12_771536	22	27983409	27983419	2	-0.9746
DUNGS_p_TCGA_b84_115_SNP_N_GenomeWideSNP_6_C12_771536	22	27983706	28418829	252	0.0712
DUNGS_p_TCGA_b84_115_SNP_N_GenomeWideSNP_6_C12_771536	22	28419496	28432686	3	-0.6109
DUNGS_p_TCGA_b84_115_SNP_N_GenomeWideSNP_6_C12_771536	22	28433065	41483647	7597	0.0791
DUNGS_p_TCGA_b84_115_SNP_N_GenomeWideSNP_6_C12_771536	22	41483654	41494354	3	-0.7569
DUNGS_p_TCGA_b84_115_SNP_N_GenomeWideSNP_6_C12_771536	22	41501208	43287342	1290	0.0477
DUNGS_p_TCGA_b84_115_SNP_N_GenomeWideSNP_6_C12_771536	22	43288738	43311741	29	0.4274
DUNGS_p_TCGA_b84_115_SNP_N_GenomeWideSNP_6_C12_771536	22	43313895	43321994	7	0.0547
DUNGS_p_TCGA_b84_115_SNP_N_GenomeWideSNP_6_C12_771536	22	43326884	43357605	32	0.4528
DUNGS_p_TCGA_b84_115_SNP_N_GenomeWideSNP_6_C12_771536	22	43362591	43418962	32	0.0694
DUNGS_p_TCGA_b84_115_SNP_N_GenomeWideSNP_6_C12_771536	22	43422275	47717016	3075	0.5157
DUNGS_p_TCGA_b84_115_SNP_N_GenomeWideSNP_6_C12_771536	X	3167107	154558783	63805	0.0017
