Sample	Chromosome	Start	End	Num_Probes	Segment_Mean
DUNGS_p_TCGA_b84_115_SNP_N_GenomeWideSNP_6_F04_771506	1	51598	218938	20	-0.1971
DUNGS_p_TCGA_b84_115_SNP_N_GenomeWideSNP_6_F04_771506	1	219021	219482	3	1.5442
DUNGS_p_TCGA_b84_115_SNP_N_GenomeWideSNP_6_F04_771506	1	219540	5708026	2621	0.1576
DUNGS_p_TCGA_b84_115_SNP_N_GenomeWideSNP_6_F04_771506	1	5709995	7078402	757	-0.2608
DUNGS_p_TCGA_b84_115_SNP_N_GenomeWideSNP_6_F04_771506	1	7078669	7078876	2	-1.5808
DUNGS_p_TCGA_b84_115_SNP_N_GenomeWideSNP_6_F04_771506	1	7081148	16026084	5022	-0.0259
DUNGS_p_TCGA_b84_115_SNP_N_GenomeWideSNP_6_F04_771506	1	16026123	16027553	8	-0.6564
DUNGS_p_TCGA_b84_115_SNP_N_GenomeWideSNP_6_F04_771506	1	16027597	17508599	748	0.2313
DUNGS_p_TCGA_b84_115_SNP_N_GenomeWideSNP_6_F04_771506	1	17512737	20057216	1815	-0.067
DUNGS_p_TCGA_b84_115_SNP_N_GenomeWideSNP_6_F04_771506	1	20057522	21717409	984	0.2671
DUNGS_p_TCGA_b84_115_SNP_N_GenomeWideSNP_6_F04_771506	1	21721492	25455928	2198	-0.0423
DUNGS_p_TCGA_b84_115_SNP_N_GenomeWideSNP_6_F04_771506	1	25465715	25491518	16	0.6631
DUNGS_p_TCGA_b84_115_SNP_N_GenomeWideSNP_6_F04_771506	1	25491627	27775929	944	-0.0435
DUNGS_p_TCGA_b84_115_SNP_N_GenomeWideSNP_6_F04_771506	1	27778612	49541373	12399	0.2402
DUNGS_p_TCGA_b84_115_SNP_N_GenomeWideSNP_6_F04_771506	1	49543467	58492497	5716	-0.2245
DUNGS_p_TCGA_b84_115_SNP_N_GenomeWideSNP_6_F04_771506	1	58496146	58505914	13	0.42
DUNGS_p_TCGA_b84_115_SNP_N_GenomeWideSNP_6_F04_771506	1	58515058	72457537	9681	-0.2254
DUNGS_p_TCGA_b84_115_SNP_N_GenomeWideSNP_6_F04_771506	1	72458207	72556758	73	0.224
DUNGS_p_TCGA_b84_115_SNP_N_GenomeWideSNP_6_F04_771506	1	72556810	72562199	5	-0.5492
DUNGS_p_TCGA_b84_115_SNP_N_GenomeWideSNP_6_F04_771506	1	72566892	76599584	2572	0.0702
DUNGS_p_TCGA_b84_115_SNP_N_GenomeWideSNP_6_F04_771506	1	76599838	78372092	1104	-0.2288
DUNGS_p_TCGA_b84_115_SNP_N_GenomeWideSNP_6_F04_771506	1	78373926	82088328	2498	0.0174
DUNGS_p_TCGA_b84_115_SNP_N_GenomeWideSNP_6_F04_771506	1	82088659	83513112	920	-0.2554
DUNGS_p_TCGA_b84_115_SNP_N_GenomeWideSNP_6_F04_771506	1	83513246	83514098	2	1.0018
DUNGS_p_TCGA_b84_115_SNP_N_GenomeWideSNP_6_F04_771506	1	83515305	84001014	330	-0.2497
DUNGS_p_TCGA_b84_115_SNP_N_GenomeWideSNP_6_F04_771506	1	84001177	85752520	1234	0.0774
DUNGS_p_TCGA_b84_115_SNP_N_GenomeWideSNP_6_F04_771506	1	85752938	85775754	11	0.5493
DUNGS_p_TCGA_b84_115_SNP_N_GenomeWideSNP_6_F04_771506	1	85778597	86545634	550	0.0418
DUNGS_p_TCGA_b84_115_SNP_N_GenomeWideSNP_6_F04_771506	1	86549410	86550854	2	1.131
DUNGS_p_TCGA_b84_115_SNP_N_GenomeWideSNP_6_F04_771506	1	86552670	87948647	883	0.0152
DUNGS_p_TCGA_b84_115_SNP_N_GenomeWideSNP_6_F04_771506	1	87948798	90444213	1652	0.2698
DUNGS_p_TCGA_b84_115_SNP_N_GenomeWideSNP_6_F04_771506	1	90445205	101802589	7165	-0.2297
DUNGS_p_TCGA_b84_115_SNP_N_GenomeWideSNP_6_F04_771506	1	101812617	101971602	108	0.0395
DUNGS_p_TCGA_b84_115_SNP_N_GenomeWideSNP_6_F04_771506	1	101971662	102045070	53	-0.2936
DUNGS_p_TCGA_b84_115_SNP_N_GenomeWideSNP_6_F04_771506	1	102045693	105814899	2003	0.0342
DUNGS_p_TCGA_b84_115_SNP_N_GenomeWideSNP_6_F04_771506	1	105820728	105823898	17	-0.7684
DUNGS_p_TCGA_b84_115_SNP_N_GenomeWideSNP_6_F04_771506	1	105825578	110027443	2661	0.2302
DUNGS_p_TCGA_b84_115_SNP_N_GenomeWideSNP_6_F04_771506	1	110027488	110029038	11	-0.137
DUNGS_p_TCGA_b84_115_SNP_N_GenomeWideSNP_6_F04_771506	1	110034497	110041701	17	-1.3416
DUNGS_p_TCGA_b84_115_SNP_N_GenomeWideSNP_6_F04_771506	1	110044476	110580607	351	0.3215
DUNGS_p_TCGA_b84_115_SNP_N_GenomeWideSNP_6_F04_771506	1	110590973	112497488	1609	-0.2406
DUNGS_p_TCGA_b84_115_SNP_N_GenomeWideSNP_6_F04_771506	1	112497610	112507721	34	0.2354
DUNGS_p_TCGA_b84_115_SNP_N_GenomeWideSNP_6_F04_771506	1	112507728	114324176	1054	-0.2327
DUNGS_p_TCGA_b84_115_SNP_N_GenomeWideSNP_6_F04_771506	1	114324988	114327075	2	-1.3291
DUNGS_p_TCGA_b84_115_SNP_N_GenomeWideSNP_6_F04_771506	1	114327097	114869174	381	-0.2356
DUNGS_p_TCGA_b84_115_SNP_N_GenomeWideSNP_6_F04_771506	1	114871429	116311764	1011	0.0356
DUNGS_p_TCGA_b84_115_SNP_N_GenomeWideSNP_6_F04_771506	1	116312400	118030959	1143	-0.2366
DUNGS_p_TCGA_b84_115_SNP_N_GenomeWideSNP_6_F04_771506	1	118031244	119923461	1147	0.0456
DUNGS_p_TCGA_b84_115_SNP_N_GenomeWideSNP_6_F04_771506	1	119923666	119931088	28	-0.2801
DUNGS_p_TCGA_b84_115_SNP_N_GenomeWideSNP_6_F04_771506	1	119934779	120896119	352	0.1012
DUNGS_p_TCGA_b84_115_SNP_N_GenomeWideSNP_6_F04_771506	1	120908653	120928505	11	-0.2629
DUNGS_p_TCGA_b84_115_SNP_N_GenomeWideSNP_6_F04_771506	1	120931200	143588053	120	0.2984
DUNGS_p_TCGA_b84_115_SNP_N_GenomeWideSNP_6_F04_771506	1	143588102	143863085	142	0.6956
DUNGS_p_TCGA_b84_115_SNP_N_GenomeWideSNP_6_F04_771506	1	143863316	143863375	3	2.6944
DUNGS_p_TCGA_b84_115_SNP_N_GenomeWideSNP_6_F04_771506	1	143863407	146842179	942	0.8642
DUNGS_p_TCGA_b84_115_SNP_N_GenomeWideSNP_6_F04_771506	1	146842185	146894466	5	-0.2658
DUNGS_p_TCGA_b84_115_SNP_N_GenomeWideSNP_6_F04_771506	1	146903393	146929387	14	0.7634
DUNGS_p_TCGA_b84_115_SNP_N_GenomeWideSNP_6_F04_771506	1	147014277	147303148	24	0.1697
DUNGS_p_TCGA_b84_115_SNP_N_GenomeWideSNP_6_F04_771506	1	147306690	147469502	81	-0.4121
DUNGS_p_TCGA_b84_115_SNP_N_GenomeWideSNP_6_F04_771506	1	147469955	147930665	96	-0.0659
DUNGS_p_TCGA_b84_115_SNP_N_GenomeWideSNP_6_F04_771506	1	147942941	151026302	1690	0.6758
DUNGS_p_TCGA_b84_115_SNP_N_GenomeWideSNP_6_F04_771506	1	151028547	151035324	37	0.0099
DUNGS_p_TCGA_b84_115_SNP_N_GenomeWideSNP_6_F04_771506	1	151040529	157133197	3626	0.7291
DUNGS_p_TCGA_b84_115_SNP_N_GenomeWideSNP_6_F04_771506	1	157135125	157136383	2	-1.3331
DUNGS_p_TCGA_b84_115_SNP_N_GenomeWideSNP_6_F04_771506	1	157141442	165220079	5980	0.6906
DUNGS_p_TCGA_b84_115_SNP_N_GenomeWideSNP_6_F04_771506	1	165220490	167483561	1745	0.3491
DUNGS_p_TCGA_b84_115_SNP_N_GenomeWideSNP_6_F04_771506	1	167500598	167505355	5	1.2544
DUNGS_p_TCGA_b84_115_SNP_N_GenomeWideSNP_6_F04_771506	1	167505369	170618684	2150	0.3204
DUNGS_p_TCGA_b84_115_SNP_N_GenomeWideSNP_6_F04_771506	1	170619443	170628820	5	-0.0756
DUNGS_p_TCGA_b84_115_SNP_N_GenomeWideSNP_6_F04_771506	1	170629424	170646181	12	0.3952
DUNGS_p_TCGA_b84_115_SNP_N_GenomeWideSNP_6_F04_771506	1	170647498	172464564	1078	0.7155
DUNGS_p_TCGA_b84_115_SNP_N_GenomeWideSNP_6_F04_771506	1	172465749	177243354	3024	0.3426
DUNGS_p_TCGA_b84_115_SNP_N_GenomeWideSNP_6_F04_771506	1	177244831	177245796	2	-1.399
DUNGS_p_TCGA_b84_115_SNP_N_GenomeWideSNP_6_F04_771506	1	177248039	185982477	5964	0.3603
DUNGS_p_TCGA_b84_115_SNP_N_GenomeWideSNP_6_F04_771506	1	185984183	185987992	2	-0.9001
DUNGS_p_TCGA_b84_115_SNP_N_GenomeWideSNP_6_F04_771506	1	185991233	187353610	867	0.3012
DUNGS_p_TCGA_b84_115_SNP_N_GenomeWideSNP_6_F04_771506	1	187353623	187356040	2	1.7176
DUNGS_p_TCGA_b84_115_SNP_N_GenomeWideSNP_6_F04_771506	1	187356055	187789686	272	0.3412
DUNGS_p_TCGA_b84_115_SNP_N_GenomeWideSNP_6_F04_771506	1	187793222	187803756	7	1.0192
DUNGS_p_TCGA_b84_115_SNP_N_GenomeWideSNP_6_F04_771506	1	187803954	194998709	4840	0.2851
DUNGS_p_TCGA_b84_115_SNP_N_GenomeWideSNP_6_F04_771506	1	195005246	195015840	23	-0.9458
DUNGS_p_TCGA_b84_115_SNP_N_GenomeWideSNP_6_F04_771506	1	195016444	195057649	42	-0.199
DUNGS_p_TCGA_b84_115_SNP_N_GenomeWideSNP_6_F04_771506	1	195057666	195068278	18	-0.7005
DUNGS_p_TCGA_b84_115_SNP_N_GenomeWideSNP_6_F04_771506	1	195068407	197355903	1359	0.2712
DUNGS_p_TCGA_b84_115_SNP_N_GenomeWideSNP_6_F04_771506	1	197356017	197356035	2	1.557
DUNGS_p_TCGA_b84_115_SNP_N_GenomeWideSNP_6_F04_771506	1	197356045	197377986	29	0.4351
DUNGS_p_TCGA_b84_115_SNP_N_GenomeWideSNP_6_F04_771506	1	197378049	197379634	7	-2.3246
DUNGS_p_TCGA_b84_115_SNP_N_GenomeWideSNP_6_F04_771506	1	197380463	198374048	682	0.2556
DUNGS_p_TCGA_b84_115_SNP_N_GenomeWideSNP_6_F04_771506	1	198374053	198374434	4	1.0734
DUNGS_p_TCGA_b84_115_SNP_N_GenomeWideSNP_6_F04_771506	1	198376879	209987183	8035	0.2823
DUNGS_p_TCGA_b84_115_SNP_N_GenomeWideSNP_6_F04_771506	1	209990058	209990073	2	-1.3227
DUNGS_p_TCGA_b84_115_SNP_N_GenomeWideSNP_6_F04_771506	1	209992217	220433291	7344	0.2808
DUNGS_p_TCGA_b84_115_SNP_N_GenomeWideSNP_6_F04_771506	1	220441457	220443627	2	-2.471
DUNGS_p_TCGA_b84_115_SNP_N_GenomeWideSNP_6_F04_771506	1	220448757	221696958	703	0.3101
DUNGS_p_TCGA_b84_115_SNP_N_GenomeWideSNP_6_F04_771506	1	221697055	221697240	2	-1.042
DUNGS_p_TCGA_b84_115_SNP_N_GenomeWideSNP_6_F04_771506	1	221697381	227877792	3745	0.2773
DUNGS_p_TCGA_b84_115_SNP_N_GenomeWideSNP_6_F04_771506	1	227883479	227886819	3	-1.8457
DUNGS_p_TCGA_b84_115_SNP_N_GenomeWideSNP_6_F04_771506	1	227887079	238457870	8131	0.2818
DUNGS_p_TCGA_b84_115_SNP_N_GenomeWideSNP_6_F04_771506	1	238458363	238462728	8	0.9636
DUNGS_p_TCGA_b84_115_SNP_N_GenomeWideSNP_6_F04_771506	1	238464651	241130506	2122	0.266
DUNGS_p_TCGA_b84_115_SNP_N_GenomeWideSNP_6_F04_771506	1	241130532	241131992	7	-0.4597
DUNGS_p_TCGA_b84_115_SNP_N_GenomeWideSNP_6_F04_771506	1	241144886	246875732	3666	0.3064
DUNGS_p_TCGA_b84_115_SNP_N_GenomeWideSNP_6_F04_771506	1	246875992	246894859	6	-0.8005
DUNGS_p_TCGA_b84_115_SNP_N_GenomeWideSNP_6_F04_771506	1	246898877	247191011	135	0.2982
DUNGS_p_TCGA_b84_115_SNP_N_GenomeWideSNP_6_F04_771506	2	2784	3149964	2203	-0.0327
DUNGS_p_TCGA_b84_115_SNP_N_GenomeWideSNP_6_F04_771506	2	3152976	3175983	29	-0.4764
DUNGS_p_TCGA_b84_115_SNP_N_GenomeWideSNP_6_F04_771506	2	3176203	3180424	20	0.0729
DUNGS_p_TCGA_b84_115_SNP_N_GenomeWideSNP_6_F04_771506	2	3182004	3182752	2	-1.6747
DUNGS_p_TCGA_b84_115_SNP_N_GenomeWideSNP_6_F04_771506	2	3182859	3227512	35	-0.0393
DUNGS_p_TCGA_b84_115_SNP_N_GenomeWideSNP_6_F04_771506	2	3228669	3240054	11	-0.4078
DUNGS_p_TCGA_b84_115_SNP_N_GenomeWideSNP_6_F04_771506	2	3240177	4176616	685	0.0147
DUNGS_p_TCGA_b84_115_SNP_N_GenomeWideSNP_6_F04_771506	2	4176896	4200524	40	0.4554
DUNGS_p_TCGA_b84_115_SNP_N_GenomeWideSNP_6_F04_771506	2	4200578	6317470	1812	-0.0075
DUNGS_p_TCGA_b84_115_SNP_N_GenomeWideSNP_6_F04_771506	2	6319360	6319747	3	-1.0029
DUNGS_p_TCGA_b84_115_SNP_N_GenomeWideSNP_6_F04_771506	2	6322341	12494906	4744	-0.0051
DUNGS_p_TCGA_b84_115_SNP_N_GenomeWideSNP_6_F04_771506	2	12496630	12515154	18	-0.7187
DUNGS_p_TCGA_b84_115_SNP_N_GenomeWideSNP_6_F04_771506	2	12516836	36185727	15736	0.004
DUNGS_p_TCGA_b84_115_SNP_N_GenomeWideSNP_6_F04_771506	2	36185762	36189110	9	-0.9064
DUNGS_p_TCGA_b84_115_SNP_N_GenomeWideSNP_6_F04_771506	2	36190123	46578225	7825	0.0125
DUNGS_p_TCGA_b84_115_SNP_N_GenomeWideSNP_6_F04_771506	2	46578391	46579020	4	-1.1317
DUNGS_p_TCGA_b84_115_SNP_N_GenomeWideSNP_6_F04_771506	2	46582913	52597429	4062	0.0128
DUNGS_p_TCGA_b84_115_SNP_N_GenomeWideSNP_6_F04_771506	2	52607972	52634799	32	-0.3555
DUNGS_p_TCGA_b84_115_SNP_N_GenomeWideSNP_6_F04_771506	2	52634830	57261153	3388	0.0102
DUNGS_p_TCGA_b84_115_SNP_N_GenomeWideSNP_6_F04_771506	2	57261166	57261405	5	0.9075
DUNGS_p_TCGA_b84_115_SNP_N_GenomeWideSNP_6_F04_771506	2	57261825	89335028	19515	0.0038
DUNGS_p_TCGA_b84_115_SNP_N_GenomeWideSNP_6_F04_771506	2	89346332	89958702	178	-0.2416
DUNGS_p_TCGA_b84_115_SNP_N_GenomeWideSNP_6_F04_771506	2	90982622	91509721	103	0.0736
DUNGS_p_TCGA_b84_115_SNP_N_GenomeWideSNP_6_F04_771506	2	91510772	94698533	29	-0.3108
DUNGS_p_TCGA_b84_115_SNP_N_GenomeWideSNP_6_F04_771506	2	94705115	97702937	982	0.0306
DUNGS_p_TCGA_b84_115_SNP_N_GenomeWideSNP_6_F04_771506	2	97705668	97705945	2	-1.25
DUNGS_p_TCGA_b84_115_SNP_N_GenomeWideSNP_6_F04_771506	2	97706144	100572697	1678	0.0112
DUNGS_p_TCGA_b84_115_SNP_N_GenomeWideSNP_6_F04_771506	2	100572705	100573445	2	-1.6164
DUNGS_p_TCGA_b84_115_SNP_N_GenomeWideSNP_6_F04_771506	2	100577934	103310193	1785	0.0301
DUNGS_p_TCGA_b84_115_SNP_N_GenomeWideSNP_6_F04_771506	2	103310230	103315694	4	0.7234
DUNGS_p_TCGA_b84_115_SNP_N_GenomeWideSNP_6_F04_771506	2	103316720	110099118	4172	0.0156
DUNGS_p_TCGA_b84_115_SNP_N_GenomeWideSNP_6_F04_771506	2	110125531	110182514	5	-0.9193
DUNGS_p_TCGA_b84_115_SNP_N_GenomeWideSNP_6_F04_771506	2	110182922	115256107	2464	-0.0014
DUNGS_p_TCGA_b84_115_SNP_N_GenomeWideSNP_6_F04_771506	2	115256138	115258540	8	0.676
DUNGS_p_TCGA_b84_115_SNP_N_GenomeWideSNP_6_F04_771506	2	115258740	116284944	613	-0.0016
DUNGS_p_TCGA_b84_115_SNP_N_GenomeWideSNP_6_F04_771506	2	116285848	116331439	30	0.356
DUNGS_p_TCGA_b84_115_SNP_N_GenomeWideSNP_6_F04_771506	2	116332710	125252403	5773	0.0057
DUNGS_p_TCGA_b84_115_SNP_N_GenomeWideSNP_6_F04_771506	2	125253218	125257002	2	-1.443
DUNGS_p_TCGA_b84_115_SNP_N_GenomeWideSNP_6_F04_771506	2	125258376	130505230	3347	0.0061
DUNGS_p_TCGA_b84_115_SNP_N_GenomeWideSNP_6_F04_771506	2	130505244	130565774	15	-0.5785
DUNGS_p_TCGA_b84_115_SNP_N_GenomeWideSNP_6_F04_771506	2	130580429	131034319	108	-0.0703
DUNGS_p_TCGA_b84_115_SNP_N_GenomeWideSNP_6_F04_771506	2	131034521	131108215	3	-1.1475
DUNGS_p_TCGA_b84_115_SNP_N_GenomeWideSNP_6_F04_771506	2	131123659	140763921	5909	0.0037
DUNGS_p_TCGA_b84_115_SNP_N_GenomeWideSNP_6_F04_771506	2	140766339	140766352	2	-1.3343
DUNGS_p_TCGA_b84_115_SNP_N_GenomeWideSNP_6_F04_771506	2	140772778	184277315	26780	0.0323
DUNGS_p_TCGA_b84_115_SNP_N_GenomeWideSNP_6_F04_771506	2	184279555	184280035	5	0.893
DUNGS_p_TCGA_b84_115_SNP_N_GenomeWideSNP_6_F04_771506	2	184282020	184311140	42	0.0655
DUNGS_p_TCGA_b84_115_SNP_N_GenomeWideSNP_6_F04_771506	2	184311569	184311620	2	1.6525
DUNGS_p_TCGA_b84_115_SNP_N_GenomeWideSNP_6_F04_771506	2	184311789	203308526	10787	0.0785
DUNGS_p_TCGA_b84_115_SNP_N_GenomeWideSNP_6_F04_771506	2	203310380	203366310	27	0.4706
DUNGS_p_TCGA_b84_115_SNP_N_GenomeWideSNP_6_F04_771506	2	203367853	205052697	938	0.0906
DUNGS_p_TCGA_b84_115_SNP_N_GenomeWideSNP_6_F04_771506	2	205052917	205052932	3	-1.2017
DUNGS_p_TCGA_b84_115_SNP_N_GenomeWideSNP_6_F04_771506	2	205052938	208058284	2039	0.0783
DUNGS_p_TCGA_b84_115_SNP_N_GenomeWideSNP_6_F04_771506	2	208058436	208058564	4	0.4865
DUNGS_p_TCGA_b84_115_SNP_N_GenomeWideSNP_6_F04_771506	2	208058871	208063200	4	-0.296
DUNGS_p_TCGA_b84_115_SNP_N_GenomeWideSNP_6_F04_771506	2	208063423	208067581	16	-2.8228
DUNGS_p_TCGA_b84_115_SNP_N_GenomeWideSNP_6_F04_771506	2	208067721	212889567	3045	0.0815
DUNGS_p_TCGA_b84_115_SNP_N_GenomeWideSNP_6_F04_771506	2	212894794	212898280	9	-5.4259
DUNGS_p_TCGA_b84_115_SNP_N_GenomeWideSNP_6_F04_771506	2	212898365	212900070	16	-2.2973
DUNGS_p_TCGA_b84_115_SNP_N_GenomeWideSNP_6_F04_771506	2	212900371	242738129	19094	0.0138
DUNGS_p_TCGA_b84_115_SNP_N_GenomeWideSNP_6_F04_771506	3	35345	157913	115	0.0586
DUNGS_p_TCGA_b84_115_SNP_N_GenomeWideSNP_6_F04_771506	3	159246	161211	5	0.9775
DUNGS_p_TCGA_b84_115_SNP_N_GenomeWideSNP_6_F04_771506	3	161790	314693	148	0.0415
DUNGS_p_TCGA_b84_115_SNP_N_GenomeWideSNP_6_F04_771506	3	315113	315221	2	-1.6261
DUNGS_p_TCGA_b84_115_SNP_N_GenomeWideSNP_6_F04_771506	3	315312	611395	254	0.1
DUNGS_p_TCGA_b84_115_SNP_N_GenomeWideSNP_6_F04_771506	3	616801	619290	2	-1.8102
DUNGS_p_TCGA_b84_115_SNP_N_GenomeWideSNP_6_F04_771506	3	622824	5509893	4339	0.0603
DUNGS_p_TCGA_b84_115_SNP_N_GenomeWideSNP_6_F04_771506	3	5510582	5514114	2	-1.5333
DUNGS_p_TCGA_b84_115_SNP_N_GenomeWideSNP_6_F04_771506	3	5514588	22097127	11853	0.0376
DUNGS_p_TCGA_b84_115_SNP_N_GenomeWideSNP_6_F04_771506	3	22097400	22103415	2	-1.4327
DUNGS_p_TCGA_b84_115_SNP_N_GenomeWideSNP_6_F04_771506	3	22104505	22832183	557	0.0464
DUNGS_p_TCGA_b84_115_SNP_N_GenomeWideSNP_6_F04_771506	3	22832688	22838462	5	0.7407
DUNGS_p_TCGA_b84_115_SNP_N_GenomeWideSNP_6_F04_771506	3	22838579	22909978	43	0.0903
DUNGS_p_TCGA_b84_115_SNP_N_GenomeWideSNP_6_F04_771506	3	22910895	22911034	3	-0.8452
DUNGS_p_TCGA_b84_115_SNP_N_GenomeWideSNP_6_F04_771506	3	22911423	25826124	2257	0.0405
DUNGS_p_TCGA_b84_115_SNP_N_GenomeWideSNP_6_F04_771506	3	25826146	25826248	2	-1.0204
DUNGS_p_TCGA_b84_115_SNP_N_GenomeWideSNP_6_F04_771506	3	25828291	26210626	245	0.1269
DUNGS_p_TCGA_b84_115_SNP_N_GenomeWideSNP_6_F04_771506	3	26211208	26222005	12	-0.4076
DUNGS_p_TCGA_b84_115_SNP_N_GenomeWideSNP_6_F04_771506	3	26222422	26401195	111	0.0655
DUNGS_p_TCGA_b84_115_SNP_N_GenomeWideSNP_6_F04_771506	3	26409128	26426277	13	-0.4967
DUNGS_p_TCGA_b84_115_SNP_N_GenomeWideSNP_6_F04_771506	3	26428231	43521550	11355	0.0379
DUNGS_p_TCGA_b84_115_SNP_N_GenomeWideSNP_6_F04_771506	3	43522098	51743171	3956	-0.272
DUNGS_p_TCGA_b84_115_SNP_N_GenomeWideSNP_6_F04_771506	3	51743850	52997448	534	0.0341
DUNGS_p_TCGA_b84_115_SNP_N_GenomeWideSNP_6_F04_771506	3	52997907	53009489	28	0.4453
DUNGS_p_TCGA_b84_115_SNP_N_GenomeWideSNP_6_F04_771506	3	53009580	60667900	5714	0.0501
DUNGS_p_TCGA_b84_115_SNP_N_GenomeWideSNP_6_F04_771506	3	60667938	60669391	2	1.6812
DUNGS_p_TCGA_b84_115_SNP_N_GenomeWideSNP_6_F04_771506	3	60669759	60830881	165	0.0634
DUNGS_p_TCGA_b84_115_SNP_N_GenomeWideSNP_6_F04_771506	3	60831169	62036436	1024	0.5174
DUNGS_p_TCGA_b84_115_SNP_N_GenomeWideSNP_6_F04_771506	3	62037660	62038764	2	-0.632
DUNGS_p_TCGA_b84_115_SNP_N_GenomeWideSNP_6_F04_771506	3	62039557	62472411	318	0.496
DUNGS_p_TCGA_b84_115_SNP_N_GenomeWideSNP_6_F04_771506	3	62473418	84781524	14805	0.0364
DUNGS_p_TCGA_b84_115_SNP_N_GenomeWideSNP_6_F04_771506	3	84781547	84785290	23	-0.4619
DUNGS_p_TCGA_b84_115_SNP_N_GenomeWideSNP_6_F04_771506	3	84788974	100428085	6013	0.0276
DUNGS_p_TCGA_b84_115_SNP_N_GenomeWideSNP_6_F04_771506	3	100428100	100431728	11	0.5862
DUNGS_p_TCGA_b84_115_SNP_N_GenomeWideSNP_6_F04_771506	3	100431746	131245549	18774	0.0947
DUNGS_p_TCGA_b84_115_SNP_N_GenomeWideSNP_6_F04_771506	3	131246388	131288926	52	-1.3454
DUNGS_p_TCGA_b84_115_SNP_N_GenomeWideSNP_6_F04_771506	3	131289614	133472020	1444	0.256
DUNGS_p_TCGA_b84_115_SNP_N_GenomeWideSNP_6_F04_771506	3	133472037	133478374	5	-1.8945
DUNGS_p_TCGA_b84_115_SNP_N_GenomeWideSNP_6_F04_771506	3	133483167	146964776	8328	0.2584
DUNGS_p_TCGA_b84_115_SNP_N_GenomeWideSNP_6_F04_771506	3	146967845	146969651	5	1.1321
DUNGS_p_TCGA_b84_115_SNP_N_GenomeWideSNP_6_F04_771506	3	146973062	163605465	10251	0.3069
DUNGS_p_TCGA_b84_115_SNP_N_GenomeWideSNP_6_F04_771506	3	163606060	163627099	18	0.7297
DUNGS_p_TCGA_b84_115_SNP_N_GenomeWideSNP_6_F04_771506	3	163627114	164007552	270	0.2953
DUNGS_p_TCGA_b84_115_SNP_N_GenomeWideSNP_6_F04_771506	3	164011324	164023184	10	-1.09
DUNGS_p_TCGA_b84_115_SNP_N_GenomeWideSNP_6_F04_771506	3	164028410	164055099	12	0.1141
DUNGS_p_TCGA_b84_115_SNP_N_GenomeWideSNP_6_F04_771506	3	164055305	164075052	13	-0.4056
DUNGS_p_TCGA_b84_115_SNP_N_GenomeWideSNP_6_F04_771506	3	164076318	164106591	21	0.2431
DUNGS_p_TCGA_b84_115_SNP_N_GenomeWideSNP_6_F04_771506	3	164108674	164111308	5	1.4414
DUNGS_p_TCGA_b84_115_SNP_N_GenomeWideSNP_6_F04_771506	3	164111337	174998726	6566	0.312
DUNGS_p_TCGA_b84_115_SNP_N_GenomeWideSNP_6_F04_771506	3	175008678	176561212	1098	-0.2623
DUNGS_p_TCGA_b84_115_SNP_N_GenomeWideSNP_6_F04_771506	3	176563286	176563920	6	-1.681
DUNGS_p_TCGA_b84_115_SNP_N_GenomeWideSNP_6_F04_771506	3	176564019	179838931	2021	-0.2528
DUNGS_p_TCGA_b84_115_SNP_N_GenomeWideSNP_6_F04_771506	3	179842168	179854760	13	0.3249
DUNGS_p_TCGA_b84_115_SNP_N_GenomeWideSNP_6_F04_771506	3	179855324	194360596	9504	-0.2664
DUNGS_p_TCGA_b84_115_SNP_N_GenomeWideSNP_6_F04_771506	3	194360656	194365597	19	-0.9897
DUNGS_p_TCGA_b84_115_SNP_N_GenomeWideSNP_6_F04_771506	3	194369129	196941532	1517	-0.2715
DUNGS_p_TCGA_b84_115_SNP_N_GenomeWideSNP_6_F04_771506	3	196941547	196959853	16	0.4162
DUNGS_p_TCGA_b84_115_SNP_N_GenomeWideSNP_6_F04_771506	3	196960434	197414610	198	-0.2299
DUNGS_p_TCGA_b84_115_SNP_N_GenomeWideSNP_6_F04_771506	3	197415396	197415980	2	-1.9931
DUNGS_p_TCGA_b84_115_SNP_N_GenomeWideSNP_6_F04_771506	3	197416860	199322834	954	-0.2259
DUNGS_p_TCGA_b84_115_SNP_N_GenomeWideSNP_6_F04_771506	3	199322975	199380515	21	-0.8213
DUNGS_p_TCGA_b84_115_SNP_N_GenomeWideSNP_6_F04_771506	4	2281	55761	56	-0.407
DUNGS_p_TCGA_b84_115_SNP_N_GenomeWideSNP_6_F04_771506	4	55978	145713	55	0.2688
DUNGS_p_TCGA_b84_115_SNP_N_GenomeWideSNP_6_F04_771506	4	147351	5361204	2501	-0.0494
DUNGS_p_TCGA_b84_115_SNP_N_GenomeWideSNP_6_F04_771506	4	5361322	5366335	3	0.6529
DUNGS_p_TCGA_b84_115_SNP_N_GenomeWideSNP_6_F04_771506	4	5367636	9838390	3208	-0.3181
DUNGS_p_TCGA_b84_115_SNP_N_GenomeWideSNP_6_F04_771506	4	9838406	9840347	14	-1.201
DUNGS_p_TCGA_b84_115_SNP_N_GenomeWideSNP_6_F04_771506	4	9840596	11988030	1807	-0.2846
DUNGS_p_TCGA_b84_115_SNP_N_GenomeWideSNP_6_F04_771506	4	11988045	11988179	3	1.0567
DUNGS_p_TCGA_b84_115_SNP_N_GenomeWideSNP_6_F04_771506	4	11988353	26767058	10422	-0.2944
DUNGS_p_TCGA_b84_115_SNP_N_GenomeWideSNP_6_F04_771506	4	26769411	26769881	2	-1.9615
DUNGS_p_TCGA_b84_115_SNP_N_GenomeWideSNP_6_F04_771506	4	26770640	26913643	116	-0.2788
DUNGS_p_TCGA_b84_115_SNP_N_GenomeWideSNP_6_F04_771506	4	26917417	28568467	1105	0.2468
DUNGS_p_TCGA_b84_115_SNP_N_GenomeWideSNP_6_F04_771506	4	28568507	28570034	5	1.0617
DUNGS_p_TCGA_b84_115_SNP_N_GenomeWideSNP_6_F04_771506	4	28570093	34442092	3545	0.2413
DUNGS_p_TCGA_b84_115_SNP_N_GenomeWideSNP_6_F04_771506	4	34442166	34455357	5	0.9613
DUNGS_p_TCGA_b84_115_SNP_N_GenomeWideSNP_6_F04_771506	4	34455370	34467089	13	0.2059
DUNGS_p_TCGA_b84_115_SNP_N_GenomeWideSNP_6_F04_771506	4	34467147	34500578	29	-0.197
DUNGS_p_TCGA_b84_115_SNP_N_GenomeWideSNP_6_F04_771506	4	34501120	44700512	6654	0.2597
DUNGS_p_TCGA_b84_115_SNP_N_GenomeWideSNP_6_F04_771506	4	44700609	44701092	4	1.1717
DUNGS_p_TCGA_b84_115_SNP_N_GenomeWideSNP_6_F04_771506	4	44705726	47903815	1912	0.2508
DUNGS_p_TCGA_b84_115_SNP_N_GenomeWideSNP_6_F04_771506	4	47903975	47904200	4	-0.7518
DUNGS_p_TCGA_b84_115_SNP_N_GenomeWideSNP_6_F04_771506	4	47904610	49205156	431	0.289
DUNGS_p_TCGA_b84_115_SNP_N_GenomeWideSNP_6_F04_771506	4	49205959	49353369	16	-0.9752
DUNGS_p_TCGA_b84_115_SNP_N_GenomeWideSNP_6_F04_771506	4	52380456	53690558	744	0.2594
DUNGS_p_TCGA_b84_115_SNP_N_GenomeWideSNP_6_F04_771506	4	53701363	53701446	2	-0.9316
DUNGS_p_TCGA_b84_115_SNP_N_GenomeWideSNP_6_F04_771506	4	53702291	59701013	4121	0.2587
DUNGS_p_TCGA_b84_115_SNP_N_GenomeWideSNP_6_F04_771506	4	59701073	59702897	2	1.4277
DUNGS_p_TCGA_b84_115_SNP_N_GenomeWideSNP_6_F04_771506	4	59703917	61619533	1214	0.2356
DUNGS_p_TCGA_b84_115_SNP_N_GenomeWideSNP_6_F04_771506	4	61623530	61624547	2	-1.0042
DUNGS_p_TCGA_b84_115_SNP_N_GenomeWideSNP_6_F04_771506	4	61628281	64374654	1501	0.2416
DUNGS_p_TCGA_b84_115_SNP_N_GenomeWideSNP_6_F04_771506	4	64375574	64388206	19	0.7528
DUNGS_p_TCGA_b84_115_SNP_N_GenomeWideSNP_6_F04_771506	4	64388221	68967186	2876	0.2578
DUNGS_p_TCGA_b84_115_SNP_N_GenomeWideSNP_6_F04_771506	4	68970733	68970737	3	-1.2117
DUNGS_p_TCGA_b84_115_SNP_N_GenomeWideSNP_6_F04_771506	4	68977394	69054598	12	0.3703
DUNGS_p_TCGA_b84_115_SNP_N_GenomeWideSNP_6_F04_771506	4	69057536	69166704	63	0.9286
DUNGS_p_TCGA_b84_115_SNP_N_GenomeWideSNP_6_F04_771506	4	69168435	108270949	23319	0.2559
DUNGS_p_TCGA_b84_115_SNP_N_GenomeWideSNP_6_F04_771506	4	108285200	108287862	18	-0.4031
DUNGS_p_TCGA_b84_115_SNP_N_GenomeWideSNP_6_F04_771506	4	108290968	108291077	3	0.7712
DUNGS_p_TCGA_b84_115_SNP_N_GenomeWideSNP_6_F04_771506	4	108291337	108295982	17	-0.4154
DUNGS_p_TCGA_b84_115_SNP_N_GenomeWideSNP_6_F04_771506	4	108296883	116395285	5070	0.2512
DUNGS_p_TCGA_b84_115_SNP_N_GenomeWideSNP_6_F04_771506	4	116395313	116395381	2	1.5541
DUNGS_p_TCGA_b84_115_SNP_N_GenomeWideSNP_6_F04_771506	4	116395394	122434576	3661	0.2439
DUNGS_p_TCGA_b84_115_SNP_N_GenomeWideSNP_6_F04_771506	4	122435060	138158820	8867	0.6936
DUNGS_p_TCGA_b84_115_SNP_N_GenomeWideSNP_6_F04_771506	4	138158954	138165819	14	1.2356
DUNGS_p_TCGA_b84_115_SNP_N_GenomeWideSNP_6_F04_771506	4	138168349	145177682	4653	0.6253
DUNGS_p_TCGA_b84_115_SNP_N_GenomeWideSNP_6_F04_771506	4	145177951	145178029	2	-0.8872
DUNGS_p_TCGA_b84_115_SNP_N_GenomeWideSNP_6_F04_771506	4	145178176	154019479	4961	0.6689
DUNGS_p_TCGA_b84_115_SNP_N_GenomeWideSNP_6_F04_771506	4	154019818	154082993	30	1.1393
DUNGS_p_TCGA_b84_115_SNP_N_GenomeWideSNP_6_F04_771506	4	154083619	156021998	1321	0.6645
DUNGS_p_TCGA_b84_115_SNP_N_GenomeWideSNP_6_F04_771506	4	156022455	156022528	3	-0.2585
DUNGS_p_TCGA_b84_115_SNP_N_GenomeWideSNP_6_F04_771506	4	156022649	156578907	356	0.6596
DUNGS_p_TCGA_b84_115_SNP_N_GenomeWideSNP_6_F04_771506	4	156588056	156599423	13	-0.3132
DUNGS_p_TCGA_b84_115_SNP_N_GenomeWideSNP_6_F04_771506	4	156605784	156661444	45	0.645
DUNGS_p_TCGA_b84_115_SNP_N_GenomeWideSNP_6_F04_771506	4	156665681	161282058	2888	-0.3139
DUNGS_p_TCGA_b84_115_SNP_N_GenomeWideSNP_6_F04_771506	4	161282093	161286290	12	-0.9701
DUNGS_p_TCGA_b84_115_SNP_N_GenomeWideSNP_6_F04_771506	4	161286306	162091333	601	-0.3168
DUNGS_p_TCGA_b84_115_SNP_N_GenomeWideSNP_6_F04_771506	4	162093056	162141526	66	-0.0108
DUNGS_p_TCGA_b84_115_SNP_N_GenomeWideSNP_6_F04_771506	4	162141712	172613549	6651	-0.3142
DUNGS_p_TCGA_b84_115_SNP_N_GenomeWideSNP_6_F04_771506	4	172613832	172614285	6	-1.2734
DUNGS_p_TCGA_b84_115_SNP_N_GenomeWideSNP_6_F04_771506	4	172614299	178834271	3750	-0.3295
DUNGS_p_TCGA_b84_115_SNP_N_GenomeWideSNP_6_F04_771506	4	178834371	178835217	12	0.2978
DUNGS_p_TCGA_b84_115_SNP_N_GenomeWideSNP_6_F04_771506	4	178835302	179753846	645	-0.2724
DUNGS_p_TCGA_b84_115_SNP_N_GenomeWideSNP_6_F04_771506	4	179753896	179754269	4	-2.3027
DUNGS_p_TCGA_b84_115_SNP_N_GenomeWideSNP_6_F04_771506	4	179754640	191261904	8140	-0.3096
DUNGS_p_TCGA_b84_115_SNP_N_GenomeWideSNP_6_F04_771506	5	68532	433106	167	0.6021
DUNGS_p_TCGA_b84_115_SNP_N_GenomeWideSNP_6_F04_771506	5	433124	562691	52	0.2753
DUNGS_p_TCGA_b84_115_SNP_N_GenomeWideSNP_6_F04_771506	5	569321	21485033	15571	0.6299
DUNGS_p_TCGA_b84_115_SNP_N_GenomeWideSNP_6_F04_771506	5	21486957	21490696	7	1.6889
DUNGS_p_TCGA_b84_115_SNP_N_GenomeWideSNP_6_F04_771506	5	21502310	26825114	3157	0.6227
DUNGS_p_TCGA_b84_115_SNP_N_GenomeWideSNP_6_F04_771506	5	26825238	26833601	4	1.3879
DUNGS_p_TCGA_b84_115_SNP_N_GenomeWideSNP_6_F04_771506	5	26839641	27561664	399	0.6223
DUNGS_p_TCGA_b84_115_SNP_N_GenomeWideSNP_6_F04_771506	5	27561673	27561777	7	1.2378
DUNGS_p_TCGA_b84_115_SNP_N_GenomeWideSNP_6_F04_771506	5	27563236	28707224	633	0.6402
DUNGS_p_TCGA_b84_115_SNP_N_GenomeWideSNP_6_F04_771506	5	28707575	28743314	33	1.0036
DUNGS_p_TCGA_b84_115_SNP_N_GenomeWideSNP_6_F04_771506	5	28746640	32789282	2781	0.6316
DUNGS_p_TCGA_b84_115_SNP_N_GenomeWideSNP_6_F04_771506	5	32790067	46287063	8025	0.263
DUNGS_p_TCGA_b84_115_SNP_N_GenomeWideSNP_6_F04_771506	5	46306765	46309259	8	-2.0561
DUNGS_p_TCGA_b84_115_SNP_N_GenomeWideSNP_6_F04_771506	5	46313969	50141275	281	0.3022
DUNGS_p_TCGA_b84_115_SNP_N_GenomeWideSNP_6_F04_771506	5	50141391	50152215	6	0.7221
DUNGS_p_TCGA_b84_115_SNP_N_GenomeWideSNP_6_F04_771506	5	50152489	50160613	6	0.0639
DUNGS_p_TCGA_b84_115_SNP_N_GenomeWideSNP_6_F04_771506	5	50169101	52730874	1659	-0.3587
DUNGS_p_TCGA_b84_115_SNP_N_GenomeWideSNP_6_F04_771506	5	52731114	52732884	3	-1.5415
DUNGS_p_TCGA_b84_115_SNP_N_GenomeWideSNP_6_F04_771506	5	52734144	55702224	1948	-0.3398
DUNGS_p_TCGA_b84_115_SNP_N_GenomeWideSNP_6_F04_771506	5	55703033	55703047	2	-1.6767
DUNGS_p_TCGA_b84_115_SNP_N_GenomeWideSNP_6_F04_771506	5	55703062	57357403	1180	-0.357
DUNGS_p_TCGA_b84_115_SNP_N_GenomeWideSNP_6_F04_771506	5	57361784	57369290	32	0.3237
DUNGS_p_TCGA_b84_115_SNP_N_GenomeWideSNP_6_F04_771506	5	57374114	75873485	10803	-0.3469
DUNGS_p_TCGA_b84_115_SNP_N_GenomeWideSNP_6_F04_771506	5	75873590	75874774	2	-1.8798
DUNGS_p_TCGA_b84_115_SNP_N_GenomeWideSNP_6_F04_771506	5	75874797	83469370	4705	-0.3513
DUNGS_p_TCGA_b84_115_SNP_N_GenomeWideSNP_6_F04_771506	5	83476248	83476814	2	-2.4602
DUNGS_p_TCGA_b84_115_SNP_N_GenomeWideSNP_6_F04_771506	5	83479794	97077666	7457	-0.3553
DUNGS_p_TCGA_b84_115_SNP_N_GenomeWideSNP_6_F04_771506	5	97077692	97163903	56	-0.0972
DUNGS_p_TCGA_b84_115_SNP_N_GenomeWideSNP_6_F04_771506	5	97164595	112319599	9497	-0.3459
DUNGS_p_TCGA_b84_115_SNP_N_GenomeWideSNP_6_F04_771506	5	112319733	114158360	1362	-0.0661
DUNGS_p_TCGA_b84_115_SNP_N_GenomeWideSNP_6_F04_771506	5	114160380	114498969	192	0.4332
DUNGS_p_TCGA_b84_115_SNP_N_GenomeWideSNP_6_F04_771506	5	114499353	114499454	2	1.8399
DUNGS_p_TCGA_b84_115_SNP_N_GenomeWideSNP_6_F04_771506	5	114504285	115035713	381	0.4544
DUNGS_p_TCGA_b84_115_SNP_N_GenomeWideSNP_6_F04_771506	5	115045714	115349732	210	0.0598
DUNGS_p_TCGA_b84_115_SNP_N_GenomeWideSNP_6_F04_771506	5	115350721	115371633	27	0.4757
DUNGS_p_TCGA_b84_115_SNP_N_GenomeWideSNP_6_F04_771506	5	115374751	116082454	650	0.0516
DUNGS_p_TCGA_b84_115_SNP_N_GenomeWideSNP_6_F04_771506	5	116083320	116088209	7	-0.5733
DUNGS_p_TCGA_b84_115_SNP_N_GenomeWideSNP_6_F04_771506	5	116089281	117414516	956	0.0357
DUNGS_p_TCGA_b84_115_SNP_N_GenomeWideSNP_6_F04_771506	5	117416321	117416984	11	-0.8082
DUNGS_p_TCGA_b84_115_SNP_N_GenomeWideSNP_6_F04_771506	5	117432239	119129391	1120	0.0466
DUNGS_p_TCGA_b84_115_SNP_N_GenomeWideSNP_6_F04_771506	5	119131574	119761656	388	0.4285
DUNGS_p_TCGA_b84_115_SNP_N_GenomeWideSNP_6_F04_771506	5	119766267	147432280	17075	0.0394
DUNGS_p_TCGA_b84_115_SNP_N_GenomeWideSNP_6_F04_771506	5	147432354	147460603	16	0.4506
DUNGS_p_TCGA_b84_115_SNP_N_GenomeWideSNP_6_F04_771506	5	147460716	163732012	11051	0.0321
DUNGS_p_TCGA_b84_115_SNP_N_GenomeWideSNP_6_F04_771506	5	163737471	163738215	2	-1.4419
DUNGS_p_TCGA_b84_115_SNP_N_GenomeWideSNP_6_F04_771506	5	163739634	180311494	11109	0.0308
DUNGS_p_TCGA_b84_115_SNP_N_GenomeWideSNP_6_F04_771506	5	180312809	180339574	9	0.8119
DUNGS_p_TCGA_b84_115_SNP_N_GenomeWideSNP_6_F04_771506	5	180339836	180722926	179	0.0054
DUNGS_p_TCGA_b84_115_SNP_N_GenomeWideSNP_6_F04_771506	6	94661	896724	692	0.3008
DUNGS_p_TCGA_b84_115_SNP_N_GenomeWideSNP_6_F04_771506	6	896776	898211	9	0.928
DUNGS_p_TCGA_b84_115_SNP_N_GenomeWideSNP_6_F04_771506	6	903905	2647063	1426	0.3028
DUNGS_p_TCGA_b84_115_SNP_N_GenomeWideSNP_6_F04_771506	6	2647120	2647134	2	-1.8492
DUNGS_p_TCGA_b84_115_SNP_N_GenomeWideSNP_6_F04_771506	6	2649433	5971210	2736	0.3029
DUNGS_p_TCGA_b84_115_SNP_N_GenomeWideSNP_6_F04_771506	6	5978930	5979435	3	-1.0394
DUNGS_p_TCGA_b84_115_SNP_N_GenomeWideSNP_6_F04_771506	6	5982044	26959777	15490	0.0978
DUNGS_p_TCGA_b84_115_SNP_N_GenomeWideSNP_6_F04_771506	6	26969017	27005527	3	1.1186
DUNGS_p_TCGA_b84_115_SNP_N_GenomeWideSNP_6_F04_771506	6	27012738	29945051	1406	0.091
DUNGS_p_TCGA_b84_115_SNP_N_GenomeWideSNP_6_F04_771506	6	29945166	30025125	48	-0.2119
DUNGS_p_TCGA_b84_115_SNP_N_GenomeWideSNP_6_F04_771506	6	30026415	32689816	1204	0.0252
DUNGS_p_TCGA_b84_115_SNP_N_GenomeWideSNP_6_F04_771506	6	32689867	32710085	11	-1.4482
DUNGS_p_TCGA_b84_115_SNP_N_GenomeWideSNP_6_F04_771506	6	32710247	34467572	1046	-0.1315
DUNGS_p_TCGA_b84_115_SNP_N_GenomeWideSNP_6_F04_771506	6	34470177	34652031	122	0.3716
DUNGS_p_TCGA_b84_115_SNP_N_GenomeWideSNP_6_F04_771506	6	34656515	37127136	1438	-0.1333
DUNGS_p_TCGA_b84_115_SNP_N_GenomeWideSNP_6_F04_771506	6	37129238	37130996	3	-1.177
DUNGS_p_TCGA_b84_115_SNP_N_GenomeWideSNP_6_F04_771506	6	37133414	57381115	13173	-0.0973
DUNGS_p_TCGA_b84_115_SNP_N_GenomeWideSNP_6_F04_771506	6	57390035	62181321	660	0.2958
DUNGS_p_TCGA_b84_115_SNP_N_GenomeWideSNP_6_F04_771506	6	62264227	62305437	28	-0.2499
DUNGS_p_TCGA_b84_115_SNP_N_GenomeWideSNP_6_F04_771506	6	62305821	62469448	121	0.221
DUNGS_p_TCGA_b84_115_SNP_N_GenomeWideSNP_6_F04_771506	6	62469611	62591671	76	0.5209
DUNGS_p_TCGA_b84_115_SNP_N_GenomeWideSNP_6_F04_771506	6	62592457	62627972	34	-0.0034
DUNGS_p_TCGA_b84_115_SNP_N_GenomeWideSNP_6_F04_771506	6	62628729	62981784	177	0.5881
DUNGS_p_TCGA_b84_115_SNP_N_GenomeWideSNP_6_F04_771506	6	62983601	62986263	4	-1.0445
DUNGS_p_TCGA_b84_115_SNP_N_GenomeWideSNP_6_F04_771506	6	62989662	63091649	48	0.9271
DUNGS_p_TCGA_b84_115_SNP_N_GenomeWideSNP_6_F04_771506	6	63092140	65925839	1562	0.4091
DUNGS_p_TCGA_b84_115_SNP_N_GenomeWideSNP_6_F04_771506	6	65930112	65967399	32	0.6628
DUNGS_p_TCGA_b84_115_SNP_N_GenomeWideSNP_6_F04_771506	6	65972530	67065744	720	0.3168
DUNGS_p_TCGA_b84_115_SNP_N_GenomeWideSNP_6_F04_771506	6	67065775	67085042	15	0.8051
DUNGS_p_TCGA_b84_115_SNP_N_GenomeWideSNP_6_F04_771506	6	67085421	67097634	19	0.232
DUNGS_p_TCGA_b84_115_SNP_N_GenomeWideSNP_6_F04_771506	6	67098172	67099913	6	1.1357
DUNGS_p_TCGA_b84_115_SNP_N_GenomeWideSNP_6_F04_771506	6	67099956	67194014	84	0.366
DUNGS_p_TCGA_b84_115_SNP_N_GenomeWideSNP_6_F04_771506	6	67196771	74648586	4939	-0.0872
DUNGS_p_TCGA_b84_115_SNP_N_GenomeWideSNP_6_F04_771506	6	74648953	74649699	3	-1.2639
DUNGS_p_TCGA_b84_115_SNP_N_GenomeWideSNP_6_F04_771506	6	74650533	77485950	1774	-0.0832
DUNGS_p_TCGA_b84_115_SNP_N_GenomeWideSNP_6_F04_771506	6	77486414	77524650	27	0.3997
DUNGS_p_TCGA_b84_115_SNP_N_GenomeWideSNP_6_F04_771506	6	77525185	79025784	979	-0.0988
DUNGS_p_TCGA_b84_115_SNP_N_GenomeWideSNP_6_F04_771506	6	79025824	79098352	114	0.335
DUNGS_p_TCGA_b84_115_SNP_N_GenomeWideSNP_6_F04_771506	6	79098438	83891323	3081	-0.0727
DUNGS_p_TCGA_b84_115_SNP_N_GenomeWideSNP_6_F04_771506	6	83896453	83949365	35	0.231
DUNGS_p_TCGA_b84_115_SNP_N_GenomeWideSNP_6_F04_771506	6	83951140	92880168	5654	-0.0888
DUNGS_p_TCGA_b84_115_SNP_N_GenomeWideSNP_6_F04_771506	6	92883025	92905998	22	0.3419
DUNGS_p_TCGA_b84_115_SNP_N_GenomeWideSNP_6_F04_771506	6	92906495	103841522	6711	-0.081
DUNGS_p_TCGA_b84_115_SNP_N_GenomeWideSNP_6_F04_771506	6	103844669	103858570	21	-0.9031
DUNGS_p_TCGA_b84_115_SNP_N_GenomeWideSNP_6_F04_771506	6	103858612	103858643	3	-3.032
DUNGS_p_TCGA_b84_115_SNP_N_GenomeWideSNP_6_F04_771506	6	103858720	103868754	22	-1.3334
DUNGS_p_TCGA_b84_115_SNP_N_GenomeWideSNP_6_F04_771506	6	103872163	124315751	12576	-0.0913
DUNGS_p_TCGA_b84_115_SNP_N_GenomeWideSNP_6_F04_771506	6	124315806	124315821	2	-1.9118
DUNGS_p_TCGA_b84_115_SNP_N_GenomeWideSNP_6_F04_771506	6	124316396	144482559	13119	-0.0929
DUNGS_p_TCGA_b84_115_SNP_N_GenomeWideSNP_6_F04_771506	6	144482936	144486068	3	1.0099
DUNGS_p_TCGA_b84_115_SNP_N_GenomeWideSNP_6_F04_771506	6	144488211	168127794	16745	-0.0933
DUNGS_p_TCGA_b84_115_SNP_N_GenomeWideSNP_6_F04_771506	6	168128623	168136055	6	-1.0633
DUNGS_p_TCGA_b84_115_SNP_N_GenomeWideSNP_6_F04_771506	6	168136135	170892930	1833	-0.1171
DUNGS_p_TCGA_b84_115_SNP_N_GenomeWideSNP_6_F04_771506	7	52911	5874199	3068	0.2593
DUNGS_p_TCGA_b84_115_SNP_N_GenomeWideSNP_6_F04_771506	7	5877817	5885636	6	-0.5589
DUNGS_p_TCGA_b84_115_SNP_N_GenomeWideSNP_6_F04_771506	7	5890264	6842710	385	0.2784
DUNGS_p_TCGA_b84_115_SNP_N_GenomeWideSNP_6_F04_771506	7	6848777	6896187	15	-0.2459
DUNGS_p_TCGA_b84_115_SNP_N_GenomeWideSNP_6_F04_771506	7	6899301	9596927	2300	0.294
DUNGS_p_TCGA_b84_115_SNP_N_GenomeWideSNP_6_F04_771506	7	9598732	9603524	6	-0.3899
DUNGS_p_TCGA_b84_115_SNP_N_GenomeWideSNP_6_F04_771506	7	9605869	17245725	6166	0.2835
DUNGS_p_TCGA_b84_115_SNP_N_GenomeWideSNP_6_F04_771506	7	17246438	17341885	50	0.5764
DUNGS_p_TCGA_b84_115_SNP_N_GenomeWideSNP_6_F04_771506	7	17345635	17467120	88	0.2962
DUNGS_p_TCGA_b84_115_SNP_N_GenomeWideSNP_6_F04_771506	7	17467157	17474733	9	1.0534
DUNGS_p_TCGA_b84_115_SNP_N_GenomeWideSNP_6_F04_771506	7	17474819	22401305	4027	0.3009
DUNGS_p_TCGA_b84_115_SNP_N_GenomeWideSNP_6_F04_771506	7	22401997	22403012	2	-2.3378
DUNGS_p_TCGA_b84_115_SNP_N_GenomeWideSNP_6_F04_771506	7	22405279	38295505	11383	0.2763
DUNGS_p_TCGA_b84_115_SNP_N_GenomeWideSNP_6_F04_771506	7	38295519	38295772	6	0.9771
DUNGS_p_TCGA_b84_115_SNP_N_GenomeWideSNP_6_F04_771506	7	38296112	40429264	1444	0.2867
DUNGS_p_TCGA_b84_115_SNP_N_GenomeWideSNP_6_F04_771506	7	40429286	40439529	4	1.1395
DUNGS_p_TCGA_b84_115_SNP_N_GenomeWideSNP_6_F04_771506	7	40439563	54353999	9658	0.2555
DUNGS_p_TCGA_b84_115_SNP_N_GenomeWideSNP_6_F04_771506	7	54354003	54354011	5	1.9556
DUNGS_p_TCGA_b84_115_SNP_N_GenomeWideSNP_6_F04_771506	7	54360982	57011783	1632	0.2418
DUNGS_p_TCGA_b84_115_SNP_N_GenomeWideSNP_6_F04_771506	7	57069302	57088074	4	1.3339
DUNGS_p_TCGA_b84_115_SNP_N_GenomeWideSNP_6_F04_771506	7	57120410	64206287	1504	0.2257
DUNGS_p_TCGA_b84_115_SNP_N_GenomeWideSNP_6_F04_771506	7	64231500	64274563	7	-1.5889
DUNGS_p_TCGA_b84_115_SNP_N_GenomeWideSNP_6_F04_771506	7	64275592	64369823	38	0.0254
DUNGS_p_TCGA_b84_115_SNP_N_GenomeWideSNP_6_F04_771506	7	64372982	64689173	150	0.2336
DUNGS_p_TCGA_b84_115_SNP_N_GenomeWideSNP_6_F04_771506	7	64689203	70058374	2965	0.0014
DUNGS_p_TCGA_b84_115_SNP_N_GenomeWideSNP_6_F04_771506	7	70061186	70064077	2	-2.6585
DUNGS_p_TCGA_b84_115_SNP_N_GenomeWideSNP_6_F04_771506	7	70066179	72096449	1217	0.0037
DUNGS_p_TCGA_b84_115_SNP_N_GenomeWideSNP_6_F04_771506	7	72096523	73460524	402	-0.395
DUNGS_p_TCGA_b84_115_SNP_N_GenomeWideSNP_6_F04_771506	7	73460848	73577703	44	-0.12
DUNGS_p_TCGA_b84_115_SNP_N_GenomeWideSNP_6_F04_771506	7	73578546	73779442	65	-0.3256
DUNGS_p_TCGA_b84_115_SNP_N_GenomeWideSNP_6_F04_771506	7	73780040	89613685	9265	0.0183
DUNGS_p_TCGA_b84_115_SNP_N_GenomeWideSNP_6_F04_771506	7	89614346	89614806	3	-1.0765
DUNGS_p_TCGA_b84_115_SNP_N_GenomeWideSNP_6_F04_771506	7	89614967	101888311	6943	0.0287
DUNGS_p_TCGA_b84_115_SNP_N_GenomeWideSNP_6_F04_771506	7	101889169	102124076	15	-0.4571
DUNGS_p_TCGA_b84_115_SNP_N_GenomeWideSNP_6_F04_771506	7	102124276	109217286	4567	0.0184
DUNGS_p_TCGA_b84_115_SNP_N_GenomeWideSNP_6_F04_771506	7	109220983	109224336	11	0.5448
DUNGS_p_TCGA_b84_115_SNP_N_GenomeWideSNP_6_F04_771506	7	109224337	109228448	17	-0.0982
DUNGS_p_TCGA_b84_115_SNP_N_GenomeWideSNP_6_F04_771506	7	109228480	109241465	13	0.6156
DUNGS_p_TCGA_b84_115_SNP_N_GenomeWideSNP_6_F04_771506	7	109241507	117810278	5241	-0.0212
DUNGS_p_TCGA_b84_115_SNP_N_GenomeWideSNP_6_F04_771506	7	117811878	117819215	4	-0.9962
DUNGS_p_TCGA_b84_115_SNP_N_GenomeWideSNP_6_F04_771506	7	117822529	125832792	4800	-0.022
DUNGS_p_TCGA_b84_115_SNP_N_GenomeWideSNP_6_F04_771506	7	125832887	125834112	11	-1.4281
DUNGS_p_TCGA_b84_115_SNP_N_GenomeWideSNP_6_F04_771506	7	125834113	133435751	4710	-0.0315
DUNGS_p_TCGA_b84_115_SNP_N_GenomeWideSNP_6_F04_771506	7	133435849	133449083	31	-0.4647
DUNGS_p_TCGA_b84_115_SNP_N_GenomeWideSNP_6_F04_771506	7	133449098	134383614	728	-0.0135
DUNGS_p_TCGA_b84_115_SNP_N_GenomeWideSNP_6_F04_771506	7	134388244	134419702	7	0.7199
DUNGS_p_TCGA_b84_115_SNP_N_GenomeWideSNP_6_F04_771506	7	134433035	142115949	4941	-0.026
DUNGS_p_TCGA_b84_115_SNP_N_GenomeWideSNP_6_F04_771506	7	142120741	142154515	24	0.2937
DUNGS_p_TCGA_b84_115_SNP_N_GenomeWideSNP_6_F04_771506	7	142156294	142165614	27	0.8967
DUNGS_p_TCGA_b84_115_SNP_N_GenomeWideSNP_6_F04_771506	7	142165684	150212567	4988	0.4522
DUNGS_p_TCGA_b84_115_SNP_N_GenomeWideSNP_6_F04_771506	7	150216113	150230945	24	0.9389
DUNGS_p_TCGA_b84_115_SNP_N_GenomeWideSNP_6_F04_771506	7	150231859	153302383	1867	0.4687
DUNGS_p_TCGA_b84_115_SNP_N_GenomeWideSNP_6_F04_771506	7	153305778	153330220	8	-0.1275
DUNGS_p_TCGA_b84_115_SNP_N_GenomeWideSNP_6_F04_771506	7	153331219	153411177	35	0.5438
DUNGS_p_TCGA_b84_115_SNP_N_GenomeWideSNP_6_F04_771506	7	153420928	153421814	4	-0.8515
DUNGS_p_TCGA_b84_115_SNP_N_GenomeWideSNP_6_F04_771506	7	153427945	157433202	2797	0.4484
DUNGS_p_TCGA_b84_115_SNP_N_GenomeWideSNP_6_F04_771506	7	157433234	157436818	3	-0.6659
DUNGS_p_TCGA_b84_115_SNP_N_GenomeWideSNP_6_F04_771506	7	157438308	158650695	752	0.4373
DUNGS_p_TCGA_b84_115_SNP_N_GenomeWideSNP_6_F04_771506	7	158652131	158657808	2	-1.5839
DUNGS_p_TCGA_b84_115_SNP_N_GenomeWideSNP_6_F04_771506	7	158663920	158819765	108	0.3661
DUNGS_p_TCGA_b84_115_SNP_N_GenomeWideSNP_6_F04_771506	8	21254	584973	329	-0.4081
DUNGS_p_TCGA_b84_115_SNP_N_GenomeWideSNP_6_F04_771506	8	585220	585908	8	1.1478
DUNGS_p_TCGA_b84_115_SNP_N_GenomeWideSNP_6_F04_771506	8	591043	6054340	6400	-0.3527
DUNGS_p_TCGA_b84_115_SNP_N_GenomeWideSNP_6_F04_771506	8	6054355	6058702	28	0.1916
DUNGS_p_TCGA_b84_115_SNP_N_GenomeWideSNP_6_F04_771506	8	6058760	7225313	1097	-0.3679
DUNGS_p_TCGA_b84_115_SNP_N_GenomeWideSNP_6_F04_771506	8	7225429	7836800	150	0.0755
DUNGS_p_TCGA_b84_115_SNP_N_GenomeWideSNP_6_F04_771506	8	7847301	8015581	46	-0.4724
DUNGS_p_TCGA_b84_115_SNP_N_GenomeWideSNP_6_F04_771506	8	8015597	8040455	10	0.3669
DUNGS_p_TCGA_b84_115_SNP_N_GenomeWideSNP_6_F04_771506	8	8040626	12278125	3263	-0.3636
DUNGS_p_TCGA_b84_115_SNP_N_GenomeWideSNP_6_F04_771506	8	12278588	12286526	17	0.7189
DUNGS_p_TCGA_b84_115_SNP_N_GenomeWideSNP_6_F04_771506	8	12286886	12865709	339	-0.2519
DUNGS_p_TCGA_b84_115_SNP_N_GenomeWideSNP_6_F04_771506	8	12866250	12884661	30	-0.6613
DUNGS_p_TCGA_b84_115_SNP_N_GenomeWideSNP_6_F04_771506	8	12884679	16306618	3247	-0.3247
DUNGS_p_TCGA_b84_115_SNP_N_GenomeWideSNP_6_F04_771506	8	16306635	16319032	26	-1.218
DUNGS_p_TCGA_b84_115_SNP_N_GenomeWideSNP_6_F04_771506	8	16323066	23458253	5729	-0.348
DUNGS_p_TCGA_b84_115_SNP_N_GenomeWideSNP_6_F04_771506	8	23463685	23463756	4	-2.3536
DUNGS_p_TCGA_b84_115_SNP_N_GenomeWideSNP_6_F04_771506	8	23463816	25028104	1142	-0.3328
DUNGS_p_TCGA_b84_115_SNP_N_GenomeWideSNP_6_F04_771506	8	25030360	25034409	11	0.2975
DUNGS_p_TCGA_b84_115_SNP_N_GenomeWideSNP_6_F04_771506	8	25034454	25035904	10	0.9231
DUNGS_p_TCGA_b84_115_SNP_N_GenomeWideSNP_6_F04_771506	8	25039986	25047021	7	0.1217
DUNGS_p_TCGA_b84_115_SNP_N_GenomeWideSNP_6_F04_771506	8	25047044	27943481	2263	-0.3287
DUNGS_p_TCGA_b84_115_SNP_N_GenomeWideSNP_6_F04_771506	8	27943494	27946777	3	-3.5791
DUNGS_p_TCGA_b84_115_SNP_N_GenomeWideSNP_6_F04_771506	8	27946839	38326280	6220	-0.3368
DUNGS_p_TCGA_b84_115_SNP_N_GenomeWideSNP_6_F04_771506	8	38329070	38349016	6	0.6338
DUNGS_p_TCGA_b84_115_SNP_N_GenomeWideSNP_6_F04_771506	8	38352703	39333103	545	0.2552
DUNGS_p_TCGA_b84_115_SNP_N_GenomeWideSNP_6_F04_771506	8	39333812	39345506	7	0.6436
DUNGS_p_TCGA_b84_115_SNP_N_GenomeWideSNP_6_F04_771506	8	39349340	39354760	4	-0.2488
DUNGS_p_TCGA_b84_115_SNP_N_GenomeWideSNP_6_F04_771506	8	39365832	39507456	59	0.8767
DUNGS_p_TCGA_b84_115_SNP_N_GenomeWideSNP_6_F04_771506	8	39507936	46982700	2593	0.2645
DUNGS_p_TCGA_b84_115_SNP_N_GenomeWideSNP_6_F04_771506	8	47031192	47031479	2	-1.245
DUNGS_p_TCGA_b84_115_SNP_N_GenomeWideSNP_6_F04_771506	8	47038438	49514782	997	0.2532
DUNGS_p_TCGA_b84_115_SNP_N_GenomeWideSNP_6_F04_771506	8	49515981	49731555	128	0.614
DUNGS_p_TCGA_b84_115_SNP_N_GenomeWideSNP_6_F04_771506	8	49738655	51079078	795	-0.2941
DUNGS_p_TCGA_b84_115_SNP_N_GenomeWideSNP_6_F04_771506	8	51079105	51085161	9	0.4342
DUNGS_p_TCGA_b84_115_SNP_N_GenomeWideSNP_6_F04_771506	8	51089534	62544158	7596	-0.3178
DUNGS_p_TCGA_b84_115_SNP_N_GenomeWideSNP_6_F04_771506	8	62544489	62564548	10	0.3292
DUNGS_p_TCGA_b84_115_SNP_N_GenomeWideSNP_6_F04_771506	8	62566348	104061766	24952	-0.3126
DUNGS_p_TCGA_b84_115_SNP_N_GenomeWideSNP_6_F04_771506	8	104064087	104066611	3	-1.4091
DUNGS_p_TCGA_b84_115_SNP_N_GenomeWideSNP_6_F04_771506	8	104067722	104759769	431	-0.3158
DUNGS_p_TCGA_b84_115_SNP_N_GenomeWideSNP_6_F04_771506	8	104760102	104760116	2	-1.6083
DUNGS_p_TCGA_b84_115_SNP_N_GenomeWideSNP_6_F04_771506	8	104762861	112364214	4571	-0.3102
DUNGS_p_TCGA_b84_115_SNP_N_GenomeWideSNP_6_F04_771506	8	112364257	112364436	4	-2.2912
DUNGS_p_TCGA_b84_115_SNP_N_GenomeWideSNP_6_F04_771506	8	112369457	113615241	684	-0.3258
DUNGS_p_TCGA_b84_115_SNP_N_GenomeWideSNP_6_F04_771506	8	113620909	113971079	181	0.2334
DUNGS_p_TCGA_b84_115_SNP_N_GenomeWideSNP_6_F04_771506	8	113973233	113977523	4	0.9982
DUNGS_p_TCGA_b84_115_SNP_N_GenomeWideSNP_6_F04_771506	8	113980413	115342340	758	0.2376
DUNGS_p_TCGA_b84_115_SNP_N_GenomeWideSNP_6_F04_771506	8	115344977	115355035	4	1.2291
DUNGS_p_TCGA_b84_115_SNP_N_GenomeWideSNP_6_F04_771506	8	115359578	115703663	197	0.2924
DUNGS_p_TCGA_b84_115_SNP_N_GenomeWideSNP_6_F04_771506	8	115703730	115704296	7	-1.3668
DUNGS_p_TCGA_b84_115_SNP_N_GenomeWideSNP_6_F04_771506	8	115704404	115704877	5	-3.9532
DUNGS_p_TCGA_b84_115_SNP_N_GenomeWideSNP_6_F04_771506	8	115707526	115710164	11	-0.8851
DUNGS_p_TCGA_b84_115_SNP_N_GenomeWideSNP_6_F04_771506	8	115710178	115710865	10	-1.6544
DUNGS_p_TCGA_b84_115_SNP_N_GenomeWideSNP_6_F04_771506	8	115710907	129825448	9823	0.2666
DUNGS_p_TCGA_b84_115_SNP_N_GenomeWideSNP_6_F04_771506	8	129832317	129833267	2	-1.8425
DUNGS_p_TCGA_b84_115_SNP_N_GenomeWideSNP_6_F04_771506	8	129846636	142644782	9813	0.253
DUNGS_p_TCGA_b84_115_SNP_N_GenomeWideSNP_6_F04_771506	8	142645636	142732624	69	-0.0914
DUNGS_p_TCGA_b84_115_SNP_N_GenomeWideSNP_6_F04_771506	8	142734149	144770300	874	0.21
DUNGS_p_TCGA_b84_115_SNP_N_GenomeWideSNP_6_F04_771506	8	144776300	144778951	9	-1.4463
DUNGS_p_TCGA_b84_115_SNP_N_GenomeWideSNP_6_F04_771506	8	144790132	146259120	498	0.2683
DUNGS_p_TCGA_b84_115_SNP_N_GenomeWideSNP_6_F04_771506	8	146259235	146268959	8	-0.1035
DUNGS_p_TCGA_b84_115_SNP_N_GenomeWideSNP_6_F04_771506	9	36587	9251737	8866	0.073
DUNGS_p_TCGA_b84_115_SNP_N_GenomeWideSNP_6_F04_771506	9	9251784	9260379	8	0.8135
DUNGS_p_TCGA_b84_115_SNP_N_GenomeWideSNP_6_F04_771506	9	9260436	16901892	6485	0.0974
DUNGS_p_TCGA_b84_115_SNP_N_GenomeWideSNP_6_F04_771506	9	16902100	16902219	3	1.0796
DUNGS_p_TCGA_b84_115_SNP_N_GenomeWideSNP_6_F04_771506	9	16902274	20089091	2736	-0.1404
DUNGS_p_TCGA_b84_115_SNP_N_GenomeWideSNP_6_F04_771506	9	20090083	20092884	2	-1.8858
DUNGS_p_TCGA_b84_115_SNP_N_GenomeWideSNP_6_F04_771506	9	20099057	41594174	13256	-0.1514
DUNGS_p_TCGA_b84_115_SNP_N_GenomeWideSNP_6_F04_771506	9	41594262	41975187	31	0.3102
DUNGS_p_TCGA_b84_115_SNP_N_GenomeWideSNP_6_F04_771506	9	42013107	44569219	114	-0.0963
DUNGS_p_TCGA_b84_115_SNP_N_GenomeWideSNP_6_F04_771506	9	44667855	44735315	24	-1.13
DUNGS_p_TCGA_b84_115_SNP_N_GenomeWideSNP_6_F04_771506	9	44735726	45289260	44	-0.1389
DUNGS_p_TCGA_b84_115_SNP_N_GenomeWideSNP_6_F04_771506	9	45297525	45446537	14	0.8846
DUNGS_p_TCGA_b84_115_SNP_N_GenomeWideSNP_6_F04_771506	9	45446552	69267842	328	0.0047
DUNGS_p_TCGA_b84_115_SNP_N_GenomeWideSNP_6_F04_771506	9	70130415	139372768	47662	-0.297
DUNGS_p_TCGA_b84_115_SNP_N_GenomeWideSNP_6_F04_771506	9	139375463	139375654	3	1.3882
DUNGS_p_TCGA_b84_115_SNP_N_GenomeWideSNP_6_F04_771506	9	139392824	140211215	413	-0.3372
DUNGS_p_TCGA_b84_115_SNP_N_GenomeWideSNP_6_F04_771506	10	62759	4277070	3590	0.2697
DUNGS_p_TCGA_b84_115_SNP_N_GenomeWideSNP_6_F04_771506	10	4280814	4280838	2	-1.1872
DUNGS_p_TCGA_b84_115_SNP_N_GenomeWideSNP_6_F04_771506	10	4280924	17934982	11307	0.2418
DUNGS_p_TCGA_b84_115_SNP_N_GenomeWideSNP_6_F04_771506	10	17967560	18011822	4	1.3346
DUNGS_p_TCGA_b84_115_SNP_N_GenomeWideSNP_6_F04_771506	10	18069831	20880880	2154	0.2323
DUNGS_p_TCGA_b84_115_SNP_N_GenomeWideSNP_6_F04_771506	10	20890118	20893509	5	-0.5257
DUNGS_p_TCGA_b84_115_SNP_N_GenomeWideSNP_6_F04_771506	10	20893540	23233970	1401	0.2563
DUNGS_p_TCGA_b84_115_SNP_N_GenomeWideSNP_6_F04_771506	10	23237881	23238126	2	-0.8632
DUNGS_p_TCGA_b84_115_SNP_N_GenomeWideSNP_6_F04_771506	10	23240500	24412311	797	0.2546
DUNGS_p_TCGA_b84_115_SNP_N_GenomeWideSNP_6_F04_771506	10	24412763	24418957	15	-0.1692
DUNGS_p_TCGA_b84_115_SNP_N_GenomeWideSNP_6_F04_771506	10	24419013	27262326	1991	0.26
DUNGS_p_TCGA_b84_115_SNP_N_GenomeWideSNP_6_F04_771506	10	27263909	27269999	15	-0.2012
DUNGS_p_TCGA_b84_115_SNP_N_GenomeWideSNP_6_F04_771506	10	27270681	31291340	3042	0.2528
DUNGS_p_TCGA_b84_115_SNP_N_GenomeWideSNP_6_F04_771506	10	31291354	31291744	9	-0.4555
DUNGS_p_TCGA_b84_115_SNP_N_GenomeWideSNP_6_F04_771506	10	31291785	37494403	4115	0.2466
DUNGS_p_TCGA_b84_115_SNP_N_GenomeWideSNP_6_F04_771506	10	37494712	37501154	4	-0.7539
DUNGS_p_TCGA_b84_115_SNP_N_GenomeWideSNP_6_F04_771506	10	37507620	39116212	754	0.2858
DUNGS_p_TCGA_b84_115_SNP_N_GenomeWideSNP_6_F04_771506	10	39116227	41970395	32	-0.2187
DUNGS_p_TCGA_b84_115_SNP_N_GenomeWideSNP_6_F04_771506	10	41972791	43284681	776	0.2733
DUNGS_p_TCGA_b84_115_SNP_N_GenomeWideSNP_6_F04_771506	10	43285104	46111165	1599	-0.2969
DUNGS_p_TCGA_b84_115_SNP_N_GenomeWideSNP_6_F04_771506	10	46111486	46475717	81	0.3526
DUNGS_p_TCGA_b84_115_SNP_N_GenomeWideSNP_6_F04_771506	10	46478798	46479812	21	-0.3658
DUNGS_p_TCGA_b84_115_SNP_N_GenomeWideSNP_6_F04_771506	10	46479827	47132778	195	0.5063
DUNGS_p_TCGA_b84_115_SNP_N_GenomeWideSNP_6_F04_771506	10	47134343	47213507	69	0.1732
DUNGS_p_TCGA_b84_115_SNP_N_GenomeWideSNP_6_F04_771506	10	47213522	47468066	6	0.843
DUNGS_p_TCGA_b84_115_SNP_N_GenomeWideSNP_6_F04_771506	10	47480482	48010862	56	-0.2601
DUNGS_p_TCGA_b84_115_SNP_N_GenomeWideSNP_6_F04_771506	10	48012076	48014648	3	-1.5358
DUNGS_p_TCGA_b84_115_SNP_N_GenomeWideSNP_6_F04_771506	10	48015215	48554762	238	-0.3273
DUNGS_p_TCGA_b84_115_SNP_N_GenomeWideSNP_6_F04_771506	10	48567024	48702576	9	0.7476
DUNGS_p_TCGA_b84_115_SNP_N_GenomeWideSNP_6_F04_771506	10	48882777	51500366	1461	-0.2904
DUNGS_p_TCGA_b84_115_SNP_N_GenomeWideSNP_6_F04_771506	10	51510990	51561926	4	-2.1951
DUNGS_p_TCGA_b84_115_SNP_N_GenomeWideSNP_6_F04_771506	10	51573774	54212017	1983	-0.2889
DUNGS_p_TCGA_b84_115_SNP_N_GenomeWideSNP_6_F04_771506	10	54212783	54214691	4	-1.3224
DUNGS_p_TCGA_b84_115_SNP_N_GenomeWideSNP_6_F04_771506	10	54215055	55081228	682	-0.2838
DUNGS_p_TCGA_b84_115_SNP_N_GenomeWideSNP_6_F04_771506	10	55082673	55093553	14	0.1709
DUNGS_p_TCGA_b84_115_SNP_N_GenomeWideSNP_6_F04_771506	10	55093669	55104008	8	-0.5585
DUNGS_p_TCGA_b84_115_SNP_N_GenomeWideSNP_6_F04_771506	10	55104043	55104296	6	0.4208
DUNGS_p_TCGA_b84_115_SNP_N_GenomeWideSNP_6_F04_771506	10	55104329	55295383	161	-0.288
DUNGS_p_TCGA_b84_115_SNP_N_GenomeWideSNP_6_F04_771506	10	55298946	56345259	795	0.2483
DUNGS_p_TCGA_b84_115_SNP_N_GenomeWideSNP_6_F04_771506	10	56348747	56362605	9	0.8436
DUNGS_p_TCGA_b84_115_SNP_N_GenomeWideSNP_6_F04_771506	10	56365424	56835976	270	0.2946
DUNGS_p_TCGA_b84_115_SNP_N_GenomeWideSNP_6_F04_771506	10	56837699	105141036	31537	-0.2916
DUNGS_p_TCGA_b84_115_SNP_N_GenomeWideSNP_6_F04_771506	10	105148048	105625251	274	0.2437
DUNGS_p_TCGA_b84_115_SNP_N_GenomeWideSNP_6_F04_771506	10	105628222	105684147	35	0.6254
DUNGS_p_TCGA_b84_115_SNP_N_GenomeWideSNP_6_F04_771506	10	105684291	107664650	1459	0.2482
DUNGS_p_TCGA_b84_115_SNP_N_GenomeWideSNP_6_F04_771506	10	107664666	107664703	3	1.2253
DUNGS_p_TCGA_b84_115_SNP_N_GenomeWideSNP_6_F04_771506	10	107668089	123449326	11594	0.2553
DUNGS_p_TCGA_b84_115_SNP_N_GenomeWideSNP_6_F04_771506	10	123449430	123449513	5	-0.4992
DUNGS_p_TCGA_b84_115_SNP_N_GenomeWideSNP_6_F04_771506	10	123450068	135356694	8583	0.2533
DUNGS_p_TCGA_b84_115_SNP_N_GenomeWideSNP_6_F04_771506	11	188510	1325347	370	0.0265
DUNGS_p_TCGA_b84_115_SNP_N_GenomeWideSNP_6_F04_771506	11	1325984	1326131	2	-1.4864
DUNGS_p_TCGA_b84_115_SNP_N_GenomeWideSNP_6_F04_771506	11	1326427	4923972	2107	0.0289
DUNGS_p_TCGA_b84_115_SNP_N_GenomeWideSNP_6_F04_771506	11	4924226	4932281	30	-1.4852
DUNGS_p_TCGA_b84_115_SNP_N_GenomeWideSNP_6_F04_771506	11	4932833	30131541	18640	0.0371
DUNGS_p_TCGA_b84_115_SNP_N_GenomeWideSNP_6_F04_771506	11	30132142	30132430	4	-0.9733
DUNGS_p_TCGA_b84_115_SNP_N_GenomeWideSNP_6_F04_771506	11	30132597	39702097	6699	0.0381
DUNGS_p_TCGA_b84_115_SNP_N_GenomeWideSNP_6_F04_771506	11	39702159	39724051	19	0.5013
DUNGS_p_TCGA_b84_115_SNP_N_GenomeWideSNP_6_F04_771506	11	39731673	48483549	5566	0.0268
DUNGS_p_TCGA_b84_115_SNP_N_GenomeWideSNP_6_F04_771506	11	48483975	48487743	3	1.0789
DUNGS_p_TCGA_b84_115_SNP_N_GenomeWideSNP_6_F04_771506	11	48487781	48666319	77	0.0847
DUNGS_p_TCGA_b84_115_SNP_N_GenomeWideSNP_6_F04_771506	11	48667000	48690679	11	0.6948
DUNGS_p_TCGA_b84_115_SNP_N_GenomeWideSNP_6_F04_771506	11	48690746	49715432	413	0.069
DUNGS_p_TCGA_b84_115_SNP_N_GenomeWideSNP_6_F04_771506	11	49715563	49716632	6	-1.0719
DUNGS_p_TCGA_b84_115_SNP_N_GenomeWideSNP_6_F04_771506	11	49717264	54726437	546	0.0084
DUNGS_p_TCGA_b84_115_SNP_N_GenomeWideSNP_6_F04_771506	11	54732780	54766051	5	-1.2957
DUNGS_p_TCGA_b84_115_SNP_N_GenomeWideSNP_6_F04_771506	11	54767720	55704760	620	0.0806
DUNGS_p_TCGA_b84_115_SNP_N_GenomeWideSNP_6_F04_771506	11	55709247	55716324	6	0.9162
DUNGS_p_TCGA_b84_115_SNP_N_GenomeWideSNP_6_F04_771506	11	55723767	71141724	8018	0.0268
DUNGS_p_TCGA_b84_115_SNP_N_GenomeWideSNP_6_F04_771506	11	71145403	71229250	22	-0.4702
DUNGS_p_TCGA_b84_115_SNP_N_GenomeWideSNP_6_F04_771506	11	71230313	81956088	6784	0.0379
DUNGS_p_TCGA_b84_115_SNP_N_GenomeWideSNP_6_F04_771506	11	81956657	81960499	2	-1.2443
DUNGS_p_TCGA_b84_115_SNP_N_GenomeWideSNP_6_F04_771506	11	81970056	83206128	751	0.0362
DUNGS_p_TCGA_b84_115_SNP_N_GenomeWideSNP_6_F04_771506	11	83206751	83207786	2	-1.3555
DUNGS_p_TCGA_b84_115_SNP_N_GenomeWideSNP_6_F04_771506	11	83207801	92565542	6306	0.0319
DUNGS_p_TCGA_b84_115_SNP_N_GenomeWideSNP_6_F04_771506	11	92565598	92565841	3	-1.123
DUNGS_p_TCGA_b84_115_SNP_N_GenomeWideSNP_6_F04_771506	11	92571948	101579037	6727	0.0324
DUNGS_p_TCGA_b84_115_SNP_N_GenomeWideSNP_6_F04_771506	11	101579437	101760975	84	0.3729
DUNGS_p_TCGA_b84_115_SNP_N_GenomeWideSNP_6_F04_771506	11	101768158	129227033	19407	0.0315
DUNGS_p_TCGA_b84_115_SNP_N_GenomeWideSNP_6_F04_771506	11	129227136	129922042	403	0.3042
DUNGS_p_TCGA_b84_115_SNP_N_GenomeWideSNP_6_F04_771506	11	129924845	130554982	515	0.0191
DUNGS_p_TCGA_b84_115_SNP_N_GenomeWideSNP_6_F04_771506	11	130555757	134345796	3018	-0.2645
DUNGS_p_TCGA_b84_115_SNP_N_GenomeWideSNP_6_F04_771506	11	134345833	134347424	3	-1.7184
DUNGS_p_TCGA_b84_115_SNP_N_GenomeWideSNP_6_F04_771506	11	134347740	134449982	70	-0.3508
DUNGS_p_TCGA_b84_115_SNP_N_GenomeWideSNP_6_F04_771506	12	20703	95960	28	-0.4724
DUNGS_p_TCGA_b84_115_SNP_N_GenomeWideSNP_6_F04_771506	12	98692	180832	57	-0.8492
DUNGS_p_TCGA_b84_115_SNP_N_GenomeWideSNP_6_F04_771506	12	185694	611771	274	-0.5385
DUNGS_p_TCGA_b84_115_SNP_N_GenomeWideSNP_6_F04_771506	12	627162	628993	3	-1.8501
DUNGS_p_TCGA_b84_115_SNP_N_GenomeWideSNP_6_F04_771506	12	631821	5530598	3701	-0.5231
DUNGS_p_TCGA_b84_115_SNP_N_GenomeWideSNP_6_F04_771506	12	5532718	5532980	2	-2.4316
DUNGS_p_TCGA_b84_115_SNP_N_GenomeWideSNP_6_F04_771506	12	5533300	9525137	2147	-0.5341
DUNGS_p_TCGA_b84_115_SNP_N_GenomeWideSNP_6_F04_771506	12	9529176	9619559	23	0.2577
DUNGS_p_TCGA_b84_115_SNP_N_GenomeWideSNP_6_F04_771506	12	9626236	13275535	2650	-0.5023
DUNGS_p_TCGA_b84_115_SNP_N_GenomeWideSNP_6_F04_771506	12	13275942	13276679	2	-1.9622
DUNGS_p_TCGA_b84_115_SNP_N_GenomeWideSNP_6_F04_771506	12	13276974	29344877	11145	-0.5505
DUNGS_p_TCGA_b84_115_SNP_N_GenomeWideSNP_6_F04_771506	12	29347007	29847272	363	-0.2505
DUNGS_p_TCGA_b84_115_SNP_N_GenomeWideSNP_6_F04_771506	12	29860263	30112534	189	-0.0033
DUNGS_p_TCGA_b84_115_SNP_N_GenomeWideSNP_6_F04_771506	12	30113815	30131313	24	-0.3285
DUNGS_p_TCGA_b84_115_SNP_N_GenomeWideSNP_6_F04_771506	12	30131407	30131645	6	0.7599
DUNGS_p_TCGA_b84_115_SNP_N_GenomeWideSNP_6_F04_771506	12	30131724	30134989	12	0.1785
DUNGS_p_TCGA_b84_115_SNP_N_GenomeWideSNP_6_F04_771506	12	30135200	30507860	405	-0.2439
DUNGS_p_TCGA_b84_115_SNP_N_GenomeWideSNP_6_F04_771506	12	30508563	30508569	2	-2.6138
DUNGS_p_TCGA_b84_115_SNP_N_GenomeWideSNP_6_F04_771506	12	30519163	30775359	162	-0.2559
DUNGS_p_TCGA_b84_115_SNP_N_GenomeWideSNP_6_F04_771506	12	30777408	31156324	307	0.0028
DUNGS_p_TCGA_b84_115_SNP_N_GenomeWideSNP_6_F04_771506	12	31160565	31731043	333	-0.8411
DUNGS_p_TCGA_b84_115_SNP_N_GenomeWideSNP_6_F04_771506	12	31731994	33775638	1492	-0.4792
DUNGS_p_TCGA_b84_115_SNP_N_GenomeWideSNP_6_F04_771506	12	33778662	34214471	234	-0.019
DUNGS_p_TCGA_b84_115_SNP_N_GenomeWideSNP_6_F04_771506	12	34217144	34508460	117	-0.6092
DUNGS_p_TCGA_b84_115_SNP_N_GenomeWideSNP_6_F04_771506	12	34546076	36493309	141	-0.1989
DUNGS_p_TCGA_b84_115_SNP_N_GenomeWideSNP_6_F04_771506	12	36505560	37539375	494	0.1426
DUNGS_p_TCGA_b84_115_SNP_N_GenomeWideSNP_6_F04_771506	12	37539799	39524695	1252	0.4012
DUNGS_p_TCGA_b84_115_SNP_N_GenomeWideSNP_6_F04_771506	12	39524795	39533534	3	-0.4843
DUNGS_p_TCGA_b84_115_SNP_N_GenomeWideSNP_6_F04_771506	12	39533980	39910495	242	0.4205
DUNGS_p_TCGA_b84_115_SNP_N_GenomeWideSNP_6_F04_771506	12	39910695	41706224	1284	-0.0933
DUNGS_p_TCGA_b84_115_SNP_N_GenomeWideSNP_6_F04_771506	12	41706796	41726454	8	-0.7438
DUNGS_p_TCGA_b84_115_SNP_N_GenomeWideSNP_6_F04_771506	12	41728826	51768436	5879	-0.0918
DUNGS_p_TCGA_b84_115_SNP_N_GenomeWideSNP_6_F04_771506	12	51770633	51771653	2	1.5403
DUNGS_p_TCGA_b84_115_SNP_N_GenomeWideSNP_6_F04_771506	12	51773962	59870691	4663	-0.0899
DUNGS_p_TCGA_b84_115_SNP_N_GenomeWideSNP_6_F04_771506	12	59870747	59878490	11	0.3819
DUNGS_p_TCGA_b84_115_SNP_N_GenomeWideSNP_6_F04_771506	12	59878748	60074310	131	-0.1577
DUNGS_p_TCGA_b84_115_SNP_N_GenomeWideSNP_6_F04_771506	12	60074410	60074441	2	-2.7635
DUNGS_p_TCGA_b84_115_SNP_N_GenomeWideSNP_6_F04_771506	12	60074601	71525286	7511	-0.1322
DUNGS_p_TCGA_b84_115_SNP_N_GenomeWideSNP_6_F04_771506	12	71528383	71531672	3	1.225
DUNGS_p_TCGA_b84_115_SNP_N_GenomeWideSNP_6_F04_771506	12	71539459	72581762	618	-0.1066
DUNGS_p_TCGA_b84_115_SNP_N_GenomeWideSNP_6_F04_771506	12	72584140	72652674	35	0.2293
DUNGS_p_TCGA_b84_115_SNP_N_GenomeWideSNP_6_F04_771506	12	72653027	93891765	13302	-0.1378
DUNGS_p_TCGA_b84_115_SNP_N_GenomeWideSNP_6_F04_771506	12	93891853	93893281	2	-1.5156
DUNGS_p_TCGA_b84_115_SNP_N_GenomeWideSNP_6_F04_771506	12	93894608	117478513	16053	-0.1383
DUNGS_p_TCGA_b84_115_SNP_N_GenomeWideSNP_6_F04_771506	12	117485396	117498203	6	0.6556
DUNGS_p_TCGA_b84_115_SNP_N_GenomeWideSNP_6_F04_771506	12	117500261	130698756	9261	-0.1834
DUNGS_p_TCGA_b84_115_SNP_N_GenomeWideSNP_6_F04_771506	12	130699028	130699179	3	-2.3306
DUNGS_p_TCGA_b84_115_SNP_N_GenomeWideSNP_6_F04_771506	12	130699222	132288262	577	-0.1664
DUNGS_p_TCGA_b84_115_SNP_N_GenomeWideSNP_6_F04_771506	13	17924949	18160112	45	-0.298
DUNGS_p_TCGA_b84_115_SNP_N_GenomeWideSNP_6_F04_771506	13	18162827	18165230	4	0.9835
DUNGS_p_TCGA_b84_115_SNP_N_GenomeWideSNP_6_F04_771506	13	18165289	18216638	24	-0.2317
DUNGS_p_TCGA_b84_115_SNP_N_GenomeWideSNP_6_F04_771506	13	18217635	18316888	42	0.1766
DUNGS_p_TCGA_b84_115_SNP_N_GenomeWideSNP_6_F04_771506	13	18324562	19832158	878	-0.1694
DUNGS_p_TCGA_b84_115_SNP_N_GenomeWideSNP_6_F04_771506	13	19832636	19833285	2	-1.7505
DUNGS_p_TCGA_b84_115_SNP_N_GenomeWideSNP_6_F04_771506	13	19833723	20794035	617	-0.1749
DUNGS_p_TCGA_b84_115_SNP_N_GenomeWideSNP_6_F04_771506	13	20794319	20794499	2	1.3048
DUNGS_p_TCGA_b84_115_SNP_N_GenomeWideSNP_6_F04_771506	13	20794756	22530860	1288	-0.1992
DUNGS_p_TCGA_b84_115_SNP_N_GenomeWideSNP_6_F04_771506	13	22530876	22531515	10	-1.4189
DUNGS_p_TCGA_b84_115_SNP_N_GenomeWideSNP_6_F04_771506	13	22536195	30714016	6276	-0.1905
DUNGS_p_TCGA_b84_115_SNP_N_GenomeWideSNP_6_F04_771506	13	30714524	30715245	2	-1.9449
DUNGS_p_TCGA_b84_115_SNP_N_GenomeWideSNP_6_F04_771506	13	30716112	36969135	4391	-0.1862
DUNGS_p_TCGA_b84_115_SNP_N_GenomeWideSNP_6_F04_771506	13	36970036	36982757	16	0.4056
DUNGS_p_TCGA_b84_115_SNP_N_GenomeWideSNP_6_F04_771506	13	36986330	38361563	995	-0.1959
DUNGS_p_TCGA_b84_115_SNP_N_GenomeWideSNP_6_F04_771506	13	38362232	38362377	2	-1.6518
DUNGS_p_TCGA_b84_115_SNP_N_GenomeWideSNP_6_F04_771506	13	38363070	38672309	221	-0.1983
DUNGS_p_TCGA_b84_115_SNP_N_GenomeWideSNP_6_F04_771506	13	38672927	38674677	2	-2.0589
DUNGS_p_TCGA_b84_115_SNP_N_GenomeWideSNP_6_F04_771506	13	38675493	39465963	620	-0.1805
DUNGS_p_TCGA_b84_115_SNP_N_GenomeWideSNP_6_F04_771506	13	39466693	47838835	5712	0.3931
DUNGS_p_TCGA_b84_115_SNP_N_GenomeWideSNP_6_F04_771506	13	47839380	47839476	2	-2.3741
DUNGS_p_TCGA_b84_115_SNP_N_GenomeWideSNP_6_F04_771506	13	47840815	48166248	277	0.3643
DUNGS_p_TCGA_b84_115_SNP_N_GenomeWideSNP_6_F04_771506	13	48167161	48167188	2	-0.9417
DUNGS_p_TCGA_b84_115_SNP_N_GenomeWideSNP_6_F04_771506	13	48167686	48429552	211	0.3919
DUNGS_p_TCGA_b84_115_SNP_N_GenomeWideSNP_6_F04_771506	13	48431716	48434505	2	-1.7688
DUNGS_p_TCGA_b84_115_SNP_N_GenomeWideSNP_6_F04_771506	13	48435706	49405120	446	0.399
DUNGS_p_TCGA_b84_115_SNP_N_GenomeWideSNP_6_F04_771506	13	49411536	49417531	3	-0.99
DUNGS_p_TCGA_b84_115_SNP_N_GenomeWideSNP_6_F04_771506	13	49418149	54572495	3006	0.4084
DUNGS_p_TCGA_b84_115_SNP_N_GenomeWideSNP_6_F04_771506	13	54573937	54868734	180	0.1283
DUNGS_p_TCGA_b84_115_SNP_N_GenomeWideSNP_6_F04_771506	13	54868878	56773769	966	0.3922
DUNGS_p_TCGA_b84_115_SNP_N_GenomeWideSNP_6_F04_771506	13	56776453	56776701	2	-0.8293
DUNGS_p_TCGA_b84_115_SNP_N_GenomeWideSNP_6_F04_771506	13	56777118	56862281	64	0.4836
DUNGS_p_TCGA_b84_115_SNP_N_GenomeWideSNP_6_F04_771506	13	56862878	56913239	18	0.822
DUNGS_p_TCGA_b84_115_SNP_N_GenomeWideSNP_6_F04_771506	13	56913282	62560459	3324	0.3789
DUNGS_p_TCGA_b84_115_SNP_N_GenomeWideSNP_6_F04_771506	13	62562075	62604846	24	0.6949
DUNGS_p_TCGA_b84_115_SNP_N_GenomeWideSNP_6_F04_771506	13	62605194	68540573	3753	0.4075
DUNGS_p_TCGA_b84_115_SNP_N_GenomeWideSNP_6_F04_771506	13	68545997	69652137	677	-0.1955
DUNGS_p_TCGA_b84_115_SNP_N_GenomeWideSNP_6_F04_771506	13	69653715	69653762	3	0.8245
DUNGS_p_TCGA_b84_115_SNP_N_GenomeWideSNP_6_F04_771506	13	69653854	71374989	1090	-0.1975
DUNGS_p_TCGA_b84_115_SNP_N_GenomeWideSNP_6_F04_771506	13	71375556	71378557	4	0.9325
DUNGS_p_TCGA_b84_115_SNP_N_GenomeWideSNP_6_F04_771506	13	71378606	89754102	11988	-0.1861
DUNGS_p_TCGA_b84_115_SNP_N_GenomeWideSNP_6_F04_771506	13	89759220	89764420	4	0.9682
DUNGS_p_TCGA_b84_115_SNP_N_GenomeWideSNP_6_F04_771506	13	89767419	94784167	3508	-0.1931
DUNGS_p_TCGA_b84_115_SNP_N_GenomeWideSNP_6_F04_771506	13	94785019	94802145	19	-0.602
DUNGS_p_TCGA_b84_115_SNP_N_GenomeWideSNP_6_F04_771506	13	94803129	97325275	1463	-0.1732
DUNGS_p_TCGA_b84_115_SNP_N_GenomeWideSNP_6_F04_771506	13	97328125	97328797	5	-3.6033
DUNGS_p_TCGA_b84_115_SNP_N_GenomeWideSNP_6_F04_771506	13	97329466	114126499	12191	-0.1955
DUNGS_p_TCGA_b84_115_SNP_N_GenomeWideSNP_6_F04_771506	14	18072124	19270221	83	0.0121
DUNGS_p_TCGA_b84_115_SNP_N_GenomeWideSNP_6_F04_771506	14	19270249	19464758	90	0.6385
DUNGS_p_TCGA_b84_115_SNP_N_GenomeWideSNP_6_F04_771506	14	19464967	21462988	1373	0.3732
DUNGS_p_TCGA_b84_115_SNP_N_GenomeWideSNP_6_F04_771506	14	21463199	21463385	3	-1.2341
DUNGS_p_TCGA_b84_115_SNP_N_GenomeWideSNP_6_F04_771506	14	21463439	23554299	1405	0.4081
DUNGS_p_TCGA_b84_115_SNP_N_GenomeWideSNP_6_F04_771506	14	23557983	23559022	10	-0.2608
DUNGS_p_TCGA_b84_115_SNP_N_GenomeWideSNP_6_F04_771506	14	23559075	25853743	1603	0.3405
DUNGS_p_TCGA_b84_115_SNP_N_GenomeWideSNP_6_F04_771506	14	25853751	25853758	7	-0.6587
DUNGS_p_TCGA_b84_115_SNP_N_GenomeWideSNP_6_F04_771506	14	25854753	34496525	5439	0.3593
DUNGS_p_TCGA_b84_115_SNP_N_GenomeWideSNP_6_F04_771506	14	34498746	34499497	3	-0.6813
DUNGS_p_TCGA_b84_115_SNP_N_GenomeWideSNP_6_F04_771506	14	34504169	38020765	2203	0.3616
DUNGS_p_TCGA_b84_115_SNP_N_GenomeWideSNP_6_F04_771506	14	38022752	38113995	41	-0.4938
DUNGS_p_TCGA_b84_115_SNP_N_GenomeWideSNP_6_F04_771506	14	38114064	69083732	19472	0.3611
DUNGS_p_TCGA_b84_115_SNP_N_GenomeWideSNP_6_F04_771506	14	69087800	69092037	6	-0.5098
DUNGS_p_TCGA_b84_115_SNP_N_GenomeWideSNP_6_F04_771506	14	69092052	73070876	2634	0.3585
DUNGS_p_TCGA_b84_115_SNP_N_GenomeWideSNP_6_F04_771506	14	73076460	73099668	10	0.991
DUNGS_p_TCGA_b84_115_SNP_N_GenomeWideSNP_6_F04_771506	14	73100484	73639693	275	0.3424
DUNGS_p_TCGA_b84_115_SNP_N_GenomeWideSNP_6_F04_771506	14	73639861	73669934	33	0.6362
DUNGS_p_TCGA_b84_115_SNP_N_GenomeWideSNP_6_F04_771506	14	73670224	85521664	7973	0.347
DUNGS_p_TCGA_b84_115_SNP_N_GenomeWideSNP_6_F04_771506	14	85530379	85558194	38	-0.3429
DUNGS_p_TCGA_b84_115_SNP_N_GenomeWideSNP_6_F04_771506	14	85559964	105531947	12490	0.3499
DUNGS_p_TCGA_b84_115_SNP_N_GenomeWideSNP_6_F04_771506	14	105550720	105550986	2	-1.6266
DUNGS_p_TCGA_b84_115_SNP_N_GenomeWideSNP_6_F04_771506	14	105553173	105613322	27	0.4304
DUNGS_p_TCGA_b84_115_SNP_N_GenomeWideSNP_6_F04_771506	14	105618359	105632486	10	1.2663
DUNGS_p_TCGA_b84_115_SNP_N_GenomeWideSNP_6_F04_771506	14	105638145	105854089	103	0.3263
DUNGS_p_TCGA_b84_115_SNP_N_GenomeWideSNP_6_F04_771506	14	105867070	105873098	7	1.3076
DUNGS_p_TCGA_b84_115_SNP_N_GenomeWideSNP_6_F04_771506	14	105886988	106356482	308	0.3528
DUNGS_p_TCGA_b84_115_SNP_N_GenomeWideSNP_6_F04_771506	15	18276341	18525992	55	-0.1951
DUNGS_p_TCGA_b84_115_SNP_N_GenomeWideSNP_6_F04_771506	15	18527876	19882252	284	-0.6325
DUNGS_p_TCGA_b84_115_SNP_N_GenomeWideSNP_6_F04_771506	15	19882775	20088838	83	-0.9355
DUNGS_p_TCGA_b84_115_SNP_N_GenomeWideSNP_6_F04_771506	15	20224763	22220838	1006	-0.2574
DUNGS_p_TCGA_b84_115_SNP_N_GenomeWideSNP_6_F04_771506	15	22225844	22265951	36	-1.9337
DUNGS_p_TCGA_b84_115_SNP_N_GenomeWideSNP_6_F04_771506	15	22267930	29808162	4449	-0.2835
DUNGS_p_TCGA_b84_115_SNP_N_GenomeWideSNP_6_F04_771506	15	29808902	29810342	2	-1.9845
DUNGS_p_TCGA_b84_115_SNP_N_GenomeWideSNP_6_F04_771506	15	29810577	30408519	387	-0.2589
DUNGS_p_TCGA_b84_115_SNP_N_GenomeWideSNP_6_F04_771506	15	30419013	30436024	3	1.0277
DUNGS_p_TCGA_b84_115_SNP_N_GenomeWideSNP_6_F04_771506	15	30442663	31202231	465	-0.2448
DUNGS_p_TCGA_b84_115_SNP_N_GenomeWideSNP_6_F04_771506	15	31202466	31202937	4	-2.2524
DUNGS_p_TCGA_b84_115_SNP_N_GenomeWideSNP_6_F04_771506	15	31206321	32481928	1044	-0.2602
DUNGS_p_TCGA_b84_115_SNP_N_GenomeWideSNP_6_F04_771506	15	32482614	32643110	77	-1.5071
DUNGS_p_TCGA_b84_115_SNP_N_GenomeWideSNP_6_F04_771506	15	32645302	53610894	13124	-0.2663
DUNGS_p_TCGA_b84_115_SNP_N_GenomeWideSNP_6_F04_771506	15	53611503	53614768	3	-1.615
DUNGS_p_TCGA_b84_115_SNP_N_GenomeWideSNP_6_F04_771506	15	53615001	68307131	9934	-0.2726
DUNGS_p_TCGA_b84_115_SNP_N_GenomeWideSNP_6_F04_771506	15	68311561	68312433	3	-1.5101
DUNGS_p_TCGA_b84_115_SNP_N_GenomeWideSNP_6_F04_771506	15	68316251	74678566	3432	-0.259
DUNGS_p_TCGA_b84_115_SNP_N_GenomeWideSNP_6_F04_771506	15	74678682	74682830	20	0.5134
DUNGS_p_TCGA_b84_115_SNP_N_GenomeWideSNP_6_F04_771506	15	74689234	83880838	5206	-0.2482
DUNGS_p_TCGA_b84_115_SNP_N_GenomeWideSNP_6_F04_771506	15	83881126	83885255	2	1.4485
DUNGS_p_TCGA_b84_115_SNP_N_GenomeWideSNP_6_F04_771506	15	83886318	84723810	701	-0.2499
DUNGS_p_TCGA_b84_115_SNP_N_GenomeWideSNP_6_F04_771506	15	84724088	84724937	2	-1.7082
DUNGS_p_TCGA_b84_115_SNP_N_GenomeWideSNP_6_F04_771506	15	84738767	89415706	3330	-0.2604
DUNGS_p_TCGA_b84_115_SNP_N_GenomeWideSNP_6_F04_771506	15	89415722	89448444	29	0.0764
DUNGS_p_TCGA_b84_115_SNP_N_GenomeWideSNP_6_F04_771506	15	89449189	90566759	979	-0.2594
DUNGS_p_TCGA_b84_115_SNP_N_GenomeWideSNP_6_F04_771506	15	90566878	90567298	3	0.9446
DUNGS_p_TCGA_b84_115_SNP_N_GenomeWideSNP_6_F04_771506	15	90567762	91130968	562	-0.2419
DUNGS_p_TCGA_b84_115_SNP_N_GenomeWideSNP_6_F04_771506	15	91132722	91174893	15	0.3974
DUNGS_p_TCGA_b84_115_SNP_N_GenomeWideSNP_6_F04_771506	15	91177810	91608724	328	-0.2704
DUNGS_p_TCGA_b84_115_SNP_N_GenomeWideSNP_6_F04_771506	15	91608839	91611413	9	-1.2989
DUNGS_p_TCGA_b84_115_SNP_N_GenomeWideSNP_6_F04_771506	15	91612535	91654889	53	-0.2293
DUNGS_p_TCGA_b84_115_SNP_N_GenomeWideSNP_6_F04_771506	15	91656315	91658556	2	-1.8958
DUNGS_p_TCGA_b84_115_SNP_N_GenomeWideSNP_6_F04_771506	15	91663418	99782444	6157	-0.2563
DUNGS_p_TCGA_b84_115_SNP_N_GenomeWideSNP_6_F04_771506	15	99782644	99782862	2	-1.8226
DUNGS_p_TCGA_b84_115_SNP_N_GenomeWideSNP_6_F04_771506	15	99782996	100286563	321	-0.253
DUNGS_p_TCGA_b84_115_SNP_N_GenomeWideSNP_6_F04_771506	16	777	14888478	11146	0.0212
DUNGS_p_TCGA_b84_115_SNP_N_GenomeWideSNP_6_F04_771506	16	14897340	14993185	47	0.366
DUNGS_p_TCGA_b84_115_SNP_N_GenomeWideSNP_6_F04_771506	16	14994672	32751036	9035	0.0222
DUNGS_p_TCGA_b84_115_SNP_N_GenomeWideSNP_6_F04_771506	16	32751201	57256318	8869	-0.28
DUNGS_p_TCGA_b84_115_SNP_N_GenomeWideSNP_6_F04_771506	16	57260888	57316367	43	0.4231
DUNGS_p_TCGA_b84_115_SNP_N_GenomeWideSNP_6_F04_771506	16	57316833	61809909	2917	-0.2885
DUNGS_p_TCGA_b84_115_SNP_N_GenomeWideSNP_6_F04_771506	16	61811978	61814170	2	0.9613
DUNGS_p_TCGA_b84_115_SNP_N_GenomeWideSNP_6_F04_771506	16	61818983	67322013	3427	-0.2892
DUNGS_p_TCGA_b84_115_SNP_N_GenomeWideSNP_6_F04_771506	16	67331361	69372288	925	0.2109
DUNGS_p_TCGA_b84_115_SNP_N_GenomeWideSNP_6_F04_771506	16	69376130	69396576	13	-0.4368
DUNGS_p_TCGA_b84_115_SNP_N_GenomeWideSNP_6_F04_771506	16	69396658	69411882	6	0.1173
DUNGS_p_TCGA_b84_115_SNP_N_GenomeWideSNP_6_F04_771506	16	69412703	69760298	221	0.421
DUNGS_p_TCGA_b84_115_SNP_N_GenomeWideSNP_6_F04_771506	16	69762695	70035750	173	-0.2812
DUNGS_p_TCGA_b84_115_SNP_N_GenomeWideSNP_6_F04_771506	16	70036218	76930347	5071	0.3503
DUNGS_p_TCGA_b84_115_SNP_N_GenomeWideSNP_6_F04_771506	16	76930838	76942239	13	-1.3904
DUNGS_p_TCGA_b84_115_SNP_N_GenomeWideSNP_6_F04_771506	16	76942266	82446324	6246	0.1653
DUNGS_p_TCGA_b84_115_SNP_N_GenomeWideSNP_6_F04_771506	16	82447181	82449270	4	-1.4959
DUNGS_p_TCGA_b84_115_SNP_N_GenomeWideSNP_6_F04_771506	16	82449419	83383334	837	0.4694
DUNGS_p_TCGA_b84_115_SNP_N_GenomeWideSNP_6_F04_771506	16	83385186	84450180	697	0.8672
DUNGS_p_TCGA_b84_115_SNP_N_GenomeWideSNP_6_F04_771506	16	84450361	87465349	2307	0.536
DUNGS_p_TCGA_b84_115_SNP_N_GenomeWideSNP_6_F04_771506	16	87480405	87744771	80	0.1481
DUNGS_p_TCGA_b84_115_SNP_N_GenomeWideSNP_6_F04_771506	16	87749202	88815036	480	0.4606
DUNGS_p_TCGA_b84_115_SNP_N_GenomeWideSNP_6_F04_771506	17	526	95379	53	-0.5427
DUNGS_p_TCGA_b84_115_SNP_N_GenomeWideSNP_6_F04_771506	17	95631	102209	4	-1.6244
DUNGS_p_TCGA_b84_115_SNP_N_GenomeWideSNP_6_F04_771506	17	110826	201460	60	-0.5344
DUNGS_p_TCGA_b84_115_SNP_N_GenomeWideSNP_6_F04_771506	17	202893	204759	2	-2.2611
DUNGS_p_TCGA_b84_115_SNP_N_GenomeWideSNP_6_F04_771506	17	204959	721177	273	-0.4774
DUNGS_p_TCGA_b84_115_SNP_N_GenomeWideSNP_6_F04_771506	17	722143	722158	2	-2.2338
DUNGS_p_TCGA_b84_115_SNP_N_GenomeWideSNP_6_F04_771506	17	726298	4485249	2048	-0.4759
DUNGS_p_TCGA_b84_115_SNP_N_GenomeWideSNP_6_F04_771506	17	4485920	4487396	5	-1.4958
DUNGS_p_TCGA_b84_115_SNP_N_GenomeWideSNP_6_F04_771506	17	4491080	6041508	931	-0.4554
DUNGS_p_TCGA_b84_115_SNP_N_GenomeWideSNP_6_F04_771506	17	6041520	6041535	2	-2.2077
DUNGS_p_TCGA_b84_115_SNP_N_GenomeWideSNP_6_F04_771506	17	6041767	8183635	1178	-0.4688
DUNGS_p_TCGA_b84_115_SNP_N_GenomeWideSNP_6_F04_771506	17	8188272	8188458	2	-2.5198
DUNGS_p_TCGA_b84_115_SNP_N_GenomeWideSNP_6_F04_771506	17	8190183	13096599	3583	-0.471
DUNGS_p_TCGA_b84_115_SNP_N_GenomeWideSNP_6_F04_771506	17	13096778	13097704	6	-1.3129
DUNGS_p_TCGA_b84_115_SNP_N_GenomeWideSNP_6_F04_771506	17	13098265	13305274	169	-0.4414
DUNGS_p_TCGA_b84_115_SNP_N_GenomeWideSNP_6_F04_771506	17	13305719	13309908	2	-3.4877
DUNGS_p_TCGA_b84_115_SNP_N_GenomeWideSNP_6_F04_771506	17	13309967	17566226	2752	-0.4928
DUNGS_p_TCGA_b84_115_SNP_N_GenomeWideSNP_6_F04_771506	17	17570010	17574657	3	-1.8021
DUNGS_p_TCGA_b84_115_SNP_N_GenomeWideSNP_6_F04_771506	17	17578675	22159777	1957	-0.395
DUNGS_p_TCGA_b84_115_SNP_N_GenomeWideSNP_6_F04_771506	17	22294538	23046533	399	0.5147
DUNGS_p_TCGA_b84_115_SNP_N_GenomeWideSNP_6_F04_771506	17	23046682	23117164	36	0.8365
DUNGS_p_TCGA_b84_115_SNP_N_GenomeWideSNP_6_F04_771506	17	23117442	31459625	4935	0.4941
DUNGS_p_TCGA_b84_115_SNP_N_GenomeWideSNP_6_F04_771506	17	31460380	31954662	118	0.2901
DUNGS_p_TCGA_b84_115_SNP_N_GenomeWideSNP_6_F04_771506	17	31958049	31983220	11	0.6606
DUNGS_p_TCGA_b84_115_SNP_N_GenomeWideSNP_6_F04_771506	17	31983552	31985314	3	1.4696
DUNGS_p_TCGA_b84_115_SNP_N_GenomeWideSNP_6_F04_771506	17	31986110	35104471	1549	0.5037
DUNGS_p_TCGA_b84_115_SNP_N_GenomeWideSNP_6_F04_771506	17	35104532	35104548	2	-1.2415
DUNGS_p_TCGA_b84_115_SNP_N_GenomeWideSNP_6_F04_771506	17	35104566	36676679	911	0.4903
DUNGS_p_TCGA_b84_115_SNP_N_GenomeWideSNP_6_F04_771506	17	36676736	36683976	16	1.0137
DUNGS_p_TCGA_b84_115_SNP_N_GenomeWideSNP_6_F04_771506	17	36684057	40913842	2158	0.4828
DUNGS_p_TCGA_b84_115_SNP_N_GenomeWideSNP_6_F04_771506	17	40925816	41004287	10	-0.2965
DUNGS_p_TCGA_b84_115_SNP_N_GenomeWideSNP_6_F04_771506	17	41004323	41551504	368	0.4218
DUNGS_p_TCGA_b84_115_SNP_N_GenomeWideSNP_6_F04_771506	17	41553381	41860676	116	0.6605
DUNGS_p_TCGA_b84_115_SNP_N_GenomeWideSNP_6_F04_771506	17	41879021	41879036	2	-1.318
DUNGS_p_TCGA_b84_115_SNP_N_GenomeWideSNP_6_F04_771506	17	41901645	65469283	13822	0.5157
DUNGS_p_TCGA_b84_115_SNP_N_GenomeWideSNP_6_F04_771506	17	65469307	65469422	3	-0.4906
DUNGS_p_TCGA_b84_115_SNP_N_GenomeWideSNP_6_F04_771506	17	65470939	68284438	2283	0.3945
DUNGS_p_TCGA_b84_115_SNP_N_GenomeWideSNP_6_F04_771506	17	68284486	68289607	2	-0.9629
DUNGS_p_TCGA_b84_115_SNP_N_GenomeWideSNP_6_F04_771506	17	68291360	69402480	827	0.4943
DUNGS_p_TCGA_b84_115_SNP_N_GenomeWideSNP_6_F04_771506	17	69404156	69405861	2	-1.1337
DUNGS_p_TCGA_b84_115_SNP_N_GenomeWideSNP_6_F04_771506	17	69405952	78643088	4731	0.4945
DUNGS_p_TCGA_b84_115_SNP_N_GenomeWideSNP_6_F04_771506	18	1543	34660920	21706	0.0757
DUNGS_p_TCGA_b84_115_SNP_N_GenomeWideSNP_6_F04_771506	18	34662416	34734076	50	-0.5842
DUNGS_p_TCGA_b84_115_SNP_N_GenomeWideSNP_6_F04_771506	18	34734302	34734590	2	-2.3077
DUNGS_p_TCGA_b84_115_SNP_N_GenomeWideSNP_6_F04_771506	18	34735189	34902205	116	-0.5996
DUNGS_p_TCGA_b84_115_SNP_N_GenomeWideSNP_6_F04_771506	18	34904833	34905318	2	-2.136
DUNGS_p_TCGA_b84_115_SNP_N_GenomeWideSNP_6_F04_771506	18	34906232	36512080	976	-0.6178
DUNGS_p_TCGA_b84_115_SNP_N_GenomeWideSNP_6_F04_771506	18	36512094	36514478	18	-0.1045
DUNGS_p_TCGA_b84_115_SNP_N_GenomeWideSNP_6_F04_771506	18	36514488	42545294	3995	-0.6076
DUNGS_p_TCGA_b84_115_SNP_N_GenomeWideSNP_6_F04_771506	18	42545438	42546596	3	-2.3915
DUNGS_p_TCGA_b84_115_SNP_N_GenomeWideSNP_6_F04_771506	18	42547212	52823765	6988	-0.6011
DUNGS_p_TCGA_b84_115_SNP_N_GenomeWideSNP_6_F04_771506	18	52824492	52826944	3	-2.1213
DUNGS_p_TCGA_b84_115_SNP_N_GenomeWideSNP_6_F04_771506	18	52827585	61878869	6563	-0.607
DUNGS_p_TCGA_b84_115_SNP_N_GenomeWideSNP_6_F04_771506	18	61879097	61879320	3	-2.5267
DUNGS_p_TCGA_b84_115_SNP_N_GenomeWideSNP_6_F04_771506	18	61883718	62057829	147	-0.5185
DUNGS_p_TCGA_b84_115_SNP_N_GenomeWideSNP_6_F04_771506	18	62057846	62062341	10	-1.6685
DUNGS_p_TCGA_b84_115_SNP_N_GenomeWideSNP_6_F04_771506	18	62062569	64297080	1627	-0.6005
DUNGS_p_TCGA_b84_115_SNP_N_GenomeWideSNP_6_F04_771506	18	64297436	64297451	2	-2.5495
DUNGS_p_TCGA_b84_115_SNP_N_GenomeWideSNP_6_F04_771506	18	64297702	64301779	8	-0.244
DUNGS_p_TCGA_b84_115_SNP_N_GenomeWideSNP_6_F04_771506	18	64301987	64890114	423	-0.5798
DUNGS_p_TCGA_b84_115_SNP_N_GenomeWideSNP_6_F04_771506	18	64893256	64897867	17	0.0177
DUNGS_p_TCGA_b84_115_SNP_N_GenomeWideSNP_6_F04_771506	18	64901917	67627371	1951	-0.5811
DUNGS_p_TCGA_b84_115_SNP_N_GenomeWideSNP_6_F04_771506	18	67628179	67628945	2	-2.4059
DUNGS_p_TCGA_b84_115_SNP_N_GenomeWideSNP_6_F04_771506	18	67629013	69910497	1836	-0.5726
DUNGS_p_TCGA_b84_115_SNP_N_GenomeWideSNP_6_F04_771506	18	69911028	76116029	4421	0.0512
DUNGS_p_TCGA_b84_115_SNP_N_GenomeWideSNP_6_F04_771506	19	41910	8966549	3334	-0.3379
DUNGS_p_TCGA_b84_115_SNP_N_GenomeWideSNP_6_F04_771506	19	8967505	8967619	2	-3.8987
DUNGS_p_TCGA_b84_115_SNP_N_GenomeWideSNP_6_F04_771506	19	8967624	16025883	3587	-0.326
DUNGS_p_TCGA_b84_115_SNP_N_GenomeWideSNP_6_F04_771506	19	16027108	20487980	2126	0.2543
DUNGS_p_TCGA_b84_115_SNP_N_GenomeWideSNP_6_F04_771506	19	20492594	20513302	16	0.848
DUNGS_p_TCGA_b84_115_SNP_N_GenomeWideSNP_6_F04_771506	19	20515685	24248797	2181	0.2746
DUNGS_p_TCGA_b84_115_SNP_N_GenomeWideSNP_6_F04_771506	19	24252658	24256797	10	-0.5057
DUNGS_p_TCGA_b84_115_SNP_N_GenomeWideSNP_6_F04_771506	19	24279522	24388590	16	0.434
DUNGS_p_TCGA_b84_115_SNP_N_GenomeWideSNP_6_F04_771506	19	32439833	41519523	6031	-0.2536
DUNGS_p_TCGA_b84_115_SNP_N_GenomeWideSNP_6_F04_771506	19	41522151	41537990	3	0.946
DUNGS_p_TCGA_b84_115_SNP_N_GenomeWideSNP_6_F04_771506	19	41538030	41538521	3	-1.2687
DUNGS_p_TCGA_b84_115_SNP_N_GenomeWideSNP_6_F04_771506	19	41538569	43033339	769	-0.2208
DUNGS_p_TCGA_b84_115_SNP_N_GenomeWideSNP_6_F04_771506	19	43035964	43036057	2	-1.8163
DUNGS_p_TCGA_b84_115_SNP_N_GenomeWideSNP_6_F04_771506	19	43037574	45758301	1438	-0.2384
DUNGS_p_TCGA_b84_115_SNP_N_GenomeWideSNP_6_F04_771506	19	45760771	45763663	3	0.7892
DUNGS_p_TCGA_b84_115_SNP_N_GenomeWideSNP_6_F04_771506	19	45769341	48195126	1169	-0.2548
DUNGS_p_TCGA_b84_115_SNP_N_GenomeWideSNP_6_F04_771506	19	48195496	48196408	2	1.0907
DUNGS_p_TCGA_b84_115_SNP_N_GenomeWideSNP_6_F04_771506	19	48196410	55277700	3437	-0.2389
DUNGS_p_TCGA_b84_115_SNP_N_GenomeWideSNP_6_F04_771506	19	55283926	56823625	850	0.3718
DUNGS_p_TCGA_b84_115_SNP_N_GenomeWideSNP_6_F04_771506	19	56834164	56840009	11	1.0447
DUNGS_p_TCGA_b84_115_SNP_N_GenomeWideSNP_6_F04_771506	19	56846717	59944197	2054	-0.1593
DUNGS_p_TCGA_b84_115_SNP_N_GenomeWideSNP_6_F04_771506	19	59975655	60005629	12	-0.6519
DUNGS_p_TCGA_b84_115_SNP_N_GenomeWideSNP_6_F04_771506	19	60006099	60926115	429	0.0975
DUNGS_p_TCGA_b84_115_SNP_N_GenomeWideSNP_6_F04_771506	19	60926454	60974181	39	0.502
DUNGS_p_TCGA_b84_115_SNP_N_GenomeWideSNP_6_F04_771506	19	60974347	60974879	3	-0.8003
DUNGS_p_TCGA_b84_115_SNP_N_GenomeWideSNP_6_F04_771506	19	60978105	61349200	302	0.4974
DUNGS_p_TCGA_b84_115_SNP_N_GenomeWideSNP_6_F04_771506	19	61357927	63789666	1548	-0.0208
DUNGS_p_TCGA_b84_115_SNP_N_GenomeWideSNP_6_F04_771506	20	9305	692847	526	-0.2524
DUNGS_p_TCGA_b84_115_SNP_N_GenomeWideSNP_6_F04_771506	20	695835	1498334	655	0.2887
DUNGS_p_TCGA_b84_115_SNP_N_GenomeWideSNP_6_F04_771506	20	1500116	1518737	35	-0.3448
DUNGS_p_TCGA_b84_115_SNP_N_GenomeWideSNP_6_F04_771506	20	1518752	1519103	5	0.75
DUNGS_p_TCGA_b84_115_SNP_N_GenomeWideSNP_6_F04_771506	20	1519272	1530207	22	-0.5632
DUNGS_p_TCGA_b84_115_SNP_N_GenomeWideSNP_6_F04_771506	20	1538257	1547584	13	0.8217
DUNGS_p_TCGA_b84_115_SNP_N_GenomeWideSNP_6_F04_771506	20	1548417	2596482	915	0.291
DUNGS_p_TCGA_b84_115_SNP_N_GenomeWideSNP_6_F04_771506	20	2598803	2766390	103	-0.1826
DUNGS_p_TCGA_b84_115_SNP_N_GenomeWideSNP_6_F04_771506	20	2772721	3298814	298	-0.5746
DUNGS_p_TCGA_b84_115_SNP_N_GenomeWideSNP_6_F04_771506	20	3306938	11040044	5988	-0.2887
DUNGS_p_TCGA_b84_115_SNP_N_GenomeWideSNP_6_F04_771506	20	11040242	11041866	3	-1.4157
DUNGS_p_TCGA_b84_115_SNP_N_GenomeWideSNP_6_F04_771506	20	11042509	14880896	2798	-0.2904
DUNGS_p_TCGA_b84_115_SNP_N_GenomeWideSNP_6_F04_771506	20	14887620	15280749	334	0.2685
DUNGS_p_TCGA_b84_115_SNP_N_GenomeWideSNP_6_F04_771506	20	15282921	20577416	4578	-0.287
DUNGS_p_TCGA_b84_115_SNP_N_GenomeWideSNP_6_F04_771506	20	20580364	23668422	2240	0.2636
DUNGS_p_TCGA_b84_115_SNP_N_GenomeWideSNP_6_F04_771506	20	23668550	23705875	27	-0.1368
DUNGS_p_TCGA_b84_115_SNP_N_GenomeWideSNP_6_F04_771506	20	23706700	25966291	1422	0.2665
DUNGS_p_TCGA_b84_115_SNP_N_GenomeWideSNP_6_F04_771506	20	26005295	26005387	2	-1.8734
DUNGS_p_TCGA_b84_115_SNP_N_GenomeWideSNP_6_F04_771506	20	26017758	26145931	66	0.2652
DUNGS_p_TCGA_b84_115_SNP_N_GenomeWideSNP_6_F04_771506	20	26157754	28072968	54	-0.066
DUNGS_p_TCGA_b84_115_SNP_N_GenomeWideSNP_6_F04_771506	20	28076246	28244820	45	0.3008
DUNGS_p_TCGA_b84_115_SNP_N_GenomeWideSNP_6_F04_771506	20	28245011	28262642	4	-0.6077
DUNGS_p_TCGA_b84_115_SNP_N_GenomeWideSNP_6_F04_771506	20	28262658	29667143	183	0.3005
DUNGS_p_TCGA_b84_115_SNP_N_GenomeWideSNP_6_F04_771506	20	29668485	29670386	2	-1.1985
DUNGS_p_TCGA_b84_115_SNP_N_GenomeWideSNP_6_F04_771506	20	29680722	38551409	4983	0.2683
DUNGS_p_TCGA_b84_115_SNP_N_GenomeWideSNP_6_F04_771506	20	38556146	38931100	310	-0.278
DUNGS_p_TCGA_b84_115_SNP_N_GenomeWideSNP_6_F04_771506	20	38933969	51092580	8643	0.2714
DUNGS_p_TCGA_b84_115_SNP_N_GenomeWideSNP_6_F04_771506	20	51096895	51100241	3	-0.7647
DUNGS_p_TCGA_b84_115_SNP_N_GenomeWideSNP_6_F04_771506	20	51102819	52085767	778	0.2845
DUNGS_p_TCGA_b84_115_SNP_N_GenomeWideSNP_6_F04_771506	20	52085885	52091124	24	0.639
DUNGS_p_TCGA_b84_115_SNP_N_GenomeWideSNP_6_F04_771506	20	52091480	62425281	7469	0.2508
DUNGS_p_TCGA_b84_115_SNP_N_GenomeWideSNP_6_F04_771506	20	62425982	62426597	3	-1.0215
DUNGS_p_TCGA_b84_115_SNP_N_GenomeWideSNP_6_F04_771506	21	9758742	13291078	117	-0.2642
DUNGS_p_TCGA_b84_115_SNP_N_GenomeWideSNP_6_F04_771506	21	13298583	13454421	27	0.3286
DUNGS_p_TCGA_b84_115_SNP_N_GenomeWideSNP_6_F04_771506	21	13460349	14069323	286	0.868
DUNGS_p_TCGA_b84_115_SNP_N_GenomeWideSNP_6_F04_771506	21	14080310	14177670	27	1.956
DUNGS_p_TCGA_b84_115_SNP_N_GenomeWideSNP_6_F04_771506	21	14207324	19563471	3749	0.1585
DUNGS_p_TCGA_b84_115_SNP_N_GenomeWideSNP_6_F04_771506	21	19563480	19563845	5	0.9848
DUNGS_p_TCGA_b84_115_SNP_N_GenomeWideSNP_6_F04_771506	21	19565177	19847751	228	0.1439
DUNGS_p_TCGA_b84_115_SNP_N_GenomeWideSNP_6_F04_771506	21	19848093	19851107	2	1.5574
DUNGS_p_TCGA_b84_115_SNP_N_GenomeWideSNP_6_F04_771506	21	19855215	38790585	14066	0.1516
DUNGS_p_TCGA_b84_115_SNP_N_GenomeWideSNP_6_F04_771506	21	38790599	38790676	3	1.3172
DUNGS_p_TCGA_b84_115_SNP_N_GenomeWideSNP_6_F04_771506	21	38790797	43498670	3970	0.1486
DUNGS_p_TCGA_b84_115_SNP_N_GenomeWideSNP_6_F04_771506	21	43509017	43569608	39	-0.1597
DUNGS_p_TCGA_b84_115_SNP_N_GenomeWideSNP_6_F04_771506	21	43569889	46921385	1915	0.1275
DUNGS_p_TCGA_b84_115_SNP_N_GenomeWideSNP_6_F04_771506	22	14432528	14870976	70	-0.0995
DUNGS_p_TCGA_b84_115_SNP_N_GenomeWideSNP_6_F04_771506	22	14871549	14886460	16	0.4954
DUNGS_p_TCGA_b84_115_SNP_N_GenomeWideSNP_6_F04_771506	22	14933466	17727928	1450	-0.2778
DUNGS_p_TCGA_b84_115_SNP_N_GenomeWideSNP_6_F04_771506	22	17728158	17728199	2	-2.1572
DUNGS_p_TCGA_b84_115_SNP_N_GenomeWideSNP_6_F04_771506	22	17728926	22660218	3080	-0.3231
DUNGS_p_TCGA_b84_115_SNP_N_GenomeWideSNP_6_F04_771506	22	22660269	22662625	3	-2.5456
DUNGS_p_TCGA_b84_115_SNP_N_GenomeWideSNP_6_F04_771506	22	22662933	22726814	23	0.3691
DUNGS_p_TCGA_b84_115_SNP_N_GenomeWideSNP_6_F04_771506	22	22731529	49581321	18939	-0.2879
DUNGS_p_TCGA_b84_115_SNP_N_GenomeWideSNP_6_F04_771506	X	108477	599235	73	-0.4376
DUNGS_p_TCGA_b84_115_SNP_N_GenomeWideSNP_6_F04_771506	X	602159	1131520	9	0.2645
DUNGS_p_TCGA_b84_115_SNP_N_GenomeWideSNP_6_F04_771506	X	1146875	2713391	14	-0.5024
DUNGS_p_TCGA_b84_115_SNP_N_GenomeWideSNP_6_F04_771506	X	2713633	13391551	8088	-0.0149
DUNGS_p_TCGA_b84_115_SNP_N_GenomeWideSNP_6_F04_771506	X	13392479	13392612	2	-1.8208
DUNGS_p_TCGA_b84_115_SNP_N_GenomeWideSNP_6_F04_771506	X	13393494	15314158	1297	0.0141
DUNGS_p_TCGA_b84_115_SNP_N_GenomeWideSNP_6_F04_771506	X	15316982	15326120	16	0.4561
DUNGS_p_TCGA_b84_115_SNP_N_GenomeWideSNP_6_F04_771506	X	15326787	17095515	1079	-0.0087
DUNGS_p_TCGA_b84_115_SNP_N_GenomeWideSNP_6_F04_771506	X	17096581	17096834	7	-1.0088
DUNGS_p_TCGA_b84_115_SNP_N_GenomeWideSNP_6_F04_771506	X	17097014	34031543	10830	0.018
DUNGS_p_TCGA_b84_115_SNP_N_GenomeWideSNP_6_F04_771506	X	34031577	34032034	10	0.7222
DUNGS_p_TCGA_b84_115_SNP_N_GenomeWideSNP_6_F04_771506	X	34032043	34419126	273	0.0119
DUNGS_p_TCGA_b84_115_SNP_N_GenomeWideSNP_6_F04_771506	X	34419369	34419466	2	-2.1208
DUNGS_p_TCGA_b84_115_SNP_N_GenomeWideSNP_6_F04_771506	X	34422566	37679850	1823	-0.0068
DUNGS_p_TCGA_b84_115_SNP_N_GenomeWideSNP_6_F04_771506	X	37680096	37714805	23	0.4241
DUNGS_p_TCGA_b84_115_SNP_N_GenomeWideSNP_6_F04_771506	X	37714905	37804516	70	-0.0199
DUNGS_p_TCGA_b84_115_SNP_N_GenomeWideSNP_6_F04_771506	X	37804943	37812719	12	0.5779
DUNGS_p_TCGA_b84_115_SNP_N_GenomeWideSNP_6_F04_771506	X	37814041	46459932	4871	0.0159
DUNGS_p_TCGA_b84_115_SNP_N_GenomeWideSNP_6_F04_771506	X	46465800	46532737	34	0.6988
DUNGS_p_TCGA_b84_115_SNP_N_GenomeWideSNP_6_F04_771506	X	46539949	65440058	6594	-3e-04
DUNGS_p_TCGA_b84_115_SNP_N_GenomeWideSNP_6_F04_771506	X	65440381	65440395	2	-4.7743
DUNGS_p_TCGA_b84_115_SNP_N_GenomeWideSNP_6_F04_771506	X	65440955	76388319	5051	0.0027
DUNGS_p_TCGA_b84_115_SNP_N_GenomeWideSNP_6_F04_771506	X	76389662	76461534	7	-1.0853
DUNGS_p_TCGA_b84_115_SNP_N_GenomeWideSNP_6_F04_771506	X	76462887	90640565	7548	-4e-04
DUNGS_p_TCGA_b84_115_SNP_N_GenomeWideSNP_6_F04_771506	X	90643742	90657120	4	-0.7156
DUNGS_p_TCGA_b84_115_SNP_N_GenomeWideSNP_6_F04_771506	X	90657475	92209829	594	-0.1081
DUNGS_p_TCGA_b84_115_SNP_N_GenomeWideSNP_6_F04_771506	X	92209935	92231328	39	-0.4422
DUNGS_p_TCGA_b84_115_SNP_N_GenomeWideSNP_6_F04_771506	X	92231342	103206676	6130	0.0312
DUNGS_p_TCGA_b84_115_SNP_N_GenomeWideSNP_6_F04_771506	X	103210583	103221990	11	-0.562
DUNGS_p_TCGA_b84_115_SNP_N_GenomeWideSNP_6_F04_771506	X	103222407	113237543	5413	0.0119
DUNGS_p_TCGA_b84_115_SNP_N_GenomeWideSNP_6_F04_771506	X	113239853	113240595	3	-5.4771
DUNGS_p_TCGA_b84_115_SNP_N_GenomeWideSNP_6_F04_771506	X	113240946	119137585	3471	0.0245
DUNGS_p_TCGA_b84_115_SNP_N_GenomeWideSNP_6_F04_771506	X	119141721	120206815	621	0.3927
DUNGS_p_TCGA_b84_115_SNP_N_GenomeWideSNP_6_F04_771506	X	120207300	122143526	1237	0.0128
DUNGS_p_TCGA_b84_115_SNP_N_GenomeWideSNP_6_F04_771506	X	122143692	122144118	2	-5.8136
DUNGS_p_TCGA_b84_115_SNP_N_GenomeWideSNP_6_F04_771506	X	122144743	123194667	630	0.0203
DUNGS_p_TCGA_b84_115_SNP_N_GenomeWideSNP_6_F04_771506	X	123194917	123195730	2	-1.257
DUNGS_p_TCGA_b84_115_SNP_N_GenomeWideSNP_6_F04_771506	X	123198111	125112857	1095	0.01
DUNGS_p_TCGA_b84_115_SNP_N_GenomeWideSNP_6_F04_771506	X	125114283	125114731	4	1.0125
DUNGS_p_TCGA_b84_115_SNP_N_GenomeWideSNP_6_F04_771506	X	125114754	125553188	290	0.013
DUNGS_p_TCGA_b84_115_SNP_N_GenomeWideSNP_6_F04_771506	X	125553294	125580852	17	0.5581
DUNGS_p_TCGA_b84_115_SNP_N_GenomeWideSNP_6_F04_771506	X	125581588	134574568	4834	0.0238
DUNGS_p_TCGA_b84_115_SNP_N_GenomeWideSNP_6_F04_771506	X	134576271	134577092	3	-2.2821
DUNGS_p_TCGA_b84_115_SNP_N_GenomeWideSNP_6_F04_771506	X	134581585	134627257	29	3e-04
DUNGS_p_TCGA_b84_115_SNP_N_GenomeWideSNP_6_F04_771506	X	134627963	134627984	2	-1.6821
DUNGS_p_TCGA_b84_115_SNP_N_GenomeWideSNP_6_F04_771506	X	134629972	134635107	3	1.1954
DUNGS_p_TCGA_b84_115_SNP_N_GenomeWideSNP_6_F04_771506	X	134636843	139272807	2825	0.0241
DUNGS_p_TCGA_b84_115_SNP_N_GenomeWideSNP_6_F04_771506	X	139275479	139327994	19	-0.4774
DUNGS_p_TCGA_b84_115_SNP_N_GenomeWideSNP_6_F04_771506	X	139328565	139725470	271	-0.0023
DUNGS_p_TCGA_b84_115_SNP_N_GenomeWideSNP_6_F04_771506	X	139729735	139761000	33	0.8466
DUNGS_p_TCGA_b84_115_SNP_N_GenomeWideSNP_6_F04_771506	X	139761051	151950939	8168	0.0096
DUNGS_p_TCGA_b84_115_SNP_N_GenomeWideSNP_6_F04_771506	X	151952322	151956478	8	-0.7325
DUNGS_p_TCGA_b84_115_SNP_N_GenomeWideSNP_6_F04_771506	X	151961028	152151847	98	0.0305
DUNGS_p_TCGA_b84_115_SNP_N_GenomeWideSNP_6_F04_771506	X	152151900	152157150	9	0.7828
DUNGS_p_TCGA_b84_115_SNP_N_GenomeWideSNP_6_F04_771506	X	152157470	154835548	1075	0.0133
DUNGS_p_TCGA_b84_115_SNP_N_GenomeWideSNP_6_F04_771506	Y	2710438	23585126	7654	-1.725
DUNGS_p_TCGA_b84_115_SNP_N_GenomeWideSNP_6_F04_771506	Y	23601019	57427647	936	-0.8416
