Sample	Chromosome	Start	End	Num_Probes	Segment_Mean
DUNGS_p_TCGA_b84_115_SNP_N_GenomeWideSNP_6_F10_771526	1	3218610	120522601	67828	-0.0329
DUNGS_p_TCGA_b84_115_SNP_N_GenomeWideSNP_6_F10_771526	1	120523902	164331760	8139	0.2964
DUNGS_p_TCGA_b84_115_SNP_N_GenomeWideSNP_6_F10_771526	1	164331903	164331928	2	-0.8655
DUNGS_p_TCGA_b84_115_SNP_N_GenomeWideSNP_6_F10_771526	1	164332201	180952672	10931	0.3023
DUNGS_p_TCGA_b84_115_SNP_N_GenomeWideSNP_6_F10_771526	1	180955233	181166679	149	0.8467
DUNGS_p_TCGA_b84_115_SNP_N_GenomeWideSNP_6_F10_771526	1	181171187	192449933	6901	0.3047
DUNGS_p_TCGA_b84_115_SNP_N_GenomeWideSNP_6_F10_771526	1	192455537	192572111	89	-0.4257
DUNGS_p_TCGA_b84_115_SNP_N_GenomeWideSNP_6_F10_771526	1	192572212	214164328	13631	0.3024
DUNGS_p_TCGA_b84_115_SNP_N_GenomeWideSNP_6_F10_771526	1	214165154	216117265	1329	-0.0495
DUNGS_p_TCGA_b84_115_SNP_N_GenomeWideSNP_6_F10_771526	1	216117446	216117572	2	-1.6587
DUNGS_p_TCGA_b84_115_SNP_N_GenomeWideSNP_6_F10_771526	1	216117840	247813706	20200	-0.0889
DUNGS_p_TCGA_b84_115_SNP_N_GenomeWideSNP_6_F10_771526	2	484222	15297202	9277	-0.062
DUNGS_p_TCGA_b84_115_SNP_N_GenomeWideSNP_6_F10_771526	2	15297306	15305054	8	-0.7185
DUNGS_p_TCGA_b84_115_SNP_N_GenomeWideSNP_6_F10_771526	2	15305738	78736009	36366	-0.0535
DUNGS_p_TCGA_b84_115_SNP_N_GenomeWideSNP_6_F10_771526	2	78746201	83096088	2163	0.4992
DUNGS_p_TCGA_b84_115_SNP_N_GenomeWideSNP_6_F10_771526	2	83105037	83610435	270	1.0611
DUNGS_p_TCGA_b84_115_SNP_N_GenomeWideSNP_6_F10_771526	2	83612430	83714557	61	1.3341
DUNGS_p_TCGA_b84_115_SNP_N_GenomeWideSNP_6_F10_771526	2	83725356	242476062	83216	0.2221
DUNGS_p_TCGA_b84_115_SNP_N_GenomeWideSNP_6_F10_771526	3	2212571	21053791	11256	-0.3535
DUNGS_p_TCGA_b84_115_SNP_N_GenomeWideSNP_6_F10_771526	3	21058911	25444565	2435	-0.6997
DUNGS_p_TCGA_b84_115_SNP_N_GenomeWideSNP_6_F10_771526	3	25445760	25677558	317	-1.0272
DUNGS_p_TCGA_b84_115_SNP_N_GenomeWideSNP_6_F10_771526	3	25678398	28491053	1372	-0.6903
DUNGS_p_TCGA_b84_115_SNP_N_GenomeWideSNP_6_F10_771526	3	28491285	28728506	145	-1.1282
DUNGS_p_TCGA_b84_115_SNP_N_GenomeWideSNP_6_F10_771526	3	28732238	54398372	14349	-0.6662
DUNGS_p_TCGA_b84_115_SNP_N_GenomeWideSNP_6_F10_771526	3	54398754	54399007	2	-2.8483
DUNGS_p_TCGA_b84_115_SNP_N_GenomeWideSNP_6_F10_771526	3	54399608	64654479	6330	-0.6762
DUNGS_p_TCGA_b84_115_SNP_N_GenomeWideSNP_6_F10_771526	3	64655357	64655724	3	-3.3308
DUNGS_p_TCGA_b84_115_SNP_N_GenomeWideSNP_6_F10_771526	3	64656677	69037441	3051	-0.6691
DUNGS_p_TCGA_b84_115_SNP_N_GenomeWideSNP_6_F10_771526	3	69038160	69038217	2	-2.8824
DUNGS_p_TCGA_b84_115_SNP_N_GenomeWideSNP_6_F10_771526	3	69039389	79449546	6311	-0.6941
DUNGS_p_TCGA_b84_115_SNP_N_GenomeWideSNP_6_F10_771526	3	79454387	96201727	6619	0.1777
DUNGS_p_TCGA_b84_115_SNP_N_GenomeWideSNP_6_F10_771526	3	96205577	99977158	1949	0.7455
DUNGS_p_TCGA_b84_115_SNP_N_GenomeWideSNP_6_F10_771526	3	99978562	100051198	37	0.1374
DUNGS_p_TCGA_b84_115_SNP_N_GenomeWideSNP_6_F10_771526	3	100054160	113848425	7690	0.7133
DUNGS_p_TCGA_b84_115_SNP_N_GenomeWideSNP_6_F10_771526	3	113852628	114872908	577	0.0527
DUNGS_p_TCGA_b84_115_SNP_N_GenomeWideSNP_6_F10_771526	3	114883571	155437416	22698	0.4413
DUNGS_p_TCGA_b84_115_SNP_N_GenomeWideSNP_6_F10_771526	3	155438459	155524789	17	-0.0452
DUNGS_p_TCGA_b84_115_SNP_N_GenomeWideSNP_6_F10_771526	3	155525798	174737820	9680	0.4535
DUNGS_p_TCGA_b84_115_SNP_N_GenomeWideSNP_6_F10_771526	3	174740389	174961901	178	0.0995
DUNGS_p_TCGA_b84_115_SNP_N_GenomeWideSNP_6_F10_771526	3	174968478	176898412	609	0.4745
DUNGS_p_TCGA_b84_115_SNP_N_GenomeWideSNP_6_F10_771526	3	176900851	176914493	14	0.0055
DUNGS_p_TCGA_b84_115_SNP_N_GenomeWideSNP_6_F10_771526	3	176915923	184887693	3905	0.4437
DUNGS_p_TCGA_b84_115_SNP_N_GenomeWideSNP_6_F10_771526	3	184888644	184906712	21	0.8388
DUNGS_p_TCGA_b84_115_SNP_N_GenomeWideSNP_6_F10_771526	3	184907460	193054300	5251	0.4562
DUNGS_p_TCGA_b84_115_SNP_N_GenomeWideSNP_6_F10_771526	3	193057885	194024335	606	0.7504
DUNGS_p_TCGA_b84_115_SNP_N_GenomeWideSNP_6_F10_771526	3	194024701	197538677	1004	0.4224
DUNGS_p_TCGA_b84_115_SNP_N_GenomeWideSNP_6_F10_771526	4	1053934	24043324	14261	-0.6865
DUNGS_p_TCGA_b84_115_SNP_N_GenomeWideSNP_6_F10_771526	4	24044961	24046280	3	-4.0951
DUNGS_p_TCGA_b84_115_SNP_N_GenomeWideSNP_6_F10_771526	4	24047558	59361065	18139	-0.6862
DUNGS_p_TCGA_b84_115_SNP_N_GenomeWideSNP_6_F10_771526	4	59361163	59364582	2	-2.6672
DUNGS_p_TCGA_b84_115_SNP_N_GenomeWideSNP_6_F10_771526	4	59367139	93637379	18830	-0.6876
DUNGS_p_TCGA_b84_115_SNP_N_GenomeWideSNP_6_F10_771526	4	93639305	93640457	2	-3.6756
DUNGS_p_TCGA_b84_115_SNP_N_GenomeWideSNP_6_F10_771526	4	93640988	94522103	377	-0.6774
DUNGS_p_TCGA_b84_115_SNP_N_GenomeWideSNP_6_F10_771526	4	94522349	94522431	3	-2.9013
DUNGS_p_TCGA_b84_115_SNP_N_GenomeWideSNP_6_F10_771526	4	94527076	102131300	4381	-0.6701
DUNGS_p_TCGA_b84_115_SNP_N_GenomeWideSNP_6_F10_771526	4	102133743	104464320	1222	-0.0914
DUNGS_p_TCGA_b84_115_SNP_N_GenomeWideSNP_6_F10_771526	4	104466572	115783756	6507	-0.6901
DUNGS_p_TCGA_b84_115_SNP_N_GenomeWideSNP_6_F10_771526	4	115784387	115791080	5	-2.542
DUNGS_p_TCGA_b84_115_SNP_N_GenomeWideSNP_6_F10_771526	4	115791560	126376137	5913	-0.6882
DUNGS_p_TCGA_b84_115_SNP_N_GenomeWideSNP_6_F10_771526	4	126376172	126376263	2	-4.9406
DUNGS_p_TCGA_b84_115_SNP_N_GenomeWideSNP_6_F10_771526	4	126376478	138951754	6092	-0.6934
DUNGS_p_TCGA_b84_115_SNP_N_GenomeWideSNP_6_F10_771526	4	138954639	149148011	6001	-0.0871
DUNGS_p_TCGA_b84_115_SNP_N_GenomeWideSNP_6_F10_771526	4	149149277	149157085	11	0.5355
DUNGS_p_TCGA_b84_115_SNP_N_GenomeWideSNP_6_F10_771526	4	149170058	149354851	111	-1.865
DUNGS_p_TCGA_b84_115_SNP_N_GenomeWideSNP_6_F10_771526	4	149356300	149357475	4	-5.2767
DUNGS_p_TCGA_b84_115_SNP_N_GenomeWideSNP_6_F10_771526	4	149357509	149621726	134	-1.8075
DUNGS_p_TCGA_b84_115_SNP_N_GenomeWideSNP_6_F10_771526	4	149622603	151643095	990	-0.3493
DUNGS_p_TCGA_b84_115_SNP_N_GenomeWideSNP_6_F10_771526	4	151650001	151727464	33	-1.189
DUNGS_p_TCGA_b84_115_SNP_N_GenomeWideSNP_6_F10_771526	4	151728650	166362221	8249	-0.3447
DUNGS_p_TCGA_b84_115_SNP_N_GenomeWideSNP_6_F10_771526	4	166362584	166362729	2	-2.1765
DUNGS_p_TCGA_b84_115_SNP_N_GenomeWideSNP_6_F10_771526	4	166365008	176121373	5337	-0.3573
DUNGS_p_TCGA_b84_115_SNP_N_GenomeWideSNP_6_F10_771526	4	176122269	176122413	3	-2.7849
DUNGS_p_TCGA_b84_115_SNP_N_GenomeWideSNP_6_F10_771526	4	176122493	188763651	6180	-0.3565
DUNGS_p_TCGA_b84_115_SNP_N_GenomeWideSNP_6_F10_771526	5	914233	13518671	8519	0.7894
DUNGS_p_TCGA_b84_115_SNP_N_GenomeWideSNP_6_F10_771526	5	13518769	13522127	17	0.2406
DUNGS_p_TCGA_b84_115_SNP_N_GenomeWideSNP_6_F10_771526	5	13522323	15330092	1340	0.7509
DUNGS_p_TCGA_b84_115_SNP_N_GenomeWideSNP_6_F10_771526	5	15331119	15332580	9	0.2347
DUNGS_p_TCGA_b84_115_SNP_N_GenomeWideSNP_6_F10_771526	5	15332701	15354008	20	0.7184
DUNGS_p_TCGA_b84_115_SNP_N_GenomeWideSNP_6_F10_771526	5	16049300	24183515	4183	1.1612
DUNGS_p_TCGA_b84_115_SNP_N_GenomeWideSNP_6_F10_771526	5	24183924	24185179	2	-0.1969
DUNGS_p_TCGA_b84_115_SNP_N_GenomeWideSNP_6_F10_771526	5	24187526	25910023	844	1.0878
DUNGS_p_TCGA_b84_115_SNP_N_GenomeWideSNP_6_F10_771526	5	25910424	26876999	583	0.7604
DUNGS_p_TCGA_b84_115_SNP_N_GenomeWideSNP_6_F10_771526	5	26879639	36684598	5697	1.1007
DUNGS_p_TCGA_b84_115_SNP_N_GenomeWideSNP_6_F10_771526	5	36684762	37952959	529	0.7432
DUNGS_p_TCGA_b84_115_SNP_N_GenomeWideSNP_6_F10_771526	5	37954184	37954413	2	2.3093
DUNGS_p_TCGA_b84_115_SNP_N_GenomeWideSNP_6_F10_771526	5	37955073	45377278	4204	0.7714
DUNGS_p_TCGA_b84_115_SNP_N_GenomeWideSNP_6_F10_771526	5	45378456	60636679	6508	-0.1031
DUNGS_p_TCGA_b84_115_SNP_N_GenomeWideSNP_6_F10_771526	5	60640923	60745343	51	-0.8133
DUNGS_p_TCGA_b84_115_SNP_N_GenomeWideSNP_6_F10_771526	5	60750120	96699174	19133	-0.0333
DUNGS_p_TCGA_b84_115_SNP_N_GenomeWideSNP_6_F10_771526	5	96701779	96702993	3	-1.1612
DUNGS_p_TCGA_b84_115_SNP_N_GenomeWideSNP_6_F10_771526	5	96703968	111936924	7509	0.0727
DUNGS_p_TCGA_b84_115_SNP_N_GenomeWideSNP_6_F10_771526	5	111941838	111943552	3	-1.3345
DUNGS_p_TCGA_b84_115_SNP_N_GenomeWideSNP_6_F10_771526	5	111944746	114756455	1920	0.0653
DUNGS_p_TCGA_b84_115_SNP_N_GenomeWideSNP_6_F10_771526	5	114756637	114756821	4	-1.0664
DUNGS_p_TCGA_b84_115_SNP_N_GenomeWideSNP_6_F10_771526	5	114756862	159427141	26893	0.0963
DUNGS_p_TCGA_b84_115_SNP_N_GenomeWideSNP_6_F10_771526	5	159430718	159759529	181	0.4165
DUNGS_p_TCGA_b84_115_SNP_N_GenomeWideSNP_6_F10_771526	5	159762431	161906814	1340	0.1121
DUNGS_p_TCGA_b84_115_SNP_N_GenomeWideSNP_6_F10_771526	5	161909639	161909684	2	-1.5161
DUNGS_p_TCGA_b84_115_SNP_N_GenomeWideSNP_6_F10_771526	5	161914123	179418800	10648	0.1046
DUNGS_p_TCGA_b84_115_SNP_N_GenomeWideSNP_6_F10_771526	5	179419099	179476610	32	-0.4351
DUNGS_p_TCGA_b84_115_SNP_N_GenomeWideSNP_6_F10_771526	5	179479621	180360469	377	0.0871
DUNGS_p_TCGA_b84_115_SNP_N_GenomeWideSNP_6_F10_771526	6	1014281	72763339	39594	0.486
DUNGS_p_TCGA_b84_115_SNP_N_GenomeWideSNP_6_F10_771526	6	72764064	103396227	16924	0.1291
DUNGS_p_TCGA_b84_115_SNP_N_GenomeWideSNP_6_F10_771526	6	103396524	103411634	11	-0.4758
DUNGS_p_TCGA_b84_115_SNP_N_GenomeWideSNP_6_F10_771526	6	103416031	108294669	2988	0.1317
DUNGS_p_TCGA_b84_115_SNP_N_GenomeWideSNP_6_F10_771526	6	108297159	114284734	3671	-0.3743
DUNGS_p_TCGA_b84_115_SNP_N_GenomeWideSNP_6_F10_771526	6	114291582	114560194	173	-0.7206
DUNGS_p_TCGA_b84_115_SNP_N_GenomeWideSNP_6_F10_771526	6	114564744	117095797	1294	-0.368
DUNGS_p_TCGA_b84_115_SNP_N_GenomeWideSNP_6_F10_771526	6	117096744	117165809	36	-1.2079
DUNGS_p_TCGA_b84_115_SNP_N_GenomeWideSNP_6_F10_771526	6	117168025	118548258	813	-0.3884
DUNGS_p_TCGA_b84_115_SNP_N_GenomeWideSNP_6_F10_771526	6	119138028	128672221	5428	0.1463
DUNGS_p_TCGA_b84_115_SNP_N_GenomeWideSNP_6_F10_771526	6	128674251	128741789	33	-0.4923
DUNGS_p_TCGA_b84_115_SNP_N_GenomeWideSNP_6_F10_771526	6	128745169	153226394	15723	0.1391
DUNGS_p_TCGA_b84_115_SNP_N_GenomeWideSNP_6_F10_771526	6	153228320	153229655	7	-0.4681
DUNGS_p_TCGA_b84_115_SNP_N_GenomeWideSNP_6_F10_771526	6	153229671	170903919	9844	0.1344
DUNGS_p_TCGA_b84_115_SNP_N_GenomeWideSNP_6_F10_771526	7	705284	12068407	4858	-0.6958
DUNGS_p_TCGA_b84_115_SNP_N_GenomeWideSNP_6_F10_771526	7	12068480	12070537	2	0.1205
DUNGS_p_TCGA_b84_115_SNP_N_GenomeWideSNP_6_F10_771526	7	12070771	12381329	231	1.5094
DUNGS_p_TCGA_b84_115_SNP_N_GenomeWideSNP_6_F10_771526	7	12381370	12770699	268	0.7476
DUNGS_p_TCGA_b84_115_SNP_N_GenomeWideSNP_6_F10_771526	7	12770827	24165091	6920	-0.0746
DUNGS_p_TCGA_b84_115_SNP_N_GenomeWideSNP_6_F10_771526	7	24167695	24167914	2	-1.6634
DUNGS_p_TCGA_b84_115_SNP_N_GenomeWideSNP_6_F10_771526	7	24168274	24597183	457	-0.0707
DUNGS_p_TCGA_b84_115_SNP_N_GenomeWideSNP_6_F10_771526	7	24600679	24646973	21	-0.4606
DUNGS_p_TCGA_b84_115_SNP_N_GenomeWideSNP_6_F10_771526	7	24647646	38648565	9200	-0.0798
DUNGS_p_TCGA_b84_115_SNP_N_GenomeWideSNP_6_F10_771526	7	38650147	38650151	2	-1.9244
DUNGS_p_TCGA_b84_115_SNP_N_GenomeWideSNP_6_F10_771526	7	38650303	39686441	698	-0.0959
DUNGS_p_TCGA_b84_115_SNP_N_GenomeWideSNP_6_F10_771526	7	39686983	39687153	2	-1.5655
DUNGS_p_TCGA_b84_115_SNP_N_GenomeWideSNP_6_F10_771526	7	39688152	40142139	226	-0.1342
DUNGS_p_TCGA_b84_115_SNP_N_GenomeWideSNP_6_F10_771526	7	40149239	40381270	130	-0.6797
DUNGS_p_TCGA_b84_115_SNP_N_GenomeWideSNP_6_F10_771526	7	40383159	65362631	10922	-0.0805
DUNGS_p_TCGA_b84_115_SNP_N_GenomeWideSNP_6_F10_771526	7	65365474	65365489	2	-1.6863
DUNGS_p_TCGA_b84_115_SNP_N_GenomeWideSNP_6_F10_771526	7	65367704	71693713	3333	-0.0769
DUNGS_p_TCGA_b84_115_SNP_N_GenomeWideSNP_6_F10_771526	7	71694165	97341952	12421	0.48
DUNGS_p_TCGA_b84_115_SNP_N_GenomeWideSNP_6_F10_771526	7	97346846	97486213	79	0.9055
DUNGS_p_TCGA_b84_115_SNP_N_GenomeWideSNP_6_F10_771526	7	97486868	105012066	3318	0.4504
DUNGS_p_TCGA_b84_115_SNP_N_GenomeWideSNP_6_F10_771526	7	105204081	105263059	35	0.8024
DUNGS_p_TCGA_b84_115_SNP_N_GenomeWideSNP_6_F10_771526	7	105266640	148462980	23391	0.4941
DUNGS_p_TCGA_b84_115_SNP_N_GenomeWideSNP_6_F10_771526	7	148464611	148556097	48	0.1131
DUNGS_p_TCGA_b84_115_SNP_N_GenomeWideSNP_6_F10_771526	7	148561058	158385118	4797	0.4624
DUNGS_p_TCGA_b84_115_SNP_N_GenomeWideSNP_6_F10_771526	8	617667	32622790	19304	0.1173
DUNGS_p_TCGA_b84_115_SNP_N_GenomeWideSNP_6_F10_771526	8	32624362	124365880	49244	0.4967
DUNGS_p_TCGA_b84_115_SNP_N_GenomeWideSNP_6_F10_771526	8	124367147	124400380	11	0.1325
DUNGS_p_TCGA_b84_115_SNP_N_GenomeWideSNP_6_F10_771526	8	124404325	124678765	212	0.6251
DUNGS_p_TCGA_b84_115_SNP_N_GenomeWideSNP_6_F10_771526	8	124682505	124682744	2	-0.4558
DUNGS_p_TCGA_b84_115_SNP_N_GenomeWideSNP_6_F10_771526	8	124683734	145232496	12808	0.4979
DUNGS_p_TCGA_b84_115_SNP_N_GenomeWideSNP_6_F10_771526	9	789932	10217017	5710	0.0633
DUNGS_p_TCGA_b84_115_SNP_N_GenomeWideSNP_6_F10_771526	9	10217105	10694684	229	-0.6209
DUNGS_p_TCGA_b84_115_SNP_N_GenomeWideSNP_6_F10_771526	9	10700000	36366598	15781	-0.02
DUNGS_p_TCGA_b84_115_SNP_N_GenomeWideSNP_6_F10_771526	9	36369056	73804683	3724	-0.6568
DUNGS_p_TCGA_b84_115_SNP_N_GenomeWideSNP_6_F10_771526	9	73806972	73807201	3	-2.0967
DUNGS_p_TCGA_b84_115_SNP_N_GenomeWideSNP_6_F10_771526	9	73810451	75257840	982	-0.6899
DUNGS_p_TCGA_b84_115_SNP_N_GenomeWideSNP_6_F10_771526	9	75257880	97960857	15060	-0.2326
DUNGS_p_TCGA_b84_115_SNP_N_GenomeWideSNP_6_F10_771526	9	97962244	98040396	45	-0.7398
DUNGS_p_TCGA_b84_115_SNP_N_GenomeWideSNP_6_F10_771526	9	98045205	130561116	21522	-0.1979
DUNGS_p_TCGA_b84_115_SNP_N_GenomeWideSNP_6_F10_771526	9	130562725	130873463	169	-0.6703
DUNGS_p_TCGA_b84_115_SNP_N_GenomeWideSNP_6_F10_771526	9	130877541	136832577	3398	-0.3434
DUNGS_p_TCGA_b84_115_SNP_N_GenomeWideSNP_6_F10_771526	9	136833725	140938752	1435	-0.6577
DUNGS_p_TCGA_b84_115_SNP_N_GenomeWideSNP_6_F10_771526	10	415240	4311643	2320	-0.0623
DUNGS_p_TCGA_b84_115_SNP_N_GenomeWideSNP_6_F10_771526	10	4311738	4311753	2	-1.847
DUNGS_p_TCGA_b84_115_SNP_N_GenomeWideSNP_6_F10_771526	10	4311766	18431191	10448	-0.0901
DUNGS_p_TCGA_b84_115_SNP_N_GenomeWideSNP_6_F10_771526	10	18433966	18433986	2	-1.6495
DUNGS_p_TCGA_b84_115_SNP_N_GenomeWideSNP_6_F10_771526	10	18434190	24532151	4117	-0.1103
DUNGS_p_TCGA_b84_115_SNP_N_GenomeWideSNP_6_F10_771526	10	24534039	24545059	16	-0.7689
DUNGS_p_TCGA_b84_115_SNP_N_GenomeWideSNP_6_F10_771526	10	24545433	69843111	23026	-0.0932
DUNGS_p_TCGA_b84_115_SNP_N_GenomeWideSNP_6_F10_771526	10	69846726	69846796	2	-1.6861
DUNGS_p_TCGA_b84_115_SNP_N_GenomeWideSNP_6_F10_771526	10	69852503	84186151	8850	-0.0907
DUNGS_p_TCGA_b84_115_SNP_N_GenomeWideSNP_6_F10_771526	10	84191737	84216706	14	0.5317
DUNGS_p_TCGA_b84_115_SNP_N_GenomeWideSNP_6_F10_771526	10	84267283	108268743	14491	-0.0853
DUNGS_p_TCGA_b84_115_SNP_N_GenomeWideSNP_6_F10_771526	10	108268806	108332579	41	0.3329
DUNGS_p_TCGA_b84_115_SNP_N_GenomeWideSNP_6_F10_771526	10	108333973	118264921	6737	-0.0844
DUNGS_p_TCGA_b84_115_SNP_N_GenomeWideSNP_6_F10_771526	10	118265076	118274144	7	-1.0292
DUNGS_p_TCGA_b84_115_SNP_N_GenomeWideSNP_6_F10_771526	10	118278528	135225087	10834	-0.0752
DUNGS_p_TCGA_b84_115_SNP_N_GenomeWideSNP_6_F10_771526	11	456120	12157942	6840	-0.3417
DUNGS_p_TCGA_b84_115_SNP_N_GenomeWideSNP_6_F10_771526	11	12158146	12165234	3	-1.7757
DUNGS_p_TCGA_b84_115_SNP_N_GenomeWideSNP_6_F10_771526	11	12166233	32847483	13887	-0.3448
DUNGS_p_TCGA_b84_115_SNP_N_GenomeWideSNP_6_F10_771526	11	32852098	41850364	5514	0.1369
DUNGS_p_TCGA_b84_115_SNP_N_GenomeWideSNP_6_F10_771526	11	41850407	50051296	4292	0.4339
DUNGS_p_TCGA_b84_115_SNP_N_GenomeWideSNP_6_F10_771526	11	50055330	56876380	491	-0.3018
DUNGS_p_TCGA_b84_115_SNP_N_GenomeWideSNP_6_F10_771526	11	56876659	57114144	170	0.3211
DUNGS_p_TCGA_b84_115_SNP_N_GenomeWideSNP_6_F10_771526	11	57119622	57166661	32	0.7982
DUNGS_p_TCGA_b84_115_SNP_N_GenomeWideSNP_6_F10_771526	11	57167447	58580829	766	0.3476
DUNGS_p_TCGA_b84_115_SNP_N_GenomeWideSNP_6_F10_771526	11	58581666	70894255	5267	-0.3526
DUNGS_p_TCGA_b84_115_SNP_N_GenomeWideSNP_6_F10_771526	11	70895313	70896503	3	-1.7099
DUNGS_p_TCGA_b84_115_SNP_N_GenomeWideSNP_6_F10_771526	11	70898023	74744595	1922	-0.3401
DUNGS_p_TCGA_b84_115_SNP_N_GenomeWideSNP_6_F10_771526	11	74746553	74746631	2	-1.9945
DUNGS_p_TCGA_b84_115_SNP_N_GenomeWideSNP_6_F10_771526	11	74750776	111799518	22577	-0.3375
DUNGS_p_TCGA_b84_115_SNP_N_GenomeWideSNP_6_F10_771526	11	111799553	112026619	111	-0.6624
DUNGS_p_TCGA_b84_115_SNP_N_GenomeWideSNP_6_F10_771526	11	112026703	112696870	456	-0.3105
DUNGS_p_TCGA_b84_115_SNP_N_GenomeWideSNP_6_F10_771526	11	112698607	112699034	2	-2.3335
DUNGS_p_TCGA_b84_115_SNP_N_GenomeWideSNP_6_F10_771526	11	112699261	131831720	13717	-0.3463
DUNGS_p_TCGA_b84_115_SNP_N_GenomeWideSNP_6_F10_771526	11	131831767	131900183	50	-1.1994
DUNGS_p_TCGA_b84_115_SNP_N_GenomeWideSNP_6_F10_771526	11	131900557	134142530	1188	-0.3348
DUNGS_p_TCGA_b84_115_SNP_N_GenomeWideSNP_6_F10_771526	12	889902	44760008	22573	0.119
DUNGS_p_TCGA_b84_115_SNP_N_GenomeWideSNP_6_F10_771526	12	44761193	44795427	23	-0.3997
DUNGS_p_TCGA_b84_115_SNP_N_GenomeWideSNP_6_F10_771526	12	44797676	52227498	3950	0.11
DUNGS_p_TCGA_b84_115_SNP_N_GenomeWideSNP_6_F10_771526	12	52302443	52399254	59	-0.3916
DUNGS_p_TCGA_b84_115_SNP_N_GenomeWideSNP_6_F10_771526	12	52403110	79913245	16577	0.1089
DUNGS_p_TCGA_b84_115_SNP_N_GenomeWideSNP_6_F10_771526	12	79913458	80153273	114	-0.3999
DUNGS_p_TCGA_b84_115_SNP_N_GenomeWideSNP_6_F10_771526	12	80153693	88104205	4507	0.1495
DUNGS_p_TCGA_b84_115_SNP_N_GenomeWideSNP_6_F10_771526	12	88113811	88115052	3	-0.9759
DUNGS_p_TCGA_b84_115_SNP_N_GenomeWideSNP_6_F10_771526	12	88119369	133161346	26173	0.1144
DUNGS_p_TCGA_b84_115_SNP_N_GenomeWideSNP_6_F10_771526	13	19450806	68670304	27716	-0.3191
DUNGS_p_TCGA_b84_115_SNP_N_GenomeWideSNP_6_F10_771526	13	68677870	72879259	2482	-1.0533
DUNGS_p_TCGA_b84_115_SNP_N_GenomeWideSNP_6_F10_771526	13	72879796	72882002	4	-4.4306
DUNGS_p_TCGA_b84_115_SNP_N_GenomeWideSNP_6_F10_771526	13	72882023	72963827	35	-1.0424
DUNGS_p_TCGA_b84_115_SNP_N_GenomeWideSNP_6_F10_771526	13	72964092	72964654	2	-5.5357
DUNGS_p_TCGA_b84_115_SNP_N_GenomeWideSNP_6_F10_771526	13	72965307	74329550	922	-1.0678
DUNGS_p_TCGA_b84_115_SNP_N_GenomeWideSNP_6_F10_771526	13	74330693	74335390	7	-2.4459
DUNGS_p_TCGA_b84_115_SNP_N_GenomeWideSNP_6_F10_771526	13	74335676	76026873	1218	-1.0716
DUNGS_p_TCGA_b84_115_SNP_N_GenomeWideSNP_6_F10_771526	13	76027064	76028758	3	-4.42
DUNGS_p_TCGA_b84_115_SNP_N_GenomeWideSNP_6_F10_771526	13	76029910	77365802	967	-1.0777
DUNGS_p_TCGA_b84_115_SNP_N_GenomeWideSNP_6_F10_771526	13	77365977	77366979	2	-3.4031
DUNGS_p_TCGA_b84_115_SNP_N_GenomeWideSNP_6_F10_771526	13	77368325	78952190	940	-1.029
DUNGS_p_TCGA_b84_115_SNP_N_GenomeWideSNP_6_F10_771526	13	78952348	78952444	2	-3.9777
DUNGS_p_TCGA_b84_115_SNP_N_GenomeWideSNP_6_F10_771526	13	78955668	81837696	1817	-1.0546
DUNGS_p_TCGA_b84_115_SNP_N_GenomeWideSNP_6_F10_771526	13	81838044	81839393	2	-5.1483
DUNGS_p_TCGA_b84_115_SNP_N_GenomeWideSNP_6_F10_771526	13	81840296	83933430	1149	-1.0128
DUNGS_p_TCGA_b84_115_SNP_N_GenomeWideSNP_6_F10_771526	13	83935840	87443843	1915	-0.3097
DUNGS_p_TCGA_b84_115_SNP_N_GenomeWideSNP_6_F10_771526	13	87447367	87462376	11	-0.9133
DUNGS_p_TCGA_b84_115_SNP_N_GenomeWideSNP_6_F10_771526	13	87465533	92830178	3055	-0.33
DUNGS_p_TCGA_b84_115_SNP_N_GenomeWideSNP_6_F10_771526	13	92832893	92835672	3	-1.6075
DUNGS_p_TCGA_b84_115_SNP_N_GenomeWideSNP_6_F10_771526	13	92839694	103986285	7560	-0.3017
DUNGS_p_TCGA_b84_115_SNP_N_GenomeWideSNP_6_F10_771526	13	103986357	103986414	2	-1.8541
DUNGS_p_TCGA_b84_115_SNP_N_GenomeWideSNP_6_F10_771526	13	103986492	114987458	6863	-0.3211
DUNGS_p_TCGA_b84_115_SNP_N_GenomeWideSNP_6_F10_771526	14	20501368	24425058	1496	0.8228
DUNGS_p_TCGA_b84_115_SNP_N_GenomeWideSNP_6_F10_771526	14	24494243	24500645	15	0.1262
DUNGS_p_TCGA_b84_115_SNP_N_GenomeWideSNP_6_F10_771526	14	24500839	25580659	658	0.8969
DUNGS_p_TCGA_b84_115_SNP_N_GenomeWideSNP_6_F10_771526	14	25581621	34386914	5331	0.5212
DUNGS_p_TCGA_b84_115_SNP_N_GenomeWideSNP_6_F10_771526	14	34389923	34990774	426	0.9713
DUNGS_p_TCGA_b84_115_SNP_N_GenomeWideSNP_6_F10_771526	14	34991144	35039003	8	0.1686
DUNGS_p_TCGA_b84_115_SNP_N_GenomeWideSNP_6_F10_771526	14	35039094	35176730	33	0.9058
DUNGS_p_TCGA_b84_115_SNP_N_GenomeWideSNP_6_F10_771526	14	35179168	60967149	14162	0.4786
DUNGS_p_TCGA_b84_115_SNP_N_GenomeWideSNP_6_F10_771526	14	60967888	61017541	28	0.1011
DUNGS_p_TCGA_b84_115_SNP_N_GenomeWideSNP_6_F10_771526	14	61019559	84537749	14551	0.4711
DUNGS_p_TCGA_b84_115_SNP_N_GenomeWideSNP_6_F10_771526	14	84542569	84552521	9	-0.18
DUNGS_p_TCGA_b84_115_SNP_N_GenomeWideSNP_6_F10_771526	14	84554891	85938527	860	0.4509
DUNGS_p_TCGA_b84_115_SNP_N_GenomeWideSNP_6_F10_771526	14	85943065	85960360	11	-0.1378
DUNGS_p_TCGA_b84_115_SNP_N_GenomeWideSNP_6_F10_771526	14	85964610	105988038	11883	0.3659
DUNGS_p_TCGA_b84_115_SNP_N_GenomeWideSNP_6_F10_771526	15	23687685	101884307	44551	-0.6567
DUNGS_p_TCGA_b84_115_SNP_N_GenomeWideSNP_6_F10_771526	16	653459	19501096	8527	-0.0741
DUNGS_p_TCGA_b84_115_SNP_N_GenomeWideSNP_6_F10_771526	16	19505177	31850299	5368	0.4528
DUNGS_p_TCGA_b84_115_SNP_N_GenomeWideSNP_6_F10_771526	16	46507665	89379936	26921	-0.0797
DUNGS_p_TCGA_b84_115_SNP_N_GenomeWideSNP_6_F10_771526	17	987221	1524028	166	0.5136
DUNGS_p_TCGA_b84_115_SNP_N_GenomeWideSNP_6_F10_771526	17	1527366	3737353	1055	0.1931
DUNGS_p_TCGA_b84_115_SNP_N_GenomeWideSNP_6_F10_771526	17	3747660	3781764	21	0.6447
DUNGS_p_TCGA_b84_115_SNP_N_GenomeWideSNP_6_F10_771526	17	3781793	11012634	3984	0.2609
DUNGS_p_TCGA_b84_115_SNP_N_GenomeWideSNP_6_F10_771526	17	11016962	11026735	17	0.742
DUNGS_p_TCGA_b84_115_SNP_N_GenomeWideSNP_6_F10_771526	17	11027059	12113164	823	0.235
DUNGS_p_TCGA_b84_115_SNP_N_GenomeWideSNP_6_F10_771526	17	12116334	12184022	46	1.3204
DUNGS_p_TCGA_b84_115_SNP_N_GenomeWideSNP_6_F10_771526	17	12187189	12369162	124	0.5033
DUNGS_p_TCGA_b84_115_SNP_N_GenomeWideSNP_6_F10_771526	17	12369216	15930007	1347	0.2232
DUNGS_p_TCGA_b84_115_SNP_N_GenomeWideSNP_6_F10_771526	17	15932983	16070622	62	-0.6011
DUNGS_p_TCGA_b84_115_SNP_N_GenomeWideSNP_6_F10_771526	17	16079233	16097253	10	0.4053
DUNGS_p_TCGA_b84_115_SNP_N_GenomeWideSNP_6_F10_771526	17	16098955	16910921	304	-0.2907
DUNGS_p_TCGA_b84_115_SNP_N_GenomeWideSNP_6_F10_771526	17	16919866	16944339	12	0.1884
DUNGS_p_TCGA_b84_115_SNP_N_GenomeWideSNP_6_F10_771526	17	16949655	17448691	330	-0.3185
DUNGS_p_TCGA_b84_115_SNP_N_GenomeWideSNP_6_F10_771526	17	17449133	17460368	8	0.8287
DUNGS_p_TCGA_b84_115_SNP_N_GenomeWideSNP_6_F10_771526	17	17473033	17564685	52	-0.3064
DUNGS_p_TCGA_b84_115_SNP_N_GenomeWideSNP_6_F10_771526	17	17566347	17752809	67	0.1759
DUNGS_p_TCGA_b84_115_SNP_N_GenomeWideSNP_6_F10_771526	17	17753154	17841295	49	0.5104
DUNGS_p_TCGA_b84_115_SNP_N_GenomeWideSNP_6_F10_771526	17	17842502	17963768	65	0.1736
DUNGS_p_TCGA_b84_115_SNP_N_GenomeWideSNP_6_F10_771526	17	17966054	18026980	38	0.7746
DUNGS_p_TCGA_b84_115_SNP_N_GenomeWideSNP_6_F10_771526	17	18026993	18289655	149	0.257
DUNGS_p_TCGA_b84_115_SNP_N_GenomeWideSNP_6_F10_771526	17	18289727	18844181	100	-0.2798
DUNGS_p_TCGA_b84_115_SNP_N_GenomeWideSNP_6_F10_771526	17	18846069	18860763	15	0.8956
DUNGS_p_TCGA_b84_115_SNP_N_GenomeWideSNP_6_F10_771526	17	19152102	19189678	18	-0.3163
DUNGS_p_TCGA_b84_115_SNP_N_GenomeWideSNP_6_F10_771526	17	19190331	19645245	233	0.1442
DUNGS_p_TCGA_b84_115_SNP_N_GenomeWideSNP_6_F10_771526	17	19645901	19874937	138	-0.2481
DUNGS_p_TCGA_b84_115_SNP_N_GenomeWideSNP_6_F10_771526	17	19881752	20066665	72	0.2161
DUNGS_p_TCGA_b84_115_SNP_N_GenomeWideSNP_6_F10_771526	17	20068571	20804010	157	-0.1917
DUNGS_p_TCGA_b84_115_SNP_N_GenomeWideSNP_6_F10_771526	17	20890728	20903776	7	0.3068
DUNGS_p_TCGA_b84_115_SNP_N_GenomeWideSNP_6_F10_771526	17	20904387	20949958	33	0.7796
DUNGS_p_TCGA_b84_115_SNP_N_GenomeWideSNP_6_F10_771526	17	20956332	21158578	91	0.1286
DUNGS_p_TCGA_b84_115_SNP_N_GenomeWideSNP_6_F10_771526	17	21160030	21305392	49	0.5227
DUNGS_p_TCGA_b84_115_SNP_N_GenomeWideSNP_6_F10_771526	17	25270517	27095402	829	0.0598
DUNGS_p_TCGA_b84_115_SNP_N_GenomeWideSNP_6_F10_771526	17	27095485	27377738	129	0.5074
DUNGS_p_TCGA_b84_115_SNP_N_GenomeWideSNP_6_F10_771526	17	27378758	28413101	432	-0.0627
DUNGS_p_TCGA_b84_115_SNP_N_GenomeWideSNP_6_F10_771526	17	28415342	28937664	259	0.3546
DUNGS_p_TCGA_b84_115_SNP_N_GenomeWideSNP_6_F10_771526	17	28952029	47133868	7722	-0.0407
DUNGS_p_TCGA_b84_115_SNP_N_GenomeWideSNP_6_F10_771526	17	47138873	47628995	287	0.309
DUNGS_p_TCGA_b84_115_SNP_N_GenomeWideSNP_6_F10_771526	17	47630283	70452190	13314	-0.0272
DUNGS_p_TCGA_b84_115_SNP_N_GenomeWideSNP_6_F10_771526	17	70455222	70529533	51	-0.7437
DUNGS_p_TCGA_b84_115_SNP_N_GenomeWideSNP_6_F10_771526	17	70531582	80917016	4339	0.1076
DUNGS_p_TCGA_b84_115_SNP_N_GenomeWideSNP_6_F10_771526	18	329586	26603923	12963	-0.3455
DUNGS_p_TCGA_b84_115_SNP_N_GenomeWideSNP_6_F10_771526	18	26604963	26825377	109	-0.7333
DUNGS_p_TCGA_b84_115_SNP_N_GenomeWideSNP_6_F10_771526	18	26825618	77109240	29614	-0.3588
DUNGS_p_TCGA_b84_115_SNP_N_GenomeWideSNP_6_F10_771526	19	284018	3167763	669	-0.1298
DUNGS_p_TCGA_b84_115_SNP_N_GenomeWideSNP_6_F10_771526	19	3180770	3446107	82	0.5234
DUNGS_p_TCGA_b84_115_SNP_N_GenomeWideSNP_6_F10_771526	19	3451165	24052992	8236	-0.1187
DUNGS_p_TCGA_b84_115_SNP_N_GenomeWideSNP_6_F10_771526	19	28240494	41888131	8093	0.4225
DUNGS_p_TCGA_b84_115_SNP_N_GenomeWideSNP_6_F10_771526	19	41889260	42145844	128	0.0731
DUNGS_p_TCGA_b84_115_SNP_N_GenomeWideSNP_6_F10_771526	19	42146604	42415635	122	0.3886
DUNGS_p_TCGA_b84_115_SNP_N_GenomeWideSNP_6_F10_771526	19	42420358	42922507	153	0.0434
DUNGS_p_TCGA_b84_115_SNP_N_GenomeWideSNP_6_F10_771526	19	42939364	42941393	3	0.724
DUNGS_p_TCGA_b84_115_SNP_N_GenomeWideSNP_6_F10_771526	19	42944589	58867171	6473	0.4111
DUNGS_p_TCGA_b84_115_SNP_N_GenomeWideSNP_6_F10_771526	19	58873223	58878226	3	-0.0668
DUNGS_p_TCGA_b84_115_SNP_N_GenomeWideSNP_6_F10_771526	20	455764	5723377	3057	0.5001
DUNGS_p_TCGA_b84_115_SNP_N_GenomeWideSNP_6_F10_771526	20	5730574	5737039	5	-0.2321
DUNGS_p_TCGA_b84_115_SNP_N_GenomeWideSNP_6_F10_771526	20	5743282	62219837	34239	0.5377
DUNGS_p_TCGA_b84_115_SNP_N_GenomeWideSNP_6_F10_771526	21	15347621	31039600	10006	-0.0727
DUNGS_p_TCGA_b84_115_SNP_N_GenomeWideSNP_6_F10_771526	21	31042500	31042517	2	-2.0635
DUNGS_p_TCGA_b84_115_SNP_N_GenomeWideSNP_6_F10_771526	21	31042685	41924419	7398	-0.0602
DUNGS_p_TCGA_b84_115_SNP_N_GenomeWideSNP_6_F10_771526	21	41926146	41926705	2	-1.8229
DUNGS_p_TCGA_b84_115_SNP_N_GenomeWideSNP_6_F10_771526	21	41929837	47678774	3185	-0.0753
DUNGS_p_TCGA_b84_115_SNP_N_GenomeWideSNP_6_F10_771526	22	17423930	49331012	16937	-0.3347
DUNGS_p_TCGA_b84_115_SNP_N_GenomeWideSNP_6_F10_771526	X	3157107	19633114	6555	0.0495
DUNGS_p_TCGA_b84_115_SNP_N_GenomeWideSNP_6_F10_771526	X	19633165	19636096	2	1.6151
DUNGS_p_TCGA_b84_115_SNP_N_GenomeWideSNP_6_F10_771526	X	19638049	34919806	7428	0.0566
DUNGS_p_TCGA_b84_115_SNP_N_GenomeWideSNP_6_F10_771526	X	34919821	41596682	3428	-0.4095
DUNGS_p_TCGA_b84_115_SNP_N_GenomeWideSNP_6_F10_771526	X	41597868	41598703	3	-2.4562
DUNGS_p_TCGA_b84_115_SNP_N_GenomeWideSNP_6_F10_771526	X	41599168	44734175	1274	-0.3837
DUNGS_p_TCGA_b84_115_SNP_N_GenomeWideSNP_6_F10_771526	X	44740281	44850233	51	-1.5327
DUNGS_p_TCGA_b84_115_SNP_N_GenomeWideSNP_6_F10_771526	X	44855432	67518838	7132	-0.3765
DUNGS_p_TCGA_b84_115_SNP_N_GenomeWideSNP_6_F10_771526	X	67519005	67519492	3	-2.1949
DUNGS_p_TCGA_b84_115_SNP_N_GenomeWideSNP_6_F10_771526	X	67519761	79484025	4407	-0.3873
DUNGS_p_TCGA_b84_115_SNP_N_GenomeWideSNP_6_F10_771526	X	79484539	79485180	2	-3.0108
DUNGS_p_TCGA_b84_115_SNP_N_GenomeWideSNP_6_F10_771526	X	79485731	83327486	1681	-0.4083
DUNGS_p_TCGA_b84_115_SNP_N_GenomeWideSNP_6_F10_771526	X	83329043	83329176	2	-3.5021
DUNGS_p_TCGA_b84_115_SNP_N_GenomeWideSNP_6_F10_771526	X	83338334	85820228	1128	-0.4252
DUNGS_p_TCGA_b84_115_SNP_N_GenomeWideSNP_6_F10_771526	X	85821539	85821991	2	-2.3706
DUNGS_p_TCGA_b84_115_SNP_N_GenomeWideSNP_6_F10_771526	X	85822337	86431100	352	-0.3814
DUNGS_p_TCGA_b84_115_SNP_N_GenomeWideSNP_6_F10_771526	X	86431130	86431904	2	-2.6321
DUNGS_p_TCGA_b84_115_SNP_N_GenomeWideSNP_6_F10_771526	X	86433675	94143331	2870	-0.4478
DUNGS_p_TCGA_b84_115_SNP_N_GenomeWideSNP_6_F10_771526	X	94144256	113279753	8808	0.3283
DUNGS_p_TCGA_b84_115_SNP_N_GenomeWideSNP_6_F10_771526	X	113282826	113283841	2	-1.5252
DUNGS_p_TCGA_b84_115_SNP_N_GenomeWideSNP_6_F10_771526	X	113290742	123104963	4623	0.3347
DUNGS_p_TCGA_b84_115_SNP_N_GenomeWideSNP_6_F10_771526	X	123107077	123138577	24	-0.4433
DUNGS_p_TCGA_b84_115_SNP_N_GenomeWideSNP_6_F10_771526	X	123140060	146177489	10666	0.3258
DUNGS_p_TCGA_b84_115_SNP_N_GenomeWideSNP_6_F10_771526	X	146177561	146177778	8	-0.6127
DUNGS_p_TCGA_b84_115_SNP_N_GenomeWideSNP_6_F10_771526	X	146177973	154905589	3369	0.3354
