Sample	Chromosome	Start	End	Num_Probes	Segment_Mean
DUNGS_p_TCGA_b84_115_SNP_N_GenomeWideSNP_6_F09_771514	1	61735	5137666	2097	0.078
DUNGS_p_TCGA_b84_115_SNP_N_GenomeWideSNP_6_F09_771514	1	5139736	5141640	5	-0.9791
DUNGS_p_TCGA_b84_115_SNP_N_GenomeWideSNP_6_F09_771514	1	5143244	9368209	2623	0.0053
DUNGS_p_TCGA_b84_115_SNP_N_GenomeWideSNP_6_F09_771514	1	9370018	9382285	12	0.634
DUNGS_p_TCGA_b84_115_SNP_N_GenomeWideSNP_6_F09_771514	1	9382469	9584442	115	-0.0033
DUNGS_p_TCGA_b84_115_SNP_N_GenomeWideSNP_6_F09_771514	1	9588109	9596481	3	1.1336
DUNGS_p_TCGA_b84_115_SNP_N_GenomeWideSNP_6_F09_771514	1	9596865	10367209	346	-0.01
DUNGS_p_TCGA_b84_115_SNP_N_GenomeWideSNP_6_F09_771514	1	10367344	10381772	21	0.6644
DUNGS_p_TCGA_b84_115_SNP_N_GenomeWideSNP_6_F09_771514	1	10381788	12834580	1306	0.0075
DUNGS_p_TCGA_b84_115_SNP_N_GenomeWideSNP_6_F09_771514	1	12835868	13709915	89	0.4721
DUNGS_p_TCGA_b84_115_SNP_N_GenomeWideSNP_6_F09_771514	1	13715453	17012785	2176	0.0135
DUNGS_p_TCGA_b84_115_SNP_N_GenomeWideSNP_6_F09_771514	1	17016177	17016872	3	1.2614
DUNGS_p_TCGA_b84_115_SNP_N_GenomeWideSNP_6_F09_771514	1	17016880	17045761	16	-0.0061
DUNGS_p_TCGA_b84_115_SNP_N_GenomeWideSNP_6_F09_771514	1	17048196	17048479	3	-1.0962
DUNGS_p_TCGA_b84_115_SNP_N_GenomeWideSNP_6_F09_771514	1	17056457	22345647	3450	0.0058
DUNGS_p_TCGA_b84_115_SNP_N_GenomeWideSNP_6_F09_771514	1	22348556	22357862	2	1.6185
DUNGS_p_TCGA_b84_115_SNP_N_GenomeWideSNP_6_F09_771514	1	22357954	25582629	1905	0.012
DUNGS_p_TCGA_b84_115_SNP_N_GenomeWideSNP_6_F09_771514	1	25582679	25663310	36	0.6009
DUNGS_p_TCGA_b84_115_SNP_N_GenomeWideSNP_6_F09_771514	1	25663344	27379471	735	0.0282
DUNGS_p_TCGA_b84_115_SNP_N_GenomeWideSNP_6_F09_771514	1	27379950	27379952	2	1.586
DUNGS_p_TCGA_b84_115_SNP_N_GenomeWideSNP_6_F09_771514	1	27380879	37876972	5734	0.0067
DUNGS_p_TCGA_b84_115_SNP_N_GenomeWideSNP_6_F09_771514	1	37877626	37921043	28	0.4069
DUNGS_p_TCGA_b84_115_SNP_N_GenomeWideSNP_6_F09_771514	1	37923399	60039070	13530	0.0053
DUNGS_p_TCGA_b84_115_SNP_N_GenomeWideSNP_6_F09_771514	1	60040589	60043924	3	-1.3986
DUNGS_p_TCGA_b84_115_SNP_N_GenomeWideSNP_6_F09_771514	1	60044036	62275920	1564	0.0116
DUNGS_p_TCGA_b84_115_SNP_N_GenomeWideSNP_6_F09_771514	1	62279594	62284350	4	-1.2556
DUNGS_p_TCGA_b84_115_SNP_N_GenomeWideSNP_6_F09_771514	1	62284491	62439315	133	0.0179
DUNGS_p_TCGA_b84_115_SNP_N_GenomeWideSNP_6_F09_771514	1	62439343	62446369	24	0.4532
DUNGS_p_TCGA_b84_115_SNP_N_GenomeWideSNP_6_F09_771514	1	62446632	65910125	2535	-0.0032
DUNGS_p_TCGA_b84_115_SNP_N_GenomeWideSNP_6_F09_771514	1	65911607	65911672	2	-1.5079
DUNGS_p_TCGA_b84_115_SNP_N_GenomeWideSNP_6_F09_771514	1	65911923	69250486	2423	-0.0065
DUNGS_p_TCGA_b84_115_SNP_N_GenomeWideSNP_6_F09_771514	1	69251957	69265983	11	0.6422
DUNGS_p_TCGA_b84_115_SNP_N_GenomeWideSNP_6_F09_771514	1	69266103	72768916	2147	0.0071
DUNGS_p_TCGA_b84_115_SNP_N_GenomeWideSNP_6_F09_771514	1	72768936	72811148	45	-0.921
DUNGS_p_TCGA_b84_115_SNP_N_GenomeWideSNP_6_F09_771514	1	72811904	104221531	20110	-0.0027
DUNGS_p_TCGA_b84_115_SNP_N_GenomeWideSNP_6_F09_771514	1	104221631	104225568	10	-1.1261
DUNGS_p_TCGA_b84_115_SNP_N_GenomeWideSNP_6_F09_771514	1	104239689	110224427	3609	-0.0038
DUNGS_p_TCGA_b84_115_SNP_N_GenomeWideSNP_6_F09_771514	1	110225642	110246273	35	0.7307
DUNGS_p_TCGA_b84_115_SNP_N_GenomeWideSNP_6_F09_771514	1	110246278	110251783	10	-0.0131
DUNGS_p_TCGA_b84_115_SNP_N_GenomeWideSNP_6_F09_771514	1	110251790	110256624	6	0.6731
DUNGS_p_TCGA_b84_115_SNP_N_GenomeWideSNP_6_F09_771514	1	110260742	111331000	786	0.0029
DUNGS_p_TCGA_b84_115_SNP_N_GenomeWideSNP_6_F09_771514	1	111331645	111340044	6	0.8029
DUNGS_p_TCGA_b84_115_SNP_N_GenomeWideSNP_6_F09_771514	1	111342490	111401704	88	0.0072
DUNGS_p_TCGA_b84_115_SNP_N_GenomeWideSNP_6_F09_771514	1	111401889	111404291	5	-0.8886
DUNGS_p_TCGA_b84_115_SNP_N_GenomeWideSNP_6_F09_771514	1	111405051	112696553	1062	0.0054
DUNGS_p_TCGA_b84_115_SNP_N_GenomeWideSNP_6_F09_771514	1	112696572	112706082	20	-0.5175
DUNGS_p_TCGA_b84_115_SNP_N_GenomeWideSNP_6_F09_771514	1	112706118	119208900	4140	-0.0011
DUNGS_p_TCGA_b84_115_SNP_N_GenomeWideSNP_6_F09_771514	1	119209832	119217506	5	0.8942
DUNGS_p_TCGA_b84_115_SNP_N_GenomeWideSNP_6_F09_771514	1	119217675	147929336	2179	0.0672
DUNGS_p_TCGA_b84_115_SNP_N_GenomeWideSNP_6_F09_771514	1	148513790	148906617	43	0.5102
DUNGS_p_TCGA_b84_115_SNP_N_GenomeWideSNP_6_F09_771514	1	148907270	149041722	19	-0.2265
DUNGS_p_TCGA_b84_115_SNP_N_GenomeWideSNP_6_F09_771514	1	149041806	149202593	73	-1.876
DUNGS_p_TCGA_b84_115_SNP_N_GenomeWideSNP_6_F09_771514	1	149202745	149229843	31	-0.5976
DUNGS_p_TCGA_b84_115_SNP_N_GenomeWideSNP_6_F09_771514	1	149242663	149256691	23	-1.5601
DUNGS_p_TCGA_b84_115_SNP_N_GenomeWideSNP_6_F09_771514	1	149259416	152555527	1530	0.0219
DUNGS_p_TCGA_b84_115_SNP_N_GenomeWideSNP_6_F09_771514	1	152555706	152585718	29	-1.6602
DUNGS_p_TCGA_b84_115_SNP_N_GenomeWideSNP_6_F09_771514	1	152586117	152767482	199	0.0735
DUNGS_p_TCGA_b84_115_SNP_N_GenomeWideSNP_6_F09_771514	1	152767503	152768338	12	0.8181
DUNGS_p_TCGA_b84_115_SNP_N_GenomeWideSNP_6_F09_771514	1	152768359	169216937	11355	0.003
DUNGS_p_TCGA_b84_115_SNP_N_GenomeWideSNP_6_F09_771514	1	169233974	169238745	6	-3.6698
DUNGS_p_TCGA_b84_115_SNP_N_GenomeWideSNP_6_F09_771514	1	169241766	174795938	3527	-0.0024
DUNGS_p_TCGA_b84_115_SNP_N_GenomeWideSNP_6_F09_771514	1	174796266	174802040	23	0.4233
DUNGS_p_TCGA_b84_115_SNP_N_GenomeWideSNP_6_F09_771514	1	174802134	178659933	2512	0.0121
DUNGS_p_TCGA_b84_115_SNP_N_GenomeWideSNP_6_F09_771514	1	178660009	178662657	16	0.6907
DUNGS_p_TCGA_b84_115_SNP_N_GenomeWideSNP_6_F09_771514	1	178662668	187713440	6152	-0.0045
DUNGS_p_TCGA_b84_115_SNP_N_GenomeWideSNP_6_F09_771514	1	187714607	187721369	6	-0.8438
DUNGS_p_TCGA_b84_115_SNP_N_GenomeWideSNP_6_F09_771514	1	187724610	189648157	1234	-8e-04
DUNGS_p_TCGA_b84_115_SNP_N_GenomeWideSNP_6_F09_771514	1	189648483	189648527	2	-1.9905
DUNGS_p_TCGA_b84_115_SNP_N_GenomeWideSNP_6_F09_771514	1	189652047	191713771	1355	-0.0097
DUNGS_p_TCGA_b84_115_SNP_N_GenomeWideSNP_6_F09_771514	1	191713968	191719427	6	-0.8896
DUNGS_p_TCGA_b84_115_SNP_N_GenomeWideSNP_6_F09_771514	1	191723760	194448234	1930	-0.003
DUNGS_p_TCGA_b84_115_SNP_N_GenomeWideSNP_6_F09_771514	1	194451411	194455018	2	1.6862
DUNGS_p_TCGA_b84_115_SNP_N_GenomeWideSNP_6_F09_771514	1	194457016	196714822	1454	-0.0051
DUNGS_p_TCGA_b84_115_SNP_N_GenomeWideSNP_6_F09_771514	1	196714873	196823317	99	0.5595
DUNGS_p_TCGA_b84_115_SNP_N_GenomeWideSNP_6_F09_771514	1	196823613	214637808	11930	0.0031
DUNGS_p_TCGA_b84_115_SNP_N_GenomeWideSNP_6_F09_771514	1	214638436	214645263	9	-0.7652
DUNGS_p_TCGA_b84_115_SNP_N_GenomeWideSNP_6_F09_771514	1	214645295	240051026	17774	0.0025
DUNGS_p_TCGA_b84_115_SNP_N_GenomeWideSNP_6_F09_771514	1	240052422	240053050	3	1.2676
DUNGS_p_TCGA_b84_115_SNP_N_GenomeWideSNP_6_F09_771514	1	240053444	241824535	1462	-9e-04
DUNGS_p_TCGA_b84_115_SNP_N_GenomeWideSNP_6_F09_771514	1	241826820	241829586	3	-1.1023
DUNGS_p_TCGA_b84_115_SNP_N_GenomeWideSNP_6_F09_771514	1	241830086	242420839	448	0.0028
DUNGS_p_TCGA_b84_115_SNP_N_GenomeWideSNP_6_F09_771514	1	242420888	242424755	2	-2.3376
DUNGS_p_TCGA_b84_115_SNP_N_GenomeWideSNP_6_F09_771514	1	242424870	243044281	489	0.0052
DUNGS_p_TCGA_b84_115_SNP_N_GenomeWideSNP_6_F09_771514	1	243044307	243059754	39	0.5389
DUNGS_p_TCGA_b84_115_SNP_N_GenomeWideSNP_6_F09_771514	1	243059760	243129352	39	0.1304
DUNGS_p_TCGA_b84_115_SNP_N_GenomeWideSNP_6_F09_771514	1	243134707	243228147	20	0.6244
DUNGS_p_TCGA_b84_115_SNP_N_GenomeWideSNP_6_F09_771514	1	243258063	249224388	3763	0.0209
DUNGS_p_TCGA_b84_115_SNP_N_GenomeWideSNP_6_F09_771514	2	12784	4203580	2990	0.0234
DUNGS_p_TCGA_b84_115_SNP_N_GenomeWideSNP_6_F09_771514	2	4205687	4223833	42	0.512
DUNGS_p_TCGA_b84_115_SNP_N_GenomeWideSNP_6_F09_771514	2	4224019	7233575	2519	-0.0028
DUNGS_p_TCGA_b84_115_SNP_N_GenomeWideSNP_6_F09_771514	2	7233614	7234364	7	0.7803
DUNGS_p_TCGA_b84_115_SNP_N_GenomeWideSNP_6_F09_771514	2	7234476	24595328	12396	-0.0019
DUNGS_p_TCGA_b84_115_SNP_N_GenomeWideSNP_6_F09_771514	2	24596812	24619502	43	0.3913
DUNGS_p_TCGA_b84_115_SNP_N_GenomeWideSNP_6_F09_771514	2	24619852	32995556	4806	-0.0032
DUNGS_p_TCGA_b84_115_SNP_N_GenomeWideSNP_6_F09_771514	2	32995764	32998606	7	0.7556
DUNGS_p_TCGA_b84_115_SNP_N_GenomeWideSNP_6_F09_771514	2	32999610	33151315	113	-0.012
DUNGS_p_TCGA_b84_115_SNP_N_GenomeWideSNP_6_F09_771514	2	33154126	33155182	2	-1.7549
DUNGS_p_TCGA_b84_115_SNP_N_GenomeWideSNP_6_F09_771514	2	33155306	34531117	1119	-0.0018
DUNGS_p_TCGA_b84_115_SNP_N_GenomeWideSNP_6_F09_771514	2	34531245	34531775	2	-4.7686
DUNGS_p_TCGA_b84_115_SNP_N_GenomeWideSNP_6_F09_771514	2	34532016	35975973	1012	-0.0495
DUNGS_p_TCGA_b84_115_SNP_N_GenomeWideSNP_6_F09_771514	2	35977790	35987916	6	-1.4669
DUNGS_p_TCGA_b84_115_SNP_N_GenomeWideSNP_6_F09_771514	2	35987947	41238235	3949	-0.0028
DUNGS_p_TCGA_b84_115_SNP_N_GenomeWideSNP_6_F09_771514	2	41238443	41242744	13	-0.948
DUNGS_p_TCGA_b84_115_SNP_N_GenomeWideSNP_6_F09_771514	2	41242759	48850005	5411	-0.0026
DUNGS_p_TCGA_b84_115_SNP_N_GenomeWideSNP_6_F09_771514	2	48851152	48855934	3	1.5712
DUNGS_p_TCGA_b84_115_SNP_N_GenomeWideSNP_6_F09_771514	2	48861904	52754728	2800	-0.0174
DUNGS_p_TCGA_b84_115_SNP_N_GenomeWideSNP_6_F09_771514	2	52754865	52781542	35	-1.8657
DUNGS_p_TCGA_b84_115_SNP_N_GenomeWideSNP_6_F09_771514	2	52787949	75187894	14342	-0.0061
DUNGS_p_TCGA_b84_115_SNP_N_GenomeWideSNP_6_F09_771514	2	75188249	75188888	2	-2.5273
DUNGS_p_TCGA_b84_115_SNP_N_GenomeWideSNP_6_F09_771514	2	75189549	90234740	8694	0.0199
DUNGS_p_TCGA_b84_115_SNP_N_GenomeWideSNP_6_F09_771514	2	90234771	90242076	9	-0.6977
DUNGS_p_TCGA_b84_115_SNP_N_GenomeWideSNP_6_F09_771514	2	90242268	95334806	155	0.3285
DUNGS_p_TCGA_b84_115_SNP_N_GenomeWideSNP_6_F09_771514	2	95341388	97717272	814	0.0293
DUNGS_p_TCGA_b84_115_SNP_N_GenomeWideSNP_6_F09_771514	2	97718336	98274527	130	0.3636
DUNGS_p_TCGA_b84_115_SNP_N_GenomeWideSNP_6_F09_771514	2	98277322	106880713	5553	-0.0076
DUNGS_p_TCGA_b84_115_SNP_N_GenomeWideSNP_6_F09_771514	2	106881539	106887408	12	0.8215
DUNGS_p_TCGA_b84_115_SNP_N_GenomeWideSNP_6_F09_771514	2	106887870	112129475	2641	0.0049
DUNGS_p_TCGA_b84_115_SNP_N_GenomeWideSNP_6_F09_771514	2	112133014	112153109	10	0.6773
DUNGS_p_TCGA_b84_115_SNP_N_GenomeWideSNP_6_F09_771514	2	112158777	114327183	1192	0.0163
DUNGS_p_TCGA_b84_115_SNP_N_GenomeWideSNP_6_F09_771514	2	114331775	114383552	6	1.2007
DUNGS_p_TCGA_b84_115_SNP_N_GenomeWideSNP_6_F09_771514	2	114384353	115539668	737	0.0109
DUNGS_p_TCGA_b84_115_SNP_N_GenomeWideSNP_6_F09_771514	2	115539699	115542394	9	0.8813
DUNGS_p_TCGA_b84_115_SNP_N_GenomeWideSNP_6_F09_771514	2	115542505	118953701	2107	-0.0054
DUNGS_p_TCGA_b84_115_SNP_N_GenomeWideSNP_6_F09_771514	2	118953863	118959680	5	1.0426
DUNGS_p_TCGA_b84_115_SNP_N_GenomeWideSNP_6_F09_771514	2	118960974	121331102	1473	0.0051
DUNGS_p_TCGA_b84_115_SNP_N_GenomeWideSNP_6_F09_771514	2	121331120	121341281	8	0.8477
DUNGS_p_TCGA_b84_115_SNP_N_GenomeWideSNP_6_F09_771514	2	121341421	121343006	3	-0.5958
DUNGS_p_TCGA_b84_115_SNP_N_GenomeWideSNP_6_F09_771514	2	121343284	123470348	1365	-0.0097
DUNGS_p_TCGA_b84_115_SNP_N_GenomeWideSNP_6_F09_771514	2	123472119	123472179	2	-0.9112
DUNGS_p_TCGA_b84_115_SNP_N_GenomeWideSNP_6_F09_771514	2	123475749	123482181	11	0.499
DUNGS_p_TCGA_b84_115_SNP_N_GenomeWideSNP_6_F09_771514	2	123482241	124104779	463	-0.0164
DUNGS_p_TCGA_b84_115_SNP_N_GenomeWideSNP_6_F09_771514	2	124107025	124119922	10	-0.7823
DUNGS_p_TCGA_b84_115_SNP_N_GenomeWideSNP_6_F09_771514	2	124120320	132097319	4695	0.0086
DUNGS_p_TCGA_b84_115_SNP_N_GenomeWideSNP_6_F09_771514	2	132098142	132158447	18	0.5744
DUNGS_p_TCGA_b84_115_SNP_N_GenomeWideSNP_6_F09_771514	2	132159934	132697719	248	0.0598
DUNGS_p_TCGA_b84_115_SNP_N_GenomeWideSNP_6_F09_771514	2	132703277	133038729	85	0.3883
DUNGS_p_TCGA_b84_115_SNP_N_GenomeWideSNP_6_F09_771514	2	133046772	137982148	3402	0.0051
DUNGS_p_TCGA_b84_115_SNP_N_GenomeWideSNP_6_F09_771514	2	137983647	137984261	5	-1.3024
DUNGS_p_TCGA_b84_115_SNP_N_GenomeWideSNP_6_F09_771514	2	137985285	140741795	1693	-0.0176
DUNGS_p_TCGA_b84_115_SNP_N_GenomeWideSNP_6_F09_771514	2	140745201	140750900	6	1.1688
DUNGS_p_TCGA_b84_115_SNP_N_GenomeWideSNP_6_F09_771514	2	140753902	146864583	3781	-0.0041
DUNGS_p_TCGA_b84_115_SNP_N_GenomeWideSNP_6_F09_771514	2	146865079	146866934	19	-1.7944
DUNGS_p_TCGA_b84_115_SNP_N_GenomeWideSNP_6_F09_771514	2	146877806	150745883	2055	-0.008
DUNGS_p_TCGA_b84_115_SNP_N_GenomeWideSNP_6_F09_771514	2	150751726	150754987	5	-1.9069
DUNGS_p_TCGA_b84_115_SNP_N_GenomeWideSNP_6_F09_771514	2	150755192	151028934	205	-0.0563
DUNGS_p_TCGA_b84_115_SNP_N_GenomeWideSNP_6_F09_771514	2	151030802	151037732	6	-0.9475
DUNGS_p_TCGA_b84_115_SNP_N_GenomeWideSNP_6_F09_771514	2	151039208	155692796	3107	-0.0092
DUNGS_p_TCGA_b84_115_SNP_N_GenomeWideSNP_6_F09_771514	2	155694839	155699797	4	0.9315
DUNGS_p_TCGA_b84_115_SNP_N_GenomeWideSNP_6_F09_771514	2	155702768	156376853	330	-0.0422
DUNGS_p_TCGA_b84_115_SNP_N_GenomeWideSNP_6_F09_771514	2	156377220	156389613	11	-0.6406
DUNGS_p_TCGA_b84_115_SNP_N_GenomeWideSNP_6_F09_771514	2	156389851	164643488	4886	-0.0068
DUNGS_p_TCGA_b84_115_SNP_N_GenomeWideSNP_6_F09_771514	2	164643588	164643756	2	-2.2204
DUNGS_p_TCGA_b84_115_SNP_N_GenomeWideSNP_6_F09_771514	2	164644535	180408381	9913	-0.0018
DUNGS_p_TCGA_b84_115_SNP_N_GenomeWideSNP_6_F09_771514	2	180408734	180421906	39	0.3594
DUNGS_p_TCGA_b84_115_SNP_N_GenomeWideSNP_6_F09_771514	2	180422121	183112782	1752	-0.0086
DUNGS_p_TCGA_b84_115_SNP_N_GenomeWideSNP_6_F09_771514	2	183113130	183114863	4	-1.4135
DUNGS_p_TCGA_b84_115_SNP_N_GenomeWideSNP_6_F09_771514	2	183116652	186790634	2181	-0.0033
DUNGS_p_TCGA_b84_115_SNP_N_GenomeWideSNP_6_F09_771514	2	186791140	186818615	14	-0.6131
DUNGS_p_TCGA_b84_115_SNP_N_GenomeWideSNP_6_F09_771514	2	186818743	208350754	12515	-0.0065
DUNGS_p_TCGA_b84_115_SNP_N_GenomeWideSNP_6_F09_771514	2	208354912	208360146	23	0.6111
DUNGS_p_TCGA_b84_115_SNP_N_GenomeWideSNP_6_F09_771514	2	208360222	209545161	762	-0.0251
DUNGS_p_TCGA_b84_115_SNP_N_GenomeWideSNP_6_F09_771514	2	209546436	209551939	5	1.0164
DUNGS_p_TCGA_b84_115_SNP_N_GenomeWideSNP_6_F09_771514	2	209551952	213385517	2434	-0.0114
DUNGS_p_TCGA_b84_115_SNP_N_GenomeWideSNP_6_F09_771514	2	213385622	213386075	2	-2.2202
DUNGS_p_TCGA_b84_115_SNP_N_GenomeWideSNP_6_F09_771514	2	213387563	233193568	12671	-0.0018
DUNGS_p_TCGA_b84_115_SNP_N_GenomeWideSNP_6_F09_771514	2	233204359	233335141	98	0.297
DUNGS_p_TCGA_b84_115_SNP_N_GenomeWideSNP_6_F09_771514	2	233337482	234886430	979	-0.0061
DUNGS_p_TCGA_b84_115_SNP_N_GenomeWideSNP_6_F09_771514	2	234886692	234890619	3	-1.6125
DUNGS_p_TCGA_b84_115_SNP_N_GenomeWideSNP_6_F09_771514	2	234891055	235987249	882	0.0063
DUNGS_p_TCGA_b84_115_SNP_N_GenomeWideSNP_6_F09_771514	2	235988290	235988532	2	-1.5529
DUNGS_p_TCGA_b84_115_SNP_N_GenomeWideSNP_6_F09_771514	2	235989087	239918946	2589	-0.0054
DUNGS_p_TCGA_b84_115_SNP_N_GenomeWideSNP_6_F09_771514	2	239922594	239926046	6	0.7749
DUNGS_p_TCGA_b84_115_SNP_N_GenomeWideSNP_6_F09_771514	2	239926607	242719476	1570	0.0159
DUNGS_p_TCGA_b84_115_SNP_N_GenomeWideSNP_6_F09_771514	2	242719805	242733086	5	0.9393
DUNGS_p_TCGA_b84_115_SNP_N_GenomeWideSNP_6_F09_771514	2	242733123	242953866	42	0.0422
DUNGS_p_TCGA_b84_115_SNP_N_GenomeWideSNP_6_F09_771514	2	242958067	242958473	9	0.9004
DUNGS_p_TCGA_b84_115_SNP_N_GenomeWideSNP_6_F09_771514	2	242958492	243089456	100	0.1592
DUNGS_p_TCGA_b84_115_SNP_N_GenomeWideSNP_6_F09_771514	3	60345	224602	157	-0.0021
DUNGS_p_TCGA_b84_115_SNP_N_GenomeWideSNP_6_F09_771514	3	230022	232800	4	-3.2691
DUNGS_p_TCGA_b84_115_SNP_N_GenomeWideSNP_6_F09_771514	3	234877	4076395	3472	-0.013
DUNGS_p_TCGA_b84_115_SNP_N_GenomeWideSNP_6_F09_771514	3	4079710	4106270	60	0.3849
DUNGS_p_TCGA_b84_115_SNP_N_GenomeWideSNP_6_F09_771514	3	4106431	6646543	2157	0.0129
DUNGS_p_TCGA_b84_115_SNP_N_GenomeWideSNP_6_F09_771514	3	6651128	6653332	23	-0.8094
DUNGS_p_TCGA_b84_115_SNP_N_GenomeWideSNP_6_F09_771514	3	6655078	47399911	27691	0.0065
DUNGS_p_TCGA_b84_115_SNP_N_GenomeWideSNP_6_F09_771514	3	47400331	47409212	4	0.9388
DUNGS_p_TCGA_b84_115_SNP_N_GenomeWideSNP_6_F09_771514	3	47409511	60919394	8222	0.0041
DUNGS_p_TCGA_b84_115_SNP_N_GenomeWideSNP_6_F09_771514	3	60920018	60920144	2	-2.0089
DUNGS_p_TCGA_b84_115_SNP_N_GenomeWideSNP_6_F09_771514	3	60920394	61595751	543	0.0077
DUNGS_p_TCGA_b84_115_SNP_N_GenomeWideSNP_6_F09_771514	3	61596562	61598160	2	1.9758
DUNGS_p_TCGA_b84_115_SNP_N_GenomeWideSNP_6_F09_771514	3	61598574	65193381	3103	-0.0016
DUNGS_p_TCGA_b84_115_SNP_N_GenomeWideSNP_6_F09_771514	3	65196245	65199702	20	0.3741
DUNGS_p_TCGA_b84_115_SNP_N_GenomeWideSNP_6_F09_771514	3	65199867	65206904	12	0.9798
DUNGS_p_TCGA_b84_115_SNP_N_GenomeWideSNP_6_F09_771514	3	65206944	68746164	2435	0.0052
DUNGS_p_TCGA_b84_115_SNP_N_GenomeWideSNP_6_F09_771514	3	68746259	68746840	8	-0.5421
DUNGS_p_TCGA_b84_115_SNP_N_GenomeWideSNP_6_F09_771514	3	68747012	68747413	6	-1.5539
DUNGS_p_TCGA_b84_115_SNP_N_GenomeWideSNP_6_F09_771514	3	68748758	70037117	1096	0.0022
DUNGS_p_TCGA_b84_115_SNP_N_GenomeWideSNP_6_F09_771514	3	70037291	70040544	5	0.8931
DUNGS_p_TCGA_b84_115_SNP_N_GenomeWideSNP_6_F09_771514	3	70042103	75392078	3770	9e-04
DUNGS_p_TCGA_b84_115_SNP_N_GenomeWideSNP_6_F09_771514	3	75392373	75394435	3	-1.2465
DUNGS_p_TCGA_b84_115_SNP_N_GenomeWideSNP_6_F09_771514	3	75396818	75891921	150	0.4815
DUNGS_p_TCGA_b84_115_SNP_N_GenomeWideSNP_6_F09_771514	3	75891975	84699184	4928	-0.0039
DUNGS_p_TCGA_b84_115_SNP_N_GenomeWideSNP_6_F09_771514	3	84699684	84699758	2	1.485
DUNGS_p_TCGA_b84_115_SNP_N_GenomeWideSNP_6_F09_771514	3	84699793	84702161	14	0.1062
DUNGS_p_TCGA_b84_115_SNP_N_GenomeWideSNP_6_F09_771514	3	84702235	84707065	6	0.8707
DUNGS_p_TCGA_b84_115_SNP_N_GenomeWideSNP_6_F09_771514	3	84711725	85490787	456	0.0269
DUNGS_p_TCGA_b84_115_SNP_N_GenomeWideSNP_6_F09_771514	3	85492159	85521057	19	-0.4585
DUNGS_p_TCGA_b84_115_SNP_N_GenomeWideSNP_6_F09_771514	3	85521125	89417287	2270	0.0106
DUNGS_p_TCGA_b84_115_SNP_N_GenomeWideSNP_6_F09_771514	3	89419364	89420473	6	1.0319
DUNGS_p_TCGA_b84_115_SNP_N_GenomeWideSNP_6_F09_771514	3	89420488	93519478	382	-0.0042
DUNGS_p_TCGA_b84_115_SNP_N_GenomeWideSNP_6_F09_771514	3	93520016	93527459	4	0.9461
DUNGS_p_TCGA_b84_115_SNP_N_GenomeWideSNP_6_F09_771514	3	93530246	93626192	42	0.0359
DUNGS_p_TCGA_b84_115_SNP_N_GenomeWideSNP_6_F09_771514	3	93626368	93634351	3	1.2316
DUNGS_p_TCGA_b84_115_SNP_N_GenomeWideSNP_6_F09_771514	3	93638017	98945299	2825	-5e-04
DUNGS_p_TCGA_b84_115_SNP_N_GenomeWideSNP_6_F09_771514	3	98945395	98949038	12	-0.9379
DUNGS_p_TCGA_b84_115_SNP_N_GenomeWideSNP_6_F09_771514	3	98949056	125443608	16292	0.001
DUNGS_p_TCGA_b84_115_SNP_N_GenomeWideSNP_6_F09_771514	3	125446664	125469421	12	1.0306
DUNGS_p_TCGA_b84_115_SNP_N_GenomeWideSNP_6_F09_771514	3	125475334	128381249	1830	0.0022
DUNGS_p_TCGA_b84_115_SNP_N_GenomeWideSNP_6_F09_771514	3	128384523	128414161	16	0.9454
DUNGS_p_TCGA_b84_115_SNP_N_GenomeWideSNP_6_F09_771514	3	128421166	129750206	616	-0.0043
DUNGS_p_TCGA_b84_115_SNP_N_GenomeWideSNP_6_F09_771514	3	129753935	129786739	18	0.4059
DUNGS_p_TCGA_b84_115_SNP_N_GenomeWideSNP_6_F09_771514	3	129786753	129798735	36	-0.0478
DUNGS_p_TCGA_b84_115_SNP_N_GenomeWideSNP_6_F09_771514	3	129798781	129920258	45	0.4861
DUNGS_p_TCGA_b84_115_SNP_N_GenomeWideSNP_6_F09_771514	3	129921219	162513092	20272	0.0049
DUNGS_p_TCGA_b84_115_SNP_N_GenomeWideSNP_6_F09_771514	3	162513149	162626572	68	0.5896
DUNGS_p_TCGA_b84_115_SNP_N_GenomeWideSNP_6_F09_771514	3	162626603	163653428	576	-0.0025
DUNGS_p_TCGA_b84_115_SNP_N_GenomeWideSNP_6_F09_771514	3	163658943	163658958	5	1.4534
DUNGS_p_TCGA_b84_115_SNP_N_GenomeWideSNP_6_F09_771514	3	163658961	166080423	1422	0.0012
DUNGS_p_TCGA_b84_115_SNP_N_GenomeWideSNP_6_F09_771514	3	166082601	166094189	8	-0.8189
DUNGS_p_TCGA_b84_115_SNP_N_GenomeWideSNP_6_F09_771514	3	166097193	168730180	1435	-0.0042
DUNGS_p_TCGA_b84_115_SNP_N_GenomeWideSNP_6_F09_771514	3	168733402	168739850	4	-1.6635
DUNGS_p_TCGA_b84_115_SNP_N_GenomeWideSNP_6_F09_771514	3	168740165	175078518	4217	-0.0093
DUNGS_p_TCGA_b84_115_SNP_N_GenomeWideSNP_6_F09_771514	3	175080592	175080611	2	1.9268
DUNGS_p_TCGA_b84_115_SNP_N_GenomeWideSNP_6_F09_771514	3	175080747	178645334	2210	-0.0055
DUNGS_p_TCGA_b84_115_SNP_N_GenomeWideSNP_6_F09_771514	3	178646290	178665472	11	-1.1746
DUNGS_p_TCGA_b84_115_SNP_N_GenomeWideSNP_6_F09_771514	3	178669222	181497374	1632	-0.0135
DUNGS_p_TCGA_b84_115_SNP_N_GenomeWideSNP_6_F09_771514	3	181498348	181498431	2	-1.5787
DUNGS_p_TCGA_b84_115_SNP_N_GenomeWideSNP_6_F09_771514	3	181498753	186386687	2912	0.0147
DUNGS_p_TCGA_b84_115_SNP_N_GenomeWideSNP_6_F09_771514	3	186386817	186434797	56	0.4114
DUNGS_p_TCGA_b84_115_SNP_N_GenomeWideSNP_6_F09_771514	3	186436604	192873807	4717	0.0054
DUNGS_p_TCGA_b84_115_SNP_N_GenomeWideSNP_6_F09_771514	3	192874747	192880726	11	0.9355
DUNGS_p_TCGA_b84_115_SNP_N_GenomeWideSNP_6_F09_771514	3	192880831	197772604	2637	0.033
DUNGS_p_TCGA_b84_115_SNP_N_GenomeWideSNP_6_F09_771514	3	197772749	197773998	4	1.492
DUNGS_p_TCGA_b84_115_SNP_N_GenomeWideSNP_6_F09_771514	3	197779631	197835456	51	0.0726
DUNGS_p_TCGA_b84_115_SNP_N_GenomeWideSNP_6_F09_771514	3	197835730	197896118	26	0.7077
DUNGS_p_TCGA_b84_115_SNP_N_GenomeWideSNP_6_F09_771514	4	12281	1373551	580	0.103
DUNGS_p_TCGA_b84_115_SNP_N_GenomeWideSNP_6_F09_771514	4	1380848	1390400	5	-0.8001
DUNGS_p_TCGA_b84_115_SNP_N_GenomeWideSNP_6_F09_771514	4	1405675	1416863	5	0.6954
DUNGS_p_TCGA_b84_115_SNP_N_GenomeWideSNP_6_F09_771514	4	1416932	2426642	365	0.0039
DUNGS_p_TCGA_b84_115_SNP_N_GenomeWideSNP_6_F09_771514	4	2426883	2428463	3	1.0255
DUNGS_p_TCGA_b84_115_SNP_N_GenomeWideSNP_6_F09_771514	4	2433199	3595391	551	0.0026
DUNGS_p_TCGA_b84_115_SNP_N_GenomeWideSNP_6_F09_771514	4	3597852	3611393	7	0.9082
DUNGS_p_TCGA_b84_115_SNP_N_GenomeWideSNP_6_F09_771514	4	3614168	3874896	126	0.0345
DUNGS_p_TCGA_b84_115_SNP_N_GenomeWideSNP_6_F09_771514	4	3877790	4177809	84	0.5972
DUNGS_p_TCGA_b84_115_SNP_N_GenomeWideSNP_6_F09_771514	4	4182002	7457829	2612	0.0099
DUNGS_p_TCGA_b84_115_SNP_N_GenomeWideSNP_6_F09_771514	4	7458757	7459344	2	1.3956
DUNGS_p_TCGA_b84_115_SNP_N_GenomeWideSNP_6_F09_771514	4	7460233	8222687	562	0.0287
DUNGS_p_TCGA_b84_115_SNP_N_GenomeWideSNP_6_F09_771514	4	8225681	8234767	9	0.6784
DUNGS_p_TCGA_b84_115_SNP_N_GenomeWideSNP_6_F09_771514	4	8234904	9372303	283	-0.019
DUNGS_p_TCGA_b84_115_SNP_N_GenomeWideSNP_6_F09_771514	4	9376566	9650598	116	0.5744
DUNGS_p_TCGA_b84_115_SNP_N_GenomeWideSNP_6_F09_771514	4	9653990	10198628	465	-0.0069
DUNGS_p_TCGA_b84_115_SNP_N_GenomeWideSNP_6_F09_771514	4	10198824	10198967	4	1.0191
DUNGS_p_TCGA_b84_115_SNP_N_GenomeWideSNP_6_F09_771514	4	10199688	10210390	30	0.127
DUNGS_p_TCGA_b84_115_SNP_N_GenomeWideSNP_6_F09_771514	4	10214160	10230797	23	-1.6346
DUNGS_p_TCGA_b84_115_SNP_N_GenomeWideSNP_6_F09_771514	4	10230812	48209881	25633	0.0017
DUNGS_p_TCGA_b84_115_SNP_N_GenomeWideSNP_6_F09_771514	4	48210001	48248258	19	-0.5836
DUNGS_p_TCGA_b84_115_SNP_N_GenomeWideSNP_6_F09_771514	4	48250322	49089374	384	-0.0235
DUNGS_p_TCGA_b84_115_SNP_N_GenomeWideSNP_6_F09_771514	4	49093786	52696792	49	0.8051
DUNGS_p_TCGA_b84_115_SNP_N_GenomeWideSNP_6_F09_771514	4	52698636	64704293	7585	0.0053
DUNGS_p_TCGA_b84_115_SNP_N_GenomeWideSNP_6_F09_771514	4	64705156	64707754	17	0.5221
DUNGS_p_TCGA_b84_115_SNP_N_GenomeWideSNP_6_F09_771514	4	64707817	64718043	8	-1.003
DUNGS_p_TCGA_b84_115_SNP_N_GenomeWideSNP_6_F09_771514	4	64722216	69372003	2882	-1e-04
DUNGS_p_TCGA_b84_115_SNP_N_GenomeWideSNP_6_F09_771514	4	69374941	69540025	73	0.8949
DUNGS_p_TCGA_b84_115_SNP_N_GenomeWideSNP_6_F09_771514	4	69551744	70121263	319	0.0293
DUNGS_p_TCGA_b84_115_SNP_N_GenomeWideSNP_6_F09_771514	4	70123510	70228656	52	0.5693
DUNGS_p_TCGA_b84_115_SNP_N_GenomeWideSNP_6_F09_771514	4	70229352	70242029	10	-0.1271
DUNGS_p_TCGA_b84_115_SNP_N_GenomeWideSNP_6_F09_771514	4	70242896	70290256	24	0.5219
DUNGS_p_TCGA_b84_115_SNP_N_GenomeWideSNP_6_F09_771514	4	70290401	86975223	10430	0.0018
DUNGS_p_TCGA_b84_115_SNP_N_GenomeWideSNP_6_F09_771514	4	86976094	86979764	19	-0.8147
DUNGS_p_TCGA_b84_115_SNP_N_GenomeWideSNP_6_F09_771514	4	86979944	90071697	1898	3e-04
DUNGS_p_TCGA_b84_115_SNP_N_GenomeWideSNP_6_F09_771514	4	90071808	90078884	4	1.1243
DUNGS_p_TCGA_b84_115_SNP_N_GenomeWideSNP_6_F09_771514	4	90079477	93606583	2041	-0.0014
DUNGS_p_TCGA_b84_115_SNP_N_GenomeWideSNP_6_F09_771514	4	93606763	93643836	23	-1.105
DUNGS_p_TCGA_b84_115_SNP_N_GenomeWideSNP_6_F09_771514	4	93646501	93655498	8	-0.0894
DUNGS_p_TCGA_b84_115_SNP_N_GenomeWideSNP_6_F09_771514	4	93658251	93667059	4	-1.1996
DUNGS_p_TCGA_b84_115_SNP_N_GenomeWideSNP_6_F09_771514	4	93667551	100291120	3907	0.0077
DUNGS_p_TCGA_b84_115_SNP_N_GenomeWideSNP_6_F09_771514	4	100292700	100293062	2	1.7915
DUNGS_p_TCGA_b84_115_SNP_N_GenomeWideSNP_6_F09_771514	4	100293197	115181394	9043	-0.0044
DUNGS_p_TCGA_b84_115_SNP_N_GenomeWideSNP_6_F09_771514	4	115181828	115182175	3	1.6737
DUNGS_p_TCGA_b84_115_SNP_N_GenomeWideSNP_6_F09_771514	4	115184229	115507624	226	-0.0051
DUNGS_p_TCGA_b84_115_SNP_N_GenomeWideSNP_6_F09_771514	4	115508166	115510454	3	-2.0225
DUNGS_p_TCGA_b84_115_SNP_N_GenomeWideSNP_6_F09_771514	4	115514426	150124907	20555	-2e-04
DUNGS_p_TCGA_b84_115_SNP_N_GenomeWideSNP_6_F09_771514	4	150125223	150125960	4	-0.9612
DUNGS_p_TCGA_b84_115_SNP_N_GenomeWideSNP_6_F09_771514	4	150128481	151868941	909	0.015
DUNGS_p_TCGA_b84_115_SNP_N_GenomeWideSNP_6_F09_771514	4	151876309	151881140	19	0.5092
DUNGS_p_TCGA_b84_115_SNP_N_GenomeWideSNP_6_F09_771514	4	151881209	155000648	1926	0.0115
DUNGS_p_TCGA_b84_115_SNP_N_GenomeWideSNP_6_F09_771514	4	155001042	155001046	2	-2.1426
DUNGS_p_TCGA_b84_115_SNP_N_GenomeWideSNP_6_F09_771514	4	155005536	180797158	16430	0
DUNGS_p_TCGA_b84_115_SNP_N_GenomeWideSNP_6_F09_771514	4	180797274	180797342	2	-2.2618
DUNGS_p_TCGA_b84_115_SNP_N_GenomeWideSNP_6_F09_771514	4	180798269	190458775	7037	0.0157
DUNGS_p_TCGA_b84_115_SNP_N_GenomeWideSNP_6_F09_771514	4	190464257	190481245	8	1.0009
DUNGS_p_TCGA_b84_115_SNP_N_GenomeWideSNP_6_F09_771514	4	190483248	190676093	75	0.1413
DUNGS_p_TCGA_b84_115_SNP_N_GenomeWideSNP_6_F09_771514	4	190678255	190729688	38	0.6571
DUNGS_p_TCGA_b84_115_SNP_N_GenomeWideSNP_6_F09_771514	4	190729927	190791543	41	-4e-04
DUNGS_p_TCGA_b84_115_SNP_N_GenomeWideSNP_6_F09_771514	4	190792947	191027923	61	0.5387
DUNGS_p_TCGA_b84_115_SNP_N_GenomeWideSNP_6_F09_771514	5	15532	637290	277	0.076
DUNGS_p_TCGA_b84_115_SNP_N_GenomeWideSNP_6_F09_771514	5	642732	825653	87	0.4442
DUNGS_p_TCGA_b84_115_SNP_N_GenomeWideSNP_6_F09_771514	5	833628	1587686	384	0.0873
DUNGS_p_TCGA_b84_115_SNP_N_GenomeWideSNP_6_F09_771514	5	1590212	1642117	22	0.6075
DUNGS_p_TCGA_b84_115_SNP_N_GenomeWideSNP_6_F09_771514	5	1642155	7456573	5182	0.0087
DUNGS_p_TCGA_b84_115_SNP_N_GenomeWideSNP_6_F09_771514	5	7457209	7463044	8	0.7966
DUNGS_p_TCGA_b84_115_SNP_N_GenomeWideSNP_6_F09_771514	5	7463407	8702522	1015	-0.0141
DUNGS_p_TCGA_b84_115_SNP_N_GenomeWideSNP_6_F09_771514	5	8703057	8747142	46	-0.998
DUNGS_p_TCGA_b84_115_SNP_N_GenomeWideSNP_6_F09_771514	5	8749731	12800889	3213	0.0144
DUNGS_p_TCGA_b84_115_SNP_N_GenomeWideSNP_6_F09_771514	5	12815780	12838533	14	-0.8231
DUNGS_p_TCGA_b84_115_SNP_N_GenomeWideSNP_6_F09_771514	5	12849201	15386408	1784	-0.0038
DUNGS_p_TCGA_b84_115_SNP_N_GenomeWideSNP_6_F09_771514	5	15386854	15410817	8	0.6876
DUNGS_p_TCGA_b84_115_SNP_N_GenomeWideSNP_6_F09_771514	5	15420015	15716127	184	0.0386
DUNGS_p_TCGA_b84_115_SNP_N_GenomeWideSNP_6_F09_771514	5	15718492	15723346	13	-0.9881
DUNGS_p_TCGA_b84_115_SNP_N_GenomeWideSNP_6_F09_771514	5	15723485	16312851	390	0.0029
DUNGS_p_TCGA_b84_115_SNP_N_GenomeWideSNP_6_F09_771514	5	16314390	16315231	3	-1.3001
DUNGS_p_TCGA_b84_115_SNP_N_GenomeWideSNP_6_F09_771514	5	16317747	17470116	774	0.0084
DUNGS_p_TCGA_b84_115_SNP_N_GenomeWideSNP_6_F09_771514	5	17472903	17674304	63	0.3246
DUNGS_p_TCGA_b84_115_SNP_N_GenomeWideSNP_6_F09_771514	5	17677045	18849384	778	-0.0172
DUNGS_p_TCGA_b84_115_SNP_N_GenomeWideSNP_6_F09_771514	5	18849647	18853732	3	-1.3656
DUNGS_p_TCGA_b84_115_SNP_N_GenomeWideSNP_6_F09_771514	5	18853732	18924160	41	-0.0214
DUNGS_p_TCGA_b84_115_SNP_N_GenomeWideSNP_6_F09_771514	5	18927498	18927513	2	-1.9561
DUNGS_p_TCGA_b84_115_SNP_N_GenomeWideSNP_6_F09_771514	5	18927983	49708445	16655	0.0045
DUNGS_p_TCGA_b84_115_SNP_N_GenomeWideSNP_6_F09_771514	5	49708458	49803744	40	0.3854
DUNGS_p_TCGA_b84_115_SNP_N_GenomeWideSNP_6_F09_771514	5	49805181	55657603	3747	0.0012
DUNGS_p_TCGA_b84_115_SNP_N_GenomeWideSNP_6_F09_771514	5	55657702	55658867	6	0.9442
DUNGS_p_TCGA_b84_115_SNP_N_GenomeWideSNP_6_F09_771514	5	55663751	57321646	1188	0.0029
DUNGS_p_TCGA_b84_115_SNP_N_GenomeWideSNP_6_F09_771514	5	57326027	57333533	32	1.3807
DUNGS_p_TCGA_b84_115_SNP_N_GenomeWideSNP_6_F09_771514	5	57338357	58302533	739	-0.008
DUNGS_p_TCGA_b84_115_SNP_N_GenomeWideSNP_6_F09_771514	5	58302980	58304570	7	-0.9332
DUNGS_p_TCGA_b84_115_SNP_N_GenomeWideSNP_6_F09_771514	5	58304705	68846303	6562	9e-04
DUNGS_p_TCGA_b84_115_SNP_N_GenomeWideSNP_6_F09_771514	5	68867294	69118135	5	1.1311
DUNGS_p_TCGA_b84_115_SNP_N_GenomeWideSNP_6_F09_771514	5	69233427	70254903	10	0.2557
DUNGS_p_TCGA_b84_115_SNP_N_GenomeWideSNP_6_F09_771514	5	70254904	70307544	8	-0.8599
DUNGS_p_TCGA_b84_115_SNP_N_GenomeWideSNP_6_F09_771514	5	70349193	78107908	4952	0.005
DUNGS_p_TCGA_b84_115_SNP_N_GenomeWideSNP_6_F09_771514	5	78109991	78111171	3	-1.8159
DUNGS_p_TCGA_b84_115_SNP_N_GenomeWideSNP_6_F09_771514	5	78115511	81418763	1945	0.0083
DUNGS_p_TCGA_b84_115_SNP_N_GenomeWideSNP_6_F09_771514	5	81419278	81427482	3	-2.0037
DUNGS_p_TCGA_b84_115_SNP_N_GenomeWideSNP_6_F09_771514	5	81428038	97045121	8726	-0.0103
DUNGS_p_TCGA_b84_115_SNP_N_GenomeWideSNP_6_F09_771514	5	97048466	97099320	43	-1.0575
DUNGS_p_TCGA_b84_115_SNP_N_GenomeWideSNP_6_F09_771514	5	97099684	97115350	5	0.4769
DUNGS_p_TCGA_b84_115_SNP_N_GenomeWideSNP_6_F09_771514	5	97116591	97168078	28	-0.2948
DUNGS_p_TCGA_b84_115_SNP_N_GenomeWideSNP_6_F09_771514	5	97168569	97179695	8	0.4223
DUNGS_p_TCGA_b84_115_SNP_N_GenomeWideSNP_6_F09_771514	5	97180930	97223778	21	-1.185
DUNGS_p_TCGA_b84_115_SNP_N_GenomeWideSNP_6_F09_771514	5	97233780	98491996	724	-0.0137
DUNGS_p_TCGA_b84_115_SNP_N_GenomeWideSNP_6_F09_771514	5	98492957	98509367	11	-0.5547
DUNGS_p_TCGA_b84_115_SNP_N_GenomeWideSNP_6_F09_771514	5	98510560	98524812	11	0.0774
DUNGS_p_TCGA_b84_115_SNP_N_GenomeWideSNP_6_F09_771514	5	98524874	98566596	6	0.7331
DUNGS_p_TCGA_b84_115_SNP_N_GenomeWideSNP_6_F09_771514	5	98572121	98628327	40	-0.1357
DUNGS_p_TCGA_b84_115_SNP_N_GenomeWideSNP_6_F09_771514	5	98631307	98636066	4	-1.1191
DUNGS_p_TCGA_b84_115_SNP_N_GenomeWideSNP_6_F09_771514	5	98637884	98821072	110	-0.0612
DUNGS_p_TCGA_b84_115_SNP_N_GenomeWideSNP_6_F09_771514	5	98833992	98864211	13	0.6401
DUNGS_p_TCGA_b84_115_SNP_N_GenomeWideSNP_6_F09_771514	5	98874443	137810516	25120	-0.0021
DUNGS_p_TCGA_b84_115_SNP_N_GenomeWideSNP_6_F09_771514	5	137810944	137815711	12	-1.0851
DUNGS_p_TCGA_b84_115_SNP_N_GenomeWideSNP_6_F09_771514	5	137816468	140207043	1048	0.0041
DUNGS_p_TCGA_b84_115_SNP_N_GenomeWideSNP_6_F09_771514	5	140217794	140218330	2	1.3448
DUNGS_p_TCGA_b84_115_SNP_N_GenomeWideSNP_6_F09_771514	5	140218722	142413018	1375	-0.003
DUNGS_p_TCGA_b84_115_SNP_N_GenomeWideSNP_6_F09_771514	5	142415898	142416074	2	-1.944
DUNGS_p_TCGA_b84_115_SNP_N_GenomeWideSNP_6_F09_771514	5	142416231	151514036	6187	0.0023
DUNGS_p_TCGA_b84_115_SNP_N_GenomeWideSNP_6_F09_771514	5	151514100	151520497	19	0.4509
DUNGS_p_TCGA_b84_115_SNP_N_GenomeWideSNP_6_F09_771514	5	151521211	155472133	2656	0.0064
DUNGS_p_TCGA_b84_115_SNP_N_GenomeWideSNP_6_F09_771514	5	155475099	155502179	24	0.5814
DUNGS_p_TCGA_b84_115_SNP_N_GenomeWideSNP_6_F09_771514	5	155504405	179104050	15925	0.0054
DUNGS_p_TCGA_b84_115_SNP_N_GenomeWideSNP_6_F09_771514	5	179104070	179104600	5	1.3098
DUNGS_p_TCGA_b84_115_SNP_N_GenomeWideSNP_6_F09_771514	5	179105007	180790320	913	0.0626
DUNGS_p_TCGA_b84_115_SNP_N_GenomeWideSNP_6_F09_771514	6	149661	157084	8	0.9734
DUNGS_p_TCGA_b84_115_SNP_N_GenomeWideSNP_6_F09_771514	6	157371	258265	95	0.1339
DUNGS_p_TCGA_b84_115_SNP_N_GenomeWideSNP_6_F09_771514	6	260376	303121	24	0.6461
DUNGS_p_TCGA_b84_115_SNP_N_GenomeWideSNP_6_F09_771514	6	314962	323084	6	-0.8838
DUNGS_p_TCGA_b84_115_SNP_N_GenomeWideSNP_6_F09_771514	6	323326	29837072	21633	0.0102
DUNGS_p_TCGA_b84_115_SNP_N_GenomeWideSNP_6_F09_771514	6	29837187	29850380	20	1.2097
DUNGS_p_TCGA_b84_115_SNP_N_GenomeWideSNP_6_F09_771514	6	29871636	32540611	1218	0.067
DUNGS_p_TCGA_b84_115_SNP_N_GenomeWideSNP_6_F09_771514	6	32544309	32561295	2	2.2701
DUNGS_p_TCGA_b84_115_SNP_N_GenomeWideSNP_6_F09_771514	6	32570046	32622194	31	-0.2824
DUNGS_p_TCGA_b84_115_SNP_N_GenomeWideSNP_6_F09_771514	6	32624304	32626618	6	1.2995
DUNGS_p_TCGA_b84_115_SNP_N_GenomeWideSNP_6_F09_771514	6	32650612	50892728	11541	0.0065
DUNGS_p_TCGA_b84_115_SNP_N_GenomeWideSNP_6_F09_771514	6	50893251	50893291	2	1.8871
DUNGS_p_TCGA_b84_115_SNP_N_GenomeWideSNP_6_F09_771514	6	50899273	52611118	1211	-0.005
DUNGS_p_TCGA_b84_115_SNP_N_GenomeWideSNP_6_F09_771514	6	52611384	52630939	26	0.283
DUNGS_p_TCGA_b84_115_SNP_N_GenomeWideSNP_6_F09_771514	6	52631127	52653769	15	0.7546
DUNGS_p_TCGA_b84_115_SNP_N_GenomeWideSNP_6_F09_771514	6	52657224	53931230	963	0.0028
DUNGS_p_TCGA_b84_115_SNP_N_GenomeWideSNP_6_F09_771514	6	53931275	53931855	5	-1.2399
DUNGS_p_TCGA_b84_115_SNP_N_GenomeWideSNP_6_F09_771514	6	53935348	72862925	9440	0.0065
DUNGS_p_TCGA_b84_115_SNP_N_GenomeWideSNP_6_F09_771514	6	72866524	72866872	2	-1.8207
DUNGS_p_TCGA_b84_115_SNP_N_GenomeWideSNP_6_F09_771514	6	72868563	74591858	1089	-0.0024
DUNGS_p_TCGA_b84_115_SNP_N_GenomeWideSNP_6_F09_771514	6	74592225	74603619	13	0.6913
DUNGS_p_TCGA_b84_115_SNP_N_GenomeWideSNP_6_F09_771514	6	74603719	78969065	2770	-0.0018
DUNGS_p_TCGA_b84_115_SNP_N_GenomeWideSNP_6_F09_771514	6	78969105	79034940	109	0.4517
DUNGS_p_TCGA_b84_115_SNP_N_GenomeWideSNP_6_F09_771514	6	79035027	94475144	9924	4e-04
DUNGS_p_TCGA_b84_115_SNP_N_GenomeWideSNP_6_F09_771514	6	94478606	94482641	4	-1.0763
DUNGS_p_TCGA_b84_115_SNP_N_GenomeWideSNP_6_F09_771514	6	94486242	94696629	131	0.0093
DUNGS_p_TCGA_b84_115_SNP_N_GenomeWideSNP_6_F09_771514	6	94700088	94702451	5	-1.1037
DUNGS_p_TCGA_b84_115_SNP_N_GenomeWideSNP_6_F09_771514	6	94704898	123760419	17701	-0.0024
DUNGS_p_TCGA_b84_115_SNP_N_GenomeWideSNP_6_F09_771514	6	123760725	123780979	12	-0.7181
DUNGS_p_TCGA_b84_115_SNP_N_GenomeWideSNP_6_F09_771514	6	123786941	124234359	302	-0.0236
DUNGS_p_TCGA_b84_115_SNP_N_GenomeWideSNP_6_F09_771514	6	124235689	124236318	6	-0.8293
DUNGS_p_TCGA_b84_115_SNP_N_GenomeWideSNP_6_F09_771514	6	124236735	127182144	1861	0.0021
DUNGS_p_TCGA_b84_115_SNP_N_GenomeWideSNP_6_F09_771514	6	127186554	127187745	4	-1.107
DUNGS_p_TCGA_b84_115_SNP_N_GenomeWideSNP_6_F09_771514	6	127189171	134266268	4714	-0.0057
DUNGS_p_TCGA_b84_115_SNP_N_GenomeWideSNP_6_F09_771514	6	134269071	134269632	2	-1.8305
DUNGS_p_TCGA_b84_115_SNP_N_GenomeWideSNP_6_F09_771514	6	134272072	161032565	17902	0.0035
DUNGS_p_TCGA_b84_115_SNP_N_GenomeWideSNP_6_F09_771514	6	161032719	161068108	7	1.4071
DUNGS_p_TCGA_b84_115_SNP_N_GenomeWideSNP_6_F09_771514	6	161068477	171051005	7269	0.0217
DUNGS_p_TCGA_b84_115_SNP_N_GenomeWideSNP_6_F09_771514	7	43355	5880258	3053	0.0346
DUNGS_p_TCGA_b84_115_SNP_N_GenomeWideSNP_6_F09_771514	7	5883522	5919110	19	0.6066
DUNGS_p_TCGA_b84_115_SNP_N_GenomeWideSNP_6_F09_771514	7	5923738	6837068	372	-0.0097
DUNGS_p_TCGA_b84_115_SNP_N_GenomeWideSNP_6_F09_771514	7	6838724	7061255	83	0.516
DUNGS_p_TCGA_b84_115_SNP_N_GenomeWideSNP_6_F09_771514	7	7062903	38323690	23959	0.002
DUNGS_p_TCGA_b84_115_SNP_N_GenomeWideSNP_6_F09_771514	7	38325441	38377925	93	0.3693
DUNGS_p_TCGA_b84_115_SNP_N_GenomeWideSNP_6_F09_771514	7	38378145	38387443	8	-0.0049
DUNGS_p_TCGA_b84_115_SNP_N_GenomeWideSNP_6_F09_771514	7	38391365	38398047	5	-1.3058
DUNGS_p_TCGA_b84_115_SNP_N_GenomeWideSNP_6_F09_771514	7	38400957	53218055	10168	0.001
DUNGS_p_TCGA_b84_115_SNP_N_GenomeWideSNP_6_F09_771514	7	53218623	53218912	2	1.5083
DUNGS_p_TCGA_b84_115_SNP_N_GenomeWideSNP_6_F09_771514	7	53222388	54186870	704	0.0264
DUNGS_p_TCGA_b84_115_SNP_N_GenomeWideSNP_6_F09_771514	7	54186885	54187108	2	-1.6446
DUNGS_p_TCGA_b84_115_SNP_N_GenomeWideSNP_6_F09_771514	7	54187378	54190423	6	0.098
DUNGS_p_TCGA_b84_115_SNP_N_GenomeWideSNP_6_F09_771514	7	54190619	54190932	4	0.8292
DUNGS_p_TCGA_b84_115_SNP_N_GenomeWideSNP_6_F09_771514	7	54191021	54380373	134	0.0105
DUNGS_p_TCGA_b84_115_SNP_N_GenomeWideSNP_6_F09_771514	7	54386505	54386517	6	3.8962
DUNGS_p_TCGA_b84_115_SNP_N_GenomeWideSNP_6_F09_771514	7	54393488	61307080	2096	0.0633
DUNGS_p_TCGA_b84_115_SNP_N_GenomeWideSNP_6_F09_771514	7	61728407	62385820	153	0.582
DUNGS_p_TCGA_b84_115_SNP_N_GenomeWideSNP_6_F09_771514	7	62385832	64958622	1073	0.0825
DUNGS_p_TCGA_b84_115_SNP_N_GenomeWideSNP_6_F09_771514	7	64960457	65066702	24	0.8193
DUNGS_p_TCGA_b84_115_SNP_N_GenomeWideSNP_6_F09_771514	7	65066954	67804080	1302	0.0196
DUNGS_p_TCGA_b84_115_SNP_N_GenomeWideSNP_6_F09_771514	7	67804287	67806641	2	-1.6166
DUNGS_p_TCGA_b84_115_SNP_N_GenomeWideSNP_6_F09_771514	7	67807599	72425556	2859	0.0158
DUNGS_p_TCGA_b84_115_SNP_N_GenomeWideSNP_6_F09_771514	7	72430577	72731953	20	0.5713
DUNGS_p_TCGA_b84_115_SNP_N_GenomeWideSNP_6_F09_771514	7	72732833	76074980	954	-0.0175
DUNGS_p_TCGA_b84_115_SNP_N_GenomeWideSNP_6_F09_771514	7	76108761	76282709	51	0.4757
DUNGS_p_TCGA_b84_115_SNP_N_GenomeWideSNP_6_F09_771514	7	76282776	76300635	11	-0.4172
DUNGS_p_TCGA_b84_115_SNP_N_GenomeWideSNP_6_F09_771514	7	76301839	76364049	44	0.4399
DUNGS_p_TCGA_b84_115_SNP_N_GenomeWideSNP_6_F09_771514	7	76368521	89808764	8730	6e-04
DUNGS_p_TCGA_b84_115_SNP_N_GenomeWideSNP_6_F09_771514	7	89808987	89810261	2	-1.7748
DUNGS_p_TCGA_b84_115_SNP_N_GenomeWideSNP_6_F09_771514	7	89813911	101017370	6415	0.0084
DUNGS_p_TCGA_b84_115_SNP_N_GenomeWideSNP_6_F09_771514	7	101021069	101115213	40	0.398
DUNGS_p_TCGA_b84_115_SNP_N_GenomeWideSNP_6_F09_771514	7	101115994	102102164	471	-0.0109
DUNGS_p_TCGA_b84_115_SNP_N_GenomeWideSNP_6_F09_771514	7	102235712	102346315	22	0.58
DUNGS_p_TCGA_b84_115_SNP_N_GenomeWideSNP_6_F09_771514	7	102347044	110805299	5499	0
DUNGS_p_TCGA_b84_115_SNP_N_GenomeWideSNP_6_F09_771514	7	110808564	110819562	7	0.9472
DUNGS_p_TCGA_b84_115_SNP_N_GenomeWideSNP_6_F09_771514	7	110819877	127928601	10430	-0.0039
DUNGS_p_TCGA_b84_115_SNP_N_GenomeWideSNP_6_F09_771514	7	127928708	127931439	14	0.7904
DUNGS_p_TCGA_b84_115_SNP_N_GenomeWideSNP_6_F09_771514	7	127940669	128175588	116	0.0066
DUNGS_p_TCGA_b84_115_SNP_N_GenomeWideSNP_6_F09_771514	7	128179698	128351707	54	0.2833
DUNGS_p_TCGA_b84_115_SNP_N_GenomeWideSNP_6_F09_771514	7	128352123	133757260	3224	0.0023
DUNGS_p_TCGA_b84_115_SNP_N_GenomeWideSNP_6_F09_771514	7	133758802	133808792	62	0.6405
DUNGS_p_TCGA_b84_115_SNP_N_GenomeWideSNP_6_F09_771514	7	133815391	135567625	1256	0.0053
DUNGS_p_TCGA_b84_115_SNP_N_GenomeWideSNP_6_F09_771514	7	135568080	135572782	6	1.0541
DUNGS_p_TCGA_b84_115_SNP_N_GenomeWideSNP_6_F09_771514	7	135573240	140104144	2795	0.0048
DUNGS_p_TCGA_b84_115_SNP_N_GenomeWideSNP_6_F09_771514	7	140104784	140114166	3	1.1667
DUNGS_p_TCGA_b84_115_SNP_N_GenomeWideSNP_6_F09_771514	7	140114423	141953105	1311	0.0157
DUNGS_p_TCGA_b84_115_SNP_N_GenomeWideSNP_6_F09_771514	7	141959449	141959809	2	1.5171
DUNGS_p_TCGA_b84_115_SNP_N_GenomeWideSNP_6_F09_771514	7	141961763	142156617	106	0.0264
DUNGS_p_TCGA_b84_115_SNP_N_GenomeWideSNP_6_F09_771514	7	142156848	142180812	22	0.5886
DUNGS_p_TCGA_b84_115_SNP_N_GenomeWideSNP_6_F09_771514	7	142181928	142464572	182	0.0336
DUNGS_p_TCGA_b84_115_SNP_N_GenomeWideSNP_6_F09_771514	7	142465295	142486495	41	0.8289
DUNGS_p_TCGA_b84_115_SNP_N_GenomeWideSNP_6_F09_771514	7	142486560	143952568	850	0.008
DUNGS_p_TCGA_b84_115_SNP_N_GenomeWideSNP_6_F09_771514	7	143952864	144075749	32	-0.5001
DUNGS_p_TCGA_b84_115_SNP_N_GenomeWideSNP_6_F09_771514	7	144075903	153147638	5583	0.0121
DUNGS_p_TCGA_b84_115_SNP_N_GenomeWideSNP_6_F09_771514	7	153147645	153147712	2	-2.4273
DUNGS_p_TCGA_b84_115_SNP_N_GenomeWideSNP_6_F09_771514	7	153147715	153562550	305	0.0953
DUNGS_p_TCGA_b84_115_SNP_N_GenomeWideSNP_6_F09_771514	7	153563432	153563435	2	1.6393
DUNGS_p_TCGA_b84_115_SNP_N_GenomeWideSNP_6_F09_771514	7	153569130	154886676	1005	0.0261
DUNGS_p_TCGA_b84_115_SNP_N_GenomeWideSNP_6_F09_771514	7	154886765	154889184	26	0.4732
DUNGS_p_TCGA_b84_115_SNP_N_GenomeWideSNP_6_F09_771514	7	154889545	156487468	1196	0.023
DUNGS_p_TCGA_b84_115_SNP_N_GenomeWideSNP_6_F09_771514	7	156489732	156493076	3	1.4831
DUNGS_p_TCGA_b84_115_SNP_N_GenomeWideSNP_6_F09_771514	7	156494206	158397458	1088	0.0321
DUNGS_p_TCGA_b84_115_SNP_N_GenomeWideSNP_6_F09_771514	7	158398430	158403963	3	1.2146
DUNGS_p_TCGA_b84_115_SNP_N_GenomeWideSNP_6_F09_771514	7	158404094	159127004	489	0.138
DUNGS_p_TCGA_b84_115_SNP_N_GenomeWideSNP_6_F09_771514	8	31254	162672	7	0.7611
DUNGS_p_TCGA_b84_115_SNP_N_GenomeWideSNP_6_F09_771514	8	162832	200898	27	-0.1012
DUNGS_p_TCGA_b84_115_SNP_N_GenomeWideSNP_6_F09_771514	8	203201	203732	2	2.1144
DUNGS_p_TCGA_b84_115_SNP_N_GenomeWideSNP_6_F09_771514	8	208314	3623904	3189	0.0369
DUNGS_p_TCGA_b84_115_SNP_N_GenomeWideSNP_6_F09_771514	8	3626862	3628469	8	-0.8913
DUNGS_p_TCGA_b84_115_SNP_N_GenomeWideSNP_6_F09_771514	8	3630475	3787716	220	-0.007
DUNGS_p_TCGA_b84_115_SNP_N_GenomeWideSNP_6_F09_771514	8	3788103	3788105	2	1.9684
DUNGS_p_TCGA_b84_115_SNP_N_GenomeWideSNP_6_F09_771514	8	3788251	5857498	3009	7e-04
DUNGS_p_TCGA_b84_115_SNP_N_GenomeWideSNP_6_F09_771514	8	5861537	5868845	6	-1.0773
DUNGS_p_TCGA_b84_115_SNP_N_GenomeWideSNP_6_F09_771514	8	5869938	5962517	115	0.0103
DUNGS_p_TCGA_b84_115_SNP_N_GenomeWideSNP_6_F09_771514	8	5964052	5964068	2	-1.5642
DUNGS_p_TCGA_b84_115_SNP_N_GenomeWideSNP_6_F09_771514	8	5964404	6825536	1137	0.0259
DUNGS_p_TCGA_b84_115_SNP_N_GenomeWideSNP_6_F09_771514	8	6825676	6880062	27	0.661
DUNGS_p_TCGA_b84_115_SNP_N_GenomeWideSNP_6_F09_771514	8	6882393	6925740	50	0.1245
DUNGS_p_TCGA_b84_115_SNP_N_GenomeWideSNP_6_F09_771514	8	6933758	7033795	28	0.668
DUNGS_p_TCGA_b84_115_SNP_N_GenomeWideSNP_6_F09_771514	8	7036819	7254328	38	0.1088
DUNGS_p_TCGA_b84_115_SNP_N_GenomeWideSNP_6_F09_771514	8	7254341	8102831	220	0.6357
DUNGS_p_TCGA_b84_115_SNP_N_GenomeWideSNP_6_F09_771514	8	8107766	10223610	1907	0.0101
DUNGS_p_TCGA_b84_115_SNP_N_GenomeWideSNP_6_F09_771514	8	10224600	10263707	41	0.3994
DUNGS_p_TCGA_b84_115_SNP_N_GenomeWideSNP_6_F09_771514	8	10266972	12232281	1292	0.0447
DUNGS_p_TCGA_b84_115_SNP_N_GenomeWideSNP_6_F09_771514	8	12232416	12304656	55	1.4649
DUNGS_p_TCGA_b84_115_SNP_N_GenomeWideSNP_6_F09_771514	8	12310684	12443055	46	0.7663
DUNGS_p_TCGA_b84_115_SNP_N_GenomeWideSNP_6_F09_771514	8	12473543	18856782	5883	0.0029
DUNGS_p_TCGA_b84_115_SNP_N_GenomeWideSNP_6_F09_771514	8	18857000	18858239	4	-1.9725
DUNGS_p_TCGA_b84_115_SNP_N_GenomeWideSNP_6_F09_771514	8	18858287	26871594	6061	0.0035
DUNGS_p_TCGA_b84_115_SNP_N_GenomeWideSNP_6_F09_771514	8	26874479	26880682	8	-0.865
DUNGS_p_TCGA_b84_115_SNP_N_GenomeWideSNP_6_F09_771514	8	26886807	30920943	2634	0.005
DUNGS_p_TCGA_b84_115_SNP_N_GenomeWideSNP_6_F09_771514	8	30922926	30922928	2	1.4878
DUNGS_p_TCGA_b84_115_SNP_N_GenomeWideSNP_6_F09_771514	8	30922956	32678715	1328	0.0012
DUNGS_p_TCGA_b84_115_SNP_N_GenomeWideSNP_6_F09_771514	8	32678866	32688413	9	0.855
DUNGS_p_TCGA_b84_115_SNP_N_GenomeWideSNP_6_F09_771514	8	32692106	39230659	3584	-0.0042
DUNGS_p_TCGA_b84_115_SNP_N_GenomeWideSNP_6_F09_771514	8	39235603	39386965	59	-2.1639
DUNGS_p_TCGA_b84_115_SNP_N_GenomeWideSNP_6_F09_771514	8	39388299	43624895	2559	0.0154
DUNGS_p_TCGA_b84_115_SNP_N_GenomeWideSNP_6_F09_771514	8	43625120	47416228	167	0.3154
DUNGS_p_TCGA_b84_115_SNP_N_GenomeWideSNP_6_F09_771514	8	47429009	47517012	47	-0.0097
DUNGS_p_TCGA_b84_115_SNP_N_GenomeWideSNP_6_F09_771514	8	47521117	47531749	6	0.7023
DUNGS_p_TCGA_b84_115_SNP_N_GenomeWideSNP_6_F09_771514	8	47532422	47706677	87	0.0192
DUNGS_p_TCGA_b84_115_SNP_N_GenomeWideSNP_6_F09_771514	8	47707074	47743262	24	0.4955
DUNGS_p_TCGA_b84_115_SNP_N_GenomeWideSNP_6_F09_771514	8	47747292	58374098	6517	0.0067
DUNGS_p_TCGA_b84_115_SNP_N_GenomeWideSNP_6_F09_771514	8	58374275	58375447	7	1.132
DUNGS_p_TCGA_b84_115_SNP_N_GenomeWideSNP_6_F09_771514	8	58375578	87241319	17502	6e-04
DUNGS_p_TCGA_b84_115_SNP_N_GenomeWideSNP_6_F09_771514	8	87241564	87241715	2	-1.7465
DUNGS_p_TCGA_b84_115_SNP_N_GenomeWideSNP_6_F09_771514	8	87241847	112294646	15174	0.0026
DUNGS_p_TCGA_b84_115_SNP_N_GenomeWideSNP_6_F09_771514	8	112294670	112300281	7	-1.3398
DUNGS_p_TCGA_b84_115_SNP_N_GenomeWideSNP_6_F09_771514	8	112301252	115638467	1845	0.0088
DUNGS_p_TCGA_b84_115_SNP_N_GenomeWideSNP_6_F09_771514	8	115638701	115641072	10	0.6966
DUNGS_p_TCGA_b84_115_SNP_N_GenomeWideSNP_6_F09_771514	8	115641136	137856314	16088	0.0046
DUNGS_p_TCGA_b84_115_SNP_N_GenomeWideSNP_6_F09_771514	8	137860469	137861001	2	1.5498
DUNGS_p_TCGA_b84_115_SNP_N_GenomeWideSNP_6_F09_771514	8	137861596	146298155	5013	0.054
DUNGS_p_TCGA_b84_115_SNP_N_GenomeWideSNP_6_F09_771514	9	46587	39310907	31306	0.0024
DUNGS_p_TCGA_b84_115_SNP_N_GenomeWideSNP_6_F09_771514	9	39313820	45556541	285	0.4613
DUNGS_p_TCGA_b84_115_SNP_N_GenomeWideSNP_6_F09_771514	9	45556556	46347420	32	1.0409
DUNGS_p_TCGA_b84_115_SNP_N_GenomeWideSNP_6_F09_771514	9	46347431	69941943	272	0.5171
DUNGS_p_TCGA_b84_115_SNP_N_GenomeWideSNP_6_F09_771514	9	69941944	69941948	5	1.7337
DUNGS_p_TCGA_b84_115_SNP_N_GenomeWideSNP_6_F09_771514	9	69942154	71005578	33	0.5253
DUNGS_p_TCGA_b84_115_SNP_N_GenomeWideSNP_6_F09_771514	9	71006575	79329205	6130	-0.0012
DUNGS_p_TCGA_b84_115_SNP_N_GenomeWideSNP_6_F09_771514	9	79329828	79332313	6	-0.9604
DUNGS_p_TCGA_b84_115_SNP_N_GenomeWideSNP_6_F09_771514	9	79332718	96470097	12030	0.0054
DUNGS_p_TCGA_b84_115_SNP_N_GenomeWideSNP_6_F09_771514	9	96470711	96472946	3	-2.1804
DUNGS_p_TCGA_b84_115_SNP_N_GenomeWideSNP_6_F09_771514	9	96473784	104880945	5553	0.0077
DUNGS_p_TCGA_b84_115_SNP_N_GenomeWideSNP_6_F09_771514	9	104882198	104882287	3	1.6356
DUNGS_p_TCGA_b84_115_SNP_N_GenomeWideSNP_6_F09_771514	9	104882377	106637939	1203	0.012
DUNGS_p_TCGA_b84_115_SNP_N_GenomeWideSNP_6_F09_771514	9	106638283	106638311	2	-2.2924
DUNGS_p_TCGA_b84_115_SNP_N_GenomeWideSNP_6_F09_771514	9	106641039	107325092	541	-0.0066
DUNGS_p_TCGA_b84_115_SNP_N_GenomeWideSNP_6_F09_771514	9	107326050	107326082	2	-1.7183
DUNGS_p_TCGA_b84_115_SNP_N_GenomeWideSNP_6_F09_771514	9	107328667	112981815	4501	-0.008
DUNGS_p_TCGA_b84_115_SNP_N_GenomeWideSNP_6_F09_771514	9	112982009	112983064	2	-1.9153
DUNGS_p_TCGA_b84_115_SNP_N_GenomeWideSNP_6_F09_771514	9	112983407	113020154	18	0.4742
DUNGS_p_TCGA_b84_115_SNP_N_GenomeWideSNP_6_F09_771514	9	113023314	115494015	1798	-5e-04
DUNGS_p_TCGA_b84_115_SNP_N_GenomeWideSNP_6_F09_771514	9	115496576	115593729	61	0.2697
DUNGS_p_TCGA_b84_115_SNP_N_GenomeWideSNP_6_F09_771514	9	115593870	115781111	152	-0.0135
DUNGS_p_TCGA_b84_115_SNP_N_GenomeWideSNP_6_F09_771514	9	115781317	115787041	2	1.3271
DUNGS_p_TCGA_b84_115_SNP_N_GenomeWideSNP_6_F09_771514	9	115789908	117080496	915	-0.0028
DUNGS_p_TCGA_b84_115_SNP_N_GenomeWideSNP_6_F09_771514	9	117082811	117094181	7	1.5421
DUNGS_p_TCGA_b84_115_SNP_N_GenomeWideSNP_6_F09_771514	9	117095113	140219868	14708	0.0072
DUNGS_p_TCGA_b84_115_SNP_N_GenomeWideSNP_6_F09_771514	9	140228155	140255642	19	0.5946
DUNGS_p_TCGA_b84_115_SNP_N_GenomeWideSNP_6_F09_771514	9	140255718	140948706	301	-0.0137
DUNGS_p_TCGA_b84_115_SNP_N_GenomeWideSNP_6_F09_771514	9	140952916	141091394	114	0.3103
DUNGS_p_TCGA_b84_115_SNP_N_GenomeWideSNP_6_F09_771514	10	72759	4290814	3591	0.0255
DUNGS_p_TCGA_b84_115_SNP_N_GenomeWideSNP_6_F09_771514	10	4290838	4291016	3	1.5145
DUNGS_p_TCGA_b84_115_SNP_N_GenomeWideSNP_6_F09_771514	10	4294071	15011122	9154	-0.0023
DUNGS_p_TCGA_b84_115_SNP_N_GenomeWideSNP_6_F09_771514	10	15011325	15057795	19	0.8026
DUNGS_p_TCGA_b84_115_SNP_N_GenomeWideSNP_6_F09_771514	10	15060276	17779314	2124	-0.0053
DUNGS_p_TCGA_b84_115_SNP_N_GenomeWideSNP_6_F09_771514	10	17795677	17817578	2	1.7726
DUNGS_p_TCGA_b84_115_SNP_N_GenomeWideSNP_6_F09_771514	10	17823971	24377674	4371	-0.0045
DUNGS_p_TCGA_b84_115_SNP_N_GenomeWideSNP_6_F09_771514	10	24377675	24379007	13	1.0244
DUNGS_p_TCGA_b84_115_SNP_N_GenomeWideSNP_6_F09_771514	10	24379039	29881403	3965	-0.0015
DUNGS_p_TCGA_b84_115_SNP_N_GenomeWideSNP_6_F09_771514	10	29881442	29884086	4	0.983
DUNGS_p_TCGA_b84_115_SNP_N_GenomeWideSNP_6_F09_771514	10	29884647	39070670	5955	0.0034
DUNGS_p_TCGA_b84_115_SNP_N_GenomeWideSNP_6_F09_771514	10	39070808	42896843	96	0.4695
DUNGS_p_TCGA_b84_115_SNP_N_GenomeWideSNP_6_F09_771514	10	42897148	45258493	1738	0.0115
DUNGS_p_TCGA_b84_115_SNP_N_GenomeWideSNP_6_F09_771514	10	45259105	45260417	2	1.5231
DUNGS_p_TCGA_b84_115_SNP_N_GenomeWideSNP_6_F09_771514	10	45260482	46253045	563	-0.0246
DUNGS_p_TCGA_b84_115_SNP_N_GenomeWideSNP_6_F09_771514	10	46256781	47625392	251	0.4859
DUNGS_p_TCGA_b84_115_SNP_N_GenomeWideSNP_6_F09_771514	10	47626695	47633090	24	1.0492
DUNGS_p_TCGA_b84_115_SNP_N_GenomeWideSNP_6_F09_771514	10	47633130	48005227	115	0.4002
DUNGS_p_TCGA_b84_115_SNP_N_GenomeWideSNP_6_F09_771514	10	48036571	51593709	1724	0.0281
DUNGS_p_TCGA_b84_115_SNP_N_GenomeWideSNP_6_F09_771514	10	51595847	51812707	33	0.4534
DUNGS_p_TCGA_b84_115_SNP_N_GenomeWideSNP_6_F09_771514	10	51817626	52410328	362	-0.0432
DUNGS_p_TCGA_b84_115_SNP_N_GenomeWideSNP_6_F09_771514	10	52411190	52479016	29	0.5279
DUNGS_p_TCGA_b84_115_SNP_N_GenomeWideSNP_6_F09_771514	10	52479772	67299689	10643	0.0031
DUNGS_p_TCGA_b84_115_SNP_N_GenomeWideSNP_6_F09_771514	10	67299848	67322795	37	0.6821
DUNGS_p_TCGA_b84_115_SNP_N_GenomeWideSNP_6_F09_771514	10	67322926	81244418	9242	0.0042
DUNGS_p_TCGA_b84_115_SNP_N_GenomeWideSNP_6_F09_771514	10	81244527	81706324	87	0.3917
DUNGS_p_TCGA_b84_115_SNP_N_GenomeWideSNP_6_F09_771514	10	81706951	82878159	818	0.0197
DUNGS_p_TCGA_b84_115_SNP_N_GenomeWideSNP_6_F09_771514	10	82881330	82889783	10	-0.9089
DUNGS_p_TCGA_b84_115_SNP_N_GenomeWideSNP_6_F09_771514	10	82894469	88877831	4300	-0.0052
DUNGS_p_TCGA_b84_115_SNP_N_GenomeWideSNP_6_F09_771514	10	88896438	89046064	32	0.4261
DUNGS_p_TCGA_b84_115_SNP_N_GenomeWideSNP_6_F09_771514	10	89046498	122776839	22519	0.0035
DUNGS_p_TCGA_b84_115_SNP_N_GenomeWideSNP_6_F09_771514	10	122776968	122777462	4	1.5868
DUNGS_p_TCGA_b84_115_SNP_N_GenomeWideSNP_6_F09_771514	10	122777498	123459330	757	0.003
DUNGS_p_TCGA_b84_115_SNP_N_GenomeWideSNP_6_F09_771514	10	123459336	123460078	7	1.0363
DUNGS_p_TCGA_b84_115_SNP_N_GenomeWideSNP_6_F09_771514	10	123460141	124344109	650	0.017
DUNGS_p_TCGA_b84_115_SNP_N_GenomeWideSNP_6_F09_771514	10	124344223	124346914	3	-4.8927
DUNGS_p_TCGA_b84_115_SNP_N_GenomeWideSNP_6_F09_771514	10	124346978	135506704	7929	0.0206
DUNGS_p_TCGA_b84_115_SNP_N_GenomeWideSNP_6_F09_771514	11	198510	4970330	2485	0.0287
DUNGS_p_TCGA_b84_115_SNP_N_GenomeWideSNP_6_F09_771514	11	4970343	4976272	25	0.7852
DUNGS_p_TCGA_b84_115_SNP_N_GenomeWideSNP_6_F09_771514	11	4976334	37245049	23909	0.0036
DUNGS_p_TCGA_b84_115_SNP_N_GenomeWideSNP_6_F09_771514	11	37251134	37253354	3	-1.3823
DUNGS_p_TCGA_b84_115_SNP_N_GenomeWideSNP_6_F09_771514	11	37253375	49757767	7512	0.0042
DUNGS_p_TCGA_b84_115_SNP_N_GenomeWideSNP_6_F09_771514	11	49758273	49760688	10	-0.7012
DUNGS_p_TCGA_b84_115_SNP_N_GenomeWideSNP_6_F09_771514	11	49766161	50524009	340	0.1075
DUNGS_p_TCGA_b84_115_SNP_N_GenomeWideSNP_6_F09_771514	11	50573226	51328795	74	0.5245
DUNGS_p_TCGA_b84_115_SNP_N_GenomeWideSNP_6_F09_771514	11	51328796	55363340	338	0.1051
DUNGS_p_TCGA_b84_115_SNP_N_GenomeWideSNP_6_F09_771514	11	55374032	55453576	60	0.6607
DUNGS_p_TCGA_b84_115_SNP_N_GenomeWideSNP_6_F09_771514	11	55460683	55632259	127	-0.0011
DUNGS_p_TCGA_b84_115_SNP_N_GenomeWideSNP_6_F09_771514	11	55632785	55660354	13	0.6957
DUNGS_p_TCGA_b84_115_SNP_N_GenomeWideSNP_6_F09_771514	11	55665423	55682048	21	0.0956
DUNGS_p_TCGA_b84_115_SNP_N_GenomeWideSNP_6_F09_771514	11	55682604	55683787	6	-1.1131
DUNGS_p_TCGA_b84_115_SNP_N_GenomeWideSNP_6_F09_771514	11	55683944	62111928	3841	0.0028
DUNGS_p_TCGA_b84_115_SNP_N_GenomeWideSNP_6_F09_771514	11	62112258	62142128	13	0.5564
DUNGS_p_TCGA_b84_115_SNP_N_GenomeWideSNP_6_F09_771514	11	62143852	67313835	2157	0.0404
DUNGS_p_TCGA_b84_115_SNP_N_GenomeWideSNP_6_F09_771514	11	67317835	67770619	150	0.3602
DUNGS_p_TCGA_b84_115_SNP_N_GenomeWideSNP_6_F09_771514	11	67775101	71385373	2027	0.0045
DUNGS_p_TCGA_b84_115_SNP_N_GenomeWideSNP_6_F09_771514	11	71386125	71400458	6	0.9925
DUNGS_p_TCGA_b84_115_SNP_N_GenomeWideSNP_6_F09_771514	11	71405466	81662203	6399	0.004
DUNGS_p_TCGA_b84_115_SNP_N_GenomeWideSNP_6_F09_771514	11	81662646	81663024	3	1.5728
DUNGS_p_TCGA_b84_115_SNP_N_GenomeWideSNP_6_F09_771514	11	81668644	89514228	5190	-0.0082
DUNGS_p_TCGA_b84_115_SNP_N_GenomeWideSNP_6_F09_771514	11	89529607	89546927	5	1.2778
DUNGS_p_TCGA_b84_115_SNP_N_GenomeWideSNP_6_F09_771514	11	89548104	91782610	1386	0.0142
DUNGS_p_TCGA_b84_115_SNP_N_GenomeWideSNP_6_F09_771514	11	91783750	91784991	2	-1.591
DUNGS_p_TCGA_b84_115_SNP_N_GenomeWideSNP_6_F09_771514	11	91785428	93139551	1026	0.0173
DUNGS_p_TCGA_b84_115_SNP_N_GenomeWideSNP_6_F09_771514	11	93140002	93140986	3	-1.2908
DUNGS_p_TCGA_b84_115_SNP_N_GenomeWideSNP_6_F09_771514	11	93141796	107781379	10507	0.0023
DUNGS_p_TCGA_b84_115_SNP_N_GenomeWideSNP_6_F09_771514	11	107784507	107785098	2	-1.8345
DUNGS_p_TCGA_b84_115_SNP_N_GenomeWideSNP_6_F09_771514	11	107787713	132831526	17995	0.0019
DUNGS_p_TCGA_b84_115_SNP_N_GenomeWideSNP_6_F09_771514	11	132831793	132879402	30	0.4132
DUNGS_p_TCGA_b84_115_SNP_N_GenomeWideSNP_6_F09_771514	11	132881641	134944770	1563	0.0476
DUNGS_p_TCGA_b84_115_SNP_N_GenomeWideSNP_6_F09_771514	12	150442	864074	416	0.1415
DUNGS_p_TCGA_b84_115_SNP_N_GenomeWideSNP_6_F09_771514	12	865736	874029	20	-0.9268
DUNGS_p_TCGA_b84_115_SNP_N_GenomeWideSNP_6_F09_771514	12	875354	2251459	845	0.0379
DUNGS_p_TCGA_b84_115_SNP_N_GenomeWideSNP_6_F09_771514	12	2251475	2253004	13	0.645
DUNGS_p_TCGA_b84_115_SNP_N_GenomeWideSNP_6_F09_771514	12	2253047	8317835	4252	0.0103
DUNGS_p_TCGA_b84_115_SNP_N_GenomeWideSNP_6_F09_771514	12	8320899	8556693	78	0.4567
DUNGS_p_TCGA_b84_115_SNP_N_GenomeWideSNP_6_F09_771514	12	8558488	8596353	25	1.2541
DUNGS_p_TCGA_b84_115_SNP_N_GenomeWideSNP_6_F09_771514	12	8596792	27647907	13043	0.0061
DUNGS_p_TCGA_b84_115_SNP_N_GenomeWideSNP_6_F09_771514	12	27647980	27650293	16	-1.0472
DUNGS_p_TCGA_b84_115_SNP_N_GenomeWideSNP_6_F09_771514	12	27650343	45899825	9844	0.0166
DUNGS_p_TCGA_b84_115_SNP_N_GenomeWideSNP_6_F09_771514	12	45904438	45918663	7	0.8857
DUNGS_p_TCGA_b84_115_SNP_N_GenomeWideSNP_6_F09_771514	12	45921199	55714295	5630	0.0133
DUNGS_p_TCGA_b84_115_SNP_N_GenomeWideSNP_6_F09_771514	12	55714348	55714772	5	1.0306
DUNGS_p_TCGA_b84_115_SNP_N_GenomeWideSNP_6_F09_771514	12	55714804	64000945	5043	0.0022
DUNGS_p_TCGA_b84_115_SNP_N_GenomeWideSNP_6_F09_771514	12	64001180	64046586	11	0.6835
DUNGS_p_TCGA_b84_115_SNP_N_GenomeWideSNP_6_F09_771514	12	64046625	73201599	6026	-2e-04
DUNGS_p_TCGA_b84_115_SNP_N_GenomeWideSNP_6_F09_771514	12	73206331	73207191	3	1.6852
DUNGS_p_TCGA_b84_115_SNP_N_GenomeWideSNP_6_F09_771514	12	73207967	90483350	10590	-0.0047
DUNGS_p_TCGA_b84_115_SNP_N_GenomeWideSNP_6_F09_771514	12	90491669	90493557	8	-1.2285
DUNGS_p_TCGA_b84_115_SNP_N_GenomeWideSNP_6_F09_771514	12	90493613	99795851	6465	-0.0019
DUNGS_p_TCGA_b84_115_SNP_N_GenomeWideSNP_6_F09_771514	12	99796186	99796331	7	0.7355
DUNGS_p_TCGA_b84_115_SNP_N_GenomeWideSNP_6_F09_771514	12	99796370	99797089	7	1.4273
DUNGS_p_TCGA_b84_115_SNP_N_GenomeWideSNP_6_F09_771514	12	99797809	99798062	4	-0.383
DUNGS_p_TCGA_b84_115_SNP_N_GenomeWideSNP_6_F09_771514	12	99798152	99803118	9	0.6193
DUNGS_p_TCGA_b84_115_SNP_N_GenomeWideSNP_6_F09_771514	12	99803133	104948319	3311	0.0082
DUNGS_p_TCGA_b84_115_SNP_N_GenomeWideSNP_6_F09_771514	12	104948566	104960941	11	0.6383
DUNGS_p_TCGA_b84_115_SNP_N_GenomeWideSNP_6_F09_771514	12	104963876	127194489	14534	0.0044
DUNGS_p_TCGA_b84_115_SNP_N_GenomeWideSNP_6_F09_771514	12	127194575	127209697	9	0.7441
DUNGS_p_TCGA_b84_115_SNP_N_GenomeWideSNP_6_F09_771514	12	127210665	128048447	782	0.0232
DUNGS_p_TCGA_b84_115_SNP_N_GenomeWideSNP_6_F09_771514	12	128048949	128048958	2	1.6008
DUNGS_p_TCGA_b84_115_SNP_N_GenomeWideSNP_6_F09_771514	12	128049320	131725985	3166	0.0418
DUNGS_p_TCGA_b84_115_SNP_N_GenomeWideSNP_6_F09_771514	12	131726045	131796447	67	0.3629
DUNGS_p_TCGA_b84_115_SNP_N_GenomeWideSNP_6_F09_771514	12	131803792	131804938	2	-0.7596
DUNGS_p_TCGA_b84_115_SNP_N_GenomeWideSNP_6_F09_771514	12	131808599	132120586	316	0.0413
DUNGS_p_TCGA_b84_115_SNP_N_GenomeWideSNP_6_F09_771514	12	132120715	132132668	4	-0.9151
DUNGS_p_TCGA_b84_115_SNP_N_GenomeWideSNP_6_F09_771514	12	132132683	132133226	5	-2.5125
DUNGS_p_TCGA_b84_115_SNP_N_GenomeWideSNP_6_F09_771514	12	132133269	133778189	577	0.0739
DUNGS_p_TCGA_b84_115_SNP_N_GenomeWideSNP_6_F09_771514	13	19026949	19314519	70	0.397
DUNGS_p_TCGA_b84_115_SNP_N_GenomeWideSNP_6_F09_771514	13	19315173	19400872	19	0.9971
DUNGS_p_TCGA_b84_115_SNP_N_GenomeWideSNP_6_F09_771514	13	19402078	23629177	2809	0.0293
DUNGS_p_TCGA_b84_115_SNP_N_GenomeWideSNP_6_F09_771514	13	23629187	23632876	5	-1.3674
DUNGS_p_TCGA_b84_115_SNP_N_GenomeWideSNP_6_F09_771514	13	23632906	24947341	1102	-0.0037
DUNGS_p_TCGA_b84_115_SNP_N_GenomeWideSNP_6_F09_771514	13	24954953	25020277	35	0.4195
DUNGS_p_TCGA_b84_115_SNP_N_GenomeWideSNP_6_F09_771514	13	25022166	25119396	114	0.0183
DUNGS_p_TCGA_b84_115_SNP_N_GenomeWideSNP_6_F09_771514	13	25120453	25130505	3	-1.0359
DUNGS_p_TCGA_b84_115_SNP_N_GenomeWideSNP_6_F09_771514	13	25130591	25144537	14	-0.0022
DUNGS_p_TCGA_b84_115_SNP_N_GenomeWideSNP_6_F09_771514	13	25145058	25216673	39	0.391
DUNGS_p_TCGA_b84_115_SNP_N_GenomeWideSNP_6_F09_771514	13	25217395	51061044	18176	-2e-04
DUNGS_p_TCGA_b84_115_SNP_N_GenomeWideSNP_6_F09_771514	13	51069892	51075385	4	1.5439
DUNGS_p_TCGA_b84_115_SNP_N_GenomeWideSNP_6_F09_771514	13	51076380	57758626	3765	0.0046
DUNGS_p_TCGA_b84_115_SNP_N_GenomeWideSNP_6_F09_771514	13	57763147	57776569	27	-0.7584
DUNGS_p_TCGA_b84_115_SNP_N_GenomeWideSNP_6_F09_771514	13	57778368	72476988	9014	-0.0044
DUNGS_p_TCGA_b84_115_SNP_N_GenomeWideSNP_6_F09_771514	13	72477555	72480556	4	1.68
DUNGS_p_TCGA_b84_115_SNP_N_GenomeWideSNP_6_F09_771514	13	72480605	76608729	3050	0.0109
DUNGS_p_TCGA_b84_115_SNP_N_GenomeWideSNP_6_F09_771514	13	76610840	76612688	11	0.5937
DUNGS_p_TCGA_b84_115_SNP_N_GenomeWideSNP_6_F09_771514	13	76612716	77632470	759	-0.027
DUNGS_p_TCGA_b84_115_SNP_N_GenomeWideSNP_6_F09_771514	13	77632832	77634191	2	-1.9227
DUNGS_p_TCGA_b84_115_SNP_N_GenomeWideSNP_6_F09_771514	13	77638099	115091679	25347	4e-04
DUNGS_p_TCGA_b84_115_SNP_N_GenomeWideSNP_6_F09_771514	13	115091885	115108397	8	0.5069
DUNGS_p_TCGA_b84_115_SNP_N_GenomeWideSNP_6_F09_771514	14	19002124	20137346	79	0.3654
DUNGS_p_TCGA_b84_115_SNP_N_GenomeWideSNP_6_F09_771514	14	20143509	20953542	498	-0.0537
DUNGS_p_TCGA_b84_115_SNP_N_GenomeWideSNP_6_F09_771514	14	20954997	20957433	2	-2.1544
DUNGS_p_TCGA_b84_115_SNP_N_GenomeWideSNP_6_F09_771514	14	20957471	22128914	747	0.0223
DUNGS_p_TCGA_b84_115_SNP_N_GenomeWideSNP_6_F09_771514	14	22129554	22130428	2	-1.7995
DUNGS_p_TCGA_b84_115_SNP_N_GenomeWideSNP_6_F09_771514	14	22130610	24425142	1596	0.0602
DUNGS_p_TCGA_b84_115_SNP_N_GenomeWideSNP_6_F09_771514	14	24426606	24495050	49	0.3237
DUNGS_p_TCGA_b84_115_SNP_N_GenomeWideSNP_6_F09_771514	14	24499742	24916304	216	-0.0074
DUNGS_p_TCGA_b84_115_SNP_N_GenomeWideSNP_6_F09_771514	14	24917055	24927359	7	0.6738
DUNGS_p_TCGA_b84_115_SNP_N_GenomeWideSNP_6_F09_771514	14	24929871	26779642	1370	-8e-04
DUNGS_p_TCGA_b84_115_SNP_N_GenomeWideSNP_6_F09_771514	14	26783903	26784913	9	0.8853
DUNGS_p_TCGA_b84_115_SNP_N_GenomeWideSNP_6_F09_771514	14	26795104	41608358	9273	-7e-04
DUNGS_p_TCGA_b84_115_SNP_N_GenomeWideSNP_6_F09_771514	14	41610496	41637429	11	-1.6198
DUNGS_p_TCGA_b84_115_SNP_N_GenomeWideSNP_6_F09_771514	14	41637815	41653977	2	-6.4726
DUNGS_p_TCGA_b84_115_SNP_N_GenomeWideSNP_6_F09_771514	14	41657249	47707336	3533	-0.0147
DUNGS_p_TCGA_b84_115_SNP_N_GenomeWideSNP_6_F09_771514	14	47708286	47722554	11	-1.0316
DUNGS_p_TCGA_b84_115_SNP_N_GenomeWideSNP_6_F09_771514	14	47723107	48848144	733	0.011
DUNGS_p_TCGA_b84_115_SNP_N_GenomeWideSNP_6_F09_771514	14	48848243	48848347	2	-1.8983
DUNGS_p_TCGA_b84_115_SNP_N_GenomeWideSNP_6_F09_771514	14	48850016	56212107	4712	-0.0031
DUNGS_p_TCGA_b84_115_SNP_N_GenomeWideSNP_6_F09_771514	14	56212131	56246011	35	0.3297
DUNGS_p_TCGA_b84_115_SNP_N_GenomeWideSNP_6_F09_771514	14	56246885	58758107	1872	0.0037
DUNGS_p_TCGA_b84_115_SNP_N_GenomeWideSNP_6_F09_771514	14	58762197	58772018	2	-1.6525
DUNGS_p_TCGA_b84_115_SNP_N_GenomeWideSNP_6_F09_771514	14	58772863	63952433	3284	-0.0037
DUNGS_p_TCGA_b84_115_SNP_N_GenomeWideSNP_6_F09_771514	14	63953452	63961492	3	1.3383
DUNGS_p_TCGA_b84_115_SNP_N_GenomeWideSNP_6_F09_771514	14	63962427	66069606	1345	-0.0084
DUNGS_p_TCGA_b84_115_SNP_N_GenomeWideSNP_6_F09_771514	14	66072040	66075214	3	-1.3005
DUNGS_p_TCGA_b84_115_SNP_N_GenomeWideSNP_6_F09_771514	14	66080031	67036031	555	-0.008
DUNGS_p_TCGA_b84_115_SNP_N_GenomeWideSNP_6_F09_771514	14	67040699	67076891	11	0.6306
DUNGS_p_TCGA_b84_115_SNP_N_GenomeWideSNP_6_F09_771514	14	67077150	69250915	1297	-0.0011
DUNGS_p_TCGA_b84_115_SNP_N_GenomeWideSNP_6_F09_771514	14	69258877	69287483	14	0.5618
DUNGS_p_TCGA_b84_115_SNP_N_GenomeWideSNP_6_F09_771514	14	69287591	70022269	461	0.0336
DUNGS_p_TCGA_b84_115_SNP_N_GenomeWideSNP_6_F09_771514	14	70022284	70028547	8	0.6867
DUNGS_p_TCGA_b84_115_SNP_N_GenomeWideSNP_6_F09_771514	14	70032826	73990195	2621	0.0032
DUNGS_p_TCGA_b84_115_SNP_N_GenomeWideSNP_6_F09_771514	14	73990621	74056473	25	0.4015
DUNGS_p_TCGA_b84_115_SNP_N_GenomeWideSNP_6_F09_771514	14	74056531	75102628	601	0.0011
DUNGS_p_TCGA_b84_115_SNP_N_GenomeWideSNP_6_F09_771514	14	75106880	75108022	2	1.2105
DUNGS_p_TCGA_b84_115_SNP_N_GenomeWideSNP_6_F09_771514	14	75108290	76591584	914	0.0061
DUNGS_p_TCGA_b84_115_SNP_N_GenomeWideSNP_6_F09_771514	14	76593690	76594292	2	1.4569
DUNGS_p_TCGA_b84_115_SNP_N_GenomeWideSNP_6_F09_771514	14	76594599	84504068	5442	0.0032
DUNGS_p_TCGA_b84_115_SNP_N_GenomeWideSNP_6_F09_771514	14	84504107	84504812	2	1.9588
DUNGS_p_TCGA_b84_115_SNP_N_GenomeWideSNP_6_F09_771514	14	84505025	85565090	638	0.0099
DUNGS_p_TCGA_b84_115_SNP_N_GenomeWideSNP_6_F09_771514	14	85565155	85565295	3	-1.1184
DUNGS_p_TCGA_b84_115_SNP_N_GenomeWideSNP_6_F09_771514	14	85565426	86284754	564	0.0169
DUNGS_p_TCGA_b84_115_SNP_N_GenomeWideSNP_6_F09_771514	14	86286312	86294372	5	-0.6357
DUNGS_p_TCGA_b84_115_SNP_N_GenomeWideSNP_6_F09_771514	14	86294723	86312173	10	-1.4381
DUNGS_p_TCGA_b84_115_SNP_N_GenomeWideSNP_6_F09_771514	14	86316135	86992137	485	-0.0061
DUNGS_p_TCGA_b84_115_SNP_N_GenomeWideSNP_6_F09_771514	14	86992684	86992884	2	-1.6159
DUNGS_p_TCGA_b84_115_SNP_N_GenomeWideSNP_6_F09_771514	14	86996167	106863526	12307	0.0102
DUNGS_p_TCGA_b84_115_SNP_N_GenomeWideSNP_6_F09_771514	14	106864722	106881352	7	-0.8036
DUNGS_p_TCGA_b84_115_SNP_N_GenomeWideSNP_6_F09_771514	14	106882342	107285437	273	0.193
DUNGS_p_TCGA_b84_115_SNP_N_GenomeWideSNP_6_F09_771514	15	20016328	20110250	18	0.4115
DUNGS_p_TCGA_b84_115_SNP_N_GenomeWideSNP_6_F09_771514	15	20112274	20152728	11	0.9926
DUNGS_p_TCGA_b84_115_SNP_N_GenomeWideSNP_6_F09_771514	15	20155638	20194738	17	0.1577
DUNGS_p_TCGA_b84_115_SNP_N_GenomeWideSNP_6_F09_771514	15	20203961	20820159	110	0.8157
DUNGS_p_TCGA_b84_115_SNP_N_GenomeWideSNP_6_F09_771514	15	20830374	20830582	2	-1.1795
DUNGS_p_TCGA_b84_115_SNP_N_GenomeWideSNP_6_F09_771514	15	20843562	22285769	152	0.7294
DUNGS_p_TCGA_b84_115_SNP_N_GenomeWideSNP_6_F09_771514	15	22287270	22311811	6	2.2763
DUNGS_p_TCGA_b84_115_SNP_N_GenomeWideSNP_6_F09_771514	15	22317512	22673399	107	1.1515
DUNGS_p_TCGA_b84_115_SNP_N_GenomeWideSNP_6_F09_771514	15	22681076	22752709	10	0.5643
DUNGS_p_TCGA_b84_115_SNP_N_GenomeWideSNP_6_F09_771514	15	22755172	24471102	915	0.0704
DUNGS_p_TCGA_b84_115_SNP_N_GenomeWideSNP_6_F09_771514	15	24472002	24825025	168	0.5278
DUNGS_p_TCGA_b84_115_SNP_N_GenomeWideSNP_6_F09_771514	15	24825265	28534408	2711	0.0132
DUNGS_p_TCGA_b84_115_SNP_N_GenomeWideSNP_6_F09_771514	15	28539988	29212947	79	0.4813
DUNGS_p_TCGA_b84_115_SNP_N_GenomeWideSNP_6_F09_771514	15	29214733	42166138	8404	0.0153
DUNGS_p_TCGA_b84_115_SNP_N_GenomeWideSNP_6_F09_771514	15	42167485	42175857	5	1.0099
DUNGS_p_TCGA_b84_115_SNP_N_GenomeWideSNP_6_F09_771514	15	42177023	58709596	10263	-0.0057
DUNGS_p_TCGA_b84_115_SNP_N_GenomeWideSNP_6_F09_771514	15	58709763	58715194	5	-0.9941
DUNGS_p_TCGA_b84_115_SNP_N_GenomeWideSNP_6_F09_771514	15	58717428	76895344	11419	-0.0027
DUNGS_p_TCGA_b84_115_SNP_N_GenomeWideSNP_6_F09_771514	15	76895767	76902444	14	0.5988
DUNGS_p_TCGA_b84_115_SNP_N_GenomeWideSNP_6_F09_771514	15	76902470	82606422	3647	-0.0031
DUNGS_p_TCGA_b84_115_SNP_N_GenomeWideSNP_6_F09_771514	15	82670169	83198315	22	0.5333
DUNGS_p_TCGA_b84_115_SNP_N_GenomeWideSNP_6_F09_771514	15	83198331	84540717	760	0.0035
DUNGS_p_TCGA_b84_115_SNP_N_GenomeWideSNP_6_F09_771514	15	84540738	84552621	12	0.5448
DUNGS_p_TCGA_b84_115_SNP_N_GenomeWideSNP_6_F09_771514	15	84552947	84825285	173	-0.0047
DUNGS_p_TCGA_b84_115_SNP_N_GenomeWideSNP_6_F09_771514	15	84827482	85089621	30	0.4468
DUNGS_p_TCGA_b84_115_SNP_N_GenomeWideSNP_6_F09_771514	15	85090446	85106319	11	-0.341
DUNGS_p_TCGA_b84_115_SNP_N_GenomeWideSNP_6_F09_771514	15	85106918	85115802	3	1.0115
DUNGS_p_TCGA_b84_115_SNP_N_GenomeWideSNP_6_F09_771514	15	85116294	85779578	372	-0.0036
DUNGS_p_TCGA_b84_115_SNP_N_GenomeWideSNP_6_F09_771514	15	85779580	85831352	17	0.4783
DUNGS_p_TCGA_b84_115_SNP_N_GenomeWideSNP_6_F09_771514	15	85837960	86342139	356	-0.0037
DUNGS_p_TCGA_b84_115_SNP_N_GenomeWideSNP_6_F09_771514	15	86342278	86345262	9	0.8403
DUNGS_p_TCGA_b84_115_SNP_N_GenomeWideSNP_6_F09_771514	15	86345451	88091615	1521	0.0057
DUNGS_p_TCGA_b84_115_SNP_N_GenomeWideSNP_6_F09_771514	15	88092784	88095030	2	-1.975
DUNGS_p_TCGA_b84_115_SNP_N_GenomeWideSNP_6_F09_771514	15	88096784	90926146	1869	-0.0067
DUNGS_p_TCGA_b84_115_SNP_N_GenomeWideSNP_6_F09_771514	15	90927939	90929563	3	-1.371
DUNGS_p_TCGA_b84_115_SNP_N_GenomeWideSNP_6_F09_771514	15	90929618	92805978	1539	-0.0121
DUNGS_p_TCGA_b84_115_SNP_N_GenomeWideSNP_6_F09_771514	15	92805993	92806274	7	0.9519
DUNGS_p_TCGA_b84_115_SNP_N_GenomeWideSNP_6_F09_771514	15	92806291	97798642	3890	0.004
DUNGS_p_TCGA_b84_115_SNP_N_GenomeWideSNP_6_F09_771514	15	97798660	97799013	2	-1.7496
DUNGS_p_TCGA_b84_115_SNP_N_GenomeWideSNP_6_F09_771514	15	97800606	102405136	3436	0.0321
DUNGS_p_TCGA_b84_115_SNP_N_GenomeWideSNP_6_F09_771514	15	102420602	102469040	12	0.6891
DUNGS_p_TCGA_b84_115_SNP_N_GenomeWideSNP_6_F09_771514	16	60777	12685105	9504	0.029
DUNGS_p_TCGA_b84_115_SNP_N_GenomeWideSNP_6_F09_771514	16	12685119	12714043	64	0.3391
DUNGS_p_TCGA_b84_115_SNP_N_GenomeWideSNP_6_F09_771514	16	12714112	12843057	121	-0.0383
DUNGS_p_TCGA_b84_115_SNP_N_GenomeWideSNP_6_F09_771514	16	12843210	12846176	4	1.0262
DUNGS_p_TCGA_b84_115_SNP_N_GenomeWideSNP_6_F09_771514	16	12846364	14128524	1088	-0.0085
DUNGS_p_TCGA_b84_115_SNP_N_GenomeWideSNP_6_F09_771514	16	14133051	14134050	3	1.0708
DUNGS_p_TCGA_b84_115_SNP_N_GenomeWideSNP_6_F09_771514	16	14134070	14751056	334	0.0045
DUNGS_p_TCGA_b84_115_SNP_N_GenomeWideSNP_6_F09_771514	16	14752209	15116257	91	0.5674
DUNGS_p_TCGA_b84_115_SNP_N_GenomeWideSNP_6_F09_771514	16	15125441	19944363	2332	0.0767
DUNGS_p_TCGA_b84_115_SNP_N_GenomeWideSNP_6_F09_771514	16	19945650	19965832	27	-0.6914
DUNGS_p_TCGA_b84_115_SNP_N_GenomeWideSNP_6_F09_771514	16	19965875	27643285	4890	0.0284
DUNGS_p_TCGA_b84_115_SNP_N_GenomeWideSNP_6_F09_771514	16	27643936	27652971	2	1.6638
DUNGS_p_TCGA_b84_115_SNP_N_GenomeWideSNP_6_F09_771514	16	27653831	27807635	90	0.0419
DUNGS_p_TCGA_b84_115_SNP_N_GenomeWideSNP_6_F09_771514	16	27807865	27815972	10	0.6796
DUNGS_p_TCGA_b84_115_SNP_N_GenomeWideSNP_6_F09_771514	16	27819251	28632021	440	-0.004
DUNGS_p_TCGA_b84_115_SNP_N_GenomeWideSNP_6_F09_771514	16	28649203	28823927	6	0.7741
DUNGS_p_TCGA_b84_115_SNP_N_GenomeWideSNP_6_F09_771514	16	28824652	31965616	1066	0.0731
DUNGS_p_TCGA_b84_115_SNP_N_GenomeWideSNP_6_F09_771514	16	31965881	33859076	316	0.5341
DUNGS_p_TCGA_b84_115_SNP_N_GenomeWideSNP_6_F09_771514	16	33862863	34459601	176	0.1827
DUNGS_p_TCGA_b84_115_SNP_N_GenomeWideSNP_6_F09_771514	16	34459709	34754728	168	0.6021
DUNGS_p_TCGA_b84_115_SNP_N_GenomeWideSNP_6_F09_771514	16	34755566	47521171	564	0.0394
DUNGS_p_TCGA_b84_115_SNP_N_GenomeWideSNP_6_F09_771514	16	47521783	47533821	4	0.9534
DUNGS_p_TCGA_b84_115_SNP_N_GenomeWideSNP_6_F09_771514	16	47541278	54409941	4822	0.0029
DUNGS_p_TCGA_b84_115_SNP_N_GenomeWideSNP_6_F09_771514	16	54410097	54416561	15	0.54
DUNGS_p_TCGA_b84_115_SNP_N_GenomeWideSNP_6_F09_771514	16	54416604	55789570	1205	0.0024
DUNGS_p_TCGA_b84_115_SNP_N_GenomeWideSNP_6_F09_771514	16	55790886	55793078	2	-1.6054
DUNGS_p_TCGA_b84_115_SNP_N_GenomeWideSNP_6_F09_771514	16	55794951	55822397	24	0.3464
DUNGS_p_TCGA_b84_115_SNP_N_GenomeWideSNP_6_F09_771514	16	55822444	70125174	8770	0.0045
DUNGS_p_TCGA_b84_115_SNP_N_GenomeWideSNP_6_F09_771514	16	70136868	70139542	2	-1.6123
DUNGS_p_TCGA_b84_115_SNP_N_GenomeWideSNP_6_F09_771514	16	70151527	78371608	5668	0.0089
DUNGS_p_TCGA_b84_115_SNP_N_GenomeWideSNP_6_F09_771514	16	78372440	78384738	16	-2.273
DUNGS_p_TCGA_b84_115_SNP_N_GenomeWideSNP_6_F09_771514	16	78384765	84715252	6984	0.0234
DUNGS_p_TCGA_b84_115_SNP_N_GenomeWideSNP_6_F09_771514	16	84716499	84721746	4	-1.7657
DUNGS_p_TCGA_b84_115_SNP_N_GenomeWideSNP_6_F09_771514	16	84722864	84911498	164	0.1227
DUNGS_p_TCGA_b84_115_SNP_N_GenomeWideSNP_6_F09_771514	16	84912331	84912809	2	-2.2675
DUNGS_p_TCGA_b84_115_SNP_N_GenomeWideSNP_6_F09_771514	16	84912879	90287535	3500	0.0456
DUNGS_p_TCGA_b84_115_SNP_N_GenomeWideSNP_6_F09_771514	17	526	425099	173	0.203
DUNGS_p_TCGA_b84_115_SNP_N_GenomeWideSNP_6_F09_771514	17	428071	428247	2	-2.0056
DUNGS_p_TCGA_b84_115_SNP_N_GenomeWideSNP_6_F09_771514	17	429644	9964932	5618	0.0129
DUNGS_p_TCGA_b84_115_SNP_N_GenomeWideSNP_6_F09_771514	17	9967060	9981915	11	0.9006
DUNGS_p_TCGA_b84_115_SNP_N_GenomeWideSNP_6_F09_771514	17	9983438	10310246	270	0.0352
DUNGS_p_TCGA_b84_115_SNP_N_GenomeWideSNP_6_F09_771514	17	10310859	10313691	4	-1.5046
DUNGS_p_TCGA_b84_115_SNP_N_GenomeWideSNP_6_F09_771514	17	10315472	18278767	5343	0.0076
DUNGS_p_TCGA_b84_115_SNP_N_GenomeWideSNP_6_F09_771514	17	18278828	18283513	12	0.6582
DUNGS_p_TCGA_b84_115_SNP_N_GenomeWideSNP_6_F09_771514	17	18283539	18319862	19	0.0151
DUNGS_p_TCGA_b84_115_SNP_N_GenomeWideSNP_6_F09_771514	17	18355392	18440960	21	0.8345
DUNGS_p_TCGA_b84_115_SNP_N_GenomeWideSNP_6_F09_771514	17	18441308	21317771	1227	0.0466
DUNGS_p_TCGA_b84_115_SNP_N_GenomeWideSNP_6_F09_771514	17	21328679	21352008	11	0.6999
DUNGS_p_TCGA_b84_115_SNP_N_GenomeWideSNP_6_F09_771514	17	21353219	25394698	371	0.1986
DUNGS_p_TCGA_b84_115_SNP_N_GenomeWideSNP_6_F09_771514	17	25394835	25403868	12	0.7901
DUNGS_p_TCGA_b84_115_SNP_N_GenomeWideSNP_6_F09_771514	17	25404049	25772929	193	-0.0409
DUNGS_p_TCGA_b84_115_SNP_N_GenomeWideSNP_6_F09_771514	17	25774895	25793872	10	0.7081
DUNGS_p_TCGA_b84_115_SNP_N_GenomeWideSNP_6_F09_771514	17	25799268	34405137	5087	0.0098
DUNGS_p_TCGA_b84_115_SNP_N_GenomeWideSNP_6_F09_771514	17	34405314	34436532	21	0.5072
DUNGS_p_TCGA_b84_115_SNP_N_GenomeWideSNP_6_F09_771514	17	34436708	34845015	74	-0.0143
DUNGS_p_TCGA_b84_115_SNP_N_GenomeWideSNP_6_F09_771514	17	34845046	34865288	33	0.4654
DUNGS_p_TCGA_b84_115_SNP_N_GenomeWideSNP_6_F09_771514	17	34865858	39421685	2475	0.0055
DUNGS_p_TCGA_b84_115_SNP_N_GenomeWideSNP_6_F09_771514	17	39421708	39430157	21	-0.3802
DUNGS_p_TCGA_b84_115_SNP_N_GenomeWideSNP_6_F09_771514	17	39430173	39430450	3	-2.207
DUNGS_p_TCGA_b84_115_SNP_N_GenomeWideSNP_6_F09_771514	17	39430531	39682868	260	0.0114
DUNGS_p_TCGA_b84_115_SNP_N_GenomeWideSNP_6_F09_771514	17	39687320	39687632	2	1.5202
DUNGS_p_TCGA_b84_115_SNP_N_GenomeWideSNP_6_F09_771514	17	39688599	41002622	580	-0.0086
DUNGS_p_TCGA_b84_115_SNP_N_GenomeWideSNP_6_F09_771514	17	41005498	41032719	14	0.5882
DUNGS_p_TCGA_b84_115_SNP_N_GenomeWideSNP_6_F09_771514	17	41034712	41239902	146	-0.0156
DUNGS_p_TCGA_b84_115_SNP_N_GenomeWideSNP_6_F09_771514	17	41239955	41242993	5	0.7794
DUNGS_p_TCGA_b84_115_SNP_N_GenomeWideSNP_6_F09_771514	17	41243031	41261563	46	0.0124
DUNGS_p_TCGA_b84_115_SNP_N_GenomeWideSNP_6_F09_771514	17	41264014	41264546	4	1.1332
DUNGS_p_TCGA_b84_115_SNP_N_GenomeWideSNP_6_F09_771514	17	41264723	44353885	1579	0.0393
DUNGS_p_TCGA_b84_115_SNP_N_GenomeWideSNP_6_F09_771514	17	44362009	44784652	53	0.8108
DUNGS_p_TCGA_b84_115_SNP_N_GenomeWideSNP_6_F09_771514	17	44784678	81049726	21636	0.0049
DUNGS_p_TCGA_b84_115_SNP_N_GenomeWideSNP_6_F09_771514	18	11543	14144900	10089	0.0073
DUNGS_p_TCGA_b84_115_SNP_N_GenomeWideSNP_6_F09_771514	18	14149483	14351375	49	0.4727
DUNGS_p_TCGA_b84_115_SNP_N_GenomeWideSNP_6_F09_771514	18	14351752	15092486	258	0.1071
DUNGS_p_TCGA_b84_115_SNP_N_GenomeWideSNP_6_F09_771514	18	15093591	15402408	66	0.6056
DUNGS_p_TCGA_b84_115_SNP_N_GenomeWideSNP_6_F09_771514	18	18529353	26294072	4745	3e-04
DUNGS_p_TCGA_b84_115_SNP_N_GenomeWideSNP_6_F09_771514	18	26298782	26301744	2	-1.5558
DUNGS_p_TCGA_b84_115_SNP_N_GenomeWideSNP_6_F09_771514	18	26301974	38260490	7661	-0.0048
DUNGS_p_TCGA_b84_115_SNP_N_GenomeWideSNP_6_F09_771514	18	38260606	38269498	15	-0.692
DUNGS_p_TCGA_b84_115_SNP_N_GenomeWideSNP_6_F09_771514	18	38269812	40039037	1207	-0.0059
DUNGS_p_TCGA_b84_115_SNP_N_GenomeWideSNP_6_F09_771514	18	40040474	40057151	20	-0.5111
DUNGS_p_TCGA_b84_115_SNP_N_GenomeWideSNP_6_F09_771514	18	40057166	48565632	5801	-0.0023
DUNGS_p_TCGA_b84_115_SNP_N_GenomeWideSNP_6_F09_771514	18	48565771	48565929	3	1.5551
DUNGS_p_TCGA_b84_115_SNP_N_GenomeWideSNP_6_F09_771514	18	48566026	70948238	15810	-0.0105
DUNGS_p_TCGA_b84_115_SNP_N_GenomeWideSNP_6_F09_771514	18	70948283	70952073	22	0.5604
DUNGS_p_TCGA_b84_115_SNP_N_GenomeWideSNP_6_F09_771514	18	70954074	70981563	23	-0.3876
DUNGS_p_TCGA_b84_115_SNP_N_GenomeWideSNP_6_F09_771514	18	70981693	74923928	3116	-0.012
DUNGS_p_TCGA_b84_115_SNP_N_GenomeWideSNP_6_F09_771514	18	74925386	74926407	2	-1.6394
DUNGS_p_TCGA_b84_115_SNP_N_GenomeWideSNP_6_F09_771514	18	74926882	78015057	1977	0.0203
DUNGS_p_TCGA_b84_115_SNP_N_GenomeWideSNP_6_F09_771514	19	90910	6982709	2331	0.0236
DUNGS_p_TCGA_b84_115_SNP_N_GenomeWideSNP_6_F09_771514	19	6987798	6993033	3	-1.3116
DUNGS_p_TCGA_b84_115_SNP_N_GenomeWideSNP_6_F09_771514	19	6996350	8351473	606	0.0223
DUNGS_p_TCGA_b84_115_SNP_N_GenomeWideSNP_6_F09_771514	19	8351848	8351971	3	1.7173
DUNGS_p_TCGA_b84_115_SNP_N_GenomeWideSNP_6_F09_771514	19	8351988	16054380	3901	0.0022
DUNGS_p_TCGA_b84_115_SNP_N_GenomeWideSNP_6_F09_771514	19	16055678	16057677	2	-1.7877
DUNGS_p_TCGA_b84_115_SNP_N_GenomeWideSNP_6_F09_771514	19	16058348	21648663	2741	0.0419
DUNGS_p_TCGA_b84_115_SNP_N_GenomeWideSNP_6_F09_771514	19	21650836	21651382	3	1.3382
DUNGS_p_TCGA_b84_115_SNP_N_GenomeWideSNP_6_F09_771514	19	21653950	21814919	97	0.0145
DUNGS_p_TCGA_b84_115_SNP_N_GenomeWideSNP_6_F09_771514	19	21815640	21844788	20	0.5966
DUNGS_p_TCGA_b84_115_SNP_N_GenomeWideSNP_6_F09_771514	19	21848238	22337619	293	0.0324
DUNGS_p_TCGA_b84_115_SNP_N_GenomeWideSNP_6_F09_771514	19	22338752	22341905	4	-1.2178
DUNGS_p_TCGA_b84_115_SNP_N_GenomeWideSNP_6_F09_771514	19	22342985	22441895	64	0.3423
DUNGS_p_TCGA_b84_115_SNP_N_GenomeWideSNP_6_F09_771514	19	22442350	23559495	614	0.025
DUNGS_p_TCGA_b84_115_SNP_N_GenomeWideSNP_6_F09_771514	19	23560614	23583214	13	0.575
DUNGS_p_TCGA_b84_115_SNP_N_GenomeWideSNP_6_F09_771514	19	23584404	30215361	2225	0.0414
DUNGS_p_TCGA_b84_115_SNP_N_GenomeWideSNP_6_F09_771514	19	30216975	30222580	3	-1.0296
DUNGS_p_TCGA_b84_115_SNP_N_GenomeWideSNP_6_F09_771514	19	30222867	30591245	276	0.0132
DUNGS_p_TCGA_b84_115_SNP_N_GenomeWideSNP_6_F09_771514	19	30594186	30596712	2	1.4736
DUNGS_p_TCGA_b84_115_SNP_N_GenomeWideSNP_6_F09_771514	19	30597507	33186976	1903	-0.002
DUNGS_p_TCGA_b84_115_SNP_N_GenomeWideSNP_6_F09_771514	19	33187293	33191641	3	-1.3672
DUNGS_p_TCGA_b84_115_SNP_N_GenomeWideSNP_6_F09_771514	19	33195119	36752991	2184	-0.0034
DUNGS_p_TCGA_b84_115_SNP_N_GenomeWideSNP_6_F09_771514	19	36756852	36847413	20	0.5505
DUNGS_p_TCGA_b84_115_SNP_N_GenomeWideSNP_6_F09_771514	19	36847444	39572239	1410	-0.0028
DUNGS_p_TCGA_b84_115_SNP_N_GenomeWideSNP_6_F09_771514	19	39572556	39573482	2	1.5202
DUNGS_p_TCGA_b84_115_SNP_N_GenomeWideSNP_6_F09_771514	19	39573709	39714631	68	0.0166
DUNGS_p_TCGA_b84_115_SNP_N_GenomeWideSNP_6_F09_771514	19	39723532	39742627	10	0.4744
DUNGS_p_TCGA_b84_115_SNP_N_GenomeWideSNP_6_F09_771514	19	39743090	40358998	354	0.0023
DUNGS_p_TCGA_b84_115_SNP_N_GenomeWideSNP_6_F09_771514	19	40359556	40359603	3	1.1357
DUNGS_p_TCGA_b84_115_SNP_N_GenomeWideSNP_6_F09_771514	19	40359681	41352639	500	0.0084
DUNGS_p_TCGA_b84_115_SNP_N_GenomeWideSNP_6_F09_771514	19	41352657	41394336	37	0.3439
DUNGS_p_TCGA_b84_115_SNP_N_GenomeWideSNP_6_F09_771514	19	41395050	43215328	877	0.0098
DUNGS_p_TCGA_b84_115_SNP_N_GenomeWideSNP_6_F09_771514	19	43216971	43448018	89	0.6392
DUNGS_p_TCGA_b84_115_SNP_N_GenomeWideSNP_6_F09_771514	19	43448695	52142615	4319	0.02
DUNGS_p_TCGA_b84_115_SNP_N_GenomeWideSNP_6_F09_771514	19	52142930	52154905	10	-0.9189
DUNGS_p_TCGA_b84_115_SNP_N_GenomeWideSNP_6_F09_771514	19	52155470	55232800	2043	0.0851
DUNGS_p_TCGA_b84_115_SNP_N_GenomeWideSNP_6_F09_771514	19	55237246	55379590	60	0.5005
DUNGS_p_TCGA_b84_115_SNP_N_GenomeWideSNP_6_F09_771514	19	55379605	56462032	605	0
DUNGS_p_TCGA_b84_115_SNP_N_GenomeWideSNP_6_F09_771514	19	56462607	56467375	14	0.6078
DUNGS_p_TCGA_b84_115_SNP_N_GenomeWideSNP_6_F09_771514	19	56468499	58877445	1559	0.0057
DUNGS_p_TCGA_b84_115_SNP_N_GenomeWideSNP_6_F09_771514	19	58878226	59097854	105	0.2931
DUNGS_p_TCGA_b84_115_SNP_N_GenomeWideSNP_6_F09_771514	20	61305	61690	11	0.7102
DUNGS_p_TCGA_b84_115_SNP_N_GenomeWideSNP_6_F09_771514	20	61795	1546911	1163	0.0773
DUNGS_p_TCGA_b84_115_SNP_N_GenomeWideSNP_6_F09_771514	20	1547044	1560951	32	0.4699
DUNGS_p_TCGA_b84_115_SNP_N_GenomeWideSNP_6_F09_771514	20	1560999	1593849	41	2.0467
DUNGS_p_TCGA_b84_115_SNP_N_GenomeWideSNP_6_F09_771514	20	1593893	4811876	2387	0.0107
DUNGS_p_TCGA_b84_115_SNP_N_GenomeWideSNP_6_F09_771514	20	4812666	4813056	3	-1.0761
DUNGS_p_TCGA_b84_115_SNP_N_GenomeWideSNP_6_F09_771514	20	4813678	5650792	560	0.0198
DUNGS_p_TCGA_b84_115_SNP_N_GenomeWideSNP_6_F09_771514	20	5654708	5659444	6	-0.9747
DUNGS_p_TCGA_b84_115_SNP_N_GenomeWideSNP_6_F09_771514	20	5659697	26239367	15850	0.0081
DUNGS_p_TCGA_b84_115_SNP_N_GenomeWideSNP_6_F09_771514	20	26239964	29835049	88	0.3933
DUNGS_p_TCGA_b84_115_SNP_N_GenomeWideSNP_6_F09_771514	20	29835471	30036940	102	-0.0162
DUNGS_p_TCGA_b84_115_SNP_N_GenomeWideSNP_6_F09_771514	20	30040510	30048872	6	-0.852
DUNGS_p_TCGA_b84_115_SNP_N_GenomeWideSNP_6_F09_771514	20	30052905	55576954	17269	0.0086
DUNGS_p_TCGA_b84_115_SNP_N_GenomeWideSNP_6_F09_771514	20	55577345	55579411	5	0.9735
DUNGS_p_TCGA_b84_115_SNP_N_GenomeWideSNP_6_F09_771514	20	55580188	58088207	1947	0.0058
DUNGS_p_TCGA_b84_115_SNP_N_GenomeWideSNP_6_F09_771514	20	58088597	58102623	8	0.8276
DUNGS_p_TCGA_b84_115_SNP_N_GenomeWideSNP_6_F09_771514	20	58103450	62956153	3056	0.0267
DUNGS_p_TCGA_b84_115_SNP_N_GenomeWideSNP_6_F09_771514	21	10736871	10954189	39	0.3367
DUNGS_p_TCGA_b84_115_SNP_N_GenomeWideSNP_6_F09_771514	21	10956144	11041910	43	-0.3066
DUNGS_p_TCGA_b84_115_SNP_N_GenomeWideSNP_6_F09_771514	21	11042846	15347621	405	0.2918
DUNGS_p_TCGA_b84_115_SNP_N_GenomeWideSNP_6_F09_771514	21	15372509	23774439	6071	-0.0033
DUNGS_p_TCGA_b84_115_SNP_N_GenomeWideSNP_6_F09_771514	21	23776128	23787309	15	-0.7747
DUNGS_p_TCGA_b84_115_SNP_N_GenomeWideSNP_6_F09_771514	21	23787772	40960984	12847	0.0012
DUNGS_p_TCGA_b84_115_SNP_N_GenomeWideSNP_6_F09_771514	21	40962362	40962954	2	-1.6626
DUNGS_p_TCGA_b84_115_SNP_N_GenomeWideSNP_6_F09_771514	21	40965327	48096957	5011	0.0295
DUNGS_p_TCGA_b84_115_SNP_N_GenomeWideSNP_6_F09_771514	22	16052528	18055605	783	0.11
DUNGS_p_TCGA_b84_115_SNP_N_GenomeWideSNP_6_F09_771514	22	18058748	18068726	6	1.0517
DUNGS_p_TCGA_b84_115_SNP_N_GenomeWideSNP_6_F09_771514	22	18068785	21462736	2059	0.1424
DUNGS_p_TCGA_b84_115_SNP_N_GenomeWideSNP_6_F09_771514	22	21465026	21845294	54	0.6853
DUNGS_p_TCGA_b84_115_SNP_N_GenomeWideSNP_6_F09_771514	22	21845355	24344422	1723	0.1519
DUNGS_p_TCGA_b84_115_SNP_N_GenomeWideSNP_6_F09_771514	22	24350529	24401529	20	1.3078
DUNGS_p_TCGA_b84_115_SNP_N_GenomeWideSNP_6_F09_771514	22	24402321	25682780	831	0.0212
DUNGS_p_TCGA_b84_115_SNP_N_GenomeWideSNP_6_F09_771514	22	25684408	25756933	80	0.4975
DUNGS_p_TCGA_b84_115_SNP_N_GenomeWideSNP_6_F09_771514	22	25757268	29870258	3442	0.0182
DUNGS_p_TCGA_b84_115_SNP_N_GenomeWideSNP_6_F09_771514	22	29870312	29881717	5	1.32
DUNGS_p_TCGA_b84_115_SNP_N_GenomeWideSNP_6_F09_771514	22	29881801	36460198	4803	0.0031
DUNGS_p_TCGA_b84_115_SNP_N_GenomeWideSNP_6_F09_771514	22	36460213	36475682	8	0.9908
DUNGS_p_TCGA_b84_115_SNP_N_GenomeWideSNP_6_F09_771514	22	36478767	39290920	1669	0.0086
DUNGS_p_TCGA_b84_115_SNP_N_GenomeWideSNP_6_F09_771514	22	39295255	39296904	3	-1.1639
DUNGS_p_TCGA_b84_115_SNP_N_GenomeWideSNP_6_F09_771514	22	39299114	39348900	35	-0.0118
DUNGS_p_TCGA_b84_115_SNP_N_GenomeWideSNP_6_F09_771514	22	39350039	39399312	40	0.5643
DUNGS_p_TCGA_b84_115_SNP_N_GenomeWideSNP_6_F09_771514	22	39403794	42932418	1905	0.0069
DUNGS_p_TCGA_b84_115_SNP_N_GenomeWideSNP_6_F09_771514	22	42934462	42977190	15	0.5885
DUNGS_p_TCGA_b84_115_SNP_N_GenomeWideSNP_6_F09_771514	22	42980051	48084262	3696	0.0085
DUNGS_p_TCGA_b84_115_SNP_N_GenomeWideSNP_6_F09_771514	22	48084299	48086823	5	-0.9509
DUNGS_p_TCGA_b84_115_SNP_N_GenomeWideSNP_6_F09_771514	22	48088184	49360424	1227	0.0183
DUNGS_p_TCGA_b84_115_SNP_N_GenomeWideSNP_6_F09_771514	22	49360572	49360871	4	-1.3841
DUNGS_p_TCGA_b84_115_SNP_N_GenomeWideSNP_6_F09_771514	22	49363750	51234455	1170	0.1308
DUNGS_p_TCGA_b84_115_SNP_N_GenomeWideSNP_6_F09_771514	X	168477	8366726	4412	0.0262
DUNGS_p_TCGA_b84_115_SNP_N_GenomeWideSNP_6_F09_771514	X	8366773	8374935	13	-0.9645
DUNGS_p_TCGA_b84_115_SNP_N_GenomeWideSNP_6_F09_771514	X	8376707	8597666	173	0.0223
DUNGS_p_TCGA_b84_115_SNP_N_GenomeWideSNP_6_F09_771514	X	8598153	8599691	4	-2.215
DUNGS_p_TCGA_b84_115_SNP_N_GenomeWideSNP_6_F09_771514	X	8599803	12752738	3059	0.0406
DUNGS_p_TCGA_b84_115_SNP_N_GenomeWideSNP_6_F09_771514	X	12758569	12760070	6	-1.1885
DUNGS_p_TCGA_b84_115_SNP_N_GenomeWideSNP_6_F09_771514	X	12761179	13451624	495	0.0691
DUNGS_p_TCGA_b84_115_SNP_N_GenomeWideSNP_6_F09_771514	X	13452303	13453827	3	-1.7749
DUNGS_p_TCGA_b84_115_SNP_N_GenomeWideSNP_6_F09_771514	X	13454227	13476785	19	-0.0688
DUNGS_p_TCGA_b84_115_SNP_N_GenomeWideSNP_6_F09_771514	X	13478973	13479193	2	-2.294
DUNGS_p_TCGA_b84_115_SNP_N_GenomeWideSNP_6_F09_771514	X	13481630	13633922	129	0.0239
DUNGS_p_TCGA_b84_115_SNP_N_GenomeWideSNP_6_F09_771514	X	13634183	13637734	2	1.5765
DUNGS_p_TCGA_b84_115_SNP_N_GenomeWideSNP_6_F09_771514	X	13637789	13942936	228	0.0415
DUNGS_p_TCGA_b84_115_SNP_N_GenomeWideSNP_6_F09_771514	X	13942955	13948013	5	-1.0955
DUNGS_p_TCGA_b84_115_SNP_N_GenomeWideSNP_6_F09_771514	X	13952766	15251882	815	0.0365
DUNGS_p_TCGA_b84_115_SNP_N_GenomeWideSNP_6_F09_771514	X	15252491	15252698	2	-2.4252
DUNGS_p_TCGA_b84_115_SNP_N_GenomeWideSNP_6_F09_771514	X	15253863	19460590	2446	0.0239
DUNGS_p_TCGA_b84_115_SNP_N_GenomeWideSNP_6_F09_771514	X	19466303	19474851	7	-1.1171
DUNGS_p_TCGA_b84_115_SNP_N_GenomeWideSNP_6_F09_771514	X	19474932	25063694	3514	0.007
DUNGS_p_TCGA_b84_115_SNP_N_GenomeWideSNP_6_F09_771514	X	25070295	25073145	3	-3.493
DUNGS_p_TCGA_b84_115_SNP_N_GenomeWideSNP_6_F09_771514	X	25074307	43448278	11486	0.0127
DUNGS_p_TCGA_b84_115_SNP_N_GenomeWideSNP_6_F09_771514	X	43452897	43459175	2	-2.4084
DUNGS_p_TCGA_b84_115_SNP_N_GenomeWideSNP_6_F09_771514	X	43461063	51419858	3988	0.0361
DUNGS_p_TCGA_b84_115_SNP_N_GenomeWideSNP_6_F09_771514	X	51428469	51434082	2	2.0084
DUNGS_p_TCGA_b84_115_SNP_N_GenomeWideSNP_6_F09_771514	X	51436545	51718540	134	0.0596
DUNGS_p_TCGA_b84_115_SNP_N_GenomeWideSNP_6_F09_771514	X	51721658	51734681	10	0.8001
DUNGS_p_TCGA_b84_115_SNP_N_GenomeWideSNP_6_F09_771514	X	51741282	56949857	2067	0.0537
DUNGS_p_TCGA_b84_115_SNP_N_GenomeWideSNP_6_F09_771514	X	56949890	56954148	11	0.8182
DUNGS_p_TCGA_b84_115_SNP_N_GenomeWideSNP_6_F09_771514	X	56954291	58189690	556	0.0396
DUNGS_p_TCGA_b84_115_SNP_N_GenomeWideSNP_6_F09_771514	X	58192247	62006347	125	0.4201
DUNGS_p_TCGA_b84_115_SNP_N_GenomeWideSNP_6_F09_771514	X	62016788	74268336	5401	0.037
DUNGS_p_TCGA_b84_115_SNP_N_GenomeWideSNP_6_F09_771514	X	74268665	74274742	3	-2.4741
DUNGS_p_TCGA_b84_115_SNP_N_GenomeWideSNP_6_F09_771514	X	74278795	86989351	6745	0.0275
DUNGS_p_TCGA_b84_115_SNP_N_GenomeWideSNP_6_F09_771514	X	86991835	86995349	2	-2.5711
DUNGS_p_TCGA_b84_115_SNP_N_GenomeWideSNP_6_F09_771514	X	86998758	87747348	517	-0.0041
DUNGS_p_TCGA_b84_115_SNP_N_GenomeWideSNP_6_F09_771514	X	87747379	87756731	15	-0.8973
DUNGS_p_TCGA_b84_115_SNP_N_GenomeWideSNP_6_F09_771514	X	87757033	87770052	21	-0.0836
DUNGS_p_TCGA_b84_115_SNP_N_GenomeWideSNP_6_F09_771514	X	87774276	87778839	6	1.0593
DUNGS_p_TCGA_b84_115_SNP_N_GenomeWideSNP_6_F09_771514	X	87779861	88050761	156	0.0384
DUNGS_p_TCGA_b84_115_SNP_N_GenomeWideSNP_6_F09_771514	X	88052129	88052598	2	-2.7776
DUNGS_p_TCGA_b84_115_SNP_N_GenomeWideSNP_6_F09_771514	X	88053159	94930924	3308	0.0248
DUNGS_p_TCGA_b84_115_SNP_N_GenomeWideSNP_6_F09_771514	X	94934171	94940414	4	-2.1291
DUNGS_p_TCGA_b84_115_SNP_N_GenomeWideSNP_6_F09_771514	X	94941079	98094673	1880	0.0043
DUNGS_p_TCGA_b84_115_SNP_N_GenomeWideSNP_6_F09_771514	X	98094714	98096831	2	-2.3773
DUNGS_p_TCGA_b84_115_SNP_N_GenomeWideSNP_6_F09_771514	X	98096988	99880250	943	0.0308
DUNGS_p_TCGA_b84_115_SNP_N_GenomeWideSNP_6_F09_771514	X	99880349	99880634	2	-2.3294
DUNGS_p_TCGA_b84_115_SNP_N_GenomeWideSNP_6_F09_771514	X	99884828	100894759	526	0.056
DUNGS_p_TCGA_b84_115_SNP_N_GenomeWideSNP_6_F09_771514	X	100894994	100895061	3	1.6406
DUNGS_p_TCGA_b84_115_SNP_N_GenomeWideSNP_6_F09_771514	X	100896370	103084874	1054	0.0234
DUNGS_p_TCGA_b84_115_SNP_N_GenomeWideSNP_6_F09_771514	X	103085390	103085408	2	-2.2148
DUNGS_p_TCGA_b84_115_SNP_N_GenomeWideSNP_6_F09_771514	X	103085474	114465173	6200	0.0448
DUNGS_p_TCGA_b84_115_SNP_N_GenomeWideSNP_6_F09_771514	X	114465988	114466905	2	-4.816
DUNGS_p_TCGA_b84_115_SNP_N_GenomeWideSNP_6_F09_771514	X	114467390	116219154	1047	0.0416
DUNGS_p_TCGA_b84_115_SNP_N_GenomeWideSNP_6_F09_771514	X	116222263	116225440	4	-1.5092
DUNGS_p_TCGA_b84_115_SNP_N_GenomeWideSNP_6_F09_771514	X	116231282	116519693	160	-0.0117
DUNGS_p_TCGA_b84_115_SNP_N_GenomeWideSNP_6_F09_771514	X	116519784	116519846	2	-2.6761
DUNGS_p_TCGA_b84_115_SNP_N_GenomeWideSNP_6_F09_771514	X	116520034	155182354	22937	0.0377
DUNGS_p_TCGA_b84_115_SNP_N_GenomeWideSNP_6_F09_771514	Y	2650438	8611794	2234	-0.8309
DUNGS_p_TCGA_b84_115_SNP_N_GenomeWideSNP_6_F09_771514	Y	8615140	8616189	2	1.4761
DUNGS_p_TCGA_b84_115_SNP_N_GenomeWideSNP_6_F09_771514	Y	8616436	9172214	215	-0.8315
DUNGS_p_TCGA_b84_115_SNP_N_GenomeWideSNP_6_F09_771514	Y	9172560	9387994	18	-0.0421
DUNGS_p_TCGA_b84_115_SNP_N_GenomeWideSNP_6_F09_771514	Y	9388262	22262565	4370	-0.882
DUNGS_p_TCGA_b84_115_SNP_N_GenomeWideSNP_6_F09_771514	Y	22266589	22489357	8	0.1756
DUNGS_p_TCGA_b84_115_SNP_N_GenomeWideSNP_6_F09_771514	Y	22514968	27609288	1322	-0.8504
DUNGS_p_TCGA_b84_115_SNP_N_GenomeWideSNP_6_F09_771514	Y	27609970	27642044	9	-0.0078
DUNGS_p_TCGA_b84_115_SNP_N_GenomeWideSNP_6_F09_771514	Y	27642470	59018259	457	-0.8406
