Sample	Chromosome	Start	End	Num_Probes	Segment_Mean
DUNGS_p_TCGA_b84_115_SNP_N_GenomeWideSNP_6_A04_771520	1	51598	76204	15	0.8907
DUNGS_p_TCGA_b84_115_SNP_N_GenomeWideSNP_6_A04_771520	1	88451	346405	14	0.2498
DUNGS_p_TCGA_b84_115_SNP_N_GenomeWideSNP_6_A04_771520	1	394034	5599240	2507	0.0043
DUNGS_p_TCGA_b84_115_SNP_N_GenomeWideSNP_6_A04_771520	1	5602028	5602818	2	-1.4352
DUNGS_p_TCGA_b84_115_SNP_N_GenomeWideSNP_6_A04_771520	1	5603159	8959860	2000	0.0174
DUNGS_p_TCGA_b84_115_SNP_N_GenomeWideSNP_6_A04_771520	1	8961609	8977171	9	-1.2479
DUNGS_p_TCGA_b84_115_SNP_N_GenomeWideSNP_6_A04_771520	1	8979094	10166062	578	0.0295
DUNGS_p_TCGA_b84_115_SNP_N_GenomeWideSNP_6_A04_771520	1	10168716	10178942	7	-0.5895
DUNGS_p_TCGA_b84_115_SNP_N_GenomeWideSNP_6_A04_771520	1	10181393	10293128	72	0.0545
DUNGS_p_TCGA_b84_115_SNP_N_GenomeWideSNP_6_A04_771520	1	10293174	10300570	17	-0.9638
DUNGS_p_TCGA_b84_115_SNP_N_GenomeWideSNP_6_A04_771520	1	10304359	16021654	3200	0.016
DUNGS_p_TCGA_b84_115_SNP_N_GenomeWideSNP_6_A04_771520	1	16021875	16027553	12	0.4553
DUNGS_p_TCGA_b84_115_SNP_N_GenomeWideSNP_6_A04_771520	1	16027597	16769408	308	0.0298
DUNGS_p_TCGA_b84_115_SNP_N_GenomeWideSNP_6_A04_771520	1	16776313	17155662	164	0.4038
DUNGS_p_TCGA_b84_115_SNP_N_GenomeWideSNP_6_A04_771520	1	17157507	25455928	5273	0.0204
DUNGS_p_TCGA_b84_115_SNP_N_GenomeWideSNP_6_A04_771520	1	25465715	25477053	11	-0.3529
DUNGS_p_TCGA_b84_115_SNP_N_GenomeWideSNP_6_A04_771520	1	25477645	25488883	4	-1.4791
DUNGS_p_TCGA_b84_115_SNP_N_GenomeWideSNP_6_A04_771520	1	25491518	48618068	12763	0.0152
DUNGS_p_TCGA_b84_115_SNP_N_GenomeWideSNP_6_A04_771520	1	48618972	48628745	3	-1.2659
DUNGS_p_TCGA_b84_115_SNP_N_GenomeWideSNP_6_A04_771520	1	48629900	72528730	16036	0.0159
DUNGS_p_TCGA_b84_115_SNP_N_GenomeWideSNP_6_A04_771520	1	72528762	72567803	33	0.4192
DUNGS_p_TCGA_b84_115_SNP_N_GenomeWideSNP_6_A04_771520	1	72569451	103965310	20139	0.0185
DUNGS_p_TCGA_b84_115_SNP_N_GenomeWideSNP_6_A04_771520	1	103979561	104104926	26	0.9405
DUNGS_p_TCGA_b84_115_SNP_N_GenomeWideSNP_6_A04_771520	1	104105024	150822151	13659	0.0217
DUNGS_p_TCGA_b84_115_SNP_N_GenomeWideSNP_6_A04_771520	1	150822330	150853218	35	1.0379
DUNGS_p_TCGA_b84_115_SNP_N_GenomeWideSNP_6_A04_771520	1	150857118	151026302	171	0.004
DUNGS_p_TCGA_b84_115_SNP_N_GenomeWideSNP_6_A04_771520	1	151028547	151035324	37	-0.3435
DUNGS_p_TCGA_b84_115_SNP_N_GenomeWideSNP_6_A04_771520	1	151040529	151940298	626	0.0238
DUNGS_p_TCGA_b84_115_SNP_N_GenomeWideSNP_6_A04_771520	1	151943186	151959872	7	0.6613
DUNGS_p_TCGA_b84_115_SNP_N_GenomeWideSNP_6_A04_771520	1	151961964	157826155	3426	0.0233
DUNGS_p_TCGA_b84_115_SNP_N_GenomeWideSNP_6_A04_771520	1	157826558	157826674	3	-0.8004
DUNGS_p_TCGA_b84_115_SNP_N_GenomeWideSNP_6_A04_771520	1	157826928	159775499	1221	0.0212
DUNGS_p_TCGA_b84_115_SNP_N_GenomeWideSNP_6_A04_771520	1	159780383	159905137	48	0.4087
DUNGS_p_TCGA_b84_115_SNP_N_GenomeWideSNP_6_A04_771520	1	159914861	164442667	3701	0.0153
DUNGS_p_TCGA_b84_115_SNP_N_GenomeWideSNP_6_A04_771520	1	164451105	164462326	11	0.5007
DUNGS_p_TCGA_b84_115_SNP_N_GenomeWideSNP_6_A04_771520	1	164463436	167483561	2310	0.0278
DUNGS_p_TCGA_b84_115_SNP_N_GenomeWideSNP_6_A04_771520	1	167500598	167508390	7	0.8372
DUNGS_p_TCGA_b84_115_SNP_N_GenomeWideSNP_6_A04_771520	1	167509025	169674251	1512	0.0261
DUNGS_p_TCGA_b84_115_SNP_N_GenomeWideSNP_6_A04_771520	1	169677115	169679835	6	-0.944
DUNGS_p_TCGA_b84_115_SNP_N_GenomeWideSNP_6_A04_771520	1	169679874	173062889	2009	0.0204
DUNGS_p_TCGA_b84_115_SNP_N_GenomeWideSNP_6_A04_771520	1	173063028	173068360	16	-0.9632
DUNGS_p_TCGA_b84_115_SNP_N_GenomeWideSNP_6_A04_771520	1	173068463	173873051	595	0.0303
DUNGS_p_TCGA_b84_115_SNP_N_GenomeWideSNP_6_A04_771520	1	173875555	173876093	2	-2.6585
DUNGS_p_TCGA_b84_115_SNP_N_GenomeWideSNP_6_A04_771520	1	173878282	177590361	2486	0.0172
DUNGS_p_TCGA_b84_115_SNP_N_GenomeWideSNP_6_A04_771520	1	177597151	177598005	2	-1.5514
DUNGS_p_TCGA_b84_115_SNP_N_GenomeWideSNP_6_A04_771520	1	177599721	185982477	5605	0.0166
DUNGS_p_TCGA_b84_115_SNP_N_GenomeWideSNP_6_A04_771520	1	185984183	185987992	2	1.2545
DUNGS_p_TCGA_b84_115_SNP_N_GenomeWideSNP_6_A04_771520	1	185991233	187351527	859	-0.0036
DUNGS_p_TCGA_b84_115_SNP_N_GenomeWideSNP_6_A04_771520	1	187351950	187351995	2	-1.2074
DUNGS_p_TCGA_b84_115_SNP_N_GenomeWideSNP_6_A04_771520	1	187352032	191370881	2627	0.0082
DUNGS_p_TCGA_b84_115_SNP_N_GenomeWideSNP_6_A04_771520	1	191371148	191371427	5	-1.1081
DUNGS_p_TCGA_b84_115_SNP_N_GenomeWideSNP_6_A04_771520	1	191373829	192714857	1034	6e-04
DUNGS_p_TCGA_b84_115_SNP_N_GenomeWideSNP_6_A04_771520	1	192718034	192721641	2	1.3303
DUNGS_p_TCGA_b84_115_SNP_N_GenomeWideSNP_6_A04_771520	1	192723639	194994473	1456	0.0128
DUNGS_p_TCGA_b84_115_SNP_N_GenomeWideSNP_6_A04_771520	1	194997658	195068278	86	-0.4943
DUNGS_p_TCGA_b84_115_SNP_N_GenomeWideSNP_6_A04_771520	1	195068407	197377986	1390	0.0113
DUNGS_p_TCGA_b84_115_SNP_N_GenomeWideSNP_6_A04_771520	1	197378049	197379094	5	-0.8883
DUNGS_p_TCGA_b84_115_SNP_N_GenomeWideSNP_6_A04_771520	1	197379147	238201325	28420	0.0195
DUNGS_p_TCGA_b84_115_SNP_N_GenomeWideSNP_6_A04_771520	1	238202395	238202556	2	-1.1613
DUNGS_p_TCGA_b84_115_SNP_N_GenomeWideSNP_6_A04_771520	1	238202980	246659495	5956	0.0212
DUNGS_p_TCGA_b84_115_SNP_N_GenomeWideSNP_6_A04_771520	1	246659864	246666920	3	-0.9975
DUNGS_p_TCGA_b84_115_SNP_N_GenomeWideSNP_6_A04_771520	1	246667419	246764014	34	0.0131
DUNGS_p_TCGA_b84_115_SNP_N_GenomeWideSNP_6_A04_771520	1	246776239	246776293	2	1.6358
DUNGS_p_TCGA_b84_115_SNP_N_GenomeWideSNP_6_A04_771520	1	246780491	247191011	182	0.0814
DUNGS_p_TCGA_b84_115_SNP_N_GenomeWideSNP_6_A04_771520	2	2784	4181455	2990	0.0038
DUNGS_p_TCGA_b84_115_SNP_N_GenomeWideSNP_6_A04_771520	2	4183562	4201570	40	0.3248
DUNGS_p_TCGA_b84_115_SNP_N_GenomeWideSNP_6_A04_771520	2	4201600	4891575	582	0.0204
DUNGS_p_TCGA_b84_115_SNP_N_GenomeWideSNP_6_A04_771520	2	4891798	4891859	3	-1.7864
DUNGS_p_TCGA_b84_115_SNP_N_GenomeWideSNP_6_A04_771520	2	4891948	34544573	20521	0.0178
DUNGS_p_TCGA_b84_115_SNP_N_GenomeWideSNP_6_A04_771520	2	34552819	34581371	44	0.4229
DUNGS_p_TCGA_b84_115_SNP_N_GenomeWideSNP_6_A04_771520	2	34590017	35838133	883	0.0085
DUNGS_p_TCGA_b84_115_SNP_N_GenomeWideSNP_6_A04_771520	2	35840220	35840412	2	1.1282
DUNGS_p_TCGA_b84_115_SNP_N_GenomeWideSNP_6_A04_771520	2	35841420	40186355	3176	0.024
DUNGS_p_TCGA_b84_115_SNP_N_GenomeWideSNP_6_A04_771520	2	40188914	40188963	2	-1.3688
DUNGS_p_TCGA_b84_115_SNP_N_GenomeWideSNP_6_A04_771520	2	40189380	41091947	773	0.0318
DUNGS_p_TCGA_b84_115_SNP_N_GenomeWideSNP_6_A04_771520	2	41092009	41099391	22	-0.6988
DUNGS_p_TCGA_b84_115_SNP_N_GenomeWideSNP_6_A04_771520	2	41104737	52608369	8206	0.0198
DUNGS_p_TCGA_b84_115_SNP_N_GenomeWideSNP_6_A04_771520	2	52608385	52635046	34	-0.3522
DUNGS_p_TCGA_b84_115_SNP_N_GenomeWideSNP_6_A04_771520	2	52641453	53697251	882	0.0213
DUNGS_p_TCGA_b84_115_SNP_N_GenomeWideSNP_6_A04_771520	2	53698558	53700051	4	-0.9936
DUNGS_p_TCGA_b84_115_SNP_N_GenomeWideSNP_6_A04_771520	2	53700786	74613065	13182	0.0218
DUNGS_p_TCGA_b84_115_SNP_N_GenomeWideSNP_6_A04_771520	2	74613287	74613303	2	-1.1735
DUNGS_p_TCGA_b84_115_SNP_N_GenomeWideSNP_6_A04_771520	2	74616684	86791198	7897	0.0138
DUNGS_p_TCGA_b84_115_SNP_N_GenomeWideSNP_6_A04_771520	2	86806581	86807365	2	1.4666
DUNGS_p_TCGA_b84_115_SNP_N_GenomeWideSNP_6_A04_771520	2	86823917	87141112	73	0.0424
DUNGS_p_TCGA_b84_115_SNP_N_GenomeWideSNP_6_A04_771520	2	87150801	87151236	2	-1.2785
DUNGS_p_TCGA_b84_115_SNP_N_GenomeWideSNP_6_A04_771520	2	87155618	91630135	1152	0.061
DUNGS_p_TCGA_b84_115_SNP_N_GenomeWideSNP_6_A04_771520	2	91637299	91638754	4	-0.7906
DUNGS_p_TCGA_b84_115_SNP_N_GenomeWideSNP_6_A04_771520	2	91639379	105958761	6261	0.0259
DUNGS_p_TCGA_b84_115_SNP_N_GenomeWideSNP_6_A04_771520	2	105958981	105962536	3	-0.7851
DUNGS_p_TCGA_b84_115_SNP_N_GenomeWideSNP_6_A04_771520	2	105963222	106246527	242	0.0045
DUNGS_p_TCGA_b84_115_SNP_N_GenomeWideSNP_6_A04_771520	2	106247145	106251789	11	-2.3781
DUNGS_p_TCGA_b84_115_SNP_N_GenomeWideSNP_6_A04_771520	2	106253687	131800319	14734	0.0138
DUNGS_p_TCGA_b84_115_SNP_N_GenomeWideSNP_6_A04_771520	2	131809502	131812857	6	-0.9986
DUNGS_p_TCGA_b84_115_SNP_N_GenomeWideSNP_6_A04_771520	2	131812909	131937876	76	0.0418
DUNGS_p_TCGA_b84_115_SNP_N_GenomeWideSNP_6_A04_771520	2	131938478	131942838	4	-0.8682
DUNGS_p_TCGA_b84_115_SNP_N_GenomeWideSNP_6_A04_771520	2	131943262	132448120	198	-0.0255
DUNGS_p_TCGA_b84_115_SNP_N_GenomeWideSNP_6_A04_771520	2	132459251	132459712	3	-1.0082
DUNGS_p_TCGA_b84_115_SNP_N_GenomeWideSNP_6_A04_771520	2	132462734	132579542	35	0.0959
DUNGS_p_TCGA_b84_115_SNP_N_GenomeWideSNP_6_A04_771520	2	132582086	132590459	2	-1.2357
DUNGS_p_TCGA_b84_115_SNP_N_GenomeWideSNP_6_A04_771520	2	132593135	146580913	8921	0.0181
DUNGS_p_TCGA_b84_115_SNP_N_GenomeWideSNP_6_A04_771520	2	146580927	146583404	21	0.8016
DUNGS_p_TCGA_b84_115_SNP_N_GenomeWideSNP_6_A04_771520	2	146594276	182972870	22417	0.0207
DUNGS_p_TCGA_b84_115_SNP_N_GenomeWideSNP_6_A04_771520	2	182973358	182973417	2	-6.7369
DUNGS_p_TCGA_b84_115_SNP_N_GenomeWideSNP_6_A04_771520	2	182976218	194395990	6501	0.0156
DUNGS_p_TCGA_b84_115_SNP_N_GenomeWideSNP_6_A04_771520	2	194398549	194402043	2	1.3051
DUNGS_p_TCGA_b84_115_SNP_N_GenomeWideSNP_6_A04_771520	2	194410559	205246447	6225	0.0198
DUNGS_p_TCGA_b84_115_SNP_N_GenomeWideSNP_6_A04_771520	2	205252063	205256615	7	-1.1029
DUNGS_p_TCGA_b84_115_SNP_N_GenomeWideSNP_6_A04_771520	2	205256647	242738129	24054	0.0157
DUNGS_p_TCGA_b84_115_SNP_N_GenomeWideSNP_6_A04_771520	3	35345	199602	157	-4e-04
DUNGS_p_TCGA_b84_115_SNP_N_GenomeWideSNP_6_A04_771520	3	205022	207800	4	-0.9187
DUNGS_p_TCGA_b84_115_SNP_N_GenomeWideSNP_6_A04_771520	3	209877	2624873	2102	0.0193
DUNGS_p_TCGA_b84_115_SNP_N_GenomeWideSNP_6_A04_771520	3	2629691	2630205	4	-1.0365
DUNGS_p_TCGA_b84_115_SNP_N_GenomeWideSNP_6_A04_771520	3	2630482	7277350	4144	0.0206
DUNGS_p_TCGA_b84_115_SNP_N_GenomeWideSNP_6_A04_771520	3	7279978	7280399	2	-1.2093
DUNGS_p_TCGA_b84_115_SNP_N_GenomeWideSNP_6_A04_771520	3	7284658	26588205	13680	0.0203
DUNGS_p_TCGA_b84_115_SNP_N_GenomeWideSNP_6_A04_771520	3	26589978	26589989	8	0.7415
DUNGS_p_TCGA_b84_115_SNP_N_GenomeWideSNP_6_A04_771520	3	26590953	37961932	7632	0.0208
DUNGS_p_TCGA_b84_115_SNP_N_GenomeWideSNP_6_A04_771520	3	37962110	37962146	2	1.3517
DUNGS_p_TCGA_b84_115_SNP_N_GenomeWideSNP_6_A04_771520	3	37962778	46766549	5547	0.0194
DUNGS_p_TCGA_b84_115_SNP_N_GenomeWideSNP_6_A04_771520	3	46768381	46824183	41	-0.9179
DUNGS_p_TCGA_b84_115_SNP_N_GenomeWideSNP_6_A04_771520	3	46824593	47453513	270	0.0179
DUNGS_p_TCGA_b84_115_SNP_N_GenomeWideSNP_6_A04_771520	3	47466826	47472218	3	0.827
DUNGS_p_TCGA_b84_115_SNP_N_GenomeWideSNP_6_A04_771520	3	47479853	54864084	3560	0.0263
DUNGS_p_TCGA_b84_115_SNP_N_GenomeWideSNP_6_A04_771520	3	54865566	54866446	2	-1.2206
DUNGS_p_TCGA_b84_115_SNP_N_GenomeWideSNP_6_A04_771520	3	54866874	62685640	6157	0.015
DUNGS_p_TCGA_b84_115_SNP_N_GenomeWideSNP_6_A04_771520	3	62687722	62690900	8	-0.9579
DUNGS_p_TCGA_b84_115_SNP_N_GenomeWideSNP_6_A04_771520	3	62690948	68814718	4583	0.019
DUNGS_p_TCGA_b84_115_SNP_N_GenomeWideSNP_6_A04_771520	3	68828854	68830054	14	1.1117
DUNGS_p_TCGA_b84_115_SNP_N_GenomeWideSNP_6_A04_771520	3	68830103	70552497	1382	0.0132
DUNGS_p_TCGA_b84_115_SNP_N_GenomeWideSNP_6_A04_771520	3	70552635	70552648	2	-1.3139
DUNGS_p_TCGA_b84_115_SNP_N_GenomeWideSNP_6_A04_771520	3	70556345	75643831	3559	0.0174
DUNGS_p_TCGA_b84_115_SNP_N_GenomeWideSNP_6_A04_771520	3	75651239	75669495	7	0.7677
DUNGS_p_TCGA_b84_115_SNP_N_GenomeWideSNP_6_A04_771520	3	75677871	86344215	5946	0.0194
DUNGS_p_TCGA_b84_115_SNP_N_GenomeWideSNP_6_A04_771520	3	86347892	86348505	2	-2.9058
DUNGS_p_TCGA_b84_115_SNP_N_GenomeWideSNP_6_A04_771520	3	86352852	99194979	4334	0.0141
DUNGS_p_TCGA_b84_115_SNP_N_GenomeWideSNP_6_A04_771520	3	99196192	99196494	3	-0.93
DUNGS_p_TCGA_b84_115_SNP_N_GenomeWideSNP_6_A04_771520	3	99201251	99439608	179	0.0184
DUNGS_p_TCGA_b84_115_SNP_N_GenomeWideSNP_6_A04_771520	3	99439675	99450992	3	-1.0262
DUNGS_p_TCGA_b84_115_SNP_N_GenomeWideSNP_6_A04_771520	3	99452758	100427148	558	0.0237
DUNGS_p_TCGA_b84_115_SNP_N_GenomeWideSNP_6_A04_771520	3	100427166	100432004	36	0.2941
DUNGS_p_TCGA_b84_115_SNP_N_GenomeWideSNP_6_A04_771520	3	100432111	101884988	790	0.0219
DUNGS_p_TCGA_b84_115_SNP_N_GenomeWideSNP_6_A04_771520	3	101894051	101894584	3	-1.1248
DUNGS_p_TCGA_b84_115_SNP_N_GenomeWideSNP_6_A04_771520	3	101895871	101945877	28	-0.0325
DUNGS_p_TCGA_b84_115_SNP_N_GenomeWideSNP_6_A04_771520	3	101951190	101951466	2	-1.4944
DUNGS_p_TCGA_b84_115_SNP_N_GenomeWideSNP_6_A04_771520	3	101954037	111741326	5984	0.0191
DUNGS_p_TCGA_b84_115_SNP_N_GenomeWideSNP_6_A04_771520	3	111745821	111757642	16	-1.1058
DUNGS_p_TCGA_b84_115_SNP_N_GenomeWideSNP_6_A04_771520	3	111760454	116138472	2669	0.0251
DUNGS_p_TCGA_b84_115_SNP_N_GenomeWideSNP_6_A04_771520	3	116143282	116143634	6	-2.5598
DUNGS_p_TCGA_b84_115_SNP_N_GenomeWideSNP_6_A04_771520	3	116151640	127194903	6897	0.0146
DUNGS_p_TCGA_b84_115_SNP_N_GenomeWideSNP_6_A04_771520	3	127194960	127204552	30	-0.8782
DUNGS_p_TCGA_b84_115_SNP_N_GenomeWideSNP_6_A04_771520	3	127205022	131249276	2340	0.0125
DUNGS_p_TCGA_b84_115_SNP_N_GenomeWideSNP_6_A04_771520	3	131258548	131288926	50	0.6108
DUNGS_p_TCGA_b84_115_SNP_N_GenomeWideSNP_6_A04_771520	3	131289614	164028410	20332	0.0201
DUNGS_p_TCGA_b84_115_SNP_N_GenomeWideSNP_6_A04_771520	3	164028923	164116301	65	-0.2487
DUNGS_p_TCGA_b84_115_SNP_N_GenomeWideSNP_6_A04_771520	3	164116839	167278644	1802	0.0176
DUNGS_p_TCGA_b84_115_SNP_N_GenomeWideSNP_6_A04_771520	3	167279162	167279580	2	-1.1246
DUNGS_p_TCGA_b84_115_SNP_N_GenomeWideSNP_6_A04_771520	3	167279587	167546024	170	-3e-04
DUNGS_p_TCGA_b84_115_SNP_N_GenomeWideSNP_6_A04_771520	3	167546478	167547514	3	-1.4408
DUNGS_p_TCGA_b84_115_SNP_N_GenomeWideSNP_6_A04_771520	3	167550787	170831638	1919	0.0198
DUNGS_p_TCGA_b84_115_SNP_N_GenomeWideSNP_6_A04_771520	3	170832556	170835519	4	-1.2082
DUNGS_p_TCGA_b84_115_SNP_N_GenomeWideSNP_6_A04_771520	3	170836546	180114659	5958	0.0198
DUNGS_p_TCGA_b84_115_SNP_N_GenomeWideSNP_6_A04_771520	3	180120675	180137663	8	-0.611
DUNGS_p_TCGA_b84_115_SNP_N_GenomeWideSNP_6_A04_771520	3	180143946	187888639	4580	0.0182
DUNGS_p_TCGA_b84_115_SNP_N_GenomeWideSNP_6_A04_771520	3	187888817	187888832	2	-1.2533
DUNGS_p_TCGA_b84_115_SNP_N_GenomeWideSNP_6_A04_771520	3	187895555	194360596	4745	0.0184
DUNGS_p_TCGA_b84_115_SNP_N_GenomeWideSNP_6_A04_771520	3	194360656	194361700	6	1.0048
DUNGS_p_TCGA_b84_115_SNP_N_GenomeWideSNP_6_A04_771520	3	194363167	196767187	1500	0.028
DUNGS_p_TCGA_b84_115_SNP_N_GenomeWideSNP_6_A04_771520	3	196868323	196941179	29	-0.3697
DUNGS_p_TCGA_b84_115_SNP_N_GenomeWideSNP_6_A04_771520	3	196941532	198658874	838	0.0232
DUNGS_p_TCGA_b84_115_SNP_N_GenomeWideSNP_6_A04_771520	3	198661128	198662267	3	-1.0877
DUNGS_p_TCGA_b84_115_SNP_N_GenomeWideSNP_6_A04_771520	3	198669013	199380515	351	0.0398
DUNGS_p_TCGA_b84_115_SNP_N_GenomeWideSNP_6_A04_771520	4	2281	59713	62	0.3297
DUNGS_p_TCGA_b84_115_SNP_N_GenomeWideSNP_6_A04_771520	4	61420	3569190	1449	0.0244
DUNGS_p_TCGA_b84_115_SNP_N_GenomeWideSNP_6_A04_771520	4	3569248	3571982	3	-1.5091
DUNGS_p_TCGA_b84_115_SNP_N_GenomeWideSNP_6_A04_771520	4	3579188	9061021	3739	0.0179
DUNGS_p_TCGA_b84_115_SNP_N_GenomeWideSNP_6_A04_771520	4	9066075	9070328	2	-1.2166
DUNGS_p_TCGA_b84_115_SNP_N_GenomeWideSNP_6_A04_771520	4	9073635	9468995	172	0.0207
DUNGS_p_TCGA_b84_115_SNP_N_GenomeWideSNP_6_A04_771520	4	9468999	9474140	4	0.7905
DUNGS_p_TCGA_b84_115_SNP_N_GenomeWideSNP_6_A04_771520	4	9476600	9819488	378	0.002
DUNGS_p_TCGA_b84_115_SNP_N_GenomeWideSNP_6_A04_771520	4	9823258	9840347	28	-2.0488
DUNGS_p_TCGA_b84_115_SNP_N_GenomeWideSNP_6_A04_771520	4	9840596	9844366	8	-0.635
DUNGS_p_TCGA_b84_115_SNP_N_GenomeWideSNP_6_A04_771520	4	9845240	20687318	7966	0.0227
DUNGS_p_TCGA_b84_115_SNP_N_GenomeWideSNP_6_A04_771520	4	20691649	20692322	4	-0.9883
DUNGS_p_TCGA_b84_115_SNP_N_GenomeWideSNP_6_A04_771520	4	20694428	23824736	2293	0.0155
DUNGS_p_TCGA_b84_115_SNP_N_GenomeWideSNP_6_A04_771520	4	23824817	23825015	2	-1.1131
DUNGS_p_TCGA_b84_115_SNP_N_GenomeWideSNP_6_A04_771520	4	23826851	34455370	6738	0.0172
DUNGS_p_TCGA_b84_115_SNP_N_GenomeWideSNP_6_A04_771520	4	34455399	34501120	42	-0.502
DUNGS_p_TCGA_b84_115_SNP_N_GenomeWideSNP_6_A04_771520	4	34506267	43711898	6060	0.0205
DUNGS_p_TCGA_b84_115_SNP_N_GenomeWideSNP_6_A04_771520	4	43716642	43721161	5	-0.8996
DUNGS_p_TCGA_b84_115_SNP_N_GenomeWideSNP_6_A04_771520	4	43726156	48784131	2914	0.0172
DUNGS_p_TCGA_b84_115_SNP_N_GenomeWideSNP_6_A04_771520	4	48788543	49352980	40	0.3439
DUNGS_p_TCGA_b84_115_SNP_N_GenomeWideSNP_6_A04_771520	4	49353369	63350429	7025	0.0226
DUNGS_p_TCGA_b84_115_SNP_N_GenomeWideSNP_6_A04_771520	4	63352531	63362225	9	-0.7112
DUNGS_p_TCGA_b84_115_SNP_N_GenomeWideSNP_6_A04_771520	4	63367097	64376535	555	0.0321
DUNGS_p_TCGA_b84_115_SNP_N_GenomeWideSNP_6_A04_771520	4	64380064	64386888	7	-2.3088
DUNGS_p_TCGA_b84_115_SNP_N_GenomeWideSNP_6_A04_771520	4	64387751	64390176	15	-0.3934
DUNGS_p_TCGA_b84_115_SNP_N_GenomeWideSNP_6_A04_771520	4	64390200	64390853	7	-3.4657
DUNGS_p_TCGA_b84_115_SNP_N_GenomeWideSNP_6_A04_771520	4	64399026	68943659	2862	0.0128
DUNGS_p_TCGA_b84_115_SNP_N_GenomeWideSNP_6_A04_771520	4	68964800	68970737	5	-1.521
DUNGS_p_TCGA_b84_115_SNP_N_GenomeWideSNP_6_A04_771520	4	68977394	70158099	409	-0.0012
DUNGS_p_TCGA_b84_115_SNP_N_GenomeWideSNP_6_A04_771520	4	70162233	70313038	78	-0.4007
DUNGS_p_TCGA_b84_115_SNP_N_GenomeWideSNP_6_A04_771520	4	70315121	77306793	4093	0.0268
DUNGS_p_TCGA_b84_115_SNP_N_GenomeWideSNP_6_A04_771520	4	77311022	77311311	2	-1.8114
DUNGS_p_TCGA_b84_115_SNP_N_GenomeWideSNP_6_A04_771520	4	77312646	93755451	10274	0.0236
DUNGS_p_TCGA_b84_115_SNP_N_GenomeWideSNP_6_A04_771520	4	93758555	93760692	3	-1.0223
DUNGS_p_TCGA_b84_115_SNP_N_GenomeWideSNP_6_A04_771520	4	93763894	96620040	1732	0.0139
DUNGS_p_TCGA_b84_115_SNP_N_GenomeWideSNP_6_A04_771520	4	96620188	96624818	2	-1.3758
DUNGS_p_TCGA_b84_115_SNP_N_GenomeWideSNP_6_A04_771520	4	96624936	104420468	4547	0.0198
DUNGS_p_TCGA_b84_115_SNP_N_GenomeWideSNP_6_A04_771520	4	104426263	104435155	16	-0.7812
DUNGS_p_TCGA_b84_115_SNP_N_GenomeWideSNP_6_A04_771520	4	104437549	104437551	3	0.4451
DUNGS_p_TCGA_b84_115_SNP_N_GenomeWideSNP_6_A04_771520	4	104439553	104467383	30	-1.1055
DUNGS_p_TCGA_b84_115_SNP_N_GenomeWideSNP_6_A04_771520	4	104468854	115398801	6671	0.021
DUNGS_p_TCGA_b84_115_SNP_N_GenomeWideSNP_6_A04_771520	4	115398877	115398905	3	-0.8754
DUNGS_p_TCGA_b84_115_SNP_N_GenomeWideSNP_6_A04_771520	4	115398923	116159710	478	0.0275
DUNGS_p_TCGA_b84_115_SNP_N_GenomeWideSNP_6_A04_771520	4	116166429	116167588	2	-1.3407
DUNGS_p_TCGA_b84_115_SNP_N_GenomeWideSNP_6_A04_771520	4	116168165	138311645	12799	0.0217
DUNGS_p_TCGA_b84_115_SNP_N_GenomeWideSNP_6_A04_771520	4	138311689	138342773	30	-0.503
DUNGS_p_TCGA_b84_115_SNP_N_GenomeWideSNP_6_A04_771520	4	138343383	138401883	69	0.0073
DUNGS_p_TCGA_b84_115_SNP_N_GenomeWideSNP_6_A04_771520	4	138401931	138402063	4	-0.8361
DUNGS_p_TCGA_b84_115_SNP_N_GenomeWideSNP_6_A04_771520	4	138402163	153011104	8803	0.0207
DUNGS_p_TCGA_b84_115_SNP_N_GenomeWideSNP_6_A04_771520	4	153011142	153012017	9	-0.9038
DUNGS_p_TCGA_b84_115_SNP_N_GenomeWideSNP_6_A04_771520	4	153012341	161286306	5274	0.0157
DUNGS_p_TCGA_b84_115_SNP_N_GenomeWideSNP_6_A04_771520	4	161286331	161289717	11	-0.5292
DUNGS_p_TCGA_b84_115_SNP_N_GenomeWideSNP_6_A04_771520	4	161289954	161787305	362	0.0124
DUNGS_p_TCGA_b84_115_SNP_N_GenomeWideSNP_6_A04_771520	4	161787418	161794633	4	-1.0928
DUNGS_p_TCGA_b84_115_SNP_N_GenomeWideSNP_6_A04_771520	4	161794867	171856665	6451	0.0158
DUNGS_p_TCGA_b84_115_SNP_N_GenomeWideSNP_6_A04_771520	4	171861074	171862920	2	-1.1331
DUNGS_p_TCGA_b84_115_SNP_N_GenomeWideSNP_6_A04_771520	4	171863223	172605921	483	-0.0046
DUNGS_p_TCGA_b84_115_SNP_N_GenomeWideSNP_6_A04_771520	4	172611459	172614351	12	1.0072
DUNGS_p_TCGA_b84_115_SNP_N_GenomeWideSNP_6_A04_771520	4	172616946	173224503	397	0.0065
DUNGS_p_TCGA_b84_115_SNP_N_GenomeWideSNP_6_A04_771520	4	173225723	173225948	5	-0.7439
DUNGS_p_TCGA_b84_115_SNP_N_GenomeWideSNP_6_A04_771520	4	173225983	173226094	6	-2.1082
DUNGS_p_TCGA_b84_115_SNP_N_GenomeWideSNP_6_A04_771520	4	173226108	173659097	233	0.017
DUNGS_p_TCGA_b84_115_SNP_N_GenomeWideSNP_6_A04_771520	4	173661522	173690283	9	0.8391
DUNGS_p_TCGA_b84_115_SNP_N_GenomeWideSNP_6_A04_771520	4	173691821	182278503	5595	0.0184
DUNGS_p_TCGA_b84_115_SNP_N_GenomeWideSNP_6_A04_771520	4	182279343	182280075	2	-1.9026
DUNGS_p_TCGA_b84_115_SNP_N_GenomeWideSNP_6_A04_771520	4	182280717	182642793	332	0.0011
DUNGS_p_TCGA_b84_115_SNP_N_GenomeWideSNP_6_A04_771520	4	182644627	182645212	6	-0.8469
DUNGS_p_TCGA_b84_115_SNP_N_GenomeWideSNP_6_A04_771520	4	182645427	184382610	1336	0.0063
DUNGS_p_TCGA_b84_115_SNP_N_GenomeWideSNP_6_A04_771520	4	184387174	184388179	3	-1.298
DUNGS_p_TCGA_b84_115_SNP_N_GenomeWideSNP_6_A04_771520	4	184391120	189458252	3443	0.0191
DUNGS_p_TCGA_b84_115_SNP_N_GenomeWideSNP_6_A04_771520	4	189458354	189458433	4	1.396
DUNGS_p_TCGA_b84_115_SNP_N_GenomeWideSNP_6_A04_771520	4	189459807	190108001	544	0.0305
DUNGS_p_TCGA_b84_115_SNP_N_GenomeWideSNP_6_A04_771520	4	190109323	190109787	2	-2.0022
DUNGS_p_TCGA_b84_115_SNP_N_GenomeWideSNP_6_A04_771520	4	190109844	191261904	632	0.0665
DUNGS_p_TCGA_b84_115_SNP_N_GenomeWideSNP_6_A04_771520	5	68532	16570130	12767	0.0166
DUNGS_p_TCGA_b84_115_SNP_N_GenomeWideSNP_6_A04_771520	5	16570367	16573379	3	-1.1116
DUNGS_p_TCGA_b84_115_SNP_N_GenomeWideSNP_6_A04_771520	5	16575125	21406334	2972	0.0208
DUNGS_p_TCGA_b84_115_SNP_N_GenomeWideSNP_6_A04_771520	5	21412601	21413610	3	-1.8269
DUNGS_p_TCGA_b84_115_SNP_N_GenomeWideSNP_6_A04_771520	5	21421823	26825253	3211	0.0142
DUNGS_p_TCGA_b84_115_SNP_N_GenomeWideSNP_6_A04_771520	5	26833517	26833601	2	-1.6353
DUNGS_p_TCGA_b84_115_SNP_N_GenomeWideSNP_6_A04_771520	5	26839641	46306865	11880	0.0199
DUNGS_p_TCGA_b84_115_SNP_N_GenomeWideSNP_6_A04_771520	5	46307687	46309259	6	-2.4003
DUNGS_p_TCGA_b84_115_SNP_N_GenomeWideSNP_6_A04_771520	5	46313969	57365386	5092	0.0288
DUNGS_p_TCGA_b84_115_SNP_N_GenomeWideSNP_6_A04_771520	5	57365513	57369290	25	-0.4763
DUNGS_p_TCGA_b84_115_SNP_N_GenomeWideSNP_6_A04_771520	5	57374114	57689890	255	0.0456
DUNGS_p_TCGA_b84_115_SNP_N_GenomeWideSNP_6_A04_771520	5	57691571	57691678	3	-1.0854
DUNGS_p_TCGA_b84_115_SNP_N_GenomeWideSNP_6_A04_771520	5	57692066	65303741	4680	0.023
DUNGS_p_TCGA_b84_115_SNP_N_GenomeWideSNP_6_A04_771520	5	65304426	65304630	2	-1.4471
DUNGS_p_TCGA_b84_115_SNP_N_GenomeWideSNP_6_A04_771520	5	65305687	65558644	130	-0.0345
DUNGS_p_TCGA_b84_115_SNP_N_GenomeWideSNP_6_A04_771520	5	65565268	65565418	2	-1.6072
DUNGS_p_TCGA_b84_115_SNP_N_GenomeWideSNP_6_A04_771520	5	65566253	68865103	2235	0.0318
DUNGS_p_TCGA_b84_115_SNP_N_GenomeWideSNP_6_A04_771520	5	68882059	69349429	9	0.6722
DUNGS_p_TCGA_b84_115_SNP_N_GenomeWideSNP_6_A04_771520	5	69349444	70384949	15	0.0116
DUNGS_p_TCGA_b84_115_SNP_N_GenomeWideSNP_6_A04_771520	5	70426941	70427009	2	0.8788
DUNGS_p_TCGA_b84_115_SNP_N_GenomeWideSNP_6_A04_771520	5	70689828	74347594	2422	0.025
DUNGS_p_TCGA_b84_115_SNP_N_GenomeWideSNP_6_A04_771520	5	74349512	74368355	4	-0.7756
DUNGS_p_TCGA_b84_115_SNP_N_GenomeWideSNP_6_A04_771520	5	74368733	81454519	4470	0.032
DUNGS_p_TCGA_b84_115_SNP_N_GenomeWideSNP_6_A04_771520	5	81455034	81463238	3	-2.4491
DUNGS_p_TCGA_b84_115_SNP_N_GenomeWideSNP_6_A04_771520	5	81463794	99201798	9919	0.0235
DUNGS_p_TCGA_b84_115_SNP_N_GenomeWideSNP_6_A04_771520	5	99203640	99205020	4	-0.8415
DUNGS_p_TCGA_b84_115_SNP_N_GenomeWideSNP_6_A04_771520	5	99205038	106117601	4059	0.0153
DUNGS_p_TCGA_b84_115_SNP_N_GenomeWideSNP_6_A04_771520	5	106118727	106141709	12	-0.455
DUNGS_p_TCGA_b84_115_SNP_N_GenomeWideSNP_6_A04_771520	5	106141883	106255426	79	0.023
DUNGS_p_TCGA_b84_115_SNP_N_GenomeWideSNP_6_A04_771520	5	106257572	106260921	15	-0.9212
DUNGS_p_TCGA_b84_115_SNP_N_GenomeWideSNP_6_A04_771520	5	106260952	150182398	28436	0.0213
DUNGS_p_TCGA_b84_115_SNP_N_GenomeWideSNP_6_A04_771520	5	150185693	150198797	8	-3.1654
DUNGS_p_TCGA_b84_115_SNP_N_GenomeWideSNP_6_A04_771520	5	150203580	155409498	3646	0.0177
DUNGS_p_TCGA_b84_115_SNP_N_GenomeWideSNP_6_A04_771520	5	155409576	155415293	11	-0.9505
DUNGS_p_TCGA_b84_115_SNP_N_GenomeWideSNP_6_A04_771520	5	155415307	159253598	2658	0.0207
DUNGS_p_TCGA_b84_115_SNP_N_GenomeWideSNP_6_A04_771520	5	159254275	159254747	2	-1.8172
DUNGS_p_TCGA_b84_115_SNP_N_GenomeWideSNP_6_A04_771520	5	159254801	180307129	13998	0.018
DUNGS_p_TCGA_b84_115_SNP_N_GenomeWideSNP_6_A04_771520	5	180311316	180350517	18	0.4755
DUNGS_p_TCGA_b84_115_SNP_N_GenomeWideSNP_6_A04_771520	5	180350709	180722926	172	-0.0255
DUNGS_p_TCGA_b84_115_SNP_N_GenomeWideSNP_6_A04_771520	6	94661	4413003	3577	0.0208
DUNGS_p_TCGA_b84_115_SNP_N_GenomeWideSNP_6_A04_771520	6	4415377	4415580	2	-1.1736
DUNGS_p_TCGA_b84_115_SNP_N_GenomeWideSNP_6_A04_771520	6	4416471	19148098	11236	0.0166
DUNGS_p_TCGA_b84_115_SNP_N_GenomeWideSNP_6_A04_771520	6	19150160	19150797	3	-1.1389
DUNGS_p_TCGA_b84_115_SNP_N_GenomeWideSNP_6_A04_771520	6	19152681	23165616	2936	0.0131
DUNGS_p_TCGA_b84_115_SNP_N_GenomeWideSNP_6_A04_771520	6	23168970	23168978	3	-1.0048
DUNGS_p_TCGA_b84_115_SNP_N_GenomeWideSNP_6_A04_771520	6	23172233	23903674	553	0.0177
DUNGS_p_TCGA_b84_115_SNP_N_GenomeWideSNP_6_A04_771520	6	23904157	23904191	3	-2.4845
DUNGS_p_TCGA_b84_115_SNP_N_GenomeWideSNP_6_A04_771520	6	23905892	25082816	823	0.021
DUNGS_p_TCGA_b84_115_SNP_N_GenomeWideSNP_6_A04_771520	6	25083287	25083464	3	-0.9979
DUNGS_p_TCGA_b84_115_SNP_N_GenomeWideSNP_6_A04_771520	6	25083582	26860476	1174	0.0415
DUNGS_p_TCGA_b84_115_SNP_N_GenomeWideSNP_6_A04_771520	6	26860551	26866009	5	0.7307
DUNGS_p_TCGA_b84_115_SNP_N_GenomeWideSNP_6_A04_771520	6	26870366	29958359	1469	0.0297
DUNGS_p_TCGA_b84_115_SNP_N_GenomeWideSNP_6_A04_771520	6	29979615	30004638	11	-1.007
DUNGS_p_TCGA_b84_115_SNP_N_GenomeWideSNP_6_A04_771520	6	30006876	31130092	479	0.0286
DUNGS_p_TCGA_b84_115_SNP_N_GenomeWideSNP_6_A04_771520	6	31130137	31130174	2	-0.9621
DUNGS_p_TCGA_b84_115_SNP_N_GenomeWideSNP_6_A04_771520	6	31133458	31385665	177	0.0185
DUNGS_p_TCGA_b84_115_SNP_N_GenomeWideSNP_6_A04_771520	6	31388802	31403385	8	-2.0829
DUNGS_p_TCGA_b84_115_SNP_N_GenomeWideSNP_6_A04_771520	6	31403932	32557028	510	0.0415
DUNGS_p_TCGA_b84_115_SNP_N_GenomeWideSNP_6_A04_771520	6	32557501	32681749	36	0.7858
DUNGS_p_TCGA_b84_115_SNP_N_GenomeWideSNP_6_A04_771520	6	32681992	32798005	77	0.1115
DUNGS_p_TCGA_b84_115_SNP_N_GenomeWideSNP_6_A04_771520	6	32798775	32800205	5	0.9598
DUNGS_p_TCGA_b84_115_SNP_N_GenomeWideSNP_6_A04_771520	6	32801484	34045977	762	0.022
DUNGS_p_TCGA_b84_115_SNP_N_GenomeWideSNP_6_A04_771520	6	34046721	34050683	7	-0.8229
DUNGS_p_TCGA_b84_115_SNP_N_GenomeWideSNP_6_A04_771520	6	34052564	52889519	12068	0.0186
DUNGS_p_TCGA_b84_115_SNP_N_GenomeWideSNP_6_A04_771520	6	52891000	52895404	4	-0.7845
DUNGS_p_TCGA_b84_115_SNP_N_GenomeWideSNP_6_A04_771520	6	52897787	53544556	452	0.0204
DUNGS_p_TCGA_b84_115_SNP_N_GenomeWideSNP_6_A04_771520	6	53546485	53548144	3	-1.057
DUNGS_p_TCGA_b84_115_SNP_N_GenomeWideSNP_6_A04_771520	6	53548915	54039043	411	0.0258
DUNGS_p_TCGA_b84_115_SNP_N_GenomeWideSNP_6_A04_771520	6	54039110	54039814	7	1.2039
DUNGS_p_TCGA_b84_115_SNP_N_GenomeWideSNP_6_A04_771520	6	54043307	66409782	5036	0.0215
DUNGS_p_TCGA_b84_115_SNP_N_GenomeWideSNP_6_A04_771520	6	66413360	66413478	2	-2.2764
DUNGS_p_TCGA_b84_115_SNP_N_GenomeWideSNP_6_A04_771520	6	66414210	67098172	465	0.0376
DUNGS_p_TCGA_b84_115_SNP_N_GenomeWideSNP_6_A04_771520	6	67099436	67099913	5	0.8665
DUNGS_p_TCGA_b84_115_SNP_N_GenomeWideSNP_6_A04_771520	6	67099956	74648586	5023	0.0217
DUNGS_p_TCGA_b84_115_SNP_N_GenomeWideSNP_6_A04_771520	6	74648953	74651462	6	-0.8403
DUNGS_p_TCGA_b84_115_SNP_N_GenomeWideSNP_6_A04_771520	6	74651482	77486449	1773	0.0239
DUNGS_p_TCGA_b84_115_SNP_N_GenomeWideSNP_6_A04_771520	6	77492878	77509360	20	0.4325
DUNGS_p_TCGA_b84_115_SNP_N_GenomeWideSNP_6_A04_771520	6	77509392	79019608	983	0.0177
DUNGS_p_TCGA_b84_115_SNP_N_GenomeWideSNP_6_A04_771520	6	79025784	79091904	113	0.3833
DUNGS_p_TCGA_b84_115_SNP_N_GenomeWideSNP_6_A04_771520	6	79095953	79427930	232	-0.0094
DUNGS_p_TCGA_b84_115_SNP_N_GenomeWideSNP_6_A04_771520	6	79430774	79431444	2	-1.3539
DUNGS_p_TCGA_b84_115_SNP_N_GenomeWideSNP_6_A04_771520	6	79431895	92436292	8223	0.0199
DUNGS_p_TCGA_b84_115_SNP_N_GenomeWideSNP_6_A04_771520	6	92437034	92438866	4	-1.0974
DUNGS_p_TCGA_b84_115_SNP_N_GenomeWideSNP_6_A04_771520	6	92443685	128866964	22433	0.0243
DUNGS_p_TCGA_b84_115_SNP_N_GenomeWideSNP_6_A04_771520	6	128869961	128871092	6	-1.0687
DUNGS_p_TCGA_b84_115_SNP_N_GenomeWideSNP_6_A04_771520	6	128871996	131455482	1814	0.0328
DUNGS_p_TCGA_b84_115_SNP_N_GenomeWideSNP_6_A04_771520	6	131460237	131460715	2	-1.2198
DUNGS_p_TCGA_b84_115_SNP_N_GenomeWideSNP_6_A04_771520	6	131464256	142274600	7053	0.0261
DUNGS_p_TCGA_b84_115_SNP_N_GenomeWideSNP_6_A04_771520	6	142276844	142277654	3	-0.958
DUNGS_p_TCGA_b84_115_SNP_N_GenomeWideSNP_6_A04_771520	6	142285884	153999063	8089	0.0185
DUNGS_p_TCGA_b84_115_SNP_N_GenomeWideSNP_6_A04_771520	6	154002479	154003112	2	-3.4242
DUNGS_p_TCGA_b84_115_SNP_N_GenomeWideSNP_6_A04_771520	6	154003592	154022823	16	0.0072
DUNGS_p_TCGA_b84_115_SNP_N_GenomeWideSNP_6_A04_771520	6	154024043	154034614	3	-1.1324
DUNGS_p_TCGA_b84_115_SNP_N_GenomeWideSNP_6_A04_771520	6	154035390	160102086	4046	0.0178
DUNGS_p_TCGA_b84_115_SNP_N_GenomeWideSNP_6_A04_771520	6	160102176	160102251	2	-1.1814
DUNGS_p_TCGA_b84_115_SNP_N_GenomeWideSNP_6_A04_771520	6	160105962	160952555	629	0.0244
DUNGS_p_TCGA_b84_115_SNP_N_GenomeWideSNP_6_A04_771520	6	160952709	160953273	5	0.8033
DUNGS_p_TCGA_b84_115_SNP_N_GenomeWideSNP_6_A04_771520	6	160988032	170761420	7267	0.0167
DUNGS_p_TCGA_b84_115_SNP_N_GenomeWideSNP_6_A04_771520	6	170824252	170892930	4	0.567
DUNGS_p_TCGA_b84_115_SNP_N_GenomeWideSNP_6_A04_771520	7	52911	4378932	2309	0.0078
DUNGS_p_TCGA_b84_115_SNP_N_GenomeWideSNP_6_A04_771520	7	4383474	4385398	7	-1.0732
DUNGS_p_TCGA_b84_115_SNP_N_GenomeWideSNP_6_A04_771520	7	4387987	5736015	675	0.0319
DUNGS_p_TCGA_b84_115_SNP_N_GenomeWideSNP_6_A04_771520	7	5736402	5738067	2	-1.1973
DUNGS_p_TCGA_b84_115_SNP_N_GenomeWideSNP_6_A04_771520	7	5738720	5906565	90	0.0476
DUNGS_p_TCGA_b84_115_SNP_N_GenomeWideSNP_6_A04_771520	7	5915354	5940669	6	0.7164
DUNGS_p_TCGA_b84_115_SNP_N_GenomeWideSNP_6_A04_771520	7	5949298	6803593	357	0.0328
DUNGS_p_TCGA_b84_115_SNP_N_GenomeWideSNP_6_A04_771520	7	6805249	6829218	4	-1.0769
DUNGS_p_TCGA_b84_115_SNP_N_GenomeWideSNP_6_A04_771520	7	6830608	22702053	12878	0.0151
DUNGS_p_TCGA_b84_115_SNP_N_GenomeWideSNP_6_A04_771520	7	22702461	22705287	3	-0.9662
DUNGS_p_TCGA_b84_115_SNP_N_GenomeWideSNP_6_A04_771520	7	22706906	38260626	11138	0.0152
DUNGS_p_TCGA_b84_115_SNP_N_GenomeWideSNP_6_A04_771520	7	38261521	38298253	57	0.2902
DUNGS_p_TCGA_b84_115_SNP_N_GenomeWideSNP_6_A04_771520	7	38298555	54353999	11091	0.0143
DUNGS_p_TCGA_b84_115_SNP_N_GenomeWideSNP_6_A04_771520	7	54354003	54354011	5	3.1187
DUNGS_p_TCGA_b84_115_SNP_N_GenomeWideSNP_6_A04_771520	7	54360982	54529957	114	-0.0221
DUNGS_p_TCGA_b84_115_SNP_N_GenomeWideSNP_6_A04_771520	7	54530447	54530684	2	-1.6136
DUNGS_p_TCGA_b84_115_SNP_N_GenomeWideSNP_6_A04_771520	7	54531958	56728994	1457	0.0238
DUNGS_p_TCGA_b84_115_SNP_N_GenomeWideSNP_6_A04_771520	7	56729607	56736308	3	-2.8348
DUNGS_p_TCGA_b84_115_SNP_N_GenomeWideSNP_6_A04_771520	7	56739660	64206287	1564	0.0233
DUNGS_p_TCGA_b84_115_SNP_N_GenomeWideSNP_6_A04_771520	7	64231500	64274563	7	0.7994
DUNGS_p_TCGA_b84_115_SNP_N_GenomeWideSNP_6_A04_771520	7	64275592	64898733	260	0.0367
DUNGS_p_TCGA_b84_115_SNP_N_GenomeWideSNP_6_A04_771520	7	64901959	64921303	10	0.5978
DUNGS_p_TCGA_b84_115_SNP_N_GenomeWideSNP_6_A04_771520	7	64930393	66328006	496	-0.002
DUNGS_p_TCGA_b84_115_SNP_N_GenomeWideSNP_6_A04_771520	7	66332543	66336369	2	-2.2307
DUNGS_p_TCGA_b84_115_SNP_N_GenomeWideSNP_6_A04_771520	7	66337219	79305462	6799	0.016
DUNGS_p_TCGA_b84_115_SNP_N_GenomeWideSNP_6_A04_771520	7	79307480	79318086	3	-1.2174
DUNGS_p_TCGA_b84_115_SNP_N_GenomeWideSNP_6_A04_771520	7	79321466	91196250	7698	0.0182
DUNGS_p_TCGA_b84_115_SNP_N_GenomeWideSNP_6_A04_771520	7	91196476	91197527	9	-1.0301
DUNGS_p_TCGA_b84_115_SNP_N_GenomeWideSNP_6_A04_771520	7	91198926	107586895	9315	0.0236
DUNGS_p_TCGA_b84_115_SNP_N_GenomeWideSNP_6_A04_771520	7	107587783	107588905	3	-1.0392
DUNGS_p_TCGA_b84_115_SNP_N_GenomeWideSNP_6_A04_771520	7	107589115	109228448	1109	0.01
DUNGS_p_TCGA_b84_115_SNP_N_GenomeWideSNP_6_A04_771520	7	109228480	109241146	11	-0.4816
DUNGS_p_TCGA_b84_115_SNP_N_GenomeWideSNP_6_A04_771520	7	109241218	140175040	19167	0.0183
DUNGS_p_TCGA_b84_115_SNP_N_GenomeWideSNP_6_A04_771520	7	140175291	140175568	3	-1.0447
DUNGS_p_TCGA_b84_115_SNP_N_GenomeWideSNP_6_A04_771520	7	140178030	140590382	303	0.017
DUNGS_p_TCGA_b84_115_SNP_N_GenomeWideSNP_6_A04_771520	7	140590509	140592423	2	-1.2663
DUNGS_p_TCGA_b84_115_SNP_N_GenomeWideSNP_6_A04_771520	7	140592723	140675215	80	0.0046
DUNGS_p_TCGA_b84_115_SNP_N_GenomeWideSNP_6_A04_771520	7	140676859	140677273	2	-1.3926
DUNGS_p_TCGA_b84_115_SNP_N_GenomeWideSNP_6_A04_771520	7	140678009	141416160	452	0.034
DUNGS_p_TCGA_b84_115_SNP_N_GenomeWideSNP_6_A04_771520	7	141416529	141438377	38	-0.7211
DUNGS_p_TCGA_b84_115_SNP_N_GenomeWideSNP_6_A04_771520	7	141438576	141786744	268	0.0251
DUNGS_p_TCGA_b84_115_SNP_N_GenomeWideSNP_6_A04_771520	7	141788427	141788450	2	-1.1562
DUNGS_p_TCGA_b84_115_SNP_N_GenomeWideSNP_6_A04_771520	7	141791321	142156294	183	0.1662
DUNGS_p_TCGA_b84_115_SNP_N_GenomeWideSNP_6_A04_771520	7	142156339	142176424	29	0.7389
DUNGS_p_TCGA_b84_115_SNP_N_GenomeWideSNP_6_A04_771520	7	142186163	142928980	468	0.026
DUNGS_p_TCGA_b84_115_SNP_N_GenomeWideSNP_6_A04_771520	7	142929090	143039363	33	0.7824
DUNGS_p_TCGA_b84_115_SNP_N_GenomeWideSNP_6_A04_771520	7	143056311	143061967	17	-0.1541
DUNGS_p_TCGA_b84_115_SNP_N_GenomeWideSNP_6_A04_771520	7	143075149	143176627	45	0.8507
DUNGS_p_TCGA_b84_115_SNP_N_GenomeWideSNP_6_A04_771520	7	143176638	158640662	9907	0.0173
DUNGS_p_TCGA_b84_115_SNP_N_GenomeWideSNP_6_A04_771520	7	158641712	158650695	5	-0.9055
DUNGS_p_TCGA_b84_115_SNP_N_GenomeWideSNP_6_A04_771520	7	158652131	158819765	110	0.0455
DUNGS_p_TCGA_b84_115_SNP_N_GenomeWideSNP_6_A04_771520	8	21254	36398	2	1.0016
DUNGS_p_TCGA_b84_115_SNP_N_GenomeWideSNP_6_A04_771520	8	102796	583041	325	-0.0168
DUNGS_p_TCGA_b84_115_SNP_N_GenomeWideSNP_6_A04_771520	8	584944	585875	8	1.4703
DUNGS_p_TCGA_b84_115_SNP_N_GenomeWideSNP_6_A04_771520	8	585892	585908	2	5.1501
DUNGS_p_TCGA_b84_115_SNP_N_GenomeWideSNP_6_A04_771520	8	591043	1612825	786	0.0096
DUNGS_p_TCGA_b84_115_SNP_N_GenomeWideSNP_6_A04_771520	8	1613370	1613627	5	-0.757
DUNGS_p_TCGA_b84_115_SNP_N_GenomeWideSNP_6_A04_771520	8	1614581	1808152	116	0.086
DUNGS_p_TCGA_b84_115_SNP_N_GenomeWideSNP_6_A04_771520	8	1808899	1811066	5	-0.5934
DUNGS_p_TCGA_b84_115_SNP_N_GenomeWideSNP_6_A04_771520	8	1811556	2023848	175	0.0376
DUNGS_p_TCGA_b84_115_SNP_N_GenomeWideSNP_6_A04_771520	8	2023883	2024122	2	-0.9287
DUNGS_p_TCGA_b84_115_SNP_N_GenomeWideSNP_6_A04_771520	8	2024140	2042790	30	-0.0752
DUNGS_p_TCGA_b84_115_SNP_N_GenomeWideSNP_6_A04_771520	8	2042845	2048845	6	0.4304
DUNGS_p_TCGA_b84_115_SNP_N_GenomeWideSNP_6_A04_771520	8	2049653	2068619	27	0.032
DUNGS_p_TCGA_b84_115_SNP_N_GenomeWideSNP_6_A04_771520	8	2068658	2069358	7	-0.5042
DUNGS_p_TCGA_b84_115_SNP_N_GenomeWideSNP_6_A04_771520	8	2069399	2069484	4	-1.4651
DUNGS_p_TCGA_b84_115_SNP_N_GenomeWideSNP_6_A04_771520	8	2069593	2235234	150	0.0475
DUNGS_p_TCGA_b84_115_SNP_N_GenomeWideSNP_6_A04_771520	8	2242045	2246765	12	-1.2084
DUNGS_p_TCGA_b84_115_SNP_N_GenomeWideSNP_6_A04_771520	8	2257735	2472712	225	0.0094
DUNGS_p_TCGA_b84_115_SNP_N_GenomeWideSNP_6_A04_771520	8	2475225	2475268	3	-1.0538
DUNGS_p_TCGA_b84_115_SNP_N_GenomeWideSNP_6_A04_771520	8	2475685	7174056	5948	0.0071
DUNGS_p_TCGA_b84_115_SNP_N_GenomeWideSNP_6_A04_771520	8	7181231	7213846	23	-0.9867
DUNGS_p_TCGA_b84_115_SNP_N_GenomeWideSNP_6_A04_771520	8	7225313	8423207	507	0.0864
DUNGS_p_TCGA_b84_115_SNP_N_GenomeWideSNP_6_A04_771520	8	8423560	8423852	4	-1.7188
DUNGS_p_TCGA_b84_115_SNP_N_GenomeWideSNP_6_A04_771520	8	8425717	12276652	2956	0.0214
DUNGS_p_TCGA_b84_115_SNP_N_GenomeWideSNP_6_A04_771520	8	12276787	12278771	7	-1.8686
DUNGS_p_TCGA_b84_115_SNP_N_GenomeWideSNP_6_A04_771520	8	12284206	12285662	9	-0.5303
DUNGS_p_TCGA_b84_115_SNP_N_GenomeWideSNP_6_A04_771520	8	12285876	12291528	16	0.0461
DUNGS_p_TCGA_b84_115_SNP_N_GenomeWideSNP_6_A04_771520	8	12291559	12291857	5	-0.7014
DUNGS_p_TCGA_b84_115_SNP_N_GenomeWideSNP_6_A04_771520	8	12305298	12325492	14	0.2749
DUNGS_p_TCGA_b84_115_SNP_N_GenomeWideSNP_6_A04_771520	8	12348483	12349027	3	-0.8635
DUNGS_p_TCGA_b84_115_SNP_N_GenomeWideSNP_6_A04_771520	8	12355055	13752137	1240	0.0223
DUNGS_p_TCGA_b84_115_SNP_N_GenomeWideSNP_6_A04_771520	8	13754345	13755298	2	-1.1282
DUNGS_p_TCGA_b84_115_SNP_N_GenomeWideSNP_6_A04_771520	8	13757973	23458220	8094	0.0219
DUNGS_p_TCGA_b84_115_SNP_N_GenomeWideSNP_6_A04_771520	8	23458253	23463850	7	-0.6944
DUNGS_p_TCGA_b84_115_SNP_N_GenomeWideSNP_6_A04_771520	8	23466270	24200953	487	0.0236
DUNGS_p_TCGA_b84_115_SNP_N_GenomeWideSNP_6_A04_771520	8	24201375	24207011	4	-1.0086
DUNGS_p_TCGA_b84_115_SNP_N_GenomeWideSNP_6_A04_771520	8	24207453	25035471	663	0.0192
DUNGS_p_TCGA_b84_115_SNP_N_GenomeWideSNP_6_A04_771520	8	25035821	25035904	7	-1.7863
DUNGS_p_TCGA_b84_115_SNP_N_GenomeWideSNP_6_A04_771520	8	25039986	25040167	5	-0.6489
DUNGS_p_TCGA_b84_115_SNP_N_GenomeWideSNP_6_A04_771520	8	25040250	25522691	363	0.022
DUNGS_p_TCGA_b84_115_SNP_N_GenomeWideSNP_6_A04_771520	8	25523245	25527184	2	-0.9156
DUNGS_p_TCGA_b84_115_SNP_N_GenomeWideSNP_6_A04_771520	8	25529606	26830658	1037	0.0295
DUNGS_p_TCGA_b84_115_SNP_N_GenomeWideSNP_6_A04_771520	8	26831283	26831296	2	-1.5387
DUNGS_p_TCGA_b84_115_SNP_N_GenomeWideSNP_6_A04_771520	8	26833242	29935372	2077	0.0245
DUNGS_p_TCGA_b84_115_SNP_N_GenomeWideSNP_6_A04_771520	8	29935984	29938221	2	-1.1215
DUNGS_p_TCGA_b84_115_SNP_N_GenomeWideSNP_6_A04_771520	8	29938937	32798408	1974	0.0157
DUNGS_p_TCGA_b84_115_SNP_N_GenomeWideSNP_6_A04_771520	8	32802640	32807955	8	1.7874
DUNGS_p_TCGA_b84_115_SNP_N_GenomeWideSNP_6_A04_771520	8	32811648	35351484	1444	0.0172
DUNGS_p_TCGA_b84_115_SNP_N_GenomeWideSNP_6_A04_771520	8	35354193	35354920	2	-1.4478
DUNGS_p_TCGA_b84_115_SNP_N_GenomeWideSNP_6_A04_771520	8	35358413	37427930	1194	0.0107
DUNGS_p_TCGA_b84_115_SNP_N_GenomeWideSNP_6_A04_771520	8	37428407	37431819	4	-0.9176
DUNGS_p_TCGA_b84_115_SNP_N_GenomeWideSNP_6_A04_771520	8	37432245	39349816	940	0.0286
DUNGS_p_TCGA_b84_115_SNP_N_GenomeWideSNP_6_A04_771520	8	39354760	39503857	56	-0.4781
DUNGS_p_TCGA_b84_115_SNP_N_GenomeWideSNP_6_A04_771520	8	39504126	39506122	3	-1.6344
DUNGS_p_TCGA_b84_115_SNP_N_GenomeWideSNP_6_A04_771520	8	39507456	63375932	12692	0.0158
DUNGS_p_TCGA_b84_115_SNP_N_GenomeWideSNP_6_A04_771520	8	63380105	63386639	7	-0.6428
DUNGS_p_TCGA_b84_115_SNP_N_GenomeWideSNP_6_A04_771520	8	63391700	68353194	2652	0.0199
DUNGS_p_TCGA_b84_115_SNP_N_GenomeWideSNP_6_A04_771520	8	68358323	68358657	3	-0.8007
DUNGS_p_TCGA_b84_115_SNP_N_GenomeWideSNP_6_A04_771520	8	68362113	72374919	2572	0.0122
DUNGS_p_TCGA_b84_115_SNP_N_GenomeWideSNP_6_A04_771520	8	72377865	72378580	4	-0.943
DUNGS_p_TCGA_b84_115_SNP_N_GenomeWideSNP_6_A04_771520	8	72378692	72493139	87	0.0302
DUNGS_p_TCGA_b84_115_SNP_N_GenomeWideSNP_6_A04_771520	8	72496197	72496204	2	-1.0673
DUNGS_p_TCGA_b84_115_SNP_N_GenomeWideSNP_6_A04_771520	8	72496335	79337054	4366	0.0196
DUNGS_p_TCGA_b84_115_SNP_N_GenomeWideSNP_6_A04_771520	8	79341169	79347879	5	-0.9141
DUNGS_p_TCGA_b84_115_SNP_N_GenomeWideSNP_6_A04_771520	8	79351169	87695658	4705	0.0231
DUNGS_p_TCGA_b84_115_SNP_N_GenomeWideSNP_6_A04_771520	8	87697487	87698501	3	-0.9116
DUNGS_p_TCGA_b84_115_SNP_N_GenomeWideSNP_6_A04_771520	8	87698859	95627291	4696	0.0272
DUNGS_p_TCGA_b84_115_SNP_N_GenomeWideSNP_6_A04_771520	8	95628268	95629008	4	-1.1758
DUNGS_p_TCGA_b84_115_SNP_N_GenomeWideSNP_6_A04_771520	8	95629228	118016439	13600	0.0222
DUNGS_p_TCGA_b84_115_SNP_N_GenomeWideSNP_6_A04_771520	8	118016453	118016585	3	-0.9759
DUNGS_p_TCGA_b84_115_SNP_N_GenomeWideSNP_6_A04_771520	8	118016855	129019910	7734	0.0244
DUNGS_p_TCGA_b84_115_SNP_N_GenomeWideSNP_6_A04_771520	8	129020987	129021390	2	-1.3065
DUNGS_p_TCGA_b84_115_SNP_N_GenomeWideSNP_6_A04_771520	8	129021490	133831819	3500	0.0212
DUNGS_p_TCGA_b84_115_SNP_N_GenomeWideSNP_6_A04_771520	8	133834678	133834754	2	-1.2574
DUNGS_p_TCGA_b84_115_SNP_N_GenomeWideSNP_6_A04_771520	8	133836163	144456063	7804	0.0139
DUNGS_p_TCGA_b84_115_SNP_N_GenomeWideSNP_6_A04_771520	8	144457178	144459294	4	-0.944
DUNGS_p_TCGA_b84_115_SNP_N_GenomeWideSNP_6_A04_771520	8	144464305	146268959	604	0.0205
DUNGS_p_TCGA_b84_115_SNP_N_GenomeWideSNP_6_A04_771520	9	36587	579252	477	0.0462
DUNGS_p_TCGA_b84_115_SNP_N_GenomeWideSNP_6_A04_771520	9	581967	598659	46	-0.9719
DUNGS_p_TCGA_b84_115_SNP_N_GenomeWideSNP_6_A04_771520	9	598683	2181246	1857	0.0328
DUNGS_p_TCGA_b84_115_SNP_N_GenomeWideSNP_6_A04_771520	9	2181725	2181976	3	-1.0287
DUNGS_p_TCGA_b84_115_SNP_N_GenomeWideSNP_6_A04_771520	9	2195572	5068423	2871	0.0217
DUNGS_p_TCGA_b84_115_SNP_N_GenomeWideSNP_6_A04_771520	9	5068443	5071852	11	0.5564
DUNGS_p_TCGA_b84_115_SNP_N_GenomeWideSNP_6_A04_771520	9	5071953	6387144	898	0.0241
DUNGS_p_TCGA_b84_115_SNP_N_GenomeWideSNP_6_A04_771520	9	6389538	6389588	2	-1.9916
DUNGS_p_TCGA_b84_115_SNP_N_GenomeWideSNP_6_A04_771520	9	6391077	6391182	2	-6.4015
DUNGS_p_TCGA_b84_115_SNP_N_GenomeWideSNP_6_A04_771520	9	6391361	6759995	267	-0.0115
DUNGS_p_TCGA_b84_115_SNP_N_GenomeWideSNP_6_A04_771520	9	6760374	6760744	4	-1.6019
DUNGS_p_TCGA_b84_115_SNP_N_GenomeWideSNP_6_A04_771520	9	6761267	41942516	24946	0.0168
DUNGS_p_TCGA_b84_115_SNP_N_GenomeWideSNP_6_A04_771520	9	41962506	42014172	6	-1.8219
DUNGS_p_TCGA_b84_115_SNP_N_GenomeWideSNP_6_A04_771520	9	42055266	43542722	35	0.1065
DUNGS_p_TCGA_b84_115_SNP_N_GenomeWideSNP_6_A04_771520	9	43552158	44098033	33	-0.5871
DUNGS_p_TCGA_b84_115_SNP_N_GenomeWideSNP_6_A04_771520	9	44101718	44386132	41	-0.0929
DUNGS_p_TCGA_b84_115_SNP_N_GenomeWideSNP_6_A04_771520	9	44409324	44795733	38	0.5689
DUNGS_p_TCGA_b84_115_SNP_N_GenomeWideSNP_6_A04_771520	9	44806024	68138997	232	0.042
DUNGS_p_TCGA_b84_115_SNP_N_GenomeWideSNP_6_A04_771520	9	68139184	68227664	16	-0.6078
DUNGS_p_TCGA_b84_115_SNP_N_GenomeWideSNP_6_A04_771520	9	68285054	71222213	1003	0.0199
DUNGS_p_TCGA_b84_115_SNP_N_GenomeWideSNP_6_A04_771520	9	71222216	71238297	20	0.5924
DUNGS_p_TCGA_b84_115_SNP_N_GenomeWideSNP_6_A04_771520	9	71238848	82172215	7889	0.0199
DUNGS_p_TCGA_b84_115_SNP_N_GenomeWideSNP_6_A04_771520	9	82172246	82174311	5	-1.0502
DUNGS_p_TCGA_b84_115_SNP_N_GenomeWideSNP_6_A04_771520	9	82175546	85703091	2454	0.016
DUNGS_p_TCGA_b84_115_SNP_N_GenomeWideSNP_6_A04_771520	9	85704275	85706659	4	0.9624
DUNGS_p_TCGA_b84_115_SNP_N_GenomeWideSNP_6_A04_771520	9	85706814	87627823	1443	0.0153
DUNGS_p_TCGA_b84_115_SNP_N_GenomeWideSNP_6_A04_771520	9	87631649	87635526	3	-1.5019
DUNGS_p_TCGA_b84_115_SNP_N_GenomeWideSNP_6_A04_771520	9	87635907	88340848	384	0.0267
DUNGS_p_TCGA_b84_115_SNP_N_GenomeWideSNP_6_A04_771520	9	88345267	88345883	2	-1.1187
DUNGS_p_TCGA_b84_115_SNP_N_GenomeWideSNP_6_A04_771520	9	88346686	92601516	3167	0.0147
DUNGS_p_TCGA_b84_115_SNP_N_GenomeWideSNP_6_A04_771520	9	92605786	92609988	5	-0.9231
DUNGS_p_TCGA_b84_115_SNP_N_GenomeWideSNP_6_A04_771520	9	92610284	97412740	3207	0.0222
DUNGS_p_TCGA_b84_115_SNP_N_GenomeWideSNP_6_A04_771520	9	97416188	97416547	3	-0.8586
DUNGS_p_TCGA_b84_115_SNP_N_GenomeWideSNP_6_A04_771520	9	97416942	110354180	9120	0.0185
DUNGS_p_TCGA_b84_115_SNP_N_GenomeWideSNP_6_A04_771520	9	110354562	110381965	29	-0.9525
DUNGS_p_TCGA_b84_115_SNP_N_GenomeWideSNP_6_A04_771520	9	110382975	129598496	13900	0.0153
DUNGS_p_TCGA_b84_115_SNP_N_GenomeWideSNP_6_A04_771520	9	129600888	129602608	5	0.7873
DUNGS_p_TCGA_b84_115_SNP_N_GenomeWideSNP_6_A04_771520	9	129606627	135172331	3257	0.0153
DUNGS_p_TCGA_b84_115_SNP_N_GenomeWideSNP_6_A04_771520	9	135172346	135172606	5	1.4417
DUNGS_p_TCGA_b84_115_SNP_N_GenomeWideSNP_6_A04_771520	9	135172927	137353926	1182	4e-04
DUNGS_p_TCGA_b84_115_SNP_N_GenomeWideSNP_6_A04_771520	9	137355443	137356233	2	-2.0453
DUNGS_p_TCGA_b84_115_SNP_N_GenomeWideSNP_6_A04_771520	9	137357618	139372768	699	0.0074
DUNGS_p_TCGA_b84_115_SNP_N_GenomeWideSNP_6_A04_771520	9	139375463	139375654	3	1.6089
DUNGS_p_TCGA_b84_115_SNP_N_GenomeWideSNP_6_A04_771520	9	139392824	140211215	413	-0.0037
DUNGS_p_TCGA_b84_115_SNP_N_GenomeWideSNP_6_A04_771520	10	62759	2081021	1505	0.0062
DUNGS_p_TCGA_b84_115_SNP_N_GenomeWideSNP_6_A04_771520	10	2082776	2083707	3	-1.1615
DUNGS_p_TCGA_b84_115_SNP_N_GenomeWideSNP_6_A04_771520	10	2085066	4277070	2082	0.0253
DUNGS_p_TCGA_b84_115_SNP_N_GenomeWideSNP_6_A04_771520	10	4280814	4281016	4	1.0281
DUNGS_p_TCGA_b84_115_SNP_N_GenomeWideSNP_6_A04_771520	10	4284071	4427173	194	-0.0074
DUNGS_p_TCGA_b84_115_SNP_N_GenomeWideSNP_6_A04_771520	10	4429129	4433829	7	-0.5979
DUNGS_p_TCGA_b84_115_SNP_N_GenomeWideSNP_6_A04_771520	10	4433841	12333190	6503	0.0174
DUNGS_p_TCGA_b84_115_SNP_N_GenomeWideSNP_6_A04_771520	10	12336456	12337437	6	-1.4252
DUNGS_p_TCGA_b84_115_SNP_N_GenomeWideSNP_6_A04_771520	10	12337571	12914427	491	0.0224
DUNGS_p_TCGA_b84_115_SNP_N_GenomeWideSNP_6_A04_771520	10	12915214	12915457	2	-1.079
DUNGS_p_TCGA_b84_115_SNP_N_GenomeWideSNP_6_A04_771520	10	12916051	16507248	3020	0.0193
DUNGS_p_TCGA_b84_115_SNP_N_GenomeWideSNP_6_A04_771520	10	16510899	16510939	2	-2.8634
DUNGS_p_TCGA_b84_115_SNP_N_GenomeWideSNP_6_A04_771520	10	16516277	24417684	5449	0.018
DUNGS_p_TCGA_b84_115_SNP_N_GenomeWideSNP_6_A04_771520	10	24417685	24419045	11	-0.7645
DUNGS_p_TCGA_b84_115_SNP_N_GenomeWideSNP_6_A04_771520	10	24420666	27263909	1990	0.0163
DUNGS_p_TCGA_b84_115_SNP_N_GenomeWideSNP_6_A04_771520	10	27265910	27268458	12	-0.9743
DUNGS_p_TCGA_b84_115_SNP_N_GenomeWideSNP_6_A04_771520	10	27268479	41974808	7960	0.0173
DUNGS_p_TCGA_b84_115_SNP_N_GenomeWideSNP_6_A04_771520	10	41975678	42173695	37	0.2748
DUNGS_p_TCGA_b84_115_SNP_N_GenomeWideSNP_6_A04_771520	10	42173708	47241036	2704	0.0213
DUNGS_p_TCGA_b84_115_SNP_N_GenomeWideSNP_6_A04_771520	10	47417400	47468066	4	-1.503
DUNGS_p_TCGA_b84_115_SNP_N_GenomeWideSNP_6_A04_771520	10	47480482	47737209	8	0.2822
DUNGS_p_TCGA_b84_115_SNP_N_GenomeWideSNP_6_A04_771520	10	47799776	48522382	287	0.0074
DUNGS_p_TCGA_b84_115_SNP_N_GenomeWideSNP_6_A04_771520	10	48548797	48554762	2	-1.3633
DUNGS_p_TCGA_b84_115_SNP_N_GenomeWideSNP_6_A04_771520	10	48567024	50867144	1370	0.0187
DUNGS_p_TCGA_b84_115_SNP_N_GenomeWideSNP_6_A04_771520	10	50901582	51149657	7	0.5365
DUNGS_p_TCGA_b84_115_SNP_N_GenomeWideSNP_6_A04_771520	10	51163004	51492405	92	0.0909
DUNGS_p_TCGA_b84_115_SNP_N_GenomeWideSNP_6_A04_771520	10	51500366	51537240	4	0.9408
DUNGS_p_TCGA_b84_115_SNP_N_GenomeWideSNP_6_A04_771520	10	51561926	66977942	11036	0.0208
DUNGS_p_TCGA_b84_115_SNP_N_GenomeWideSNP_6_A04_771520	10	66977957	66984452	26	0.361
DUNGS_p_TCGA_b84_115_SNP_N_GenomeWideSNP_6_A04_771520	10	66992801	122753665	36996	0.0172
DUNGS_p_TCGA_b84_115_SNP_N_GenomeWideSNP_6_A04_771520	10	122760653	122767488	20	-1.5312
DUNGS_p_TCGA_b84_115_SNP_N_GenomeWideSNP_6_A04_771520	10	122779532	124322286	1409	0.0099
DUNGS_p_TCGA_b84_115_SNP_N_GenomeWideSNP_6_A04_771520	10	124324003	124336904	7	0.9042
DUNGS_p_TCGA_b84_115_SNP_N_GenomeWideSNP_6_A04_771520	10	124336968	133411088	7014	0.0148
DUNGS_p_TCGA_b84_115_SNP_N_GenomeWideSNP_6_A04_771520	10	133411244	133413396	5	-0.778
DUNGS_p_TCGA_b84_115_SNP_N_GenomeWideSNP_6_A04_771520	10	133413808	133518007	71	-0.0085
DUNGS_p_TCGA_b84_115_SNP_N_GenomeWideSNP_6_A04_771520	10	133518669	133519395	3	-0.8869
DUNGS_p_TCGA_b84_115_SNP_N_GenomeWideSNP_6_A04_771520	10	133519893	135356694	836	0.0244
DUNGS_p_TCGA_b84_115_SNP_N_GenomeWideSNP_6_A04_771520	11	188510	4924693	2481	0.0279
DUNGS_p_TCGA_b84_115_SNP_N_GenomeWideSNP_6_A04_771520	11	4925086	4932281	28	-1.6129
DUNGS_p_TCGA_b84_115_SNP_N_GenomeWideSNP_6_A04_771520	11	4932833	4933483	14	-0.4229
DUNGS_p_TCGA_b84_115_SNP_N_GenomeWideSNP_6_A04_771520	11	4933587	18897446	10251	0.024
DUNGS_p_TCGA_b84_115_SNP_N_GenomeWideSNP_6_A04_771520	11	18905648	18918498	55	0.844
DUNGS_p_TCGA_b84_115_SNP_N_GenomeWideSNP_6_A04_771520	11	18918511	20800467	1682	0.0209
DUNGS_p_TCGA_b84_115_SNP_N_GenomeWideSNP_6_A04_771520	11	20801428	20806334	3	-1.0412
DUNGS_p_TCGA_b84_115_SNP_N_GenomeWideSNP_6_A04_771520	11	20806806	55130624	20188	0.0222
DUNGS_p_TCGA_b84_115_SNP_N_GenomeWideSNP_6_A04_771520	11	55130764	55209585	57	-0.3715
DUNGS_p_TCGA_b84_115_SNP_N_GenomeWideSNP_6_A04_771520	11	55210152	79645152	13310	0.0218
DUNGS_p_TCGA_b84_115_SNP_N_GenomeWideSNP_6_A04_771520	11	79645161	79645212	3	-1.5595
DUNGS_p_TCGA_b84_115_SNP_N_GenomeWideSNP_6_A04_771520	11	79645334	87288959	5441	0.0241
DUNGS_p_TCGA_b84_115_SNP_N_GenomeWideSNP_6_A04_771520	11	87288963	87289513	3	-1.1332
DUNGS_p_TCGA_b84_115_SNP_N_GenomeWideSNP_6_A04_771520	11	87289527	93337584	4026	0.0186
DUNGS_p_TCGA_b84_115_SNP_N_GenomeWideSNP_6_A04_771520	11	93337606	93341236	9	-1.0874
DUNGS_p_TCGA_b84_115_SNP_N_GenomeWideSNP_6_A04_771520	11	93344108	124596778	22136	0.017
DUNGS_p_TCGA_b84_115_SNP_N_GenomeWideSNP_6_A04_771520	11	124600327	124600793	5	-0.873
DUNGS_p_TCGA_b84_115_SNP_N_GenomeWideSNP_6_A04_771520	11	124600809	134449982	7547	0.0162
DUNGS_p_TCGA_b84_115_SNP_N_GenomeWideSNP_6_A04_771520	12	20703	739459	420	0.0127
DUNGS_p_TCGA_b84_115_SNP_N_GenomeWideSNP_6_A04_771520	12	739524	744290	16	-0.6972
DUNGS_p_TCGA_b84_115_SNP_N_GenomeWideSNP_6_A04_771520	12	745615	9521823	5775	0.0218
DUNGS_p_TCGA_b84_115_SNP_N_GenomeWideSNP_6_A04_771520	12	9525137	9619559	24	1.03
DUNGS_p_TCGA_b84_115_SNP_N_GenomeWideSNP_6_A04_771520	12	9626236	11110690	1045	0.0255
DUNGS_p_TCGA_b84_115_SNP_N_GenomeWideSNP_6_A04_771520	12	11111991	11132799	12	0.4744
DUNGS_p_TCGA_b84_115_SNP_N_GenomeWideSNP_6_A04_771520	12	11143141	16310672	3704	0.0256
DUNGS_p_TCGA_b84_115_SNP_N_GenomeWideSNP_6_A04_771520	12	16312254	16320005	4	-0.9342
DUNGS_p_TCGA_b84_115_SNP_N_GenomeWideSNP_6_A04_771520	12	16325555	33192787	11901	0.024
DUNGS_p_TCGA_b84_115_SNP_N_GenomeWideSNP_6_A04_771520	12	33192801	33198641	24	-0.6147
DUNGS_p_TCGA_b84_115_SNP_N_GenomeWideSNP_6_A04_771520	12	33199627	33278024	46	0.0533
DUNGS_p_TCGA_b84_115_SNP_N_GenomeWideSNP_6_A04_771520	12	33280096	33286409	4	-2.9171
DUNGS_p_TCGA_b84_115_SNP_N_GenomeWideSNP_6_A04_771520	12	33286685	34141963	540	0.0131
DUNGS_p_TCGA_b84_115_SNP_N_GenomeWideSNP_6_A04_771520	12	34147976	34153819	8	-0.9306
DUNGS_p_TCGA_b84_115_SNP_N_GenomeWideSNP_6_A04_771520	12	34154401	36339828	256	0.063
DUNGS_p_TCGA_b84_115_SNP_N_GenomeWideSNP_6_A04_771520	12	36339901	36393982	30	-0.5303
DUNGS_p_TCGA_b84_115_SNP_N_GenomeWideSNP_6_A04_771520	12	36394013	42987408	4047	0.0173
DUNGS_p_TCGA_b84_115_SNP_N_GenomeWideSNP_6_A04_771520	12	42987551	42987886	2	-1.2438
DUNGS_p_TCGA_b84_115_SNP_N_GenomeWideSNP_6_A04_771520	12	42992294	62206256	11366	0.0221
DUNGS_p_TCGA_b84_115_SNP_N_GenomeWideSNP_6_A04_771520	12	62206852	62211072	3	-1.2476
DUNGS_p_TCGA_b84_115_SNP_N_GenomeWideSNP_6_A04_771520	12	62219230	68723942	4290	0.022
DUNGS_p_TCGA_b84_115_SNP_N_GenomeWideSNP_6_A04_771520	12	68726913	68861744	91	-1.0576
DUNGS_p_TCGA_b84_115_SNP_N_GenomeWideSNP_6_A04_771520	12	68866234	73760416	3021	0.0189
DUNGS_p_TCGA_b84_115_SNP_N_GenomeWideSNP_6_A04_771520	12	73767229	73771156	5	-0.7385
DUNGS_p_TCGA_b84_115_SNP_N_GenomeWideSNP_6_A04_771520	12	73771655	85634519	7276	0.0195
DUNGS_p_TCGA_b84_115_SNP_N_GenomeWideSNP_6_A04_771520	12	85636316	85638163	2	-1.127
DUNGS_p_TCGA_b84_115_SNP_N_GenomeWideSNP_6_A04_771520	12	85645381	86050753	226	0.0126
DUNGS_p_TCGA_b84_115_SNP_N_GenomeWideSNP_6_A04_771520	12	86055044	86057392	3	-1.2371
DUNGS_p_TCGA_b84_115_SNP_N_GenomeWideSNP_6_A04_771520	12	86062523	89928643	2340	0.0193
DUNGS_p_TCGA_b84_115_SNP_N_GenomeWideSNP_6_A04_771520	12	89934058	89934727	2	-1.0936
DUNGS_p_TCGA_b84_115_SNP_N_GenomeWideSNP_6_A04_771520	12	89938044	98315945	5857	0.0274
DUNGS_p_TCGA_b84_115_SNP_N_GenomeWideSNP_6_A04_771520	12	98319424	98322851	30	-0.6138
DUNGS_p_TCGA_b84_115_SNP_N_GenomeWideSNP_6_A04_771520	12	98322865	132288262	22791	0.0173
DUNGS_p_TCGA_b84_115_SNP_N_GenomeWideSNP_6_A04_771520	13	17924949	24467345	4421	0.0203
DUNGS_p_TCGA_b84_115_SNP_N_GenomeWideSNP_6_A04_771520	13	24470918	24478632	8	-1.1339
DUNGS_p_TCGA_b84_115_SNP_N_GenomeWideSNP_6_A04_771520	13	24479765	35533029	8154	0.0125
DUNGS_p_TCGA_b84_115_SNP_N_GenomeWideSNP_6_A04_771520	13	35533408	35540259	4	-0.914
DUNGS_p_TCGA_b84_115_SNP_N_GenomeWideSNP_6_A04_771520	13	35540282	37950811	1711	0.0165
DUNGS_p_TCGA_b84_115_SNP_N_GenomeWideSNP_6_A04_771520	13	37955572	37956056	2	1.5044
DUNGS_p_TCGA_b84_115_SNP_N_GenomeWideSNP_6_A04_771520	13	37963057	114126499	50081	0.0166
DUNGS_p_TCGA_b84_115_SNP_N_GenomeWideSNP_6_A04_771520	14	18072124	18677007	45	0.2917
DUNGS_p_TCGA_b84_115_SNP_N_GenomeWideSNP_6_A04_771520	14	18690051	19493212	145	-0.3811
DUNGS_p_TCGA_b84_115_SNP_N_GenomeWideSNP_6_A04_771520	14	19494766	20426987	719	0.0118
DUNGS_p_TCGA_b84_115_SNP_N_GenomeWideSNP_6_A04_771520	14	20431876	20490928	24	-0.9169
DUNGS_p_TCGA_b84_115_SNP_N_GenomeWideSNP_6_A04_771520	14	20494558	40667454	12907	0.0231
DUNGS_p_TCGA_b84_115_SNP_N_GenomeWideSNP_6_A04_771520	14	40670723	40697979	14	-1.0605
DUNGS_p_TCGA_b84_115_SNP_N_GenomeWideSNP_6_A04_771520	14	40698224	42057255	861	0.004
DUNGS_p_TCGA_b84_115_SNP_N_GenomeWideSNP_6_A04_771520	14	42057616	42062184	3	-1.0016
DUNGS_p_TCGA_b84_115_SNP_N_GenomeWideSNP_6_A04_771520	14	42065261	73070876	19654	0.0181
DUNGS_p_TCGA_b84_115_SNP_N_GenomeWideSNP_6_A04_771520	14	73076460	73090732	8	0.9511
DUNGS_p_TCGA_b84_115_SNP_N_GenomeWideSNP_6_A04_771520	14	73099653	73643916	286	0.0446
DUNGS_p_TCGA_b84_115_SNP_N_GenomeWideSNP_6_A04_771520	14	73644508	73644526	2	-0.8763
DUNGS_p_TCGA_b84_115_SNP_N_GenomeWideSNP_6_A04_771520	14	73644554	73902674	160	0.0443
DUNGS_p_TCGA_b84_115_SNP_N_GenomeWideSNP_6_A04_771520	14	73903081	73904991	2	-1.102
DUNGS_p_TCGA_b84_115_SNP_N_GenomeWideSNP_6_A04_771520	14	73913142	75417469	891	0.0219
DUNGS_p_TCGA_b84_115_SNP_N_GenomeWideSNP_6_A04_771520	14	75417994	75418435	5	-1.2589
DUNGS_p_TCGA_b84_115_SNP_N_GenomeWideSNP_6_A04_771520	14	75420876	77571399	1502	0.0128
DUNGS_p_TCGA_b84_115_SNP_N_GenomeWideSNP_6_A04_771520	14	77571633	77571848	3	-1.0025
DUNGS_p_TCGA_b84_115_SNP_N_GenomeWideSNP_6_A04_771520	14	77572164	94484866	11347	0.0178
DUNGS_p_TCGA_b84_115_SNP_N_GenomeWideSNP_6_A04_771520	14	94486351	94487316	3	-1.0392
DUNGS_p_TCGA_b84_115_SNP_N_GenomeWideSNP_6_A04_771520	14	94489808	97199755	1995	0.0165
DUNGS_p_TCGA_b84_115_SNP_N_GenomeWideSNP_6_A04_771520	14	97199805	97210433	28	-1.0138
DUNGS_p_TCGA_b84_115_SNP_N_GenomeWideSNP_6_A04_771520	14	97216554	99489186	1913	0.0261
DUNGS_p_TCGA_b84_115_SNP_N_GenomeWideSNP_6_A04_771520	14	99490749	99498969	3	-1.46
DUNGS_p_TCGA_b84_115_SNP_N_GenomeWideSNP_6_A04_771520	14	99501209	101216712	978	4e-04
DUNGS_p_TCGA_b84_115_SNP_N_GenomeWideSNP_6_A04_771520	14	101217629	101231075	5	-0.6478
DUNGS_p_TCGA_b84_115_SNP_N_GenomeWideSNP_6_A04_771520	14	101231350	102724692	682	0.019
DUNGS_p_TCGA_b84_115_SNP_N_GenomeWideSNP_6_A04_771520	14	102729288	102731471	3	-1.8176
DUNGS_p_TCGA_b84_115_SNP_N_GenomeWideSNP_6_A04_771520	14	102734871	105793116	1112	0.0084
DUNGS_p_TCGA_b84_115_SNP_N_GenomeWideSNP_6_A04_771520	14	105793442	105798514	5	-0.722
DUNGS_p_TCGA_b84_115_SNP_N_GenomeWideSNP_6_A04_771520	14	105799207	105848388	27	0.0081
DUNGS_p_TCGA_b84_115_SNP_N_GenomeWideSNP_6_A04_771520	14	105854089	105889602	10	-0.8206
DUNGS_p_TCGA_b84_115_SNP_N_GenomeWideSNP_6_A04_771520	14	105891789	105934571	26	-0.0396
DUNGS_p_TCGA_b84_115_SNP_N_GenomeWideSNP_6_A04_771520	14	105935767	105950876	6	0.3195
DUNGS_p_TCGA_b84_115_SNP_N_GenomeWideSNP_6_A04_771520	14	105952397	105989153	50	-0.7704
DUNGS_p_TCGA_b84_115_SNP_N_GenomeWideSNP_6_A04_771520	14	105989694	106005593	7	0.8323
DUNGS_p_TCGA_b84_115_SNP_N_GenomeWideSNP_6_A04_771520	14	106010833	106231370	128	0.0226
DUNGS_p_TCGA_b84_115_SNP_N_GenomeWideSNP_6_A04_771520	14	106231444	106245617	12	0.9353
DUNGS_p_TCGA_b84_115_SNP_N_GenomeWideSNP_6_A04_771520	14	106247258	106356482	77	0.0284
DUNGS_p_TCGA_b84_115_SNP_N_GenomeWideSNP_6_A04_771520	15	18276341	18524300	54	0.0765
DUNGS_p_TCGA_b84_115_SNP_N_GenomeWideSNP_6_A04_771520	15	18525992	19886365	288	-0.3257
DUNGS_p_TCGA_b84_115_SNP_N_GenomeWideSNP_6_A04_771520	15	19888279	22239243	1103	-0.0021
DUNGS_p_TCGA_b84_115_SNP_N_GenomeWideSNP_6_A04_771520	15	22239433	22282088	26	0.3606
DUNGS_p_TCGA_b84_115_SNP_N_GenomeWideSNP_6_A04_771520	15	22282965	28333305	3674	0.0245
DUNGS_p_TCGA_b84_115_SNP_N_GenomeWideSNP_6_A04_771520	15	28339437	28348859	2	-1.3435
DUNGS_p_TCGA_b84_115_SNP_N_GenomeWideSNP_6_A04_771520	15	28350062	28700879	67	0.0493
DUNGS_p_TCGA_b84_115_SNP_N_GenomeWideSNP_6_A04_771520	15	28707916	28768337	23	-0.8807
DUNGS_p_TCGA_b84_115_SNP_N_GenomeWideSNP_6_A04_771520	15	28788372	29786937	670	0.0149
DUNGS_p_TCGA_b84_115_SNP_N_GenomeWideSNP_6_A04_771520	15	29798781	30299512	376	0.6153
DUNGS_p_TCGA_b84_115_SNP_N_GenomeWideSNP_6_A04_771520	15	30318608	30348970	7	-0.0693
DUNGS_p_TCGA_b84_115_SNP_N_GenomeWideSNP_6_A04_771520	15	30353803	30405358	9	0.6616
DUNGS_p_TCGA_b84_115_SNP_N_GenomeWideSNP_6_A04_771520	15	30405735	32501415	1523	0.0171
DUNGS_p_TCGA_b84_115_SNP_N_GenomeWideSNP_6_A04_771520	15	32507087	32643110	73	-0.6575
DUNGS_p_TCGA_b84_115_SNP_N_GenomeWideSNP_6_A04_771520	15	32645302	35262013	1879	0.0161
DUNGS_p_TCGA_b84_115_SNP_N_GenomeWideSNP_6_A04_771520	15	35262404	35263725	2	-1.4989
DUNGS_p_TCGA_b84_115_SNP_N_GenomeWideSNP_6_A04_771520	15	35265244	36008133	499	0.0198
DUNGS_p_TCGA_b84_115_SNP_N_GenomeWideSNP_6_A04_771520	15	36008981	36010936	4	-4.571
DUNGS_p_TCGA_b84_115_SNP_N_GenomeWideSNP_6_A04_771520	15	36011131	54578102	11316	0.0125
DUNGS_p_TCGA_b84_115_SNP_N_GenomeWideSNP_6_A04_771520	15	54578131	54588269	23	-0.7439
DUNGS_p_TCGA_b84_115_SNP_N_GenomeWideSNP_6_A04_771520	15	54588915	73835090	12330	0.0182
DUNGS_p_TCGA_b84_115_SNP_N_GenomeWideSNP_6_A04_771520	15	73837924	73853571	6	-1
DUNGS_p_TCGA_b84_115_SNP_N_GenomeWideSNP_6_A04_771520	15	73858812	74665417	435	0.0172
DUNGS_p_TCGA_b84_115_SNP_N_GenomeWideSNP_6_A04_771520	15	74678296	74682830	22	0.6416
DUNGS_p_TCGA_b84_115_SNP_N_GenomeWideSNP_6_A04_771520	15	74689234	80999024	3682	0.0172
DUNGS_p_TCGA_b84_115_SNP_N_GenomeWideSNP_6_A04_771520	15	80999205	80999222	2	1.0995
DUNGS_p_TCGA_b84_115_SNP_N_GenomeWideSNP_6_A04_771520	15	81001249	82331742	753	0.0147
DUNGS_p_TCGA_b84_115_SNP_N_GenomeWideSNP_6_A04_771520	15	82333889	82334554	5	-1.466
DUNGS_p_TCGA_b84_115_SNP_N_GenomeWideSNP_6_A04_771520	15	82338281	100286563	13259	0.0198
DUNGS_p_TCGA_b84_115_SNP_N_GenomeWideSNP_6_A04_771520	16	777	8306866	5951	0.0065
DUNGS_p_TCGA_b84_115_SNP_N_GenomeWideSNP_6_A04_771520	16	8309359	8309853	5	-0.9086
DUNGS_p_TCGA_b84_115_SNP_N_GenomeWideSNP_6_A04_771520	16	8310626	14688155	5173	0.0153
DUNGS_p_TCGA_b84_115_SNP_N_GenomeWideSNP_6_A04_771520	16	14742568	14796096	2	1.2631
DUNGS_p_TCGA_b84_115_SNP_N_GenomeWideSNP_6_A04_771520	16	14803698	18079982	1678	0.0275
DUNGS_p_TCGA_b84_115_SNP_N_GenomeWideSNP_6_A04_771520	16	18084389	18150227	7	-0.7115
DUNGS_p_TCGA_b84_115_SNP_N_GenomeWideSNP_6_A04_771520	16	18150537	19854445	731	0.0138
DUNGS_p_TCGA_b84_115_SNP_N_GenomeWideSNP_6_A04_771520	16	19854647	19878319	27	0.3488
DUNGS_p_TCGA_b84_115_SNP_N_GenomeWideSNP_6_A04_771520	16	19878366	22495518	1301	0.0163
DUNGS_p_TCGA_b84_115_SNP_N_GenomeWideSNP_6_A04_771520	16	22495551	22608683	58	0.2608
DUNGS_p_TCGA_b84_115_SNP_N_GenomeWideSNP_6_A04_771520	16	22609580	22744124	117	0.0527
DUNGS_p_TCGA_b84_115_SNP_N_GenomeWideSNP_6_A04_771520	16	22746922	22748356	3	-1.0637
DUNGS_p_TCGA_b84_115_SNP_N_GenomeWideSNP_6_A04_771520	16	22748496	29187251	4116	0.0109
DUNGS_p_TCGA_b84_115_SNP_N_GenomeWideSNP_6_A04_771520	16	29188025	29188556	3	-1.6207
DUNGS_p_TCGA_b84_115_SNP_N_GenomeWideSNP_6_A04_771520	16	29189266	57500486	10095	0.0167
DUNGS_p_TCGA_b84_115_SNP_N_GenomeWideSNP_6_A04_771520	16	57504976	57505349	2	-1.1686
DUNGS_p_TCGA_b84_115_SNP_N_GenomeWideSNP_6_A04_771520	16	57505732	62989723	3602	0.0106
DUNGS_p_TCGA_b84_115_SNP_N_GenomeWideSNP_6_A04_771520	16	62991876	62999961	5	-0.7892
DUNGS_p_TCGA_b84_115_SNP_N_GenomeWideSNP_6_A04_771520	16	63000730	74003176	6390	0.0165
DUNGS_p_TCGA_b84_115_SNP_N_GenomeWideSNP_6_A04_771520	16	74005159	74005454	2	-1.5797
DUNGS_p_TCGA_b84_115_SNP_N_GenomeWideSNP_6_A04_771520	16	74011905	75355973	1009	0.0151
DUNGS_p_TCGA_b84_115_SNP_N_GenomeWideSNP_6_A04_771520	16	75356010	75363929	3	-1.6938
DUNGS_p_TCGA_b84_115_SNP_N_GenomeWideSNP_6_A04_771520	16	75366053	76930838	1616	0.0151
DUNGS_p_TCGA_b84_115_SNP_N_GenomeWideSNP_6_A04_771520	16	76931265	76934212	4	-0.9333
DUNGS_p_TCGA_b84_115_SNP_N_GenomeWideSNP_6_A04_771520	16	76934435	77718201	1075	0.0094
DUNGS_p_TCGA_b84_115_SNP_N_GenomeWideSNP_6_A04_771520	16	77718713	77718941	2	-1.2815
DUNGS_p_TCGA_b84_115_SNP_N_GenomeWideSNP_6_A04_771520	16	77719050	79223889	1683	0.0118
DUNGS_p_TCGA_b84_115_SNP_N_GenomeWideSNP_6_A04_771520	16	79224280	79229930	2	-1.685
DUNGS_p_TCGA_b84_115_SNP_N_GenomeWideSNP_6_A04_771520	16	79230205	82446324	3492	0.0062
DUNGS_p_TCGA_b84_115_SNP_N_GenomeWideSNP_6_A04_771520	16	82447181	82449270	4	-2.3788
DUNGS_p_TCGA_b84_115_SNP_N_GenomeWideSNP_6_A04_771520	16	82449419	83468123	901	0.0093
DUNGS_p_TCGA_b84_115_SNP_N_GenomeWideSNP_6_A04_771520	16	83468999	83469832	2	-1.522
DUNGS_p_TCGA_b84_115_SNP_N_GenomeWideSNP_6_A04_771520	16	83470310	88815036	3498	0.0098
DUNGS_p_TCGA_b84_115_SNP_N_GenomeWideSNP_6_A04_771520	17	526	18876248	11653	0.0206
DUNGS_p_TCGA_b84_115_SNP_N_GenomeWideSNP_6_A04_771520	17	18891592	18970881	7	0.9184
DUNGS_p_TCGA_b84_115_SNP_N_GenomeWideSNP_6_A04_771520	17	18986866	36675234	9329	0.0208
DUNGS_p_TCGA_b84_115_SNP_N_GenomeWideSNP_6_A04_771520	17	36676540	36683976	23	-1.1151
DUNGS_p_TCGA_b84_115_SNP_N_GenomeWideSNP_6_A04_771520	17	36684057	38787791	1111	0.0222
DUNGS_p_TCGA_b84_115_SNP_N_GenomeWideSNP_6_A04_771520	17	38794116	38795447	3	1.66
DUNGS_p_TCGA_b84_115_SNP_N_GenomeWideSNP_6_A04_771520	17	38799230	41551142	1421	0.0101
DUNGS_p_TCGA_b84_115_SNP_N_GenomeWideSNP_6_A04_771520	17	41551504	41719947	104	-0.341
DUNGS_p_TCGA_b84_115_SNP_N_GenomeWideSNP_6_A04_771520	17	41750187	42107479	48	0.4501
DUNGS_p_TCGA_b84_115_SNP_N_GenomeWideSNP_6_A04_771520	17	42120174	53567099	7370	0.0161
DUNGS_p_TCGA_b84_115_SNP_N_GenomeWideSNP_6_A04_771520	17	53567513	53569093	4	-0.8161
DUNGS_p_TCGA_b84_115_SNP_N_GenomeWideSNP_6_A04_771520	17	53572397	65395875	6350	0.0157
DUNGS_p_TCGA_b84_115_SNP_N_GenomeWideSNP_6_A04_771520	17	65396861	65403521	4	-0.8548
DUNGS_p_TCGA_b84_115_SNP_N_GenomeWideSNP_6_A04_771520	17	65403613	72682268	4906	0.0175
DUNGS_p_TCGA_b84_115_SNP_N_GenomeWideSNP_6_A04_771520	17	72684628	72684636	2	1.6929
DUNGS_p_TCGA_b84_115_SNP_N_GenomeWideSNP_6_A04_771520	17	72685111	73366425	461	0.0074
DUNGS_p_TCGA_b84_115_SNP_N_GenomeWideSNP_6_A04_771520	17	73372264	73378524	3	-1.1081
DUNGS_p_TCGA_b84_115_SNP_N_GenomeWideSNP_6_A04_771520	17	73380221	77006987	1903	0.0112
DUNGS_p_TCGA_b84_115_SNP_N_GenomeWideSNP_6_A04_771520	17	77007018	77007235	5	0.8093
DUNGS_p_TCGA_b84_115_SNP_N_GenomeWideSNP_6_A04_771520	17	77007267	78643088	629	0.0162
DUNGS_p_TCGA_b84_115_SNP_N_GenomeWideSNP_6_A04_771520	18	1543	55362439	35768	0.0444
DUNGS_p_TCGA_b84_115_SNP_N_GenomeWideSNP_6_A04_771520	18	55365622	55366722	2	-1.4243
DUNGS_p_TCGA_b84_115_SNP_N_GenomeWideSNP_6_A04_771520	18	55367379	58743375	2321	0.0388
DUNGS_p_TCGA_b84_115_SNP_N_GenomeWideSNP_6_A04_771520	18	58743824	58743891	2	-1.4357
DUNGS_p_TCGA_b84_115_SNP_N_GenomeWideSNP_6_A04_771520	18	58746309	61980603	2420	0.0464
DUNGS_p_TCGA_b84_115_SNP_N_GenomeWideSNP_6_A04_771520	18	61982362	61984771	3	-0.8574
DUNGS_p_TCGA_b84_115_SNP_N_GenomeWideSNP_6_A04_771520	18	61987652	67131727	3697	0.0352
DUNGS_p_TCGA_b84_115_SNP_N_GenomeWideSNP_6_A04_771520	18	67134860	67137974	3	-0.9156
DUNGS_p_TCGA_b84_115_SNP_N_GenomeWideSNP_6_A04_771520	18	67138085	68512615	1024	0.0492
DUNGS_p_TCGA_b84_115_SNP_N_GenomeWideSNP_6_A04_771520	18	68515622	68516159	2	-1.1453
DUNGS_p_TCGA_b84_115_SNP_N_GenomeWideSNP_6_A04_771520	18	68516814	76116029	5627	0.0497
DUNGS_p_TCGA_b84_115_SNP_N_GenomeWideSNP_6_A04_771520	19	41910	23941385	11066	0.0222
DUNGS_p_TCGA_b84_115_SNP_N_GenomeWideSNP_6_A04_771520	19	23941476	23943676	2	-1.8111
DUNGS_p_TCGA_b84_115_SNP_N_GenomeWideSNP_6_A04_771520	19	23944375	35976646	2619	0.0094
DUNGS_p_TCGA_b84_115_SNP_N_GenomeWideSNP_6_A04_771520	19	35979958	35980380	2	-1.1838
DUNGS_p_TCGA_b84_115_SNP_N_GenomeWideSNP_6_A04_771520	19	35982439	40547289	3153	0.0156
DUNGS_p_TCGA_b84_115_SNP_N_GenomeWideSNP_6_A04_771520	19	40547883	40558626	21	0.3428
DUNGS_p_TCGA_b84_115_SNP_N_GenomeWideSNP_6_A04_771520	19	40558641	47992046	3736	0.0188
DUNGS_p_TCGA_b84_115_SNP_N_GenomeWideSNP_6_A04_771520	19	47994349	47997175	2	-1.7997
DUNGS_p_TCGA_b84_115_SNP_N_GenomeWideSNP_6_A04_771520	19	48000726	48394873	185	0.0393
DUNGS_p_TCGA_b84_115_SNP_N_GenomeWideSNP_6_A04_771520	19	48395344	48413392	9	-1.9177
DUNGS_p_TCGA_b84_115_SNP_N_GenomeWideSNP_6_A04_771520	19	48414256	48448077	12	-3.1552
DUNGS_p_TCGA_b84_115_SNP_N_GenomeWideSNP_6_A04_771520	19	48458499	49594221	751	0.0252
DUNGS_p_TCGA_b84_115_SNP_N_GenomeWideSNP_6_A04_771520	19	49597745	49598459	4	-0.8049
DUNGS_p_TCGA_b84_115_SNP_N_GenomeWideSNP_6_A04_771520	19	49598850	51598837	915	0.0176
DUNGS_p_TCGA_b84_115_SNP_N_GenomeWideSNP_6_A04_771520	19	51602967	51603857	3	-1.0742
DUNGS_p_TCGA_b84_115_SNP_N_GenomeWideSNP_6_A04_771520	19	51605589	55244706	1626	0.0286
DUNGS_p_TCGA_b84_115_SNP_N_GenomeWideSNP_6_A04_771520	19	55250351	55250949	3	-1.4459
DUNGS_p_TCGA_b84_115_SNP_N_GenomeWideSNP_6_A04_771520	19	55255078	58208894	1828	0.0246
DUNGS_p_TCGA_b84_115_SNP_N_GenomeWideSNP_6_A04_771520	19	58210326	58239173	22	0.5573
DUNGS_p_TCGA_b84_115_SNP_N_GenomeWideSNP_6_A04_771520	19	58244041	59414087	785	0.0161
DUNGS_p_TCGA_b84_115_SNP_N_GenomeWideSNP_6_A04_771520	19	59422014	59432809	13	0.486
DUNGS_p_TCGA_b84_115_SNP_N_GenomeWideSNP_6_A04_771520	19	59432824	63229106	2312	0.0205
DUNGS_p_TCGA_b84_115_SNP_N_GenomeWideSNP_6_A04_771520	19	63232358	63232754	2	-1.1923
DUNGS_p_TCGA_b84_115_SNP_N_GenomeWideSNP_6_A04_771520	19	63233609	63591154	214	0.019
DUNGS_p_TCGA_b84_115_SNP_N_GenomeWideSNP_6_A04_771520	19	63591776	63592344	5	-0.7804
DUNGS_p_TCGA_b84_115_SNP_N_GenomeWideSNP_6_A04_771520	19	63593064	63789666	87	-0.0029
DUNGS_p_TCGA_b84_115_SNP_N_GenomeWideSNP_6_A04_771520	20	9305	1508951	1206	0.016
DUNGS_p_TCGA_b84_115_SNP_N_GenomeWideSNP_6_A04_771520	20	1508999	1541893	42	-0.3952
DUNGS_p_TCGA_b84_115_SNP_N_GenomeWideSNP_6_A04_771520	20	1545946	1942350	342	0.0227
DUNGS_p_TCGA_b84_115_SNP_N_GenomeWideSNP_6_A04_771520	20	1944770	1945648	3	-0.9887
DUNGS_p_TCGA_b84_115_SNP_N_GenomeWideSNP_6_A04_771520	20	1947855	14719472	9582	0.0188
DUNGS_p_TCGA_b84_115_SNP_N_GenomeWideSNP_6_A04_771520	20	14729684	14771905	69	-0.9419
DUNGS_p_TCGA_b84_115_SNP_N_GenomeWideSNP_6_A04_771520	20	14778596	23494941	7146	0.0135
DUNGS_p_TCGA_b84_115_SNP_N_GenomeWideSNP_6_A04_771520	20	23497331	23498313	4	-1.4133
DUNGS_p_TCGA_b84_115_SNP_N_GenomeWideSNP_6_A04_771520	20	23499816	28042184	1683	0.0202
DUNGS_p_TCGA_b84_115_SNP_N_GenomeWideSNP_6_A04_771520	20	28050463	28062616	4	-0.8045
DUNGS_p_TCGA_b84_115_SNP_N_GenomeWideSNP_6_A04_771520	20	28068003	28083035	7	0.0237
DUNGS_p_TCGA_b84_115_SNP_N_GenomeWideSNP_6_A04_771520	20	28093501	28106399	5	-1.0751
DUNGS_p_TCGA_b84_115_SNP_N_GenomeWideSNP_6_A04_771520	20	28107514	42756283	8302	0.0159
DUNGS_p_TCGA_b84_115_SNP_N_GenomeWideSNP_6_A04_771520	20	42761987	42762943	2	-1.4937
DUNGS_p_TCGA_b84_115_SNP_N_GenomeWideSNP_6_A04_771520	20	42768477	61879503	13916	0.0132
DUNGS_p_TCGA_b84_115_SNP_N_GenomeWideSNP_6_A04_771520	20	61879921	61930107	10	-0.5074
DUNGS_p_TCGA_b84_115_SNP_N_GenomeWideSNP_6_A04_771520	20	61947003	62426597	208	-0.0179
DUNGS_p_TCGA_b84_115_SNP_N_GenomeWideSNP_6_A04_771520	21	9758742	13394034	137	0.1197
DUNGS_p_TCGA_b84_115_SNP_N_GenomeWideSNP_6_A04_771520	21	13396170	13471836	11	-0.5006
DUNGS_p_TCGA_b84_115_SNP_N_GenomeWideSNP_6_A04_771520	21	13482581	13733610	133	0.0775
DUNGS_p_TCGA_b84_115_SNP_N_GenomeWideSNP_6_A04_771520	21	13734186	13736387	2	-1.2989
DUNGS_p_TCGA_b84_115_SNP_N_GenomeWideSNP_6_A04_771520	21	13740389	19186057	3598	0.0161
DUNGS_p_TCGA_b84_115_SNP_N_GenomeWideSNP_6_A04_771520	21	19186337	19186953	3	-1.0047
DUNGS_p_TCGA_b84_115_SNP_N_GenomeWideSNP_6_A04_771520	21	19189758	23342896	3153	0.0066
DUNGS_p_TCGA_b84_115_SNP_N_GenomeWideSNP_6_A04_771520	21	23345177	23355835	29	-0.8598
DUNGS_p_TCGA_b84_115_SNP_N_GenomeWideSNP_6_A04_771520	21	23355857	24385845	848	0.0146
DUNGS_p_TCGA_b84_115_SNP_N_GenomeWideSNP_6_A04_771520	21	24385950	24386071	2	-1.1056
DUNGS_p_TCGA_b84_115_SNP_N_GenomeWideSNP_6_A04_771520	21	24386810	30178918	4370	0.0109
DUNGS_p_TCGA_b84_115_SNP_N_GenomeWideSNP_6_A04_771520	21	30185389	30185479	3	-1.0482
DUNGS_p_TCGA_b84_115_SNP_N_GenomeWideSNP_6_A04_771520	21	30186351	39170201	6584	0.0166
DUNGS_p_TCGA_b84_115_SNP_N_GenomeWideSNP_6_A04_771520	21	39170310	39171532	2	-1.4132
DUNGS_p_TCGA_b84_115_SNP_N_GenomeWideSNP_6_A04_771520	21	39174020	46921385	5559	0.0067
DUNGS_p_TCGA_b84_115_SNP_N_GenomeWideSNP_6_A04_771520	22	14432528	20798619	3302	0.0179
DUNGS_p_TCGA_b84_115_SNP_N_GenomeWideSNP_6_A04_771520	22	20803918	20811498	7	-0.8119
DUNGS_p_TCGA_b84_115_SNP_N_GenomeWideSNP_6_A04_771520	22	20814778	21082462	340	-0.0098
DUNGS_p_TCGA_b84_115_SNP_N_GenomeWideSNP_6_A04_771520	22	21082680	21082880	4	-1.7659
DUNGS_p_TCGA_b84_115_SNP_N_GenomeWideSNP_6_A04_771520	22	21087321	22660218	965	0.0372
DUNGS_p_TCGA_b84_115_SNP_N_GenomeWideSNP_6_A04_771520	22	22660269	22667949	6	0.6624
DUNGS_p_TCGA_b84_115_SNP_N_GenomeWideSNP_6_A04_771520	22	22674422	22726814	20	-1.8709
DUNGS_p_TCGA_b84_115_SNP_N_GenomeWideSNP_6_A04_771520	22	22731529	34774134	9153	0.0063
DUNGS_p_TCGA_b84_115_SNP_N_GenomeWideSNP_6_A04_771520	22	34774265	34775462	2	-2.3566
DUNGS_p_TCGA_b84_115_SNP_N_GenomeWideSNP_6_A04_771520	22	34775479	47872695	8756	0.0111
DUNGS_p_TCGA_b84_115_SNP_N_GenomeWideSNP_6_A04_771520	22	47873132	47873421	5	-1.2604
DUNGS_p_TCGA_b84_115_SNP_N_GenomeWideSNP_6_A04_771520	22	47874929	49313898	872	-0.036
DUNGS_p_TCGA_b84_115_SNP_N_GenomeWideSNP_6_A04_771520	22	49319974	49319982	5	-0.8841
DUNGS_p_TCGA_b84_115_SNP_N_GenomeWideSNP_6_A04_771520	22	49320620	49581321	146	0.0414
DUNGS_p_TCGA_b84_115_SNP_N_GenomeWideSNP_6_A04_771520	X	108477	89027659	47062	0.0193
DUNGS_p_TCGA_b84_115_SNP_N_GenomeWideSNP_6_A04_771520	X	89030236	89042895	2	-1.335
DUNGS_p_TCGA_b84_115_SNP_N_GenomeWideSNP_6_A04_771520	X	89048097	91201363	862	1e-04
DUNGS_p_TCGA_b84_115_SNP_N_GenomeWideSNP_6_A04_771520	X	91208837	91209331	3	-1.2191
DUNGS_p_TCGA_b84_115_SNP_N_GenomeWideSNP_6_A04_771520	X	91211612	101157623	5584	0.0227
DUNGS_p_TCGA_b84_115_SNP_N_GenomeWideSNP_6_A04_771520	X	101157970	101159283	2	-1.5997
DUNGS_p_TCGA_b84_115_SNP_N_GenomeWideSNP_6_A04_771520	X	101160668	115047709	7351	0.0165
DUNGS_p_TCGA_b84_115_SNP_N_GenomeWideSNP_6_A04_771520	X	115051983	115070447	8	-0.7949
DUNGS_p_TCGA_b84_115_SNP_N_GenomeWideSNP_6_A04_771520	X	115070849	121772584	4088	0.0166
DUNGS_p_TCGA_b84_115_SNP_N_GenomeWideSNP_6_A04_771520	X	121774876	121776202	5	-0.9695
DUNGS_p_TCGA_b84_115_SNP_N_GenomeWideSNP_6_A04_771520	X	121778649	134546235	7142	0.0176
DUNGS_p_TCGA_b84_115_SNP_N_GenomeWideSNP_6_A04_771520	X	134546713	134546946	2	-1.1839
DUNGS_p_TCGA_b84_115_SNP_N_GenomeWideSNP_6_A04_771520	X	134547340	134676593	88	0.027
DUNGS_p_TCGA_b84_115_SNP_N_GenomeWideSNP_6_A04_771520	X	134682595	134707740	8	0.5353
DUNGS_p_TCGA_b84_115_SNP_N_GenomeWideSNP_6_A04_771520	X	134719314	143415278	5509	0.0155
DUNGS_p_TCGA_b84_115_SNP_N_GenomeWideSNP_6_A04_771520	X	143416806	143419954	4	-0.8735
DUNGS_p_TCGA_b84_115_SNP_N_GenomeWideSNP_6_A04_771520	X	143422321	154835548	6955	0.0201
DUNGS_p_TCGA_b84_115_SNP_N_GenomeWideSNP_6_A04_771520	Y	2710438	3034832	147	-3.1081
DUNGS_p_TCGA_b84_115_SNP_N_GenomeWideSNP_6_A04_771520	Y	3034958	6095471	657	-2.4475
DUNGS_p_TCGA_b84_115_SNP_N_GenomeWideSNP_6_A04_771520	Y	6099351	6110272	5	-5.1329
DUNGS_p_TCGA_b84_115_SNP_N_GenomeWideSNP_6_A04_771520	Y	6116631	6161425	30	-2.1735
DUNGS_p_TCGA_b84_115_SNP_N_GenomeWideSNP_6_A04_771520	Y	6167901	6199266	16	-4.3229
DUNGS_p_TCGA_b84_115_SNP_N_GenomeWideSNP_6_A04_771520	Y	6199570	6213454	11	-2.7579
DUNGS_p_TCGA_b84_115_SNP_N_GenomeWideSNP_6_A04_771520	Y	6215929	6341935	51	-4.2206
DUNGS_p_TCGA_b84_115_SNP_N_GenomeWideSNP_6_A04_771520	Y	6342097	9201542	1474	-3.0963
DUNGS_p_TCGA_b84_115_SNP_N_GenomeWideSNP_6_A04_771520	Y	9202335	10001884	42	-4.2415
DUNGS_p_TCGA_b84_115_SNP_N_GenomeWideSNP_6_A04_771520	Y	10002195	10355717	146	-3.4652
DUNGS_p_TCGA_b84_115_SNP_N_GenomeWideSNP_6_A04_771520	Y	10356260	10369564	9	-5.0032
DUNGS_p_TCGA_b84_115_SNP_N_GenomeWideSNP_6_A04_771520	Y	10384614	10470347	49	-2.861
DUNGS_p_TCGA_b84_115_SNP_N_GenomeWideSNP_6_A04_771520	Y	10475690	10483063	3	-5.2599
DUNGS_p_TCGA_b84_115_SNP_N_GenomeWideSNP_6_A04_771520	Y	10483547	10537722	27	-2.9281
DUNGS_p_TCGA_b84_115_SNP_N_GenomeWideSNP_6_A04_771520	Y	10539688	10686242	43	-2.0497
DUNGS_p_TCGA_b84_115_SNP_N_GenomeWideSNP_6_A04_771520	Y	11244531	13311057	473	-2.9141
DUNGS_p_TCGA_b84_115_SNP_N_GenomeWideSNP_6_A04_771520	Y	13313471	13315400	3	-6.3035
DUNGS_p_TCGA_b84_115_SNP_N_GenomeWideSNP_6_A04_771520	Y	13319281	13537669	101	-3.0593
DUNGS_p_TCGA_b84_115_SNP_N_GenomeWideSNP_6_A04_771520	Y	13539460	13540211	3	-6.5527
DUNGS_p_TCGA_b84_115_SNP_N_GenomeWideSNP_6_A04_771520	Y	13541682	14099670	249	-2.9511
DUNGS_p_TCGA_b84_115_SNP_N_GenomeWideSNP_6_A04_771520	Y	14099736	14103917	3	-6.8433
DUNGS_p_TCGA_b84_115_SNP_N_GenomeWideSNP_6_A04_771520	Y	14104283	14876607	376	-3.079
DUNGS_p_TCGA_b84_115_SNP_N_GenomeWideSNP_6_A04_771520	Y	14877497	14877704	2	-7.1557
DUNGS_p_TCGA_b84_115_SNP_N_GenomeWideSNP_6_A04_771520	Y	14877738	16571888	952	-2.972
DUNGS_p_TCGA_b84_115_SNP_N_GenomeWideSNP_6_A04_771520	Y	16575550	16575919	2	-6.4564
DUNGS_p_TCGA_b84_115_SNP_N_GenomeWideSNP_6_A04_771520	Y	16578433	16797931	109	-2.7506
DUNGS_p_TCGA_b84_115_SNP_N_GenomeWideSNP_6_A04_771520	Y	16798399	17043829	90	-3.7158
DUNGS_p_TCGA_b84_115_SNP_N_GenomeWideSNP_6_A04_771520	Y	17043997	17688729	350	-2.9667
DUNGS_p_TCGA_b84_115_SNP_N_GenomeWideSNP_6_A04_771520	Y	17688857	17691665	3	-6.2926
DUNGS_p_TCGA_b84_115_SNP_N_GenomeWideSNP_6_A04_771520	Y	17694743	17987401	153	-2.9775
DUNGS_p_TCGA_b84_115_SNP_N_GenomeWideSNP_6_A04_771520	Y	17987968	19349720	647	-3.6219
DUNGS_p_TCGA_b84_115_SNP_N_GenomeWideSNP_6_A04_771520	Y	19350903	19378844	10	-5.4897
DUNGS_p_TCGA_b84_115_SNP_N_GenomeWideSNP_6_A04_771520	Y	19384308	19484001	56	-3.8554
DUNGS_p_TCGA_b84_115_SNP_N_GenomeWideSNP_6_A04_771520	Y	19484450	20331909	352	-3.0706
DUNGS_p_TCGA_b84_115_SNP_N_GenomeWideSNP_6_A04_771520	Y	20332126	20332274	2	-6.8417
DUNGS_p_TCGA_b84_115_SNP_N_GenomeWideSNP_6_A04_771520	Y	20332397	20660087	137	-3.1657
DUNGS_p_TCGA_b84_115_SNP_N_GenomeWideSNP_6_A04_771520	Y	20660745	20702440	10	-2.1902
DUNGS_p_TCGA_b84_115_SNP_N_GenomeWideSNP_6_A04_771520	Y	20721953	20772121	7	-3.5016
DUNGS_p_TCGA_b84_115_SNP_N_GenomeWideSNP_6_A04_771520	Y	20875471	21003552	27	-2.3484
DUNGS_p_TCGA_b84_115_SNP_N_GenomeWideSNP_6_A04_771520	Y	21004608	21314582	126	-3.0495
DUNGS_p_TCGA_b84_115_SNP_N_GenomeWideSNP_6_A04_771520	Y	21323689	21337488	8	-5.1031
DUNGS_p_TCGA_b84_115_SNP_N_GenomeWideSNP_6_A04_771520	Y	21337967	22063159	340	-3.115
DUNGS_p_TCGA_b84_115_SNP_N_GenomeWideSNP_6_A04_771520	Y	22093119	22099738	2	-8.9291
DUNGS_p_TCGA_b84_115_SNP_N_GenomeWideSNP_6_A04_771520	Y	22125089	22184721	40	-3.5626
DUNGS_p_TCGA_b84_115_SNP_N_GenomeWideSNP_6_A04_771520	Y	22189203	22268551	33	-2.4178
DUNGS_p_TCGA_b84_115_SNP_N_GenomeWideSNP_6_A04_771520	Y	22268856	22426993	52	-3.24
DUNGS_p_TCGA_b84_115_SNP_N_GenomeWideSNP_6_A04_771520	Y	22427755	22713968	33	-4.0829
DUNGS_p_TCGA_b84_115_SNP_N_GenomeWideSNP_6_A04_771520	Y	22714841	22943423	114	-3.2675
DUNGS_p_TCGA_b84_115_SNP_N_GenomeWideSNP_6_A04_771520	Y	22943911	22945528	3	-5.243
DUNGS_p_TCGA_b84_115_SNP_N_GenomeWideSNP_6_A04_771520	Y	22945750	22957565	9	-2.8279
DUNGS_p_TCGA_b84_115_SNP_N_GenomeWideSNP_6_A04_771520	Y	22969615	22973842	3	-5.6029
DUNGS_p_TCGA_b84_115_SNP_N_GenomeWideSNP_6_A04_771520	Y	22978347	22992607	14	-3.4076
DUNGS_p_TCGA_b84_115_SNP_N_GenomeWideSNP_6_A04_771520	Y	22993257	23007307	5	-5.4502
DUNGS_p_TCGA_b84_115_SNP_N_GenomeWideSNP_6_A04_771520	Y	23018768	23287296	19	-3.9697
DUNGS_p_TCGA_b84_115_SNP_N_GenomeWideSNP_6_A04_771520	Y	23287835	23374340	19	-4.8706
DUNGS_p_TCGA_b84_115_SNP_N_GenomeWideSNP_6_A04_771520	Y	23388906	24385517	145	-3.4527
DUNGS_p_TCGA_b84_115_SNP_N_GenomeWideSNP_6_A04_771520	Y	24387082	24438250	19	-4.8093
DUNGS_p_TCGA_b84_115_SNP_N_GenomeWideSNP_6_A04_771520	Y	24439188	24582211	64	-3.8965
DUNGS_p_TCGA_b84_115_SNP_N_GenomeWideSNP_6_A04_771520	Y	24582783	24599413	7	-5.4738
DUNGS_p_TCGA_b84_115_SNP_N_GenomeWideSNP_6_A04_771520	Y	24602438	24811427	45	-2.9042
DUNGS_p_TCGA_b84_115_SNP_N_GenomeWideSNP_6_A04_771520	Y	24811886	24840062	16	-3.9956
DUNGS_p_TCGA_b84_115_SNP_N_GenomeWideSNP_6_A04_771520	Y	24840296	24878447	17	-2.1346
DUNGS_p_TCGA_b84_115_SNP_N_GenomeWideSNP_6_A04_771520	Y	24883344	24916251	7	-3.7946
DUNGS_p_TCGA_b84_115_SNP_N_GenomeWideSNP_6_A04_771520	Y	24917874	25022654	10	-2.6781
DUNGS_p_TCGA_b84_115_SNP_N_GenomeWideSNP_6_A04_771520	Y	25028523	25180743	27	-4.5022
DUNGS_p_TCGA_b84_115_SNP_N_GenomeWideSNP_6_A04_771520	Y	25181236	25185903	3	-7.1714
DUNGS_p_TCGA_b84_115_SNP_N_GenomeWideSNP_6_A04_771520	Y	25211715	25725360	56	-4.0226
DUNGS_p_TCGA_b84_115_SNP_N_GenomeWideSNP_6_A04_771520	Y	25776875	26127678	92	-2.7662
DUNGS_p_TCGA_b84_115_SNP_N_GenomeWideSNP_6_A04_771520	Y	26129939	26461104	137	-3.8931
DUNGS_p_TCGA_b84_115_SNP_N_GenomeWideSNP_6_A04_771520	Y	26461656	26522795	31	-2.7643
DUNGS_p_TCGA_b84_115_SNP_N_GenomeWideSNP_6_A04_771520	Y	26523696	26833326	84	-4.1308
DUNGS_p_TCGA_b84_115_SNP_N_GenomeWideSNP_6_A04_771520	Y	26847504	57427647	183	-2.6465
