Sample	Chromosome	Start	End	Num_Probes	Segment_Mean
DUNGS_p_TCGA_b84_115_SNP_N_GenomeWideSNP_6_A05_771534	1	51598	218938	20	-0.1691
DUNGS_p_TCGA_b84_115_SNP_N_GenomeWideSNP_6_A05_771534	1	219021	219482	3	1.041
DUNGS_p_TCGA_b84_115_SNP_N_GenomeWideSNP_6_A05_771534	1	219540	13247932	6558	0.0083
DUNGS_p_TCGA_b84_115_SNP_N_GenomeWideSNP_6_A05_771534	1	13247988	13248629	5	-1.242
DUNGS_p_TCGA_b84_115_SNP_N_GenomeWideSNP_6_A05_771534	1	13249076	13317089	11	-0.0534
DUNGS_p_TCGA_b84_115_SNP_N_GenomeWideSNP_6_A05_771534	1	13317269	13379464	8	0.5213
DUNGS_p_TCGA_b84_115_SNP_N_GenomeWideSNP_6_A05_771534	1	13410898	16724101	2129	0.0155
DUNGS_p_TCGA_b84_115_SNP_N_GenomeWideSNP_6_A05_771534	1	16741950	17134834	167	0.2356
DUNGS_p_TCGA_b84_115_SNP_N_GenomeWideSNP_6_A05_771534	1	17148828	25455928	5277	0.0086
DUNGS_p_TCGA_b84_115_SNP_N_GenomeWideSNP_6_A05_771534	1	25465715	25534799	31	0.3977
DUNGS_p_TCGA_b84_115_SNP_N_GenomeWideSNP_6_A05_771534	1	25535897	72522941	28784	0.0045
DUNGS_p_TCGA_b84_115_SNP_N_GenomeWideSNP_6_A05_771534	1	72528701	72535958	9	-1.0096
DUNGS_p_TCGA_b84_115_SNP_N_GenomeWideSNP_6_A05_771534	1	72541006	72583736	48	1.0618
DUNGS_p_TCGA_b84_115_SNP_N_GenomeWideSNP_6_A05_771534	1	72584492	73215371	413	-0.0057
DUNGS_p_TCGA_b84_115_SNP_N_GenomeWideSNP_6_A05_771534	1	73223778	73228168	4	1.3872
DUNGS_p_TCGA_b84_115_SNP_N_GenomeWideSNP_6_A05_771534	1	73232365	104023054	19702	0.0048
DUNGS_p_TCGA_b84_115_SNP_N_GenomeWideSNP_6_A05_771534	1	104023154	104041509	12	0.451
DUNGS_p_TCGA_b84_115_SNP_N_GenomeWideSNP_6_A05_771534	1	104058403	105820728	932	0.0186
DUNGS_p_TCGA_b84_115_SNP_N_GenomeWideSNP_6_A05_771534	1	105820759	105823898	16	-0.5335
DUNGS_p_TCGA_b84_115_SNP_N_GenomeWideSNP_6_A05_771534	1	105825578	108530807	1943	0.0047
DUNGS_p_TCGA_b84_115_SNP_N_GenomeWideSNP_6_A05_771534	1	108531282	108536400	3	-0.9258
DUNGS_p_TCGA_b84_115_SNP_N_GenomeWideSNP_6_A05_771534	1	108539019	109372700	421	-0.0038
DUNGS_p_TCGA_b84_115_SNP_N_GenomeWideSNP_6_A05_771534	1	109376049	109376170	2	-1.3327
DUNGS_p_TCGA_b84_115_SNP_N_GenomeWideSNP_6_A05_771534	1	109405764	110025907	289	0.0017
DUNGS_p_TCGA_b84_115_SNP_N_GenomeWideSNP_6_A05_771534	1	110025950	110034497	15	-0.3569
DUNGS_p_TCGA_b84_115_SNP_N_GenomeWideSNP_6_A05_771534	1	110034560	110041701	16	-1.5057
DUNGS_p_TCGA_b84_115_SNP_N_GenomeWideSNP_6_A05_771534	1	110044476	112491849	1959	0.0062
DUNGS_p_TCGA_b84_115_SNP_N_GenomeWideSNP_6_A05_771534	1	112497488	112498913	25	-1.9161
DUNGS_p_TCGA_b84_115_SNP_N_GenomeWideSNP_6_A05_771534	1	112507479	147014277	6366	0.0043
DUNGS_p_TCGA_b84_115_SNP_N_GenomeWideSNP_6_A05_771534	1	147056085	147308142	27	-0.3097
DUNGS_p_TCGA_b84_115_SNP_N_GenomeWideSNP_6_A05_771534	1	147308346	147469369	75	-0.7393
DUNGS_p_TCGA_b84_115_SNP_N_GenomeWideSNP_6_A05_771534	1	147469422	147811996	87	-0.3468
DUNGS_p_TCGA_b84_115_SNP_N_GenomeWideSNP_6_A05_771534	1	147812010	151028670	1706	0.0293
DUNGS_p_TCGA_b84_115_SNP_N_GenomeWideSNP_6_A05_771534	1	151028881	151040529	33	0.4612
DUNGS_p_TCGA_b84_115_SNP_N_GenomeWideSNP_6_A05_771534	1	151043379	151984844	642	0.0044
DUNGS_p_TCGA_b84_115_SNP_N_GenomeWideSNP_6_A05_771534	1	151985096	151985370	2	-0.9702
DUNGS_p_TCGA_b84_115_SNP_N_GenomeWideSNP_6_A05_771534	1	151991834	167483561	10708	0.0013
DUNGS_p_TCGA_b84_115_SNP_N_GenomeWideSNP_6_A05_771534	1	167500598	167508390	7	0.954
DUNGS_p_TCGA_b84_115_SNP_N_GenomeWideSNP_6_A05_771534	1	167509025	195005246	18224	0.0054
DUNGS_p_TCGA_b84_115_SNP_N_GenomeWideSNP_6_A05_771534	1	195005259	195056892	56	-0.3404
DUNGS_p_TCGA_b84_115_SNP_N_GenomeWideSNP_6_A05_771534	1	195057018	195065188	10	0.1265
DUNGS_p_TCGA_b84_115_SNP_N_GenomeWideSNP_6_A05_771534	1	195065266	195083353	26	-0.407
DUNGS_p_TCGA_b84_115_SNP_N_GenomeWideSNP_6_A05_771534	1	195089940	197378049	1381	0.0049
DUNGS_p_TCGA_b84_115_SNP_N_GenomeWideSNP_6_A05_771534	1	197378144	197379634	6	-0.6573
DUNGS_p_TCGA_b84_115_SNP_N_GenomeWideSNP_6_A05_771534	1	197380463	212070341	10028	0.0052
DUNGS_p_TCGA_b84_115_SNP_N_GenomeWideSNP_6_A05_771534	1	212073813	212078528	3	-0.8564
DUNGS_p_TCGA_b84_115_SNP_N_GenomeWideSNP_6_A05_771534	1	212080759	216216089	3077	0.0031
DUNGS_p_TCGA_b84_115_SNP_N_GenomeWideSNP_6_A05_771534	1	216216106	216216121	2	-1.1251
DUNGS_p_TCGA_b84_115_SNP_N_GenomeWideSNP_6_A05_771534	1	216218974	246654449	21265	0.0089
DUNGS_p_TCGA_b84_115_SNP_N_GenomeWideSNP_6_A05_771534	1	246659495	246703887	19	0.3774
DUNGS_p_TCGA_b84_115_SNP_N_GenomeWideSNP_6_A05_771534	1	246705249	246804070	26	0.0023
DUNGS_p_TCGA_b84_115_SNP_N_GenomeWideSNP_6_A05_771534	1	246815817	246875732	36	-0.8287
DUNGS_p_TCGA_b84_115_SNP_N_GenomeWideSNP_6_A05_771534	1	246875992	247191011	141	0.0148
DUNGS_p_TCGA_b84_115_SNP_N_GenomeWideSNP_6_A05_771534	2	2784	24270848	17864	0.0056
DUNGS_p_TCGA_b84_115_SNP_N_GenomeWideSNP_6_A05_771534	2	24275634	24277383	2	-1.1941
DUNGS_p_TCGA_b84_115_SNP_N_GenomeWideSNP_6_A05_771534	2	24279124	31802916	4498	-0.0011
DUNGS_p_TCGA_b84_115_SNP_N_GenomeWideSNP_6_A05_771534	2	31810496	31811855	2	0.9944
DUNGS_p_TCGA_b84_115_SNP_N_GenomeWideSNP_6_A05_771534	2	31812783	34373977	1673	0.0181
DUNGS_p_TCGA_b84_115_SNP_N_GenomeWideSNP_6_A05_771534	2	34377482	34379084	2	1.0214
DUNGS_p_TCGA_b84_115_SNP_N_GenomeWideSNP_6_A05_771534	2	34379471	34552819	96	-0.0086
DUNGS_p_TCGA_b84_115_SNP_N_GenomeWideSNP_6_A05_771534	2	34554898	34590017	44	-0.4809
DUNGS_p_TCGA_b84_115_SNP_N_GenomeWideSNP_6_A05_771534	2	34590561	77206193	29071	0.0058
DUNGS_p_TCGA_b84_115_SNP_N_GenomeWideSNP_6_A05_771534	2	77212004	77221352	5	-0.7426
DUNGS_p_TCGA_b84_115_SNP_N_GenomeWideSNP_6_A05_771534	2	77222307	86791198	5988	0.005
DUNGS_p_TCGA_b84_115_SNP_N_GenomeWideSNP_6_A05_771534	2	86806581	86807365	2	-1.6195
DUNGS_p_TCGA_b84_115_SNP_N_GenomeWideSNP_6_A05_771534	2	86823917	87184489	83	-0.0209
DUNGS_p_TCGA_b84_115_SNP_N_GenomeWideSNP_6_A05_771534	2	87191480	87267471	17	-0.8897
DUNGS_p_TCGA_b84_115_SNP_N_GenomeWideSNP_6_A05_771534	2	87267503	87481365	109	-0.5256
DUNGS_p_TCGA_b84_115_SNP_N_GenomeWideSNP_6_A05_771534	2	87519521	87777487	65	-0.8111
DUNGS_p_TCGA_b84_115_SNP_N_GenomeWideSNP_6_A05_771534	2	87805782	97517966	1875	-0.0062
DUNGS_p_TCGA_b84_115_SNP_N_GenomeWideSNP_6_A05_771534	2	97520697	97528621	5	-1.2639
DUNGS_p_TCGA_b84_115_SNP_N_GenomeWideSNP_6_A05_771534	2	97533310	106241154	5582	0.0052
DUNGS_p_TCGA_b84_115_SNP_N_GenomeWideSNP_6_A05_771534	2	106246527	106251789	12	0.5275
DUNGS_p_TCGA_b84_115_SNP_N_GenomeWideSNP_6_A05_771534	2	106253687	212889560	64088	0.003
DUNGS_p_TCGA_b84_115_SNP_N_GenomeWideSNP_6_A05_771534	2	212889567	212900070	26	-0.7091
DUNGS_p_TCGA_b84_115_SNP_N_GenomeWideSNP_6_A05_771534	2	212900371	234873402	14181	0.004
DUNGS_p_TCGA_b84_115_SNP_N_GenomeWideSNP_6_A05_771534	2	234874155	234874273	2	-1.3592
DUNGS_p_TCGA_b84_115_SNP_N_GenomeWideSNP_6_A05_771534	2	234874534	242738129	4911	0.0035
DUNGS_p_TCGA_b84_115_SNP_N_GenomeWideSNP_6_A05_771534	3	35345	199602	157	0.0668
DUNGS_p_TCGA_b84_115_SNP_N_GenomeWideSNP_6_A05_771534	3	205022	207800	4	-0.7421
DUNGS_p_TCGA_b84_115_SNP_N_GenomeWideSNP_6_A05_771534	3	209877	28784790	21371	0.014
DUNGS_p_TCGA_b84_115_SNP_N_GenomeWideSNP_6_A05_771534	3	28785445	28791847	8	-0.9277
DUNGS_p_TCGA_b84_115_SNP_N_GenomeWideSNP_6_A05_771534	3	28794127	29618072	658	0.0184
DUNGS_p_TCGA_b84_115_SNP_N_GenomeWideSNP_6_A05_771534	3	29618532	29618795	2	0.7759
DUNGS_p_TCGA_b84_115_SNP_N_GenomeWideSNP_6_A05_771534	3	29619692	31865217	1663	0.0059
DUNGS_p_TCGA_b84_115_SNP_N_GenomeWideSNP_6_A05_771534	3	31865729	31866034	3	-0.9882
DUNGS_p_TCGA_b84_115_SNP_N_GenomeWideSNP_6_A05_771534	3	31867432	37952421	3849	5e-04
DUNGS_p_TCGA_b84_115_SNP_N_GenomeWideSNP_6_A05_771534	3	37957112	37961932	18	-0.8647
DUNGS_p_TCGA_b84_115_SNP_N_GenomeWideSNP_6_A05_771534	3	37962110	39725759	1173	0.0158
DUNGS_p_TCGA_b84_115_SNP_N_GenomeWideSNP_6_A05_771534	3	39737748	39753083	8	-0.8782
DUNGS_p_TCGA_b84_115_SNP_N_GenomeWideSNP_6_A05_771534	3	39754262	75728074	23965	0.008
DUNGS_p_TCGA_b84_115_SNP_N_GenomeWideSNP_6_A05_771534	3	75731924	75738761	2	-1.5394
DUNGS_p_TCGA_b84_115_SNP_N_GenomeWideSNP_6_A05_771534	3	75752120	100420474	11013	0.0087
DUNGS_p_TCGA_b84_115_SNP_N_GenomeWideSNP_6_A05_771534	3	100427148	100432111	38	-0.521
DUNGS_p_TCGA_b84_115_SNP_N_GenomeWideSNP_6_A05_771534	3	100433654	106787709	3804	0.0076
DUNGS_p_TCGA_b84_115_SNP_N_GenomeWideSNP_6_A05_771534	3	106788089	106788631	2	-1.2775
DUNGS_p_TCGA_b84_115_SNP_N_GenomeWideSNP_6_A05_771534	3	106796427	131245549	14956	0.0071
DUNGS_p_TCGA_b84_115_SNP_N_GenomeWideSNP_6_A05_771534	3	131246388	131281425	46	0.5133
DUNGS_p_TCGA_b84_115_SNP_N_GenomeWideSNP_6_A05_771534	3	131281471	144995427	8571	0.0048
DUNGS_p_TCGA_b84_115_SNP_N_GenomeWideSNP_6_A05_771534	3	144998369	145003562	4	0.7851
DUNGS_p_TCGA_b84_115_SNP_N_GenomeWideSNP_6_A05_771534	3	145012404	163606060	11465	0.0096
DUNGS_p_TCGA_b84_115_SNP_N_GenomeWideSNP_6_A05_771534	3	163620294	163625399	14	-0.7874
DUNGS_p_TCGA_b84_115_SNP_N_GenomeWideSNP_6_A05_771534	3	163626942	163995433	263	0.0028
DUNGS_p_TCGA_b84_115_SNP_N_GenomeWideSNP_6_A05_771534	3	163995786	164108689	68	0.4619
DUNGS_p_TCGA_b84_115_SNP_N_GenomeWideSNP_6_A05_771534	3	164109266	167982968	2235	0.0106
DUNGS_p_TCGA_b84_115_SNP_N_GenomeWideSNP_6_A05_771534	3	167985815	167986740	2	0.9315
DUNGS_p_TCGA_b84_115_SNP_N_GenomeWideSNP_6_A05_771534	3	167994693	170212874	1209	0.0043
DUNGS_p_TCGA_b84_115_SNP_N_GenomeWideSNP_6_A05_771534	3	170216096	170221322	2	-1.9326
DUNGS_p_TCGA_b84_115_SNP_N_GenomeWideSNP_6_A05_771534	3	170222521	196767187	17269	0.01
DUNGS_p_TCGA_b84_115_SNP_N_GenomeWideSNP_6_A05_771534	3	196868323	196941179	29	-0.3642
DUNGS_p_TCGA_b84_115_SNP_N_GenomeWideSNP_6_A05_771534	3	196941532	199380515	1192	0.035
DUNGS_p_TCGA_b84_115_SNP_N_GenomeWideSNP_6_A05_771534	4	2281	9819488	5809	0.0105
DUNGS_p_TCGA_b84_115_SNP_N_GenomeWideSNP_6_A05_771534	4	9823258	9839255	19	0.419
DUNGS_p_TCGA_b84_115_SNP_N_GenomeWideSNP_6_A05_771534	4	9839592	10001452	189	-0.0124
DUNGS_p_TCGA_b84_115_SNP_N_GenomeWideSNP_6_A05_771534	4	10002252	10009766	15	-0.6601
DUNGS_p_TCGA_b84_115_SNP_N_GenomeWideSNP_6_A05_771534	4	10011816	34462895	16821	0.0068
DUNGS_p_TCGA_b84_115_SNP_N_GenomeWideSNP_6_A05_771534	4	34463350	34501120	37	-0.4571
DUNGS_p_TCGA_b84_115_SNP_N_GenomeWideSNP_6_A05_771534	4	34506267	35986444	964	0.0092
DUNGS_p_TCGA_b84_115_SNP_N_GenomeWideSNP_6_A05_771534	4	35986448	35989727	2	0.9302
DUNGS_p_TCGA_b84_115_SNP_N_GenomeWideSNP_6_A05_771534	4	35992483	61619533	14137	0.0081
DUNGS_p_TCGA_b84_115_SNP_N_GenomeWideSNP_6_A05_771534	4	61623530	61628807	4	-0.8932
DUNGS_p_TCGA_b84_115_SNP_N_GenomeWideSNP_6_A05_771534	4	61631656	63813833	1187	0.0095
DUNGS_p_TCGA_b84_115_SNP_N_GenomeWideSNP_6_A05_771534	4	63823873	63834508	6	-0.5935
DUNGS_p_TCGA_b84_115_SNP_N_GenomeWideSNP_6_A05_771534	4	63837162	68943146	3198	0.0064
DUNGS_p_TCGA_b84_115_SNP_N_GenomeWideSNP_6_A05_771534	4	68943659	68970737	6	0.641
DUNGS_p_TCGA_b84_115_SNP_N_GenomeWideSNP_6_A05_771534	4	68977394	69027207	9	0.1538
DUNGS_p_TCGA_b84_115_SNP_N_GenomeWideSNP_6_A05_771534	4	69043083	69092819	16	-1.8692
DUNGS_p_TCGA_b84_115_SNP_N_GenomeWideSNP_6_A05_771534	4	69092837	69096538	7	-0.4429
DUNGS_p_TCGA_b84_115_SNP_N_GenomeWideSNP_6_A05_771534	4	69102618	69168574	45	-1.7199
DUNGS_p_TCGA_b84_115_SNP_N_GenomeWideSNP_6_A05_771534	4	69171930	70162241	334	0.0578
DUNGS_p_TCGA_b84_115_SNP_N_GenomeWideSNP_6_A05_771534	4	70163001	70266388	52	-0.5691
DUNGS_p_TCGA_b84_115_SNP_N_GenomeWideSNP_6_A05_771534	4	70266611	77306793	4117	0.0051
DUNGS_p_TCGA_b84_115_SNP_N_GenomeWideSNP_6_A05_771534	4	77311022	77311311	2	-1.0677
DUNGS_p_TCGA_b84_115_SNP_N_GenomeWideSNP_6_A05_771534	4	77312646	92494780	9634	0.0041
DUNGS_p_TCGA_b84_115_SNP_N_GenomeWideSNP_6_A05_771534	4	92501920	92502794	2	-1.0821
DUNGS_p_TCGA_b84_115_SNP_N_GenomeWideSNP_6_A05_771534	4	92505247	98572627	3588	0.008
DUNGS_p_TCGA_b84_115_SNP_N_GenomeWideSNP_6_A05_771534	4	98576457	98579809	3	-0.8942
DUNGS_p_TCGA_b84_115_SNP_N_GenomeWideSNP_6_A05_771534	4	98580159	115393149	10040	0.0047
DUNGS_p_TCGA_b84_115_SNP_N_GenomeWideSNP_6_A05_771534	4	115394772	115401624	23	0.575
DUNGS_p_TCGA_b84_115_SNP_N_GenomeWideSNP_6_A05_771534	4	115403678	122501423	4353	0.0015
DUNGS_p_TCGA_b84_115_SNP_N_GenomeWideSNP_6_A05_771534	4	122501918	122504585	28	-0.7546
DUNGS_p_TCGA_b84_115_SNP_N_GenomeWideSNP_6_A05_771534	4	122510581	125678855	1734	0.0082
DUNGS_p_TCGA_b84_115_SNP_N_GenomeWideSNP_6_A05_771534	4	125679801	125682385	3	-1.4287
DUNGS_p_TCGA_b84_115_SNP_N_GenomeWideSNP_6_A05_771534	4	125682475	133408594	4424	0.0022
DUNGS_p_TCGA_b84_115_SNP_N_GenomeWideSNP_6_A05_771534	4	133417782	133418091	2	-1.3224
DUNGS_p_TCGA_b84_115_SNP_N_GenomeWideSNP_6_A05_771534	4	133418602	153009236	11629	0.0039
DUNGS_p_TCGA_b84_115_SNP_N_GenomeWideSNP_6_A05_771534	4	153010983	153012017	12	-0.9332
DUNGS_p_TCGA_b84_115_SNP_N_GenomeWideSNP_6_A05_771534	4	153012341	153014838	5	0.5799
DUNGS_p_TCGA_b84_115_SNP_N_GenomeWideSNP_6_A05_771534	4	153015223	162100262	5889	0.0068
DUNGS_p_TCGA_b84_115_SNP_N_GenomeWideSNP_6_A05_771534	4	162100356	162104358	11	0.4595
DUNGS_p_TCGA_b84_115_SNP_N_GenomeWideSNP_6_A05_771534	4	162104369	164511940	1585	0.0148
DUNGS_p_TCGA_b84_115_SNP_N_GenomeWideSNP_6_A05_771534	4	164512633	164515406	3	-0.7655
DUNGS_p_TCGA_b84_115_SNP_N_GenomeWideSNP_6_A05_771534	4	164515415	173225875	5507	0.0096
DUNGS_p_TCGA_b84_115_SNP_N_GenomeWideSNP_6_A05_771534	4	173225948	173226108	8	0.7858
DUNGS_p_TCGA_b84_115_SNP_N_GenomeWideSNP_6_A05_771534	4	173232554	173659097	232	0.0132
DUNGS_p_TCGA_b84_115_SNP_N_GenomeWideSNP_6_A05_771534	4	173661522	173665218	7	-0.6045
DUNGS_p_TCGA_b84_115_SNP_N_GenomeWideSNP_6_A05_771534	4	173677707	185968934	8335	0.0194
DUNGS_p_TCGA_b84_115_SNP_N_GenomeWideSNP_6_A05_771534	4	185971583	185977209	6	-0.9383
DUNGS_p_TCGA_b84_115_SNP_N_GenomeWideSNP_6_A05_771534	4	185981395	190426037	3170	0.0204
DUNGS_p_TCGA_b84_115_SNP_N_GenomeWideSNP_6_A05_771534	4	190432112	190448265	6	-0.7104
DUNGS_p_TCGA_b84_115_SNP_N_GenomeWideSNP_6_A05_771534	4	190452306	191261904	384	0.0308
DUNGS_p_TCGA_b84_115_SNP_N_GenomeWideSNP_6_A05_771534	5	68532	738748	308	0.028
DUNGS_p_TCGA_b84_115_SNP_N_GenomeWideSNP_6_A05_771534	5	751371	832860	30	-1.0189
DUNGS_p_TCGA_b84_115_SNP_N_GenomeWideSNP_6_A05_771534	5	832881	873036	20	-0.2808
DUNGS_p_TCGA_b84_115_SNP_N_GenomeWideSNP_6_A05_771534	5	875123	9951962	7687	0.0125
DUNGS_p_TCGA_b84_115_SNP_N_GenomeWideSNP_6_A05_771534	5	9954952	9979411	33	-0.9275
DUNGS_p_TCGA_b84_115_SNP_N_GenomeWideSNP_6_A05_771534	5	9979687	12853889	2154	0.0116
DUNGS_p_TCGA_b84_115_SNP_N_GenomeWideSNP_6_A05_771534	5	12868780	12879650	11	-2.0014
DUNGS_p_TCGA_b84_115_SNP_N_GenomeWideSNP_6_A05_771534	5	12886857	13051925	57	0.0303
DUNGS_p_TCGA_b84_115_SNP_N_GenomeWideSNP_6_A05_771534	5	13058214	13067507	3	1.0329
DUNGS_p_TCGA_b84_115_SNP_N_GenomeWideSNP_6_A05_771534	5	13068045	39844389	17225	0.0092
DUNGS_p_TCGA_b84_115_SNP_N_GenomeWideSNP_6_A05_771534	5	39844711	39844726	2	-1.9236
DUNGS_p_TCGA_b84_115_SNP_N_GenomeWideSNP_6_A05_771534	5	39844742	46287063	3306	0.0056
DUNGS_p_TCGA_b84_115_SNP_N_GenomeWideSNP_6_A05_771534	5	46306765	46306865	2	-1.0628
DUNGS_p_TCGA_b84_115_SNP_N_GenomeWideSNP_6_A05_771534	5	46307687	46309259	6	-2.4162
DUNGS_p_TCGA_b84_115_SNP_N_GenomeWideSNP_6_A05_771534	5	46313969	57357403	5085	0.0075
DUNGS_p_TCGA_b84_115_SNP_N_GenomeWideSNP_6_A05_771534	5	57361784	57369290	32	1.0598
DUNGS_p_TCGA_b84_115_SNP_N_GenomeWideSNP_6_A05_771534	5	57374114	68865103	7307	0.0072
DUNGS_p_TCGA_b84_115_SNP_N_GenomeWideSNP_6_A05_771534	5	68882059	68903050	2	-1.0359
DUNGS_p_TCGA_b84_115_SNP_N_GenomeWideSNP_6_A05_771534	5	69110733	69153891	4	1.0396
DUNGS_p_TCGA_b84_115_SNP_N_GenomeWideSNP_6_A05_771534	5	69269183	86147512	9675	0.0056
DUNGS_p_TCGA_b84_115_SNP_N_GenomeWideSNP_6_A05_771534	5	86151134	86154902	3	-0.7898
DUNGS_p_TCGA_b84_115_SNP_N_GenomeWideSNP_6_A05_771534	5	86157385	97512764	6218	0.0059
DUNGS_p_TCGA_b84_115_SNP_N_GenomeWideSNP_6_A05_771534	5	97512922	97512981	3	1.318
DUNGS_p_TCGA_b84_115_SNP_N_GenomeWideSNP_6_A05_771534	5	97517812	123174109	16831	0.0085
DUNGS_p_TCGA_b84_115_SNP_N_GenomeWideSNP_6_A05_771534	5	123174343	123174425	2	-1.4331
DUNGS_p_TCGA_b84_115_SNP_N_GenomeWideSNP_6_A05_771534	5	123174749	136654074	8439	0.0069
DUNGS_p_TCGA_b84_115_SNP_N_GenomeWideSNP_6_A05_771534	5	136655146	136655482	3	-1.0001
DUNGS_p_TCGA_b84_115_SNP_N_GenomeWideSNP_6_A05_771534	5	136657249	151494364	9242	0.0073
DUNGS_p_TCGA_b84_115_SNP_N_GenomeWideSNP_6_A05_771534	5	151495579	151498544	14	-3.3041
DUNGS_p_TCGA_b84_115_SNP_N_GenomeWideSNP_6_A05_771534	5	151500464	168093707	11281	0.0025
DUNGS_p_TCGA_b84_115_SNP_N_GenomeWideSNP_6_A05_771534	5	168096655	168097589	5	0.538
DUNGS_p_TCGA_b84_115_SNP_N_GenomeWideSNP_6_A05_771534	5	168097883	168417305	304	0.0149
DUNGS_p_TCGA_b84_115_SNP_N_GenomeWideSNP_6_A05_771534	5	168417394	168419747	2	-0.9748
DUNGS_p_TCGA_b84_115_SNP_N_GenomeWideSNP_6_A05_771534	5	168421536	180311494	7746	0.0026
DUNGS_p_TCGA_b84_115_SNP_N_GenomeWideSNP_6_A05_771534	5	180312809	180350709	17	-0.446
DUNGS_p_TCGA_b84_115_SNP_N_GenomeWideSNP_6_A05_771534	5	180365831	180722926	171	0.0647
DUNGS_p_TCGA_b84_115_SNP_N_GenomeWideSNP_6_A05_771534	6	94661	248017	126	0.0603
DUNGS_p_TCGA_b84_115_SNP_N_GenomeWideSNP_6_A05_771534	6	248121	310138	66	-0.3319
DUNGS_p_TCGA_b84_115_SNP_N_GenomeWideSNP_6_A05_771534	6	310720	7858682	6290	0.0131
DUNGS_p_TCGA_b84_115_SNP_N_GenomeWideSNP_6_A05_771534	6	7861206	7862527	4	-0.7184
DUNGS_p_TCGA_b84_115_SNP_N_GenomeWideSNP_6_A05_771534	6	7863310	9166868	930	0.008
DUNGS_p_TCGA_b84_115_SNP_N_GenomeWideSNP_6_A05_771534	6	9189309	9309486	4	-1.1501
DUNGS_p_TCGA_b84_115_SNP_N_GenomeWideSNP_6_A05_771534	6	9310603	29945167	14349	0.0075
DUNGS_p_TCGA_b84_115_SNP_N_GenomeWideSNP_6_A05_771534	6	29945293	29957246	14	-1.1427
DUNGS_p_TCGA_b84_115_SNP_N_GenomeWideSNP_6_A05_771534	6	29958175	30026566	36	-0.0439
DUNGS_p_TCGA_b84_115_SNP_N_GenomeWideSNP_6_A05_771534	6	30029053	30029106	2	-1.1626
DUNGS_p_TCGA_b84_115_SNP_N_GenomeWideSNP_6_A05_771534	6	30029202	31388802	636	0.0087
DUNGS_p_TCGA_b84_115_SNP_N_GenomeWideSNP_6_A05_771534	6	31394255	31395480	6	0.8424
DUNGS_p_TCGA_b84_115_SNP_N_GenomeWideSNP_6_A05_771534	6	31403385	32557028	511	0.0355
DUNGS_p_TCGA_b84_115_SNP_N_GenomeWideSNP_6_A05_771534	6	32557501	32688595	44	-0.2451
DUNGS_p_TCGA_b84_115_SNP_N_GenomeWideSNP_6_A05_771534	6	32689816	32714734	17	0.5261
DUNGS_p_TCGA_b84_115_SNP_N_GenomeWideSNP_6_A05_771534	6	32717405	32734596	7	-0.5414
DUNGS_p_TCGA_b84_115_SNP_N_GenomeWideSNP_6_A05_771534	6	32758590	32794174	37	0.0534
DUNGS_p_TCGA_b84_115_SNP_N_GenomeWideSNP_6_A05_771534	6	32796593	32798923	12	0.6259
DUNGS_p_TCGA_b84_115_SNP_N_GenomeWideSNP_6_A05_771534	6	32800205	62171441	16379	0.006
DUNGS_p_TCGA_b84_115_SNP_N_GenomeWideSNP_6_A05_771534	6	62176642	62264570	5	-0.9303
DUNGS_p_TCGA_b84_115_SNP_N_GenomeWideSNP_6_A05_771534	6	62264590	65767450	1931	0.0067
DUNGS_p_TCGA_b84_115_SNP_N_GenomeWideSNP_6_A05_771534	6	65768120	65770513	3	-4.3586
DUNGS_p_TCGA_b84_115_SNP_N_GenomeWideSNP_6_A05_771534	6	65774105	77071668	7410	0.0109
DUNGS_p_TCGA_b84_115_SNP_N_GenomeWideSNP_6_A05_771534	6	77073620	77073646	3	-1.1116
DUNGS_p_TCGA_b84_115_SNP_N_GenomeWideSNP_6_A05_771534	6	77073713	77493251	296	0.0091
DUNGS_p_TCGA_b84_115_SNP_N_GenomeWideSNP_6_A05_771534	6	77496587	77509476	21	0.3603
DUNGS_p_TCGA_b84_115_SNP_N_GenomeWideSNP_6_A05_771534	6	77517792	79019608	980	1e-04
DUNGS_p_TCGA_b84_115_SNP_N_GenomeWideSNP_6_A05_771534	6	79025784	79091904	113	-0.5252
DUNGS_p_TCGA_b84_115_SNP_N_GenomeWideSNP_6_A05_771534	6	79095953	103841338	15501	0.0108
DUNGS_p_TCGA_b84_115_SNP_N_GenomeWideSNP_6_A05_771534	6	103841496	103868754	50	0.568
DUNGS_p_TCGA_b84_115_SNP_N_GenomeWideSNP_6_A05_771534	6	103872163	170892930	44284	0.0071
DUNGS_p_TCGA_b84_115_SNP_N_GenomeWideSNP_6_A05_771534	7	52911	26098815	18893	0.0141
DUNGS_p_TCGA_b84_115_SNP_N_GenomeWideSNP_6_A05_771534	7	26108917	26111938	4	-0.9461
DUNGS_p_TCGA_b84_115_SNP_N_GenomeWideSNP_6_A05_771534	7	26113744	54353999	19720	0.0078
DUNGS_p_TCGA_b84_115_SNP_N_GenomeWideSNP_6_A05_771534	7	54354003	54354011	5	1.8645
DUNGS_p_TCGA_b84_115_SNP_N_GenomeWideSNP_6_A05_771534	7	54360982	75981829	8493	0.0029
DUNGS_p_TCGA_b84_115_SNP_N_GenomeWideSNP_6_A05_771534	7	75991284	75999233	4	-0.8466
DUNGS_p_TCGA_b84_115_SNP_N_GenomeWideSNP_6_A05_771534	7	75999244	91195790	9915	0.0089
DUNGS_p_TCGA_b84_115_SNP_N_GenomeWideSNP_6_A05_771534	7	91195805	91196476	4	-0.6534
DUNGS_p_TCGA_b84_115_SNP_N_GenomeWideSNP_6_A05_771534	7	91196707	95323291	2551	0.0028
DUNGS_p_TCGA_b84_115_SNP_N_GenomeWideSNP_6_A05_771534	7	95325994	95326433	2	-0.9414
DUNGS_p_TCGA_b84_115_SNP_N_GenomeWideSNP_6_A05_771534	7	95327448	100163125	2506	0.0013
DUNGS_p_TCGA_b84_115_SNP_N_GenomeWideSNP_6_A05_771534	7	100167180	100170778	3	-1.4993
DUNGS_p_TCGA_b84_115_SNP_N_GenomeWideSNP_6_A05_771534	7	100188941	109221021	5348	0.006
DUNGS_p_TCGA_b84_115_SNP_N_GenomeWideSNP_6_A05_771534	7	109221034	109241218	37	-0.345
DUNGS_p_TCGA_b84_115_SNP_N_GenomeWideSNP_6_A05_771534	7	109241465	133435717	14765	0.0062
DUNGS_p_TCGA_b84_115_SNP_N_GenomeWideSNP_6_A05_771534	7	133435735	133446174	26	-1.8857
DUNGS_p_TCGA_b84_115_SNP_N_GenomeWideSNP_6_A05_771534	7	133446205	133449098	8	-0.566
DUNGS_p_TCGA_b84_115_SNP_N_GenomeWideSNP_6_A05_771534	7	133449386	141416729	5213	0.0046
DUNGS_p_TCGA_b84_115_SNP_N_GenomeWideSNP_6_A05_771534	7	141416838	141436652	32	0.2978
DUNGS_p_TCGA_b84_115_SNP_N_GenomeWideSNP_6_A05_771534	7	141436672	142154515	454	0.0182
DUNGS_p_TCGA_b84_115_SNP_N_GenomeWideSNP_6_A05_771534	7	142156294	142165614	27	0.4684
DUNGS_p_TCGA_b84_115_SNP_N_GenomeWideSNP_6_A05_771534	7	142165684	143075149	522	0.0196
DUNGS_p_TCGA_b84_115_SNP_N_GenomeWideSNP_6_A05_771534	7	143075464	143155139	35	-0.2349
DUNGS_p_TCGA_b84_115_SNP_N_GenomeWideSNP_6_A05_771534	7	143155257	143540378	288	0.0316
DUNGS_p_TCGA_b84_115_SNP_N_GenomeWideSNP_6_A05_771534	7	143542557	143681866	37	-0.5655
DUNGS_p_TCGA_b84_115_SNP_N_GenomeWideSNP_6_A05_771534	7	143682164	154018058	6454	0.0133
DUNGS_p_TCGA_b84_115_SNP_N_GenomeWideSNP_6_A05_771534	7	154020828	154028012	4	0.7307
DUNGS_p_TCGA_b84_115_SNP_N_GenomeWideSNP_6_A05_771534	7	154030546	155156790	919	0.0175
DUNGS_p_TCGA_b84_115_SNP_N_GenomeWideSNP_6_A05_771534	7	155158624	155159699	2	1.3227
DUNGS_p_TCGA_b84_115_SNP_N_GenomeWideSNP_6_A05_771534	7	155162397	158819765	2327	0.0155
DUNGS_p_TCGA_b84_115_SNP_N_GenomeWideSNP_6_A05_771534	8	21254	2689341	2122	0.0418
DUNGS_p_TCGA_b84_115_SNP_N_GenomeWideSNP_6_A05_771534	8	2690940	2691306	7	-1.7411
DUNGS_p_TCGA_b84_115_SNP_N_GenomeWideSNP_6_A05_771534	8	2694578	3209023	530	0.0215
DUNGS_p_TCGA_b84_115_SNP_N_GenomeWideSNP_6_A05_771534	8	3210534	3210785	2	-1.6149
DUNGS_p_TCGA_b84_115_SNP_N_GenomeWideSNP_6_A05_771534	8	3210892	3764272	778	0.037
DUNGS_p_TCGA_b84_115_SNP_N_GenomeWideSNP_6_A05_771534	8	3771595	3777514	25	-0.6144
DUNGS_p_TCGA_b84_115_SNP_N_GenomeWideSNP_6_A05_771534	8	3778626	5586143	2637	0.03
DUNGS_p_TCGA_b84_115_SNP_N_GenomeWideSNP_6_A05_771534	8	5586172	5591903	25	-0.8354
DUNGS_p_TCGA_b84_115_SNP_N_GenomeWideSNP_6_A05_771534	8	5594496	6814411	1607	0.0305
DUNGS_p_TCGA_b84_115_SNP_N_GenomeWideSNP_6_A05_771534	8	6814444	6814596	4	-0.918
DUNGS_p_TCGA_b84_115_SNP_N_GenomeWideSNP_6_A05_771534	8	6814609	7174042	100	-0.0275
DUNGS_p_TCGA_b84_115_SNP_N_GenomeWideSNP_6_A05_771534	8	7174056	7825372	172	0.3465
DUNGS_p_TCGA_b84_115_SNP_N_GenomeWideSNP_6_A05_771534	8	7836168	8324455	254	0.0198
DUNGS_p_TCGA_b84_115_SNP_N_GenomeWideSNP_6_A05_771534	8	8324466	8328767	5	-0.8038
DUNGS_p_TCGA_b84_115_SNP_N_GenomeWideSNP_6_A05_771534	8	8329155	11986960	3042	0.0161
DUNGS_p_TCGA_b84_115_SNP_N_GenomeWideSNP_6_A05_771534	8	12025135	12038532	6	1.1339
DUNGS_p_TCGA_b84_115_SNP_N_GenomeWideSNP_6_A05_771534	8	12071716	12242625	9	-0.1351
DUNGS_p_TCGA_b84_115_SNP_N_GenomeWideSNP_6_A05_771534	8	12260380	12291857	40	-1.1174
DUNGS_p_TCGA_b84_115_SNP_N_GenomeWideSNP_6_A05_771534	8	12305298	18021930	5167	0.0114
DUNGS_p_TCGA_b84_115_SNP_N_GenomeWideSNP_6_A05_771534	8	18022316	18024347	3	-0.832
DUNGS_p_TCGA_b84_115_SNP_N_GenomeWideSNP_6_A05_771534	8	18025369	25030439	5333	0.005
DUNGS_p_TCGA_b84_115_SNP_N_GenomeWideSNP_6_A05_771534	8	25030494	25040250	24	0.8625
DUNGS_p_TCGA_b84_115_SNP_N_GenomeWideSNP_6_A05_771534	8	25047021	26622652	1206	0.0013
DUNGS_p_TCGA_b84_115_SNP_N_GenomeWideSNP_6_A05_771534	8	26623841	26623904	3	-0.9284
DUNGS_p_TCGA_b84_115_SNP_N_GenomeWideSNP_6_A05_771534	8	26624027	39349816	7839	-0.0015
DUNGS_p_TCGA_b84_115_SNP_N_GenomeWideSNP_6_A05_771534	8	39354760	39498824	54	0.6341
DUNGS_p_TCGA_b84_115_SNP_N_GenomeWideSNP_6_A05_771534	8	39503281	47640282	2779	0.0058
DUNGS_p_TCGA_b84_115_SNP_N_GenomeWideSNP_6_A05_771534	8	47644741	47655711	10	0.5307
DUNGS_p_TCGA_b84_115_SNP_N_GenomeWideSNP_6_A05_771534	8	47665260	72374919	15142	0.0046
DUNGS_p_TCGA_b84_115_SNP_N_GenomeWideSNP_6_A05_771534	8	72377865	72378988	7	-0.6777
DUNGS_p_TCGA_b84_115_SNP_N_GenomeWideSNP_6_A05_771534	8	72379055	112360670	24151	0.0047
DUNGS_p_TCGA_b84_115_SNP_N_GenomeWideSNP_6_A05_771534	8	112363455	112364436	10	1.1738
DUNGS_p_TCGA_b84_115_SNP_N_GenomeWideSNP_6_A05_771534	8	112369457	114808773	1285	-0.0019
DUNGS_p_TCGA_b84_115_SNP_N_GenomeWideSNP_6_A05_771534	8	114809780	114812500	4	-0.6405
DUNGS_p_TCGA_b84_115_SNP_N_GenomeWideSNP_6_A05_771534	8	114812579	115701219	538	0.0146
DUNGS_p_TCGA_b84_115_SNP_N_GenomeWideSNP_6_A05_771534	8	115703663	115710907	35	-0.5626
DUNGS_p_TCGA_b84_115_SNP_N_GenomeWideSNP_6_A05_771534	8	115719873	131920881	11253	0.0079
DUNGS_p_TCGA_b84_115_SNP_N_GenomeWideSNP_6_A05_771534	8	131921797	131924374	2	-1.4383
DUNGS_p_TCGA_b84_115_SNP_N_GenomeWideSNP_6_A05_771534	8	131924906	144361785	9189	0.0091
DUNGS_p_TCGA_b84_115_SNP_N_GenomeWideSNP_6_A05_771534	8	144367157	144381200	10	-0.5961
DUNGS_p_TCGA_b84_115_SNP_N_GenomeWideSNP_6_A05_771534	8	144381314	144770300	126	0.0201
DUNGS_p_TCGA_b84_115_SNP_N_GenomeWideSNP_6_A05_771534	8	144776300	144778951	9	-0.5006
DUNGS_p_TCGA_b84_115_SNP_N_GenomeWideSNP_6_A05_771534	8	144790132	146268959	506	0.0472
DUNGS_p_TCGA_b84_115_SNP_N_GenomeWideSNP_6_A05_771534	9	36587	78030	8	-0.4996
DUNGS_p_TCGA_b84_115_SNP_N_GenomeWideSNP_6_A05_771534	9	83270	4111848	4238	0.0206
DUNGS_p_TCGA_b84_115_SNP_N_GenomeWideSNP_6_A05_771534	9	4112302	4112322	2	-0.9632
DUNGS_p_TCGA_b84_115_SNP_N_GenomeWideSNP_6_A05_771534	9	4113868	11827288	6924	0.0231
DUNGS_p_TCGA_b84_115_SNP_N_GenomeWideSNP_6_A05_771534	9	11827596	11827866	3	0.8579
DUNGS_p_TCGA_b84_115_SNP_N_GenomeWideSNP_6_A05_771534	9	11829399	24493816	10111	0.004
DUNGS_p_TCGA_b84_115_SNP_N_GenomeWideSNP_6_A05_771534	9	24494125	24507682	19	-0.9163
DUNGS_p_TCGA_b84_115_SNP_N_GenomeWideSNP_6_A05_771534	9	24509684	41622708	10067	0.0094
DUNGS_p_TCGA_b84_115_SNP_N_GenomeWideSNP_6_A05_771534	9	41682297	41723629	5	-0.7224
DUNGS_p_TCGA_b84_115_SNP_N_GenomeWideSNP_6_A05_771534	9	41723631	41882866	4	0.4621
DUNGS_p_TCGA_b84_115_SNP_N_GenomeWideSNP_6_A05_771534	9	41887112	42055266	10	-0.6383
DUNGS_p_TCGA_b84_115_SNP_N_GenomeWideSNP_6_A05_771534	9	42055343	43575109	36	0.0207
DUNGS_p_TCGA_b84_115_SNP_N_GenomeWideSNP_6_A05_771534	9	43590208	43740182	25	0.7078
DUNGS_p_TCGA_b84_115_SNP_N_GenomeWideSNP_6_A05_771534	9	44054868	47006996	180	-0.2708
DUNGS_p_TCGA_b84_115_SNP_N_GenomeWideSNP_6_A05_771534	9	65356791	65370766	3	-2.4111
DUNGS_p_TCGA_b84_115_SNP_N_GenomeWideSNP_6_A05_771534	9	65412427	67673801	56	-0.1142
DUNGS_p_TCGA_b84_115_SNP_N_GenomeWideSNP_6_A05_771534	9	67675871	67675877	4	1.38
DUNGS_p_TCGA_b84_115_SNP_N_GenomeWideSNP_6_A05_771534	9	67675879	67752625	18	0.2461
DUNGS_p_TCGA_b84_115_SNP_N_GenomeWideSNP_6_A05_771534	9	67752637	68291254	75	-0.0968
DUNGS_p_TCGA_b84_115_SNP_N_GenomeWideSNP_6_A05_771534	9	68312776	70133650	125	-0.4141
DUNGS_p_TCGA_b84_115_SNP_N_GenomeWideSNP_6_A05_771534	9	70139848	90199421	14538	0.0029
DUNGS_p_TCGA_b84_115_SNP_N_GenomeWideSNP_6_A05_771534	9	90201545	90203038	4	-0.9663
DUNGS_p_TCGA_b84_115_SNP_N_GenomeWideSNP_6_A05_771534	9	90204074	103971476	9217	0.007
DUNGS_p_TCGA_b84_115_SNP_N_GenomeWideSNP_6_A05_771534	9	103977934	104019392	41	-0.9018
DUNGS_p_TCGA_b84_115_SNP_N_GenomeWideSNP_6_A05_771534	9	104029215	133248600	20621	0.0032
DUNGS_p_TCGA_b84_115_SNP_N_GenomeWideSNP_6_A05_771534	9	133250747	133255525	5	-1.0456
DUNGS_p_TCGA_b84_115_SNP_N_GenomeWideSNP_6_A05_771534	9	133261836	140211215	3650	0.005
DUNGS_p_TCGA_b84_115_SNP_N_GenomeWideSNP_6_A05_771534	10	62759	2544313	1930	0.0132
DUNGS_p_TCGA_b84_115_SNP_N_GenomeWideSNP_6_A05_771534	10	2552267	2552753	4	0.8458
DUNGS_p_TCGA_b84_115_SNP_N_GenomeWideSNP_6_A05_771534	10	2560994	4280814	1657	0.0262
DUNGS_p_TCGA_b84_115_SNP_N_GenomeWideSNP_6_A05_771534	10	4280838	4281016	3	-0.971
DUNGS_p_TCGA_b84_115_SNP_N_GenomeWideSNP_6_A05_771534	10	4284071	15015285	9134	0.013
DUNGS_p_TCGA_b84_115_SNP_N_GenomeWideSNP_6_A05_771534	10	15018987	15023177	2	0.9663
DUNGS_p_TCGA_b84_115_SNP_N_GenomeWideSNP_6_A05_771534	10	15024095	17899449	2166	0.0074
DUNGS_p_TCGA_b84_115_SNP_N_GenomeWideSNP_6_A05_771534	10	17920974	17989863	6	-1.0246
DUNGS_p_TCGA_b84_115_SNP_N_GenomeWideSNP_6_A05_771534	10	18011822	18239819	16	0.2297
DUNGS_p_TCGA_b84_115_SNP_N_GenomeWideSNP_6_A05_771534	10	18263653	24417681	4348	0.0034
DUNGS_p_TCGA_b84_115_SNP_N_GenomeWideSNP_6_A05_771534	10	24417682	24418060	9	0.7139
DUNGS_p_TCGA_b84_115_SNP_N_GenomeWideSNP_6_A05_771534	10	24418914	51305629	14442	0.0051
DUNGS_p_TCGA_b84_115_SNP_N_GenomeWideSNP_6_A05_771534	10	51311823	51329450	2	-1.3886
DUNGS_p_TCGA_b84_115_SNP_N_GenomeWideSNP_6_A05_771534	10	51405657	58873055	5500	0.0122
DUNGS_p_TCGA_b84_115_SNP_N_GenomeWideSNP_6_A05_771534	10	58880511	58880779	4	-0.736
DUNGS_p_TCGA_b84_115_SNP_N_GenomeWideSNP_6_A05_771534	10	58888501	66068684	4908	-7e-04
DUNGS_p_TCGA_b84_115_SNP_N_GenomeWideSNP_6_A05_771534	10	66069415	66069875	2	-1.2049
DUNGS_p_TCGA_b84_115_SNP_N_GenomeWideSNP_6_A05_771534	10	66072837	66976282	657	2e-04
DUNGS_p_TCGA_b84_115_SNP_N_GenomeWideSNP_6_A05_771534	10	66977929	66984452	28	0.3719
DUNGS_p_TCGA_b84_115_SNP_N_GenomeWideSNP_6_A05_771534	10	66992801	81984157	9514	0.0028
DUNGS_p_TCGA_b84_115_SNP_N_GenomeWideSNP_6_A05_771534	10	81984298	81987058	2	0.8825
DUNGS_p_TCGA_b84_115_SNP_N_GenomeWideSNP_6_A05_771534	10	81987428	82868139	638	0.0251
DUNGS_p_TCGA_b84_115_SNP_N_GenomeWideSNP_6_A05_771534	10	82871310	82879763	10	-0.83
DUNGS_p_TCGA_b84_115_SNP_N_GenomeWideSNP_6_A05_771534	10	82884449	89059776	4328	0.0015
DUNGS_p_TCGA_b84_115_SNP_N_GenomeWideSNP_6_A05_771534	10	89060725	89107280	13	-0.6344
DUNGS_p_TCGA_b84_115_SNP_N_GenomeWideSNP_6_A05_771534	10	89121170	135078996	31702	0.0051
DUNGS_p_TCGA_b84_115_SNP_N_GenomeWideSNP_6_A05_771534	10	135079131	135079858	3	-0.7457
DUNGS_p_TCGA_b84_115_SNP_N_GenomeWideSNP_6_A05_771534	10	135082644	135215135	96	0.0557
DUNGS_p_TCGA_b84_115_SNP_N_GenomeWideSNP_6_A05_771534	10	135215293	135215325	2	-1.1039
DUNGS_p_TCGA_b84_115_SNP_N_GenomeWideSNP_6_A05_771534	10	135216092	135356694	53	-0.0118
DUNGS_p_TCGA_b84_115_SNP_N_GenomeWideSNP_6_A05_771534	11	188510	4924226	2480	0.0103
DUNGS_p_TCGA_b84_115_SNP_N_GenomeWideSNP_6_A05_771534	11	4924693	4932281	29	0.5496
DUNGS_p_TCGA_b84_115_SNP_N_GenomeWideSNP_6_A05_771534	11	4932833	4933483	14	0.27
DUNGS_p_TCGA_b84_115_SNP_N_GenomeWideSNP_6_A05_771534	11	4933587	5477551	540	0.0241
DUNGS_p_TCGA_b84_115_SNP_N_GenomeWideSNP_6_A05_771534	11	5478727	5479140	6	-0.7701
DUNGS_p_TCGA_b84_115_SNP_N_GenomeWideSNP_6_A05_771534	11	5480169	5739688	236	0.0078
DUNGS_p_TCGA_b84_115_SNP_N_GenomeWideSNP_6_A05_771534	11	5739971	5764916	33	0.3092
DUNGS_p_TCGA_b84_115_SNP_N_GenomeWideSNP_6_A05_771534	11	5764952	20800467	11173	0.0016
DUNGS_p_TCGA_b84_115_SNP_N_GenomeWideSNP_6_A05_771534	11	20801428	20806334	3	-0.9454
DUNGS_p_TCGA_b84_115_SNP_N_GenomeWideSNP_6_A05_771534	11	20806806	22300731	1218	0.0113
DUNGS_p_TCGA_b84_115_SNP_N_GenomeWideSNP_6_A05_771534	11	22308044	22308181	2	-1.7632
DUNGS_p_TCGA_b84_115_SNP_N_GenomeWideSNP_6_A05_771534	11	22311821	26982453	3487	0.0046
DUNGS_p_TCGA_b84_115_SNP_N_GenomeWideSNP_6_A05_771534	11	26983000	26983255	3	-0.9238
DUNGS_p_TCGA_b84_115_SNP_N_GenomeWideSNP_6_A05_771534	11	26984821	31349870	2714	0.0059
DUNGS_p_TCGA_b84_115_SNP_N_GenomeWideSNP_6_A05_771534	11	31350844	31353656	2	-2.8963
DUNGS_p_TCGA_b84_115_SNP_N_GenomeWideSNP_6_A05_771534	11	31354783	51193834	12428	0.0048
DUNGS_p_TCGA_b84_115_SNP_N_GenomeWideSNP_6_A05_771534	11	51209566	51213821	3	-1.268
DUNGS_p_TCGA_b84_115_SNP_N_GenomeWideSNP_6_A05_771534	11	51231886	55132856	337	0.017
DUNGS_p_TCGA_b84_115_SNP_N_GenomeWideSNP_6_A05_771534	11	55133074	55209585	51	0.4901
DUNGS_p_TCGA_b84_115_SNP_N_GenomeWideSNP_6_A05_771534	11	55210152	134449982	52480	0.006
DUNGS_p_TCGA_b84_115_SNP_N_GenomeWideSNP_6_A05_771534	12	20703	739459	420	0.035
DUNGS_p_TCGA_b84_115_SNP_N_GenomeWideSNP_6_A05_771534	12	739524	744290	16	-0.8698
DUNGS_p_TCGA_b84_115_SNP_N_GenomeWideSNP_6_A05_771534	12	745615	9521823	5775	0.0079
DUNGS_p_TCGA_b84_115_SNP_N_GenomeWideSNP_6_A05_771534	12	9525137	9619559	24	0.9347
DUNGS_p_TCGA_b84_115_SNP_N_GenomeWideSNP_6_A05_771534	12	9626236	11112094	1047	0.0296
DUNGS_p_TCGA_b84_115_SNP_N_GenomeWideSNP_6_A05_771534	12	11113635	11132799	10	-1.3645
DUNGS_p_TCGA_b84_115_SNP_N_GenomeWideSNP_6_A05_771534	12	11143141	11402844	133	-0.0515
DUNGS_p_TCGA_b84_115_SNP_N_GenomeWideSNP_6_A05_771534	12	11402845	11434673	31	0.4948
DUNGS_p_TCGA_b84_115_SNP_N_GenomeWideSNP_6_A05_771534	12	11443459	33192693	15444	0.0063
DUNGS_p_TCGA_b84_115_SNP_N_GenomeWideSNP_6_A05_771534	12	33192787	33199627	26	-0.5614
DUNGS_p_TCGA_b84_115_SNP_N_GenomeWideSNP_6_A05_771534	12	33199654	69158125	20847	0.0092
DUNGS_p_TCGA_b84_115_SNP_N_GenomeWideSNP_6_A05_771534	12	69158942	69164294	9	-1.8813
DUNGS_p_TCGA_b84_115_SNP_N_GenomeWideSNP_6_A05_771534	12	69165652	82687318	8455	0.004
DUNGS_p_TCGA_b84_115_SNP_N_GenomeWideSNP_6_A05_771534	12	82687421	82689433	6	0.5887
DUNGS_p_TCGA_b84_115_SNP_N_GenomeWideSNP_6_A05_771534	12	82689661	102775092	12969	0.0084
DUNGS_p_TCGA_b84_115_SNP_N_GenomeWideSNP_6_A05_771534	12	102777069	102779607	6	-0.5646
DUNGS_p_TCGA_b84_115_SNP_N_GenomeWideSNP_6_A05_771534	12	102781229	126152306	15372	0.0053
DUNGS_p_TCGA_b84_115_SNP_N_GenomeWideSNP_6_A05_771534	12	126154599	126155071	5	0.7489
DUNGS_p_TCGA_b84_115_SNP_N_GenomeWideSNP_6_A05_771534	12	126155104	126562969	382	-0.022
DUNGS_p_TCGA_b84_115_SNP_N_GenomeWideSNP_6_A05_771534	12	126563364	126563445	2	0.973
DUNGS_p_TCGA_b84_115_SNP_N_GenomeWideSNP_6_A05_771534	12	126563465	132288262	4182	0.0313
DUNGS_p_TCGA_b84_115_SNP_N_GenomeWideSNP_6_A05_771534	13	17924949	22527210	2900	0.0113
DUNGS_p_TCGA_b84_115_SNP_N_GenomeWideSNP_6_A05_771534	13	22530678	22531515	12	-0.5834
DUNGS_p_TCGA_b84_115_SNP_N_GenomeWideSNP_6_A05_771534	13	22536195	37950811	11386	0.009
DUNGS_p_TCGA_b84_115_SNP_N_GenomeWideSNP_6_A05_771534	13	37955572	37956056	2	-2.3786
DUNGS_p_TCGA_b84_115_SNP_N_GenomeWideSNP_6_A05_771534	13	37963057	51957217	9213	0.0097
DUNGS_p_TCGA_b84_115_SNP_N_GenomeWideSNP_6_A05_771534	13	51969153	51977345	4	-1.1474
DUNGS_p_TCGA_b84_115_SNP_N_GenomeWideSNP_6_A05_771534	13	51985887	71374989	11682	0.0096
DUNGS_p_TCGA_b84_115_SNP_N_GenomeWideSNP_6_A05_771534	13	71375556	71378557	4	-2.9299
DUNGS_p_TCGA_b84_115_SNP_N_GenomeWideSNP_6_A05_771534	13	71378606	105374242	23201	0.0071
DUNGS_p_TCGA_b84_115_SNP_N_GenomeWideSNP_6_A05_771534	13	105374497	105380680	4	-0.6533
DUNGS_p_TCGA_b84_115_SNP_N_GenomeWideSNP_6_A05_771534	13	105380792	108477139	2515	0.0069
DUNGS_p_TCGA_b84_115_SNP_N_GenomeWideSNP_6_A05_771534	13	108478534	108484449	5	-0.9459
DUNGS_p_TCGA_b84_115_SNP_N_GenomeWideSNP_6_A05_771534	13	108485010	114126499	3453	0.011
DUNGS_p_TCGA_b84_115_SNP_N_GenomeWideSNP_6_A05_771534	14	18072124	18487203	28	-0.0972
DUNGS_p_TCGA_b84_115_SNP_N_GenomeWideSNP_6_A05_771534	14	18492533	18871755	33	-0.3637
DUNGS_p_TCGA_b84_115_SNP_N_GenomeWideSNP_6_A05_771534	14	18872541	19008441	8	-1.2269
DUNGS_p_TCGA_b84_115_SNP_N_GenomeWideSNP_6_A05_771534	14	19038403	19213349	11	-0.6597
DUNGS_p_TCGA_b84_115_SNP_N_GenomeWideSNP_6_A05_771534	14	19227683	19493212	110	-0.3277
DUNGS_p_TCGA_b84_115_SNP_N_GenomeWideSNP_6_A05_771534	14	19494766	23496564	2737	0.0146
DUNGS_p_TCGA_b84_115_SNP_N_GenomeWideSNP_6_A05_771534	14	23499138	23554299	27	-0.7874
DUNGS_p_TCGA_b84_115_SNP_N_GenomeWideSNP_6_A05_771534	14	23557983	28793480	3307	-0.0018
DUNGS_p_TCGA_b84_115_SNP_N_GenomeWideSNP_6_A05_771534	14	28797605	28798105	2	1.0271
DUNGS_p_TCGA_b84_115_SNP_N_GenomeWideSNP_6_A05_771534	14	28801413	40678108	7587	0.0036
DUNGS_p_TCGA_b84_115_SNP_N_GenomeWideSNP_6_A05_771534	14	40680246	40723727	13	-0.5102
DUNGS_p_TCGA_b84_115_SNP_N_GenomeWideSNP_6_A05_771534	14	40726999	64276189	14986	0.0087
DUNGS_p_TCGA_b84_115_SNP_N_GenomeWideSNP_6_A05_771534	14	64276792	64276795	2	-1.085
DUNGS_p_TCGA_b84_115_SNP_N_GenomeWideSNP_6_A05_771534	14	64276941	73070876	5521	0.0043
DUNGS_p_TCGA_b84_115_SNP_N_GenomeWideSNP_6_A05_771534	14	73076460	73090732	8	0.7045
DUNGS_p_TCGA_b84_115_SNP_N_GenomeWideSNP_6_A05_771534	14	73099653	73643916	286	0.014
DUNGS_p_TCGA_b84_115_SNP_N_GenomeWideSNP_6_A05_771534	14	73644508	73644526	2	-0.9751
DUNGS_p_TCGA_b84_115_SNP_N_GenomeWideSNP_6_A05_771534	14	73644554	75012676	831	-0.0144
DUNGS_p_TCGA_b84_115_SNP_N_GenomeWideSNP_6_A05_771534	14	75012684	75016567	2	-1.1236
DUNGS_p_TCGA_b84_115_SNP_N_GenomeWideSNP_6_A05_771534	14	75018169	105618359	19720	0.0062
DUNGS_p_TCGA_b84_115_SNP_N_GenomeWideSNP_6_A05_771534	14	105618552	105632486	9	1.1335
DUNGS_p_TCGA_b84_115_SNP_N_GenomeWideSNP_6_A05_771534	14	105638145	106356482	418	0.0241
DUNGS_p_TCGA_b84_115_SNP_N_GenomeWideSNP_6_A05_771534	15	18276341	18522250	53	-0.052
DUNGS_p_TCGA_b84_115_SNP_N_GenomeWideSNP_6_A05_771534	15	18524300	18906589	92	0.3269
DUNGS_p_TCGA_b84_115_SNP_N_GenomeWideSNP_6_A05_771534	15	18906699	18995437	4	-0.9399
DUNGS_p_TCGA_b84_115_SNP_N_GenomeWideSNP_6_A05_771534	15	19003808	19835526	175	0.2616
DUNGS_p_TCGA_b84_115_SNP_N_GenomeWideSNP_6_A05_771534	15	19840319	19843053	3	-0.8224
DUNGS_p_TCGA_b84_115_SNP_N_GenomeWideSNP_6_A05_771534	15	19852286	20088324	94	0.3642
DUNGS_p_TCGA_b84_115_SNP_N_GenomeWideSNP_6_A05_771534	15	20088838	22022195	927	0.0151
DUNGS_p_TCGA_b84_115_SNP_N_GenomeWideSNP_6_A05_771534	15	22023095	22063128	17	-0.4662
DUNGS_p_TCGA_b84_115_SNP_N_GenomeWideSNP_6_A05_771534	15	22065713	24809415	1896	0.0054
DUNGS_p_TCGA_b84_115_SNP_N_GenomeWideSNP_6_A05_771534	15	24810446	24811116	3	0.951
DUNGS_p_TCGA_b84_115_SNP_N_GenomeWideSNP_6_A05_771534	15	24811378	28333305	1881	0.0298
DUNGS_p_TCGA_b84_115_SNP_N_GenomeWideSNP_6_A05_771534	15	28339437	28348859	2	-1.1878
DUNGS_p_TCGA_b84_115_SNP_N_GenomeWideSNP_6_A05_771534	15	28350062	28609050	64	0.1194
DUNGS_p_TCGA_b84_115_SNP_N_GenomeWideSNP_6_A05_771534	15	28675248	28688170	2	-1.4863
DUNGS_p_TCGA_b84_115_SNP_N_GenomeWideSNP_6_A05_771534	15	28700879	74665417	29176	0.007
DUNGS_p_TCGA_b84_115_SNP_N_GenomeWideSNP_6_A05_771534	15	74678296	74682830	22	-1.9576
DUNGS_p_TCGA_b84_115_SNP_N_GenomeWideSNP_6_A05_771534	15	74689234	82331185	4435	-0.0024
DUNGS_p_TCGA_b84_115_SNP_N_GenomeWideSNP_6_A05_771534	15	82331721	82338871	10	-0.7027
DUNGS_p_TCGA_b84_115_SNP_N_GenomeWideSNP_6_A05_771534	15	82338902	88681695	4338	0.0058
DUNGS_p_TCGA_b84_115_SNP_N_GenomeWideSNP_6_A05_771534	15	88686721	88686783	2	-1.1492
DUNGS_p_TCGA_b84_115_SNP_N_GenomeWideSNP_6_A05_771534	15	88688324	100286563	8916	0.0108
DUNGS_p_TCGA_b84_115_SNP_N_GenomeWideSNP_6_A05_771534	16	777	4873908	2068	0.015
DUNGS_p_TCGA_b84_115_SNP_N_GenomeWideSNP_6_A05_771534	16	4876206	4876532	3	-0.7951
DUNGS_p_TCGA_b84_115_SNP_N_GenomeWideSNP_6_A05_771534	16	4877910	14897340	9076	0.0167
DUNGS_p_TCGA_b84_115_SNP_N_GenomeWideSNP_6_A05_771534	16	14956269	15023758	63	-0.6163
DUNGS_p_TCGA_b84_115_SNP_N_GenomeWideSNP_6_A05_771534	16	15032942	16270726	589	0.0415
DUNGS_p_TCGA_b84_115_SNP_N_GenomeWideSNP_6_A05_771534	16	16285163	16586846	25	-0.2527
DUNGS_p_TCGA_b84_115_SNP_N_GenomeWideSNP_6_A05_771534	16	16588399	18611693	1020	0.0321
DUNGS_p_TCGA_b84_115_SNP_N_GenomeWideSNP_6_A05_771534	16	18623756	18633537	4	-0.7569
DUNGS_p_TCGA_b84_115_SNP_N_GenomeWideSNP_6_A05_771534	16	18634733	20385937	1111	0.0028
DUNGS_p_TCGA_b84_115_SNP_N_GenomeWideSNP_6_A05_771534	16	20386099	20386113	2	-1.1898
DUNGS_p_TCGA_b84_115_SNP_N_GenomeWideSNP_6_A05_771534	16	20386183	54352715	13388	0.005
DUNGS_p_TCGA_b84_115_SNP_N_GenomeWideSNP_6_A05_771534	16	54353890	54373744	17	-0.928
DUNGS_p_TCGA_b84_115_SNP_N_GenomeWideSNP_6_A05_771534	16	54374147	54379945	5	-0.4226
DUNGS_p_TCGA_b84_115_SNP_N_GenomeWideSNP_6_A05_771534	16	54387058	54416294	16	0.3643
DUNGS_p_TCGA_b84_115_SNP_N_GenomeWideSNP_6_A05_771534	16	54425940	69753654	9259	0.0038
DUNGS_p_TCGA_b84_115_SNP_N_GenomeWideSNP_6_A05_771534	16	69753816	69757550	2	-0.9772
DUNGS_p_TCGA_b84_115_SNP_N_GenomeWideSNP_6_A05_771534	16	69758574	71703574	1076	0.0102
DUNGS_p_TCGA_b84_115_SNP_N_GenomeWideSNP_6_A05_771534	16	71706156	71706175	2	-0.9225
DUNGS_p_TCGA_b84_115_SNP_N_GenomeWideSNP_6_A05_771534	16	71708098	74082210	1574	0.0139
DUNGS_p_TCGA_b84_115_SNP_N_GenomeWideSNP_6_A05_771534	16	74091172	74093773	4	0.748
DUNGS_p_TCGA_b84_115_SNP_N_GenomeWideSNP_6_A05_771534	16	74096909	79561808	5678	0.0175
DUNGS_p_TCGA_b84_115_SNP_N_GenomeWideSNP_6_A05_771534	16	79562880	79562903	2	-1.1575
DUNGS_p_TCGA_b84_115_SNP_N_GenomeWideSNP_6_A05_771534	16	79564259	88815036	7575	0.0184
DUNGS_p_TCGA_b84_115_SNP_N_GenomeWideSNP_6_A05_771534	17	526	55661	27	0.0512
DUNGS_p_TCGA_b84_115_SNP_N_GenomeWideSNP_6_A05_771534	17	59064	59143	2	-0.9877
DUNGS_p_TCGA_b84_115_SNP_N_GenomeWideSNP_6_A05_771534	17	59164	4321333	2341	0.0269
DUNGS_p_TCGA_b84_115_SNP_N_GenomeWideSNP_6_A05_771534	17	4321838	4321851	2	-1.1432
DUNGS_p_TCGA_b84_115_SNP_N_GenomeWideSNP_6_A05_771534	17	4322322	6041508	1006	0.0145
DUNGS_p_TCGA_b84_115_SNP_N_GenomeWideSNP_6_A05_771534	17	6041520	6041535	2	-2.1274
DUNGS_p_TCGA_b84_115_SNP_N_GenomeWideSNP_6_A05_771534	17	6041767	31460821	15025	0.0138
DUNGS_p_TCGA_b84_115_SNP_N_GenomeWideSNP_6_A05_771534	17	31461241	31501593	35	0.5052
DUNGS_p_TCGA_b84_115_SNP_N_GenomeWideSNP_6_A05_771534	17	31501716	32827831	681	0.0222
DUNGS_p_TCGA_b84_115_SNP_N_GenomeWideSNP_6_A05_771534	17	32833981	32834178	2	-1.4965
DUNGS_p_TCGA_b84_115_SNP_N_GenomeWideSNP_6_A05_771534	17	32836015	36675234	1866	0.0131
DUNGS_p_TCGA_b84_115_SNP_N_GenomeWideSNP_6_A05_771534	17	36676540	36683976	23	0.4749
DUNGS_p_TCGA_b84_115_SNP_N_GenomeWideSNP_6_A05_771534	17	36684057	41860676	2652	0.0145
DUNGS_p_TCGA_b84_115_SNP_N_GenomeWideSNP_6_A05_771534	17	41879021	41879036	2	-1.4338
DUNGS_p_TCGA_b84_115_SNP_N_GenomeWideSNP_6_A05_771534	17	41901645	53042488	7049	0.0077
DUNGS_p_TCGA_b84_115_SNP_N_GenomeWideSNP_6_A05_771534	17	53043332	53043992	2	-1.6085
DUNGS_p_TCGA_b84_115_SNP_N_GenomeWideSNP_6_A05_771534	17	53046992	53567099	352	-0.0115
DUNGS_p_TCGA_b84_115_SNP_N_GenomeWideSNP_6_A05_771534	17	53567513	53567781	2	-6.7754
DUNGS_p_TCGA_b84_115_SNP_N_GenomeWideSNP_6_A05_771534	17	53568442	53569093	2	-2.4788
DUNGS_p_TCGA_b84_115_SNP_N_GenomeWideSNP_6_A05_771534	17	53572397	60335041	3181	0.0096
DUNGS_p_TCGA_b84_115_SNP_N_GenomeWideSNP_6_A05_771534	17	60356179	60356500	2	1.0267
DUNGS_p_TCGA_b84_115_SNP_N_GenomeWideSNP_6_A05_771534	17	60357151	78643088	11080	0.0116
DUNGS_p_TCGA_b84_115_SNP_N_GenomeWideSNP_6_A05_771534	18	1543	15380947	10459	0.0084
DUNGS_p_TCGA_b84_115_SNP_N_GenomeWideSNP_6_A05_771534	18	15386945	15392408	3	-0.8312
DUNGS_p_TCGA_b84_115_SNP_N_GenomeWideSNP_6_A05_771534	18	16783351	22201863	3162	0.0019
DUNGS_p_TCGA_b84_115_SNP_N_GenomeWideSNP_6_A05_771534	18	22216676	22218116	3	-0.8079
DUNGS_p_TCGA_b84_115_SNP_N_GenomeWideSNP_6_A05_771534	18	22221795	36514418	9239	0.0036
DUNGS_p_TCGA_b84_115_SNP_N_GenomeWideSNP_6_A05_771534	18	36514432	36514478	4	-0.66
DUNGS_p_TCGA_b84_115_SNP_N_GenomeWideSNP_6_A05_771534	18	36514488	36519387	14	-1.7469
DUNGS_p_TCGA_b84_115_SNP_N_GenomeWideSNP_6_A05_771534	18	36522022	61351337	17147	0.003
DUNGS_p_TCGA_b84_115_SNP_N_GenomeWideSNP_6_A05_771534	18	61351446	61358237	23	0.6433
DUNGS_p_TCGA_b84_115_SNP_N_GenomeWideSNP_6_A05_771534	18	61358253	61522755	86	0.0407
DUNGS_p_TCGA_b84_115_SNP_N_GenomeWideSNP_6_A05_771534	18	61529373	61532399	2	0.8576
DUNGS_p_TCGA_b84_115_SNP_N_GenomeWideSNP_6_A05_771534	18	61532682	61868168	267	0.0522
DUNGS_p_TCGA_b84_115_SNP_N_GenomeWideSNP_6_A05_771534	18	61868231	61879119	15	0.4051
DUNGS_p_TCGA_b84_115_SNP_N_GenomeWideSNP_6_A05_771534	18	61879320	71641081	7360	0.023
DUNGS_p_TCGA_b84_115_SNP_N_GenomeWideSNP_6_A05_771534	18	71643920	71644347	4	-0.7694
DUNGS_p_TCGA_b84_115_SNP_N_GenomeWideSNP_6_A05_771534	18	71646617	75389051	2707	0.0112
DUNGS_p_TCGA_b84_115_SNP_N_GenomeWideSNP_6_A05_771534	18	75389311	75389443	2	1.1838
DUNGS_p_TCGA_b84_115_SNP_N_GenomeWideSNP_6_A05_771534	18	75389520	76116029	372	0.0515
DUNGS_p_TCGA_b84_115_SNP_N_GenomeWideSNP_6_A05_771534	19	41910	14899939	6137	0.0177
DUNGS_p_TCGA_b84_115_SNP_N_GenomeWideSNP_6_A05_771534	19	14906192	14910299	3	-1.1474
DUNGS_p_TCGA_b84_115_SNP_N_GenomeWideSNP_6_A05_771534	19	14912287	24247803	5104	0.0102
DUNGS_p_TCGA_b84_115_SNP_N_GenomeWideSNP_6_A05_771534	19	24248664	24256797	12	-0.6694
DUNGS_p_TCGA_b84_115_SNP_N_GenomeWideSNP_6_A05_771534	19	24279522	39422739	4846	0.0059
DUNGS_p_TCGA_b84_115_SNP_N_GenomeWideSNP_6_A05_771534	19	39425820	39429063	7	-0.6329
DUNGS_p_TCGA_b84_115_SNP_N_GenomeWideSNP_6_A05_771534	19	39429136	40541162	730	0.0277
DUNGS_p_TCGA_b84_115_SNP_N_GenomeWideSNP_6_A05_771534	19	40541333	40553688	22	-2.1883
DUNGS_p_TCGA_b84_115_SNP_N_GenomeWideSNP_6_A05_771534	19	40558584	43031655	1216	0.0246
DUNGS_p_TCGA_b84_115_SNP_N_GenomeWideSNP_6_A05_771534	19	43033339	43036057	3	-0.9004
DUNGS_p_TCGA_b84_115_SNP_N_GenomeWideSNP_6_A05_771534	19	43037574	56836402	6904	0.0101
DUNGS_p_TCGA_b84_115_SNP_N_GenomeWideSNP_6_A05_771534	19	56836958	56840009	6	-0.8684
DUNGS_p_TCGA_b84_115_SNP_N_GenomeWideSNP_6_A05_771534	19	56846717	60001965	2062	0.0248
DUNGS_p_TCGA_b84_115_SNP_N_GenomeWideSNP_6_A05_771534	19	60002177	60052350	25	-0.3357
DUNGS_p_TCGA_b84_115_SNP_N_GenomeWideSNP_6_A05_771534	19	60055336	60974181	447	0.0098
DUNGS_p_TCGA_b84_115_SNP_N_GenomeWideSNP_6_A05_771534	19	60974347	60974879	3	-0.9033
DUNGS_p_TCGA_b84_115_SNP_N_GenomeWideSNP_6_A05_771534	19	60978105	63789666	1850	0.0154
DUNGS_p_TCGA_b84_115_SNP_N_GenomeWideSNP_6_A05_771534	20	9305	1509580	1208	0.0238
DUNGS_p_TCGA_b84_115_SNP_N_GenomeWideSNP_6_A05_771534	20	1509667	1545946	41	-0.6114
DUNGS_p_TCGA_b84_115_SNP_N_GenomeWideSNP_6_A05_771534	20	1546106	40804377	25788	0.0074
DUNGS_p_TCGA_b84_115_SNP_N_GenomeWideSNP_6_A05_771534	20	40805082	40805278	3	-0.8271
DUNGS_p_TCGA_b84_115_SNP_N_GenomeWideSNP_6_A05_771534	20	40805340	43633709	1941	0.0095
DUNGS_p_TCGA_b84_115_SNP_N_GenomeWideSNP_6_A05_771534	20	43635298	43638185	3	-0.718
DUNGS_p_TCGA_b84_115_SNP_N_GenomeWideSNP_6_A05_771534	20	43642932	48215941	3154	0.0061
DUNGS_p_TCGA_b84_115_SNP_N_GenomeWideSNP_6_A05_771534	20	48225126	48226200	2	0.9988
DUNGS_p_TCGA_b84_115_SNP_N_GenomeWideSNP_6_A05_771534	20	48228324	62386512	10386	0.0112
DUNGS_p_TCGA_b84_115_SNP_N_GenomeWideSNP_6_A05_771534	20	62425139	62426597	5	-0.6571
DUNGS_p_TCGA_b84_115_SNP_N_GenomeWideSNP_6_A05_771534	21	9758742	46921385	24434	0.0096
DUNGS_p_TCGA_b84_115_SNP_N_GenomeWideSNP_6_A05_771534	22	14432528	14857054	65	-0.2302
DUNGS_p_TCGA_b84_115_SNP_N_GenomeWideSNP_6_A05_771534	22	14857516	17285117	1197	0.0045
DUNGS_p_TCGA_b84_115_SNP_N_GenomeWideSNP_6_A05_771534	22	17285591	17285606	2	-1.1862
DUNGS_p_TCGA_b84_115_SNP_N_GenomeWideSNP_6_A05_771534	22	17288641	20051720	1601	0.0446
DUNGS_p_TCGA_b84_115_SNP_N_GenomeWideSNP_6_A05_771534	22	20055998	20056099	2	1.1249
DUNGS_p_TCGA_b84_115_SNP_N_GenomeWideSNP_6_A05_771534	22	20056510	20146691	17	0.0879
DUNGS_p_TCGA_b84_115_SNP_N_GenomeWideSNP_6_A05_771534	22	20146775	20164248	7	0.7389
DUNGS_p_TCGA_b84_115_SNP_N_GenomeWideSNP_6_A05_771534	22	20170434	20798619	411	0.0443
DUNGS_p_TCGA_b84_115_SNP_N_GenomeWideSNP_6_A05_771534	22	20803918	20804613	6	-0.5758
DUNGS_p_TCGA_b84_115_SNP_N_GenomeWideSNP_6_A05_771534	22	20811498	22601745	1284	0.0372
DUNGS_p_TCGA_b84_115_SNP_N_GenomeWideSNP_6_A05_771534	22	22613016	22660218	26	-0.3477
DUNGS_p_TCGA_b84_115_SNP_N_GenomeWideSNP_6_A05_771534	22	22660269	22662933	4	-2.1237
DUNGS_p_TCGA_b84_115_SNP_N_GenomeWideSNP_6_A05_771534	22	22667307	22726814	22	0.6001
DUNGS_p_TCGA_b84_115_SNP_N_GenomeWideSNP_6_A05_771534	22	22731529	36072938	10068	0.0079
DUNGS_p_TCGA_b84_115_SNP_N_GenomeWideSNP_6_A05_771534	22	36078675	36079892	4	-0.948
DUNGS_p_TCGA_b84_115_SNP_N_GenomeWideSNP_6_A05_771534	22	36080613	37553518	738	0.0221
DUNGS_p_TCGA_b84_115_SNP_N_GenomeWideSNP_6_A05_771534	22	37556052	37557677	3	-0.574
DUNGS_p_TCGA_b84_115_SNP_N_GenomeWideSNP_6_A05_771534	22	37557991	37620866	27	0.0622
DUNGS_p_TCGA_b84_115_SNP_N_GenomeWideSNP_6_A05_771534	22	37625201	37626850	3	0.8041
DUNGS_p_TCGA_b84_115_SNP_N_GenomeWideSNP_6_A05_771534	22	37629060	37933875	152	0.0096
DUNGS_p_TCGA_b84_115_SNP_N_GenomeWideSNP_6_A05_771534	22	37934342	37938025	2	1.0734
DUNGS_p_TCGA_b84_115_SNP_N_GenomeWideSNP_6_A05_771534	22	37938026	49581321	7942	0.0133
DUNGS_p_TCGA_b84_115_SNP_N_GenomeWideSNP_6_A05_771534	X	108477	4684357	1507	0.0099
DUNGS_p_TCGA_b84_115_SNP_N_GenomeWideSNP_6_A05_771534	X	4686159	4687567	5	-0.6558
DUNGS_p_TCGA_b84_115_SNP_N_GenomeWideSNP_6_A05_771534	X	4687732	5755268	893	0.0246
DUNGS_p_TCGA_b84_115_SNP_N_GenomeWideSNP_6_A05_771534	X	5756442	5757155	3	-2.4435
DUNGS_p_TCGA_b84_115_SNP_N_GenomeWideSNP_6_A05_771534	X	5758905	47865818	26841	0.0098
DUNGS_p_TCGA_b84_115_SNP_N_GenomeWideSNP_6_A05_771534	X	47873121	47888869	3	-2.0503
DUNGS_p_TCGA_b84_115_SNP_N_GenomeWideSNP_6_A05_771534	X	47889000	154835548	55423	-0.0011
DUNGS_p_TCGA_b84_115_SNP_N_GenomeWideSNP_6_A05_771534	Y	2710438	57427647	8590	-1.1633
