Sample	Chromosome	Start	End	Num_Probes	Segment_Mean
DUNGS_p_TCGA_b84_115_SNP_N_GenomeWideSNP_6_D04_771512	1	51598	218938	20	-0.4793
DUNGS_p_TCGA_b84_115_SNP_N_GenomeWideSNP_6_D04_771512	1	219021	12781879	6518	0.0094
DUNGS_p_TCGA_b84_115_SNP_N_GenomeWideSNP_6_D04_771512	1	12781986	13257060	56	-0.3317
DUNGS_p_TCGA_b84_115_SNP_N_GenomeWideSNP_6_D04_771512	1	13257219	16026084	1831	0.0232
DUNGS_p_TCGA_b84_115_SNP_N_GenomeWideSNP_6_D04_771512	1	16026123	16054232	18	-0.4261
DUNGS_p_TCGA_b84_115_SNP_N_GenomeWideSNP_6_D04_771512	1	16062696	17055024	395	-0.0199
DUNGS_p_TCGA_b84_115_SNP_N_GenomeWideSNP_6_D04_771512	1	17062591	17197032	85	-0.2365
DUNGS_p_TCGA_b84_115_SNP_N_GenomeWideSNP_6_D04_771512	1	17198542	19459554	1651	0.0447
DUNGS_p_TCGA_b84_115_SNP_N_GenomeWideSNP_6_D04_771512	1	19476688	19476721	2	-1.0376
DUNGS_p_TCGA_b84_115_SNP_N_GenomeWideSNP_6_D04_771512	1	19476961	22170872	1670	0.0081
DUNGS_p_TCGA_b84_115_SNP_N_GenomeWideSNP_6_D04_771512	1	22173052	22230642	25	-0.4223
DUNGS_p_TCGA_b84_115_SNP_N_GenomeWideSNP_6_D04_771512	1	22230852	25455928	1907	0.0027
DUNGS_p_TCGA_b84_115_SNP_N_GenomeWideSNP_6_D04_771512	1	25465715	25477053	11	-1.868
DUNGS_p_TCGA_b84_115_SNP_N_GenomeWideSNP_6_D04_771512	1	25477645	25484039	3	-4.6994
DUNGS_p_TCGA_b84_115_SNP_N_GenomeWideSNP_6_D04_771512	1	25488883	25534799	17	-1.3708
DUNGS_p_TCGA_b84_115_SNP_N_GenomeWideSNP_6_D04_771512	1	25535897	25550949	5	-0.6366
DUNGS_p_TCGA_b84_115_SNP_N_GenomeWideSNP_6_D04_771512	1	25550964	30509960	2393	0.0095
DUNGS_p_TCGA_b84_115_SNP_N_GenomeWideSNP_6_D04_771512	1	30510942	30512383	7	-0.7163
DUNGS_p_TCGA_b84_115_SNP_N_GenomeWideSNP_6_D04_771512	1	30514083	33186718	1392	0.0141
DUNGS_p_TCGA_b84_115_SNP_N_GenomeWideSNP_6_D04_771512	1	33187656	33189491	2	-1.1011
DUNGS_p_TCGA_b84_115_SNP_N_GenomeWideSNP_6_D04_771512	1	33192997	54350688	11941	0.0262
DUNGS_p_TCGA_b84_115_SNP_N_GenomeWideSNP_6_D04_771512	1	54352600	54365844	12	0.5374
DUNGS_p_TCGA_b84_115_SNP_N_GenomeWideSNP_6_D04_771512	1	54366851	65670539	8536	0.0309
DUNGS_p_TCGA_b84_115_SNP_N_GenomeWideSNP_6_D04_771512	1	65670589	65678853	3	0.7905
DUNGS_p_TCGA_b84_115_SNP_N_GenomeWideSNP_6_D04_771512	1	65679350	72541006	4503	0.0236
DUNGS_p_TCGA_b84_115_SNP_N_GenomeWideSNP_6_D04_771512	1	72541086	72583736	47	-1.3794
DUNGS_p_TCGA_b84_115_SNP_N_GenomeWideSNP_6_D04_771512	1	72584492	81661044	5793	0.0281
DUNGS_p_TCGA_b84_115_SNP_N_GenomeWideSNP_6_D04_771512	1	81661190	81661282	5	0.9833
DUNGS_p_TCGA_b84_115_SNP_N_GenomeWideSNP_6_D04_771512	1	81661312	94109636	8076	0.0214
DUNGS_p_TCGA_b84_115_SNP_N_GenomeWideSNP_6_D04_771512	1	94110089	94114312	2	-1.1367
DUNGS_p_TCGA_b84_115_SNP_N_GenomeWideSNP_6_D04_771512	1	94115611	104023054	6243	0.0261
DUNGS_p_TCGA_b84_115_SNP_N_GenomeWideSNP_6_D04_771512	1	104023154	104060967	19	0.5654
DUNGS_p_TCGA_b84_115_SNP_N_GenomeWideSNP_6_D04_771512	1	104061555	105814899	924	0.0345
DUNGS_p_TCGA_b84_115_SNP_N_GenomeWideSNP_6_D04_771512	1	105820728	105823883	16	0.6541
DUNGS_p_TCGA_b84_115_SNP_N_GenomeWideSNP_6_D04_771512	1	105823898	108531282	1945	0.0449
DUNGS_p_TCGA_b84_115_SNP_N_GenomeWideSNP_6_D04_771512	1	108535758	108536400	2	-1.2778
DUNGS_p_TCGA_b84_115_SNP_N_GenomeWideSNP_6_D04_771512	1	108539019	111633728	1973	0.0144
DUNGS_p_TCGA_b84_115_SNP_N_GenomeWideSNP_6_D04_771512	1	111635588	111635595	3	-0.8891
DUNGS_p_TCGA_b84_115_SNP_N_GenomeWideSNP_6_D04_771512	1	111635642	112491849	726	0.0266
DUNGS_p_TCGA_b84_115_SNP_N_GenomeWideSNP_6_D04_771512	1	112497488	112498721	21	-0.553
DUNGS_p_TCGA_b84_115_SNP_N_GenomeWideSNP_6_D04_771512	1	112498736	143553915	5254	0.0207
DUNGS_p_TCGA_b84_115_SNP_N_GenomeWideSNP_6_D04_771512	1	143560896	143579717	5	0.7676
DUNGS_p_TCGA_b84_115_SNP_N_GenomeWideSNP_6_D04_771512	1	143580441	143863085	146	0.0129
DUNGS_p_TCGA_b84_115_SNP_N_GenomeWideSNP_6_D04_771512	1	143863316	143868203	13	0.6159
DUNGS_p_TCGA_b84_115_SNP_N_GenomeWideSNP_6_D04_771512	1	143868319	150827165	2645	-0.0101
DUNGS_p_TCGA_b84_115_SNP_N_GenomeWideSNP_6_D04_771512	1	150827492	150846245	18	0.4314
DUNGS_p_TCGA_b84_115_SNP_N_GenomeWideSNP_6_D04_771512	1	150846449	151028632	183	0.0329
DUNGS_p_TCGA_b84_115_SNP_N_GenomeWideSNP_6_D04_771512	1	151028670	151034883	28	0.5663
DUNGS_p_TCGA_b84_115_SNP_N_GenomeWideSNP_6_D04_771512	1	151034905	151459802	336	0.0414
DUNGS_p_TCGA_b84_115_SNP_N_GenomeWideSNP_6_D04_771512	1	151460108	151464569	5	-0.9597
DUNGS_p_TCGA_b84_115_SNP_N_GenomeWideSNP_6_D04_771512	1	151467432	167483561	11017	0.0308
DUNGS_p_TCGA_b84_115_SNP_N_GenomeWideSNP_6_D04_771512	1	167500598	167508390	7	-3.6698
DUNGS_p_TCGA_b84_115_SNP_N_GenomeWideSNP_6_D04_771512	1	167509025	173709362	3984	0.0295
DUNGS_p_TCGA_b84_115_SNP_N_GenomeWideSNP_6_D04_771512	1	173709494	173727770	16	0.4285
DUNGS_p_TCGA_b84_115_SNP_N_GenomeWideSNP_6_D04_771512	1	173727873	176926556	2061	0.0458
DUNGS_p_TCGA_b84_115_SNP_N_GenomeWideSNP_6_D04_771512	1	176926632	176929291	17	-0.3435
DUNGS_p_TCGA_b84_115_SNP_N_GenomeWideSNP_6_D04_771512	1	176932481	208137685	21063	0.0214
DUNGS_p_TCGA_b84_115_SNP_N_GenomeWideSNP_6_D04_771512	1	208148236	208150607	3	-1.8142
DUNGS_p_TCGA_b84_115_SNP_N_GenomeWideSNP_6_D04_771512	1	208153175	220433291	8626	0.0299
DUNGS_p_TCGA_b84_115_SNP_N_GenomeWideSNP_6_D04_771512	1	220441457	220443627	2	-1.6903
DUNGS_p_TCGA_b84_115_SNP_N_GenomeWideSNP_6_D04_771512	1	220448757	240153642	13948	0.0152
DUNGS_p_TCGA_b84_115_SNP_N_GenomeWideSNP_6_D04_771512	1	240153799	240254459	42	-0.3308
DUNGS_p_TCGA_b84_115_SNP_N_GenomeWideSNP_6_D04_771512	1	240257353	241105182	673	0.0084
DUNGS_p_TCGA_b84_115_SNP_N_GenomeWideSNP_6_D04_771512	1	241106391	241335029	103	-0.3179
DUNGS_p_TCGA_b84_115_SNP_N_GenomeWideSNP_6_D04_771512	1	241335582	244888066	2411	0.0173
DUNGS_p_TCGA_b84_115_SNP_N_GenomeWideSNP_6_D04_771512	1	244890480	244965821	45	-0.447
DUNGS_p_TCGA_b84_115_SNP_N_GenomeWideSNP_6_D04_771512	1	244973829	246645274	1080	-0.0064
DUNGS_p_TCGA_b84_115_SNP_N_GenomeWideSNP_6_D04_771512	1	246645839	246672375	11	0.6325
DUNGS_p_TCGA_b84_115_SNP_N_GenomeWideSNP_6_D04_771512	1	246676679	246791857	36	0.1049
DUNGS_p_TCGA_b84_115_SNP_N_GenomeWideSNP_6_D04_771512	1	246802698	246861912	32	-0.7894
DUNGS_p_TCGA_b84_115_SNP_N_GenomeWideSNP_6_D04_771512	1	246862475	247191011	147	0.0707
DUNGS_p_TCGA_b84_115_SNP_N_GenomeWideSNP_6_D04_771512	2	2784	174689	99	0.0656
DUNGS_p_TCGA_b84_115_SNP_N_GenomeWideSNP_6_D04_771512	2	174772	206376	25	-0.3669
DUNGS_p_TCGA_b84_115_SNP_N_GenomeWideSNP_6_D04_771512	2	209558	4183562	2867	0.0437
DUNGS_p_TCGA_b84_115_SNP_N_GenomeWideSNP_6_D04_771512	2	4191739	4201442	38	-0.638
DUNGS_p_TCGA_b84_115_SNP_N_GenomeWideSNP_6_D04_771512	2	4201570	7534206	2889	0.0183
DUNGS_p_TCGA_b84_115_SNP_N_GenomeWideSNP_6_D04_771512	2	7535558	7555413	11	-0.5819
DUNGS_p_TCGA_b84_115_SNP_N_GenomeWideSNP_6_D04_771512	2	7556169	17251753	7086	0.0241
DUNGS_p_TCGA_b84_115_SNP_N_GenomeWideSNP_6_D04_771512	2	17259548	17259710	2	1.1979
DUNGS_p_TCGA_b84_115_SNP_N_GenomeWideSNP_6_D04_771512	2	17260029	24446904	4938	0.0291
DUNGS_p_TCGA_b84_115_SNP_N_GenomeWideSNP_6_D04_771512	2	24448832	24473006	44	-0.3587
DUNGS_p_TCGA_b84_115_SNP_N_GenomeWideSNP_6_D04_771512	2	24473356	29466718	2656	-0.0012
DUNGS_p_TCGA_b84_115_SNP_N_GenomeWideSNP_6_D04_771512	2	29468915	29468923	2	-1.0767
DUNGS_p_TCGA_b84_115_SNP_N_GenomeWideSNP_6_D04_771512	2	29469517	34373977	3382	0.0142
DUNGS_p_TCGA_b84_115_SNP_N_GenomeWideSNP_6_D04_771512	2	34377482	34379084	2	-2.5083
DUNGS_p_TCGA_b84_115_SNP_N_GenomeWideSNP_6_D04_771512	2	34379471	34544573	95	-0.0439
DUNGS_p_TCGA_b84_115_SNP_N_GenomeWideSNP_6_D04_771512	2	34552819	34562154	8	-2.73
DUNGS_p_TCGA_b84_115_SNP_N_GenomeWideSNP_6_D04_771512	2	34564232	34571412	21	-1.6277
DUNGS_p_TCGA_b84_115_SNP_N_GenomeWideSNP_6_D04_771512	2	34571478	34590561	17	-3.2825
DUNGS_p_TCGA_b84_115_SNP_N_GenomeWideSNP_6_D04_771512	2	34590667	35820889	876	0.0266
DUNGS_p_TCGA_b84_115_SNP_N_GenomeWideSNP_6_D04_771512	2	35821540	35841451	9	0.6659
DUNGS_p_TCGA_b84_115_SNP_N_GenomeWideSNP_6_D04_771512	2	35850977	53527427	12966	0.0223
DUNGS_p_TCGA_b84_115_SNP_N_GenomeWideSNP_6_D04_771512	2	53527579	53528203	2	-1.2893
DUNGS_p_TCGA_b84_115_SNP_N_GenomeWideSNP_6_D04_771512	2	53528344	71761825	11898	0.0222
DUNGS_p_TCGA_b84_115_SNP_N_GenomeWideSNP_6_D04_771512	2	71763330	71765513	2	-1.2458
DUNGS_p_TCGA_b84_115_SNP_N_GenomeWideSNP_6_D04_771512	2	71767946	75228687	1852	0.0121
DUNGS_p_TCGA_b84_115_SNP_N_GenomeWideSNP_6_D04_771512	2	75235185	75235304	5	-0.8765
DUNGS_p_TCGA_b84_115_SNP_N_GenomeWideSNP_6_D04_771512	2	75235345	77846555	1858	0.0224
DUNGS_p_TCGA_b84_115_SNP_N_GenomeWideSNP_6_D04_771512	2	77846725	77846740	2	-1.2808
DUNGS_p_TCGA_b84_115_SNP_N_GenomeWideSNP_6_D04_771512	2	77849886	82916345	3354	0.0342
DUNGS_p_TCGA_b84_115_SNP_N_GenomeWideSNP_6_D04_771512	2	82917682	82919371	3	-1.1144
DUNGS_p_TCGA_b84_115_SNP_N_GenomeWideSNP_6_D04_771512	2	82921932	91515338	3453	-0.004
DUNGS_p_TCGA_b84_115_SNP_N_GenomeWideSNP_6_D04_771512	2	91517052	91669511	23	-0.4153
DUNGS_p_TCGA_b84_115_SNP_N_GenomeWideSNP_6_D04_771512	2	94691614	146578555	30486	0.0236
DUNGS_p_TCGA_b84_115_SNP_N_GenomeWideSNP_6_D04_771512	2	146580874	146583404	24	-1.8842
DUNGS_p_TCGA_b84_115_SNP_N_GenomeWideSNP_6_D04_771512	2	146594276	179769900	20314	0.016
DUNGS_p_TCGA_b84_115_SNP_N_GenomeWideSNP_6_D04_771512	2	179775437	179784908	2	0.9816
DUNGS_p_TCGA_b84_115_SNP_N_GenomeWideSNP_6_D04_771512	2	179787389	182761903	1968	0.0222
DUNGS_p_TCGA_b84_115_SNP_N_GenomeWideSNP_6_D04_771512	2	182763240	182767445	5	-0.856
DUNGS_p_TCGA_b84_115_SNP_N_GenomeWideSNP_6_D04_771512	2	182774179	184277315	888	0.0079
DUNGS_p_TCGA_b84_115_SNP_N_GenomeWideSNP_6_D04_771512	2	184279555	184280035	5	0.5969
DUNGS_p_TCGA_b84_115_SNP_N_GenomeWideSNP_6_D04_771512	2	184282020	184827136	346	0.0015
DUNGS_p_TCGA_b84_115_SNP_N_GenomeWideSNP_6_D04_771512	2	184827418	184829023	8	-1.1645
DUNGS_p_TCGA_b84_115_SNP_N_GenomeWideSNP_6_D04_771512	2	184833234	186299802	854	0.0284
DUNGS_p_TCGA_b84_115_SNP_N_GenomeWideSNP_6_D04_771512	2	186302117	186302600	2	-1.2616
DUNGS_p_TCGA_b84_115_SNP_N_GenomeWideSNP_6_D04_771512	2	186307460	197405980	6250	0.0194
DUNGS_p_TCGA_b84_115_SNP_N_GenomeWideSNP_6_D04_771512	2	197409206	197412293	2	-1.7168
DUNGS_p_TCGA_b84_115_SNP_N_GenomeWideSNP_6_D04_771512	2	197416957	203605142	3487	0.0043
DUNGS_p_TCGA_b84_115_SNP_N_GenomeWideSNP_6_D04_771512	2	203608045	203610291	3	-1.1477
DUNGS_p_TCGA_b84_115_SNP_N_GenomeWideSNP_6_D04_771512	2	203612385	208058999	2892	0.0189
DUNGS_p_TCGA_b84_115_SNP_N_GenomeWideSNP_6_D04_771512	2	208063157	208067581	18	-0.9296
DUNGS_p_TCGA_b84_115_SNP_N_GenomeWideSNP_6_D04_771512	2	208067721	232089542	15495	0.007
DUNGS_p_TCGA_b84_115_SNP_N_GenomeWideSNP_6_D04_771512	2	232094885	232199599	63	-0.2467
DUNGS_p_TCGA_b84_115_SNP_N_GenomeWideSNP_6_D04_771512	2	232203382	242125660	6402	0.0257
DUNGS_p_TCGA_b84_115_SNP_N_GenomeWideSNP_6_D04_771512	2	242126050	242146056	15	-0.4556
DUNGS_p_TCGA_b84_115_SNP_N_GenomeWideSNP_6_D04_771512	2	242146440	242738129	189	0.0635
DUNGS_p_TCGA_b84_115_SNP_N_GenomeWideSNP_6_D04_771512	3	35345	5054159	4519	0.0574
DUNGS_p_TCGA_b84_115_SNP_N_GenomeWideSNP_6_D04_771512	3	5059476	5115440	60	-0.2516
DUNGS_p_TCGA_b84_115_SNP_N_GenomeWideSNP_6_D04_771512	3	5118274	5509893	286	0.0511
DUNGS_p_TCGA_b84_115_SNP_N_GenomeWideSNP_6_D04_771512	3	5510582	5514114	2	-1.2298
DUNGS_p_TCGA_b84_115_SNP_N_GenomeWideSNP_6_D04_771512	3	5514588	10161657	3768	0.0334
DUNGS_p_TCGA_b84_115_SNP_N_GenomeWideSNP_6_D04_771512	3	10161998	10270847	104	-0.1873
DUNGS_p_TCGA_b84_115_SNP_N_GenomeWideSNP_6_D04_771512	3	10270883	12657763	1808	0.0277
DUNGS_p_TCGA_b84_115_SNP_N_GenomeWideSNP_6_D04_771512	3	12657783	12765859	81	-0.1935
DUNGS_p_TCGA_b84_115_SNP_N_GenomeWideSNP_6_D04_771512	3	12766212	23954307	7310	0.0358
DUNGS_p_TCGA_b84_115_SNP_N_GenomeWideSNP_6_D04_771512	3	23956433	23957332	2	-1.4618
DUNGS_p_TCGA_b84_115_SNP_N_GenomeWideSNP_6_D04_771512	3	23957334	89752705	42826	0.025
DUNGS_p_TCGA_b84_115_SNP_N_GenomeWideSNP_6_D04_771512	3	89754023	89756830	8	-0.918
DUNGS_p_TCGA_b84_115_SNP_N_GenomeWideSNP_6_D04_771512	3	89761289	100427201	3123	0.0123
DUNGS_p_TCGA_b84_115_SNP_N_GenomeWideSNP_6_D04_771512	3	100427237	100431991	32	-0.6138
DUNGS_p_TCGA_b84_115_SNP_N_GenomeWideSNP_6_D04_771512	3	100431998	111607987	6711	0.0174
DUNGS_p_TCGA_b84_115_SNP_N_GenomeWideSNP_6_D04_771512	3	111609174	111615131	3	1.0485
DUNGS_p_TCGA_b84_115_SNP_N_GenomeWideSNP_6_D04_771512	3	111615197	122774279	6954	0.0255
DUNGS_p_TCGA_b84_115_SNP_N_GenomeWideSNP_6_D04_771512	3	122776569	122872210	87	-0.2055
DUNGS_p_TCGA_b84_115_SNP_N_GenomeWideSNP_6_D04_771512	3	122872973	137614972	9138	0.0235
DUNGS_p_TCGA_b84_115_SNP_N_GenomeWideSNP_6_D04_771512	3	137615395	137615413	2	-2.4321
DUNGS_p_TCGA_b84_115_SNP_N_GenomeWideSNP_6_D04_771512	3	137625109	143317312	3384	0.0259
DUNGS_p_TCGA_b84_115_SNP_N_GenomeWideSNP_6_D04_771512	3	143328807	143539724	99	-0.1947
DUNGS_p_TCGA_b84_115_SNP_N_GenomeWideSNP_6_D04_771512	3	143545083	144767808	820	0.055
DUNGS_p_TCGA_b84_115_SNP_N_GenomeWideSNP_6_D04_771512	3	144768455	144768605	4	0.8621
DUNGS_p_TCGA_b84_115_SNP_N_GenomeWideSNP_6_D04_771512	3	144768664	151992121	4476	0.0245
DUNGS_p_TCGA_b84_115_SNP_N_GenomeWideSNP_6_D04_771512	3	151992294	152028584	28	-0.346
DUNGS_p_TCGA_b84_115_SNP_N_GenomeWideSNP_6_D04_771512	3	152029528	156968207	3115	0.0269
DUNGS_p_TCGA_b84_115_SNP_N_GenomeWideSNP_6_D04_771512	3	156968218	157008492	28	-0.3244
DUNGS_p_TCGA_b84_115_SNP_N_GenomeWideSNP_6_D04_771512	3	157009981	158826186	1122	0.0344
DUNGS_p_TCGA_b84_115_SNP_N_GenomeWideSNP_6_D04_771512	3	158828635	158829064	2	-1.099
DUNGS_p_TCGA_b84_115_SNP_N_GenomeWideSNP_6_D04_771512	3	158829556	163995433	3155	0.0267
DUNGS_p_TCGA_b84_115_SNP_N_GenomeWideSNP_6_D04_771512	3	163995786	164011324	11	0.9196
DUNGS_p_TCGA_b84_115_SNP_N_GenomeWideSNP_6_D04_771512	3	164013009	164023184	9	-1.1358
DUNGS_p_TCGA_b84_115_SNP_N_GenomeWideSNP_6_D04_771512	3	164028410	164108689	48	0.6336
DUNGS_p_TCGA_b84_115_SNP_N_GenomeWideSNP_6_D04_771512	3	164109266	164245596	106	0.0743
DUNGS_p_TCGA_b84_115_SNP_N_GenomeWideSNP_6_D04_771512	3	164246562	164250490	4	0.8096
DUNGS_p_TCGA_b84_115_SNP_N_GenomeWideSNP_6_D04_771512	3	164253536	170212874	3336	0.0188
DUNGS_p_TCGA_b84_115_SNP_N_GenomeWideSNP_6_D04_771512	3	170216096	170221322	2	1.6457
DUNGS_p_TCGA_b84_115_SNP_N_GenomeWideSNP_6_D04_771512	3	170222521	185831791	9659	0.0115
DUNGS_p_TCGA_b84_115_SNP_N_GenomeWideSNP_6_D04_771512	3	185832294	185837996	5	-0.7353
DUNGS_p_TCGA_b84_115_SNP_N_GenomeWideSNP_6_D04_771512	3	185838173	187888832	1354	-0.0112
DUNGS_p_TCGA_b84_115_SNP_N_GenomeWideSNP_6_D04_771512	3	187895555	187900465	11	-0.9973
DUNGS_p_TCGA_b84_115_SNP_N_GenomeWideSNP_6_D04_771512	3	187904564	194357441	4733	0.0221
DUNGS_p_TCGA_b84_115_SNP_N_GenomeWideSNP_6_D04_771512	3	194360596	194365597	20	-1.0801
DUNGS_p_TCGA_b84_115_SNP_N_GenomeWideSNP_6_D04_771512	3	194369129	195778059	923	0.0315
DUNGS_p_TCGA_b84_115_SNP_N_GenomeWideSNP_6_D04_771512	3	195782866	195799723	11	-0.4023
DUNGS_p_TCGA_b84_115_SNP_N_GenomeWideSNP_6_D04_771512	3	195800118	196213280	311	-0.0095
DUNGS_p_TCGA_b84_115_SNP_N_GenomeWideSNP_6_D04_771512	3	196214364	196215254	2	-1.504
DUNGS_p_TCGA_b84_115_SNP_N_GenomeWideSNP_6_D04_771512	3	196218634	199380515	1461	-0.0612
DUNGS_p_TCGA_b84_115_SNP_N_GenomeWideSNP_6_D04_771512	4	2281	8276581	4903	0.0208
DUNGS_p_TCGA_b84_115_SNP_N_GenomeWideSNP_6_D04_771512	4	8277388	8278552	3	-1.3953
DUNGS_p_TCGA_b84_115_SNP_N_GenomeWideSNP_6_D04_771512	4	8278725	9066075	348	8e-04
DUNGS_p_TCGA_b84_115_SNP_N_GenomeWideSNP_6_D04_771512	4	9070328	9088443	9	-0.9214
DUNGS_p_TCGA_b84_115_SNP_N_GenomeWideSNP_6_D04_771512	4	9095185	9107013	4	0.3352
DUNGS_p_TCGA_b84_115_SNP_N_GenomeWideSNP_6_D04_771512	4	9110492	9259696	43	-0.2269
DUNGS_p_TCGA_b84_115_SNP_N_GenomeWideSNP_6_D04_771512	4	9263088	9819488	499	0.0531
DUNGS_p_TCGA_b84_115_SNP_N_GenomeWideSNP_6_D04_771512	4	9823258	9844264	34	1.2166
DUNGS_p_TCGA_b84_115_SNP_N_GenomeWideSNP_6_D04_771512	4	9844280	9999220	172	0.0598
DUNGS_p_TCGA_b84_115_SNP_N_GenomeWideSNP_6_D04_771512	4	9999813	10011844	19	-0.6984
DUNGS_p_TCGA_b84_115_SNP_N_GenomeWideSNP_6_D04_771512	4	10011862	25111453	10978	0.0295
DUNGS_p_TCGA_b84_115_SNP_N_GenomeWideSNP_6_D04_771512	4	25111542	25117108	23	-0.3636
DUNGS_p_TCGA_b84_115_SNP_N_GenomeWideSNP_6_D04_771512	4	25120084	34455370	5813	0.0079
DUNGS_p_TCGA_b84_115_SNP_N_GenomeWideSNP_6_D04_771512	4	34455399	34501120	42	0.4964
DUNGS_p_TCGA_b84_115_SNP_N_GenomeWideSNP_6_D04_771512	4	34506267	39380592	3330	0.0098
DUNGS_p_TCGA_b84_115_SNP_N_GenomeWideSNP_6_D04_771512	4	39380804	39389728	7	-0.7844
DUNGS_p_TCGA_b84_115_SNP_N_GenomeWideSNP_6_D04_771512	4	39389883	48808852	5644	0.0133
DUNGS_p_TCGA_b84_115_SNP_N_GenomeWideSNP_6_D04_771512	4	48810738	48838020	2	-1.4954
DUNGS_p_TCGA_b84_115_SNP_N_GenomeWideSNP_6_D04_771512	4	48843591	61619533	6120	0.0156
DUNGS_p_TCGA_b84_115_SNP_N_GenomeWideSNP_6_D04_771512	4	61623530	61624547	2	-1.8767
DUNGS_p_TCGA_b84_115_SNP_N_GenomeWideSNP_6_D04_771512	4	61628281	63808138	1183	0.0143
DUNGS_p_TCGA_b84_115_SNP_N_GenomeWideSNP_6_D04_771512	4	63809024	63809059	2	1.1313
DUNGS_p_TCGA_b84_115_SNP_N_GenomeWideSNP_6_D04_771512	4	63811182	64388380	339	0.0113
DUNGS_p_TCGA_b84_115_SNP_N_GenomeWideSNP_6_D04_771512	4	64390176	64390853	8	-0.7425
DUNGS_p_TCGA_b84_115_SNP_N_GenomeWideSNP_6_D04_771512	4	64399026	69667224	2987	0.02
DUNGS_p_TCGA_b84_115_SNP_N_GenomeWideSNP_6_D04_771512	4	69669126	69673751	2	-1.1676
DUNGS_p_TCGA_b84_115_SNP_N_GenomeWideSNP_6_D04_771512	4	69674823	69780383	69	0.0884
DUNGS_p_TCGA_b84_115_SNP_N_GenomeWideSNP_6_D04_771512	4	69784339	69784377	2	-1.1138
DUNGS_p_TCGA_b84_115_SNP_N_GenomeWideSNP_6_D04_771512	4	69786737	70158099	216	0.0838
DUNGS_p_TCGA_b84_115_SNP_N_GenomeWideSNP_6_D04_771512	4	70162233	70263941	52	-0.3766
DUNGS_p_TCGA_b84_115_SNP_N_GenomeWideSNP_6_D04_771512	4	70264023	70424305	114	0.0013
DUNGS_p_TCGA_b84_115_SNP_N_GenomeWideSNP_6_D04_771512	4	70424450	70425368	2	-1.9523
DUNGS_p_TCGA_b84_115_SNP_N_GenomeWideSNP_6_D04_771512	4	70426477	104965020	20949	0.0203
DUNGS_p_TCGA_b84_115_SNP_N_GenomeWideSNP_6_D04_771512	4	104971079	104971085	4	0.785
DUNGS_p_TCGA_b84_115_SNP_N_GenomeWideSNP_6_D04_771512	4	104971086	107156517	1238	0.0172
DUNGS_p_TCGA_b84_115_SNP_N_GenomeWideSNP_6_D04_771512	4	107162376	107165884	3	-0.8058
DUNGS_p_TCGA_b84_115_SNP_N_GenomeWideSNP_6_D04_771512	4	107166354	108724083	950	0.0431
DUNGS_p_TCGA_b84_115_SNP_N_GenomeWideSNP_6_D04_771512	4	108728097	108729264	2	-1.198
DUNGS_p_TCGA_b84_115_SNP_N_GenomeWideSNP_6_D04_771512	4	108729604	115394772	4127	0.007
DUNGS_p_TCGA_b84_115_SNP_N_GenomeWideSNP_6_D04_771512	4	115394793	115401624	22	0.8831
DUNGS_p_TCGA_b84_115_SNP_N_GenomeWideSNP_6_D04_771512	4	115403678	122501423	4353	0.0162
DUNGS_p_TCGA_b84_115_SNP_N_GenomeWideSNP_6_D04_771512	4	122501918	122504585	28	-0.7625
DUNGS_p_TCGA_b84_115_SNP_N_GenomeWideSNP_6_D04_771512	4	122510581	161260754	23054	0.0194
DUNGS_p_TCGA_b84_115_SNP_N_GenomeWideSNP_6_D04_771512	4	161272224	161290239	40	-0.831
DUNGS_p_TCGA_b84_115_SNP_N_GenomeWideSNP_6_D04_771512	4	161303320	162099647	598	0.0049
DUNGS_p_TCGA_b84_115_SNP_N_GenomeWideSNP_6_D04_771512	4	162099753	162104358	17	-0.8309
DUNGS_p_TCGA_b84_115_SNP_N_GenomeWideSNP_6_D04_771512	4	162104369	189458252	18061	0.0101
DUNGS_p_TCGA_b84_115_SNP_N_GenomeWideSNP_6_D04_771512	4	189458354	189458418	3	1.5885
DUNGS_p_TCGA_b84_115_SNP_N_GenomeWideSNP_6_D04_771512	4	189458433	190701251	957	0.0236
DUNGS_p_TCGA_b84_115_SNP_N_GenomeWideSNP_6_D04_771512	4	190707508	190710851	4	-0.7416
DUNGS_p_TCGA_b84_115_SNP_N_GenomeWideSNP_6_D04_771512	4	190711278	191261904	218	0.0463
DUNGS_p_TCGA_b84_115_SNP_N_GenomeWideSNP_6_D04_771512	5	68532	2356782	1276	-0.0126
DUNGS_p_TCGA_b84_115_SNP_N_GenomeWideSNP_6_D04_771512	5	2357432	2357446	2	-1.0903
DUNGS_p_TCGA_b84_115_SNP_N_GenomeWideSNP_6_D04_771512	5	2357811	12853889	8954	0.0321
DUNGS_p_TCGA_b84_115_SNP_N_GenomeWideSNP_6_D04_771512	5	12868780	12879650	11	-1.974
DUNGS_p_TCGA_b84_115_SNP_N_GenomeWideSNP_6_D04_771512	5	12886857	13051925	57	0.0343
DUNGS_p_TCGA_b84_115_SNP_N_GenomeWideSNP_6_D04_771512	5	13058214	13067507	3	-1.5215
DUNGS_p_TCGA_b84_115_SNP_N_GenomeWideSNP_6_D04_771512	5	13068045	16570130	2464	0.0375
DUNGS_p_TCGA_b84_115_SNP_N_GenomeWideSNP_6_D04_771512	5	16570367	16575434	5	-0.7887
DUNGS_p_TCGA_b84_115_SNP_N_GenomeWideSNP_6_D04_771512	5	16577455	17083808	341	-0.0193
DUNGS_p_TCGA_b84_115_SNP_N_GenomeWideSNP_6_D04_771512	5	17086622	17121453	22	-0.3161
DUNGS_p_TCGA_b84_115_SNP_N_GenomeWideSNP_6_D04_771512	5	17121825	21481715	2652	0.0145
DUNGS_p_TCGA_b84_115_SNP_N_GenomeWideSNP_6_D04_771512	5	21481816	21488195	8	0.7867
DUNGS_p_TCGA_b84_115_SNP_N_GenomeWideSNP_6_D04_771512	5	21488253	34660547	8215	0.005
DUNGS_p_TCGA_b84_115_SNP_N_GenomeWideSNP_6_D04_771512	5	34660841	34661418	3	-0.7991
DUNGS_p_TCGA_b84_115_SNP_N_GenomeWideSNP_6_D04_771512	5	34661503	50860427	7519	0.0156
DUNGS_p_TCGA_b84_115_SNP_N_GenomeWideSNP_6_D04_771512	5	50860653	50905001	22	0.3144
DUNGS_p_TCGA_b84_115_SNP_N_GenomeWideSNP_6_D04_771512	5	50906237	52730874	1242	0.0157
DUNGS_p_TCGA_b84_115_SNP_N_GenomeWideSNP_6_D04_771512	5	52731114	52731727	2	-1.7573
DUNGS_p_TCGA_b84_115_SNP_N_GenomeWideSNP_6_D04_771512	5	52732884	57357403	3131	0.0229
DUNGS_p_TCGA_b84_115_SNP_N_GenomeWideSNP_6_D04_771512	5	57361784	57369050	30	-0.5242
DUNGS_p_TCGA_b84_115_SNP_N_GenomeWideSNP_6_D04_771512	5	57369272	68780075	7280	0.0331
DUNGS_p_TCGA_b84_115_SNP_N_GenomeWideSNP_6_D04_771512	5	68782083	70343300	52	-0.2389
DUNGS_p_TCGA_b84_115_SNP_N_GenomeWideSNP_6_D04_771512	5	70384949	76119150	3692	0.0266
DUNGS_p_TCGA_b84_115_SNP_N_GenomeWideSNP_6_D04_771512	5	76119972	76164997	29	-0.3435
DUNGS_p_TCGA_b84_115_SNP_N_GenomeWideSNP_6_D04_771512	5	76170533	78481227	1458	0.022
DUNGS_p_TCGA_b84_115_SNP_N_GenomeWideSNP_6_D04_771512	5	78486696	78552475	26	-0.3078
DUNGS_p_TCGA_b84_115_SNP_N_GenomeWideSNP_6_D04_771512	5	78552741	92017384	7548	0.0099
DUNGS_p_TCGA_b84_115_SNP_N_GenomeWideSNP_6_D04_771512	5	92017433	92021807	2	1.2903
DUNGS_p_TCGA_b84_115_SNP_N_GenomeWideSNP_6_D04_771512	5	92025622	97070877	2874	0.026
DUNGS_p_TCGA_b84_115_SNP_N_GenomeWideSNP_6_D04_771512	5	97074222	97125076	43	-0.8784
DUNGS_p_TCGA_b84_115_SNP_N_GenomeWideSNP_6_D04_771512	5	97125440	97142443	7	0.0106
DUNGS_p_TCGA_b84_115_SNP_N_GenomeWideSNP_6_D04_771512	5	97142617	97146263	4	-1.0223
DUNGS_p_TCGA_b84_115_SNP_N_GenomeWideSNP_6_D04_771512	5	97151423	98760610	909	0.0216
DUNGS_p_TCGA_b84_115_SNP_N_GenomeWideSNP_6_D04_771512	5	98760985	98795643	9	-0.5252
DUNGS_p_TCGA_b84_115_SNP_N_GenomeWideSNP_6_D04_771512	5	98797558	99208835	229	0.0532
DUNGS_p_TCGA_b84_115_SNP_N_GenomeWideSNP_6_D04_771512	5	99209142	99209498	4	-1.0683
DUNGS_p_TCGA_b84_115_SNP_N_GenomeWideSNP_6_D04_771512	5	99209713	103879120	2727	0.0325
DUNGS_p_TCGA_b84_115_SNP_N_GenomeWideSNP_6_D04_771512	5	103888272	103888503	4	0.897
DUNGS_p_TCGA_b84_115_SNP_N_GenomeWideSNP_6_D04_771512	5	103888948	106258797	1417	0.0195
DUNGS_p_TCGA_b84_115_SNP_N_GenomeWideSNP_6_D04_771512	5	106260415	106260967	10	0.5545
DUNGS_p_TCGA_b84_115_SNP_N_GenomeWideSNP_6_D04_771512	5	106260983	117414516	7987	0.0363
DUNGS_p_TCGA_b84_115_SNP_N_GenomeWideSNP_6_D04_771512	5	117416321	117416984	11	-0.6534
DUNGS_p_TCGA_b84_115_SNP_N_GenomeWideSNP_6_D04_771512	5	117432239	140198906	13846	0.0232
DUNGS_p_TCGA_b84_115_SNP_N_GenomeWideSNP_6_D04_771512	5	140204020	140212023	10	-1.8654
DUNGS_p_TCGA_b84_115_SNP_N_GenomeWideSNP_6_D04_771512	5	140221211	151494364	7553	0.0198
DUNGS_p_TCGA_b84_115_SNP_N_GenomeWideSNP_6_D04_771512	5	151495579	151500615	16	-0.8337
DUNGS_p_TCGA_b84_115_SNP_N_GenomeWideSNP_6_D04_771512	5	151500690	171471671	13879	0.022
DUNGS_p_TCGA_b84_115_SNP_N_GenomeWideSNP_6_D04_771512	5	171472935	171558715	76	-0.2416
DUNGS_p_TCGA_b84_115_SNP_N_GenomeWideSNP_6_D04_771512	5	171558814	174076632	1929	0.0173
DUNGS_p_TCGA_b84_115_SNP_N_GenomeWideSNP_6_D04_771512	5	174078323	174120638	20	-0.4538
DUNGS_p_TCGA_b84_115_SNP_N_GenomeWideSNP_6_D04_771512	5	174121495	174367659	158	0.0259
DUNGS_p_TCGA_b84_115_SNP_N_GenomeWideSNP_6_D04_771512	5	174368627	174371849	9	-1.0108
DUNGS_p_TCGA_b84_115_SNP_N_GenomeWideSNP_6_D04_771512	5	174375839	177071481	1438	0.0014
DUNGS_p_TCGA_b84_115_SNP_N_GenomeWideSNP_6_D04_771512	5	177074687	177131055	8	-0.7027
DUNGS_p_TCGA_b84_115_SNP_N_GenomeWideSNP_6_D04_771512	5	177160157	179018851	1076	0.0068
DUNGS_p_TCGA_b84_115_SNP_N_GenomeWideSNP_6_D04_771512	5	179019100	179028742	6	-0.8561
DUNGS_p_TCGA_b84_115_SNP_N_GenomeWideSNP_6_D04_771512	5	179028849	180722926	925	-0.0309
DUNGS_p_TCGA_b84_115_SNP_N_GenomeWideSNP_6_D04_771512	6	94661	198861	99	-0.0013
DUNGS_p_TCGA_b84_115_SNP_N_GenomeWideSNP_6_D04_771512	6	199267	239725	24	-0.606
DUNGS_p_TCGA_b84_115_SNP_N_GenomeWideSNP_6_D04_771512	6	239837	326149	79	-0.2402
DUNGS_p_TCGA_b84_115_SNP_N_GenomeWideSNP_6_D04_771512	6	327559	9103624	7208	0.0251
DUNGS_p_TCGA_b84_115_SNP_N_GenomeWideSNP_6_D04_771512	6	9119775	9122876	2	-1.8246
DUNGS_p_TCGA_b84_115_SNP_N_GenomeWideSNP_6_D04_771512	6	9141797	19148098	7403	0.0114
DUNGS_p_TCGA_b84_115_SNP_N_GenomeWideSNP_6_D04_771512	6	19150160	19152681	4	-0.984
DUNGS_p_TCGA_b84_115_SNP_N_GenomeWideSNP_6_D04_771512	6	19152695	29945051	6948	0.0135
DUNGS_p_TCGA_b84_115_SNP_N_GenomeWideSNP_6_D04_771512	6	29945166	29982787	24	-0.5847
DUNGS_p_TCGA_b84_115_SNP_N_GenomeWideSNP_6_D04_771512	6	29984938	31394284	668	0.0032
DUNGS_p_TCGA_b84_115_SNP_N_GenomeWideSNP_6_D04_771512	6	31394510	31403932	6	1.2057
DUNGS_p_TCGA_b84_115_SNP_N_GenomeWideSNP_6_D04_771512	6	31403966	35864828	2346	-0.013
DUNGS_p_TCGA_b84_115_SNP_N_GenomeWideSNP_6_D04_771512	6	35864881	35865277	3	-1.0239
DUNGS_p_TCGA_b84_115_SNP_N_GenomeWideSNP_6_D04_771512	6	35877699	54039339	11989	0.028
DUNGS_p_TCGA_b84_115_SNP_N_GenomeWideSNP_6_D04_771512	6	54039378	54039814	3	-1.3923
DUNGS_p_TCGA_b84_115_SNP_N_GenomeWideSNP_6_D04_771512	6	54043307	54953644	604	0.0234
DUNGS_p_TCGA_b84_115_SNP_N_GenomeWideSNP_6_D04_771512	6	54956414	54958098	4	-0.9642
DUNGS_p_TCGA_b84_115_SNP_N_GenomeWideSNP_6_D04_771512	6	54960071	66450811	4452	0.0203
DUNGS_p_TCGA_b84_115_SNP_N_GenomeWideSNP_6_D04_771512	6	66456203	66460573	24	-0.7981
DUNGS_p_TCGA_b84_115_SNP_N_GenomeWideSNP_6_D04_771512	6	66463848	67097634	418	0.0379
DUNGS_p_TCGA_b84_115_SNP_N_GenomeWideSNP_6_D04_771512	6	67098172	67099913	6	0.6747
DUNGS_p_TCGA_b84_115_SNP_N_GenomeWideSNP_6_D04_771512	6	67099956	67733135	521	0.0064
DUNGS_p_TCGA_b84_115_SNP_N_GenomeWideSNP_6_D04_771512	6	67733163	67744916	23	0.3541
DUNGS_p_TCGA_b84_115_SNP_N_GenomeWideSNP_6_D04_771512	6	67744939	74648586	4479	0.0177
DUNGS_p_TCGA_b84_115_SNP_N_GenomeWideSNP_6_D04_771512	6	74648953	74654069	9	0.8705
DUNGS_p_TCGA_b84_115_SNP_N_GenomeWideSNP_6_D04_771512	6	74658138	77071229	1472	0.0217
DUNGS_p_TCGA_b84_115_SNP_N_GenomeWideSNP_6_D04_771512	6	77071668	77073789	8	0.6162
DUNGS_p_TCGA_b84_115_SNP_N_GenomeWideSNP_6_D04_771512	6	77073797	77485308	286	0.0291
DUNGS_p_TCGA_b84_115_SNP_N_GenomeWideSNP_6_D04_771512	6	77485918	77509392	25	0.3455
DUNGS_p_TCGA_b84_115_SNP_N_GenomeWideSNP_6_D04_771512	6	77509408	79019593	981	0.0314
DUNGS_p_TCGA_b84_115_SNP_N_GenomeWideSNP_6_D04_771512	6	79019608	79091746	112	-0.5159
DUNGS_p_TCGA_b84_115_SNP_N_GenomeWideSNP_6_D04_771512	6	79091893	145834549	42132	0.0215
DUNGS_p_TCGA_b84_115_SNP_N_GenomeWideSNP_6_D04_771512	6	145838179	145854955	16	-0.8575
DUNGS_p_TCGA_b84_115_SNP_N_GenomeWideSNP_6_D04_771512	6	145858392	170892930	17689	0.0215
DUNGS_p_TCGA_b84_115_SNP_N_GenomeWideSNP_6_D04_771512	7	52911	4640984	2528	-0.0071
DUNGS_p_TCGA_b84_115_SNP_N_GenomeWideSNP_6_D04_771512	7	4650302	4651654	4	-1.1803
DUNGS_p_TCGA_b84_115_SNP_N_GenomeWideSNP_6_D04_771512	7	4652385	5129431	214	-0.0694
DUNGS_p_TCGA_b84_115_SNP_N_GenomeWideSNP_6_D04_771512	7	5132756	5135041	3	-1.0191
DUNGS_p_TCGA_b84_115_SNP_N_GenomeWideSNP_6_D04_771512	7	5136939	6091907	402	-0.0525
DUNGS_p_TCGA_b84_115_SNP_N_GenomeWideSNP_6_D04_771512	7	6094981	6103389	7	-0.4538
DUNGS_p_TCGA_b84_115_SNP_N_GenomeWideSNP_6_D04_771512	7	6112164	6797461	285	-0.0145
DUNGS_p_TCGA_b84_115_SNP_N_GenomeWideSNP_6_D04_771512	7	6800402	6838697	12	-0.5602
DUNGS_p_TCGA_b84_115_SNP_N_GenomeWideSNP_6_D04_771512	7	6840798	41877421	26478	0.0317
DUNGS_p_TCGA_b84_115_SNP_N_GenomeWideSNP_6_D04_771512	7	41879723	41879891	2	-1.3211
DUNGS_p_TCGA_b84_115_SNP_N_GenomeWideSNP_6_D04_771512	7	41881462	54347867	8681	0.0273
DUNGS_p_TCGA_b84_115_SNP_N_GenomeWideSNP_6_D04_771512	7	54353999	54354011	6	-0.8893
DUNGS_p_TCGA_b84_115_SNP_N_GenomeWideSNP_6_D04_771512	7	54360982	56728994	1573	0.0068
DUNGS_p_TCGA_b84_115_SNP_N_GenomeWideSNP_6_D04_771512	7	56729607	56736308	3	-2.6946
DUNGS_p_TCGA_b84_115_SNP_N_GenomeWideSNP_6_D04_771512	7	56739660	66274674	2318	-0.0638
DUNGS_p_TCGA_b84_115_SNP_N_GenomeWideSNP_6_D04_771512	7	66278809	66285074	6	-0.7769
DUNGS_p_TCGA_b84_115_SNP_N_GenomeWideSNP_6_D04_771512	7	66292012	70058374	2400	-0.0156
DUNGS_p_TCGA_b84_115_SNP_N_GenomeWideSNP_6_D04_771512	7	70061186	70064077	2	-2.3698
DUNGS_p_TCGA_b84_115_SNP_N_GenomeWideSNP_6_D04_771512	7	70066179	71859102	1140	-0.0414
DUNGS_p_TCGA_b84_115_SNP_N_GenomeWideSNP_6_D04_771512	7	71862358	71901716	14	-0.4873
DUNGS_p_TCGA_b84_115_SNP_N_GenomeWideSNP_6_D04_771512	7	71903709	75186441	728	-0.0337
DUNGS_p_TCGA_b84_115_SNP_N_GenomeWideSNP_6_D04_771512	7	75189074	75192119	2	-1.2406
DUNGS_p_TCGA_b84_115_SNP_N_GenomeWideSNP_6_D04_771512	7	75192779	75212593	8	-0.3711
DUNGS_p_TCGA_b84_115_SNP_N_GenomeWideSNP_6_D04_771512	7	75214048	80962223	3666	0.0176
DUNGS_p_TCGA_b84_115_SNP_N_GenomeWideSNP_6_D04_771512	7	80963727	80968326	3	-0.8657
DUNGS_p_TCGA_b84_115_SNP_N_GenomeWideSNP_6_D04_771512	7	80973112	93461436	7984	0.0263
DUNGS_p_TCGA_b84_115_SNP_N_GenomeWideSNP_6_D04_771512	7	93475294	93475436	2	-1.1175
DUNGS_p_TCGA_b84_115_SNP_N_GenomeWideSNP_6_D04_771512	7	93475561	100748148	3856	0.0066
DUNGS_p_TCGA_b84_115_SNP_N_GenomeWideSNP_6_D04_771512	7	100748922	100914175	75	-0.3236
DUNGS_p_TCGA_b84_115_SNP_N_GenomeWideSNP_6_D04_771512	7	100915156	101888311	461	-0.0095
DUNGS_p_TCGA_b84_115_SNP_N_GenomeWideSNP_6_D04_771512	7	101889169	102124276	16	-0.3844
DUNGS_p_TCGA_b84_115_SNP_N_GenomeWideSNP_6_D04_771512	7	102124767	109224905	4579	0.01
DUNGS_p_TCGA_b84_115_SNP_N_GenomeWideSNP_6_D04_771512	7	109224909	109229015	18	-0.4359
DUNGS_p_TCGA_b84_115_SNP_N_GenomeWideSNP_6_D04_771512	7	109229045	110847643	1097	0.0496
DUNGS_p_TCGA_b84_115_SNP_N_GenomeWideSNP_6_D04_771512	7	110848020	110848021	2	-2.6312
DUNGS_p_TCGA_b84_115_SNP_N_GenomeWideSNP_6_D04_771512	7	110852528	125749708	8893	0.0245
DUNGS_p_TCGA_b84_115_SNP_N_GenomeWideSNP_6_D04_771512	7	125754259	125754914	2	-1.1226
DUNGS_p_TCGA_b84_115_SNP_N_GenomeWideSNP_6_D04_771512	7	125758691	125832210	59	0.0522
DUNGS_p_TCGA_b84_115_SNP_N_GenomeWideSNP_6_D04_771512	7	125832718	125833851	12	0.9728
DUNGS_p_TCGA_b84_115_SNP_N_GenomeWideSNP_6_D04_771512	7	125834112	127892095	1385	0.0397
DUNGS_p_TCGA_b84_115_SNP_N_GenomeWideSNP_6_D04_771512	7	127894106	128118566	61	-0.2793
DUNGS_p_TCGA_b84_115_SNP_N_GenomeWideSNP_6_D04_771512	7	128118649	133425679	3255	0.0212
DUNGS_p_TCGA_b84_115_SNP_N_GenomeWideSNP_6_D04_771512	7	133425692	133449737	45	-0.2957
DUNGS_p_TCGA_b84_115_SNP_N_GenomeWideSNP_6_D04_771512	7	133456784	141416149	5205	0.0063
DUNGS_p_TCGA_b84_115_SNP_N_GenomeWideSNP_6_D04_771512	7	141416160	141438576	40	-0.7246
DUNGS_p_TCGA_b84_115_SNP_N_GenomeWideSNP_6_D04_771512	7	141441750	142154515	451	0.1022
DUNGS_p_TCGA_b84_115_SNP_N_GenomeWideSNP_6_D04_771512	7	142156294	142165914	29	0.6213
DUNGS_p_TCGA_b84_115_SNP_N_GenomeWideSNP_6_D04_771512	7	142176424	152458453	6202	0.0032
DUNGS_p_TCGA_b84_115_SNP_N_GenomeWideSNP_6_D04_771512	7	152460839	152462083	3	-1.2401
DUNGS_p_TCGA_b84_115_SNP_N_GenomeWideSNP_6_D04_771512	7	152466772	154024104	1131	0.0181
DUNGS_p_TCGA_b84_115_SNP_N_GenomeWideSNP_6_D04_771512	7	154027040	154030546	3	0.9066
DUNGS_p_TCGA_b84_115_SNP_N_GenomeWideSNP_6_D04_771512	7	154031763	155575078	1221	0.0115
DUNGS_p_TCGA_b84_115_SNP_N_GenomeWideSNP_6_D04_771512	7	155575240	155578973	6	-0.9794
DUNGS_p_TCGA_b84_115_SNP_N_GenomeWideSNP_6_D04_771512	7	155579807	157623546	1279	0.0192
DUNGS_p_TCGA_b84_115_SNP_N_GenomeWideSNP_6_D04_771512	7	157625782	157625911	2	-1.3317
DUNGS_p_TCGA_b84_115_SNP_N_GenomeWideSNP_6_D04_771512	7	157628374	158819765	739	0.0055
DUNGS_p_TCGA_b84_115_SNP_N_GenomeWideSNP_6_D04_771512	8	21254	1347537	868	0.0587
DUNGS_p_TCGA_b84_115_SNP_N_GenomeWideSNP_6_D04_771512	8	1347729	1355115	40	-0.3466
DUNGS_p_TCGA_b84_115_SNP_N_GenomeWideSNP_6_D04_771512	8	1355423	3771595	2532	0.0213
DUNGS_p_TCGA_b84_115_SNP_N_GenomeWideSNP_6_D04_771512	8	3774468	3777514	24	-0.76
DUNGS_p_TCGA_b84_115_SNP_N_GenomeWideSNP_6_D04_771512	8	3778626	4175919	787	0.0658
DUNGS_p_TCGA_b84_115_SNP_N_GenomeWideSNP_6_D04_771512	8	4176321	4177588	5	0.819
DUNGS_p_TCGA_b84_115_SNP_N_GenomeWideSNP_6_D04_771512	8	4177720	4748397	782	0.0576
DUNGS_p_TCGA_b84_115_SNP_N_GenomeWideSNP_6_D04_771512	8	4748658	4748798	2	-1.7267
DUNGS_p_TCGA_b84_115_SNP_N_GenomeWideSNP_6_D04_771512	8	4748814	7212778	2819	0.0298
DUNGS_p_TCGA_b84_115_SNP_N_GenomeWideSNP_6_D04_771512	8	7213713	7836800	153	-0.5812
DUNGS_p_TCGA_b84_115_SNP_N_GenomeWideSNP_6_D04_771512	8	7847301	11914604	3291	0.0098
DUNGS_p_TCGA_b84_115_SNP_N_GenomeWideSNP_6_D04_771512	8	11919268	12464038	114	-0.5036
DUNGS_p_TCGA_b84_115_SNP_N_GenomeWideSNP_6_D04_771512	8	12464336	12779368	209	0.0053
DUNGS_p_TCGA_b84_115_SNP_N_GenomeWideSNP_6_D04_771512	8	12781360	12849586	51	-1.0259
DUNGS_p_TCGA_b84_115_SNP_N_GenomeWideSNP_6_D04_771512	8	12851432	18895833	5616	0.0121
DUNGS_p_TCGA_b84_115_SNP_N_GenomeWideSNP_6_D04_771512	8	18895857	18903101	26	-1.0813
DUNGS_p_TCGA_b84_115_SNP_N_GenomeWideSNP_6_D04_771512	8	18910428	23458253	3400	0.0257
DUNGS_p_TCGA_b84_115_SNP_N_GenomeWideSNP_6_D04_771512	8	23463685	23463850	6	-1.0685
DUNGS_p_TCGA_b84_115_SNP_N_GenomeWideSNP_6_D04_771512	8	23466270	25032453	1148	0.0223
DUNGS_p_TCGA_b84_115_SNP_N_GenomeWideSNP_6_D04_771512	8	25032558	25034454	4	-0.9091
DUNGS_p_TCGA_b84_115_SNP_N_GenomeWideSNP_6_D04_771512	8	25035202	39349816	9063	0.0092
DUNGS_p_TCGA_b84_115_SNP_N_GenomeWideSNP_6_D04_771512	8	39354760	39379759	11	-3.1107
DUNGS_p_TCGA_b84_115_SNP_N_GenomeWideSNP_6_D04_771512	8	39380038	39506122	48	-2.1972
DUNGS_p_TCGA_b84_115_SNP_N_GenomeWideSNP_6_D04_771512	8	39507456	39949857	268	-0.0031
DUNGS_p_TCGA_b84_115_SNP_N_GenomeWideSNP_6_D04_771512	8	39950114	39950357	2	-1.4719
DUNGS_p_TCGA_b84_115_SNP_N_GenomeWideSNP_6_D04_771512	8	39950804	43071202	2082	0.0048
DUNGS_p_TCGA_b84_115_SNP_N_GenomeWideSNP_6_D04_771512	8	43072366	43176963	38	-0.2658
DUNGS_p_TCGA_b84_115_SNP_N_GenomeWideSNP_6_D04_771512	8	43177458	51038820	2098	0.0108
DUNGS_p_TCGA_b84_115_SNP_N_GenomeWideSNP_6_D04_771512	8	51039076	51103929	49	0.2444
DUNGS_p_TCGA_b84_115_SNP_N_GenomeWideSNP_6_D04_771512	8	51104520	112360670	37547	0.0179
DUNGS_p_TCGA_b84_115_SNP_N_GenomeWideSNP_6_D04_771512	8	112363455	112363822	4	0.8323
DUNGS_p_TCGA_b84_115_SNP_N_GenomeWideSNP_6_D04_771512	8	112363846	115703730	1835	0.0075
DUNGS_p_TCGA_b84_115_SNP_N_GenomeWideSNP_6_D04_771512	8	115703829	115710907	33	-0.459
DUNGS_p_TCGA_b84_115_SNP_N_GenomeWideSNP_6_D04_771512	8	115719873	120221191	3113	0.0227
DUNGS_p_TCGA_b84_115_SNP_N_GenomeWideSNP_6_D04_771512	8	120223965	120224935	2	-1.4119
DUNGS_p_TCGA_b84_115_SNP_N_GenomeWideSNP_6_D04_771512	8	120228064	144770300	17465	0.0302
DUNGS_p_TCGA_b84_115_SNP_N_GenomeWideSNP_6_D04_771512	8	144776300	144777952	5	-1.0112
DUNGS_p_TCGA_b84_115_SNP_N_GenomeWideSNP_6_D04_771512	8	144778027	146268959	510	-0.0791
DUNGS_p_TCGA_b84_115_SNP_N_GenomeWideSNP_6_D04_771512	9	36587	23353115	20481	0.0351
DUNGS_p_TCGA_b84_115_SNP_N_GenomeWideSNP_6_D04_771512	9	23353933	23363484	7	0.6019
DUNGS_p_TCGA_b84_115_SNP_N_GenomeWideSNP_6_D04_771512	9	23368488	24480286	786	0.0339
DUNGS_p_TCGA_b84_115_SNP_N_GenomeWideSNP_6_D04_771512	9	24481936	24507682	31	0.3401
DUNGS_p_TCGA_b84_115_SNP_N_GenomeWideSNP_6_D04_771512	9	24509684	44191224	10179	0.0236
DUNGS_p_TCGA_b84_115_SNP_N_GenomeWideSNP_6_D04_771512	9	44195483	44195882	2	1.4957
DUNGS_p_TCGA_b84_115_SNP_N_GenomeWideSNP_6_D04_771512	9	44199159	46278193	133	-0.0029
DUNGS_p_TCGA_b84_115_SNP_N_GenomeWideSNP_6_D04_771512	9	46278516	46280755	3	-1.5953
DUNGS_p_TCGA_b84_115_SNP_N_GenomeWideSNP_6_D04_771512	9	46280910	67832449	114	0.0744
DUNGS_p_TCGA_b84_115_SNP_N_GenomeWideSNP_6_D04_771512	9	67832497	70211849	194	-0.1629
DUNGS_p_TCGA_b84_115_SNP_N_GenomeWideSNP_6_D04_771512	9	70217315	97412740	19441	0.0237
DUNGS_p_TCGA_b84_115_SNP_N_GenomeWideSNP_6_D04_771512	9	97416188	97416547	3	-0.9959
DUNGS_p_TCGA_b84_115_SNP_N_GenomeWideSNP_6_D04_771512	9	97416942	104555643	4684	0.0314
DUNGS_p_TCGA_b84_115_SNP_N_GenomeWideSNP_6_D04_771512	9	104555672	104557661	7	0.7131
DUNGS_p_TCGA_b84_115_SNP_N_GenomeWideSNP_6_D04_771512	9	104561873	114512051	7636	0.0164
DUNGS_p_TCGA_b84_115_SNP_N_GenomeWideSNP_6_D04_771512	9	114512312	114589368	45	-0.2782
DUNGS_p_TCGA_b84_115_SNP_N_GenomeWideSNP_6_D04_771512	9	114589850	128562633	10065	0.0372
DUNGS_p_TCGA_b84_115_SNP_N_GenomeWideSNP_6_D04_771512	9	128562908	128562971	2	-1.1581
DUNGS_p_TCGA_b84_115_SNP_N_GenomeWideSNP_6_D04_771512	9	128567378	128650240	52	-0.0206
DUNGS_p_TCGA_b84_115_SNP_N_GenomeWideSNP_6_D04_771512	9	128651913	128699773	28	-0.454
DUNGS_p_TCGA_b84_115_SNP_N_GenomeWideSNP_6_D04_771512	9	128702461	133246496	2440	0.0168
DUNGS_p_TCGA_b84_115_SNP_N_GenomeWideSNP_6_D04_771512	9	133248600	133255525	6	-1.0206
DUNGS_p_TCGA_b84_115_SNP_N_GenomeWideSNP_6_D04_771512	9	133261836	135164126	1338	0.0187
DUNGS_p_TCGA_b84_115_SNP_N_GenomeWideSNP_6_D04_771512	9	135164517	135171577	3	-1.2282
DUNGS_p_TCGA_b84_115_SNP_N_GenomeWideSNP_6_D04_771512	9	135171669	135941618	483	0.0182
DUNGS_p_TCGA_b84_115_SNP_N_GenomeWideSNP_6_D04_771512	9	135942400	135953280	7	-0.5367
DUNGS_p_TCGA_b84_115_SNP_N_GenomeWideSNP_6_D04_771512	9	135953974	139339689	1385	0.0347
DUNGS_p_TCGA_b84_115_SNP_N_GenomeWideSNP_6_D04_771512	9	139347976	139410667	30	-0.3169
DUNGS_p_TCGA_b84_115_SNP_N_GenomeWideSNP_6_D04_771512	9	139410852	140138244	383	-0.0137
DUNGS_p_TCGA_b84_115_SNP_N_GenomeWideSNP_6_D04_771512	9	140138314	140191348	15	-0.7551
DUNGS_p_TCGA_b84_115_SNP_N_GenomeWideSNP_6_D04_771512	9	140191761	140211215	6	-0.1865
DUNGS_p_TCGA_b84_115_SNP_N_GenomeWideSNP_6_D04_771512	10	62759	489573	237	0.0598
DUNGS_p_TCGA_b84_115_SNP_N_GenomeWideSNP_6_D04_771512	10	490786	546753	48	-0.2307
DUNGS_p_TCGA_b84_115_SNP_N_GenomeWideSNP_6_D04_771512	10	549266	12131522	9917	0.0245
DUNGS_p_TCGA_b84_115_SNP_N_GenomeWideSNP_6_D04_771512	10	12136427	12194839	25	-0.3949
DUNGS_p_TCGA_b84_115_SNP_N_GenomeWideSNP_6_D04_771512	10	12194967	13089891	723	0.0024
DUNGS_p_TCGA_b84_115_SNP_N_GenomeWideSNP_6_D04_771512	10	13090011	13090176	5	-1.1319
DUNGS_p_TCGA_b84_115_SNP_N_GenomeWideSNP_6_D04_771512	10	13090434	15024095	1776	0.0084
DUNGS_p_TCGA_b84_115_SNP_N_GenomeWideSNP_6_D04_771512	10	15025308	15106494	39	-0.2293
DUNGS_p_TCGA_b84_115_SNP_N_GenomeWideSNP_6_D04_771512	10	15110151	24412311	6492	0.0034
DUNGS_p_TCGA_b84_115_SNP_N_GenomeWideSNP_6_D04_771512	10	24412763	24420704	20	-0.4319
DUNGS_p_TCGA_b84_115_SNP_N_GenomeWideSNP_6_D04_771512	10	24420868	35206633	7703	0.0104
DUNGS_p_TCGA_b84_115_SNP_N_GenomeWideSNP_6_D04_771512	10	35207177	35355607	86	-0.2439
DUNGS_p_TCGA_b84_115_SNP_N_GenomeWideSNP_6_D04_771512	10	35356013	45535772	4525	0.0206
DUNGS_p_TCGA_b84_115_SNP_N_GenomeWideSNP_6_D04_771512	10	45545383	46111486	19	-0.3968
DUNGS_p_TCGA_b84_115_SNP_N_GenomeWideSNP_6_D04_771512	10	46337321	46352201	4	-1.6691
DUNGS_p_TCGA_b84_115_SNP_N_GenomeWideSNP_6_D04_771512	10	46363383	46457573	70	-0.5258
DUNGS_p_TCGA_b84_115_SNP_N_GenomeWideSNP_6_D04_771512	10	46461472	46487487	34	-0.1638
DUNGS_p_TCGA_b84_115_SNP_N_GenomeWideSNP_6_D04_771512	10	46488233	46812338	64	-0.5063
DUNGS_p_TCGA_b84_115_SNP_N_GenomeWideSNP_6_D04_771512	10	46821347	48457816	491	0.0232
DUNGS_p_TCGA_b84_115_SNP_N_GenomeWideSNP_6_D04_771512	10	48460633	48962469	23	-0.4114
DUNGS_p_TCGA_b84_115_SNP_N_GenomeWideSNP_6_D04_771512	10	48962488	51305629	1416	0.0502
DUNGS_p_TCGA_b84_115_SNP_N_GenomeWideSNP_6_D04_771512	10	51311823	51450053	13	-0.667
DUNGS_p_TCGA_b84_115_SNP_N_GenomeWideSNP_6_D04_771512	10	51450615	56350283	3683	0.0195
DUNGS_p_TCGA_b84_115_SNP_N_GenomeWideSNP_6_D04_771512	10	56353096	56359513	4	0.7715
DUNGS_p_TCGA_b84_115_SNP_N_GenomeWideSNP_6_D04_771512	10	56359760	66976164	7372	0.0295
DUNGS_p_TCGA_b84_115_SNP_N_GenomeWideSNP_6_D04_771512	10	66976282	66984452	29	-0.4886
DUNGS_p_TCGA_b84_115_SNP_N_GenomeWideSNP_6_D04_771512	10	66992801	70447719	2215	0.0136
DUNGS_p_TCGA_b84_115_SNP_N_GenomeWideSNP_6_D04_771512	10	70447779	70451497	3	-0.9563
DUNGS_p_TCGA_b84_115_SNP_N_GenomeWideSNP_6_D04_771512	10	70453081	81756652	7151	0.0301
DUNGS_p_TCGA_b84_115_SNP_N_GenomeWideSNP_6_D04_771512	10	81757143	81875894	67	-0.2358
DUNGS_p_TCGA_b84_115_SNP_N_GenomeWideSNP_6_D04_771512	10	81876025	94331770	8626	0.0227
DUNGS_p_TCGA_b84_115_SNP_N_GenomeWideSNP_6_D04_771512	10	94332656	94351574	5	-0.8287
DUNGS_p_TCGA_b84_115_SNP_N_GenomeWideSNP_6_D04_771512	10	94355005	96859053	1488	0.0102
DUNGS_p_TCGA_b84_115_SNP_N_GenomeWideSNP_6_D04_771512	10	96859064	96859696	5	-1.0392
DUNGS_p_TCGA_b84_115_SNP_N_GenomeWideSNP_6_D04_771512	10	96865704	124333941	18868	0.0212
DUNGS_p_TCGA_b84_115_SNP_N_GenomeWideSNP_6_D04_771512	10	124334099	124341003	6	-1.331
DUNGS_p_TCGA_b84_115_SNP_N_GenomeWideSNP_6_D04_771512	10	124346802	135356694	7927	0.0363
DUNGS_p_TCGA_b84_115_SNP_N_GenomeWideSNP_6_D04_771512	11	188510	4232709	1807	0.0117
DUNGS_p_TCGA_b84_115_SNP_N_GenomeWideSNP_6_D04_771512	11	4252332	4309557	16	-0.5563
DUNGS_p_TCGA_b84_115_SNP_N_GenomeWideSNP_6_D04_771512	11	4315385	4683016	382	0.0488
DUNGS_p_TCGA_b84_115_SNP_N_GenomeWideSNP_6_D04_771512	11	4683194	4683467	5	-0.7516
DUNGS_p_TCGA_b84_115_SNP_N_GenomeWideSNP_6_D04_771512	11	4685710	9195314	3620	0.0406
DUNGS_p_TCGA_b84_115_SNP_N_GenomeWideSNP_6_D04_771512	11	9197795	9424516	95	-0.1772
DUNGS_p_TCGA_b84_115_SNP_N_GenomeWideSNP_6_D04_771512	11	9425373	15836453	4866	0.0394
DUNGS_p_TCGA_b84_115_SNP_N_GenomeWideSNP_6_D04_771512	11	15836525	15836788	2	1.1928
DUNGS_p_TCGA_b84_115_SNP_N_GenomeWideSNP_6_D04_771512	11	15838186	18897446	1981	0.0195
DUNGS_p_TCGA_b84_115_SNP_N_GenomeWideSNP_6_D04_771512	11	18905648	18918498	55	0.7204
DUNGS_p_TCGA_b84_115_SNP_N_GenomeWideSNP_6_D04_771512	11	18918511	31925200	9424	0.0281
DUNGS_p_TCGA_b84_115_SNP_N_GenomeWideSNP_6_D04_771512	11	31929058	31934913	7	-0.7147
DUNGS_p_TCGA_b84_115_SNP_N_GenomeWideSNP_6_D04_771512	11	31935887	48667009	11262	0.0234
DUNGS_p_TCGA_b84_115_SNP_N_GenomeWideSNP_6_D04_771512	11	48670651	48849438	47	-0.333
DUNGS_p_TCGA_b84_115_SNP_N_GenomeWideSNP_6_D04_771512	11	48849766	49667437	350	0.0066
DUNGS_p_TCGA_b84_115_SNP_N_GenomeWideSNP_6_D04_771512	11	49670283	49714247	18	-0.8414
DUNGS_p_TCGA_b84_115_SNP_N_GenomeWideSNP_6_D04_771512	11	49714343	50480585	351	-0.0184
DUNGS_p_TCGA_b84_115_SNP_N_GenomeWideSNP_6_D04_771512	11	50529802	51033319	31	-0.4275
DUNGS_p_TCGA_b84_115_SNP_N_GenomeWideSNP_6_D04_771512	11	51040151	51051627	5	-2.0302
DUNGS_p_TCGA_b84_115_SNP_N_GenomeWideSNP_6_D04_771512	11	51061717	55132856	384	0.0123
DUNGS_p_TCGA_b84_115_SNP_N_GenomeWideSNP_6_D04_771512	11	55133074	55209585	51	0.5115
DUNGS_p_TCGA_b84_115_SNP_N_GenomeWideSNP_6_D04_771512	11	55210152	60722052	3410	0.0323
DUNGS_p_TCGA_b84_115_SNP_N_GenomeWideSNP_6_D04_771512	11	60741036	60772382	3	-1.1087
DUNGS_p_TCGA_b84_115_SNP_N_GenomeWideSNP_6_D04_771512	11	60772824	88035811	15893	0.0198
DUNGS_p_TCGA_b84_115_SNP_N_GenomeWideSNP_6_D04_771512	11	88035926	88036115	2	-1.6527
DUNGS_p_TCGA_b84_115_SNP_N_GenomeWideSNP_6_D04_771512	11	88036598	101099579	9369	0.0245
DUNGS_p_TCGA_b84_115_SNP_N_GenomeWideSNP_6_D04_771512	11	101099594	101103174	5	0.7824
DUNGS_p_TCGA_b84_115_SNP_N_GenomeWideSNP_6_D04_771512	11	101103422	134449982	23798	0.0306
DUNGS_p_TCGA_b84_115_SNP_N_GenomeWideSNP_6_D04_771512	12	20703	2106150	1268	-0.0139
DUNGS_p_TCGA_b84_115_SNP_N_GenomeWideSNP_6_D04_771512	12	2116123	2128181	41	-0.8741
DUNGS_p_TCGA_b84_115_SNP_N_GenomeWideSNP_6_D04_771512	12	2128284	8200700	4234	0.0287
DUNGS_p_TCGA_b84_115_SNP_N_GenomeWideSNP_6_D04_771512	12	8200974	8475939	103	-0.2086
DUNGS_p_TCGA_b84_115_SNP_N_GenomeWideSNP_6_D04_771512	12	8486161	33192673	17253	0.0148
DUNGS_p_TCGA_b84_115_SNP_N_GenomeWideSNP_6_D04_771512	12	33192693	33199627	27	0.4775
DUNGS_p_TCGA_b84_115_SNP_N_GenomeWideSNP_6_D04_771512	12	33199654	36273993	845	0.0018
DUNGS_p_TCGA_b84_115_SNP_N_GenomeWideSNP_6_D04_771512	12	36298834	36339828	8	-0.869
DUNGS_p_TCGA_b84_115_SNP_N_GenomeWideSNP_6_D04_771512	12	36339901	44185663	4776	0.0239
DUNGS_p_TCGA_b84_115_SNP_N_GenomeWideSNP_6_D04_771512	12	44185771	44195804	6	0.9309
DUNGS_p_TCGA_b84_115_SNP_N_GenomeWideSNP_6_D04_771512	12	44199559	82687318	23676	0.0171
DUNGS_p_TCGA_b84_115_SNP_N_GenomeWideSNP_6_D04_771512	12	82687421	82689410	4	-1.5797
DUNGS_p_TCGA_b84_115_SNP_N_GenomeWideSNP_6_D04_771512	12	82689410	89007478	3631	0.0098
DUNGS_p_TCGA_b84_115_SNP_N_GenomeWideSNP_6_D04_771512	12	89007481	89016111	5	0.7614
DUNGS_p_TCGA_b84_115_SNP_N_GenomeWideSNP_6_D04_771512	12	89016125	98335179	6509	0.0102
DUNGS_p_TCGA_b84_115_SNP_N_GenomeWideSNP_6_D04_771512	12	98335189	98335690	2	-1.2457
DUNGS_p_TCGA_b84_115_SNP_N_GenomeWideSNP_6_D04_771512	12	98340573	110670744	7908	0.014
DUNGS_p_TCGA_b84_115_SNP_N_GenomeWideSNP_6_D04_771512	12	110673896	110743739	32	-0.3725
DUNGS_p_TCGA_b84_115_SNP_N_GenomeWideSNP_6_D04_771512	12	110744005	111321742	233	0.0052
DUNGS_p_TCGA_b84_115_SNP_N_GenomeWideSNP_6_D04_771512	12	111324682	111329369	3	-1.1777
DUNGS_p_TCGA_b84_115_SNP_N_GenomeWideSNP_6_D04_771512	12	111342156	127794839	11504	0.0086
DUNGS_p_TCGA_b84_115_SNP_N_GenomeWideSNP_6_D04_771512	12	127796466	127798498	7	-1.0379
DUNGS_p_TCGA_b84_115_SNP_N_GenomeWideSNP_6_D04_771512	12	127799941	129243200	1304	0.0242
DUNGS_p_TCGA_b84_115_SNP_N_GenomeWideSNP_6_D04_771512	12	129244848	129246128	4	-0.9453
DUNGS_p_TCGA_b84_115_SNP_N_GenomeWideSNP_6_D04_771512	12	129246390	130583452	1092	0.0487
DUNGS_p_TCGA_b84_115_SNP_N_GenomeWideSNP_6_D04_771512	12	130588160	130588353	3	-0.9014
DUNGS_p_TCGA_b84_115_SNP_N_GenomeWideSNP_6_D04_771512	12	130588514	130686200	96	-0.019
DUNGS_p_TCGA_b84_115_SNP_N_GenomeWideSNP_6_D04_771512	12	130686539	130699288	15	-0.6025
DUNGS_p_TCGA_b84_115_SNP_N_GenomeWideSNP_6_D04_771512	12	130708284	132288262	572	-0.0416
DUNGS_p_TCGA_b84_115_SNP_N_GenomeWideSNP_6_D04_771512	13	17924949	19236601	667	-0.028
DUNGS_p_TCGA_b84_115_SNP_N_GenomeWideSNP_6_D04_771512	13	19237092	19405957	84	-0.3185
DUNGS_p_TCGA_b84_115_SNP_N_GenomeWideSNP_6_D04_771512	13	19407959	28927818	7022	0.01
DUNGS_p_TCGA_b84_115_SNP_N_GenomeWideSNP_6_D04_771512	13	28929562	28931228	2	-1.3782
DUNGS_p_TCGA_b84_115_SNP_N_GenomeWideSNP_6_D04_771512	13	28934193	36969135	5806	0.0188
DUNGS_p_TCGA_b84_115_SNP_N_GenomeWideSNP_6_D04_771512	13	36970036	36982757	16	-0.4075
DUNGS_p_TCGA_b84_115_SNP_N_GenomeWideSNP_6_D04_771512	13	36986330	49033464	8330	0.0208
DUNGS_p_TCGA_b84_115_SNP_N_GenomeWideSNP_6_D04_771512	13	49036310	49039346	3	-1.0228
DUNGS_p_TCGA_b84_115_SNP_N_GenomeWideSNP_6_D04_771512	13	49039363	49092845	39	0.0324
DUNGS_p_TCGA_b84_115_SNP_N_GenomeWideSNP_6_D04_771512	13	49093883	49094833	2	-1.9389
DUNGS_p_TCGA_b84_115_SNP_N_GenomeWideSNP_6_D04_771512	13	49101764	68140256	11123	0.0337
DUNGS_p_TCGA_b84_115_SNP_N_GenomeWideSNP_6_D04_771512	13	68146300	68147482	7	-1.1076
DUNGS_p_TCGA_b84_115_SNP_N_GenomeWideSNP_6_D04_771512	13	68148780	68157215	11	-0.189
DUNGS_p_TCGA_b84_115_SNP_N_GenomeWideSNP_6_D04_771512	13	68157273	68166243	21	-0.866
DUNGS_p_TCGA_b84_115_SNP_N_GenomeWideSNP_6_D04_771512	13	68167120	94733770	17540	0.013
DUNGS_p_TCGA_b84_115_SNP_N_GenomeWideSNP_6_D04_771512	13	94734859	94840310	79	-0.2582
DUNGS_p_TCGA_b84_115_SNP_N_GenomeWideSNP_6_D04_771512	13	94841065	99482433	2942	0.01
DUNGS_p_TCGA_b84_115_SNP_N_GenomeWideSNP_6_D04_771512	13	99483587	99519627	13	-0.5318
DUNGS_p_TCGA_b84_115_SNP_N_GenomeWideSNP_6_D04_771512	13	99522517	114126499	10674	0.0304
DUNGS_p_TCGA_b84_115_SNP_N_GenomeWideSNP_6_D04_771512	14	18072124	19488797	185	-0.2333
DUNGS_p_TCGA_b84_115_SNP_N_GenomeWideSNP_6_D04_771512	14	19489099	23548734	2764	0.0547
DUNGS_p_TCGA_b84_115_SNP_N_GenomeWideSNP_6_D04_771512	14	23549227	23549549	4	-0.8948
DUNGS_p_TCGA_b84_115_SNP_N_GenomeWideSNP_6_D04_771512	14	23554299	30336873	4184	0.0326
DUNGS_p_TCGA_b84_115_SNP_N_GenomeWideSNP_6_D04_771512	14	30337118	30338169	4	-0.8734
DUNGS_p_TCGA_b84_115_SNP_N_GenomeWideSNP_6_D04_771512	14	30340835	45614792	9564	0.0214
DUNGS_p_TCGA_b84_115_SNP_N_GenomeWideSNP_6_D04_771512	14	45622909	45623160	2	-1.2426
DUNGS_p_TCGA_b84_115_SNP_N_GenomeWideSNP_6_D04_771512	14	45623217	69535455	15311	0.0188
DUNGS_p_TCGA_b84_115_SNP_N_GenomeWideSNP_6_D04_771512	14	69537411	69538073	2	-1.1471
DUNGS_p_TCGA_b84_115_SNP_N_GenomeWideSNP_6_D04_771512	14	69538873	73065527	2351	0.0247
DUNGS_p_TCGA_b84_115_SNP_N_GenomeWideSNP_6_D04_771512	14	73070876	73099653	10	-1.6237
DUNGS_p_TCGA_b84_115_SNP_N_GenomeWideSNP_6_D04_771512	14	73099668	73120017	9	-0.3985
DUNGS_p_TCGA_b84_115_SNP_N_GenomeWideSNP_6_D04_771512	14	73126076	105606340	20827	0.0228
DUNGS_p_TCGA_b84_115_SNP_N_GenomeWideSNP_6_D04_771512	14	105609107	105618359	4	-0.9006
DUNGS_p_TCGA_b84_115_SNP_N_GenomeWideSNP_6_D04_771512	14	105618552	105632486	9	-2.9439
DUNGS_p_TCGA_b84_115_SNP_N_GenomeWideSNP_6_D04_771512	14	105638145	105848388	102	0.0438
DUNGS_p_TCGA_b84_115_SNP_N_GenomeWideSNP_6_D04_771512	14	105854089	105873098	8	1.0965
DUNGS_p_TCGA_b84_115_SNP_N_GenomeWideSNP_6_D04_771512	14	105886988	106224218	218	0.0942
DUNGS_p_TCGA_b84_115_SNP_N_GenomeWideSNP_6_D04_771512	14	106231370	106231806	4	-0.8489
DUNGS_p_TCGA_b84_115_SNP_N_GenomeWideSNP_6_D04_771512	14	106231913	106356482	86	0.1606
DUNGS_p_TCGA_b84_115_SNP_N_GenomeWideSNP_6_D04_771512	15	18276341	18370264	18	-0.0666
DUNGS_p_TCGA_b84_115_SNP_N_GenomeWideSNP_6_D04_771512	15	18372288	18401307	7	-0.4869
DUNGS_p_TCGA_b84_115_SNP_N_GenomeWideSNP_6_D04_771512	15	18401971	18841469	78	0.0791
DUNGS_p_TCGA_b84_115_SNP_N_GenomeWideSNP_6_D04_771512	15	18841576	18850041	15	0.7346
DUNGS_p_TCGA_b84_115_SNP_N_GenomeWideSNP_6_D04_771512	15	18850056	19438545	163	0.0363
DUNGS_p_TCGA_b84_115_SNP_N_GenomeWideSNP_6_D04_771512	15	19451059	19456767	3	-1.4524
DUNGS_p_TCGA_b84_115_SNP_N_GenomeWideSNP_6_D04_771512	15	19456870	19533677	15	-0.1936
DUNGS_p_TCGA_b84_115_SNP_N_GenomeWideSNP_6_D04_771512	15	19535709	19537879	2	-1.6518
DUNGS_p_TCGA_b84_115_SNP_N_GenomeWideSNP_6_D04_771512	15	19540343	19874434	34	-0.1903
DUNGS_p_TCGA_b84_115_SNP_N_GenomeWideSNP_6_D04_771512	15	19876969	19882775	5	0.717
DUNGS_p_TCGA_b84_115_SNP_N_GenomeWideSNP_6_D04_771512	15	19884565	21609892	713	-0.0791
DUNGS_p_TCGA_b84_115_SNP_N_GenomeWideSNP_6_D04_771512	15	21609913	21610186	4	-0.8619
DUNGS_p_TCGA_b84_115_SNP_N_GenomeWideSNP_6_D04_771512	15	21610400	22019513	286	0.029
DUNGS_p_TCGA_b84_115_SNP_N_GenomeWideSNP_6_D04_771512	15	22019553	22065947	24	0.3445
DUNGS_p_TCGA_b84_115_SNP_N_GenomeWideSNP_6_D04_771512	15	22066222	28173703	3736	0.0165
DUNGS_p_TCGA_b84_115_SNP_N_GenomeWideSNP_6_D04_771512	15	28185521	28567283	102	-0.4156
DUNGS_p_TCGA_b84_115_SNP_N_GenomeWideSNP_6_D04_771512	15	28567955	30230756	1058	0.0178
DUNGS_p_TCGA_b84_115_SNP_N_GenomeWideSNP_6_D04_771512	15	30231347	30276385	10	-0.3576
DUNGS_p_TCGA_b84_115_SNP_N_GenomeWideSNP_6_D04_771512	15	30276545	30299512	10	-1.2003
DUNGS_p_TCGA_b84_115_SNP_N_GenomeWideSNP_6_D04_771512	15	30318608	30691907	51	-0.4524
DUNGS_p_TCGA_b84_115_SNP_N_GenomeWideSNP_6_D04_771512	15	30691968	38635643	5788	0.029
DUNGS_p_TCGA_b84_115_SNP_N_GenomeWideSNP_6_D04_771512	15	38636990	38637120	2	-1.5414
DUNGS_p_TCGA_b84_115_SNP_N_GenomeWideSNP_6_D04_771512	15	38639047	74665417	22265	0.024
DUNGS_p_TCGA_b84_115_SNP_N_GenomeWideSNP_6_D04_771512	15	74678296	74689499	29	-0.2713
DUNGS_p_TCGA_b84_115_SNP_N_GenomeWideSNP_6_D04_771512	15	74689525	82619355	4616	0.0255
DUNGS_p_TCGA_b84_115_SNP_N_GenomeWideSNP_6_D04_771512	15	82652350	82709292	5	-0.872
DUNGS_p_TCGA_b84_115_SNP_N_GenomeWideSNP_6_D04_771512	15	82719922	90607020	5727	0.0252
DUNGS_p_TCGA_b84_115_SNP_N_GenomeWideSNP_6_D04_771512	15	90607053	90607454	8	-0.7565
DUNGS_p_TCGA_b84_115_SNP_N_GenomeWideSNP_6_D04_771512	15	90607477	96624359	4650	0.0272
DUNGS_p_TCGA_b84_115_SNP_N_GenomeWideSNP_6_D04_771512	15	96628764	96629133	2	-1.2046
DUNGS_p_TCGA_b84_115_SNP_N_GenomeWideSNP_6_D04_771512	15	96634577	99783315	2367	0.0196
DUNGS_p_TCGA_b84_115_SNP_N_GenomeWideSNP_6_D04_771512	15	99783319	99786795	2	-1.3055
DUNGS_p_TCGA_b84_115_SNP_N_GenomeWideSNP_6_D04_771512	15	99787062	100246648	312	0.0194
DUNGS_p_TCGA_b84_115_SNP_N_GenomeWideSNP_6_D04_771512	15	100252532	100286563	5	-0.7967
DUNGS_p_TCGA_b84_115_SNP_N_GenomeWideSNP_6_D04_771512	16	777	2583309	886	-0.0345
DUNGS_p_TCGA_b84_115_SNP_N_GenomeWideSNP_6_D04_771512	16	2585966	2656314	16	-0.3635
DUNGS_p_TCGA_b84_115_SNP_N_GenomeWideSNP_6_D04_771512	16	2656436	2868111	89	0.0277
DUNGS_p_TCGA_b84_115_SNP_N_GenomeWideSNP_6_D04_771512	16	2868933	2887015	10	-0.4168
DUNGS_p_TCGA_b84_115_SNP_N_GenomeWideSNP_6_D04_771512	16	2903262	3656995	364	-0.0043
DUNGS_p_TCGA_b84_115_SNP_N_GenomeWideSNP_6_D04_771512	16	3659345	3666637	2	-1.3924
DUNGS_p_TCGA_b84_115_SNP_N_GenomeWideSNP_6_D04_771512	16	3668111	5101775	839	-0.0128
DUNGS_p_TCGA_b84_115_SNP_N_GenomeWideSNP_6_D04_771512	16	5102492	5166845	35	-0.3019
DUNGS_p_TCGA_b84_115_SNP_N_GenomeWideSNP_6_D04_771512	16	5167804	8957832	4275	-0.0015
DUNGS_p_TCGA_b84_115_SNP_N_GenomeWideSNP_6_D04_771512	16	8958392	9191124	124	-0.2357
DUNGS_p_TCGA_b84_115_SNP_N_GenomeWideSNP_6_D04_771512	16	9191491	12612242	2897	0.0113
DUNGS_p_TCGA_b84_115_SNP_N_GenomeWideSNP_6_D04_771512	16	12612353	12619728	25	-0.3559
DUNGS_p_TCGA_b84_115_SNP_N_GenomeWideSNP_6_D04_771512	16	12619781	18145790	3253	-0.0506
DUNGS_p_TCGA_b84_115_SNP_N_GenomeWideSNP_6_D04_771512	16	18150227	18712560	54	-0.2647
DUNGS_p_TCGA_b84_115_SNP_N_GenomeWideSNP_6_D04_771512	16	18715891	19851864	673	-0.0269
DUNGS_p_TCGA_b84_115_SNP_N_GenomeWideSNP_6_D04_771512	16	19853151	19873376	28	-3.3593
DUNGS_p_TCGA_b84_115_SNP_N_GenomeWideSNP_6_D04_771512	16	19874863	19878749	6	-0.6881
DUNGS_p_TCGA_b84_115_SNP_N_GenomeWideSNP_6_D04_771512	16	19878797	19962535	61	-0.0158
DUNGS_p_TCGA_b84_115_SNP_N_GenomeWideSNP_6_D04_771512	16	19965298	19966584	5	-0.8425
DUNGS_p_TCGA_b84_115_SNP_N_GenomeWideSNP_6_D04_771512	16	19967178	29425212	5573	-0.0056
DUNGS_p_TCGA_b84_115_SNP_N_GenomeWideSNP_6_D04_771512	16	29474810	30227821	215	-0.216
DUNGS_p_TCGA_b84_115_SNP_N_GenomeWideSNP_6_D04_771512	16	30239585	30414840	53	0.0864
DUNGS_p_TCGA_b84_115_SNP_N_GenomeWideSNP_6_D04_771512	16	30414865	30446598	8	-0.5453
DUNGS_p_TCGA_b84_115_SNP_N_GenomeWideSNP_6_D04_771512	16	30453989	30850214	151	0.0015
DUNGS_p_TCGA_b84_115_SNP_N_GenomeWideSNP_6_D04_771512	16	30851483	30852255	2	-1.3495
DUNGS_p_TCGA_b84_115_SNP_N_GenomeWideSNP_6_D04_771512	16	30854007	31905683	439	0.0255
DUNGS_p_TCGA_b84_115_SNP_N_GenomeWideSNP_6_D04_771512	16	31905698	32496123	100	-0.3659
DUNGS_p_TCGA_b84_115_SNP_N_GenomeWideSNP_6_D04_771512	16	32496402	32496410	5	-3.9982
DUNGS_p_TCGA_b84_115_SNP_N_GenomeWideSNP_6_D04_771512	16	32516775	33275436	85	-0.2598
DUNGS_p_TCGA_b84_115_SNP_N_GenomeWideSNP_6_D04_771512	16	33277265	33551523	83	-0.5992
DUNGS_p_TCGA_b84_115_SNP_N_GenomeWideSNP_6_D04_771512	16	33551793	33709484	21	-0.3211
DUNGS_p_TCGA_b84_115_SNP_N_GenomeWideSNP_6_D04_771512	16	33719002	54379470	6992	0.0257
DUNGS_p_TCGA_b84_115_SNP_N_GenomeWideSNP_6_D04_771512	16	54379898	54379945	2	-1.2211
DUNGS_p_TCGA_b84_115_SNP_N_GenomeWideSNP_6_D04_771512	16	54387058	88674335	25178	0.0105
DUNGS_p_TCGA_b84_115_SNP_N_GenomeWideSNP_6_D04_771512	16	88674457	88815036	10	-0.2717
DUNGS_p_TCGA_b84_115_SNP_N_GenomeWideSNP_6_D04_771512	17	526	5297637	2807	-0.039
DUNGS_p_TCGA_b84_115_SNP_N_GenomeWideSNP_6_D04_771512	17	5298224	5299914	2	-1.3073
DUNGS_p_TCGA_b84_115_SNP_N_GenomeWideSNP_6_D04_771512	17	5302337	16595026	7708	0.0066
DUNGS_p_TCGA_b84_115_SNP_N_GenomeWideSNP_6_D04_771512	17	16598056	16680995	13	0.4621
DUNGS_p_TCGA_b84_115_SNP_N_GenomeWideSNP_6_D04_771512	17	16682240	16682253	2	-1.3716
DUNGS_p_TCGA_b84_115_SNP_N_GenomeWideSNP_6_D04_771512	17	16682509	18260587	919	-8e-04
DUNGS_p_TCGA_b84_115_SNP_N_GenomeWideSNP_6_D04_771512	17	18296117	18305567	5	-1.536
DUNGS_p_TCGA_b84_115_SNP_N_GenomeWideSNP_6_D04_771512	17	18306670	18318003	6	-2.6357
DUNGS_p_TCGA_b84_115_SNP_N_GenomeWideSNP_6_D04_771512	17	18321119	18399997	16	-1.2687
DUNGS_p_TCGA_b84_115_SNP_N_GenomeWideSNP_6_D04_771512	17	18405311	23803180	2333	-0.0095
DUNGS_p_TCGA_b84_115_SNP_N_GenomeWideSNP_6_D04_771512	17	23805468	23806446	2	-2.3816
DUNGS_p_TCGA_b84_115_SNP_N_GenomeWideSNP_6_D04_771512	17	23813398	26003742	951	0
DUNGS_p_TCGA_b84_115_SNP_N_GenomeWideSNP_6_D04_771512	17	26020819	26196650	65	-0.3011
DUNGS_p_TCGA_b84_115_SNP_N_GenomeWideSNP_6_D04_771512	17	26197845	41564110	8730	0.0088
DUNGS_p_TCGA_b84_115_SNP_N_GenomeWideSNP_6_D04_771512	17	41564451	42139835	142	-0.5808
DUNGS_p_TCGA_b84_115_SNP_N_GenomeWideSNP_6_D04_771512	17	42139861	53042488	7014	0.0189
DUNGS_p_TCGA_b84_115_SNP_N_GenomeWideSNP_6_D04_771512	17	53043332	53043992	2	-1.6614
DUNGS_p_TCGA_b84_115_SNP_N_GenomeWideSNP_6_D04_771512	17	53046992	53555473	351	0.0192
DUNGS_p_TCGA_b84_115_SNP_N_GenomeWideSNP_6_D04_771512	17	53567099	53569093	5	-0.863
DUNGS_p_TCGA_b84_115_SNP_N_GenomeWideSNP_6_D04_771512	17	53572397	72852775	11365	0.0042
DUNGS_p_TCGA_b84_115_SNP_N_GenomeWideSNP_6_D04_771512	17	72852999	72883721	35	-0.2425
DUNGS_p_TCGA_b84_115_SNP_N_GenomeWideSNP_6_D04_771512	17	72885703	73928661	592	-0.0046
DUNGS_p_TCGA_b84_115_SNP_N_GenomeWideSNP_6_D04_771512	17	73931799	73960852	17	-0.5018
DUNGS_p_TCGA_b84_115_SNP_N_GenomeWideSNP_6_D04_771512	17	73961073	74754658	498	-0.0395
DUNGS_p_TCGA_b84_115_SNP_N_GenomeWideSNP_6_D04_771512	17	74757255	74757811	2	-1.8173
DUNGS_p_TCGA_b84_115_SNP_N_GenomeWideSNP_6_D04_771512	17	74757985	78643088	1754	5e-04
DUNGS_p_TCGA_b84_115_SNP_N_GenomeWideSNP_6_D04_771512	18	1543	38305676	24100	0.0168
DUNGS_p_TCGA_b84_115_SNP_N_GenomeWideSNP_6_D04_771512	18	38310567	38311469	24	-0.6427
DUNGS_p_TCGA_b84_115_SNP_N_GenomeWideSNP_6_D04_771512	18	38311765	57432928	13164	0.0239
DUNGS_p_TCGA_b84_115_SNP_N_GenomeWideSNP_6_D04_771512	18	57433136	57433289	3	-0.9262
DUNGS_p_TCGA_b84_115_SNP_N_GenomeWideSNP_6_D04_771512	18	57435845	61838680	3097	0.0096
DUNGS_p_TCGA_b84_115_SNP_N_GenomeWideSNP_6_D04_771512	18	61838734	61883808	41	0.2543
DUNGS_p_TCGA_b84_115_SNP_N_GenomeWideSNP_6_D04_771512	18	61883847	76116029	10440	0.0408
DUNGS_p_TCGA_b84_115_SNP_N_GenomeWideSNP_6_D04_771512	19	41910	24388590	11272	-0.0254
DUNGS_p_TCGA_b84_115_SNP_N_GenomeWideSNP_6_D04_771512	19	32439833	32724240	31	-0.3329
DUNGS_p_TCGA_b84_115_SNP_N_GenomeWideSNP_6_D04_771512	19	32726210	41522151	6001	0.0205
DUNGS_p_TCGA_b84_115_SNP_N_GenomeWideSNP_6_D04_771512	19	41537715	41539477	12	-0.7023
DUNGS_p_TCGA_b84_115_SNP_N_GenomeWideSNP_6_D04_771512	19	41539531	46036998	2339	-0.008
DUNGS_p_TCGA_b84_115_SNP_N_GenomeWideSNP_6_D04_771512	19	46040709	46067859	36	-0.9008
DUNGS_p_TCGA_b84_115_SNP_N_GenomeWideSNP_6_D04_771512	19	46072786	47380849	661	-0.008
DUNGS_p_TCGA_b84_115_SNP_N_GenomeWideSNP_6_D04_771512	19	47387855	47388538	2	-1.1985
DUNGS_p_TCGA_b84_115_SNP_N_GenomeWideSNP_6_D04_771512	19	47392368	50504778	1670	0.0104
DUNGS_p_TCGA_b84_115_SNP_N_GenomeWideSNP_6_D04_771512	19	50508387	50587528	29	-0.2813
DUNGS_p_TCGA_b84_115_SNP_N_GenomeWideSNP_6_D04_771512	19	50587831	60973882	5470	-0.0433
DUNGS_p_TCGA_b84_115_SNP_N_GenomeWideSNP_6_D04_771512	19	60974181	60974879	4	-1.6414
DUNGS_p_TCGA_b84_115_SNP_N_GenomeWideSNP_6_D04_771512	19	60978105	63789666	1850	-0.0271
DUNGS_p_TCGA_b84_115_SNP_N_GenomeWideSNP_6_D04_771512	20	9305	1508999	1207	-0.0093
DUNGS_p_TCGA_b84_115_SNP_N_GenomeWideSNP_6_D04_771512	20	1509580	1518752	10	1.0492
DUNGS_p_TCGA_b84_115_SNP_N_GenomeWideSNP_6_D04_771512	20	1518774	1519103	4	2.3016
DUNGS_p_TCGA_b84_115_SNP_N_GenomeWideSNP_6_D04_771512	20	1519272	1541893	27	0.8098
DUNGS_p_TCGA_b84_115_SNP_N_GenomeWideSNP_6_D04_771512	20	1545946	26214098	18813	0.0347
DUNGS_p_TCGA_b84_115_SNP_N_GenomeWideSNP_6_D04_771512	20	26214313	28107514	33	-0.5103
DUNGS_p_TCGA_b84_115_SNP_N_GenomeWideSNP_6_D04_771512	20	28111932	33808810	2242	0.0029
DUNGS_p_TCGA_b84_115_SNP_N_GenomeWideSNP_6_D04_771512	20	33812422	33850610	11	-0.4769
DUNGS_p_TCGA_b84_115_SNP_N_GenomeWideSNP_6_D04_771512	20	33850900	52845555	13359	0.0271
DUNGS_p_TCGA_b84_115_SNP_N_GenomeWideSNP_6_D04_771512	20	52846307	52847724	2	-1.128
DUNGS_p_TCGA_b84_115_SNP_N_GenomeWideSNP_6_D04_771512	20	52847946	62386512	6818	0.0292
DUNGS_p_TCGA_b84_115_SNP_N_GenomeWideSNP_6_D04_771512	20	62425139	62426597	5	-0.8645
DUNGS_p_TCGA_b84_115_SNP_N_GenomeWideSNP_6_D04_771512	21	9758742	14144743	455	-0.0449
DUNGS_p_TCGA_b84_115_SNP_N_GenomeWideSNP_6_D04_771512	21	14177299	14177670	2	-1.4855
DUNGS_p_TCGA_b84_115_SNP_N_GenomeWideSNP_6_D04_771512	21	14207324	43792481	22208	0.0141
DUNGS_p_TCGA_b84_115_SNP_N_GenomeWideSNP_6_D04_771512	21	43795301	43797240	2	-3.3223
DUNGS_p_TCGA_b84_115_SNP_N_GenomeWideSNP_6_D04_771512	21	43798095	44622989	429	3e-04
DUNGS_p_TCGA_b84_115_SNP_N_GenomeWideSNP_6_D04_771512	21	44628673	44664596	14	-0.4021
DUNGS_p_TCGA_b84_115_SNP_N_GenomeWideSNP_6_D04_771512	21	44664848	46921385	1324	0.0148
DUNGS_p_TCGA_b84_115_SNP_N_GenomeWideSNP_6_D04_771512	22	14432528	14628706	39	-0.0356
DUNGS_p_TCGA_b84_115_SNP_N_GenomeWideSNP_6_D04_771512	22	14661201	14741969	5	-1.3386
DUNGS_p_TCGA_b84_115_SNP_N_GenomeWideSNP_6_D04_771512	22	14745495	15399760	86	-0.1215
DUNGS_p_TCGA_b84_115_SNP_N_GenomeWideSNP_6_D04_771512	22	15399784	15404823	4	-1.1744
DUNGS_p_TCGA_b84_115_SNP_N_GenomeWideSNP_6_D04_771512	22	15406042	17112919	1083	-0.0136
DUNGS_p_TCGA_b84_115_SNP_N_GenomeWideSNP_6_D04_771512	22	17128440	17190110	9	0.6541
DUNGS_p_TCGA_b84_115_SNP_N_GenomeWideSNP_6_D04_771512	22	17256428	19902214	1631	-0.1272
DUNGS_p_TCGA_b84_115_SNP_N_GenomeWideSNP_6_D04_771512	22	19925029	19925178	2	-2.391
DUNGS_p_TCGA_b84_115_SNP_N_GenomeWideSNP_6_D04_771512	22	19937084	21082462	790	-0.0607
DUNGS_p_TCGA_b84_115_SNP_N_GenomeWideSNP_6_D04_771512	22	21082680	21082880	4	-1.6488
DUNGS_p_TCGA_b84_115_SNP_N_GenomeWideSNP_6_D04_771512	22	21087321	22601745	939	-0.0322
DUNGS_p_TCGA_b84_115_SNP_N_GenomeWideSNP_6_D04_771512	22	22613016	22674422	33	0.2891
DUNGS_p_TCGA_b84_115_SNP_N_GenomeWideSNP_6_D04_771512	22	22680529	22726814	19	-1.9608
DUNGS_p_TCGA_b84_115_SNP_N_GenomeWideSNP_6_D04_771512	22	22731529	22746465	13	-0.1792
DUNGS_p_TCGA_b84_115_SNP_N_GenomeWideSNP_6_D04_771512	22	22746550	32502801	7267	0.0117
DUNGS_p_TCGA_b84_115_SNP_N_GenomeWideSNP_6_D04_771512	22	32503406	32511474	7	-0.569
DUNGS_p_TCGA_b84_115_SNP_N_GenomeWideSNP_6_D04_771512	22	32511766	36062880	2780	0.0117
DUNGS_p_TCGA_b84_115_SNP_N_GenomeWideSNP_6_D04_771512	22	36072938	36080613	6	-0.6762
DUNGS_p_TCGA_b84_115_SNP_N_GenomeWideSNP_6_D04_771512	22	36081644	36819230	339	0.0011
DUNGS_p_TCGA_b84_115_SNP_N_GenomeWideSNP_6_D04_771512	22	36820002	36874079	32	-0.2946
DUNGS_p_TCGA_b84_115_SNP_N_GenomeWideSNP_6_D04_771512	22	36874244	40629481	2041	-0.0059
DUNGS_p_TCGA_b84_115_SNP_N_GenomeWideSNP_6_D04_771512	22	40629873	40686832	24	-0.3676
DUNGS_p_TCGA_b84_115_SNP_N_GenomeWideSNP_6_D04_771512	22	40687564	41106912	230	0.0031
DUNGS_p_TCGA_b84_115_SNP_N_GenomeWideSNP_6_D04_771512	22	41111567	41151624	23	-0.2467
DUNGS_p_TCGA_b84_115_SNP_N_GenomeWideSNP_6_D04_771512	22	41158687	41199944	26	-0.0194
DUNGS_p_TCGA_b84_115_SNP_N_GenomeWideSNP_6_D04_771512	22	41201059	41307134	50	-0.3118
DUNGS_p_TCGA_b84_115_SNP_N_GenomeWideSNP_6_D04_771512	22	41309995	49313780	5949	0.0251
DUNGS_p_TCGA_b84_115_SNP_N_GenomeWideSNP_6_D04_771512	22	49313898	49319982	6	-0.7756
DUNGS_p_TCGA_b84_115_SNP_N_GenomeWideSNP_6_D04_771512	22	49320620	49581321	146	-0.0641
DUNGS_p_TCGA_b84_115_SNP_N_GenomeWideSNP_6_D04_771512	X	108477	1894383	85	-0.2653
DUNGS_p_TCGA_b84_115_SNP_N_GenomeWideSNP_6_D04_771512	X	2002200	8647126	4587	-0.0072
DUNGS_p_TCGA_b84_115_SNP_N_GenomeWideSNP_6_D04_771512	X	8651077	8651764	2	-1.7204
DUNGS_p_TCGA_b84_115_SNP_N_GenomeWideSNP_6_D04_771512	X	8654839	19369852	7137	0.0104
DUNGS_p_TCGA_b84_115_SNP_N_GenomeWideSNP_6_D04_771512	X	19370511	19425898	45	-0.3261
DUNGS_p_TCGA_b84_115_SNP_N_GenomeWideSNP_6_D04_771512	X	19426326	58490031	21815	0.0152
DUNGS_p_TCGA_b84_115_SNP_N_GenomeWideSNP_6_D04_771512	X	58490290	61734936	24	-0.3519
DUNGS_p_TCGA_b84_115_SNP_N_GenomeWideSNP_6_D04_771512	X	61794010	114194349	26750	0.0309
DUNGS_p_TCGA_b84_115_SNP_N_GenomeWideSNP_6_D04_771512	X	114194691	114194713	2	1.2935
DUNGS_p_TCGA_b84_115_SNP_N_GenomeWideSNP_6_D04_771512	X	114194816	140509460	15225	0.0167
DUNGS_p_TCGA_b84_115_SNP_N_GenomeWideSNP_6_D04_771512	X	140511643	140513829	2	-1.5434
DUNGS_p_TCGA_b84_115_SNP_N_GenomeWideSNP_6_D04_771512	X	140517734	151910112	7773	0.0358
DUNGS_p_TCGA_b84_115_SNP_N_GenomeWideSNP_6_D04_771512	X	151913608	151913985	2	-1.5422
DUNGS_p_TCGA_b84_115_SNP_N_GenomeWideSNP_6_D04_771512	X	151918787	154835548	1226	0.0047
DUNGS_p_TCGA_b84_115_SNP_N_GenomeWideSNP_6_D04_771512	Y	2710438	2938395	112	-2.9485
DUNGS_p_TCGA_b84_115_SNP_N_GenomeWideSNP_6_D04_771512	Y	2938640	2954833	10	-4.2895
DUNGS_p_TCGA_b84_115_SNP_N_GenomeWideSNP_6_D04_771512	Y	2955266	3034832	25	-2.8309
DUNGS_p_TCGA_b84_115_SNP_N_GenomeWideSNP_6_D04_771512	Y	3034958	6095471	657	-2.4269
DUNGS_p_TCGA_b84_115_SNP_N_GenomeWideSNP_6_D04_771512	Y	6099351	6108434	4	-5.7471
DUNGS_p_TCGA_b84_115_SNP_N_GenomeWideSNP_6_D04_771512	Y	6110272	6177910	36	-2.6661
DUNGS_p_TCGA_b84_115_SNP_N_GenomeWideSNP_6_D04_771512	Y	6180432	6198474	9	-5.1568
DUNGS_p_TCGA_b84_115_SNP_N_GenomeWideSNP_6_D04_771512	Y	6198517	6225783	17	-3.397
DUNGS_p_TCGA_b84_115_SNP_N_GenomeWideSNP_6_D04_771512	Y	6232294	6250150	12	-4.8179
DUNGS_p_TCGA_b84_115_SNP_N_GenomeWideSNP_6_D04_771512	Y	6255294	6272344	7	-2.3397
DUNGS_p_TCGA_b84_115_SNP_N_GenomeWideSNP_6_D04_771512	Y	6277750	6341935	28	-4.5141
DUNGS_p_TCGA_b84_115_SNP_N_GenomeWideSNP_6_D04_771512	Y	6342097	7052648	285	-2.9074
DUNGS_p_TCGA_b84_115_SNP_N_GenomeWideSNP_6_D04_771512	Y	7054405	7055523	2	-5.6729
DUNGS_p_TCGA_b84_115_SNP_N_GenomeWideSNP_6_D04_771512	Y	7056131	7323277	121	-3.0035
DUNGS_p_TCGA_b84_115_SNP_N_GenomeWideSNP_6_D04_771512	Y	7323622	7410046	38	-2.2569
DUNGS_p_TCGA_b84_115_SNP_N_GenomeWideSNP_6_D04_771512	Y	7410390	7695058	152	-3.1478
DUNGS_p_TCGA_b84_115_SNP_N_GenomeWideSNP_6_D04_771512	Y	7698901	7703394	5	-5.8509
DUNGS_p_TCGA_b84_115_SNP_N_GenomeWideSNP_6_D04_771512	Y	7706694	7871767	133	-2.8508
DUNGS_p_TCGA_b84_115_SNP_N_GenomeWideSNP_6_D04_771512	Y	7872179	7879737	9	-4.2412
DUNGS_p_TCGA_b84_115_SNP_N_GenomeWideSNP_6_D04_771512	Y	7881740	7895713	11	-2.7962
DUNGS_p_TCGA_b84_115_SNP_N_GenomeWideSNP_6_D04_771512	Y	7895840	7895847	2	-6.6514
DUNGS_p_TCGA_b84_115_SNP_N_GenomeWideSNP_6_D04_771512	Y	7896378	8457448	404	-3.0879
DUNGS_p_TCGA_b84_115_SNP_N_GenomeWideSNP_6_D04_771512	Y	8460583	8582658	68	-3.5539
DUNGS_p_TCGA_b84_115_SNP_N_GenomeWideSNP_6_D04_771512	Y	8582916	9201542	244	-3.101
DUNGS_p_TCGA_b84_115_SNP_N_GenomeWideSNP_6_D04_771512	Y	9202335	10432994	214	-3.5403
DUNGS_p_TCGA_b84_115_SNP_N_GenomeWideSNP_6_D04_771512	Y	10433373	13302392	573	-2.8592
DUNGS_p_TCGA_b84_115_SNP_N_GenomeWideSNP_6_D04_771512	Y	13302918	13315400	8	-4.971
DUNGS_p_TCGA_b84_115_SNP_N_GenomeWideSNP_6_D04_771512	Y	13319281	13539460	102	-2.9848
DUNGS_p_TCGA_b84_115_SNP_N_GenomeWideSNP_6_D04_771512	Y	13540076	13540211	2	-6.8475
DUNGS_p_TCGA_b84_115_SNP_N_GenomeWideSNP_6_D04_771512	Y	13541682	14099670	249	-2.8697
DUNGS_p_TCGA_b84_115_SNP_N_GenomeWideSNP_6_D04_771512	Y	14099736	14103917	3	-6.443
DUNGS_p_TCGA_b84_115_SNP_N_GenomeWideSNP_6_D04_771512	Y	14104283	16571888	1330	-2.9388
DUNGS_p_TCGA_b84_115_SNP_N_GenomeWideSNP_6_D04_771512	Y	16575550	16575919	2	-6.8941
DUNGS_p_TCGA_b84_115_SNP_N_GenomeWideSNP_6_D04_771512	Y	16578433	16852767	129	-2.8902
DUNGS_p_TCGA_b84_115_SNP_N_GenomeWideSNP_6_D04_771512	Y	16858208	17038502	67	-3.6636
DUNGS_p_TCGA_b84_115_SNP_N_GenomeWideSNP_6_D04_771512	Y	17038883	17338662	185	-2.9066
DUNGS_p_TCGA_b84_115_SNP_N_GenomeWideSNP_6_D04_771512	Y	17340478	17348798	2	-6.3383
DUNGS_p_TCGA_b84_115_SNP_N_GenomeWideSNP_6_D04_771512	Y	17349644	17572959	123	-2.7764
DUNGS_p_TCGA_b84_115_SNP_N_GenomeWideSNP_6_D04_771512	Y	17577516	17596666	6	-4.4593
DUNGS_p_TCGA_b84_115_SNP_N_GenomeWideSNP_6_D04_771512	Y	17597058	17677531	34	-2.8627
DUNGS_p_TCGA_b84_115_SNP_N_GenomeWideSNP_6_D04_771512	Y	17678064	17688934	5	-6.1091
DUNGS_p_TCGA_b84_115_SNP_N_GenomeWideSNP_6_D04_771512	Y	17691665	18084284	196	-3.0259
DUNGS_p_TCGA_b84_115_SNP_N_GenomeWideSNP_6_D04_771512	Y	18085938	18106790	16	-4.6681
DUNGS_p_TCGA_b84_115_SNP_N_GenomeWideSNP_6_D04_771512	Y	18113852	18464291	160	-3.5352
DUNGS_p_TCGA_b84_115_SNP_N_GenomeWideSNP_6_D04_771512	Y	18465414	18479270	19	-4.8824
DUNGS_p_TCGA_b84_115_SNP_N_GenomeWideSNP_6_D04_771512	Y	18480304	18914497	176	-3.6808
DUNGS_p_TCGA_b84_115_SNP_N_GenomeWideSNP_6_D04_771512	Y	18917516	18945116	14	-2.4539
DUNGS_p_TCGA_b84_115_SNP_N_GenomeWideSNP_6_D04_771512	Y	18946052	19223940	142	-3.7937
DUNGS_p_TCGA_b84_115_SNP_N_GenomeWideSNP_6_D04_771512	Y	19224161	19301261	50	-3.1167
DUNGS_p_TCGA_b84_115_SNP_N_GenomeWideSNP_6_D04_771512	Y	19301619	19364641	35	-4.0812
DUNGS_p_TCGA_b84_115_SNP_N_GenomeWideSNP_6_D04_771512	Y	19374411	19378844	3	-6.9246
DUNGS_p_TCGA_b84_115_SNP_N_GenomeWideSNP_6_D04_771512	Y	19384308	19430134	33	-3.7002
DUNGS_p_TCGA_b84_115_SNP_N_GenomeWideSNP_6_D04_771512	Y	19430886	19431561	2	-8.3063
DUNGS_p_TCGA_b84_115_SNP_N_GenomeWideSNP_6_D04_771512	Y	19431797	19488345	23	-3.8971
DUNGS_p_TCGA_b84_115_SNP_N_GenomeWideSNP_6_D04_771512	Y	19488618	21314582	659	-3.0314
DUNGS_p_TCGA_b84_115_SNP_N_GenomeWideSNP_6_D04_771512	Y	21323689	21343497	12	-4.7061
DUNGS_p_TCGA_b84_115_SNP_N_GenomeWideSNP_6_D04_771512	Y	21343925	22022048	313	-3.0466
DUNGS_p_TCGA_b84_115_SNP_N_GenomeWideSNP_6_D04_771512	Y	22035590	22041017	4	-5.4401
DUNGS_p_TCGA_b84_115_SNP_N_GenomeWideSNP_6_D04_771512	Y	22042052	22063159	19	-2.775
DUNGS_p_TCGA_b84_115_SNP_N_GenomeWideSNP_6_D04_771512	Y	22093119	22099738	2	-8.8913
DUNGS_p_TCGA_b84_115_SNP_N_GenomeWideSNP_6_D04_771512	Y	22125089	22192050	43	-3.4245
DUNGS_p_TCGA_b84_115_SNP_N_GenomeWideSNP_6_D04_771512	Y	22194433	22268551	30	-2.3233
DUNGS_p_TCGA_b84_115_SNP_N_GenomeWideSNP_6_D04_771512	Y	22268856	22426993	52	-3.1649
DUNGS_p_TCGA_b84_115_SNP_N_GenomeWideSNP_6_D04_771512	Y	22427755	22769319	60	-3.7602
DUNGS_p_TCGA_b84_115_SNP_N_GenomeWideSNP_6_D04_771512	Y	22770660	22919906	78	-2.8509
DUNGS_p_TCGA_b84_115_SNP_N_GenomeWideSNP_6_D04_771512	Y	22924247	22945750	13	-4.1141
DUNGS_p_TCGA_b84_115_SNP_N_GenomeWideSNP_6_D04_771512	Y	22946020	22954565	7	-2.5013
DUNGS_p_TCGA_b84_115_SNP_N_GenomeWideSNP_6_D04_771512	Y	22957565	22971897	3	-5.6562
DUNGS_p_TCGA_b84_115_SNP_N_GenomeWideSNP_6_D04_771512	Y	22973842	23297328	46	-4.0394
DUNGS_p_TCGA_b84_115_SNP_N_GenomeWideSNP_6_D04_771512	Y	23297619	23374340	12	-5.1025
DUNGS_p_TCGA_b84_115_SNP_N_GenomeWideSNP_6_D04_771512	Y	23388906	24385184	144	-3.4947
DUNGS_p_TCGA_b84_115_SNP_N_GenomeWideSNP_6_D04_771512	Y	24385517	24459018	28	-4.1937
DUNGS_p_TCGA_b84_115_SNP_N_GenomeWideSNP_6_D04_771512	Y	24459314	24468693	5	-5.8136
DUNGS_p_TCGA_b84_115_SNP_N_GenomeWideSNP_6_D04_771512	Y	24469941	24483911	8	-4.0239
DUNGS_p_TCGA_b84_115_SNP_N_GenomeWideSNP_6_D04_771512	Y	24487187	24509612	7	-2.7859
DUNGS_p_TCGA_b84_115_SNP_N_GenomeWideSNP_6_D04_771512	Y	24512299	24517385	4	-4.4516
DUNGS_p_TCGA_b84_115_SNP_N_GenomeWideSNP_6_D04_771512	Y	24517690	24532780	12	-2.9628
DUNGS_p_TCGA_b84_115_SNP_N_GenomeWideSNP_6_D04_771512	Y	24536075	24559926	8	-4.5327
DUNGS_p_TCGA_b84_115_SNP_N_GenomeWideSNP_6_D04_771512	Y	24562121	24579649	11	-3.2829
DUNGS_p_TCGA_b84_115_SNP_N_GenomeWideSNP_6_D04_771512	Y	24582211	24599413	8	-4.7736
DUNGS_p_TCGA_b84_115_SNP_N_GenomeWideSNP_6_D04_771512	Y	24602438	24811886	46	-3.07
DUNGS_p_TCGA_b84_115_SNP_N_GenomeWideSNP_6_D04_771512	Y	24813727	24830625	11	-4.23
DUNGS_p_TCGA_b84_115_SNP_N_GenomeWideSNP_6_D04_771512	Y	24831089	25040317	40	-2.8117
DUNGS_p_TCGA_b84_115_SNP_N_GenomeWideSNP_6_D04_771512	Y	25040616	25180743	25	-4.3279
DUNGS_p_TCGA_b84_115_SNP_N_GenomeWideSNP_6_D04_771512	Y	25181236	25185903	3	-7.1581
DUNGS_p_TCGA_b84_115_SNP_N_GenomeWideSNP_6_D04_771512	Y	25211715	25337977	13	-4.436
DUNGS_p_TCGA_b84_115_SNP_N_GenomeWideSNP_6_D04_771512	Y	25357159	25725360	43	-3.8713
DUNGS_p_TCGA_b84_115_SNP_N_GenomeWideSNP_6_D04_771512	Y	25776875	25945098	37	-2.7225
DUNGS_p_TCGA_b84_115_SNP_N_GenomeWideSNP_6_D04_771512	Y	25954312	25959403	3	-5.7881
DUNGS_p_TCGA_b84_115_SNP_N_GenomeWideSNP_6_D04_771512	Y	25960074	26317612	127	-3.3503
DUNGS_p_TCGA_b84_115_SNP_N_GenomeWideSNP_6_D04_771512	Y	26318069	26461104	62	-3.9844
DUNGS_p_TCGA_b84_115_SNP_N_GenomeWideSNP_6_D04_771512	Y	26461656	26522795	31	-2.4874
DUNGS_p_TCGA_b84_115_SNP_N_GenomeWideSNP_6_D04_771512	Y	26523696	26589710	9	-4.0321
DUNGS_p_TCGA_b84_115_SNP_N_GenomeWideSNP_6_D04_771512	Y	26590145	26623395	6	-6.042
DUNGS_p_TCGA_b84_115_SNP_N_GenomeWideSNP_6_D04_771512	Y	26624814	26681504	12	-3.3809
DUNGS_p_TCGA_b84_115_SNP_N_GenomeWideSNP_6_D04_771512	Y	26687080	26731407	14	-5.125
DUNGS_p_TCGA_b84_115_SNP_N_GenomeWideSNP_6_D04_771512	Y	26731471	26833326	43	-3.6185
DUNGS_p_TCGA_b84_115_SNP_N_GenomeWideSNP_6_D04_771512	Y	26847504	57427647	183	-2.7698
