Sample	Chromosome	Start	End	Num_Probes	Segment_Mean
DUNGS_p_TCGA_b84_115_SNP_N_GenomeWideSNP_6_B06_771488	1	61735	86341	15	-0.696
DUNGS_p_TCGA_b84_115_SNP_N_GenomeWideSNP_6_B06_771488	1	98588	9550248	4823	-9e-04
DUNGS_p_TCGA_b84_115_SNP_N_GenomeWideSNP_6_B06_771488	1	9556061	9556143	2	-1.0938
DUNGS_p_TCGA_b84_115_SNP_N_GenomeWideSNP_6_B06_771488	1	9559042	17190862	4000	0.0039
DUNGS_p_TCGA_b84_115_SNP_N_GenomeWideSNP_6_B06_771488	1	17195155	17262232	60	0.3866
DUNGS_p_TCGA_b84_115_SNP_N_GenomeWideSNP_6_B06_771488	1	17262247	25583341	5276	0.0025
DUNGS_p_TCGA_b84_115_SNP_N_GenomeWideSNP_6_B06_771488	1	25593128	25646986	28	-1.6801
DUNGS_p_TCGA_b84_115_SNP_N_GenomeWideSNP_6_B06_771488	1	25661501	41021036	8183	0.0044
DUNGS_p_TCGA_b84_115_SNP_N_GenomeWideSNP_6_B06_771488	1	41022076	41028210	4	-0.965
DUNGS_p_TCGA_b84_115_SNP_N_GenomeWideSNP_6_B06_771488	1	41028926	64132876	14694	0.002
DUNGS_p_TCGA_b84_115_SNP_N_GenomeWideSNP_6_B06_771488	1	64133314	64141924	6	-1.3006
DUNGS_p_TCGA_b84_115_SNP_N_GenomeWideSNP_6_B06_771488	1	64146482	72763370	5989	0.0026
DUNGS_p_TCGA_b84_115_SNP_N_GenomeWideSNP_6_B06_771488	1	72768418	72811148	48	-1.5106
DUNGS_p_TCGA_b84_115_SNP_N_GenomeWideSNP_6_B06_771488	1	72811904	104221631	20111	0.0058
DUNGS_p_TCGA_b84_115_SNP_N_GenomeWideSNP_6_B06_771488	1	104221647	104303403	23	-0.3063
DUNGS_p_TCGA_b84_115_SNP_N_GenomeWideSNP_6_B06_771488	1	104303501	106021627	928	0.0043
DUNGS_p_TCGA_b84_115_SNP_N_GenomeWideSNP_6_B06_771488	1	106021723	106022375	8	0.5346
DUNGS_p_TCGA_b84_115_SNP_N_GenomeWideSNP_6_B06_771488	1	106024055	145151728	10070	0.0095
DUNGS_p_TCGA_b84_115_SNP_N_GenomeWideSNP_6_B06_771488	1	145151959	145152018	3	2.1487
DUNGS_p_TCGA_b84_115_SNP_N_GenomeWideSNP_6_B06_771488	1	145152050	148585337	944	0.0486
DUNGS_p_TCGA_b84_115_SNP_N_GenomeWideSNP_6_B06_771488	1	148627569	148627842	3	-1.1944
DUNGS_p_TCGA_b84_115_SNP_N_GenomeWideSNP_6_B06_771488	1	148636769	149242663	148	0.0975
DUNGS_p_TCGA_b84_115_SNP_N_GenomeWideSNP_6_B06_771488	1	149242725	149254920	21	0.5089
DUNGS_p_TCGA_b84_115_SNP_N_GenomeWideSNP_6_B06_771488	1	149256691	149545372	35	0.1425
DUNGS_p_TCGA_b84_115_SNP_N_GenomeWideSNP_6_B06_771488	1	149545386	149578722	4	1.0325
DUNGS_p_TCGA_b84_115_SNP_N_GenomeWideSNP_6_B06_771488	1	149617451	152762008	1702	0.0105
DUNGS_p_TCGA_b84_115_SNP_N_GenomeWideSNP_6_B06_771488	1	152762046	152768700	33	-0.3081
DUNGS_p_TCGA_b84_115_SNP_N_GenomeWideSNP_6_B06_771488	1	152773905	158866573	3625	0.0071
DUNGS_p_TCGA_b84_115_SNP_N_GenomeWideSNP_6_B06_771488	1	158868501	158869759	2	-1.6583
DUNGS_p_TCGA_b84_115_SNP_N_GenomeWideSNP_6_B06_771488	1	158874818	161476501	1645	5e-04
DUNGS_p_TCGA_b84_115_SNP_N_GenomeWideSNP_6_B06_771488	1	161478536	161638201	57	0.3515
DUNGS_p_TCGA_b84_115_SNP_N_GenomeWideSNP_6_B06_771488	1	161638480	179439630	12733	0.0056
DUNGS_p_TCGA_b84_115_SNP_N_GenomeWideSNP_6_B06_771488	1	179446133	179447281	2	-1.1189
DUNGS_p_TCGA_b84_115_SNP_N_GenomeWideSNP_6_B06_771488	1	179447543	196732086	11518	0.004
DUNGS_p_TCGA_b84_115_SNP_N_GenomeWideSNP_6_B06_771488	1	196738623	196741367	12	-0.5924
DUNGS_p_TCGA_b84_115_SNP_N_GenomeWideSNP_6_B06_771488	1	196744136	196812507	78	-0.1941
DUNGS_p_TCGA_b84_115_SNP_N_GenomeWideSNP_6_B06_771488	1	196812530	196816730	3	-0.7109
DUNGS_p_TCGA_b84_115_SNP_N_GenomeWideSNP_6_B06_771488	1	196823317	199107702	1379	0.0166
DUNGS_p_TCGA_b84_115_SNP_N_GenomeWideSNP_6_B06_771488	1	199111363	199113011	8	-0.7331
DUNGS_p_TCGA_b84_115_SNP_N_GenomeWideSNP_6_B06_771488	1	199113840	206994855	5025	0.0069
DUNGS_p_TCGA_b84_115_SNP_N_GenomeWideSNP_6_B06_771488	1	206997328	206998706	3	-1.1703
DUNGS_p_TCGA_b84_115_SNP_N_GenomeWideSNP_6_B06_771488	1	207001827	211920560	3694	0.0014
DUNGS_p_TCGA_b84_115_SNP_N_GenomeWideSNP_6_B06_771488	1	211923435	211923450	2	-2.4265
DUNGS_p_TCGA_b84_115_SNP_N_GenomeWideSNP_6_B06_771488	1	211925594	222366668	7344	0.0034
DUNGS_p_TCGA_b84_115_SNP_N_GenomeWideSNP_6_B06_771488	1	222374834	222377004	2	-3.9825
DUNGS_p_TCGA_b84_115_SNP_N_GenomeWideSNP_6_B06_771488	1	222382134	246943345	17264	0.0067
DUNGS_p_TCGA_b84_115_SNP_N_GenomeWideSNP_6_B06_771488	1	246943537	246945665	3	-1.0687
DUNGS_p_TCGA_b84_115_SNP_N_GenomeWideSNP_6_B06_771488	1	246945744	249224388	1258	0.0226
DUNGS_p_TCGA_b84_115_SNP_N_GenomeWideSNP_6_B06_771488	2	12784	27808154	19518	-9e-04
DUNGS_p_TCGA_b84_115_SNP_N_GenomeWideSNP_6_B06_771488	2	27811406	27811635	2	-1.1912
DUNGS_p_TCGA_b84_115_SNP_N_GenomeWideSNP_6_B06_771488	2	27815922	34652579	4602	0.0021
DUNGS_p_TCGA_b84_115_SNP_N_GenomeWideSNP_6_B06_771488	2	34652871	34737163	59	0.3941
DUNGS_p_TCGA_b84_115_SNP_N_GenomeWideSNP_6_B06_771488	2	34737556	52754561	13058	0.0114
DUNGS_p_TCGA_b84_115_SNP_N_GenomeWideSNP_6_B06_771488	2	52754728	52754881	3	-1.9944
DUNGS_p_TCGA_b84_115_SNP_N_GenomeWideSNP_6_B06_771488	2	52758753	52781542	33	0.7164
DUNGS_p_TCGA_b84_115_SNP_N_GenomeWideSNP_6_B06_771488	2	52787949	87513287	22145	0.0066
DUNGS_p_TCGA_b84_115_SNP_N_GenomeWideSNP_6_B06_771488	2	87514379	87514390	2	-1.3051
DUNGS_p_TCGA_b84_115_SNP_N_GenomeWideSNP_6_B06_771488	2	87520356	87815648	50	-0.0629
DUNGS_p_TCGA_b84_115_SNP_N_GenomeWideSNP_6_B06_771488	2	87815681	87819818	3	-1.0079
DUNGS_p_TCGA_b84_115_SNP_N_GenomeWideSNP_6_B06_771488	2	87820983	118223764	13708	0.0059
DUNGS_p_TCGA_b84_115_SNP_N_GenomeWideSNP_6_B06_771488	2	118224170	118225951	4	-1.2171
DUNGS_p_TCGA_b84_115_SNP_N_GenomeWideSNP_6_B06_771488	2	118228517	129638078	7264	-0.0016
DUNGS_p_TCGA_b84_115_SNP_N_GenomeWideSNP_6_B06_771488	2	129638478	129640315	15	-0.902
DUNGS_p_TCGA_b84_115_SNP_N_GenomeWideSNP_6_B06_771488	2	129640329	183902722	33302	8e-04
DUNGS_p_TCGA_b84_115_SNP_N_GenomeWideSNP_6_B06_771488	2	183908520	183920164	6	-1.1197
DUNGS_p_TCGA_b84_115_SNP_N_GenomeWideSNP_6_B06_771488	2	183920789	184084153	94	0.014
DUNGS_p_TCGA_b84_115_SNP_N_GenomeWideSNP_6_B06_771488	2	184085453	184089724	10	-0.9169
DUNGS_p_TCGA_b84_115_SNP_N_GenomeWideSNP_6_B06_771488	2	184093998	195875162	6660	0.0082
DUNGS_p_TCGA_b84_115_SNP_N_GenomeWideSNP_6_B06_771488	2	195875175	195876300	2	-1.0545
DUNGS_p_TCGA_b84_115_SNP_N_GenomeWideSNP_6_B06_771488	2	195882875	213181322	10532	0.0043
DUNGS_p_TCGA_b84_115_SNP_N_GenomeWideSNP_6_B06_771488	2	213186549	213191825	25	-0.8056
DUNGS_p_TCGA_b84_115_SNP_N_GenomeWideSNP_6_B06_771488	2	213192126	224236399	7221	0.0023
DUNGS_p_TCGA_b84_115_SNP_N_GenomeWideSNP_6_B06_771488	2	224237681	224237911	2	-1.2568
DUNGS_p_TCGA_b84_115_SNP_N_GenomeWideSNP_6_B06_771488	2	224242529	243089456	11871	-0.0011
DUNGS_p_TCGA_b84_115_SNP_N_GenomeWideSNP_6_B06_771488	3	60345	1256380	1004	0.0365
DUNGS_p_TCGA_b84_115_SNP_N_GenomeWideSNP_6_B06_771488	3	1256760	1256852	3	-0.9343
DUNGS_p_TCGA_b84_115_SNP_N_GenomeWideSNP_6_B06_771488	3	1259479	2702454	1295	0.0474
DUNGS_p_TCGA_b84_115_SNP_N_GenomeWideSNP_6_B06_771488	3	2708138	2708715	2	-0.977
DUNGS_p_TCGA_b84_115_SNP_N_GenomeWideSNP_6_B06_771488	3	2716796	6646543	3546	0.0242
DUNGS_p_TCGA_b84_115_SNP_N_GenomeWideSNP_6_B06_771488	3	6651128	6653332	23	-0.8031
DUNGS_p_TCGA_b84_115_SNP_N_GenomeWideSNP_6_B06_771488	3	6655078	11408063	3720	0.0029
DUNGS_p_TCGA_b84_115_SNP_N_GenomeWideSNP_6_B06_771488	3	11412604	11413400	4	-1.2047
DUNGS_p_TCGA_b84_115_SNP_N_GenomeWideSNP_6_B06_771488	3	11417265	26601764	10481	0.0107
DUNGS_p_TCGA_b84_115_SNP_N_GenomeWideSNP_6_B06_771488	3	26611497	26614985	23	-0.3185
DUNGS_p_TCGA_b84_115_SNP_N_GenomeWideSNP_6_B06_771488	3	26615949	30191123	2478	0.0101
DUNGS_p_TCGA_b84_115_SNP_N_GenomeWideSNP_6_B06_771488	3	30192544	30192565	2	-1.2552
DUNGS_p_TCGA_b84_115_SNP_N_GenomeWideSNP_6_B06_771488	3	30192777	37977417	5134	0.0091
DUNGS_p_TCGA_b84_115_SNP_N_GenomeWideSNP_6_B06_771488	3	37982108	37986928	18	-0.8897
DUNGS_p_TCGA_b84_115_SNP_N_GenomeWideSNP_6_B06_771488	3	37987106	40014166	1326	0.0063
DUNGS_p_TCGA_b84_115_SNP_N_GenomeWideSNP_6_B06_771488	3	40014377	40014390	2	-1.1376
DUNGS_p_TCGA_b84_115_SNP_N_GenomeWideSNP_6_B06_771488	3	40018866	47399911	4503	0.0053
DUNGS_p_TCGA_b84_115_SNP_N_GenomeWideSNP_6_B06_771488	3	47400331	47405451	3	-1.2158
DUNGS_p_TCGA_b84_115_SNP_N_GenomeWideSNP_6_B06_771488	3	47409212	47478509	26	-0.0453
DUNGS_p_TCGA_b84_115_SNP_N_GenomeWideSNP_6_B06_771488	3	47491822	47492720	2	-2.8886
DUNGS_p_TCGA_b84_115_SNP_N_GenomeWideSNP_6_B06_771488	3	47497214	53032038	2239	0.0019
DUNGS_p_TCGA_b84_115_SNP_N_GenomeWideSNP_6_B06_771488	3	53033148	53038902	21	-0.7731
DUNGS_p_TCGA_b84_115_SNP_N_GenomeWideSNP_6_B06_771488	3	53038944	68746164	12052	0.0101
DUNGS_p_TCGA_b84_115_SNP_N_GenomeWideSNP_6_B06_771488	3	68746259	68747413	14	-1.8998
DUNGS_p_TCGA_b84_115_SNP_N_GenomeWideSNP_6_B06_771488	3	68748758	75421170	4880	0.0024
DUNGS_p_TCGA_b84_115_SNP_N_GenomeWideSNP_6_B06_771488	3	75427107	75545172	52	-0.8204
DUNGS_p_TCGA_b84_115_SNP_N_GenomeWideSNP_6_B06_771488	3	75545822	75595181	17	-0.2091
DUNGS_p_TCGA_b84_115_SNP_N_GenomeWideSNP_6_B06_771488	3	75596246	75639507	7	-0.8825
DUNGS_p_TCGA_b84_115_SNP_N_GenomeWideSNP_6_B06_771488	3	75645384	79696139	2319	0.0095
DUNGS_p_TCGA_b84_115_SNP_N_GenomeWideSNP_6_B06_771488	3	79696420	79700770	2	-1.0855
DUNGS_p_TCGA_b84_115_SNP_N_GenomeWideSNP_6_B06_771488	3	79701156	89387101	5394	0.0069
DUNGS_p_TCGA_b84_115_SNP_N_GenomeWideSNP_6_B06_771488	3	89394592	89420473	54	-0.6081
DUNGS_p_TCGA_b84_115_SNP_N_GenomeWideSNP_6_B06_771488	3	89420488	97899419	2643	-0.0066
DUNGS_p_TCGA_b84_115_SNP_N_GenomeWideSNP_6_B06_771488	3	97908670	97914817	4	-1.0855
DUNGS_p_TCGA_b84_115_SNP_N_GenomeWideSNP_6_B06_771488	3	97915948	98937784	595	0.0113
DUNGS_p_TCGA_b84_115_SNP_N_GenomeWideSNP_6_B06_771488	3	98944458	98949056	27	0.3129
DUNGS_p_TCGA_b84_115_SNP_N_GenomeWideSNP_6_B06_771488	3	98949069	106146761	4293	0.0025
DUNGS_p_TCGA_b84_115_SNP_N_GenomeWideSNP_6_B06_771488	3	106149319	106149578	2	-1.2187
DUNGS_p_TCGA_b84_115_SNP_N_GenomeWideSNP_6_B06_771488	3	106157817	125436237	11995	0.0075
DUNGS_p_TCGA_b84_115_SNP_N_GenomeWideSNP_6_B06_771488	3	125443608	125458762	10	0.5632
DUNGS_p_TCGA_b84_115_SNP_N_GenomeWideSNP_6_B06_771488	3	125462329	128399221	1841	0.001
DUNGS_p_TCGA_b84_115_SNP_N_GenomeWideSNP_6_B06_771488	3	128405171	128411778	6	0.7067
DUNGS_p_TCGA_b84_115_SNP_N_GenomeWideSNP_6_B06_771488	3	128412331	129754349	620	0.0199
DUNGS_p_TCGA_b84_115_SNP_N_GenomeWideSNP_6_B06_771488	3	129754605	129806236	58	-0.2547
DUNGS_p_TCGA_b84_115_SNP_N_GenomeWideSNP_6_B06_771488	3	129806924	131988864	1442	4e-04
DUNGS_p_TCGA_b84_115_SNP_N_GenomeWideSNP_6_B06_771488	3	131988885	131995684	7	-0.8803
DUNGS_p_TCGA_b84_115_SNP_N_GenomeWideSNP_6_B06_771488	3	132000477	137033060	3064	0.0038
DUNGS_p_TCGA_b84_115_SNP_N_GenomeWideSNP_6_B06_771488	3	137033260	137033263	3	1.1516
DUNGS_p_TCGA_b84_115_SNP_N_GenomeWideSNP_6_B06_771488	3	137033422	162552068	15818	0.0105
DUNGS_p_TCGA_b84_115_SNP_N_GenomeWideSNP_6_B06_771488	3	162552081	162623881	41	-0.2884
DUNGS_p_TCGA_b84_115_SNP_N_GenomeWideSNP_6_B06_771488	3	162623897	162626603	5	0.5598
DUNGS_p_TCGA_b84_115_SNP_N_GenomeWideSNP_6_B06_771488	3	162628614	162714517	70	0.0921
DUNGS_p_TCGA_b84_115_SNP_N_GenomeWideSNP_6_B06_771488	3	162717727	162719562	2	1.328
DUNGS_p_TCGA_b84_115_SNP_N_GenomeWideSNP_6_B06_771488	3	162726159	165021836	1232	0.011
DUNGS_p_TCGA_b84_115_SNP_N_GenomeWideSNP_6_B06_771488	3	165022274	165022914	2	-1.1275
DUNGS_p_TCGA_b84_115_SNP_N_GenomeWideSNP_6_B06_771488	3	165030679	175078480	6359	0.0086
DUNGS_p_TCGA_b84_115_SNP_N_GenomeWideSNP_6_B06_771488	3	175078518	175086788	9	-0.7125
DUNGS_p_TCGA_b84_115_SNP_N_GenomeWideSNP_6_B06_771488	3	175086805	175883749	495	0.0316
DUNGS_p_TCGA_b84_115_SNP_N_GenomeWideSNP_6_B06_771488	3	175888059	175914479	34	-0.9606
DUNGS_p_TCGA_b84_115_SNP_N_GenomeWideSNP_6_B06_771488	3	175916221	190256086	9163	0.0065
DUNGS_p_TCGA_b84_115_SNP_N_GenomeWideSNP_6_B06_771488	3	190260037	190260695	3	-0.961
DUNGS_p_TCGA_b84_115_SNP_N_GenomeWideSNP_6_B06_771488	3	190260915	195700482	3476	0.0093
DUNGS_p_TCGA_b84_115_SNP_N_GenomeWideSNP_6_B06_771488	3	195701115	195709662	4	-1.0174
DUNGS_p_TCGA_b84_115_SNP_N_GenomeWideSNP_6_B06_771488	3	195718765	197896118	1088	0.0417
DUNGS_p_TCGA_b84_115_SNP_N_GenomeWideSNP_6_B06_771488	4	12281	21366	9	0.0084
DUNGS_p_TCGA_b84_115_SNP_N_GenomeWideSNP_6_B06_771488	4	21426	65978	48	0.2855
DUNGS_p_TCGA_b84_115_SNP_N_GenomeWideSNP_6_B06_771488	4	66719	2371109	863	0.0042
DUNGS_p_TCGA_b84_115_SNP_N_GenomeWideSNP_6_B06_771488	4	2371930	2375316	3	-1.0328
DUNGS_p_TCGA_b84_115_SNP_N_GenomeWideSNP_6_B06_771488	4	2385312	10228927	4895	0.0033
DUNGS_p_TCGA_b84_115_SNP_N_GenomeWideSNP_6_B06_771488	4	10229117	10229186	2	1.2223
DUNGS_p_TCGA_b84_115_SNP_N_GenomeWideSNP_6_B06_771488	4	10229216	34786500	17033	0.0071
DUNGS_p_TCGA_b84_115_SNP_N_GenomeWideSNP_6_B06_771488	4	34786955	34824183	36	-0.4539
DUNGS_p_TCGA_b84_115_SNP_N_GenomeWideSNP_6_B06_771488	4	34824725	36009934	772	0.0079
DUNGS_p_TCGA_b84_115_SNP_N_GenomeWideSNP_6_B06_771488	4	36011393	36015518	11	-0.4415
DUNGS_p_TCGA_b84_115_SNP_N_GenomeWideSNP_6_B06_771488	4	36017518	49114095	8198	0.0139
DUNGS_p_TCGA_b84_115_SNP_N_GenomeWideSNP_6_B06_771488	4	49115981	49267848	15	-0.2652
DUNGS_p_TCGA_b84_115_SNP_N_GenomeWideSNP_6_B06_771488	4	49291192	49291355	2	-1.9754
DUNGS_p_TCGA_b84_115_SNP_N_GenomeWideSNP_6_B06_771488	4	49297220	61936938	6103	0.0045
DUNGS_p_TCGA_b84_115_SNP_N_GenomeWideSNP_6_B06_771488	4	61940935	61941952	2	-1.5515
DUNGS_p_TCGA_b84_115_SNP_N_GenomeWideSNP_6_B06_771488	4	61945686	69372003	4417	0.0098
DUNGS_p_TCGA_b84_115_SNP_N_GenomeWideSNP_6_B06_771488	4	69374941	69489335	66	0.6405
DUNGS_p_TCGA_b84_115_SNP_N_GenomeWideSNP_6_B06_771488	4	69505115	70138047	339	0.0417
DUNGS_p_TCGA_b84_115_SNP_N_GenomeWideSNP_6_B06_771488	4	70143374	70231799	42	0.3627
DUNGS_p_TCGA_b84_115_SNP_N_GenomeWideSNP_6_B06_771488	4	70232022	152791637	49592	0.0035
DUNGS_p_TCGA_b84_115_SNP_N_GenomeWideSNP_6_B06_771488	4	152791654	152792891	11	-0.8948
DUNGS_p_TCGA_b84_115_SNP_N_GenomeWideSNP_6_B06_771488	4	152794796	152794859	3	0.9329
DUNGS_p_TCGA_b84_115_SNP_N_GenomeWideSNP_6_B06_771488	4	152795388	160962989	5190	0.0076
DUNGS_p_TCGA_b84_115_SNP_N_GenomeWideSNP_6_B06_771488	4	160966152	160976291	8	-0.7965
DUNGS_p_TCGA_b84_115_SNP_N_GenomeWideSNP_6_B06_771488	4	160978896	166117781	3475	0.0136
DUNGS_p_TCGA_b84_115_SNP_N_GenomeWideSNP_6_B06_771488	4	166120225	166162608	22	0.6442
DUNGS_p_TCGA_b84_115_SNP_N_GenomeWideSNP_6_B06_771488	4	166165343	172369346	3888	0.0036
DUNGS_p_TCGA_b84_115_SNP_N_GenomeWideSNP_6_B06_771488	4	172374884	172377710	10	-1.4752
DUNGS_p_TCGA_b84_115_SNP_N_GenomeWideSNP_6_B06_771488	4	172377724	191027923	12550	0.0216
DUNGS_p_TCGA_b84_115_SNP_N_GenomeWideSNP_6_B06_771488	5	15532	3766628	2721	-0.0093
DUNGS_p_TCGA_b84_115_SNP_N_GenomeWideSNP_6_B06_771488	5	3768493	3768938	2	-1.3486
DUNGS_p_TCGA_b84_115_SNP_N_GenomeWideSNP_6_B06_771488	5	3769282	7177338	3030	0.0023
DUNGS_p_TCGA_b84_115_SNP_N_GenomeWideSNP_6_B06_771488	5	7177740	7189925	25	-0.864
DUNGS_p_TCGA_b84_115_SNP_N_GenomeWideSNP_6_B06_771488	5	7202635	9204172	1655	0.0092
DUNGS_p_TCGA_b84_115_SNP_N_GenomeWideSNP_6_B06_771488	5	9205549	9205700	5	-0.7841
DUNGS_p_TCGA_b84_115_SNP_N_GenomeWideSNP_6_B06_771488	5	9214028	13802998	3372	0.0073
DUNGS_p_TCGA_b84_115_SNP_N_GenomeWideSNP_6_B06_771488	5	13803120	13803158	2	-1.1925
DUNGS_p_TCGA_b84_115_SNP_N_GenomeWideSNP_6_B06_771488	5	13803552	21376844	4933	0.0072
DUNGS_p_TCGA_b84_115_SNP_N_GenomeWideSNP_6_B06_771488	5	21377839	21377853	2	1.5986
DUNGS_p_TCGA_b84_115_SNP_N_GenomeWideSNP_6_B06_771488	5	21386066	21446059	43	0.0161
DUNGS_p_TCGA_b84_115_SNP_N_GenomeWideSNP_6_B06_771488	5	21449219	21452438	7	0.643
DUNGS_p_TCGA_b84_115_SNP_N_GenomeWideSNP_6_B06_771488	5	21452496	34588336	8183	0.0096
DUNGS_p_TCGA_b84_115_SNP_N_GenomeWideSNP_6_B06_771488	5	34588496	34593221	2	-1.3152
DUNGS_p_TCGA_b84_115_SNP_N_GenomeWideSNP_6_B06_771488	5	34593365	46191884	6836	0.0027
DUNGS_p_TCGA_b84_115_SNP_N_GenomeWideSNP_6_B06_771488	5	46195883	46199435	4	-1.4943
DUNGS_p_TCGA_b84_115_SNP_N_GenomeWideSNP_6_B06_771488	5	46209299	46251306	13	0.003
DUNGS_p_TCGA_b84_115_SNP_N_GenomeWideSNP_6_B06_771488	5	46271008	46273502	8	0.8601
DUNGS_p_TCGA_b84_115_SNP_N_GenomeWideSNP_6_B06_771488	5	46278212	49432831	20	0.0141
DUNGS_p_TCGA_b84_115_SNP_N_GenomeWideSNP_6_B06_771488	5	49441958	49447306	2	0.9193
DUNGS_p_TCGA_b84_115_SNP_N_GenomeWideSNP_6_B06_771488	5	49455636	52069314	1421	0.0073
DUNGS_p_TCGA_b84_115_SNP_N_GenomeWideSNP_6_B06_771488	5	52069422	52069435	2	-1.4034
DUNGS_p_TCGA_b84_115_SNP_N_GenomeWideSNP_6_B06_771488	5	52069497	57326027	3640	0.0075
DUNGS_p_TCGA_b84_115_SNP_N_GenomeWideSNP_6_B06_771488	5	57326163	57333293	29	-0.5802
DUNGS_p_TCGA_b84_115_SNP_N_GenomeWideSNP_6_B06_771488	5	57333515	68846303	7310	0.0073
DUNGS_p_TCGA_b84_115_SNP_N_GenomeWideSNP_6_B06_771488	5	68867294	69074977	2	-1.8191
DUNGS_p_TCGA_b84_115_SNP_N_GenomeWideSNP_6_B06_771488	5	69074991	75967232	3632	-0.0014
DUNGS_p_TCGA_b84_115_SNP_N_GenomeWideSNP_6_B06_771488	5	75967629	75968099	2	-1.2232
DUNGS_p_TCGA_b84_115_SNP_N_GenomeWideSNP_6_B06_771488	5	75968518	100068475	13744	0.0078
DUNGS_p_TCGA_b84_115_SNP_N_GenomeWideSNP_6_B06_771488	5	100068874	100069451	2	-1.592
DUNGS_p_TCGA_b84_115_SNP_N_GenomeWideSNP_6_B06_771488	5	100073086	140218330	25476	0.0055
DUNGS_p_TCGA_b84_115_SNP_N_GenomeWideSNP_6_B06_771488	5	140218722	140231839	11	-0.6806
DUNGS_p_TCGA_b84_115_SNP_N_GenomeWideSNP_6_B06_771488	5	140241027	141067300	357	0.0076
DUNGS_p_TCGA_b84_115_SNP_N_GenomeWideSNP_6_B06_771488	5	141067338	141067568	3	1.1439
DUNGS_p_TCGA_b84_115_SNP_N_GenomeWideSNP_6_B06_771488	5	141072485	151515470	7197	0.0047
DUNGS_p_TCGA_b84_115_SNP_N_GenomeWideSNP_6_B06_771488	5	151515484	151518351	12	-0.7821
DUNGS_p_TCGA_b84_115_SNP_N_GenomeWideSNP_6_B06_771488	5	151520271	154905984	2268	-0.0041
DUNGS_p_TCGA_b84_115_SNP_N_GenomeWideSNP_6_B06_771488	5	154911842	154928280	9	0.5934
DUNGS_p_TCGA_b84_115_SNP_N_GenomeWideSNP_6_B06_771488	5	154929106	179738439	16711	0.0013
DUNGS_p_TCGA_b84_115_SNP_N_GenomeWideSNP_6_B06_771488	5	179743194	179743637	3	-0.9876
DUNGS_p_TCGA_b84_115_SNP_N_GenomeWideSNP_6_B06_771488	5	179744009	180378888	347	0.009
DUNGS_p_TCGA_b84_115_SNP_N_GenomeWideSNP_6_B06_771488	5	180380203	180433264	19	-0.4279
DUNGS_p_TCGA_b84_115_SNP_N_GenomeWideSNP_6_B06_771488	5	180442400	180790320	169	0.056
DUNGS_p_TCGA_b84_115_SNP_N_GenomeWideSNP_6_B06_771488	6	149661	21637208	16630	0.0084
DUNGS_p_TCGA_b84_115_SNP_N_GenomeWideSNP_6_B06_771488	6	21645743	21648879	2	-1.236
DUNGS_p_TCGA_b84_115_SNP_N_GenomeWideSNP_6_B06_771488	6	21651003	29084087	4730	0.005
DUNGS_p_TCGA_b84_115_SNP_N_GenomeWideSNP_6_B06_771488	6	29096033	29162840	10	-0.9372
DUNGS_p_TCGA_b84_115_SNP_N_GenomeWideSNP_6_B06_771488	6	29167575	29664452	239	0.0083
DUNGS_p_TCGA_b84_115_SNP_N_GenomeWideSNP_6_B06_771488	6	29669443	29669751	2	0.7891
DUNGS_p_TCGA_b84_115_SNP_N_GenomeWideSNP_6_B06_771488	6	29670536	29757715	80	0.0049
DUNGS_p_TCGA_b84_115_SNP_N_GenomeWideSNP_6_B06_771488	6	29762178	29785680	17	-0.3537
DUNGS_p_TCGA_b84_115_SNP_N_GenomeWideSNP_6_B06_771488	6	29789171	29874709	79	0.0067
DUNGS_p_TCGA_b84_115_SNP_N_GenomeWideSNP_6_B06_771488	6	29874808	29898897	9	-0.9003
DUNGS_p_TCGA_b84_115_SNP_N_GenomeWideSNP_6_B06_771488	6	29899677	32452801	1177	0.0319
DUNGS_p_TCGA_b84_115_SNP_N_GenomeWideSNP_6_B06_771488	6	32452929	32518769	22	-0.5416
DUNGS_p_TCGA_b84_115_SNP_N_GenomeWideSNP_6_B06_771488	6	32527284	32595083	29	-0.0383
DUNGS_p_TCGA_b84_115_SNP_N_GenomeWideSNP_6_B06_771488	6	32595232	32601317	2	-2.0642
DUNGS_p_TCGA_b84_115_SNP_N_GenomeWideSNP_6_B06_771488	6	32602107	50892728	11556	0.0113
DUNGS_p_TCGA_b84_115_SNP_N_GenomeWideSNP_6_B06_771488	6	50893251	50893291	2	1.7487
DUNGS_p_TCGA_b84_115_SNP_N_GenomeWideSNP_6_B06_771488	6	50899273	67008286	7688	0.007
DUNGS_p_TCGA_b84_115_SNP_N_GenomeWideSNP_6_B06_771488	6	67009023	67048629	55	-0.7364
DUNGS_p_TCGA_b84_115_SNP_N_GenomeWideSNP_6_B06_771488	6	67049406	67072544	26	0.0153
DUNGS_p_TCGA_b84_115_SNP_N_GenomeWideSNP_6_B06_771488	6	67075389	67113623	25	0.2831
DUNGS_p_TCGA_b84_115_SNP_N_GenomeWideSNP_6_B06_771488	6	67116551	72305860	3484	0.0021
DUNGS_p_TCGA_b84_115_SNP_N_GenomeWideSNP_6_B06_771488	6	72312071	72312268	2	-1.2384
DUNGS_p_TCGA_b84_115_SNP_N_GenomeWideSNP_6_B06_771488	6	72315440	74592225	1472	0.0014
DUNGS_p_TCGA_b84_115_SNP_N_GenomeWideSNP_6_B06_771488	6	74592457	74601410	9	-0.613
DUNGS_p_TCGA_b84_115_SNP_N_GenomeWideSNP_6_B06_771488	6	74603555	77014948	1472	0.0032
DUNGS_p_TCGA_b84_115_SNP_N_GenomeWideSNP_6_B06_771488	6	77016900	77016926	3	1.0376
DUNGS_p_TCGA_b84_115_SNP_N_GenomeWideSNP_6_B06_771488	6	77016993	77421492	287	-0.0202
DUNGS_p_TCGA_b84_115_SNP_N_GenomeWideSNP_6_B06_771488	6	77422497	77452757	30	0.3301
DUNGS_p_TCGA_b84_115_SNP_N_GenomeWideSNP_6_B06_771488	6	77461073	78962626	978	0.0142
DUNGS_p_TCGA_b84_115_SNP_N_GenomeWideSNP_6_B06_771488	6	78962874	79035185	115	0.3896
DUNGS_p_TCGA_b84_115_SNP_N_GenomeWideSNP_6_B06_771488	6	79039234	87346865	5190	0.0075
DUNGS_p_TCGA_b84_115_SNP_N_GenomeWideSNP_6_B06_771488	6	87346983	87351573	4	-1.0198
DUNGS_p_TCGA_b84_115_SNP_N_GenomeWideSNP_6_B06_771488	6	87352034	95285922	5257	0.0092
DUNGS_p_TCGA_b84_115_SNP_N_GenomeWideSNP_6_B06_771488	6	95291024	95292392	2	-1.161
DUNGS_p_TCGA_b84_115_SNP_N_GenomeWideSNP_6_B06_771488	6	95295064	134266268	24208	0.0067
DUNGS_p_TCGA_b84_115_SNP_N_GenomeWideSNP_6_B06_771488	6	134269071	134269632	2	-2.2582
DUNGS_p_TCGA_b84_115_SNP_N_GenomeWideSNP_6_B06_771488	6	134272072	171051005	25178	0.0073
DUNGS_p_TCGA_b84_115_SNP_N_GenomeWideSNP_6_B06_771488	7	43355	7145843	3589	0.0184
DUNGS_p_TCGA_b84_115_SNP_N_GenomeWideSNP_6_B06_771488	7	7150001	7150307	2	-1.3847
DUNGS_p_TCGA_b84_115_SNP_N_GenomeWideSNP_6_B06_771488	7	7152178	18242344	9080	0.0215
DUNGS_p_TCGA_b84_115_SNP_N_GenomeWideSNP_6_B06_771488	7	18244502	18245070	3	-0.99
DUNGS_p_TCGA_b84_115_SNP_N_GenomeWideSNP_6_B06_771488	7	18247190	38391365	14914	0.0057
DUNGS_p_TCGA_b84_115_SNP_N_GenomeWideSNP_6_B06_771488	7	38392036	38398047	4	0.9229
DUNGS_p_TCGA_b84_115_SNP_N_GenomeWideSNP_6_B06_771488	7	38400957	39119165	562	0.0056
DUNGS_p_TCGA_b84_115_SNP_N_GenomeWideSNP_6_B06_771488	7	39119320	39121390	2	-1.032
DUNGS_p_TCGA_b84_115_SNP_N_GenomeWideSNP_6_B06_771488	7	39121465	54386505	10457	0.0091
DUNGS_p_TCGA_b84_115_SNP_N_GenomeWideSNP_6_B06_771488	7	54386509	54386517	5	1.9641
DUNGS_p_TCGA_b84_115_SNP_N_GenomeWideSNP_6_B06_771488	7	54393488	75351138	8186	0.0157
DUNGS_p_TCGA_b84_115_SNP_N_GenomeWideSNP_6_B06_771488	7	75354183	75374657	9	0.6462
DUNGS_p_TCGA_b84_115_SNP_N_GenomeWideSNP_6_B06_771488	7	75376112	88839780	8515	0.0074
DUNGS_p_TCGA_b84_115_SNP_N_GenomeWideSNP_6_B06_771488	7	88843761	88843852	2	-1.081
DUNGS_p_TCGA_b84_115_SNP_N_GenomeWideSNP_6_B06_771488	7	88848187	91358314	1706	0.0254
DUNGS_p_TCGA_b84_115_SNP_N_GenomeWideSNP_6_B06_771488	7	91358540	91359591	9	-1.123
DUNGS_p_TCGA_b84_115_SNP_N_GenomeWideSNP_6_B06_771488	7	91360990	109433785	10405	0.0076
DUNGS_p_TCGA_b84_115_SNP_N_GenomeWideSNP_6_B06_771488	7	109433798	109441212	25	-0.454
DUNGS_p_TCGA_b84_115_SNP_N_GenomeWideSNP_6_B06_771488	7	109441244	109453910	11	-2.2994
DUNGS_p_TCGA_b84_115_SNP_N_GenomeWideSNP_6_B06_771488	7	109453982	111060785	1091	0.0134
DUNGS_p_TCGA_b84_115_SNP_N_GenomeWideSNP_6_B06_771488	7	111065292	111066659	6	-1.1436
DUNGS_p_TCGA_b84_115_SNP_N_GenomeWideSNP_6_B06_771488	7	111069414	126045651	8952	0.0083
DUNGS_p_TCGA_b84_115_SNP_N_GenomeWideSNP_6_B06_771488	7	126045686	126046615	9	-1.3443
DUNGS_p_TCGA_b84_115_SNP_N_GenomeWideSNP_6_B06_771488	7	126046876	126244330	142	-0.0085
DUNGS_p_TCGA_b84_115_SNP_N_GenomeWideSNP_6_B06_771488	7	126247731	126262856	4	-0.7375
DUNGS_p_TCGA_b84_115_SNP_N_GenomeWideSNP_6_B06_771488	7	126262995	133775139	4556	0.0034
DUNGS_p_TCGA_b84_115_SNP_N_GenomeWideSNP_6_B06_771488	7	133775152	133798067	39	-0.2629
DUNGS_p_TCGA_b84_115_SNP_N_GenomeWideSNP_6_B06_771488	7	133798109	142047109	5443	0.0084
DUNGS_p_TCGA_b84_115_SNP_N_GenomeWideSNP_6_B06_771488	7	142047132	142047396	4	0.6639
DUNGS_p_TCGA_b84_115_SNP_N_GenomeWideSNP_6_B06_771488	7	142047648	142474939	255	0.016
DUNGS_p_TCGA_b84_115_SNP_N_GenomeWideSNP_6_B06_771488	7	142476719	142479722	8	-3.2831
DUNGS_p_TCGA_b84_115_SNP_N_GenomeWideSNP_6_B06_771488	7	142479807	142485699	14	-1.6075
DUNGS_p_TCGA_b84_115_SNP_N_GenomeWideSNP_6_B06_771488	7	142485771	142486045	5	-2.9067
DUNGS_p_TCGA_b84_115_SNP_N_GenomeWideSNP_6_B06_771488	7	142486115	143873952	838	0.0043
DUNGS_p_TCGA_b84_115_SNP_N_GenomeWideSNP_6_B06_771488	7	143896252	144066947	44	0.6518
DUNGS_p_TCGA_b84_115_SNP_N_GenomeWideSNP_6_B06_771488	7	144074929	150300735	3863	0.0103
DUNGS_p_TCGA_b84_115_SNP_N_GenomeWideSNP_6_B06_771488	7	150300867	150301569	3	-1.9099
DUNGS_p_TCGA_b84_115_SNP_N_GenomeWideSNP_6_B06_771488	7	150307922	155464029	3510	0.009
DUNGS_p_TCGA_b84_115_SNP_N_GenomeWideSNP_6_B06_771488	7	155465863	155466938	2	1.2979
DUNGS_p_TCGA_b84_115_SNP_N_GenomeWideSNP_6_B06_771488	7	155469636	159127004	2327	0.001
DUNGS_p_TCGA_b84_115_SNP_N_GenomeWideSNP_6_B06_771488	8	31254	594944	328	0.047
DUNGS_p_TCGA_b84_115_SNP_N_GenomeWideSNP_6_B06_771488	8	594973	595474	4	-0.8236
DUNGS_p_TCGA_b84_115_SNP_N_GenomeWideSNP_6_B06_771488	8	595693	6814445	7363	0.027
DUNGS_p_TCGA_b84_115_SNP_N_GenomeWideSNP_6_B06_771488	8	6814656	6815328	6	-1.6585
DUNGS_p_TCGA_b84_115_SNP_N_GenomeWideSNP_6_B06_771488	8	6815579	6837933	40	0.0591
DUNGS_p_TCGA_b84_115_SNP_N_GenomeWideSNP_6_B06_771488	8	6839705	6859662	5	-0.8692
DUNGS_p_TCGA_b84_115_SNP_N_GenomeWideSNP_6_B06_771488	8	6876142	7958599	299	0.0541
DUNGS_p_TCGA_b84_115_SNP_N_GenomeWideSNP_6_B06_771488	8	7958962	7962459	3	-0.9827
DUNGS_p_TCGA_b84_115_SNP_N_GenomeWideSNP_6_B06_771488	8	7962597	12198254	3276	0.0194
DUNGS_p_TCGA_b84_115_SNP_N_GenomeWideSNP_6_B06_771488	8	12216009	12247486	40	0.3489
DUNGS_p_TCGA_b84_115_SNP_N_GenomeWideSNP_6_B06_771488	8	12260927	14509568	2026	0.0151
DUNGS_p_TCGA_b84_115_SNP_N_GenomeWideSNP_6_B06_771488	8	14510032	14510074	3	0.9175
DUNGS_p_TCGA_b84_115_SNP_N_GenomeWideSNP_6_B06_771488	8	14510396	39230325	17547	0.0099
DUNGS_p_TCGA_b84_115_SNP_N_GenomeWideSNP_6_B06_771488	8	39230659	39386965	60	0.672
DUNGS_p_TCGA_b84_115_SNP_N_GenomeWideSNP_6_B06_771488	8	39388299	50670146	4371	0.0047
DUNGS_p_TCGA_b84_115_SNP_N_GenomeWideSNP_6_B06_771488	8	50672934	50673567	2	-1.6106
DUNGS_p_TCGA_b84_115_SNP_N_GenomeWideSNP_6_B06_771488	8	50673770	75505729	15856	0.0072
DUNGS_p_TCGA_b84_115_SNP_N_GenomeWideSNP_6_B06_771488	8	75505963	75505981	2	-1.2365
DUNGS_p_TCGA_b84_115_SNP_N_GenomeWideSNP_6_B06_771488	8	75512491	78638028	1841	0.0041
DUNGS_p_TCGA_b84_115_SNP_N_GenomeWideSNP_6_B06_771488	8	78643559	78644390	3	-0.8733
DUNGS_p_TCGA_b84_115_SNP_N_GenomeWideSNP_6_B06_771488	8	78655555	112291494	20013	0.0059
DUNGS_p_TCGA_b84_115_SNP_N_GenomeWideSNP_6_B06_771488	8	112294279	112295260	10	1.1612
DUNGS_p_TCGA_b84_115_SNP_N_GenomeWideSNP_6_B06_771488	8	112300281	115631436	1829	0.0054
DUNGS_p_TCGA_b84_115_SNP_N_GenomeWideSNP_6_B06_771488	8	115632043	115638701	18	0.406
DUNGS_p_TCGA_b84_115_SNP_N_GenomeWideSNP_6_B06_771488	8	115638838	146298155	21112	0.005
DUNGS_p_TCGA_b84_115_SNP_N_GenomeWideSNP_6_B06_771488	9	46587	5079156	5258	0.021
DUNGS_p_TCGA_b84_115_SNP_N_GenomeWideSNP_6_B06_771488	9	5081416	5081766	8	-0.7577
DUNGS_p_TCGA_b84_115_SNP_N_GenomeWideSNP_6_B06_771488	9	5081852	6695986	1132	0.031
DUNGS_p_TCGA_b84_115_SNP_N_GenomeWideSNP_6_B06_771488	9	6701145	6708357	7	-0.8246
DUNGS_p_TCGA_b84_115_SNP_N_GenomeWideSNP_6_B06_771488	9	6712314	22694306	13639	0.0138
DUNGS_p_TCGA_b84_115_SNP_N_GenomeWideSNP_6_B06_771488	9	22695593	22696072	5	-0.9825
DUNGS_p_TCGA_b84_115_SNP_N_GenomeWideSNP_6_B06_771488	9	22696185	41628663	11326	0.0118
DUNGS_p_TCGA_b84_115_SNP_N_GenomeWideSNP_6_B06_771488	9	41629095	44145352	88	-0.3358
DUNGS_p_TCGA_b84_115_SNP_N_GenomeWideSNP_6_B06_771488	9	44155888	44404912	42	0.2118
DUNGS_p_TCGA_b84_115_SNP_N_GenomeWideSNP_6_B06_771488	9	44424451	45112376	61	-0.1518
DUNGS_p_TCGA_b84_115_SNP_N_GenomeWideSNP_6_B06_771488	9	45113522	46397841	68	-0.4186
DUNGS_p_TCGA_b84_115_SNP_N_GenomeWideSNP_6_B06_771488	9	46399281	68183981	66	0.0021
DUNGS_p_TCGA_b84_115_SNP_N_GenomeWideSNP_6_B06_771488	9	68186051	68186059	5	1.378
DUNGS_p_TCGA_b84_115_SNP_N_GenomeWideSNP_6_B06_771488	9	68188340	68995234	90	-0.0565
DUNGS_p_TCGA_b84_115_SNP_N_GenomeWideSNP_6_B06_771488	9	68999548	69492981	33	-0.4697
DUNGS_p_TCGA_b84_115_SNP_N_GenomeWideSNP_6_B06_771488	9	69492991	69522825	12	0.532
DUNGS_p_TCGA_b84_115_SNP_N_GenomeWideSNP_6_B06_771488	9	69533038	71005578	93	-0.2855
DUNGS_p_TCGA_b84_115_SNP_N_GenomeWideSNP_6_B06_771488	9	71006575	71583085	497	5e-04
DUNGS_p_TCGA_b84_115_SNP_N_GenomeWideSNP_6_B06_771488	9	71583098	71585851	4	0.5808
DUNGS_p_TCGA_b84_115_SNP_N_GenomeWideSNP_6_B06_771488	9	71587849	72808962	1006	-0.0171
DUNGS_p_TCGA_b84_115_SNP_N_GenomeWideSNP_6_B06_771488	9	72810986	72812754	2	-1.3817
DUNGS_p_TCGA_b84_115_SNP_N_GenomeWideSNP_6_B06_771488	9	72813681	89210029	11600	0.0034
DUNGS_p_TCGA_b84_115_SNP_N_GenomeWideSNP_6_B06_771488	9	89211117	89214615	2	-1.1929
DUNGS_p_TCGA_b84_115_SNP_N_GenomeWideSNP_6_B06_771488	9	89227755	106796945	11923	0.0021
DUNGS_p_TCGA_b84_115_SNP_N_GenomeWideSNP_6_B06_771488	9	106797388	106797735	2	-1.3851
DUNGS_p_TCGA_b84_115_SNP_N_GenomeWideSNP_6_B06_771488	9	106798307	140689406	22797	0.0023
DUNGS_p_TCGA_b84_115_SNP_N_GenomeWideSNP_6_B06_771488	9	140689781	140691685	2	1.1799
DUNGS_p_TCGA_b84_115_SNP_N_GenomeWideSNP_6_B06_771488	9	140692260	141071475	229	-0.0286
DUNGS_p_TCGA_b84_115_SNP_N_GenomeWideSNP_6_B06_771488	9	141071527	141091394	7	-0.2067
DUNGS_p_TCGA_b84_115_SNP_N_GenomeWideSNP_6_B06_771488	10	72759	130308	14	0.0852
DUNGS_p_TCGA_b84_115_SNP_N_GenomeWideSNP_6_B06_771488	10	133551	143255	9	-0.7547
DUNGS_p_TCGA_b84_115_SNP_N_GenomeWideSNP_6_B06_771488	10	143543	2554313	1907	-0.0025
DUNGS_p_TCGA_b84_115_SNP_N_GenomeWideSNP_6_B06_771488	10	2562267	2562753	4	1.1197
DUNGS_p_TCGA_b84_115_SNP_N_GenomeWideSNP_6_B06_771488	10	2570994	15603978	11254	0.0078
DUNGS_p_TCGA_b84_115_SNP_N_GenomeWideSNP_6_B06_771488	10	15605979	15606342	2	-1.1038
DUNGS_p_TCGA_b84_115_SNP_N_GenomeWideSNP_6_B06_771488	10	15609606	20840874	3866	0.0016
DUNGS_p_TCGA_b84_115_SNP_N_GenomeWideSNP_6_B06_771488	10	20850112	20853534	6	-0.6968
DUNGS_p_TCGA_b84_115_SNP_N_GenomeWideSNP_6_B06_771488	10	20862427	46293619	14540	0.0059
DUNGS_p_TCGA_b84_115_SNP_N_GenomeWideSNP_6_B06_771488	10	46312487	46511281	5	0.7117
DUNGS_p_TCGA_b84_115_SNP_N_GenomeWideSNP_6_B06_771488	10	46527677	47771030	374	-0.0373
DUNGS_p_TCGA_b84_115_SNP_N_GenomeWideSNP_6_B06_771488	10	47897394	47948060	4	-1.864
DUNGS_p_TCGA_b84_115_SNP_N_GenomeWideSNP_6_B06_771488	10	47960476	48694134	283	0.0232
DUNGS_p_TCGA_b84_115_SNP_N_GenomeWideSNP_6_B06_771488	10	48695090	48695371	2	-1.1821
DUNGS_p_TCGA_b84_115_SNP_N_GenomeWideSNP_6_B06_771488	10	48698626	56680277	5142	0.0065
DUNGS_p_TCGA_b84_115_SNP_N_GenomeWideSNP_6_B06_771488	10	56683090	56684037	2	-2.0535
DUNGS_p_TCGA_b84_115_SNP_N_GenomeWideSNP_6_B06_771488	10	56687294	60927138	3035	0.0094
DUNGS_p_TCGA_b84_115_SNP_N_GenomeWideSNP_6_B06_771488	10	60929177	60929465	2	-1.1117
DUNGS_p_TCGA_b84_115_SNP_N_GenomeWideSNP_6_B06_771488	10	60929918	67307951	4341	0.0015
DUNGS_p_TCGA_b84_115_SNP_N_GenomeWideSNP_6_B06_771488	10	67308017	67322926	27	0.4012
DUNGS_p_TCGA_b84_115_SNP_N_GenomeWideSNP_6_B06_771488	10	67325453	78252851	6805	0.0033
DUNGS_p_TCGA_b84_115_SNP_N_GenomeWideSNP_6_B06_771488	10	78257061	78261267	3	-1.1975
DUNGS_p_TCGA_b84_115_SNP_N_GenomeWideSNP_6_B06_771488	10	78262182	88976597	7674	0.0051
DUNGS_p_TCGA_b84_115_SNP_N_GenomeWideSNP_6_B06_771488	10	89018962	89019812	2	-1.6598
DUNGS_p_TCGA_b84_115_SNP_N_GenomeWideSNP_6_B06_771488	10	89029243	135506704	31873	0.0046
DUNGS_p_TCGA_b84_115_SNP_N_GenomeWideSNP_6_B06_771488	11	198510	4967396	2478	0.0111
DUNGS_p_TCGA_b84_115_SNP_N_GenomeWideSNP_6_B06_771488	11	4967650	4973894	26	-0.292
DUNGS_p_TCGA_b84_115_SNP_N_GenomeWideSNP_6_B06_771488	11	4974029	18940870	10269	0.0068
DUNGS_p_TCGA_b84_115_SNP_N_GenomeWideSNP_6_B06_771488	11	18949072	18961178	40	-1.0767
DUNGS_p_TCGA_b84_115_SNP_N_GenomeWideSNP_6_B06_771488	11	18961281	18961922	15	-0.3788
DUNGS_p_TCGA_b84_115_SNP_N_GenomeWideSNP_6_B06_771488	11	18961935	31393294	9107	0.0044
DUNGS_p_TCGA_b84_115_SNP_N_GenomeWideSNP_6_B06_771488	11	31394268	31397080	2	-2.6642
DUNGS_p_TCGA_b84_115_SNP_N_GenomeWideSNP_6_B06_771488	11	31398207	48598422	11532	0.0057
DUNGS_p_TCGA_b84_115_SNP_N_GenomeWideSNP_6_B06_771488	11	48601434	48602676	2	-1.9282
DUNGS_p_TCGA_b84_115_SNP_N_GenomeWideSNP_6_B06_771488	11	48606318	51337258	893	0.0129
DUNGS_p_TCGA_b84_115_SNP_N_GenomeWideSNP_6_B06_771488	11	51352990	51357245	3	-1.3024
DUNGS_p_TCGA_b84_115_SNP_N_GenomeWideSNP_6_B06_771488	11	51375310	55363340	329	0.0429
DUNGS_p_TCGA_b84_115_SNP_N_GenomeWideSNP_6_B06_771488	11	55374032	55453576	60	-0.2574
DUNGS_p_TCGA_b84_115_SNP_N_GenomeWideSNP_6_B06_771488	11	55460683	65923250	5684	0.0153
DUNGS_p_TCGA_b84_115_SNP_N_GenomeWideSNP_6_B06_771488	11	65925246	65932646	7	-1.0212
DUNGS_p_TCGA_b84_115_SNP_N_GenomeWideSNP_6_B06_771488	11	65943773	84437557	10870	0.005
DUNGS_p_TCGA_b84_115_SNP_N_GenomeWideSNP_6_B06_771488	11	84443297	84536918	54	-0.9339
DUNGS_p_TCGA_b84_115_SNP_N_GenomeWideSNP_6_B06_771488	11	84541974	89546927	3343	0.0027
DUNGS_p_TCGA_b84_115_SNP_N_GenomeWideSNP_6_B06_771488	11	89548104	89567541	4	0.9719
DUNGS_p_TCGA_b84_115_SNP_N_GenomeWideSNP_6_B06_771488	11	89580352	98264664	6051	0.0103
DUNGS_p_TCGA_b84_115_SNP_N_GenomeWideSNP_6_B06_771488	11	98266075	98266295	2	-1.0752
DUNGS_p_TCGA_b84_115_SNP_N_GenomeWideSNP_6_B06_771488	11	98269359	134944770	26457	0.0021
DUNGS_p_TCGA_b84_115_SNP_N_GenomeWideSNP_6_B06_771488	12	150442	865970	418	0.0315
DUNGS_p_TCGA_b84_115_SNP_N_GenomeWideSNP_6_B06_771488	12	869109	874029	18	-0.7332
DUNGS_p_TCGA_b84_115_SNP_N_GenomeWideSNP_6_B06_771488	12	875354	7994787	4942	0.0107
DUNGS_p_TCGA_b84_115_SNP_N_GenomeWideSNP_6_B06_771488	12	8004425	8123900	60	0.6149
DUNGS_p_TCGA_b84_115_SNP_N_GenomeWideSNP_6_B06_771488	12	8130958	11220827	1843	0.0179
DUNGS_p_TCGA_b84_115_SNP_N_GenomeWideSNP_6_B06_771488	12	11222368	11241532	10	-1.3851
DUNGS_p_TCGA_b84_115_SNP_N_GenomeWideSNP_6_B06_771488	12	11251874	20361586	6224	0.01
DUNGS_p_TCGA_b84_115_SNP_N_GenomeWideSNP_6_B06_771488	12	20364562	20364825	2	-1.066
DUNGS_p_TCGA_b84_115_SNP_N_GenomeWideSNP_6_B06_771488	12	20365484	32024256	8440	0.0108
DUNGS_p_TCGA_b84_115_SNP_N_GenomeWideSNP_6_B06_771488	12	32024644	32041169	22	0.302
DUNGS_p_TCGA_b84_115_SNP_N_GenomeWideSNP_6_B06_771488	12	32043764	33294660	915	-0.0016
DUNGS_p_TCGA_b84_115_SNP_N_GenomeWideSNP_6_B06_771488	12	33301406	33307374	27	0.4127
DUNGS_p_TCGA_b84_115_SNP_N_GenomeWideSNP_6_B06_771488	12	33308360	45904438	5632	0.0137
DUNGS_p_TCGA_b84_115_SNP_N_GenomeWideSNP_6_B06_771488	12	45905840	45909537	3	0.947
DUNGS_p_TCGA_b84_115_SNP_N_GenomeWideSNP_6_B06_771488	12	45913292	70871858	15211	0.0088
DUNGS_p_TCGA_b84_115_SNP_N_GenomeWideSNP_6_B06_771488	12	70872675	70878027	9	-2.0091
DUNGS_p_TCGA_b84_115_SNP_N_GenomeWideSNP_6_B06_771488	12	70879385	118049507	30913	0.0059
DUNGS_p_TCGA_b84_115_SNP_N_GenomeWideSNP_6_B06_771488	12	118051213	118051527	2	-1.089
DUNGS_p_TCGA_b84_115_SNP_N_GenomeWideSNP_6_B06_771488	12	118051578	130964718	8944	0.0148
DUNGS_p_TCGA_b84_115_SNP_N_GenomeWideSNP_6_B06_771488	12	130967846	130971710	2	-1.1821
DUNGS_p_TCGA_b84_115_SNP_N_GenomeWideSNP_6_B06_771488	12	130973189	133778189	1516	0.0072
DUNGS_p_TCGA_b84_115_SNP_N_GenomeWideSNP_6_B06_771488	13	19026949	19135291	10	-0.3628
DUNGS_p_TCGA_b84_115_SNP_N_GenomeWideSNP_6_B06_771488	13	19135703	19776854	346	0.0153
DUNGS_p_TCGA_b84_115_SNP_N_GenomeWideSNP_6_B06_771488	13	19777093	19777270	2	1.1808
DUNGS_p_TCGA_b84_115_SNP_N_GenomeWideSNP_6_B06_771488	13	19781460	23629187	2541	0.0119
DUNGS_p_TCGA_b84_115_SNP_N_GenomeWideSNP_6_B06_771488	13	23629210	23633515	13	-0.487
DUNGS_p_TCGA_b84_115_SNP_N_GenomeWideSNP_6_B06_771488	13	23638195	24141790	393	0.009
DUNGS_p_TCGA_b84_115_SNP_N_GenomeWideSNP_6_B06_771488	13	24142867	24156764	3	-0.966
DUNGS_p_TCGA_b84_115_SNP_N_GenomeWideSNP_6_B06_771488	13	24156765	24630915	375	0.0318
DUNGS_p_TCGA_b84_115_SNP_N_GenomeWideSNP_6_B06_771488	13	24632140	24633050	4	-1.0095
DUNGS_p_TCGA_b84_115_SNP_N_GenomeWideSNP_6_B06_771488	13	24635254	26309248	1264	0.0097
DUNGS_p_TCGA_b84_115_SNP_N_GenomeWideSNP_6_B06_771488	13	26310367	26310566	2	-0.9584
DUNGS_p_TCGA_b84_115_SNP_N_GenomeWideSNP_6_B06_771488	13	26310666	32532121	4701	0.0111
DUNGS_p_TCGA_b84_115_SNP_N_GenomeWideSNP_6_B06_771488	13	32532622	32538423	18	-0.8987
DUNGS_p_TCGA_b84_115_SNP_N_GenomeWideSNP_6_B06_771488	13	32540047	38071135	3907	0.0044
DUNGS_p_TCGA_b84_115_SNP_N_GenomeWideSNP_6_B06_771488	13	38072036	38084757	16	0.7161
DUNGS_p_TCGA_b84_115_SNP_N_GenomeWideSNP_6_B06_771488	13	38088330	39052811	701	-0.0037
DUNGS_p_TCGA_b84_115_SNP_N_GenomeWideSNP_6_B06_771488	13	39057572	39058056	2	-2.133
DUNGS_p_TCGA_b84_115_SNP_N_GenomeWideSNP_6_B06_771488	13	39065057	53094799	9220	0.0094
DUNGS_p_TCGA_b84_115_SNP_N_GenomeWideSNP_6_B06_771488	13	53097984	53105785	3	-1.5253
DUNGS_p_TCGA_b84_115_SNP_N_GenomeWideSNP_6_B06_771488	13	53117879	72476988	11675	0.0137
DUNGS_p_TCGA_b84_115_SNP_N_GenomeWideSNP_6_B06_771488	13	72477555	72480556	4	-2.9023
DUNGS_p_TCGA_b84_115_SNP_N_GenomeWideSNP_6_B06_771488	13	72480605	115108397	29177	0.0071
DUNGS_p_TCGA_b84_115_SNP_N_GenomeWideSNP_6_B06_771488	14	19002124	19602674	43	0.0589
DUNGS_p_TCGA_b84_115_SNP_N_GenomeWideSNP_6_B06_771488	14	19604114	20423372	147	-0.391
DUNGS_p_TCGA_b84_115_SNP_N_GenomeWideSNP_6_B06_771488	14	20424926	22354103	1308	0.0335
DUNGS_p_TCGA_b84_115_SNP_N_GenomeWideSNP_6_B06_771488	14	22359663	22367550	2	-1.1082
DUNGS_p_TCGA_b84_115_SNP_N_GenomeWideSNP_6_B06_771488	14	22368851	70013979	30229	0.0081
DUNGS_p_TCGA_b84_115_SNP_N_GenomeWideSNP_6_B06_771488	14	70018047	70022467	9	-0.7344
DUNGS_p_TCGA_b84_115_SNP_N_GenomeWideSNP_6_B06_771488	14	70022713	77969769	5103	0.0039
DUNGS_p_TCGA_b84_115_SNP_N_GenomeWideSNP_6_B06_771488	14	77970111	77972404	2	-1.2002
DUNGS_p_TCGA_b84_115_SNP_N_GenomeWideSNP_6_B06_771488	14	77973096	106054897	18222	0.0055
DUNGS_p_TCGA_b84_115_SNP_N_GenomeWideSNP_6_B06_771488	14	106078690	106167487	16	-0.4583
DUNGS_p_TCGA_b84_115_SNP_N_GenomeWideSNP_6_B06_771488	14	106194477	106328563	65	0.0411
DUNGS_p_TCGA_b84_115_SNP_N_GenomeWideSNP_6_B06_771488	14	106328827	106329229	4	-1.1376
DUNGS_p_TCGA_b84_115_SNP_N_GenomeWideSNP_6_B06_771488	14	106342317	106859058	211	-0.0311
DUNGS_p_TCGA_b84_115_SNP_N_GenomeWideSNP_6_B06_771488	14	106863516	106879831	10	-0.7761
DUNGS_p_TCGA_b84_115_SNP_N_GenomeWideSNP_6_B06_771488	14	106881352	107285437	274	0.0103
DUNGS_p_TCGA_b84_115_SNP_N_GenomeWideSNP_6_B06_771488	15	20016328	20440538	68	-0.01
DUNGS_p_TCGA_b84_115_SNP_N_GenomeWideSNP_6_B06_771488	15	20446138	20581455	35	-0.3443
DUNGS_p_TCGA_b84_115_SNP_N_GenomeWideSNP_6_B06_771488	15	20581562	20586483	7	-0.9233
DUNGS_p_TCGA_b84_115_SNP_N_GenomeWideSNP_6_B06_771488	15	20586659	22280477	198	-0.3129
DUNGS_p_TCGA_b84_115_SNP_N_GenomeWideSNP_6_B06_771488	15	22284954	22681250	117	-0.6949
DUNGS_p_TCGA_b84_115_SNP_N_GenomeWideSNP_6_B06_771488	15	22751094	24669745	1003	0.0123
DUNGS_p_TCGA_b84_115_SNP_N_GenomeWideSNP_6_B06_771488	15	24674751	24718596	40	-0.6057
DUNGS_p_TCGA_b84_115_SNP_N_GenomeWideSNP_6_B06_771488	15	24725293	30545030	3674	0.0119
DUNGS_p_TCGA_b84_115_SNP_N_GenomeWideSNP_6_B06_771488	15	30545493	30561567	6	-0.8335
DUNGS_p_TCGA_b84_115_SNP_N_GenomeWideSNP_6_B06_771488	15	30562770	32859858	1183	0.0343
DUNGS_p_TCGA_b84_115_SNP_N_GenomeWideSNP_6_B06_771488	15	32876831	32876984	2	-1.2397
DUNGS_p_TCGA_b84_115_SNP_N_GenomeWideSNP_6_B06_771488	15	32902983	53785039	13224	0.0092
DUNGS_p_TCGA_b84_115_SNP_N_GenomeWideSNP_6_B06_771488	15	53785153	53785279	4	-2.1163
DUNGS_p_TCGA_b84_115_SNP_N_GenomeWideSNP_6_B06_771488	15	53790247	76891241	14827	0.0065
DUNGS_p_TCGA_b84_115_SNP_N_GenomeWideSNP_6_B06_771488	15	76891511	76892041	8	-3.0532
DUNGS_p_TCGA_b84_115_SNP_N_GenomeWideSNP_6_B06_771488	15	76892193	76895775	13	-1.6246
DUNGS_p_TCGA_b84_115_SNP_N_GenomeWideSNP_6_B06_771488	15	76902179	83724960	4003	0.0055
DUNGS_p_TCGA_b84_115_SNP_N_GenomeWideSNP_6_B06_771488	15	83726179	83726267	2	-1.1604
DUNGS_p_TCGA_b84_115_SNP_N_GenomeWideSNP_6_B06_771488	15	83727419	84540181	430	-0.0311
DUNGS_p_TCGA_b84_115_SNP_N_GenomeWideSNP_6_B06_771488	15	84540717	84547547	9	-0.969
DUNGS_p_TCGA_b84_115_SNP_N_GenomeWideSNP_6_B06_771488	15	84547867	84828351	179	-0.0104
DUNGS_p_TCGA_b84_115_SNP_N_GenomeWideSNP_6_B06_771488	15	84861346	84915125	3	-1.001
DUNGS_p_TCGA_b84_115_SNP_N_GenomeWideSNP_6_B06_771488	15	84915273	102469040	13074	0.0088
DUNGS_p_TCGA_b84_115_SNP_N_GenomeWideSNP_6_B06_771488	16	60777	18177321	12810	0.0233
DUNGS_p_TCGA_b84_115_SNP_N_GenomeWideSNP_6_B06_771488	16	18181984	18238289	4	-0.8085
DUNGS_p_TCGA_b84_115_SNP_N_GenomeWideSNP_6_B06_771488	16	18242726	18727232	34	0.0178
DUNGS_p_TCGA_b84_115_SNP_N_GenomeWideSNP_6_B06_771488	16	18742110	18762456	5	-1.1696
DUNGS_p_TCGA_b84_115_SNP_N_GenomeWideSNP_6_B06_771488	16	18766229	19944363	688	0.0012
DUNGS_p_TCGA_b84_115_SNP_N_GenomeWideSNP_6_B06_771488	16	19945650	19967362	29	-0.9312
DUNGS_p_TCGA_b84_115_SNP_N_GenomeWideSNP_6_B06_771488	16	19970254	32028306	6524	0.0115
DUNGS_p_TCGA_b84_115_SNP_N_GenomeWideSNP_6_B06_771488	16	32033386	32848898	134	-0.4868
DUNGS_p_TCGA_b84_115_SNP_N_GenomeWideSNP_6_B06_771488	16	32848904	33241953	35	-0.8696
DUNGS_p_TCGA_b84_115_SNP_N_GenomeWideSNP_6_B06_771488	16	33300894	33423063	15	-0.0617
DUNGS_p_TCGA_b84_115_SNP_N_GenomeWideSNP_6_B06_771488	16	33432160	33631830	74	-0.5409
DUNGS_p_TCGA_b84_115_SNP_N_GenomeWideSNP_6_B06_771488	16	33643399	55795214	6995	2e-04
DUNGS_p_TCGA_b84_115_SNP_N_GenomeWideSNP_6_B06_771488	16	55796389	55822444	22	-0.8083
DUNGS_p_TCGA_b84_115_SNP_N_GenomeWideSNP_6_B06_771488	16	55829557	60553311	2947	0.0086
DUNGS_p_TCGA_b84_115_SNP_N_GenomeWideSNP_6_B06_771488	16	60555538	60571219	9	-0.8369
DUNGS_p_TCGA_b84_115_SNP_N_GenomeWideSNP_6_B06_771488	16	60574394	78371608	11483	0.0036
DUNGS_p_TCGA_b84_115_SNP_N_GenomeWideSNP_6_B06_771488	16	78372440	78384765	17	0.8696
DUNGS_p_TCGA_b84_115_SNP_N_GenomeWideSNP_6_B06_771488	16	78385001	90287535	10653	0.0121
DUNGS_p_TCGA_b84_115_SNP_N_GenomeWideSNP_6_B06_771488	17	526	6100784	3378	0.0102
DUNGS_p_TCGA_b84_115_SNP_N_GenomeWideSNP_6_B06_771488	17	6100796	6100811	2	-2.5032
DUNGS_p_TCGA_b84_115_SNP_N_GenomeWideSNP_6_B06_771488	17	6101043	7889455	1009	-0.0043
DUNGS_p_TCGA_b84_115_SNP_N_GenomeWideSNP_6_B06_771488	17	7892793	7893174	2	-1.2529
DUNGS_p_TCGA_b84_115_SNP_N_GenomeWideSNP_6_B06_771488	17	7897778	16654301	6127	0.0149
DUNGS_p_TCGA_b84_115_SNP_N_GenomeWideSNP_6_B06_771488	17	16657331	16735532	11	0.5488
DUNGS_p_TCGA_b84_115_SNP_N_GenomeWideSNP_6_B06_771488	17	16738160	18358946	925	-0.0045
DUNGS_p_TCGA_b84_115_SNP_N_GenomeWideSNP_6_B06_771488	17	18358949	18465221	27	-1.3492
DUNGS_p_TCGA_b84_115_SNP_N_GenomeWideSNP_6_B06_771488	17	18469197	20338373	815	0.0054
DUNGS_p_TCGA_b84_115_SNP_N_GenomeWideSNP_6_B06_771488	17	20338458	20354030	3	-0.8235
DUNGS_p_TCGA_b84_115_SNP_N_GenomeWideSNP_6_B06_771488	17	20364322	20395887	13	0.072
DUNGS_p_TCGA_b84_115_SNP_N_GenomeWideSNP_6_B06_771488	17	20410231	20413446	2	-1.3833
DUNGS_p_TCGA_b84_115_SNP_N_GenomeWideSNP_6_B06_771488	17	20431180	26779053	1498	0.0104
DUNGS_p_TCGA_b84_115_SNP_N_GenomeWideSNP_6_B06_771488	17	26781341	26782319	2	-1.8589
DUNGS_p_TCGA_b84_115_SNP_N_GenomeWideSNP_6_B06_771488	17	26789271	34436708	4592	0.0142
DUNGS_p_TCGA_b84_115_SNP_N_GenomeWideSNP_6_B06_771488	17	34437128	34485091	37	0.4904
DUNGS_p_TCGA_b84_115_SNP_N_GenomeWideSNP_6_B06_771488	17	34528125	39423077	2549	0.0119
DUNGS_p_TCGA_b84_115_SNP_N_GenomeWideSNP_6_B06_771488	17	39423090	39430450	19	-0.9721
DUNGS_p_TCGA_b84_115_SNP_N_GenomeWideSNP_6_B06_771488	17	39430531	44163098	2514	0.0128
DUNGS_p_TCGA_b84_115_SNP_N_GenomeWideSNP_6_B06_771488	17	44165803	44353885	122	0.38
DUNGS_p_TCGA_b84_115_SNP_N_GenomeWideSNP_6_B06_771488	17	44362009	44752300	51	-0.5179
DUNGS_p_TCGA_b84_115_SNP_N_GenomeWideSNP_6_B06_771488	17	44764994	81049726	21638	0.0088
DUNGS_p_TCGA_b84_115_SNP_N_GenomeWideSNP_6_B06_771488	18	11543	38260480	22869	0.0043
DUNGS_p_TCGA_b84_115_SNP_N_GenomeWideSNP_6_B06_771488	18	38260490	38265363	12	0.5173
DUNGS_p_TCGA_b84_115_SNP_N_GenomeWideSNP_6_B06_771488	18	38265377	51204135	8924	0.0032
DUNGS_p_TCGA_b84_115_SNP_N_GenomeWideSNP_6_B06_771488	18	51207209	51210640	5	-0.9592
DUNGS_p_TCGA_b84_115_SNP_N_GenomeWideSNP_6_B06_771488	18	51212148	63906866	8760	0.0038
DUNGS_p_TCGA_b84_115_SNP_N_GenomeWideSNP_6_B06_771488	18	63907434	63911589	10	-0.7228
DUNGS_p_TCGA_b84_115_SNP_N_GenomeWideSNP_6_B06_771488	18	63911876	78015057	10286	0.0217
DUNGS_p_TCGA_b84_115_SNP_N_GenomeWideSNP_6_B06_771488	19	90910	5506659	1600	0.008
DUNGS_p_TCGA_b84_115_SNP_N_GenomeWideSNP_6_B06_771488	19	5510239	5510653	3	-2.7699
DUNGS_p_TCGA_b84_115_SNP_N_GenomeWideSNP_6_B06_771488	19	5510700	12533259	3400	0.0192
DUNGS_p_TCGA_b84_115_SNP_N_GenomeWideSNP_6_B06_771488	19	12538765	12539599	3	0.8998
DUNGS_p_TCGA_b84_115_SNP_N_GenomeWideSNP_6_B06_771488	19	12539778	12692001	73	0.0063
DUNGS_p_TCGA_b84_115_SNP_N_GenomeWideSNP_6_B06_771488	19	12697366	12698102	2	-1.5228
DUNGS_p_TCGA_b84_115_SNP_N_GenomeWideSNP_6_B06_771488	19	12700523	21814919	4606	0.0131
DUNGS_p_TCGA_b84_115_SNP_N_GenomeWideSNP_6_B06_771488	19	21815640	21819869	2	1.1177
DUNGS_p_TCGA_b84_115_SNP_N_GenomeWideSNP_6_B06_771488	19	21820111	36845875	7614	0.0024
DUNGS_p_TCGA_b84_115_SNP_N_GenomeWideSNP_6_B06_771488	19	36846150	36847498	10	-1.3956
DUNGS_p_TCGA_b84_115_SNP_N_GenomeWideSNP_6_B06_771488	19	36847637	52131813	7665	0.011
DUNGS_p_TCGA_b84_115_SNP_N_GenomeWideSNP_6_B06_771488	19	52142352	52148197	11	0.5198
DUNGS_p_TCGA_b84_115_SNP_N_GenomeWideSNP_6_B06_771488	19	52154905	52607087	305	0.0696
DUNGS_p_TCGA_b84_115_SNP_N_GenomeWideSNP_6_B06_771488	19	52607765	52610463	4	-0.9553
DUNGS_p_TCGA_b84_115_SNP_N_GenomeWideSNP_6_B06_771488	19	52613498	56278050	2223	0.0385
DUNGS_p_TCGA_b84_115_SNP_N_GenomeWideSNP_6_B06_771488	19	56282070	56286293	6	0.8551
DUNGS_p_TCGA_b84_115_SNP_N_GenomeWideSNP_6_B06_771488	19	56288941	59097854	1849	0.0189
DUNGS_p_TCGA_b84_115_SNP_N_GenomeWideSNP_6_B06_771488	20	61305	1560999	1207	0.0294
DUNGS_p_TCGA_b84_115_SNP_N_GenomeWideSNP_6_B06_771488	20	1561580	1593893	41	-0.5599
DUNGS_p_TCGA_b84_115_SNP_N_GenomeWideSNP_6_B06_771488	20	1597946	52807890	33990	0.005
DUNGS_p_TCGA_b84_115_SNP_N_GenomeWideSNP_6_B06_771488	20	52807960	52808062	2	-1.2444
DUNGS_p_TCGA_b84_115_SNP_N_GenomeWideSNP_6_B06_771488	20	52808779	62956153	7294	1e-04
DUNGS_p_TCGA_b84_115_SNP_N_GenomeWideSNP_6_B06_771488	21	10736871	11091682	97	-0.2859
DUNGS_p_TCGA_b84_115_SNP_N_GenomeWideSNP_6_B06_771488	21	11107935	44968053	22568	0.0098
DUNGS_p_TCGA_b84_115_SNP_N_GenomeWideSNP_6_B06_771488	21	44970873	44972812	2	-2.9587
DUNGS_p_TCGA_b84_115_SNP_N_GenomeWideSNP_6_B06_771488	21	44973667	48096957	1766	0.0072
DUNGS_p_TCGA_b84_115_SNP_N_GenomeWideSNP_6_B06_771488	22	16052528	18655860	1214	0.0061
DUNGS_p_TCGA_b84_115_SNP_N_GenomeWideSNP_6_B06_771488	22	18672885	18810110	12	0.6905
DUNGS_p_TCGA_b84_115_SNP_N_GenomeWideSNP_6_B06_771488	22	18876428	22734158	2403	0.032
DUNGS_p_TCGA_b84_115_SNP_N_GenomeWideSNP_6_B06_771488	22	22740312	22740317	2	-1.416
DUNGS_p_TCGA_b84_115_SNP_N_GenomeWideSNP_6_B06_771488	22	22740319	22752462	18	-0.1223
DUNGS_p_TCGA_b84_115_SNP_N_GenomeWideSNP_6_B06_771488	22	22752680	22752880	4	-1.71
DUNGS_p_TCGA_b84_115_SNP_N_GenomeWideSNP_6_B06_771488	22	22757321	23900447	707	0.0308
DUNGS_p_TCGA_b84_115_SNP_N_GenomeWideSNP_6_B06_771488	22	23901705	23902620	2	-1.1508
DUNGS_p_TCGA_b84_115_SNP_N_GenomeWideSNP_6_B06_771488	22	23905462	34754100	8112	0.0045
DUNGS_p_TCGA_b84_115_SNP_N_GenomeWideSNP_6_B06_771488	22	34756718	34757006	2	-1.1658
DUNGS_p_TCGA_b84_115_SNP_N_GenomeWideSNP_6_B06_771488	22	34757576	36658534	1476	0.0115
DUNGS_p_TCGA_b84_115_SNP_N_GenomeWideSNP_6_B06_771488	22	36658810	36663248	2	-1.2267
DUNGS_p_TCGA_b84_115_SNP_N_GenomeWideSNP_6_B06_771488	22	36664002	39290920	1529	0.0126
DUNGS_p_TCGA_b84_115_SNP_N_GenomeWideSNP_6_B06_771488	22	39295255	39296904	3	-3.732
DUNGS_p_TCGA_b84_115_SNP_N_GenomeWideSNP_6_B06_771488	22	39299114	45130373	3615	0.008
DUNGS_p_TCGA_b84_115_SNP_N_GenomeWideSNP_6_B06_771488	22	45130401	45136635	6	-0.806
DUNGS_p_TCGA_b84_115_SNP_N_GenomeWideSNP_6_B06_771488	22	45136906	46562087	912	-0.0015
DUNGS_p_TCGA_b84_115_SNP_N_GenomeWideSNP_6_B06_771488	22	46564628	46565438	3	-0.8872
DUNGS_p_TCGA_b84_115_SNP_N_GenomeWideSNP_6_B06_771488	22	46569171	51234455	3561	0.0091
DUNGS_p_TCGA_b84_115_SNP_N_GenomeWideSNP_6_B06_771488	X	168477	9372167	5152	0.0101
DUNGS_p_TCGA_b84_115_SNP_N_GenomeWideSNP_6_B06_771488	X	9375009	9376235	3	-1.4246
DUNGS_p_TCGA_b84_115_SNP_N_GenomeWideSNP_6_B06_771488	X	9384230	139484246	69838	0.0066
DUNGS_p_TCGA_b84_115_SNP_N_GenomeWideSNP_6_B06_771488	X	139492197	139492869	2	-1.5829
DUNGS_p_TCGA_b84_115_SNP_N_GenomeWideSNP_6_B06_771488	X	139493140	145929000	4358	0.0086
DUNGS_p_TCGA_b84_115_SNP_N_GenomeWideSNP_6_B06_771488	X	145929282	145929326	2	-1.301
DUNGS_p_TCGA_b84_115_SNP_N_GenomeWideSNP_6_B06_771488	X	145929358	147109116	895	0.0107
DUNGS_p_TCGA_b84_115_SNP_N_GenomeWideSNP_6_B06_771488	X	147115282	147115435	3	1.0804
DUNGS_p_TCGA_b84_115_SNP_N_GenomeWideSNP_6_B06_771488	X	147116198	150292898	1974	-0.0023
DUNGS_p_TCGA_b84_115_SNP_N_GenomeWideSNP_6_B06_771488	X	150293934	150295459	2	1.3603
DUNGS_p_TCGA_b84_115_SNP_N_GenomeWideSNP_6_B06_771488	X	150296555	152087420	1141	-0.0073
DUNGS_p_TCGA_b84_115_SNP_N_GenomeWideSNP_6_B06_771488	X	152088252	152137406	45	-0.2623
DUNGS_p_TCGA_b84_115_SNP_N_GenomeWideSNP_6_B06_771488	X	152137977	155182354	1247	-0.0174
DUNGS_p_TCGA_b84_115_SNP_N_GenomeWideSNP_6_B06_771488	Y	2650438	24951001	7691	-0.9495
DUNGS_p_TCGA_b84_115_SNP_N_GenomeWideSNP_6_B06_771488	Y	24964952	28457337	769	-0.4656
DUNGS_p_TCGA_b84_115_SNP_N_GenomeWideSNP_6_B06_771488	Y	28458648	59018259	175	-0.9575
