Sample	Chromosome	Start	End	Num_Probes	Segment_Mean
DUNGS_p_TCGA_b84_115_SNP_N_GenomeWideSNP_6_A01_771652	1	61735	229619	23	0.2084
DUNGS_p_TCGA_b84_115_SNP_N_GenomeWideSNP_6_A01_771652	1	229677	16149915	8401	-0.1279
DUNGS_p_TCGA_b84_115_SNP_N_GenomeWideSNP_6_A01_771652	1	16153497	16154201	7	-1.4231
DUNGS_p_TCGA_b84_115_SNP_N_GenomeWideSNP_6_A01_771652	1	16154239	16830583	298	-0.1135
DUNGS_p_TCGA_b84_115_SNP_N_GenomeWideSNP_6_A01_771652	1	16830820	17297698	182	0.1199
DUNGS_p_TCGA_b84_115_SNP_N_GenomeWideSNP_6_A01_771652	1	17298496	47751012	17259	-0.1265
DUNGS_p_TCGA_b84_115_SNP_N_GenomeWideSNP_6_A01_771652	1	47751017	47757183	2	-1.2759
DUNGS_p_TCGA_b84_115_SNP_N_GenomeWideSNP_6_A01_771652	1	47759881	56495121	5205	-0.1276
DUNGS_p_TCGA_b84_115_SNP_N_GenomeWideSNP_6_A01_771652	1	56495368	56496645	3	-2.4134
DUNGS_p_TCGA_b84_115_SNP_N_GenomeWideSNP_6_A01_771652	1	56499451	62114006	4311	-0.1333
DUNGS_p_TCGA_b84_115_SNP_N_GenomeWideSNP_6_A01_771652	1	62114181	62118187	3	-1.593
DUNGS_p_TCGA_b84_115_SNP_N_GenomeWideSNP_6_A01_771652	1	62119809	72768498	7388	-0.1208
DUNGS_p_TCGA_b84_115_SNP_N_GenomeWideSNP_6_A01_771652	1	72768916	72811148	46	1.0093
DUNGS_p_TCGA_b84_115_SNP_N_GenomeWideSNP_6_A01_771652	1	72811904	106021219	21060	-0.1194
DUNGS_p_TCGA_b84_115_SNP_N_GenomeWideSNP_6_A01_771652	1	106021381	106022375	10	-0.7137
DUNGS_p_TCGA_b84_115_SNP_N_GenomeWideSNP_6_A01_771652	1	106024055	110224384	2658	-0.116
DUNGS_p_TCGA_b84_115_SNP_N_GenomeWideSNP_6_A01_771652	1	110224427	110246130	35	0.3001
DUNGS_p_TCGA_b84_115_SNP_N_GenomeWideSNP_6_A01_771652	1	110246273	112690326	1955	-0.1191
DUNGS_p_TCGA_b84_115_SNP_N_GenomeWideSNP_6_A01_771652	1	112695965	112697188	20	-0.7565
DUNGS_p_TCGA_b84_115_SNP_N_GenomeWideSNP_6_A01_771652	1	112697198	121355881	5192	-0.1242
DUNGS_p_TCGA_b84_115_SNP_N_GenomeWideSNP_6_A01_771652	1	121436219	149545386	1365	0.1226
DUNGS_p_TCGA_b84_115_SNP_N_GenomeWideSNP_6_A01_771652	1	149548713	149548726	2	1.3963
DUNGS_p_TCGA_b84_115_SNP_N_GenomeWideSNP_6_A01_771652	1	149578722	152555706	1494	0.0951
DUNGS_p_TCGA_b84_115_SNP_N_GenomeWideSNP_6_A01_771652	1	152555767	152586594	34	0.5048
DUNGS_p_TCGA_b84_115_SNP_N_GenomeWideSNP_6_A01_771652	1	152590494	169216937	11560	0.0824
DUNGS_p_TCGA_b84_115_SNP_N_GenomeWideSNP_6_A01_771652	1	169233974	169241766	7	1.1182
DUNGS_p_TCGA_b84_115_SNP_N_GenomeWideSNP_6_A01_771652	1	169242401	189022973	13047	0.0863
DUNGS_p_TCGA_b84_115_SNP_N_GenomeWideSNP_6_A01_771652	1	189027223	189031361	7	-1.3047
DUNGS_p_TCGA_b84_115_SNP_N_GenomeWideSNP_6_A01_771652	1	189032480	196714873	5165	0.0931
DUNGS_p_TCGA_b84_115_SNP_N_GenomeWideSNP_6_A01_771652	1	196727850	196802002	92	0.5635
DUNGS_p_TCGA_b84_115_SNP_N_GenomeWideSNP_6_A01_771652	1	196802072	198304536	828	0.1089
DUNGS_p_TCGA_b84_115_SNP_N_GenomeWideSNP_6_A01_771652	1	198306860	198307779	3	-1.7315
DUNGS_p_TCGA_b84_115_SNP_N_GenomeWideSNP_6_A01_771652	1	198311359	210071062	8000	0.084
DUNGS_p_TCGA_b84_115_SNP_N_GenomeWideSNP_6_A01_771652	1	210081613	210083984	3	-1.3092
DUNGS_p_TCGA_b84_115_SNP_N_GenomeWideSNP_6_A01_771652	1	210086552	240079105	20917	0.0841
DUNGS_p_TCGA_b84_115_SNP_N_GenomeWideSNP_6_A01_771652	1	240081107	240115387	27	-1.2184
DUNGS_p_TCGA_b84_115_SNP_N_GenomeWideSNP_6_A01_771652	1	240117721	249224388	6209	0.0925
DUNGS_p_TCGA_b84_115_SNP_N_GenomeWideSNP_6_A01_771652	2	12784	4205687	2991	0.0651
DUNGS_p_TCGA_b84_115_SNP_N_GenomeWideSNP_6_A01_771652	2	4213864	4223167	36	-0.5387
DUNGS_p_TCGA_b84_115_SNP_N_GenomeWideSNP_6_A01_771652	2	4223512	5736039	1166	0.0768
DUNGS_p_TCGA_b84_115_SNP_N_GenomeWideSNP_6_A01_771652	2	5736321	5737785	5	-0.5909
DUNGS_p_TCGA_b84_115_SNP_N_GenomeWideSNP_6_A01_771652	2	5737817	9979885	3399	0.0781
DUNGS_p_TCGA_b84_115_SNP_N_GenomeWideSNP_6_A01_771652	2	9984176	9985725	3	-0.8678
DUNGS_p_TCGA_b84_115_SNP_N_GenomeWideSNP_6_A01_771652	2	9987900	22618537	9099	0.068
DUNGS_p_TCGA_b84_115_SNP_N_GenomeWideSNP_6_A01_771652	2	22620614	22621296	2	-1.1252
DUNGS_p_TCGA_b84_115_SNP_N_GenomeWideSNP_6_A01_771652	2	22621836	34691069	7433	0.0674
DUNGS_p_TCGA_b84_115_SNP_N_GenomeWideSNP_6_A01_771652	2	34699315	34737057	46	-0.3151
DUNGS_p_TCGA_b84_115_SNP_N_GenomeWideSNP_6_A01_771652	2	34737163	52754881	13062	0.0692
DUNGS_p_TCGA_b84_115_SNP_N_GenomeWideSNP_6_A01_771652	2	52758753	52781542	33	0.8468
DUNGS_p_TCGA_b84_115_SNP_N_GenomeWideSNP_6_A01_771652	2	52787949	79278036	17197	0.0738
DUNGS_p_TCGA_b84_115_SNP_N_GenomeWideSNP_6_A01_771652	2	79281226	79282406	3	-1.1572
DUNGS_p_TCGA_b84_115_SNP_N_GenomeWideSNP_6_A01_771652	2	79283452	87361172	4850	0.0678
DUNGS_p_TCGA_b84_115_SNP_N_GenomeWideSNP_6_A01_771652	2	87373893	87413992	15	0.7376
DUNGS_p_TCGA_b84_115_SNP_N_GenomeWideSNP_6_A01_771652	2	87414352	87811313	131	0.3953
DUNGS_p_TCGA_b84_115_SNP_N_GenomeWideSNP_6_A01_771652	2	87815648	87996372	39	0.6416
DUNGS_p_TCGA_b84_115_SNP_N_GenomeWideSNP_6_A01_771652	2	88024667	115539395	12057	0.0741
DUNGS_p_TCGA_b84_115_SNP_N_GenomeWideSNP_6_A01_771652	2	115539579	115541716	8	0.7117
DUNGS_p_TCGA_b84_115_SNP_N_GenomeWideSNP_6_A01_771652	2	115541744	123477014	4972	0.0651
DUNGS_p_TCGA_b84_115_SNP_N_GenomeWideSNP_6_A01_771652	2	123479899	123482241	9	-0.7543
DUNGS_p_TCGA_b84_115_SNP_N_GenomeWideSNP_6_A01_771652	2	123483653	136462831	7834	0.0108
DUNGS_p_TCGA_b84_115_SNP_N_GenomeWideSNP_6_A01_771652	2	136464818	136465142	3	-1.4437
DUNGS_p_TCGA_b84_115_SNP_N_GenomeWideSNP_6_A01_771652	2	136465856	159705609	14248	-0.0093
DUNGS_p_TCGA_b84_115_SNP_N_GenomeWideSNP_6_A01_771652	2	159710696	159726490	6	-0.7426
DUNGS_p_TCGA_b84_115_SNP_N_GenomeWideSNP_6_A01_771652	2	159730093	195360610	21606	-0.0104
DUNGS_p_TCGA_b84_115_SNP_N_GenomeWideSNP_6_A01_771652	2	195365475	195366519	5	-1.0464
DUNGS_p_TCGA_b84_115_SNP_N_GenomeWideSNP_6_A01_771652	2	195375509	242486535	29737	-0.0117
DUNGS_p_TCGA_b84_115_SNP_N_GenomeWideSNP_6_A01_771652	2	242486694	242486812	2	-1.4882
DUNGS_p_TCGA_b84_115_SNP_N_GenomeWideSNP_6_A01_771652	2	242495392	243089456	194	0.0418
DUNGS_p_TCGA_b84_115_SNP_N_GenomeWideSNP_6_A01_771652	3	60345	3638783	3254	0.1036
DUNGS_p_TCGA_b84_115_SNP_N_GenomeWideSNP_6_A01_771652	3	3639856	3640271	2	1.4039
DUNGS_p_TCGA_b84_115_SNP_N_GenomeWideSNP_6_A01_771652	3	3641415	26601100	16820	-0.0802
DUNGS_p_TCGA_b84_115_SNP_N_GenomeWideSNP_6_A01_771652	3	26601760	26611885	9	-1.0806
DUNGS_p_TCGA_b84_115_SNP_N_GenomeWideSNP_6_A01_771652	3	26611898	26613201	8	0.0172
DUNGS_p_TCGA_b84_115_SNP_N_GenomeWideSNP_6_A01_771652	3	26614974	26615949	9	-1.0616
DUNGS_p_TCGA_b84_115_SNP_N_GenomeWideSNP_6_A01_771652	3	26615970	47478509	13491	-0.1134
DUNGS_p_TCGA_b84_115_SNP_N_GenomeWideSNP_6_A01_771652	3	47491822	47492720	2	-2.2618
DUNGS_p_TCGA_b84_115_SNP_N_GenomeWideSNP_6_A01_771652	3	47497214	53028375	2227	-0.1162
DUNGS_p_TCGA_b84_115_SNP_N_GenomeWideSNP_6_A01_771652	3	53031736	53038637	28	0.2299
DUNGS_p_TCGA_b84_115_SNP_N_GenomeWideSNP_6_A01_771652	3	53038762	68732028	12056	-0.1245
DUNGS_p_TCGA_b84_115_SNP_N_GenomeWideSNP_6_A01_771652	3	68746164	68747413	15	0.9716
DUNGS_p_TCGA_b84_115_SNP_N_GenomeWideSNP_6_A01_771652	3	68748758	75568549	4942	-0.1258
DUNGS_p_TCGA_b84_115_SNP_N_GenomeWideSNP_6_A01_771652	3	75572549	75608639	9	0.6339
DUNGS_p_TCGA_b84_115_SNP_N_GenomeWideSNP_6_A01_771652	3	75613174	89387101	7720	-0.1134
DUNGS_p_TCGA_b84_115_SNP_N_GenomeWideSNP_6_A01_771652	3	89394592	89419381	51	-0.848
DUNGS_p_TCGA_b84_115_SNP_N_GenomeWideSNP_6_A01_771652	3	89419921	98944476	3247	-0.1174
DUNGS_p_TCGA_b84_115_SNP_N_GenomeWideSNP_6_A01_771652	3	98944511	98945299	12	-0.5127
DUNGS_p_TCGA_b84_115_SNP_N_GenomeWideSNP_6_A01_771652	3	98945395	98949056	13	-1.1966
DUNGS_p_TCGA_b84_115_SNP_N_GenomeWideSNP_6_A01_771652	3	98949069	98949421	11	-0.5525
DUNGS_p_TCGA_b84_115_SNP_N_GenomeWideSNP_6_A01_771652	3	98950964	110719994	7066	-0.1254
DUNGS_p_TCGA_b84_115_SNP_N_GenomeWideSNP_6_A01_771652	3	110723867	110728409	2	-1.3665
DUNGS_p_TCGA_b84_115_SNP_N_GenomeWideSNP_6_A01_771652	3	110731508	125436237	9211	-0.1244
DUNGS_p_TCGA_b84_115_SNP_N_GenomeWideSNP_6_A01_771652	3	125443608	125458762	10	0.7757
DUNGS_p_TCGA_b84_115_SNP_N_GenomeWideSNP_6_A01_771652	3	125462329	125665005	73	-0.0887
DUNGS_p_TCGA_b84_115_SNP_N_GenomeWideSNP_6_A01_771652	3	125668316	125680500	6	-0.8288
DUNGS_p_TCGA_b84_115_SNP_N_GenomeWideSNP_6_A01_771652	3	125680603	129762859	2394	-0.1395
DUNGS_p_TCGA_b84_115_SNP_N_GenomeWideSNP_6_A01_771652	3	129763698	129811271	61	0.4291
DUNGS_p_TCGA_b84_115_SNP_N_GenomeWideSNP_6_A01_771652	3	129811355	145633406	9895	-0.1246
DUNGS_p_TCGA_b84_115_SNP_N_GenomeWideSNP_6_A01_771652	3	145641922	145641934	2	-2.0252
DUNGS_p_TCGA_b84_115_SNP_N_GenomeWideSNP_6_A01_771652	3	145642365	162714517	10544	-0.1199
DUNGS_p_TCGA_b84_115_SNP_N_GenomeWideSNP_6_A01_771652	3	162717727	162719562	2	1.1009
DUNGS_p_TCGA_b84_115_SNP_N_GenomeWideSNP_6_A01_771652	3	162726159	168227876	3069	-0.1266
DUNGS_p_TCGA_b84_115_SNP_N_GenomeWideSNP_6_A01_771652	3	168230474	169573196	891	0.2546
DUNGS_p_TCGA_b84_115_SNP_N_GenomeWideSNP_6_A01_771652	3	169576375	186406138	10433	-0.1203
DUNGS_p_TCGA_b84_115_SNP_N_GenomeWideSNP_6_A01_771652	3	186412861	186415534	8	-1.5825
DUNGS_p_TCGA_b84_115_SNP_N_GenomeWideSNP_6_A01_771652	3	186416009	191927680	4038	-0.126
DUNGS_p_TCGA_b84_115_SNP_N_GenomeWideSNP_6_A01_771652	3	191928703	191934927	10	0.3679
DUNGS_p_TCGA_b84_115_SNP_N_GenomeWideSNP_6_A01_771652	3	191935031	192878045	691	-0.1291
DUNGS_p_TCGA_b84_115_SNP_N_GenomeWideSNP_6_A01_771652	3	192878195	192882903	17	-1.0842
DUNGS_p_TCGA_b84_115_SNP_N_GenomeWideSNP_6_A01_771652	3	192886435	194603922	1144	-0.1397
DUNGS_p_TCGA_b84_115_SNP_N_GenomeWideSNP_6_A01_771652	3	194604054	194606652	2	-1.3976
DUNGS_p_TCGA_b84_115_SNP_N_GenomeWideSNP_6_A01_771652	3	194610339	194641316	16	-0.0178
DUNGS_p_TCGA_b84_115_SNP_N_GenomeWideSNP_6_A01_771652	3	194641346	194641845	4	-1.3141
DUNGS_p_TCGA_b84_115_SNP_N_GenomeWideSNP_6_A01_771652	3	194642480	197896118	1542	-0.0929
DUNGS_p_TCGA_b84_115_SNP_N_GenomeWideSNP_6_A01_771652	4	12281	21366	9	-0.0607
DUNGS_p_TCGA_b84_115_SNP_N_GenomeWideSNP_6_A01_771652	4	21426	43124	23	0.341
DUNGS_p_TCGA_b84_115_SNP_N_GenomeWideSNP_6_A01_771652	4	43257	3599450	1480	0.0135
DUNGS_p_TCGA_b84_115_SNP_N_GenomeWideSNP_6_A01_771652	4	3599869	3602184	2	-1.9009
DUNGS_p_TCGA_b84_115_SNP_N_GenomeWideSNP_6_A01_771652	4	3609390	3871062	127	0.0029
DUNGS_p_TCGA_b84_115_SNP_N_GenomeWideSNP_6_A01_771652	4	3874896	3943984	18	0.3265
DUNGS_p_TCGA_b84_115_SNP_N_GenomeWideSNP_6_A01_771652	4	3961912	4103344	45	0.0485
DUNGS_p_TCGA_b84_115_SNP_N_GenomeWideSNP_6_A01_771652	4	4110230	4119686	4	-0.907
DUNGS_p_TCGA_b84_115_SNP_N_GenomeWideSNP_6_A01_771652	4	4122828	9456977	3546	-0.0206
DUNGS_p_TCGA_b84_115_SNP_N_GenomeWideSNP_6_A01_771652	4	9461230	9464972	3	-1.1788
DUNGS_p_TCGA_b84_115_SNP_N_GenomeWideSNP_6_A01_771652	4	9470734	10210390	552	-0.0487
DUNGS_p_TCGA_b84_115_SNP_N_GenomeWideSNP_6_A01_771652	4	10214160	10231498	29	1.2809
DUNGS_p_TCGA_b84_115_SNP_N_GenomeWideSNP_6_A01_771652	4	10234214	10238436	9	0.4884
DUNGS_p_TCGA_b84_115_SNP_N_GenomeWideSNP_6_A01_771652	4	10238961	10390715	169	-0.0333
DUNGS_p_TCGA_b84_115_SNP_N_GenomeWideSNP_6_A01_771652	4	10392354	10400668	16	-1.872
DUNGS_p_TCGA_b84_115_SNP_N_GenomeWideSNP_6_A01_771652	4	10402718	22710956	9042	-0.0086
DUNGS_p_TCGA_b84_115_SNP_N_GenomeWideSNP_6_A01_771652	4	22711069	22711078	2	-1.3849
DUNGS_p_TCGA_b84_115_SNP_N_GenomeWideSNP_6_A01_771652	4	22715030	34779054	7776	5e-04
DUNGS_p_TCGA_b84_115_SNP_N_GenomeWideSNP_6_A01_771652	4	34786500	34829872	39	0.4782
DUNGS_p_TCGA_b84_115_SNP_N_GenomeWideSNP_6_A01_771652	4	34829913	36013509	775	0.0031
DUNGS_p_TCGA_b84_115_SNP_N_GenomeWideSNP_6_A01_771652	4	36013793	36017534	8	-0.5388
DUNGS_p_TCGA_b84_115_SNP_N_GenomeWideSNP_6_A01_771652	4	36018269	40071926	2716	0.0012
DUNGS_p_TCGA_b84_115_SNP_N_GenomeWideSNP_6_A01_771652	4	40071989	40075187	2	-1.1907
DUNGS_p_TCGA_b84_115_SNP_N_GenomeWideSNP_6_A01_771652	4	40075256	60319138	10577	-0.042
DUNGS_p_TCGA_b84_115_SNP_N_GenomeWideSNP_6_A01_771652	4	60319770	60330445	7	0.5374
DUNGS_p_TCGA_b84_115_SNP_N_GenomeWideSNP_6_A01_771652	4	60331535	64697733	2524	-0.1049
DUNGS_p_TCGA_b84_115_SNP_N_GenomeWideSNP_6_A01_771652	4	64697828	64707605	18	0.301
DUNGS_p_TCGA_b84_115_SNP_N_GenomeWideSNP_6_A01_771652	4	64707754	67359186	1716	-0.0955
DUNGS_p_TCGA_b84_115_SNP_N_GenomeWideSNP_6_A01_771652	4	67360885	67363220	2	-1.3536
DUNGS_p_TCGA_b84_115_SNP_N_GenomeWideSNP_6_A01_771652	4	67363808	69260073	1150	-0.1129
DUNGS_p_TCGA_b84_115_SNP_N_GenomeWideSNP_6_A01_771652	4	69260551	69316451	10	-0.6082
DUNGS_p_TCGA_b84_115_SNP_N_GenomeWideSNP_6_A01_771652	4	69320957	69372003	13	-0.083
DUNGS_p_TCGA_b84_115_SNP_N_GenomeWideSNP_6_A01_771652	4	69374941	69485840	64	0.676
DUNGS_p_TCGA_b84_115_SNP_N_GenomeWideSNP_6_A01_771652	4	69485979	70130909	334	-0.092
DUNGS_p_TCGA_b84_115_SNP_N_GenomeWideSNP_6_A01_771652	4	70131346	70271551	71	0.2858
DUNGS_p_TCGA_b84_115_SNP_N_GenomeWideSNP_6_A01_771652	4	70277930	83914731	8477	-0.1959
DUNGS_p_TCGA_b84_115_SNP_N_GenomeWideSNP_6_A01_771652	4	83917366	83917466	2	-1.5348
DUNGS_p_TCGA_b84_115_SNP_N_GenomeWideSNP_6_A01_771652	4	83926989	86974515	1958	-0.1076
DUNGS_p_TCGA_b84_115_SNP_N_GenomeWideSNP_6_A01_771652	4	86975062	86979944	22	-0.8525
DUNGS_p_TCGA_b84_115_SNP_N_GenomeWideSNP_6_A01_771652	4	86980089	137939297	30092	-0.1047
DUNGS_p_TCGA_b84_115_SNP_N_GenomeWideSNP_6_A01_771652	4	137939370	137939796	4	-1.1223
DUNGS_p_TCGA_b84_115_SNP_N_GenomeWideSNP_6_A01_771652	4	137939813	157301739	12058	-0.1539
DUNGS_p_TCGA_b84_115_SNP_N_GenomeWideSNP_6_A01_771652	4	157305377	157305922	13	-0.7908
DUNGS_p_TCGA_b84_115_SNP_N_GenomeWideSNP_6_A01_771652	4	157308041	172367387	9535	-0.2044
DUNGS_p_TCGA_b84_115_SNP_N_GenomeWideSNP_6_A01_771652	4	172367540	172380371	19	0.2124
DUNGS_p_TCGA_b84_115_SNP_N_GenomeWideSNP_6_A01_771652	4	172380962	189221258	11366	-0.2043
DUNGS_p_TCGA_b84_115_SNP_N_GenomeWideSNP_6_A01_771652	4	189221360	189222813	5	1.0496
DUNGS_p_TCGA_b84_115_SNP_N_GenomeWideSNP_6_A01_771652	4	189223053	189488734	265	-0.1451
DUNGS_p_TCGA_b84_115_SNP_N_GenomeWideSNP_6_A01_771652	4	189490466	189495891	8	-0.6845
DUNGS_p_TCGA_b84_115_SNP_N_GenomeWideSNP_6_A01_771652	4	189496092	189658600	103	-0.1801
DUNGS_p_TCGA_b84_115_SNP_N_GenomeWideSNP_6_A01_771652	4	189659321	189660025	2	-2.1421
DUNGS_p_TCGA_b84_115_SNP_N_GenomeWideSNP_6_A01_771652	4	189660193	190189043	408	-0.1838
DUNGS_p_TCGA_b84_115_SNP_N_GenomeWideSNP_6_A01_771652	4	190195118	190199264	4	-3.376
DUNGS_p_TCGA_b84_115_SNP_N_GenomeWideSNP_6_A01_771652	4	190199771	190934936	377	-0.1932
DUNGS_p_TCGA_b84_115_SNP_N_GenomeWideSNP_6_A01_771652	4	190951963	191027923	9	0.35
DUNGS_p_TCGA_b84_115_SNP_N_GenomeWideSNP_6_A01_771652	5	15532	17515801	13432	0.0327
DUNGS_p_TCGA_b84_115_SNP_N_GenomeWideSNP_6_A01_771652	5	17601553	17608239	12	-0.876
DUNGS_p_TCGA_b84_115_SNP_N_GenomeWideSNP_6_A01_771652	5	17608256	21449276	2348	-0.0161
DUNGS_p_TCGA_b84_115_SNP_N_GenomeWideSNP_6_A01_771652	5	21451200	21466625	9	0.6233
DUNGS_p_TCGA_b84_115_SNP_N_GenomeWideSNP_6_A01_771652	5	21468366	39808632	11727	-0.0191
DUNGS_p_TCGA_b84_115_SNP_N_GenomeWideSNP_6_A01_771652	5	39808954	39808969	2	-2.4215
DUNGS_p_TCGA_b84_115_SNP_N_GenomeWideSNP_6_A01_771652	5	39808985	57321646	8397	-0.0121
DUNGS_p_TCGA_b84_115_SNP_N_GenomeWideSNP_6_A01_771652	5	57326027	57333533	32	1.3372
DUNGS_p_TCGA_b84_115_SNP_N_GenomeWideSNP_6_A01_771652	5	57338357	61573372	2839	-0.0112
DUNGS_p_TCGA_b84_115_SNP_N_GenomeWideSNP_6_A01_771652	5	61574991	61582192	4	-0.8534
DUNGS_p_TCGA_b84_115_SNP_N_GenomeWideSNP_6_A01_771652	5	61582729	63395114	1059	-0.0132
DUNGS_p_TCGA_b84_115_SNP_N_GenomeWideSNP_6_A01_771652	5	63395789	63409310	2	-1.2282
DUNGS_p_TCGA_b84_115_SNP_N_GenomeWideSNP_6_A01_771652	5	63412492	68829347	3403	-0.0293
DUNGS_p_TCGA_b84_115_SNP_N_GenomeWideSNP_6_A01_771652	5	68846303	69074977	3	-1.354
DUNGS_p_TCGA_b84_115_SNP_N_GenomeWideSNP_6_A01_771652	5	69074991	83934223	8450	-0.0164
DUNGS_p_TCGA_b84_115_SNP_N_GenomeWideSNP_6_A01_771652	5	83934473	83935598	2	-1.4071
DUNGS_p_TCGA_b84_115_SNP_N_GenomeWideSNP_6_A01_771652	5	83935855	98836572	8211	-0.0054
DUNGS_p_TCGA_b84_115_SNP_N_GenomeWideSNP_6_A01_771652	5	98839874	98840626	2	-1.7943
DUNGS_p_TCGA_b84_115_SNP_N_GenomeWideSNP_6_A01_771652	5	98844337	115912564	11254	-0.0094
DUNGS_p_TCGA_b84_115_SNP_N_GenomeWideSNP_6_A01_771652	5	115918339	115918644	2	-1.7003
DUNGS_p_TCGA_b84_115_SNP_N_GenomeWideSNP_6_A01_771652	5	115918646	151515386	22502	-0.014
DUNGS_p_TCGA_b84_115_SNP_N_GenomeWideSNP_6_A01_771652	5	151515470	151516788	8	-0.7793
DUNGS_p_TCGA_b84_115_SNP_N_GenomeWideSNP_6_A01_771652	5	151518063	155475105	2668	-0.0342
DUNGS_p_TCGA_b84_115_SNP_N_GenomeWideSNP_6_A01_771652	5	155476772	155482729	14	-0.6855
DUNGS_p_TCGA_b84_115_SNP_N_GenomeWideSNP_6_A01_771652	5	155495250	177166140	14839	-0.0403
DUNGS_p_TCGA_b84_115_SNP_N_GenomeWideSNP_6_A01_771652	5	177167963	177198449	3	-1.3494
DUNGS_p_TCGA_b84_115_SNP_N_GenomeWideSNP_6_A01_771652	5	177227551	178103564	448	-2e-04
DUNGS_p_TCGA_b84_115_SNP_N_GenomeWideSNP_6_A01_771652	5	178103686	178109975	4	-1.0327
DUNGS_p_TCGA_b84_115_SNP_N_GenomeWideSNP_6_A01_771652	5	178112261	180374523	1365	-0.0217
DUNGS_p_TCGA_b84_115_SNP_N_GenomeWideSNP_6_A01_771652	5	180378710	180418103	19	-1.8098
DUNGS_p_TCGA_b84_115_SNP_N_GenomeWideSNP_6_A01_771652	5	180433225	180790320	171	0.0218
DUNGS_p_TCGA_b84_115_SNP_N_GenomeWideSNP_6_A01_771652	6	149661	303017	126	0.0199
DUNGS_p_TCGA_b84_115_SNP_N_GenomeWideSNP_6_A01_771652	6	303121	385784	84	-0.2727
DUNGS_p_TCGA_b84_115_SNP_N_GenomeWideSNP_6_A01_771652	6	387532	19040119	14604	-9e-04
DUNGS_p_TCGA_b84_115_SNP_N_GenomeWideSNP_6_A01_771652	6	19042181	19042818	3	-1.3403
DUNGS_p_TCGA_b84_115_SNP_N_GenomeWideSNP_6_A01_771652	6	19044702	23705464	3410	-0.0072
DUNGS_p_TCGA_b84_115_SNP_N_GenomeWideSNP_6_A01_771652	6	23706398	23722844	13	-0.412
DUNGS_p_TCGA_b84_115_SNP_N_GenomeWideSNP_6_A01_771652	6	23724796	29837188	3528	0.0191
DUNGS_p_TCGA_b84_115_SNP_N_GenomeWideSNP_6_A01_771652	6	29837314	29908469	36	0.4765
DUNGS_p_TCGA_b84_115_SNP_N_GenomeWideSNP_6_A01_771652	6	29914220	29918538	13	-0.0497
DUNGS_p_TCGA_b84_115_SNP_N_GenomeWideSNP_6_A01_771652	6	29918587	29921127	3	1.1662
DUNGS_p_TCGA_b84_115_SNP_N_GenomeWideSNP_6_A01_771652	6	29921223	32431292	1150	0.0419
DUNGS_p_TCGA_b84_115_SNP_N_GenomeWideSNP_6_A01_771652	6	32431552	32540477	33	-0.3737
DUNGS_p_TCGA_b84_115_SNP_N_GenomeWideSNP_6_A01_771652	6	32540611	53931275	13799	0.0236
DUNGS_p_TCGA_b84_115_SNP_N_GenomeWideSNP_6_A01_771652	6	53931380	53931855	4	-1.0788
DUNGS_p_TCGA_b84_115_SNP_N_GenomeWideSNP_6_A01_771652	6	53935348	67011601	5473	0.035
DUNGS_p_TCGA_b84_115_SNP_N_GenomeWideSNP_6_A01_771652	6	67024334	67043889	41	0.2617
DUNGS_p_TCGA_b84_115_SNP_N_GenomeWideSNP_6_A01_771652	6	67043923	74591858	5017	-0.0279
DUNGS_p_TCGA_b84_115_SNP_N_GenomeWideSNP_6_A01_771652	6	74592225	74603555	11	0.5484
DUNGS_p_TCGA_b84_115_SNP_N_GenomeWideSNP_6_A01_771652	6	74603605	77440048	1772	-0.0265
DUNGS_p_TCGA_b84_115_SNP_N_GenomeWideSNP_6_A01_771652	6	77440094	77446199	10	-0.5709
DUNGS_p_TCGA_b84_115_SNP_N_GenomeWideSNP_6_A01_771652	6	77449569	78962889	989	-0.0318
DUNGS_p_TCGA_b84_115_SNP_N_GenomeWideSNP_6_A01_771652	6	78969065	79035185	113	-2.3018
DUNGS_p_TCGA_b84_115_SNP_N_GenomeWideSNP_6_A01_771652	6	79039234	103734829	15504	-0.0239
DUNGS_p_TCGA_b84_115_SNP_N_GenomeWideSNP_6_A01_771652	6	103737976	103762061	46	0.5531
DUNGS_p_TCGA_b84_115_SNP_N_GenomeWideSNP_6_A01_771652	6	103765470	171051005	44291	-0.0248
DUNGS_p_TCGA_b84_115_SNP_N_GenomeWideSNP_6_A01_771652	7	43355	6798028	3437	0.0053
DUNGS_p_TCGA_b84_115_SNP_N_GenomeWideSNP_6_A01_771652	7	6804595	7017903	63	0.2602
DUNGS_p_TCGA_b84_115_SNP_N_GenomeWideSNP_6_A01_771652	7	7022210	12131963	4305	-0.0025
DUNGS_p_TCGA_b84_115_SNP_N_GenomeWideSNP_6_A01_771652	7	12132417	12253518	108	0.6117
DUNGS_p_TCGA_b84_115_SNP_N_GenomeWideSNP_6_A01_771652	7	12254939	15227059	2364	-0.0018
DUNGS_p_TCGA_b84_115_SNP_N_GenomeWideSNP_6_A01_771652	7	15229982	15230731	3	-1.5013
DUNGS_p_TCGA_b84_115_SNP_N_GenomeWideSNP_6_A01_771652	7	15234508	38391365	17308	-0.006
DUNGS_p_TCGA_b84_115_SNP_N_GenomeWideSNP_6_A01_771652	7	38392036	38400957	5	-0.856
DUNGS_p_TCGA_b84_115_SNP_N_GenomeWideSNP_6_A01_771652	7	38402496	54386505	11020	-0.0102
DUNGS_p_TCGA_b84_115_SNP_N_GenomeWideSNP_6_A01_771652	7	54386509	54386517	5	1.8693
DUNGS_p_TCGA_b84_115_SNP_N_GenomeWideSNP_6_A01_771652	7	54393488	76153348	8495	0.0461
DUNGS_p_TCGA_b84_115_SNP_N_GenomeWideSNP_6_A01_771652	7	76153363	76156541	2	-1.4482
DUNGS_p_TCGA_b84_115_SNP_N_GenomeWideSNP_6_A01_771652	7	76161297	86932765	7056	0.0552
DUNGS_p_TCGA_b84_115_SNP_N_GenomeWideSNP_6_A01_771652	7	86940803	86946888	3	-1.1026
DUNGS_p_TCGA_b84_115_SNP_N_GenomeWideSNP_6_A01_771652	7	86948227	109440923	13300	-0.0073
DUNGS_p_TCGA_b84_115_SNP_N_GenomeWideSNP_6_A01_771652	7	109441212	109453910	12	-1.9364
DUNGS_p_TCGA_b84_115_SNP_N_GenomeWideSNP_6_A01_771652	7	109453982	141770161	20014	-0.0105
DUNGS_p_TCGA_b84_115_SNP_N_GenomeWideSNP_6_A01_771652	7	141770260	141792107	36	-0.7301
DUNGS_p_TCGA_b84_115_SNP_N_GenomeWideSNP_6_A01_771652	7	141795281	142476719	452	-0.0083
DUNGS_p_TCGA_b84_115_SNP_N_GenomeWideSNP_6_A01_771652	7	142476764	142486045	26	-0.3231
DUNGS_p_TCGA_b84_115_SNP_N_GenomeWideSNP_6_A01_771652	7	142486115	143904279	840	-5e-04
DUNGS_p_TCGA_b84_115_SNP_N_GenomeWideSNP_6_A01_771652	7	143909235	143909445	3	-1.806
DUNGS_p_TCGA_b84_115_SNP_N_GenomeWideSNP_6_A01_771652	7	143911624	144066947	39	0.5881
DUNGS_p_TCGA_b84_115_SNP_N_GenomeWideSNP_6_A01_771652	7	144074929	159127004	9705	-0.0019
DUNGS_p_TCGA_b84_115_SNP_N_GenomeWideSNP_6_A01_771652	8	31254	4002192	3794	-0.015
DUNGS_p_TCGA_b84_115_SNP_N_GenomeWideSNP_6_A01_771652	8	4002207	4002316	3	-1.5167
DUNGS_p_TCGA_b84_115_SNP_N_GenomeWideSNP_6_A01_771652	8	4002653	8017932	4277	-0.0187
DUNGS_p_TCGA_b84_115_SNP_N_GenomeWideSNP_6_A01_771652	8	8018036	8087144	8	0.6405
DUNGS_p_TCGA_b84_115_SNP_N_GenomeWideSNP_6_A01_771652	8	8092025	11877195	3220	-0.0073
DUNGS_p_TCGA_b84_115_SNP_N_GenomeWideSNP_6_A01_771652	8	11881859	12198254	22	0.31
DUNGS_p_TCGA_b84_115_SNP_N_GenomeWideSNP_6_A01_771652	8	12216009	12241505	20	-1.5109
DUNGS_p_TCGA_b84_115_SNP_N_GenomeWideSNP_6_A01_771652	8	12241813	12243179	11	-0.2312
DUNGS_p_TCGA_b84_115_SNP_N_GenomeWideSNP_6_A01_771652	8	12245192	12247486	9	-1.7926
DUNGS_p_TCGA_b84_115_SNP_N_GenomeWideSNP_6_A01_771652	8	12260927	15779863	3180	-0.02
DUNGS_p_TCGA_b84_115_SNP_N_GenomeWideSNP_6_A01_771652	8	15784407	15786889	5	-1.216
DUNGS_p_TCGA_b84_115_SNP_N_GenomeWideSNP_6_A01_771652	8	15788269	24975500	7321	-0.0168
DUNGS_p_TCGA_b84_115_SNP_N_GenomeWideSNP_6_A01_771652	8	24975570	24984333	22	0.9338
DUNGS_p_TCGA_b84_115_SNP_N_GenomeWideSNP_6_A01_771652	8	24991104	39247111	9052	-0.0243
DUNGS_p_TCGA_b84_115_SNP_N_GenomeWideSNP_6_A01_771652	8	39248742	39386965	56	0.5972
DUNGS_p_TCGA_b84_115_SNP_N_GenomeWideSNP_6_A01_771652	8	39388299	40183797	590	-0.0178
DUNGS_p_TCGA_b84_115_SNP_N_GenomeWideSNP_6_A01_771652	8	40183799	40189511	33	-0.6169
DUNGS_p_TCGA_b84_115_SNP_N_GenomeWideSNP_6_A01_771652	8	40192910	40771996	452	-0.0439
DUNGS_p_TCGA_b84_115_SNP_N_GenomeWideSNP_6_A01_771652	8	40777852	40778471	2	-2.1928
DUNGS_p_TCGA_b84_115_SNP_N_GenomeWideSNP_6_A01_771652	8	40783680	46912314	1519	-0.0222
DUNGS_p_TCGA_b84_115_SNP_N_GenomeWideSNP_6_A01_771652	8	46919273	112294294	39494	0.3492
DUNGS_p_TCGA_b84_115_SNP_N_GenomeWideSNP_6_A01_771652	8	112294466	112300281	9	-1.1443
DUNGS_p_TCGA_b84_115_SNP_N_GenomeWideSNP_6_A01_771652	8	112301252	115632043	1829	0.3289
DUNGS_p_TCGA_b84_115_SNP_N_GenomeWideSNP_6_A01_771652	8	115634487	115641731	35	-0.2822
DUNGS_p_TCGA_b84_115_SNP_N_GenomeWideSNP_6_A01_771652	8	115650697	120152010	3113	0.331
DUNGS_p_TCGA_b84_115_SNP_N_GenomeWideSNP_6_A01_771652	8	120154784	120159446	4	-2.9298
DUNGS_p_TCGA_b84_115_SNP_N_GenomeWideSNP_6_A01_771652	8	120162854	120679258	367	0.3234
DUNGS_p_TCGA_b84_115_SNP_N_GenomeWideSNP_6_A01_771652	8	120681690	120681732	2	-0.8532
DUNGS_p_TCGA_b84_115_SNP_N_GenomeWideSNP_6_A01_771652	8	120688646	129505512	6162	0.4004
DUNGS_p_TCGA_b84_115_SNP_N_GenomeWideSNP_6_A01_771652	8	129506937	129572549	58	0.8812
DUNGS_p_TCGA_b84_115_SNP_N_GenomeWideSNP_6_A01_771652	8	129577246	134173286	3367	0.5302
DUNGS_p_TCGA_b84_115_SNP_N_GenomeWideSNP_6_A01_771652	8	134173488	134173689	3	-0.5541
DUNGS_p_TCGA_b84_115_SNP_N_GenomeWideSNP_6_A01_771652	8	134173806	140603502	5350	0.5146
DUNGS_p_TCGA_b84_115_SNP_N_GenomeWideSNP_6_A01_771652	8	140604336	140604622	3	1.6378
DUNGS_p_TCGA_b84_115_SNP_N_GenomeWideSNP_6_A01_771652	8	140604643	146298155	2665	0.6786
DUNGS_p_TCGA_b84_115_SNP_N_GenomeWideSNP_6_A01_771652	9	46587	5079156	5258	-0.2347
DUNGS_p_TCGA_b84_115_SNP_N_GenomeWideSNP_6_A01_771652	9	5081416	5081766	8	-1.0913
DUNGS_p_TCGA_b84_115_SNP_N_GenomeWideSNP_6_A01_771652	9	5081852	34261918	23146	-0.2236
DUNGS_p_TCGA_b84_115_SNP_N_GenomeWideSNP_6_A01_771652	9	34263965	37351348	1743	0.1109
DUNGS_p_TCGA_b84_115_SNP_N_GenomeWideSNP_6_A01_771652	9	37352290	38747064	1051	-0.2229
DUNGS_p_TCGA_b84_115_SNP_N_GenomeWideSNP_6_A01_771652	9	38747688	40619221	137	0.1193
DUNGS_p_TCGA_b84_115_SNP_N_GenomeWideSNP_6_A01_771652	9	40619760	43315974	78	-0.116
DUNGS_p_TCGA_b84_115_SNP_N_GenomeWideSNP_6_A01_771652	9	43472537	44888127	128	0.4074
DUNGS_p_TCGA_b84_115_SNP_N_GenomeWideSNP_6_A01_771652	9	44899920	47217176	91	-0.0946
DUNGS_p_TCGA_b84_115_SNP_N_GenomeWideSNP_6_A01_771652	9	65616971	65630946	3	-1.845
DUNGS_p_TCGA_b84_115_SNP_N_GenomeWideSNP_6_A01_771652	9	65672607	67790712	39	-0.139
DUNGS_p_TCGA_b84_115_SNP_N_GenomeWideSNP_6_A01_771652	9	67826446	68183981	18	0.2756
DUNGS_p_TCGA_b84_115_SNP_N_GenomeWideSNP_6_A01_771652	9	68186051	68186057	4	1.7861
DUNGS_p_TCGA_b84_115_SNP_N_GenomeWideSNP_6_A01_771652	9	68186059	69001434	93	-0.0165
DUNGS_p_TCGA_b84_115_SNP_N_GenomeWideSNP_6_A01_771652	9	69022956	69153300	18	-0.7319
DUNGS_p_TCGA_b84_115_SNP_N_GenomeWideSNP_6_A01_771652	9	69166377	69978022	105	-0.1684
DUNGS_p_TCGA_b84_115_SNP_N_GenomeWideSNP_6_A01_771652	9	70940595	75512050	3412	0.1114
DUNGS_p_TCGA_b84_115_SNP_N_GenomeWideSNP_6_A01_771652	9	75512127	75512300	3	-0.8052
DUNGS_p_TCGA_b84_115_SNP_N_GenomeWideSNP_6_A01_771652	9	75513572	79070461	2498	0.0544
DUNGS_p_TCGA_b84_115_SNP_N_GenomeWideSNP_6_A01_771652	9	79075652	79078413	3	-2.8073
DUNGS_p_TCGA_b84_115_SNP_N_GenomeWideSNP_6_A01_771652	9	79078673	79554460	425	-0.0195
DUNGS_p_TCGA_b84_115_SNP_N_GenomeWideSNP_6_A01_771652	9	79556881	79559336	4	-1.1753
DUNGS_p_TCGA_b84_115_SNP_N_GenomeWideSNP_6_A01_771652	9	79566864	117082811	26591	-0.0233
DUNGS_p_TCGA_b84_115_SNP_N_GenomeWideSNP_6_A01_771652	9	117087402	117088322	2	1.9804
DUNGS_p_TCGA_b84_115_SNP_N_GenomeWideSNP_6_A01_771652	9	117093029	134258779	11491	-0.0254
DUNGS_p_TCGA_b84_115_SNP_N_GenomeWideSNP_6_A01_771652	9	134260926	134265704	5	-1.0586
DUNGS_p_TCGA_b84_115_SNP_N_GenomeWideSNP_6_A01_771652	9	134272015	140252947	3234	-0.0212
DUNGS_p_TCGA_b84_115_SNP_N_GenomeWideSNP_6_A01_771652	9	140255642	140255833	3	1.2668
DUNGS_p_TCGA_b84_115_SNP_N_GenomeWideSNP_6_A01_771652	9	140273003	141071475	406	0.0041
DUNGS_p_TCGA_b84_115_SNP_N_GenomeWideSNP_6_A01_771652	9	141071527	141091394	7	-0.4398
DUNGS_p_TCGA_b84_115_SNP_N_GenomeWideSNP_6_A01_771652	10	72759	4290814	3591	0.0807
DUNGS_p_TCGA_b84_115_SNP_N_GenomeWideSNP_6_A01_771652	10	4290838	4291016	3	1.0968
DUNGS_p_TCGA_b84_115_SNP_N_GenomeWideSNP_6_A01_771652	10	4294071	17927554	11306	0.0725
DUNGS_p_TCGA_b84_115_SNP_N_GenomeWideSNP_6_A01_771652	10	17938208	17949857	2	-1.9978
DUNGS_p_TCGA_b84_115_SNP_N_GenomeWideSNP_6_A01_771652	10	17971816	18173963	13	0.1714
DUNGS_p_TCGA_b84_115_SNP_N_GenomeWideSNP_6_A01_771652	10	18185123	18196769	2	1.1548
DUNGS_p_TCGA_b84_115_SNP_N_GenomeWideSNP_6_A01_771652	10	18199813	24377674	4347	0.0734
DUNGS_p_TCGA_b84_115_SNP_N_GenomeWideSNP_6_A01_771652	10	24377675	24377918	7	1.1812
DUNGS_p_TCGA_b84_115_SNP_N_GenomeWideSNP_6_A01_771652	10	24377920	27223903	1997	0.0695
DUNGS_p_TCGA_b84_115_SNP_N_GenomeWideSNP_6_A01_771652	10	27225904	27230737	16	0.4694
DUNGS_p_TCGA_b84_115_SNP_N_GenomeWideSNP_6_A01_771652	10	27231610	46210751	10308	0.0684
DUNGS_p_TCGA_b84_115_SNP_N_GenomeWideSNP_6_A01_771652	10	46211699	47419711	197	0.3702
DUNGS_p_TCGA_b84_115_SNP_N_GenomeWideSNP_6_A01_771652	10	47541189	49731201	773	0.0857
DUNGS_p_TCGA_b84_115_SNP_N_GenomeWideSNP_6_A01_771652	10	49732975	49732988	2	-1.6339
DUNGS_p_TCGA_b84_115_SNP_N_GenomeWideSNP_6_A01_771652	10	49733261	67306276	12225	0.0723
DUNGS_p_TCGA_b84_115_SNP_N_GenomeWideSNP_6_A01_771652	10	67307923	67314446	28	-1.8493
DUNGS_p_TCGA_b84_115_SNP_N_GenomeWideSNP_6_A01_771652	10	67322795	135434551	46354	0.0719
DUNGS_p_TCGA_b84_115_SNP_N_GenomeWideSNP_6_A01_771652	10	135449357	135506704	5	-0.8073
DUNGS_p_TCGA_b84_115_SNP_N_GenomeWideSNP_6_A01_771652	11	198510	1638412	482	0.159
DUNGS_p_TCGA_b84_115_SNP_N_GenomeWideSNP_6_A01_771652	11	1641491	1659308	17	0.4478
DUNGS_p_TCGA_b84_115_SNP_N_GenomeWideSNP_6_A01_771652	11	1660437	1751986	53	0.2
DUNGS_p_TCGA_b84_115_SNP_N_GenomeWideSNP_6_A01_771652	11	1755821	1765805	5	-0.3608
DUNGS_p_TCGA_b84_115_SNP_N_GenomeWideSNP_6_A01_771652	11	1767072	3486724	792	0.1468
DUNGS_p_TCGA_b84_115_SNP_N_GenomeWideSNP_6_A01_771652	11	3487665	3488541	3	-0.7735
DUNGS_p_TCGA_b84_115_SNP_N_GenomeWideSNP_6_A01_771652	11	3506526	4967376	1125	0.0787
DUNGS_p_TCGA_b84_115_SNP_N_GenomeWideSNP_6_A01_771652	11	4967396	4976892	44	0.6547
DUNGS_p_TCGA_b84_115_SNP_N_GenomeWideSNP_6_A01_771652	11	4976907	51564171	31934	0.1067
DUNGS_p_TCGA_b84_115_SNP_N_GenomeWideSNP_6_A01_771652	11	51564427	54758291	5	1.0931
DUNGS_p_TCGA_b84_115_SNP_N_GenomeWideSNP_6_A01_771652	11	54773893	88464273	19674	0.1466
DUNGS_p_TCGA_b84_115_SNP_N_GenomeWideSNP_6_A01_771652	11	88464424	95805691	4935	-0.1211
DUNGS_p_TCGA_b84_115_SNP_N_GenomeWideSNP_6_A01_771652	11	95805813	95817199	8	-0.7111
DUNGS_p_TCGA_b84_115_SNP_N_GenomeWideSNP_6_A01_771652	11	95817379	107781379	8561	-0.1163
DUNGS_p_TCGA_b84_115_SNP_N_GenomeWideSNP_6_A01_771652	11	107784507	107785098	2	-4.1548
DUNGS_p_TCGA_b84_115_SNP_N_GenomeWideSNP_6_A01_771652	11	107787713	116909819	6205	-0.1311
DUNGS_p_TCGA_b84_115_SNP_N_GenomeWideSNP_6_A01_771652	11	116910965	116912544	2	-1.3407
DUNGS_p_TCGA_b84_115_SNP_N_GenomeWideSNP_6_A01_771652	11	116913004	121203796	2961	-0.1286
DUNGS_p_TCGA_b84_115_SNP_N_GenomeWideSNP_6_A01_771652	11	121204174	121227386	23	0.2389
DUNGS_p_TCGA_b84_115_SNP_N_GenomeWideSNP_6_A01_771652	11	121230008	134944770	10397	-0.1339
DUNGS_p_TCGA_b84_115_SNP_N_GenomeWideSNP_6_A01_771652	12	150442	9633870	6211	0.0898
DUNGS_p_TCGA_b84_115_SNP_N_GenomeWideSNP_6_A01_771652	12	9637909	9713674	21	-1.8013
DUNGS_p_TCGA_b84_115_SNP_N_GenomeWideSNP_6_A01_771652	12	9714954	11511578	1193	0.0884
DUNGS_p_TCGA_b84_115_SNP_N_GenomeWideSNP_6_A01_771652	12	11512492	11543406	30	0.6762
DUNGS_p_TCGA_b84_115_SNP_N_GenomeWideSNP_6_A01_771652	12	11552192	27645992	11234	0.0807
DUNGS_p_TCGA_b84_115_SNP_N_GenomeWideSNP_6_A01_771652	12	27647741	27651362	28	-0.6933
DUNGS_p_TCGA_b84_115_SNP_N_GenomeWideSNP_6_A01_771652	12	27657161	30240457	1895	0.0854
DUNGS_p_TCGA_b84_115_SNP_N_GenomeWideSNP_6_A01_771652	12	30241370	30243933	12	0.5709
DUNGS_p_TCGA_b84_115_SNP_N_GenomeWideSNP_6_A01_771652	12	30243950	33301561	2275	0.0805
DUNGS_p_TCGA_b84_115_SNP_N_GenomeWideSNP_6_A01_771652	12	33301640	33307078	21	-0.5558
DUNGS_p_TCGA_b84_115_SNP_N_GenomeWideSNP_6_A01_771652	12	33307374	33379966	45	0.0957
DUNGS_p_TCGA_b84_115_SNP_N_GenomeWideSNP_6_A01_771652	12	33385830	33395418	7	0.7682
DUNGS_p_TCGA_b84_115_SNP_N_GenomeWideSNP_6_A01_771652	12	33399053	45899825	5580	0.0846
DUNGS_p_TCGA_b84_115_SNP_N_GenomeWideSNP_6_A01_771652	12	45904438	45909537	4	-2.1367
DUNGS_p_TCGA_b84_115_SNP_N_GenomeWideSNP_6_A01_771652	12	45913292	99791792	33777	0.0825
DUNGS_p_TCGA_b84_115_SNP_N_GenomeWideSNP_6_A01_771652	12	99791814	99798734	32	-0.4398
DUNGS_p_TCGA_b84_115_SNP_N_GenomeWideSNP_6_A01_771652	12	99803093	112121870	7894	0.0746
DUNGS_p_TCGA_b84_115_SNP_N_GenomeWideSNP_6_A01_771652	12	112123284	112123564	2	-1.1822
DUNGS_p_TCGA_b84_115_SNP_N_GenomeWideSNP_6_A01_771652	12	112125404	128434045	11047	0.073
DUNGS_p_TCGA_b84_115_SNP_N_GenomeWideSNP_6_A01_771652	12	128434308	128434322	2	-1.2433
DUNGS_p_TCGA_b84_115_SNP_N_GenomeWideSNP_6_A01_771652	12	128434743	131777432	2934	0.0861
DUNGS_p_TCGA_b84_115_SNP_N_GenomeWideSNP_6_A01_771652	12	131794168	131796447	5	1.0528
DUNGS_p_TCGA_b84_115_SNP_N_GenomeWideSNP_6_A01_771652	12	131803792	132120715	319	0.0796
DUNGS_p_TCGA_b84_115_SNP_N_GenomeWideSNP_6_A01_771652	12	132132584	132133335	13	-2.0866
DUNGS_p_TCGA_b84_115_SNP_N_GenomeWideSNP_6_A01_771652	12	132142331	133778189	572	0.1207
DUNGS_p_TCGA_b84_115_SNP_N_GenomeWideSNP_6_A01_771652	13	19026949	53059216	23511	-0.0103
DUNGS_p_TCGA_b84_115_SNP_N_GenomeWideSNP_6_A01_771652	13	53071152	53139144	13	-0.7174
DUNGS_p_TCGA_b84_115_SNP_N_GenomeWideSNP_6_A01_771652	13	53145658	65352131	7155	-0.0075
DUNGS_p_TCGA_b84_115_SNP_N_GenomeWideSNP_6_A01_771652	13	65352251	65353495	2	-1.6328
DUNGS_p_TCGA_b84_115_SNP_N_GenomeWideSNP_6_A01_771652	13	65356283	72476988	4515	-0.0041
DUNGS_p_TCGA_b84_115_SNP_N_GenomeWideSNP_6_A01_771652	13	72477555	72480556	4	1.4093
DUNGS_p_TCGA_b84_115_SNP_N_GenomeWideSNP_6_A01_771652	13	72480605	115108397	29177	-0.0097
DUNGS_p_TCGA_b84_115_SNP_N_GenomeWideSNP_6_A01_771652	14	19002124	20200409	84	0.1424
DUNGS_p_TCGA_b84_115_SNP_N_GenomeWideSNP_6_A01_771652	14	20201117	20423372	106	0.6397
DUNGS_p_TCGA_b84_115_SNP_N_GenomeWideSNP_6_A01_771652	14	20424926	26779642	4376	-0.016
DUNGS_p_TCGA_b84_115_SNP_N_GenomeWideSNP_6_A01_771652	14	26783903	26783918	8	-0.5809
DUNGS_p_TCGA_b84_115_SNP_N_GenomeWideSNP_6_A01_771652	14	26784913	38794539	7511	-0.0125
DUNGS_p_TCGA_b84_115_SNP_N_GenomeWideSNP_6_A01_771652	14	38799454	38800374	10	-1.1205
DUNGS_p_TCGA_b84_115_SNP_N_GenomeWideSNP_6_A01_771652	14	38804256	40608928	1030	-0.0159
DUNGS_p_TCGA_b84_115_SNP_N_GenomeWideSNP_6_A01_771652	14	40613922	40616919	2	1.0983
DUNGS_p_TCGA_b84_115_SNP_N_GenomeWideSNP_6_A01_771652	14	40618165	41608358	721	-0.0083
DUNGS_p_TCGA_b84_115_SNP_N_GenomeWideSNP_6_A01_771652	14	41610496	41670102	16	-0.4802
DUNGS_p_TCGA_b84_115_SNP_N_GenomeWideSNP_6_A01_771652	14	41676340	44659943	1836	-0.0045
DUNGS_p_TCGA_b84_115_SNP_N_GenomeWideSNP_6_A01_771652	14	44667334	44667764	4	-1.1842
DUNGS_p_TCGA_b84_115_SNP_N_GenomeWideSNP_6_A01_771652	14	44670094	99640111	36305	-0.0157
DUNGS_p_TCGA_b84_115_SNP_N_GenomeWideSNP_6_A01_771652	14	99642786	99642972	2	-1.2972
DUNGS_p_TCGA_b84_115_SNP_N_GenomeWideSNP_6_A01_771652	14	99643935	106157766	3068	-0.0238
DUNGS_p_TCGA_b84_115_SNP_N_GenomeWideSNP_6_A01_771652	14	106167237	106167487	2	-1.3895
DUNGS_p_TCGA_b84_115_SNP_N_GenomeWideSNP_6_A01_771652	14	106194477	106796025	250	-0.113
DUNGS_p_TCGA_b84_115_SNP_N_GenomeWideSNP_6_A01_771652	14	106796228	106821736	10	0.7845
DUNGS_p_TCGA_b84_115_SNP_N_GenomeWideSNP_6_A01_771652	14	106825916	107160399	216	-0.0201
DUNGS_p_TCGA_b84_115_SNP_N_GenomeWideSNP_6_A01_771652	14	107160654	107167707	9	-0.5764
DUNGS_p_TCGA_b84_115_SNP_N_GenomeWideSNP_6_A01_771652	14	107171776	107285437	79	-0.027
DUNGS_p_TCGA_b84_115_SNP_N_GenomeWideSNP_6_A01_771652	15	20016328	20550686	82	0.121
DUNGS_p_TCGA_b84_115_SNP_N_GenomeWideSNP_6_A01_771652	15	20556430	20585988	24	-0.233
DUNGS_p_TCGA_b84_115_SNP_N_GenomeWideSNP_6_A01_771652	15	20586090	20586483	4	-1.1277
DUNGS_p_TCGA_b84_115_SNP_N_GenomeWideSNP_6_A01_771652	15	20586659	20590042	9	-0.3453
DUNGS_p_TCGA_b84_115_SNP_N_GenomeWideSNP_6_A01_771652	15	20590160	24352928	1161	0.0755
DUNGS_p_TCGA_b84_115_SNP_N_GenomeWideSNP_6_A01_771652	15	24357167	24362103	7	-0.8611
DUNGS_p_TCGA_b84_115_SNP_N_GenomeWideSNP_6_A01_771652	15	24363496	27028841	1867	0.0616
DUNGS_p_TCGA_b84_115_SNP_N_GenomeWideSNP_6_A01_771652	15	27032067	27032625	3	-0.8172
DUNGS_p_TCGA_b84_115_SNP_N_GenomeWideSNP_6_A01_771652	15	27033794	30491387	1954	0.0939
DUNGS_p_TCGA_b84_115_SNP_N_GenomeWideSNP_6_A01_771652	15	30493361	30821637	100	-0.416
DUNGS_p_TCGA_b84_115_SNP_N_GenomeWideSNP_6_A01_771652	15	30821758	32631721	1093	0.0741
DUNGS_p_TCGA_b84_115_SNP_N_GenomeWideSNP_6_A01_771652	15	32648158	32674531	6	-0.7992
DUNGS_p_TCGA_b84_115_SNP_N_GenomeWideSNP_6_A01_771652	15	32679629	34678777	1508	0.0726
DUNGS_p_TCGA_b84_115_SNP_N_GenomeWideSNP_6_A01_771652	15	34694636	34862259	80	0.32
DUNGS_p_TCGA_b84_115_SNP_N_GenomeWideSNP_6_A01_771652	15	34862723	40848351	4225	0.0734
DUNGS_p_TCGA_b84_115_SNP_N_GenomeWideSNP_6_A01_771652	15	40849698	40849828	2	-1.1706
DUNGS_p_TCGA_b84_115_SNP_N_GenomeWideSNP_6_A01_771652	15	40851755	76878362	22262	0.0772
DUNGS_p_TCGA_b84_115_SNP_N_GenomeWideSNP_6_A01_771652	15	76891241	76892004	7	-2.4317
DUNGS_p_TCGA_b84_115_SNP_N_GenomeWideSNP_6_A01_771652	15	76892026	76895775	15	-1.329
DUNGS_p_TCGA_b84_115_SNP_N_GenomeWideSNP_6_A01_771652	15	76902179	83083432	3669	0.0798
DUNGS_p_TCGA_b84_115_SNP_N_GenomeWideSNP_6_A01_771652	15	83108458	83108839	2	-1.7085
DUNGS_p_TCGA_b84_115_SNP_N_GenomeWideSNP_6_A01_771652	15	83169549	102469040	14029	0.0825
DUNGS_p_TCGA_b84_115_SNP_N_GenomeWideSNP_6_A01_771652	16	60777	14756287	11121	0.0891
DUNGS_p_TCGA_b84_115_SNP_N_GenomeWideSNP_6_A01_771652	16	14759768	15108587	87	0.347
DUNGS_p_TCGA_b84_115_SNP_N_GenomeWideSNP_6_A01_771652	16	15116257	18167517	1599	0.1307
DUNGS_p_TCGA_b84_115_SNP_N_GenomeWideSNP_6_A01_771652	16	18172481	18354757	17	0.3927
DUNGS_p_TCGA_b84_115_SNP_N_GenomeWideSNP_6_A01_771652	16	18378855	34459709	7741	0.0726
DUNGS_p_TCGA_b84_115_SNP_N_GenomeWideSNP_6_A01_771652	16	34466571	34757071	169	0.5468
DUNGS_p_TCGA_b84_115_SNP_N_GenomeWideSNP_6_A01_771652	16	34760967	78371608	21074	0.0662
DUNGS_p_TCGA_b84_115_SNP_N_GenomeWideSNP_6_A01_771652	16	78372440	78383140	15	-2.3515
DUNGS_p_TCGA_b84_115_SNP_N_GenomeWideSNP_6_A01_771652	16	78384738	90287535	10655	0.0815
DUNGS_p_TCGA_b84_115_SNP_N_GenomeWideSNP_6_A01_771652	17	526	8242910	4558	-0.1063
DUNGS_p_TCGA_b84_115_SNP_N_GenomeWideSNP_6_A01_771652	17	8247547	8247733	2	-2.5282
DUNGS_p_TCGA_b84_115_SNP_N_GenomeWideSNP_6_A01_771652	17	8249458	16654301	5958	-0.1129
DUNGS_p_TCGA_b84_115_SNP_N_GenomeWideSNP_6_A01_771652	17	16657331	16722801	10	0.7029
DUNGS_p_TCGA_b84_115_SNP_N_GenomeWideSNP_6_A01_771652	17	16735532	18319862	924	-0.1251
DUNGS_p_TCGA_b84_115_SNP_N_GenomeWideSNP_6_A01_771652	17	18355392	18453437	26	-1.5196
DUNGS_p_TCGA_b84_115_SNP_N_GenomeWideSNP_6_A01_771652	17	18459272	34436708	6928	-0.0192
DUNGS_p_TCGA_b84_115_SNP_N_GenomeWideSNP_6_A01_771652	17	34437128	34476282	33	0.531
DUNGS_p_TCGA_b84_115_SNP_N_GenomeWideSNP_6_A01_771652	17	34477386	39407981	2544	-7e-04
DUNGS_p_TCGA_b84_115_SNP_N_GenomeWideSNP_6_A01_771652	17	39413410	39430157	25	-0.3797
DUNGS_p_TCGA_b84_115_SNP_N_GenomeWideSNP_6_A01_771652	17	39430173	39430531	4	-1.9268
DUNGS_p_TCGA_b84_115_SNP_N_GenomeWideSNP_6_A01_771652	17	39432724	44163098	2513	0.0248
DUNGS_p_TCGA_b84_115_SNP_N_GenomeWideSNP_6_A01_771652	17	44165803	44280188	96	0.2877
DUNGS_p_TCGA_b84_115_SNP_N_GenomeWideSNP_6_A01_771652	17	44280676	44435454	38	0.0139
DUNGS_p_TCGA_b84_115_SNP_N_GenomeWideSNP_6_A01_771652	17	44441482	44764994	40	-0.5441
DUNGS_p_TCGA_b84_115_SNP_N_GenomeWideSNP_6_A01_771652	17	44784652	77242761	19879	0.0246
DUNGS_p_TCGA_b84_115_SNP_N_GenomeWideSNP_6_A01_771652	17	77243050	77246390	5	-1.1286
DUNGS_p_TCGA_b84_115_SNP_N_GenomeWideSNP_6_A01_771652	17	77247044	81049726	1753	0.031
DUNGS_p_TCGA_b84_115_SNP_N_GenomeWideSNP_6_A01_771652	18	11543	40051678	24099	0.0196
DUNGS_p_TCGA_b84_115_SNP_N_GenomeWideSNP_6_A01_771652	18	40056569	40057767	25	-0.5112
DUNGS_p_TCGA_b84_115_SNP_N_GenomeWideSNP_6_A01_771652	18	40058395	42802381	1712	0.0029
DUNGS_p_TCGA_b84_115_SNP_N_GenomeWideSNP_6_A01_771652	18	42802400	42803709	2	-1.2287
DUNGS_p_TCGA_b84_115_SNP_N_GenomeWideSNP_6_A01_771652	18	42803829	63203743	14199	-0.0141
DUNGS_p_TCGA_b84_115_SNP_N_GenomeWideSNP_6_A01_771652	18	63203759	63207257	14	0.775
DUNGS_p_TCGA_b84_115_SNP_N_GenomeWideSNP_6_A01_771652	18	63207273	63721579	359	-0.021
DUNGS_p_TCGA_b84_115_SNP_N_GenomeWideSNP_6_A01_771652	18	63727492	63728340	12	0.572
DUNGS_p_TCGA_b84_115_SNP_N_GenomeWideSNP_6_A01_771652	18	63732738	74923928	8465	0.0013
DUNGS_p_TCGA_b84_115_SNP_N_GenomeWideSNP_6_A01_771652	18	74925386	74926407	2	-1.6873
DUNGS_p_TCGA_b84_115_SNP_N_GenomeWideSNP_6_A01_771652	18	74926882	78015057	1977	-0.0076
DUNGS_p_TCGA_b84_115_SNP_N_GenomeWideSNP_6_A01_771652	19	90910	9273800	3415	-0.11
DUNGS_p_TCGA_b84_115_SNP_N_GenomeWideSNP_6_A01_771652	19	9274672	9278121	5	-1.0023
DUNGS_p_TCGA_b84_115_SNP_N_GenomeWideSNP_6_A01_771652	19	9284760	11163689	874	-0.1069
DUNGS_p_TCGA_b84_115_SNP_N_GenomeWideSNP_6_A01_771652	19	11168662	11169052	2	-1.4698
DUNGS_p_TCGA_b84_115_SNP_N_GenomeWideSNP_6_A01_771652	19	11177408	24456957	6949	-0.001
DUNGS_p_TCGA_b84_115_SNP_N_GenomeWideSNP_6_A01_771652	19	24460818	24464957	10	-0.7928
DUNGS_p_TCGA_b84_115_SNP_N_GenomeWideSNP_6_A01_771652	19	24487682	35849322	5583	0.0587
DUNGS_p_TCGA_b84_115_SNP_N_GenomeWideSNP_6_A01_771652	19	35849493	35861848	22	-0.4759
DUNGS_p_TCGA_b84_115_SNP_N_GenomeWideSNP_6_A01_771652	19	35866744	43440444	3795	0.2379
DUNGS_p_TCGA_b84_115_SNP_N_GenomeWideSNP_6_A01_771652	19	43443622	43696975	128	-0.0825
DUNGS_p_TCGA_b84_115_SNP_N_GenomeWideSNP_6_A01_771652	19	43697333	43753510	22	-0.7098
DUNGS_p_TCGA_b84_115_SNP_N_GenomeWideSNP_6_A01_771652	19	43756237	43786678	18	-0.1867
DUNGS_p_TCGA_b84_115_SNP_N_GenomeWideSNP_6_A01_771652	19	43789914	43790751	2	0.8413
DUNGS_p_TCGA_b84_115_SNP_N_GenomeWideSNP_6_A01_771652	19	43794153	44468612	405	-0.0874
DUNGS_p_TCGA_b84_115_SNP_N_GenomeWideSNP_6_A01_771652	19	44468923	44490042	19	0.2768
DUNGS_p_TCGA_b84_115_SNP_N_GenomeWideSNP_6_A01_771652	19	44490103	44495235	18	-0.0845
DUNGS_p_TCGA_b84_115_SNP_N_GenomeWideSNP_6_A01_771652	19	44499152	47008421	1258	0.2583
DUNGS_p_TCGA_b84_115_SNP_N_GenomeWideSNP_6_A01_771652	19	47011746	52131813	2453	-0.0222
DUNGS_p_TCGA_b84_115_SNP_N_GenomeWideSNP_6_A01_771652	19	52142352	52148197	11	0.4207
DUNGS_p_TCGA_b84_115_SNP_N_GenomeWideSNP_6_A01_771652	19	52154905	53515323	946	-0.0718
DUNGS_p_TCGA_b84_115_SNP_N_GenomeWideSNP_6_A01_771652	19	53517082	53552229	24	0.7257
DUNGS_p_TCGA_b84_115_SNP_N_GenomeWideSNP_6_A01_771652	19	53554240	59097854	3417	-0.1074
DUNGS_p_TCGA_b84_115_SNP_N_GenomeWideSNP_6_A01_771652	20	61305	230516	138	0.1294
DUNGS_p_TCGA_b84_115_SNP_N_GenomeWideSNP_6_A01_771652	20	230541	230556	2	-0.8728
DUNGS_p_TCGA_b84_115_SNP_N_GenomeWideSNP_6_A01_771652	20	230760	1561580	1068	0.0922
DUNGS_p_TCGA_b84_115_SNP_N_GenomeWideSNP_6_A01_771652	20	1561667	1568083	7	-0.6145
DUNGS_p_TCGA_b84_115_SNP_N_GenomeWideSNP_6_A01_771652	20	1570737	1579121	23	0.0101
DUNGS_p_TCGA_b84_115_SNP_N_GenomeWideSNP_6_A01_771652	20	1580388	1597946	11	-0.9382
DUNGS_p_TCGA_b84_115_SNP_N_GenomeWideSNP_6_A01_771652	20	1598106	52644868	33781	0.0623
DUNGS_p_TCGA_b84_115_SNP_N_GenomeWideSNP_6_A01_771652	20	52647808	52658593	37	-0.6756
DUNGS_p_TCGA_b84_115_SNP_N_GenomeWideSNP_6_A01_771652	20	52658651	62221249	7156	0.0556
DUNGS_p_TCGA_b84_115_SNP_N_GenomeWideSNP_6_A01_771652	20	62222458	62223224	3	1.0934
DUNGS_p_TCGA_b84_115_SNP_N_GenomeWideSNP_6_A01_771652	20	62226088	62956153	308	0.1389
DUNGS_p_TCGA_b84_115_SNP_N_GenomeWideSNP_6_A01_771652	21	10736871	20056087	3717	0.001
DUNGS_p_TCGA_b84_115_SNP_N_GenomeWideSNP_6_A01_771652	21	20057678	20082159	29	0.4807
DUNGS_p_TCGA_b84_115_SNP_N_GenomeWideSNP_6_A01_771652	21	20082244	33236455	9875	-0.0452
DUNGS_p_TCGA_b84_115_SNP_N_GenomeWideSNP_6_A01_771652	21	33237983	33240048	3	-2.0435
DUNGS_p_TCGA_b84_115_SNP_N_GenomeWideSNP_6_A01_771652	21	33251549	43147374	7753	-0.1368
DUNGS_p_TCGA_b84_115_SNP_N_GenomeWideSNP_6_A01_771652	21	43149896	43150588	4	-1.3655
DUNGS_p_TCGA_b84_115_SNP_N_GenomeWideSNP_6_A01_771652	21	43150854	48096957	3052	-0.1147
DUNGS_p_TCGA_b84_115_SNP_N_GenomeWideSNP_6_A01_771652	22	16052528	16425145	61	0.3625
DUNGS_p_TCGA_b84_115_SNP_N_GenomeWideSNP_6_A01_771652	22	16425217	20397856	2090	-0.0728
DUNGS_p_TCGA_b84_115_SNP_N_GenomeWideSNP_6_A01_771652	22	20470610	20499111	4	1.1991
DUNGS_p_TCGA_b84_115_SNP_N_GenomeWideSNP_6_A01_771652	22	20662706	20876509	103	-0.0709
DUNGS_p_TCGA_b84_115_SNP_N_GenomeWideSNP_6_A01_771652	22	20876645	20935898	45	0.2139
DUNGS_p_TCGA_b84_115_SNP_N_GenomeWideSNP_6_A01_771652	22	20936334	21845355	600	0.5781
DUNGS_p_TCGA_b84_115_SNP_N_GenomeWideSNP_6_A01_771652	22	21917153	25081338	2095	-0.0714
DUNGS_p_TCGA_b84_115_SNP_N_GenomeWideSNP_6_A01_771652	22	25082115	25082534	3	-1.5849
DUNGS_p_TCGA_b84_115_SNP_N_GenomeWideSNP_6_A01_771652	22	25087674	25735899	515	-0.1151
DUNGS_p_TCGA_b84_115_SNP_N_GenomeWideSNP_6_A01_771652	22	25735945	25748559	20	0.3174
DUNGS_p_TCGA_b84_115_SNP_N_GenomeWideSNP_6_A01_771652	22	25748686	33582803	5832	-0.1163
DUNGS_p_TCGA_b84_115_SNP_N_GenomeWideSNP_6_A01_771652	22	33583233	33583237	2	-1.8839
DUNGS_p_TCGA_b84_115_SNP_N_GenomeWideSNP_6_A01_771652	22	33586339	42897282	6076	-0.1117
DUNGS_p_TCGA_b84_115_SNP_N_GenomeWideSNP_6_A01_771652	22	42899440	42950491	24	0.6186
DUNGS_p_TCGA_b84_115_SNP_N_GenomeWideSNP_6_A01_771652	22	42955431	51234455	6113	-0.1085
DUNGS_p_TCGA_b84_115_SNP_N_GenomeWideSNP_6_A01_771652	X	168477	2937748	254	0.0406
DUNGS_p_TCGA_b84_115_SNP_N_GenomeWideSNP_6_A01_771652	X	2941966	2942811	3	1.2688
DUNGS_p_TCGA_b84_115_SNP_N_GenomeWideSNP_6_A01_771652	X	2942925	25811099	15518	0.0125
DUNGS_p_TCGA_b84_115_SNP_N_GenomeWideSNP_6_A01_771652	X	25814128	25815034	3	-1.3339
DUNGS_p_TCGA_b84_115_SNP_N_GenomeWideSNP_6_A01_771652	X	25815337	76514148	24416	0.0079
DUNGS_p_TCGA_b84_115_SNP_N_GenomeWideSNP_6_A01_771652	X	76517352	76523952	2	1.6558
DUNGS_p_TCGA_b84_115_SNP_N_GenomeWideSNP_6_A01_771652	X	76545159	80191321	1734	0.0141
DUNGS_p_TCGA_b84_115_SNP_N_GenomeWideSNP_6_A01_771652	X	80191983	80191990	2	-1.9792
DUNGS_p_TCGA_b84_115_SNP_N_GenomeWideSNP_6_A01_771652	X	80197863	134854929	30259	0.0108
DUNGS_p_TCGA_b84_115_SNP_N_GenomeWideSNP_6_A01_771652	X	134857319	134880074	7	-0.7766
DUNGS_p_TCGA_b84_115_SNP_N_GenomeWideSNP_6_A01_771652	X	134891648	144069793	5814	0.0023
DUNGS_p_TCGA_b84_115_SNP_N_GenomeWideSNP_6_A01_771652	X	144072034	144074511	2	-1.408
DUNGS_p_TCGA_b84_115_SNP_N_GenomeWideSNP_6_A01_771652	X	144076042	155182354	6648	0.0068
DUNGS_p_TCGA_b84_115_SNP_N_GenomeWideSNP_6_A01_771652	Y	2650438	59018259	8635	-0.8971
