Sample	Chromosome	Start	End	Num_Probes	Segment_Mean
DUNGS_p_TCGA_b84_115_SNP_N_GenomeWideSNP_6_F11_771466	1	3208470	56964247	28837	-0.0019
DUNGS_p_TCGA_b84_115_SNP_N_GenomeWideSNP_6_F11_771466	1	56964512	56967749	2	1.2341
DUNGS_p_TCGA_b84_115_SNP_N_GenomeWideSNP_6_F11_771466	1	56968038	83897872	17083	0.0019
DUNGS_p_TCGA_b84_115_SNP_N_GenomeWideSNP_6_F11_771466	1	83898918	83899680	3	-1.029
DUNGS_p_TCGA_b84_115_SNP_N_GenomeWideSNP_6_F11_771466	1	83904602	233094368	75253	0.003
DUNGS_p_TCGA_b84_115_SNP_N_GenomeWideSNP_6_F11_771466	1	233096776	233130493	35	0.6156
DUNGS_p_TCGA_b84_115_SNP_N_GenomeWideSNP_6_F11_771466	1	233133842	239385324	4488	0.0063
DUNGS_p_TCGA_b84_115_SNP_N_GenomeWideSNP_6_F11_771466	1	239386990	239387130	2	-1.3109
DUNGS_p_TCGA_b84_115_SNP_N_GenomeWideSNP_6_F11_771466	1	239390610	245880329	3442	-2e-04
DUNGS_p_TCGA_b84_115_SNP_N_GenomeWideSNP_6_F11_771466	2	474222	633587	143	0.0054
DUNGS_p_TCGA_b84_115_SNP_N_GenomeWideSNP_6_F11_771466	2	634065	636364	2	-1.3634
DUNGS_p_TCGA_b84_115_SNP_N_GenomeWideSNP_6_F11_771466	2	637085	105845716	55888	-0.0022
DUNGS_p_TCGA_b84_115_SNP_N_GenomeWideSNP_6_F11_771466	2	105846238	105847877	6	-0.8888
DUNGS_p_TCGA_b84_115_SNP_N_GenomeWideSNP_6_F11_771466	2	105850022	108304984	1451	-0.0059
DUNGS_p_TCGA_b84_115_SNP_N_GenomeWideSNP_6_F11_771466	2	108305014	108307504	2	1.6814
DUNGS_p_TCGA_b84_115_SNP_N_GenomeWideSNP_6_F11_771466	2	108310807	242124735	73877	-0.0019
DUNGS_p_TCGA_b84_115_SNP_N_GenomeWideSNP_6_F11_771466	3	526235	199023074	106434	0.0051
DUNGS_p_TCGA_b84_115_SNP_N_GenomeWideSNP_6_F11_771466	4	1043934	12498093	6715	6e-04
DUNGS_p_TCGA_b84_115_SNP_N_GenomeWideSNP_6_F11_771466	4	12500279	12501301	2	-1.5527
DUNGS_p_TCGA_b84_115_SNP_N_GenomeWideSNP_6_F11_771466	4	12503839	35482881	14602	0.0014
DUNGS_p_TCGA_b84_115_SNP_N_GenomeWideSNP_6_F11_771466	4	35483208	35483550	3	1.342
DUNGS_p_TCGA_b84_115_SNP_N_GenomeWideSNP_6_F11_771466	4	35484266	189836143	81467	0.0021
DUNGS_p_TCGA_b84_115_SNP_N_GenomeWideSNP_6_F11_771466	5	967233	180293075	100553	0.0018
DUNGS_p_TCGA_b84_115_SNP_N_GenomeWideSNP_6_F11_771466	6	959281	68096572	36969	0.0046
DUNGS_p_TCGA_b84_115_SNP_N_GenomeWideSNP_6_F11_771466	6	68100238	68101103	2	-1.5814
DUNGS_p_TCGA_b84_115_SNP_N_GenomeWideSNP_6_F11_771466	6	68101311	170745844	59559	0.0016
DUNGS_p_TCGA_b84_115_SNP_N_GenomeWideSNP_6_F11_771466	7	671810	15245104	7179	0.0016
DUNGS_p_TCGA_b84_115_SNP_N_GenomeWideSNP_6_F11_771466	7	15246167	15252901	2	-1.263
DUNGS_p_TCGA_b84_115_SNP_N_GenomeWideSNP_6_F11_771466	7	15254768	158077879	74181	0.0022
DUNGS_p_TCGA_b84_115_SNP_N_GenomeWideSNP_6_F11_771466	8	607667	15786606	7561	0.006
DUNGS_p_TCGA_b84_115_SNP_N_GenomeWideSNP_6_F11_771466	8	15786737	15791692	2	-1.2992
DUNGS_p_TCGA_b84_115_SNP_N_GenomeWideSNP_6_F11_771466	8	15791858	17750312	1293	0.0044
DUNGS_p_TCGA_b84_115_SNP_N_GenomeWideSNP_6_F11_771466	8	17752434	17753184	2	-1.5489
DUNGS_p_TCGA_b84_115_SNP_N_GenomeWideSNP_6_F11_771466	8	17754832	95790669	43080	0.0033
DUNGS_p_TCGA_b84_115_SNP_N_GenomeWideSNP_6_F11_771466	8	95792452	95798679	4	-1.0086
DUNGS_p_TCGA_b84_115_SNP_N_GenomeWideSNP_6_F11_771466	8	95798954	145304484	29632	0.0061
DUNGS_p_TCGA_b84_115_SNP_N_GenomeWideSNP_6_F11_771466	9	779932	83649307	32824	0.0021
DUNGS_p_TCGA_b84_115_SNP_N_GenomeWideSNP_6_F11_771466	9	83651138	83679951	12	0.7564
DUNGS_p_TCGA_b84_115_SNP_N_GenomeWideSNP_6_F11_771466	9	83690614	140058573	35210	0.0018
DUNGS_p_TCGA_b84_115_SNP_N_GenomeWideSNP_6_F11_771466	10	405240	135075077	80909	0.002
DUNGS_p_TCGA_b84_115_SNP_N_GenomeWideSNP_6_F11_771466	11	446120	28941606	18243	-0.0016
DUNGS_p_TCGA_b84_115_SNP_N_GenomeWideSNP_6_F11_771466	11	28943992	28944086	2	-1.5248
DUNGS_p_TCGA_b84_115_SNP_N_GenomeWideSNP_6_F11_771466	11	28944220	70959508	19326	0.0032
DUNGS_p_TCGA_b84_115_SNP_N_GenomeWideSNP_6_F11_771466	11	70960616	70964187	5	-1.5063
DUNGS_p_TCGA_b84_115_SNP_N_GenomeWideSNP_6_F11_771466	11	70964397	88191927	10149	0.0017
DUNGS_p_TCGA_b84_115_SNP_N_GenomeWideSNP_6_F11_771466	11	88192615	88192927	4	-0.849
DUNGS_p_TCGA_b84_115_SNP_N_GenomeWideSNP_6_F11_771466	11	88197384	133647740	29571	6e-04
DUNGS_p_TCGA_b84_115_SNP_N_GenomeWideSNP_6_F11_771466	12	760163	131671419	73984	0.0034
DUNGS_p_TCGA_b84_115_SNP_N_GenomeWideSNP_6_F11_771466	13	18348806	106180636	51927	0.0034
DUNGS_p_TCGA_b84_115_SNP_N_GenomeWideSNP_6_F11_771466	13	106182239	106182711	2	-1.2811
DUNGS_p_TCGA_b84_115_SNP_N_GenomeWideSNP_6_F11_771466	13	106183236	114005560	4752	0.0012
DUNGS_p_TCGA_b84_115_SNP_N_GenomeWideSNP_6_F11_771466	14	19571208	105059083	49473	-0.001
DUNGS_p_TCGA_b84_115_SNP_N_GenomeWideSNP_6_F11_771466	15	21238778	99701830	44553	0.0021
DUNGS_p_TCGA_b84_115_SNP_N_GenomeWideSNP_6_F11_771466	16	593460	87907437	40882	-8e-04
DUNGS_p_TCGA_b84_115_SNP_N_GenomeWideSNP_6_F11_771466	17	933971	78510305	37004	0.0032
DUNGS_p_TCGA_b84_115_SNP_N_GenomeWideSNP_6_F11_771466	18	319586	32267891	17403	-0.001
DUNGS_p_TCGA_b84_115_SNP_N_GenomeWideSNP_6_F11_771466	18	32269559	32269864	4	-1.0605
DUNGS_p_TCGA_b84_115_SNP_N_GenomeWideSNP_6_F11_771466	18	32270867	75210228	25282	-6e-04
DUNGS_p_TCGA_b84_115_SNP_N_GenomeWideSNP_6_F11_771466	19	235018	11024689	3732	0.002
DUNGS_p_TCGA_b84_115_SNP_N_GenomeWideSNP_6_F11_771466	19	11029662	11030052	2	-1.2554
DUNGS_p_TCGA_b84_115_SNP_N_GenomeWideSNP_6_F11_771466	19	11038408	63303535	20059	0.0039
DUNGS_p_TCGA_b84_115_SNP_N_GenomeWideSNP_6_F11_771466	19	63305833	63305901	2	-1.2036
DUNGS_p_TCGA_b84_115_SNP_N_GenomeWideSNP_6_F11_771466	19	63308068	63570038	167	-0.0078
DUNGS_p_TCGA_b84_115_SNP_N_GenomeWideSNP_6_F11_771466	20	403764	8022116	4670	0.0185
DUNGS_p_TCGA_b84_115_SNP_N_GenomeWideSNP_6_F11_771466	20	8022197	8022518	2	-1.2652
DUNGS_p_TCGA_b84_115_SNP_N_GenomeWideSNP_6_F11_771466	20	8023223	37467877	16399	0.0171
DUNGS_p_TCGA_b84_115_SNP_N_GenomeWideSNP_6_F11_771466	20	37472405	37475460	3	-1.038
DUNGS_p_TCGA_b84_115_SNP_N_GenomeWideSNP_6_F11_771466	20	37479542	61690281	16224	0.0067
DUNGS_p_TCGA_b84_115_SNP_N_GenomeWideSNP_6_F11_771466	21	14269492	46503202	20594	0.0029
DUNGS_p_TCGA_b84_115_SNP_N_GenomeWideSNP_6_F11_771466	22	15803930	47717016	16938	-8e-04
DUNGS_p_TCGA_b84_115_SNP_N_GenomeWideSNP_6_F11_771466	X	3167107	13968113	4127	0.0417
DUNGS_p_TCGA_b84_115_SNP_N_GenomeWideSNP_6_F11_771466	X	13968582	13969056	2	-3.3582
DUNGS_p_TCGA_b84_115_SNP_N_GenomeWideSNP_6_F11_771466	X	13969516	30197178	8083	0.0342
DUNGS_p_TCGA_b84_115_SNP_N_GenomeWideSNP_6_F11_771466	X	30197293	30199216	2	-2.7865
DUNGS_p_TCGA_b84_115_SNP_N_GenomeWideSNP_6_F11_771466	X	30202238	50211323	8818	0.0346
DUNGS_p_TCGA_b84_115_SNP_N_GenomeWideSNP_6_F11_771466	X	50211450	50216232	2	-3.6393
DUNGS_p_TCGA_b84_115_SNP_N_GenomeWideSNP_6_F11_771466	X	50220142	77639476	8279	0.0306
DUNGS_p_TCGA_b84_115_SNP_N_GenomeWideSNP_6_F11_771466	X	77640330	77640570	2	-2.3762
DUNGS_p_TCGA_b84_115_SNP_N_GenomeWideSNP_6_F11_771466	X	77640641	83214142	2640	0.0356
DUNGS_p_TCGA_b84_115_SNP_N_GenomeWideSNP_6_F11_771466	X	83215699	83224990	3	-3.2806
DUNGS_p_TCGA_b84_115_SNP_N_GenomeWideSNP_6_F11_771466	X	83225129	84715725	429	-6e-04
DUNGS_p_TCGA_b84_115_SNP_N_GenomeWideSNP_6_F11_771466	X	84716571	84717552	3	-2.365
DUNGS_p_TCGA_b84_115_SNP_N_GenomeWideSNP_6_F11_771466	X	84717562	100278956	6487	0.0385
DUNGS_p_TCGA_b84_115_SNP_N_GenomeWideSNP_6_F11_771466	X	100279246	100284437	3	-2.0865
DUNGS_p_TCGA_b84_115_SNP_N_GenomeWideSNP_6_F11_771466	X	100284745	112251308	5683	0.0316
DUNGS_p_TCGA_b84_115_SNP_N_GenomeWideSNP_6_F11_771466	X	112251452	112251583	2	-1.7727
DUNGS_p_TCGA_b84_115_SNP_N_GenomeWideSNP_6_F11_771466	X	112251637	113539076	707	0.0171
DUNGS_p_TCGA_b84_115_SNP_N_GenomeWideSNP_6_F11_771466	X	113539364	113555910	11	-0.6053
DUNGS_p_TCGA_b84_115_SNP_N_GenomeWideSNP_6_F11_771466	X	113558220	120063523	3011	0.035
DUNGS_p_TCGA_b84_115_SNP_N_GenomeWideSNP_6_F11_771466	X	120064943	120065066	2	-1.653
DUNGS_p_TCGA_b84_115_SNP_N_GenomeWideSNP_6_F11_771466	X	120069655	124487235	2376	0.0496
DUNGS_p_TCGA_b84_115_SNP_N_GenomeWideSNP_6_F11_771466	X	124487669	124488152	3	-2.3673
DUNGS_p_TCGA_b84_115_SNP_N_GenomeWideSNP_6_F11_771466	X	124492750	125710128	473	0.0557
DUNGS_p_TCGA_b84_115_SNP_N_GenomeWideSNP_6_F11_771466	X	125710210	125712073	3	-2.0205
DUNGS_p_TCGA_b84_115_SNP_N_GenomeWideSNP_6_F11_771466	X	125712094	141508552	6656	0.0219
DUNGS_p_TCGA_b84_115_SNP_N_GenomeWideSNP_6_F11_771466	X	141510472	141510989	3	-1.616
DUNGS_p_TCGA_b84_115_SNP_N_GenomeWideSNP_6_F11_771466	X	141511028	143297402	977	0.0248
DUNGS_p_TCGA_b84_115_SNP_N_GenomeWideSNP_6_F11_771466	X	143297705	143298609	2	-2.7781
DUNGS_p_TCGA_b84_115_SNP_N_GenomeWideSNP_6_F11_771466	X	143299616	154558783	5016	0.0276
