Sample	Chromosome	Start	End	Num_Probes	Segment_Mean
DUNGS_p_TCGA_b84_115_SNP_N_GenomeWideSNP_6_B01_771504	1	51598	4789985	1874	0.0249
DUNGS_p_TCGA_b84_115_SNP_N_GenomeWideSNP_6_B01_771504	1	4791463	4794004	3	-1.2608
DUNGS_p_TCGA_b84_115_SNP_N_GenomeWideSNP_6_B01_771504	1	4794810	15362615	6125	0.0282
DUNGS_p_TCGA_b84_115_SNP_N_GenomeWideSNP_6_B01_771504	1	15362631	15362777	2	-1.5444
DUNGS_p_TCGA_b84_115_SNP_N_GenomeWideSNP_6_B01_771504	1	15362873	16679512	715	0.0198
DUNGS_p_TCGA_b84_115_SNP_N_GenomeWideSNP_6_B01_771504	1	16679811	16686508	3	-1.0787
DUNGS_p_TCGA_b84_115_SNP_N_GenomeWideSNP_6_B01_771504	1	16687581	16816409	34	0.0623
DUNGS_p_TCGA_b84_115_SNP_N_GenomeWideSNP_6_B01_771504	1	16826358	16835900	5	0.7935
DUNGS_p_TCGA_b84_115_SNP_N_GenomeWideSNP_6_B01_771504	1	16836132	16840961	8	-0.0524
DUNGS_p_TCGA_b84_115_SNP_N_GenomeWideSNP_6_B01_771504	1	16841060	16843043	8	0.8338
DUNGS_p_TCGA_b84_115_SNP_N_GenomeWideSNP_6_B01_771504	1	16878321	17062591	62	0.1066
DUNGS_p_TCGA_b84_115_SNP_N_GenomeWideSNP_6_B01_771504	1	17063449	17133798	55	-0.6634
DUNGS_p_TCGA_b84_115_SNP_N_GenomeWideSNP_6_B01_771504	1	17133835	22288425	3418	0.0231
DUNGS_p_TCGA_b84_115_SNP_N_GenomeWideSNP_6_B01_771504	1	22288528	22290264	2	1.52
DUNGS_p_TCGA_b84_115_SNP_N_GenomeWideSNP_6_B01_771504	1	22298229	25465715	1865	0.0273
DUNGS_p_TCGA_b84_115_SNP_N_GenomeWideSNP_6_B01_771504	1	25468468	25477053	10	-0.4171
DUNGS_p_TCGA_b84_115_SNP_N_GenomeWideSNP_6_B01_771504	1	25477645	25484039	3	-1.6995
DUNGS_p_TCGA_b84_115_SNP_N_GenomeWideSNP_6_B01_771504	1	25488883	30504967	2413	0.0209
DUNGS_p_TCGA_b84_115_SNP_N_GenomeWideSNP_6_B01_771504	1	30506623	30517797	13	0.555
DUNGS_p_TCGA_b84_115_SNP_N_GenomeWideSNP_6_B01_771504	1	30520163	40793623	5771	0.0312
DUNGS_p_TCGA_b84_115_SNP_N_GenomeWideSNP_6_B01_771504	1	40794663	40800515	3	-1.182
DUNGS_p_TCGA_b84_115_SNP_N_GenomeWideSNP_6_B01_771504	1	40800797	55043139	7998	0.0644
DUNGS_p_TCGA_b84_115_SNP_N_GenomeWideSNP_6_B01_771504	1	55047107	55047240	2	1.4805
DUNGS_p_TCGA_b84_115_SNP_N_GenomeWideSNP_6_B01_771504	1	55047398	65670457	8104	0.0741
DUNGS_p_TCGA_b84_115_SNP_N_GenomeWideSNP_6_B01_771504	1	65670539	65678853	4	1.4633
DUNGS_p_TCGA_b84_115_SNP_N_GenomeWideSNP_6_B01_771504	1	65679350	72541006	4503	0.0742
DUNGS_p_TCGA_b84_115_SNP_N_GenomeWideSNP_6_B01_771504	1	72541086	72583736	47	-1.1583
DUNGS_p_TCGA_b84_115_SNP_N_GenomeWideSNP_6_B01_771504	1	72584492	83585375	7107	0.0734
DUNGS_p_TCGA_b84_115_SNP_N_GenomeWideSNP_6_B01_771504	1	83587892	83589065	3	1.4954
DUNGS_p_TCGA_b84_115_SNP_N_GenomeWideSNP_6_B01_771504	1	83598165	103960907	13005	0.0847
DUNGS_p_TCGA_b84_115_SNP_N_GenomeWideSNP_6_B01_771504	1	103965022	103965310	2	-1.7834
DUNGS_p_TCGA_b84_115_SNP_N_GenomeWideSNP_6_B01_771504	1	103979561	105820728	946	-0.0337
DUNGS_p_TCGA_b84_115_SNP_N_GenomeWideSNP_6_B01_771504	1	105820759	105823898	16	-2.6175
DUNGS_p_TCGA_b84_115_SNP_N_GenomeWideSNP_6_B01_771504	1	105825578	143543612	9922	-0.0184
DUNGS_p_TCGA_b84_115_SNP_N_GenomeWideSNP_6_B01_771504	1	143553915	143560909	4	1.6973
DUNGS_p_TCGA_b84_115_SNP_N_GenomeWideSNP_6_B01_771504	1	143576984	150822151	2797	0.4288
DUNGS_p_TCGA_b84_115_SNP_N_GenomeWideSNP_6_B01_771504	1	150822330	150852862	31	1.4037
DUNGS_p_TCGA_b84_115_SNP_N_GenomeWideSNP_6_B01_771504	1	150852902	153446984	1556	0.3566
DUNGS_p_TCGA_b84_115_SNP_N_GenomeWideSNP_6_B01_771504	1	153447090	153478291	13	1.1063
DUNGS_p_TCGA_b84_115_SNP_N_GenomeWideSNP_6_B01_771504	1	153478891	159200392	3666	0.1473
DUNGS_p_TCGA_b84_115_SNP_N_GenomeWideSNP_6_B01_771504	1	159203644	159206145	3	-1.1723
DUNGS_p_TCGA_b84_115_SNP_N_GenomeWideSNP_6_B01_771504	1	159206656	167483561	6327	0.1552
DUNGS_p_TCGA_b84_115_SNP_N_GenomeWideSNP_6_B01_771504	1	167500598	167508390	7	1.2197
DUNGS_p_TCGA_b84_115_SNP_N_GenomeWideSNP_6_B01_771504	1	167509025	176925360	6059	0.1412
DUNGS_p_TCGA_b84_115_SNP_N_GenomeWideSNP_6_B01_771504	1	176925440	176928219	11	-0.4281
DUNGS_p_TCGA_b84_115_SNP_N_GenomeWideSNP_6_B01_771504	1	176928488	177590361	556	0.1117
DUNGS_p_TCGA_b84_115_SNP_N_GenomeWideSNP_6_B01_771504	1	177597151	177599938	4	-1.1626
DUNGS_p_TCGA_b84_115_SNP_N_GenomeWideSNP_6_B01_771504	1	177605829	191422415	9181	0.0881
DUNGS_p_TCGA_b84_115_SNP_N_GenomeWideSNP_6_B01_771504	1	191422902	191422955	3	1.7558
DUNGS_p_TCGA_b84_115_SNP_N_GenomeWideSNP_6_B01_771504	1	191422971	194998709	2409	0.075
DUNGS_p_TCGA_b84_115_SNP_N_GenomeWideSNP_6_B01_771504	1	195005246	195024743	33	0.5638
DUNGS_p_TCGA_b84_115_SNP_N_GenomeWideSNP_6_B01_771504	1	195024772	195079130	57	0.1912
DUNGS_p_TCGA_b84_115_SNP_N_GenomeWideSNP_6_B01_771504	1	195079153	195082414	2	3.0392
DUNGS_p_TCGA_b84_115_SNP_N_GenomeWideSNP_6_B01_771504	1	195083353	195112291	35	0.0678
DUNGS_p_TCGA_b84_115_SNP_N_GenomeWideSNP_6_B01_771504	1	195114034	195119973	4	-1.1183
DUNGS_p_TCGA_b84_115_SNP_N_GenomeWideSNP_6_B01_771504	1	195120142	197374325	1341	0.082
DUNGS_p_TCGA_b84_115_SNP_N_GenomeWideSNP_6_B01_771504	1	197377986	197379634	8	-0.9183
DUNGS_p_TCGA_b84_115_SNP_N_GenomeWideSNP_6_B01_771504	1	197380463	244633667	33088	0.0622
DUNGS_p_TCGA_b84_115_SNP_N_GenomeWideSNP_6_B01_771504	1	244634173	244646974	11	0.6673
DUNGS_p_TCGA_b84_115_SNP_N_GenomeWideSNP_6_B01_771504	1	244647517	245886610	776	0.0853
DUNGS_p_TCGA_b84_115_SNP_N_GenomeWideSNP_6_B01_771504	1	245894591	246215433	238	0.7737
DUNGS_p_TCGA_b84_115_SNP_N_GenomeWideSNP_6_B01_771504	1	246217667	246242795	14	0.0204
DUNGS_p_TCGA_b84_115_SNP_N_GenomeWideSNP_6_B01_771504	1	246243281	246359793	67	0.7035
DUNGS_p_TCGA_b84_115_SNP_N_GenomeWideSNP_6_B01_771504	1	246365128	246491688	74	0.0851
DUNGS_p_TCGA_b84_115_SNP_N_GenomeWideSNP_6_B01_771504	1	246493107	246496342	8	0.8134
DUNGS_p_TCGA_b84_115_SNP_N_GenomeWideSNP_6_B01_771504	1	246499850	246697419	116	-0.0635
DUNGS_p_TCGA_b84_115_SNP_N_GenomeWideSNP_6_B01_771504	1	246701763	246847130	49	0.4851
DUNGS_p_TCGA_b84_115_SNP_N_GenomeWideSNP_6_B01_771504	1	246849834	247191011	156	0.0631
DUNGS_p_TCGA_b84_115_SNP_N_GenomeWideSNP_6_B01_771504	2	2784	21443461	16102	0.0857
DUNGS_p_TCGA_b84_115_SNP_N_GenomeWideSNP_6_B01_771504	2	21443701	21454261	6	-0.8368
DUNGS_p_TCGA_b84_115_SNP_N_GenomeWideSNP_6_B01_771504	2	21459519	22189033	426	0.1062
DUNGS_p_TCGA_b84_115_SNP_N_GenomeWideSNP_6_B01_771504	2	22193373	22193944	2	-1.3482
DUNGS_p_TCGA_b84_115_SNP_N_GenomeWideSNP_6_B01_771504	2	22198959	34534998	7597	0.0984
DUNGS_p_TCGA_b84_115_SNP_N_GenomeWideSNP_6_B01_771504	2	34536794	34596414	57	0.5285
DUNGS_p_TCGA_b84_115_SNP_N_GenomeWideSNP_6_B01_771504	2	34596540	36185623	1145	0.1178
DUNGS_p_TCGA_b84_115_SNP_N_GenomeWideSNP_6_B01_771504	2	36185639	36193011	24	-0.3361
DUNGS_p_TCGA_b84_115_SNP_N_GenomeWideSNP_6_B01_771504	2	36193058	38807999	2029	0.1254
DUNGS_p_TCGA_b84_115_SNP_N_GenomeWideSNP_6_B01_771504	2	38809370	38825785	8	0.8922
DUNGS_p_TCGA_b84_115_SNP_N_GenomeWideSNP_6_B01_771504	2	38826330	52597429	9842	0.1049
DUNGS_p_TCGA_b84_115_SNP_N_GenomeWideSNP_6_B01_771504	2	52607972	52608385	7	-1.4547
DUNGS_p_TCGA_b84_115_SNP_N_GenomeWideSNP_6_B01_771504	2	52612257	54364730	1337	0.0939
DUNGS_p_TCGA_b84_115_SNP_N_GenomeWideSNP_6_B01_771504	2	54365135	54370725	4	-1.1042
DUNGS_p_TCGA_b84_115_SNP_N_GenomeWideSNP_6_B01_771504	2	54371357	71195884	10973	0.0957
DUNGS_p_TCGA_b84_115_SNP_N_GenomeWideSNP_6_B01_771504	2	71195959	71200900	8	-0.9842
DUNGS_p_TCGA_b84_115_SNP_N_GenomeWideSNP_6_B01_771504	2	71203551	75731158	2645	0.0961
DUNGS_p_TCGA_b84_115_SNP_N_GenomeWideSNP_6_B01_771504	2	75731320	75734785	4	1.1988
DUNGS_p_TCGA_b84_115_SNP_N_GenomeWideSNP_6_B01_771504	2	75735336	97484644	9176	0.0778
DUNGS_p_TCGA_b84_115_SNP_N_GenomeWideSNP_6_B01_771504	2	97507179	97528621	9	-0.7686
DUNGS_p_TCGA_b84_115_SNP_N_GenomeWideSNP_6_B01_771504	2	97533310	114078485	9440	0.1035
DUNGS_p_TCGA_b84_115_SNP_N_GenomeWideSNP_6_B01_771504	2	114078884	114078886	2	-2.5108
DUNGS_p_TCGA_b84_115_SNP_N_GenomeWideSNP_6_B01_771504	2	114097291	119939166	3795	0.0851
DUNGS_p_TCGA_b84_115_SNP_N_GenomeWideSNP_6_B01_771504	2	119939168	119941052	2	-1.7192
DUNGS_p_TCGA_b84_115_SNP_N_GenomeWideSNP_6_B01_771504	2	119941549	146581053	16336	0.0223
DUNGS_p_TCGA_b84_115_SNP_N_GenomeWideSNP_6_B01_771504	2	146581549	146594276	20	0.6359
DUNGS_p_TCGA_b84_115_SNP_N_GenomeWideSNP_6_B01_771504	2	146594865	159666866	7803	0.0744
DUNGS_p_TCGA_b84_115_SNP_N_GenomeWideSNP_6_B01_771504	2	159668589	159669219	2	1.9137
DUNGS_p_TCGA_b84_115_SNP_N_GenomeWideSNP_6_B01_771504	2	159671533	160368717	431	0.1011
DUNGS_p_TCGA_b84_115_SNP_N_GenomeWideSNP_6_B01_771504	2	160368786	160368957	2	-1.6683
DUNGS_p_TCGA_b84_115_SNP_N_GenomeWideSNP_6_B01_771504	2	160369353	164445321	2415	0.08
DUNGS_p_TCGA_b84_115_SNP_N_GenomeWideSNP_6_B01_771504	2	164445618	164445914	2	1.4833
DUNGS_p_TCGA_b84_115_SNP_N_GenomeWideSNP_6_B01_771504	2	164446925	195018477	18585	0.0824
DUNGS_p_TCGA_b84_115_SNP_N_GenomeWideSNP_6_B01_771504	2	195019018	195024254	6	-0.8821
DUNGS_p_TCGA_b84_115_SNP_N_GenomeWideSNP_6_B01_771504	2	195024885	239860407	28411	0.0173
DUNGS_p_TCGA_b84_115_SNP_N_GenomeWideSNP_6_B01_771504	2	239862287	239863934	3	-1.308
DUNGS_p_TCGA_b84_115_SNP_N_GenomeWideSNP_6_B01_771504	2	239866578	242738129	1547	-0.0022
DUNGS_p_TCGA_b84_115_SNP_N_GenomeWideSNP_6_B01_771504	3	35345	157913	115	0.0378
DUNGS_p_TCGA_b84_115_SNP_N_GenomeWideSNP_6_B01_771504	3	159246	161019	4	1.4243
DUNGS_p_TCGA_b84_115_SNP_N_GenomeWideSNP_6_B01_771504	3	161211	1888098	1564	0.0118
DUNGS_p_TCGA_b84_115_SNP_N_GenomeWideSNP_6_B01_771504	3	1888371	1900851	17	-0.9198
DUNGS_p_TCGA_b84_115_SNP_N_GenomeWideSNP_6_B01_771504	3	1901105	22529287	15399	-0.0128
DUNGS_p_TCGA_b84_115_SNP_N_GenomeWideSNP_6_B01_771504	3	22529529	22551549	22	0.4978
DUNGS_p_TCGA_b84_115_SNP_N_GenomeWideSNP_6_B01_771504	3	22552282	37961932	10612	-0.0067
DUNGS_p_TCGA_b84_115_SNP_N_GenomeWideSNP_6_B01_771504	3	37962110	37962778	3	1.5104
DUNGS_p_TCGA_b84_115_SNP_N_GenomeWideSNP_6_B01_771504	3	37962803	89983168	33134	0.0037
DUNGS_p_TCGA_b84_115_SNP_N_GenomeWideSNP_6_B01_771504	3	89983673	89987648	2	-1.5288
DUNGS_p_TCGA_b84_115_SNP_N_GenomeWideSNP_6_B01_771504	3	89987959	100419653	3021	0.0671
DUNGS_p_TCGA_b84_115_SNP_N_GenomeWideSNP_6_B01_771504	3	100420474	100431362	22	0.6265
DUNGS_p_TCGA_b84_115_SNP_N_GenomeWideSNP_6_B01_771504	3	100431421	163995843	39144	0.0763
DUNGS_p_TCGA_b84_115_SNP_N_GenomeWideSNP_6_B01_771504	3	163996153	164070363	41	-0.2942
DUNGS_p_TCGA_b84_115_SNP_N_GenomeWideSNP_6_B01_771504	3	164074817	169404190	2986	0.0666
DUNGS_p_TCGA_b84_115_SNP_N_GenomeWideSNP_6_B01_771504	3	169404258	169410068	2	-2.4535
DUNGS_p_TCGA_b84_115_SNP_N_GenomeWideSNP_6_B01_771504	3	169410801	174686959	3384	0.1081
DUNGS_p_TCGA_b84_115_SNP_N_GenomeWideSNP_6_B01_771504	3	174692386	174698428	11	-0.6779
DUNGS_p_TCGA_b84_115_SNP_N_GenomeWideSNP_6_B01_771504	3	174701486	174712073	10	0.037
DUNGS_p_TCGA_b84_115_SNP_N_GenomeWideSNP_6_B01_771504	3	174712265	174772374	27	0.6681
DUNGS_p_TCGA_b84_115_SNP_N_GenomeWideSNP_6_B01_771504	3	174782887	175673281	627	0.0957
DUNGS_p_TCGA_b84_115_SNP_N_GenomeWideSNP_6_B01_771504	3	175686196	176075332	254	-0.2005
DUNGS_p_TCGA_b84_115_SNP_N_GenomeWideSNP_6_B01_771504	3	176082522	190842972	9423	0.1014
DUNGS_p_TCGA_b84_115_SNP_N_GenomeWideSNP_6_B01_771504	3	190843448	190853682	13	-1.0647
DUNGS_p_TCGA_b84_115_SNP_N_GenomeWideSNP_6_B01_771504	3	190853708	194360656	2500	0.0946
DUNGS_p_TCGA_b84_115_SNP_N_GenomeWideSNP_6_B01_771504	3	194360739	194365582	17	1.3734
DUNGS_p_TCGA_b84_115_SNP_N_GenomeWideSNP_6_B01_771504	3	194365597	196767187	1488	0.1141
DUNGS_p_TCGA_b84_115_SNP_N_GenomeWideSNP_6_B01_771504	3	196868323	196941547	31	-0.3509
DUNGS_p_TCGA_b84_115_SNP_N_GenomeWideSNP_6_B01_771504	3	196941582	199380515	1190	0.1203
DUNGS_p_TCGA_b84_115_SNP_N_GenomeWideSNP_6_B01_771504	4	2281	51936	53	-0.4464
DUNGS_p_TCGA_b84_115_SNP_N_GenomeWideSNP_6_B01_771504	4	52126	286383	118	-0.0971
DUNGS_p_TCGA_b84_115_SNP_N_GenomeWideSNP_6_B01_771504	4	287932	288772	3	-1.7434
DUNGS_p_TCGA_b84_115_SNP_N_GenomeWideSNP_6_B01_771504	4	292934	8277388	4730	-0.0818
DUNGS_p_TCGA_b84_115_SNP_N_GenomeWideSNP_6_B01_771504	4	8278539	8278725	3	-2.3396
DUNGS_p_TCGA_b84_115_SNP_N_GenomeWideSNP_6_B01_771504	4	8279334	8770766	282	-0.085
DUNGS_p_TCGA_b84_115_SNP_N_GenomeWideSNP_6_B01_771504	4	8771068	9073635	67	0.5206
DUNGS_p_TCGA_b84_115_SNP_N_GenomeWideSNP_6_B01_771504	4	9074070	9823258	554	-0.0996
DUNGS_p_TCGA_b84_115_SNP_N_GenomeWideSNP_6_B01_771504	4	9832514	9839592	19	0.7499
DUNGS_p_TCGA_b84_115_SNP_N_GenomeWideSNP_6_B01_771504	4	9839716	9849811	22	0.0504
DUNGS_p_TCGA_b84_115_SNP_N_GenomeWideSNP_6_B01_771504	4	9853711	9854053	2	1.541
DUNGS_p_TCGA_b84_115_SNP_N_GenomeWideSNP_6_B01_771504	4	9854996	18667386	6713	-0.0783
DUNGS_p_TCGA_b84_115_SNP_N_GenomeWideSNP_6_B01_771504	4	18677873	18681168	2	-1.6457
DUNGS_p_TCGA_b84_115_SNP_N_GenomeWideSNP_6_B01_771504	4	18684053	19434301	461	-0.0996
DUNGS_p_TCGA_b84_115_SNP_N_GenomeWideSNP_6_B01_771504	4	19434736	19443110	3	-1.3828
DUNGS_p_TCGA_b84_115_SNP_N_GenomeWideSNP_6_B01_771504	4	19446797	20981743	1038	-0.0815
DUNGS_p_TCGA_b84_115_SNP_N_GenomeWideSNP_6_B01_771504	4	20985835	20985888	3	-1.862
DUNGS_p_TCGA_b84_115_SNP_N_GenomeWideSNP_6_B01_771504	4	20985904	25318862	3086	-0.087
DUNGS_p_TCGA_b84_115_SNP_N_GenomeWideSNP_6_B01_771504	4	25323324	25323813	7	-0.898
DUNGS_p_TCGA_b84_115_SNP_N_GenomeWideSNP_6_B01_771504	4	25327199	34455449	5686	-0.078
DUNGS_p_TCGA_b84_115_SNP_N_GenomeWideSNP_6_B01_771504	4	34462895	34495606	35	0.4389
DUNGS_p_TCGA_b84_115_SNP_N_GenomeWideSNP_6_B01_771504	4	34497735	47876909	8486	-0.0722
DUNGS_p_TCGA_b84_115_SNP_N_GenomeWideSNP_6_B01_771504	4	47877006	47885295	19	0.4493
DUNGS_p_TCGA_b84_115_SNP_N_GenomeWideSNP_6_B01_771504	4	47885343	48962605	494	-0.0694
DUNGS_p_TCGA_b84_115_SNP_N_GenomeWideSNP_6_B01_771504	4	48985949	49197923	6	-1.1205
DUNGS_p_TCGA_b84_115_SNP_N_GenomeWideSNP_6_B01_771504	4	49198542	54914242	1631	-0.1245
DUNGS_p_TCGA_b84_115_SNP_N_GenomeWideSNP_6_B01_771504	4	54914287	54915112	8	-0.873
DUNGS_p_TCGA_b84_115_SNP_N_GenomeWideSNP_6_B01_771504	4	54916167	64380064	5968	-0.1114
DUNGS_p_TCGA_b84_115_SNP_N_GenomeWideSNP_6_B01_771504	4	64380112	64386888	6	-1.1016
DUNGS_p_TCGA_b84_115_SNP_N_GenomeWideSNP_6_B01_771504	4	64387751	64388206	10	0.3208
DUNGS_p_TCGA_b84_115_SNP_N_GenomeWideSNP_6_B01_771504	4	64388221	64390853	12	-0.8019
DUNGS_p_TCGA_b84_115_SNP_N_GenomeWideSNP_6_B01_771504	4	64399026	66283749	1218	-0.1214
DUNGS_p_TCGA_b84_115_SNP_N_GenomeWideSNP_6_B01_771504	4	66283780	66283982	3	1.2383
DUNGS_p_TCGA_b84_115_SNP_N_GenomeWideSNP_6_B01_771504	4	66284919	69171930	1724	-0.1234
DUNGS_p_TCGA_b84_115_SNP_N_GenomeWideSNP_6_B01_771504	4	69187710	69617078	17	0.5202
DUNGS_p_TCGA_b84_115_SNP_N_GenomeWideSNP_6_B01_771504	4	69626201	69990939	217	-0.1379
DUNGS_p_TCGA_b84_115_SNP_N_GenomeWideSNP_6_B01_771504	4	69993714	69994268	2	-2.1647
DUNGS_p_TCGA_b84_115_SNP_N_GenomeWideSNP_6_B01_771504	4	69996335	70158099	95	-0.0732
DUNGS_p_TCGA_b84_115_SNP_N_GenomeWideSNP_6_B01_771504	4	70162233	70166959	8	-0.8966
DUNGS_p_TCGA_b84_115_SNP_N_GenomeWideSNP_6_B01_771504	4	70169269	70177963	5	-0.0546
DUNGS_p_TCGA_b84_115_SNP_N_GenomeWideSNP_6_B01_771504	4	70178395	70266388	41	-0.8783
DUNGS_p_TCGA_b84_115_SNP_N_GenomeWideSNP_6_B01_771504	4	70266611	78010307	4624	-0.1051
DUNGS_p_TCGA_b84_115_SNP_N_GenomeWideSNP_6_B01_771504	4	78010534	78012853	17	-0.7272
DUNGS_p_TCGA_b84_115_SNP_N_GenomeWideSNP_6_B01_771504	4	78012968	104428633	16039	-0.1069
DUNGS_p_TCGA_b84_115_SNP_N_GenomeWideSNP_6_B01_771504	4	104428735	104462310	42	-1.4788
DUNGS_p_TCGA_b84_115_SNP_N_GenomeWideSNP_6_B01_771504	4	104464105	104965020	341	-0.1166
DUNGS_p_TCGA_b84_115_SNP_N_GenomeWideSNP_6_B01_771504	4	104971079	104971086	5	0.992
DUNGS_p_TCGA_b84_115_SNP_N_GenomeWideSNP_6_B01_771504	4	104971093	115403678	6342	-0.1121
DUNGS_p_TCGA_b84_115_SNP_N_GenomeWideSNP_6_B01_771504	4	115403701	115403759	3	1.2713
DUNGS_p_TCGA_b84_115_SNP_N_GenomeWideSNP_6_B01_771504	4	115403771	125530379	6013	-0.1118
DUNGS_p_TCGA_b84_115_SNP_N_GenomeWideSNP_6_B01_771504	4	125536722	125537739	2	-1.6582
DUNGS_p_TCGA_b84_115_SNP_N_GenomeWideSNP_6_B01_771504	4	125537748	134392794	5110	-0.1123
DUNGS_p_TCGA_b84_115_SNP_N_GenomeWideSNP_6_B01_771504	4	134393657	134398128	4	-1.9197
DUNGS_p_TCGA_b84_115_SNP_N_GenomeWideSNP_6_B01_771504	4	134400634	145530103	6889	-0.0372
DUNGS_p_TCGA_b84_115_SNP_N_GenomeWideSNP_6_B01_771504	4	145530588	145539450	3	-1.2566
DUNGS_p_TCGA_b84_115_SNP_N_GenomeWideSNP_6_B01_771504	4	145545860	152099114	3677	0.0251
DUNGS_p_TCGA_b84_115_SNP_N_GenomeWideSNP_6_B01_771504	4	152099375	152103748	15	-1.3106
DUNGS_p_TCGA_b84_115_SNP_N_GenomeWideSNP_6_B01_771504	4	152103750	158942508	4388	0.0019
DUNGS_p_TCGA_b84_115_SNP_N_GenomeWideSNP_6_B01_771504	4	158946478	158950824	12	-1.2655
DUNGS_p_TCGA_b84_115_SNP_N_GenomeWideSNP_6_B01_771504	4	158955899	162174825	2042	0.0832
DUNGS_p_TCGA_b84_115_SNP_N_GenomeWideSNP_6_B01_771504	4	162174900	162176972	2	-1.8052
DUNGS_p_TCGA_b84_115_SNP_N_GenomeWideSNP_6_B01_771504	4	162178326	165848293	2373	-0.011
DUNGS_p_TCGA_b84_115_SNP_N_GenomeWideSNP_6_B01_771504	4	165848412	165853505	3	-1.1686
DUNGS_p_TCGA_b84_115_SNP_N_GenomeWideSNP_6_B01_771504	4	165855415	166340107	328	-0.0139
DUNGS_p_TCGA_b84_115_SNP_N_GenomeWideSNP_6_B01_771504	4	166344930	166345646	2	-1.3896
DUNGS_p_TCGA_b84_115_SNP_N_GenomeWideSNP_6_B01_771504	4	166349755	172605921	3905	-0.0831
DUNGS_p_TCGA_b84_115_SNP_N_GenomeWideSNP_6_B01_771504	4	172611459	172614351	12	1.1014
DUNGS_p_TCGA_b84_115_SNP_N_GenomeWideSNP_6_B01_771504	4	172616946	173659097	641	-0.1285
DUNGS_p_TCGA_b84_115_SNP_N_GenomeWideSNP_6_B01_771504	4	173661522	173690283	9	0.8232
DUNGS_p_TCGA_b84_115_SNP_N_GenomeWideSNP_6_B01_771504	4	173691821	189458252	10717	-0.1098
DUNGS_p_TCGA_b84_115_SNP_N_GenomeWideSNP_6_B01_771504	4	189458354	189458433	4	2.0035
DUNGS_p_TCGA_b84_115_SNP_N_GenomeWideSNP_6_B01_771504	4	189459807	191261904	1178	-0.0969
DUNGS_p_TCGA_b84_115_SNP_N_GenomeWideSNP_6_B01_771504	5	68532	72584	3	-0.4694
DUNGS_p_TCGA_b84_115_SNP_N_GenomeWideSNP_6_B01_771504	5	74963	738504	304	1.1
DUNGS_p_TCGA_b84_115_SNP_N_GenomeWideSNP_6_B01_771504	5	738748	870992	46	1.7383
DUNGS_p_TCGA_b84_115_SNP_N_GenomeWideSNP_6_B01_771504	5	871541	1613497	385	1.122
DUNGS_p_TCGA_b84_115_SNP_N_GenomeWideSNP_6_B01_771504	5	1613716	10976252	8176	0.5695
DUNGS_p_TCGA_b84_115_SNP_N_GenomeWideSNP_6_B01_771504	5	10976499	10980462	3	-0.6132
DUNGS_p_TCGA_b84_115_SNP_N_GenomeWideSNP_6_B01_771504	5	10980604	12218272	986	0.5727
DUNGS_p_TCGA_b84_115_SNP_N_GenomeWideSNP_6_B01_771504	5	12222849	21412601	5840	0.2493
DUNGS_p_TCGA_b84_115_SNP_N_GenomeWideSNP_6_B01_771504	5	21413596	21413610	2	-2.2616
DUNGS_p_TCGA_b84_115_SNP_N_GenomeWideSNP_6_B01_771504	5	21421823	26825238	3210	0.1411
DUNGS_p_TCGA_b84_115_SNP_N_GenomeWideSNP_6_B01_771504	5	26825253	26833601	3	-1.2626
DUNGS_p_TCGA_b84_115_SNP_N_GenomeWideSNP_6_B01_771504	5	26839641	29055161	1247	0.1508
DUNGS_p_TCGA_b84_115_SNP_N_GenomeWideSNP_6_B01_771504	5	29055845	29056374	4	-0.8485
DUNGS_p_TCGA_b84_115_SNP_N_GenomeWideSNP_6_B01_771504	5	29059061	46227641	10610	0.0625
DUNGS_p_TCGA_b84_115_SNP_N_GenomeWideSNP_6_B01_771504	5	46231640	46235192	4	-1.4312
DUNGS_p_TCGA_b84_115_SNP_N_GenomeWideSNP_6_B01_771504	5	46245056	62788743	8701	-0.1438
DUNGS_p_TCGA_b84_115_SNP_N_GenomeWideSNP_6_B01_771504	5	62789286	62793305	2	-1.9595
DUNGS_p_TCGA_b84_115_SNP_N_GenomeWideSNP_6_B01_771504	5	62793344	62882729	35	-0.047
DUNGS_p_TCGA_b84_115_SNP_N_GenomeWideSNP_6_B01_771504	5	62882929	62884454	2	-1.8135
DUNGS_p_TCGA_b84_115_SNP_N_GenomeWideSNP_6_B01_771504	5	62887671	75479106	6856	-0.1484
DUNGS_p_TCGA_b84_115_SNP_N_GenomeWideSNP_6_B01_771504	5	75479125	75486109	15	0.4776
DUNGS_p_TCGA_b84_115_SNP_N_GenomeWideSNP_6_B01_771504	5	75486129	81473414	3761	-0.1508
DUNGS_p_TCGA_b84_115_SNP_N_GenomeWideSNP_6_B01_771504	5	81473900	81474203	2	-2.1291
DUNGS_p_TCGA_b84_115_SNP_N_GenomeWideSNP_6_B01_771504	5	81478123	101217419	11141	-0.1485
DUNGS_p_TCGA_b84_115_SNP_N_GenomeWideSNP_6_B01_771504	5	101217493	101219653	6	-1.2024
DUNGS_p_TCGA_b84_115_SNP_N_GenomeWideSNP_6_B01_771504	5	101219827	150182398	31373	-0.1429
DUNGS_p_TCGA_b84_115_SNP_N_GenomeWideSNP_6_B01_771504	5	150185693	150198797	8	-3.0668
DUNGS_p_TCGA_b84_115_SNP_N_GenomeWideSNP_6_B01_771504	5	150203580	157352660	4966	-0.1573
DUNGS_p_TCGA_b84_115_SNP_N_GenomeWideSNP_6_B01_771504	5	157354198	157357717	2	-1.7887
DUNGS_p_TCGA_b84_115_SNP_N_GenomeWideSNP_6_B01_771504	5	157357828	175306114	12786	-0.1546
DUNGS_p_TCGA_b84_115_SNP_N_GenomeWideSNP_6_B01_771504	5	175320152	175487321	22	0.3795
DUNGS_p_TCGA_b84_115_SNP_N_GenomeWideSNP_6_B01_771504	5	175491160	180304774	2537	-0.1559
DUNGS_p_TCGA_b84_115_SNP_N_GenomeWideSNP_6_B01_771504	5	180307090	180350709	21	0.4241
DUNGS_p_TCGA_b84_115_SNP_N_GenomeWideSNP_6_B01_771504	5	180365831	180722926	171	-0.0846
DUNGS_p_TCGA_b84_115_SNP_N_GenomeWideSNP_6_B01_771504	6	94661	57320507	38790	0.0421
DUNGS_p_TCGA_b84_115_SNP_N_GenomeWideSNP_6_B01_771504	6	57323453	58250040	347	-0.391
DUNGS_p_TCGA_b84_115_SNP_N_GenomeWideSNP_6_B01_771504	6	58252719	58765473	194	0.0148
DUNGS_p_TCGA_b84_115_SNP_N_GenomeWideSNP_6_B01_771504	6	58769333	62594474	371	-0.3458
DUNGS_p_TCGA_b84_115_SNP_N_GenomeWideSNP_6_B01_771504	6	62596460	67081055	2577	-0.0635
DUNGS_p_TCGA_b84_115_SNP_N_GenomeWideSNP_6_B01_771504	6	67082091	67084599	7	0.7944
DUNGS_p_TCGA_b84_115_SNP_N_GenomeWideSNP_6_B01_771504	6	67084620	71755586	3137	-0.06
DUNGS_p_TCGA_b84_115_SNP_N_GenomeWideSNP_6_B01_771504	6	71760494	71761153	2	1.3871
DUNGS_p_TCGA_b84_115_SNP_N_GenomeWideSNP_6_B01_771504	6	71761629	77492878	3692	-0.0479
DUNGS_p_TCGA_b84_115_SNP_N_GenomeWideSNP_6_B01_771504	6	77493251	77502918	13	-1.1265
DUNGS_p_TCGA_b84_115_SNP_N_GenomeWideSNP_6_B01_771504	6	77506288	79029495	1003	-0.0772
DUNGS_p_TCGA_b84_115_SNP_N_GenomeWideSNP_6_B01_771504	6	79029515	79084489	93	0.3149
DUNGS_p_TCGA_b84_115_SNP_N_GenomeWideSNP_6_B01_771504	6	79089036	86595776	4767	-0.0745
DUNGS_p_TCGA_b84_115_SNP_N_GenomeWideSNP_6_B01_771504	6	86596416	86623182	6	-1.0765
DUNGS_p_TCGA_b84_115_SNP_N_GenomeWideSNP_6_B01_771504	6	86631258	103858257	10758	-0.0817
DUNGS_p_TCGA_b84_115_SNP_N_GenomeWideSNP_6_B01_771504	6	103858570	103858643	4	-1.2698
DUNGS_p_TCGA_b84_115_SNP_N_GenomeWideSNP_6_B01_771504	6	103858720	115485768	7349	-0.0437
DUNGS_p_TCGA_b84_115_SNP_N_GenomeWideSNP_6_B01_771504	6	115485853	115514666	3	-1.4721
DUNGS_p_TCGA_b84_115_SNP_N_GenomeWideSNP_6_B01_771504	6	115515264	138467553	14684	0.0493
DUNGS_p_TCGA_b84_115_SNP_N_GenomeWideSNP_6_B01_771504	6	138467725	138467764	3	-1.648
DUNGS_p_TCGA_b84_115_SNP_N_GenomeWideSNP_6_B01_771504	6	138468116	153996633	10292	0.0608
DUNGS_p_TCGA_b84_115_SNP_N_GenomeWideSNP_6_B01_771504	6	153999063	154003112	3	-1.6121
DUNGS_p_TCGA_b84_115_SNP_N_GenomeWideSNP_6_B01_771504	6	154003592	158908133	3282	0.0453
DUNGS_p_TCGA_b84_115_SNP_N_GenomeWideSNP_6_B01_771504	6	158909975	158912622	2	1.6671
DUNGS_p_TCGA_b84_115_SNP_N_GenomeWideSNP_6_B01_771504	6	158913155	160952079	1408	0.0618
DUNGS_p_TCGA_b84_115_SNP_N_GenomeWideSNP_6_B01_771504	6	160952093	160953273	9	-0.7576
DUNGS_p_TCGA_b84_115_SNP_N_GenomeWideSNP_6_B01_771504	6	160988032	165644042	3646	0.041
DUNGS_p_TCGA_b84_115_SNP_N_GenomeWideSNP_6_B01_771504	6	165651516	165651918	2	-1.7207
DUNGS_p_TCGA_b84_115_SNP_N_GenomeWideSNP_6_B01_771504	6	165654642	166414243	607	0.0667
DUNGS_p_TCGA_b84_115_SNP_N_GenomeWideSNP_6_B01_771504	6	166417621	166418850	3	-2.6662
DUNGS_p_TCGA_b84_115_SNP_N_GenomeWideSNP_6_B01_771504	6	166425374	168850654	1711	0.0585
DUNGS_p_TCGA_b84_115_SNP_N_GenomeWideSNP_6_B01_771504	6	168852014	168869286	9	0.7306
DUNGS_p_TCGA_b84_115_SNP_N_GenomeWideSNP_6_B01_771504	6	168869448	170892930	1293	0.0366
DUNGS_p_TCGA_b84_115_SNP_N_GenomeWideSNP_6_B01_771504	7	52911	71798	2	-0.4298
DUNGS_p_TCGA_b84_115_SNP_N_GenomeWideSNP_6_B01_771504	7	138438	6089211	3148	0.5577
DUNGS_p_TCGA_b84_115_SNP_N_GenomeWideSNP_6_B01_771504	7	6091907	6103389	8	-0.9232
DUNGS_p_TCGA_b84_115_SNP_N_GenomeWideSNP_6_B01_771504	7	6112164	6803593	288	0.5104
DUNGS_p_TCGA_b84_115_SNP_N_GenomeWideSNP_6_B01_771504	7	6805249	6833603	7	-1.1115
DUNGS_p_TCGA_b84_115_SNP_N_GenomeWideSNP_6_B01_771504	7	6834167	9523548	2257	0.5548
DUNGS_p_TCGA_b84_115_SNP_N_GenomeWideSNP_6_B01_771504	7	9525968	9725914	186	0.2273
DUNGS_p_TCGA_b84_115_SNP_N_GenomeWideSNP_6_B01_771504	7	9726760	9733994	5	-0.7206
DUNGS_p_TCGA_b84_115_SNP_N_GenomeWideSNP_6_B01_771504	7	9734036	16731818	5610	0.2496
DUNGS_p_TCGA_b84_115_SNP_N_GenomeWideSNP_6_B01_771504	7	16732646	16732773	2	-1.5127
DUNGS_p_TCGA_b84_115_SNP_N_GenomeWideSNP_6_B01_771504	7	16733121	22401305	4607	0.1388
DUNGS_p_TCGA_b84_115_SNP_N_GenomeWideSNP_6_B01_771504	7	22401997	22403012	2	-2.1828
DUNGS_p_TCGA_b84_115_SNP_N_GenomeWideSNP_6_B01_771504	7	22405279	32487246	7433	0.0907
DUNGS_p_TCGA_b84_115_SNP_N_GenomeWideSNP_6_B01_771504	7	32489251	32491520	4	-0.8771
DUNGS_p_TCGA_b84_115_SNP_N_GenomeWideSNP_6_B01_771504	7	32492007	54353999	15058	0.1234
DUNGS_p_TCGA_b84_115_SNP_N_GenomeWideSNP_6_B01_771504	7	54354003	54354011	5	3.2877
DUNGS_p_TCGA_b84_115_SNP_N_GenomeWideSNP_6_B01_771504	7	54360982	61962948	2232	0.0441
DUNGS_p_TCGA_b84_115_SNP_N_GenomeWideSNP_6_B01_771504	7	62002627	62007269	11	-0.7945
DUNGS_p_TCGA_b84_115_SNP_N_GenomeWideSNP_6_B01_771504	7	62022712	88655237	14449	0.0677
DUNGS_p_TCGA_b84_115_SNP_N_GenomeWideSNP_6_B01_771504	7	88657408	88659401	2	-1.532
DUNGS_p_TCGA_b84_115_SNP_N_GenomeWideSNP_6_B01_771504	7	88659487	91046078	1620	0.2469
DUNGS_p_TCGA_b84_115_SNP_N_GenomeWideSNP_6_B01_771504	7	91056820	91062974	5	-0.9683
DUNGS_p_TCGA_b84_115_SNP_N_GenomeWideSNP_6_B01_771504	7	91063835	104254938	7304	0.275
DUNGS_p_TCGA_b84_115_SNP_N_GenomeWideSNP_6_B01_771504	7	104254971	104263721	13	-0.2595
DUNGS_p_TCGA_b84_115_SNP_N_GenomeWideSNP_6_B01_771504	7	104263735	109228480	3216	0.3214
DUNGS_p_TCGA_b84_115_SNP_N_GenomeWideSNP_6_B01_771504	7	109228865	109241146	10	1.3377
DUNGS_p_TCGA_b84_115_SNP_N_GenomeWideSNP_6_B01_771504	7	109241218	115373530	3653	0.3755
DUNGS_p_TCGA_b84_115_SNP_N_GenomeWideSNP_6_B01_771504	7	115373670	115486842	68	0.7584
DUNGS_p_TCGA_b84_115_SNP_N_GenomeWideSNP_6_B01_771504	7	115486914	116114258	444	0.4009
DUNGS_p_TCGA_b84_115_SNP_N_GenomeWideSNP_6_B01_771504	7	116116537	116393285	264	1.0355
DUNGS_p_TCGA_b84_115_SNP_N_GenomeWideSNP_6_B01_771504	7	116397051	116905449	308	0.728
DUNGS_p_TCGA_b84_115_SNP_N_GenomeWideSNP_6_B01_771504	7	116908456	133435880	10033	-0.0214
DUNGS_p_TCGA_b84_115_SNP_N_GenomeWideSNP_6_B01_771504	7	133435917	133449694	32	0.5485
DUNGS_p_TCGA_b84_115_SNP_N_GenomeWideSNP_6_B01_771504	7	133449737	137467272	2789	-0.0211
DUNGS_p_TCGA_b84_115_SNP_N_GenomeWideSNP_6_B01_771504	7	137467949	137478076	5	0.8926
DUNGS_p_TCGA_b84_115_SNP_N_GenomeWideSNP_6_B01_771504	7	137479348	158819765	13518	0.0628
DUNGS_p_TCGA_b84_115_SNP_N_GenomeWideSNP_6_B01_771504	8	21254	584973	329	-0.2434
DUNGS_p_TCGA_b84_115_SNP_N_GenomeWideSNP_6_B01_771504	8	585220	585908	8	1.441
DUNGS_p_TCGA_b84_115_SNP_N_GenomeWideSNP_6_B01_771504	8	591043	2069206	1158	-0.2238
DUNGS_p_TCGA_b84_115_SNP_N_GenomeWideSNP_6_B01_771504	8	2069358	2069399	2	-2.4342
DUNGS_p_TCGA_b84_115_SNP_N_GenomeWideSNP_6_B01_771504	8	2069440	3520329	1561	-0.2354
DUNGS_p_TCGA_b84_115_SNP_N_GenomeWideSNP_6_B01_771504	8	3520490	3530369	12	-1.1416
DUNGS_p_TCGA_b84_115_SNP_N_GenomeWideSNP_6_B01_771504	8	3531162	7027263	4760	-0.2219
DUNGS_p_TCGA_b84_115_SNP_N_GenomeWideSNP_6_B01_771504	8	7030750	7213846	31	-0.8117
DUNGS_p_TCGA_b84_115_SNP_N_GenomeWideSNP_6_B01_771504	8	7225313	7814417	131	-0.2055
DUNGS_p_TCGA_b84_115_SNP_N_GenomeWideSNP_6_B01_771504	8	7814432	7814540	5	0.8955
DUNGS_p_TCGA_b84_115_SNP_N_GenomeWideSNP_6_B01_771504	8	7814581	9187022	1092	-0.2141
DUNGS_p_TCGA_b84_115_SNP_N_GenomeWideSNP_6_B01_771504	8	9187489	9189927	3	-1.8054
DUNGS_p_TCGA_b84_115_SNP_N_GenomeWideSNP_6_B01_771504	8	9190192	16241562	5815	-0.2227
DUNGS_p_TCGA_b84_115_SNP_N_GenomeWideSNP_6_B01_771504	8	16251325	16251494	8	-1.3244
DUNGS_p_TCGA_b84_115_SNP_N_GenomeWideSNP_6_B01_771504	8	16256455	16533952	249	-0.234
DUNGS_p_TCGA_b84_115_SNP_N_GenomeWideSNP_6_B01_771504	8	16541245	16561674	12	0.4166
DUNGS_p_TCGA_b84_115_SNP_N_GenomeWideSNP_6_B01_771504	8	16562241	23458253	5543	-0.2213
DUNGS_p_TCGA_b84_115_SNP_N_GenomeWideSNP_6_B01_771504	8	23463685	23463816	5	-1.2438
DUNGS_p_TCGA_b84_115_SNP_N_GenomeWideSNP_6_B01_771504	8	23463850	25030494	1145	-0.2152
DUNGS_p_TCGA_b84_115_SNP_N_GenomeWideSNP_6_B01_771504	8	25031417	25034454	8	-1.1377
DUNGS_p_TCGA_b84_115_SNP_N_GenomeWideSNP_6_B01_771504	8	25035202	25047727	26	-0.4854
DUNGS_p_TCGA_b84_115_SNP_N_GenomeWideSNP_6_B01_771504	8	25047742	30556491	3871	-0.0997
DUNGS_p_TCGA_b84_115_SNP_N_GenomeWideSNP_6_B01_771504	8	30556550	32023905	893	0.2169
DUNGS_p_TCGA_b84_115_SNP_N_GenomeWideSNP_6_B01_771504	8	32028067	32514018	441	-0.1098
DUNGS_p_TCGA_b84_115_SNP_N_GenomeWideSNP_6_B01_771504	8	32517443	32659063	120	0.4523
DUNGS_p_TCGA_b84_115_SNP_N_GenomeWideSNP_6_B01_771504	8	32659409	39370129	3717	-0.141
DUNGS_p_TCGA_b84_115_SNP_N_GenomeWideSNP_6_B01_771504	8	39370644	39506122	54	0.6783
DUNGS_p_TCGA_b84_115_SNP_N_GenomeWideSNP_6_B01_771504	8	39507456	40891153	1075	0.0539
DUNGS_p_TCGA_b84_115_SNP_N_GenomeWideSNP_6_B01_771504	8	40897009	40897628	2	-2.4081
DUNGS_p_TCGA_b84_115_SNP_N_GenomeWideSNP_6_B01_771504	8	40902837	41042506	86	0.2039
DUNGS_p_TCGA_b84_115_SNP_N_GenomeWideSNP_6_B01_771504	8	41042639	42940835	1142	0.6798
DUNGS_p_TCGA_b84_115_SNP_N_GenomeWideSNP_6_B01_771504	8	42942241	47043522	296	0.0419
DUNGS_p_TCGA_b84_115_SNP_N_GenomeWideSNP_6_B01_771504	8	47045614	47294570	75	0.5291
DUNGS_p_TCGA_b84_115_SNP_N_GenomeWideSNP_6_B01_771504	8	47298479	47737422	152	0.0955
DUNGS_p_TCGA_b84_115_SNP_N_GenomeWideSNP_6_B01_771504	8	47737596	49910186	989	0.6954
DUNGS_p_TCGA_b84_115_SNP_N_GenomeWideSNP_6_B01_771504	8	49912358	50670446	452	-0.1881
DUNGS_p_TCGA_b84_115_SNP_N_GenomeWideSNP_6_B01_771504	8	50670808	50671465	3	0.9091
DUNGS_p_TCGA_b84_115_SNP_N_GenomeWideSNP_6_B01_771504	8	50673281	50835487	100	-0.1949
DUNGS_p_TCGA_b84_115_SNP_N_GenomeWideSNP_6_B01_771504	8	50836120	83934022	20706	0.1969
DUNGS_p_TCGA_b84_115_SNP_N_GenomeWideSNP_6_B01_771504	8	83934811	83937981	2	-1.3038
DUNGS_p_TCGA_b84_115_SNP_N_GenomeWideSNP_6_B01_771504	8	83942355	87336492	1847	0.2183
DUNGS_p_TCGA_b84_115_SNP_N_GenomeWideSNP_6_B01_771504	8	87337495	89094903	933	-0.1062
DUNGS_p_TCGA_b84_115_SNP_N_GenomeWideSNP_6_B01_771504	8	89097312	89994736	508	0.3101
DUNGS_p_TCGA_b84_115_SNP_N_GenomeWideSNP_6_B01_771504	8	89997494	89998593	4	-0.7609
DUNGS_p_TCGA_b84_115_SNP_N_GenomeWideSNP_6_B01_771504	8	89999111	95626728	3415	0.3354
DUNGS_p_TCGA_b84_115_SNP_N_GenomeWideSNP_6_B01_771504	8	95626778	95627168	6	1.2036
DUNGS_p_TCGA_b84_115_SNP_N_GenomeWideSNP_6_B01_771504	8	95627291	103122467	4751	0.2854
DUNGS_p_TCGA_b84_115_SNP_N_GenomeWideSNP_6_B01_771504	8	103123759	103125882	2	-1.2173
DUNGS_p_TCGA_b84_115_SNP_N_GenomeWideSNP_6_B01_771504	8	103125950	104061766	537	0.2323
DUNGS_p_TCGA_b84_115_SNP_N_GenomeWideSNP_6_B01_771504	8	104064087	104064999	2	-1.3312
DUNGS_p_TCGA_b84_115_SNP_N_GenomeWideSNP_6_B01_771504	8	104066611	112360670	4999	0.2104
DUNGS_p_TCGA_b84_115_SNP_N_GenomeWideSNP_6_B01_771504	8	112363455	112364436	10	-1.0691
DUNGS_p_TCGA_b84_115_SNP_N_GenomeWideSNP_6_B01_771504	8	112369457	129658792	11578	0.1919
DUNGS_p_TCGA_b84_115_SNP_N_GenomeWideSNP_6_B01_771504	8	129661343	129690774	27	-0.4381
DUNGS_p_TCGA_b84_115_SNP_N_GenomeWideSNP_6_B01_771504	8	129691205	137450508	5964	0.187
DUNGS_p_TCGA_b84_115_SNP_N_GenomeWideSNP_6_B01_771504	8	137450803	137451141	2	-2.7585
DUNGS_p_TCGA_b84_115_SNP_N_GenomeWideSNP_6_B01_771504	8	137454129	140324026	2366	0.1752
DUNGS_p_TCGA_b84_115_SNP_N_GenomeWideSNP_6_B01_771504	8	140327434	140328379	5	-1.1921
DUNGS_p_TCGA_b84_115_SNP_N_GenomeWideSNP_6_B01_771504	8	140328602	146268959	3015	0.2127
DUNGS_p_TCGA_b84_115_SNP_N_GenomeWideSNP_6_B01_771504	9	36587	636219	577	-0.0222
DUNGS_p_TCGA_b84_115_SNP_N_GenomeWideSNP_6_B01_771504	9	636449	636656	2	-2.1631
DUNGS_p_TCGA_b84_115_SNP_N_GenomeWideSNP_6_B01_771504	9	638732	10627778	9674	0.0193
DUNGS_p_TCGA_b84_115_SNP_N_GenomeWideSNP_6_B01_771504	9	10629459	10630572	6	-1.3027
DUNGS_p_TCGA_b84_115_SNP_N_GenomeWideSNP_6_B01_771504	9	10630634	44191224	21225	0.0079
DUNGS_p_TCGA_b84_115_SNP_N_GenomeWideSNP_6_B01_771504	9	44195483	44195882	2	2.0346
DUNGS_p_TCGA_b84_115_SNP_N_GenomeWideSNP_6_B01_771504	9	44199159	44409324	14	-0.2736
DUNGS_p_TCGA_b84_115_SNP_N_GenomeWideSNP_6_B01_771504	9	44569219	44933294	46	0.3748
DUNGS_p_TCGA_b84_115_SNP_N_GenomeWideSNP_6_B01_771504	9	44933485	69231766	343	-0.174
DUNGS_p_TCGA_b84_115_SNP_N_GenomeWideSNP_6_B01_771504	9	69231767	69231768	2	-1.3463
DUNGS_p_TCGA_b84_115_SNP_N_GenomeWideSNP_6_B01_771504	9	69231974	71290389	964	-0.041
DUNGS_p_TCGA_b84_115_SNP_N_GenomeWideSNP_6_B01_771504	9	71295433	71295435	3	1.2699
DUNGS_p_TCGA_b84_115_SNP_N_GenomeWideSNP_6_B01_771504	9	71295439	75257832	2796	-0.0264
DUNGS_p_TCGA_b84_115_SNP_N_GenomeWideSNP_6_B01_771504	9	75258282	75278651	12	-0.6778
DUNGS_p_TCGA_b84_115_SNP_N_GenomeWideSNP_6_B01_771504	9	75281400	89206593	10025	-0.0328
DUNGS_p_TCGA_b84_115_SNP_N_GenomeWideSNP_6_B01_771504	9	89208185	89208611	4	-1.8045
DUNGS_p_TCGA_b84_115_SNP_N_GenomeWideSNP_6_B01_771504	9	89209453	89744039	480	-0.0034
DUNGS_p_TCGA_b84_115_SNP_N_GenomeWideSNP_6_B01_771504	9	89747777	89747998	2	-1.7951
DUNGS_p_TCGA_b84_115_SNP_N_GenomeWideSNP_6_B01_771504	9	89748146	103900953	9444	-0.0239
DUNGS_p_TCGA_b84_115_SNP_N_GenomeWideSNP_6_B01_771504	9	103901773	103966036	48	0.3455
DUNGS_p_TCGA_b84_115_SNP_N_GenomeWideSNP_6_B01_771504	9	103969577	114621249	8094	-0.0161
DUNGS_p_TCGA_b84_115_SNP_N_GenomeWideSNP_6_B01_771504	9	114621274	114630399	7	-0.8038
DUNGS_p_TCGA_b84_115_SNP_N_GenomeWideSNP_6_B01_771504	9	114630783	118566442	2976	-0.0183
DUNGS_p_TCGA_b84_115_SNP_N_GenomeWideSNP_6_B01_771504	9	118566499	118566566	2	1.569
DUNGS_p_TCGA_b84_115_SNP_N_GenomeWideSNP_6_B01_771504	9	118566801	139372768	12825	-0.0279
DUNGS_p_TCGA_b84_115_SNP_N_GenomeWideSNP_6_B01_771504	9	139375463	139392824	4	1.2358
DUNGS_p_TCGA_b84_115_SNP_N_GenomeWideSNP_6_B01_771504	9	139392856	140211215	412	-0.0407
DUNGS_p_TCGA_b84_115_SNP_N_GenomeWideSNP_6_B01_771504	10	62759	4280814	3591	0.0497
DUNGS_p_TCGA_b84_115_SNP_N_GenomeWideSNP_6_B01_771504	10	4280838	4281016	3	2.0292
DUNGS_p_TCGA_b84_115_SNP_N_GenomeWideSNP_6_B01_771504	10	4284071	15970461	9833	-0.0056
DUNGS_p_TCGA_b84_115_SNP_N_GenomeWideSNP_6_B01_771504	10	15970632	15970647	2	-2.1594
DUNGS_p_TCGA_b84_115_SNP_N_GenomeWideSNP_6_B01_771504	10	15970674	25634799	6659	-0.0482
DUNGS_p_TCGA_b84_115_SNP_N_GenomeWideSNP_6_B01_771504	10	25635379	25640214	3	-1.7721
DUNGS_p_TCGA_b84_115_SNP_N_GenomeWideSNP_6_B01_771504	10	25641039	45576787	11511	-0.0057
DUNGS_p_TCGA_b84_115_SNP_N_GenomeWideSNP_6_B01_771504	10	45613625	46457573	87	-0.3168
DUNGS_p_TCGA_b84_115_SNP_N_GenomeWideSNP_6_B01_771504	10	46461472	46479207	16	0.354
DUNGS_p_TCGA_b84_115_SNP_N_GenomeWideSNP_6_B01_771504	10	46479232	47012100	87	-0.1977
DUNGS_p_TCGA_b84_115_SNP_N_GenomeWideSNP_6_B01_771504	10	47015694	47525233	199	-0.4863
DUNGS_p_TCGA_b84_115_SNP_N_GenomeWideSNP_6_B01_771504	10	47556577	48522382	290	0.1198
DUNGS_p_TCGA_b84_115_SNP_N_GenomeWideSNP_6_B01_771504	10	48548797	48651258	7	-1.7279
DUNGS_p_TCGA_b84_115_SNP_N_GenomeWideSNP_6_B01_771504	10	48665687	56906163	5470	0.0811
DUNGS_p_TCGA_b84_115_SNP_N_GenomeWideSNP_6_B01_771504	10	56906672	56906722	2	-1.7027
DUNGS_p_TCGA_b84_115_SNP_N_GenomeWideSNP_6_B01_771504	10	56907307	58765982	1372	0.0785
DUNGS_p_TCGA_b84_115_SNP_N_GenomeWideSNP_6_B01_771504	10	58766068	58766122	2	-1.4053
DUNGS_p_TCGA_b84_115_SNP_N_GenomeWideSNP_6_B01_771504	10	58766198	61028273	1618	0.061
DUNGS_p_TCGA_b84_115_SNP_N_GenomeWideSNP_6_B01_771504	10	61034121	61034917	5	-0.4827
DUNGS_p_TCGA_b84_115_SNP_N_GenomeWideSNP_6_B01_771504	10	61035080	61035811	7	0.7766
DUNGS_p_TCGA_b84_115_SNP_N_GenomeWideSNP_6_B01_771504	10	61036270	66975117	4023	0.0499
DUNGS_p_TCGA_b84_115_SNP_N_GenomeWideSNP_6_B01_771504	10	66976085	66981366	25	0.4187
DUNGS_p_TCGA_b84_115_SNP_N_GenomeWideSNP_6_B01_771504	10	66983868	94088558	17965	-0.0296
DUNGS_p_TCGA_b84_115_SNP_N_GenomeWideSNP_6_B01_771504	10	94093847	94098760	3	-1.3202
DUNGS_p_TCGA_b84_115_SNP_N_GenomeWideSNP_6_B01_771504	10	94099771	122666812	18953	-0.0145
DUNGS_p_TCGA_b84_115_SNP_N_GenomeWideSNP_6_B01_771504	10	122667052	122667595	6	0.6499
DUNGS_p_TCGA_b84_115_SNP_N_GenomeWideSNP_6_B01_771504	10	122671962	122753665	75	0.0148
DUNGS_p_TCGA_b84_115_SNP_N_GenomeWideSNP_6_B01_771504	10	122760653	122779554	22	-0.6854
DUNGS_p_TCGA_b84_115_SNP_N_GenomeWideSNP_6_B01_771504	10	122779808	131093166	6516	-0.0344
DUNGS_p_TCGA_b84_115_SNP_N_GenomeWideSNP_6_B01_771504	10	131094398	131100667	3	-1.1499
DUNGS_p_TCGA_b84_115_SNP_N_GenomeWideSNP_6_B01_771504	10	131101034	135237230	2788	0.0102
DUNGS_p_TCGA_b84_115_SNP_N_GenomeWideSNP_6_B01_771504	10	135237857	135237865	2	-4.4918
DUNGS_p_TCGA_b84_115_SNP_N_GenomeWideSNP_6_B01_771504	10	135239844	135239886	2	-1.3771
DUNGS_p_TCGA_b84_115_SNP_N_GenomeWideSNP_6_B01_771504	10	135246274	135284541	27	0.1798
DUNGS_p_TCGA_b84_115_SNP_N_GenomeWideSNP_6_B01_771504	10	135299347	135356694	5	-0.8129
DUNGS_p_TCGA_b84_115_SNP_N_GenomeWideSNP_6_B01_771504	11	188510	3373065	1330	0.0463
DUNGS_p_TCGA_b84_115_SNP_N_GenomeWideSNP_6_B01_771504	11	3374928	3378319	3	-0.9709
DUNGS_p_TCGA_b84_115_SNP_N_GenomeWideSNP_6_B01_771504	11	3383178	4219149	466	0.0726
DUNGS_p_TCGA_b84_115_SNP_N_GenomeWideSNP_6_B01_771504	11	4225196	4264575	15	-1.0333
DUNGS_p_TCGA_b84_115_SNP_N_GenomeWideSNP_6_B01_771504	11	4276288	4926943	674	0.0431
DUNGS_p_TCGA_b84_115_SNP_N_GenomeWideSNP_6_B01_771504	11	4928581	4930339	14	0.8206
DUNGS_p_TCGA_b84_115_SNP_N_GenomeWideSNP_6_B01_771504	11	4930439	5829007	910	0.0802
DUNGS_p_TCGA_b84_115_SNP_N_GenomeWideSNP_6_B01_771504	11	5832443	5839893	5	-2.9681
DUNGS_p_TCGA_b84_115_SNP_N_GenomeWideSNP_6_B01_771504	11	5842287	18908768	9375	0.0468
DUNGS_p_TCGA_b84_115_SNP_N_GenomeWideSNP_6_B01_771504	11	18909120	18917641	20	-0.4008
DUNGS_p_TCGA_b84_115_SNP_N_GenomeWideSNP_6_B01_771504	11	18917673	21152319	2072	0.0397
DUNGS_p_TCGA_b84_115_SNP_N_GenomeWideSNP_6_B01_771504	11	21152756	21152967	4	1.0023
DUNGS_p_TCGA_b84_115_SNP_N_GenomeWideSNP_6_B01_771504	11	21153085	21378859	220	0.0179
DUNGS_p_TCGA_b84_115_SNP_N_GenomeWideSNP_6_B01_771504	11	21379722	21380849	3	-1.332
DUNGS_p_TCGA_b84_115_SNP_N_GenomeWideSNP_6_B01_771504	11	21382339	25562420	2985	-0.0154
DUNGS_p_TCGA_b84_115_SNP_N_GenomeWideSNP_6_B01_771504	11	25565122	25581317	23	-1.0681
DUNGS_p_TCGA_b84_115_SNP_N_GenomeWideSNP_6_B01_771504	11	25590159	25658449	53	-0.0715
DUNGS_p_TCGA_b84_115_SNP_N_GenomeWideSNP_6_B01_771504	11	25658765	25663661	9	-0.9452
DUNGS_p_TCGA_b84_115_SNP_N_GenomeWideSNP_6_B01_771504	11	25664008	25669465	6	0.0248
DUNGS_p_TCGA_b84_115_SNP_N_GenomeWideSNP_6_B01_771504	11	25669482	25678726	16	-0.7873
DUNGS_p_TCGA_b84_115_SNP_N_GenomeWideSNP_6_B01_771504	11	25680459	50952948	16110	-0.0536
DUNGS_p_TCGA_b84_115_SNP_N_GenomeWideSNP_6_B01_771504	11	50983318	51019825	3	-1.9978
DUNGS_p_TCGA_b84_115_SNP_N_GenomeWideSNP_6_B01_771504	11	51021761	55116094	378	-0.0231
DUNGS_p_TCGA_b84_115_SNP_N_GenomeWideSNP_6_B01_771504	11	55116129	55209585	65	0.4601
DUNGS_p_TCGA_b84_115_SNP_N_GenomeWideSNP_6_B01_771504	11	55210152	84055038	16528	-0.0646
DUNGS_p_TCGA_b84_115_SNP_N_GenomeWideSNP_6_B01_771504	11	84055504	84055843	2	-1.7308
DUNGS_p_TCGA_b84_115_SNP_N_GenomeWideSNP_6_B01_771504	11	84057923	134449982	35950	-0.0623
DUNGS_p_TCGA_b84_115_SNP_N_GenomeWideSNP_6_B01_771504	12	20703	50958	6	-0.6559
DUNGS_p_TCGA_b84_115_SNP_N_GenomeWideSNP_6_B01_771504	12	61315	2122964	1284	0.1259
DUNGS_p_TCGA_b84_115_SNP_N_GenomeWideSNP_6_B01_771504	12	2122984	2123265	4	-0.9488
DUNGS_p_TCGA_b84_115_SNP_N_GenomeWideSNP_6_B01_771504	12	2123308	8373127	4301	-0.0483
DUNGS_p_TCGA_b84_115_SNP_N_GenomeWideSNP_6_B01_771504	12	8379556	8384896	4	-1.1429
DUNGS_p_TCGA_b84_115_SNP_N_GenomeWideSNP_6_B01_771504	12	8386223	8447960	25	-0.1038
DUNGS_p_TCGA_b84_115_SNP_N_GenomeWideSNP_6_B01_771504	12	8449755	8449903	2	3.1029
DUNGS_p_TCGA_b84_115_SNP_N_GenomeWideSNP_6_B01_771504	12	8450059	9334117	499	-0.083
DUNGS_p_TCGA_b84_115_SNP_N_GenomeWideSNP_6_B01_771504	12	9345815	9352495	4	-1.4988
DUNGS_p_TCGA_b84_115_SNP_N_GenomeWideSNP_6_B01_771504	12	9359076	9521823	82	0.0188
DUNGS_p_TCGA_b84_115_SNP_N_GenomeWideSNP_6_B01_771504	12	9525137	9619559	24	0.9025
DUNGS_p_TCGA_b84_115_SNP_N_GenomeWideSNP_6_B01_771504	12	9626236	11057902	1008	-0.0616
DUNGS_p_TCGA_b84_115_SNP_N_GenomeWideSNP_6_B01_771504	12	11058235	11058493	2	-2.3916
DUNGS_p_TCGA_b84_115_SNP_N_GenomeWideSNP_6_B01_771504	12	11060595	21035519	6752	-0.1278
DUNGS_p_TCGA_b84_115_SNP_N_GenomeWideSNP_6_B01_771504	12	21035569	21035809	5	-1.291
DUNGS_p_TCGA_b84_115_SNP_N_GenomeWideSNP_6_B01_771504	12	21035845	23974666	1986	-0.0945
DUNGS_p_TCGA_b84_115_SNP_N_GenomeWideSNP_6_B01_771504	12	23981929	25080066	844	0.2096
DUNGS_p_TCGA_b84_115_SNP_N_GenomeWideSNP_6_B01_771504	12	25082058	25091832	7	1.0074
DUNGS_p_TCGA_b84_115_SNP_N_GenomeWideSNP_6_B01_771504	12	25101031	34104069	6655	0.202
DUNGS_p_TCGA_b84_115_SNP_N_GenomeWideSNP_6_B01_771504	12	34105810	34107514	2	-1.9817
DUNGS_p_TCGA_b84_115_SNP_N_GenomeWideSNP_6_B01_771504	12	34107572	34694313	227	0.268
DUNGS_p_TCGA_b84_115_SNP_N_GenomeWideSNP_6_B01_771504	12	34726921	71487866	21557	-0.07
DUNGS_p_TCGA_b84_115_SNP_N_GenomeWideSNP_6_B01_771504	12	71492598	71493458	3	-1.5236
DUNGS_p_TCGA_b84_115_SNP_N_GenomeWideSNP_6_B01_771504	12	71494234	71528383	19	-0.1174
DUNGS_p_TCGA_b84_115_SNP_N_GenomeWideSNP_6_B01_771504	12	71531671	71531672	2	1.6235
DUNGS_p_TCGA_b84_115_SNP_N_GenomeWideSNP_6_B01_771504	12	71539459	122681889	32639	-0.0666
DUNGS_p_TCGA_b84_115_SNP_N_GenomeWideSNP_6_B01_771504	12	122683721	122693217	12	0.4641
DUNGS_p_TCGA_b84_115_SNP_N_GenomeWideSNP_6_B01_771504	12	122695877	132288262	7206	-0.0541
DUNGS_p_TCGA_b84_115_SNP_N_GenomeWideSNP_6_B01_771504	13	17924949	18021495	9	0.3205
DUNGS_p_TCGA_b84_115_SNP_N_GenomeWideSNP_6_B01_771504	13	18033291	24053126	4167	-0.0766
DUNGS_p_TCGA_b84_115_SNP_N_GenomeWideSNP_6_B01_771504	13	24061220	24071506	6	-1.2479
DUNGS_p_TCGA_b84_115_SNP_N_GenomeWideSNP_6_B01_771504	13	24075122	25153495	712	-0.0919
DUNGS_p_TCGA_b84_115_SNP_N_GenomeWideSNP_6_B01_771504	13	25154148	25158390	2	-1.4319
DUNGS_p_TCGA_b84_115_SNP_N_GenomeWideSNP_6_B01_771504	13	25158999	31430071	4758	-0.0894
DUNGS_p_TCGA_b84_115_SNP_N_GenomeWideSNP_6_B01_771504	13	31430121	31436423	19	-0.7606
DUNGS_p_TCGA_b84_115_SNP_N_GenomeWideSNP_6_B01_771504	13	31438047	31673772	162	-0.1083
DUNGS_p_TCGA_b84_115_SNP_N_GenomeWideSNP_6_B01_771504	13	31674253	31740335	44	0.257
DUNGS_p_TCGA_b84_115_SNP_N_GenomeWideSNP_6_B01_771504	13	31743418	36982757	3718	-0.094
DUNGS_p_TCGA_b84_115_SNP_N_GenomeWideSNP_6_B01_771504	13	36986330	36986387	3	1.5244
DUNGS_p_TCGA_b84_115_SNP_N_GenomeWideSNP_6_B01_771504	13	36986609	47796149	7478	-0.0907
DUNGS_p_TCGA_b84_115_SNP_N_GenomeWideSNP_6_B01_771504	13	47796160	47809265	24	-0.4838
DUNGS_p_TCGA_b84_115_SNP_N_GenomeWideSNP_6_B01_771504	13	47809379	47815440	6	-1.0762
DUNGS_p_TCGA_b84_115_SNP_N_GenomeWideSNP_6_B01_771504	13	47815674	48429552	533	-0.1648
DUNGS_p_TCGA_b84_115_SNP_N_GenomeWideSNP_6_B01_771504	13	48431716	48434505	2	-3.557
DUNGS_p_TCGA_b84_115_SNP_N_GenomeWideSNP_6_B01_771504	13	48435706	56656290	4511	-0.0715
DUNGS_p_TCGA_b84_115_SNP_N_GenomeWideSNP_6_B01_771504	13	56656316	56688010	34	-0.5218
DUNGS_p_TCGA_b84_115_SNP_N_GenomeWideSNP_6_B01_771504	13	56690970	68146977	6911	-0.0774
DUNGS_p_TCGA_b84_115_SNP_N_GenomeWideSNP_6_B01_771504	13	68147465	68148996	5	0.9482
DUNGS_p_TCGA_b84_115_SNP_N_GenomeWideSNP_6_B01_771504	13	68149020	75231702	4897	-0.003
DUNGS_p_TCGA_b84_115_SNP_N_GenomeWideSNP_6_B01_771504	13	75231848	75236609	2	-1.8879
DUNGS_p_TCGA_b84_115_SNP_N_GenomeWideSNP_6_B01_771504	13	75236930	114126499	26378	-0.0105
DUNGS_p_TCGA_b84_115_SNP_N_GenomeWideSNP_6_B01_771504	14	18072124	19492423	189	-0.25
DUNGS_p_TCGA_b84_115_SNP_N_GenomeWideSNP_6_B01_771504	14	19493212	19620380	94	0.1135
DUNGS_p_TCGA_b84_115_SNP_N_GenomeWideSNP_6_B01_771504	14	19623124	19625036	2	2.6869
DUNGS_p_TCGA_b84_115_SNP_N_GenomeWideSNP_6_B01_771504	14	19627107	43827867	15467	0.0974
DUNGS_p_TCGA_b84_115_SNP_N_GenomeWideSNP_6_B01_771504	14	43828790	43828793	2	-1.9759
DUNGS_p_TCGA_b84_115_SNP_N_GenomeWideSNP_6_B01_771504	14	43828946	99490749	36764	-0.0052
DUNGS_p_TCGA_b84_115_SNP_N_GenomeWideSNP_6_B01_771504	14	99498172	99498969	2	-1.6643
DUNGS_p_TCGA_b84_115_SNP_N_GenomeWideSNP_6_B01_771504	14	99501209	105350489	2603	-0.014
DUNGS_p_TCGA_b84_115_SNP_N_GenomeWideSNP_6_B01_771504	14	105353011	105353252	2	-1.7981
DUNGS_p_TCGA_b84_115_SNP_N_GenomeWideSNP_6_B01_771504	14	105353556	105609107	93	-0.0727
DUNGS_p_TCGA_b84_115_SNP_N_GenomeWideSNP_6_B01_771504	14	105612798	105640508	14	0.5321
DUNGS_p_TCGA_b84_115_SNP_N_GenomeWideSNP_6_B01_771504	14	105645163	105705235	34	-0.2524
DUNGS_p_TCGA_b84_115_SNP_N_GenomeWideSNP_6_B01_771504	14	105707926	105710520	3	-1.5106
DUNGS_p_TCGA_b84_115_SNP_N_GenomeWideSNP_6_B01_771504	14	105714375	105822329	46	-0.2103
DUNGS_p_TCGA_b84_115_SNP_N_GenomeWideSNP_6_B01_771504	14	105824904	105824912	3	1.5105
DUNGS_p_TCGA_b84_115_SNP_N_GenomeWideSNP_6_B01_771504	14	105825048	106356482	330	-0.0553
DUNGS_p_TCGA_b84_115_SNP_N_GenomeWideSNP_6_B01_771504	15	18276341	18672040	64	-0.1855
DUNGS_p_TCGA_b84_115_SNP_N_GenomeWideSNP_6_B01_771504	15	18672492	18841469	39	-0.8199
DUNGS_p_TCGA_b84_115_SNP_N_GenomeWideSNP_6_B01_771504	15	18841576	18846956	13	0.2599
DUNGS_p_TCGA_b84_115_SNP_N_GenomeWideSNP_6_B01_771504	15	18846971	18977400	31	-0.5559
DUNGS_p_TCGA_b84_115_SNP_N_GenomeWideSNP_6_B01_771504	15	18990479	19080173	9	0.5073
DUNGS_p_TCGA_b84_115_SNP_N_GenomeWideSNP_6_B01_771504	15	19090388	19164394	27	-0.3068
DUNGS_p_TCGA_b84_115_SNP_N_GenomeWideSNP_6_B01_771504	15	19167930	19787133	127	-0.7432
DUNGS_p_TCGA_b84_115_SNP_N_GenomeWideSNP_6_B01_771504	15	19788634	19792388	2	1.9523
DUNGS_p_TCGA_b84_115_SNP_N_GenomeWideSNP_6_B01_771504	15	19794591	20307390	124	-0.7404
DUNGS_p_TCGA_b84_115_SNP_N_GenomeWideSNP_6_B01_771504	15	20311636	22055250	927	-0.158
DUNGS_p_TCGA_b84_115_SNP_N_GenomeWideSNP_6_B01_771504	15	22059801	22063128	2	1.7337
DUNGS_p_TCGA_b84_115_SNP_N_GenomeWideSNP_6_B01_771504	15	22065713	22199087	58	-0.2305
DUNGS_p_TCGA_b84_115_SNP_N_GenomeWideSNP_6_B01_771504	15	22202157	22269266	44	-0.8778
DUNGS_p_TCGA_b84_115_SNP_N_GenomeWideSNP_6_B01_771504	15	22269689	25589477	2348	-0.1591
DUNGS_p_TCGA_b84_115_SNP_N_GenomeWideSNP_6_B01_771504	15	25590529	25601401	15	-0.7932
DUNGS_p_TCGA_b84_115_SNP_N_GenomeWideSNP_6_B01_771504	15	25602389	26500067	407	-0.1214
DUNGS_p_TCGA_b84_115_SNP_N_GenomeWideSNP_6_B01_771504	15	26710811	26752956	33	-0.4955
DUNGS_p_TCGA_b84_115_SNP_N_GenomeWideSNP_6_B01_771504	15	26757833	28157323	832	-0.0615
DUNGS_p_TCGA_b84_115_SNP_N_GenomeWideSNP_6_B01_771504	15	28173703	28688170	111	-0.8153
DUNGS_p_TCGA_b84_115_SNP_N_GenomeWideSNP_6_B01_771504	15	28700879	30258779	1054	-0.1302
DUNGS_p_TCGA_b84_115_SNP_N_GenomeWideSNP_6_B01_771504	15	30258798	30461823	42	-0.6359
DUNGS_p_TCGA_b84_115_SNP_N_GenomeWideSNP_6_B01_771504	15	30466921	32510868	1519	-0.1434
DUNGS_p_TCGA_b84_115_SNP_N_GenomeWideSNP_6_B01_771504	15	32514464	32558923	37	0.2074
DUNGS_p_TCGA_b84_115_SNP_N_GenomeWideSNP_6_B01_771504	15	32560572	43170912	6340	-0.1391
DUNGS_p_TCGA_b84_115_SNP_N_GenomeWideSNP_6_B01_771504	15	43170976	43171470	2	-1.8075
DUNGS_p_TCGA_b84_115_SNP_N_GenomeWideSNP_6_B01_771504	15	43175191	45299946	1326	-0.1496
DUNGS_p_TCGA_b84_115_SNP_N_GenomeWideSNP_6_B01_771504	15	45300545	45306846	7	0.8916
DUNGS_p_TCGA_b84_115_SNP_N_GenomeWideSNP_6_B01_771504	15	45312953	100262764	36570	-0.1373
DUNGS_p_TCGA_b84_115_SNP_N_GenomeWideSNP_6_B01_771504	15	100276779	100286563	2	-2.9079
DUNGS_p_TCGA_b84_115_SNP_N_GenomeWideSNP_6_B01_771504	16	777	7280471	4796	-0.0742
DUNGS_p_TCGA_b84_115_SNP_N_GenomeWideSNP_6_B01_771504	16	7280763	7283475	5	0.929
DUNGS_p_TCGA_b84_115_SNP_N_GenomeWideSNP_6_B01_771504	16	7285714	19853151	8742	-0.073
DUNGS_p_TCGA_b84_115_SNP_N_GenomeWideSNP_6_B01_771504	16	19853309	19873376	27	-0.9511
DUNGS_p_TCGA_b84_115_SNP_N_GenomeWideSNP_6_B01_771504	16	19874863	22465433	1298	-0.0925
DUNGS_p_TCGA_b84_115_SNP_N_GenomeWideSNP_6_B01_771504	16	22465812	22612021	71	-0.5594
DUNGS_p_TCGA_b84_115_SNP_N_GenomeWideSNP_6_B01_771504	16	22618243	29187251	4230	-0.0844
DUNGS_p_TCGA_b84_115_SNP_N_GenomeWideSNP_6_B01_771504	16	29188025	29188556	3	-1.4242
DUNGS_p_TCGA_b84_115_SNP_N_GenomeWideSNP_6_B01_771504	16	29189266	33734563	1207	-0.0809
DUNGS_p_TCGA_b84_115_SNP_N_GenomeWideSNP_6_B01_771504	16	33735555	33757587	9	-0.8682
DUNGS_p_TCGA_b84_115_SNP_N_GenomeWideSNP_6_B01_771504	16	33766232	54362909	6970	-0.0595
DUNGS_p_TCGA_b84_115_SNP_N_GenomeWideSNP_6_B01_771504	16	54363056	54366181	3	-2.5584
DUNGS_p_TCGA_b84_115_SNP_N_GenomeWideSNP_6_B01_771504	16	54366725	69399598	9066	-0.0593
DUNGS_p_TCGA_b84_115_SNP_N_GenomeWideSNP_6_B01_771504	16	69403572	69759990	223	0.2717
DUNGS_p_TCGA_b84_115_SNP_N_GenomeWideSNP_6_B01_771504	16	69760298	82379806	11431	-0.0614
DUNGS_p_TCGA_b84_115_SNP_N_GenomeWideSNP_6_B01_771504	16	82379920	82380105	2	-1.776
DUNGS_p_TCGA_b84_115_SNP_N_GenomeWideSNP_6_B01_771504	16	82380952	88815036	4476	-0.1792
DUNGS_p_TCGA_b84_115_SNP_N_GenomeWideSNP_6_B01_771504	17	526	551669	298	0.0324
DUNGS_p_TCGA_b84_115_SNP_N_GenomeWideSNP_6_B01_771504	17	551739	778970	126	0.4325
DUNGS_p_TCGA_b84_115_SNP_N_GenomeWideSNP_6_B01_771504	17	778996	8183635	4134	0.0471
DUNGS_p_TCGA_b84_115_SNP_N_GenomeWideSNP_6_B01_771504	17	8188272	8188458	2	-2.6518
DUNGS_p_TCGA_b84_115_SNP_N_GenomeWideSNP_6_B01_771504	17	8190183	16595026	5957	0.0291
DUNGS_p_TCGA_b84_115_SNP_N_GenomeWideSNP_6_B01_771504	17	16598056	16680995	13	-0.7216
DUNGS_p_TCGA_b84_115_SNP_N_GenomeWideSNP_6_B01_771504	17	16682240	18296117	922	-0.0065
DUNGS_p_TCGA_b84_115_SNP_N_GenomeWideSNP_6_B01_771504	17	18299671	18353283	17	0.9957
DUNGS_p_TCGA_b84_115_SNP_N_GenomeWideSNP_6_B01_771504	17	18367186	31460821	6936	-0.0124
DUNGS_p_TCGA_b84_115_SNP_N_GenomeWideSNP_6_B01_771504	17	31461241	31509204	37	1.1576
DUNGS_p_TCGA_b84_115_SNP_N_GenomeWideSNP_6_B01_771504	17	31552238	36675234	2547	0.1013
DUNGS_p_TCGA_b84_115_SNP_N_GenomeWideSNP_6_B01_771504	17	36676540	36686578	28	1.1192
DUNGS_p_TCGA_b84_115_SNP_N_GenomeWideSNP_6_B01_771504	17	36686608	41004323	2164	-0.0388
DUNGS_p_TCGA_b84_115_SNP_N_GenomeWideSNP_6_B01_771504	17	41010873	41015209	7	-1.0043
DUNGS_p_TCGA_b84_115_SNP_N_GenomeWideSNP_6_B01_771504	17	41020476	41547555	358	0.0145
DUNGS_p_TCGA_b84_115_SNP_N_GenomeWideSNP_6_B01_771504	17	41551142	41719947	105	-0.3673
DUNGS_p_TCGA_b84_115_SNP_N_GenomeWideSNP_6_B01_771504	17	41750187	42092938	43	0.378
DUNGS_p_TCGA_b84_115_SNP_N_GenomeWideSNP_6_B01_771504	17	42096609	46876382	2494	0.1351
DUNGS_p_TCGA_b84_115_SNP_N_GenomeWideSNP_6_B01_771504	17	46877462	46877743	2	-1.2992
DUNGS_p_TCGA_b84_115_SNP_N_GenomeWideSNP_6_B01_771504	17	46885262	78643088	19146	0.0258
DUNGS_p_TCGA_b84_115_SNP_N_GenomeWideSNP_6_B01_771504	18	1543	6477465	4613	0.0816
DUNGS_p_TCGA_b84_115_SNP_N_GenomeWideSNP_6_B01_771504	18	6479608	6482936	3	-1.3154
DUNGS_p_TCGA_b84_115_SNP_N_GenomeWideSNP_6_B01_771504	18	6485027	11512832	3886	0.0668
DUNGS_p_TCGA_b84_115_SNP_N_GenomeWideSNP_6_B01_771504	18	11513010	11517288	2	-1.3631
DUNGS_p_TCGA_b84_115_SNP_N_GenomeWideSNP_6_B01_771504	18	11517371	11600492	45	0.1075
DUNGS_p_TCGA_b84_115_SNP_N_GenomeWideSNP_6_B01_771504	18	11615900	11633637	3	-1.3918
DUNGS_p_TCGA_b84_115_SNP_N_GenomeWideSNP_6_B01_771504	18	11638759	12182231	355	0.0891
DUNGS_p_TCGA_b84_115_SNP_N_GenomeWideSNP_6_B01_771504	18	12182655	12214734	10	-0.544
DUNGS_p_TCGA_b84_115_SNP_N_GenomeWideSNP_6_B01_771504	18	12216368	14139483	1172	0.0811
DUNGS_p_TCGA_b84_115_SNP_N_GenomeWideSNP_6_B01_771504	18	14141065	14326536	39	-0.2776
DUNGS_p_TCGA_b84_115_SNP_N_GenomeWideSNP_6_B01_771504	18	14329531	22619913	3804	0.0252
DUNGS_p_TCGA_b84_115_SNP_N_GenomeWideSNP_6_B01_771504	18	22619939	22620918	7	-1.0362
DUNGS_p_TCGA_b84_115_SNP_N_GenomeWideSNP_6_B01_771504	18	22620946	35214761	8108	-0.1573
DUNGS_p_TCGA_b84_115_SNP_N_GenomeWideSNP_6_B01_771504	18	35218396	35220609	6	0.7461
DUNGS_p_TCGA_b84_115_SNP_N_GenomeWideSNP_6_B01_771504	18	35224989	36514808	821	-0.1637
DUNGS_p_TCGA_b84_115_SNP_N_GenomeWideSNP_6_B01_771504	18	36514813	36524070	14	0.471
DUNGS_p_TCGA_b84_115_SNP_N_GenomeWideSNP_6_B01_771504	18	36524196	61831162	17496	-0.1501
DUNGS_p_TCGA_b84_115_SNP_N_GenomeWideSNP_6_B01_771504	18	61837253	61883847	46	0.2516
DUNGS_p_TCGA_b84_115_SNP_N_GenomeWideSNP_6_B01_771504	18	61883862	64230989	1710	-0.1567
DUNGS_p_TCGA_b84_115_SNP_N_GenomeWideSNP_6_B01_771504	18	64232052	64232523	3	-1.6568
DUNGS_p_TCGA_b84_115_SNP_N_GenomeWideSNP_6_B01_771504	18	64232654	73714595	7298	-0.1338
DUNGS_p_TCGA_b84_115_SNP_N_GenomeWideSNP_6_B01_771504	18	73718829	73724020	2	-2.1166
DUNGS_p_TCGA_b84_115_SNP_N_GenomeWideSNP_6_B01_771504	18	73724640	76116029	1426	-0.146
DUNGS_p_TCGA_b84_115_SNP_N_GenomeWideSNP_6_B01_771504	19	41910	34018833	12180	-0.0959
DUNGS_p_TCGA_b84_115_SNP_N_GenomeWideSNP_6_B01_771504	19	34020695	41450737	5115	0.3033
DUNGS_p_TCGA_b84_115_SNP_N_GenomeWideSNP_6_B01_771504	19	41497545	41537715	10	1.0932
DUNGS_p_TCGA_b84_115_SNP_N_GenomeWideSNP_6_B01_771504	19	41537990	41545389	27	0.6619
DUNGS_p_TCGA_b84_115_SNP_N_GenomeWideSNP_6_B01_771504	19	41545413	41545436	2	-0.6171
DUNGS_p_TCGA_b84_115_SNP_N_GenomeWideSNP_6_B01_771504	19	41551276	41968827	244	0.5348
DUNGS_p_TCGA_b84_115_SNP_N_GenomeWideSNP_6_B01_771504	19	41971764	47979302	3016	0.2349
DUNGS_p_TCGA_b84_115_SNP_N_GenomeWideSNP_6_B01_771504	19	47980108	48229218	117	-0.2585
DUNGS_p_TCGA_b84_115_SNP_N_GenomeWideSNP_6_B01_771504	19	48230618	48404090	77	0.1713
DUNGS_p_TCGA_b84_115_SNP_N_GenomeWideSNP_6_B01_771504	19	48404438	48458852	21	-0.2599
DUNGS_p_TCGA_b84_115_SNP_N_GenomeWideSNP_6_B01_771504	19	48459101	49597745	750	0.2476
DUNGS_p_TCGA_b84_115_SNP_N_GenomeWideSNP_6_B01_771504	19	49598364	49598387	2	-2.5344
DUNGS_p_TCGA_b84_115_SNP_N_GenomeWideSNP_6_B01_771504	19	49598459	60964869	5960	-0.0241
DUNGS_p_TCGA_b84_115_SNP_N_GenomeWideSNP_6_B01_771504	19	60969862	60974181	3	-2.8571
DUNGS_p_TCGA_b84_115_SNP_N_GenomeWideSNP_6_B01_771504	19	60974347	62827161	1324	-0.039
DUNGS_p_TCGA_b84_115_SNP_N_GenomeWideSNP_6_B01_771504	19	62828712	62834936	7	-0.8567
DUNGS_p_TCGA_b84_115_SNP_N_GenomeWideSNP_6_B01_771504	19	62839881	63789666	522	-0.0065
DUNGS_p_TCGA_b84_115_SNP_N_GenomeWideSNP_6_B01_771504	20	9305	1515744	1213	0.1694
DUNGS_p_TCGA_b84_115_SNP_N_GenomeWideSNP_6_B01_771504	20	1516006	1545946	36	-0.4152
DUNGS_p_TCGA_b84_115_SNP_N_GenomeWideSNP_6_B01_771504	20	1546106	16181743	11342	0.1127
DUNGS_p_TCGA_b84_115_SNP_N_GenomeWideSNP_6_B01_771504	20	16181884	16182050	2	-1.7431
DUNGS_p_TCGA_b84_115_SNP_N_GenomeWideSNP_6_B01_771504	20	16182206	23092098	5461	0.1032
DUNGS_p_TCGA_b84_115_SNP_N_GenomeWideSNP_6_B01_771504	20	23092230	23122394	22	-0.3173
DUNGS_p_TCGA_b84_115_SNP_N_GenomeWideSNP_6_B01_771504	20	23124512	28181115	2035	0.1167
DUNGS_p_TCGA_b84_115_SNP_N_GenomeWideSNP_6_B01_771504	20	28183438	28225968	15	-0.4264
DUNGS_p_TCGA_b84_115_SNP_N_GenomeWideSNP_6_B01_771504	20	28229732	31030506	856	0.1323
DUNGS_p_TCGA_b84_115_SNP_N_GenomeWideSNP_6_B01_771504	20	31034632	31034683	2	-1.3944
DUNGS_p_TCGA_b84_115_SNP_N_GenomeWideSNP_6_B01_771504	20	31035561	43474807	7856	0.1035
DUNGS_p_TCGA_b84_115_SNP_N_GenomeWideSNP_6_B01_771504	20	43477354	43477417	2	1.6131
DUNGS_p_TCGA_b84_115_SNP_N_GenomeWideSNP_6_B01_771504	20	43477519	59010942	11906	0.1028
DUNGS_p_TCGA_b84_115_SNP_N_GenomeWideSNP_6_B01_771504	20	59011175	59011322	2	-2.1043
DUNGS_p_TCGA_b84_115_SNP_N_GenomeWideSNP_6_B01_771504	20	59011362	62426597	1781	0.1264
DUNGS_p_TCGA_b84_115_SNP_N_GenomeWideSNP_6_B01_771504	21	9758742	13790340	305	-0.1485
DUNGS_p_TCGA_b84_115_SNP_N_GenomeWideSNP_6_B01_771504	21	13796570	13803897	2	-2.0178
DUNGS_p_TCGA_b84_115_SNP_N_GenomeWideSNP_6_B01_771504	21	13804374	22128968	5840	-0.0351
DUNGS_p_TCGA_b84_115_SNP_N_GenomeWideSNP_6_B01_771504	21	22131476	22492351	279	0.509
DUNGS_p_TCGA_b84_115_SNP_N_GenomeWideSNP_6_B01_771504	21	22493179	23110650	435	-0.0022
DUNGS_p_TCGA_b84_115_SNP_N_GenomeWideSNP_6_B01_771504	21	23110728	23819197	576	0.5107
DUNGS_p_TCGA_b84_115_SNP_N_GenomeWideSNP_6_B01_771504	21	23822191	30313646	4938	-0.0314
DUNGS_p_TCGA_b84_115_SNP_N_GenomeWideSNP_6_B01_771504	21	30314051	30708016	286	0.3718
DUNGS_p_TCGA_b84_115_SNP_N_GenomeWideSNP_6_B01_771504	21	30708639	38634107	5553	-0.0302
DUNGS_p_TCGA_b84_115_SNP_N_GenomeWideSNP_6_B01_771504	21	38637555	40206392	1495	0.4415
DUNGS_p_TCGA_b84_115_SNP_N_GenomeWideSNP_6_B01_771504	21	40206460	46921385	4725	-0.0178
DUNGS_p_TCGA_b84_115_SNP_N_GenomeWideSNP_6_B01_771504	22	14432528	14488143	12	-0.3629
DUNGS_p_TCGA_b84_115_SNP_N_GenomeWideSNP_6_B01_771504	22	14492001	14622677	25	0.2734
DUNGS_p_TCGA_b84_115_SNP_N_GenomeWideSNP_6_B01_771504	22	14628691	15399784	94	-0.2729
DUNGS_p_TCGA_b84_115_SNP_N_GenomeWideSNP_6_B01_771504	22	15402237	15404823	3	-1.4551
DUNGS_p_TCGA_b84_115_SNP_N_GenomeWideSNP_6_B01_771504	22	15406042	17679500	1380	-0.1379
DUNGS_p_TCGA_b84_115_SNP_N_GenomeWideSNP_6_B01_771504	22	17683624	19795672	1339	0.1842
DUNGS_p_TCGA_b84_115_SNP_N_GenomeWideSNP_6_B01_771504	22	19795835	20038030	9	-0.8768
DUNGS_p_TCGA_b84_115_SNP_N_GenomeWideSNP_6_B01_771504	22	20038108	22674422	1763	0.1504
DUNGS_p_TCGA_b84_115_SNP_N_GenomeWideSNP_6_B01_771504	22	22680529	22726814	19	-1.5553
DUNGS_p_TCGA_b84_115_SNP_N_GenomeWideSNP_6_B01_771504	22	22731529	23197882	248	0.1424
DUNGS_p_TCGA_b84_115_SNP_N_GenomeWideSNP_6_B01_771504	22	23201783	23207292	4	-1.0573
DUNGS_p_TCGA_b84_115_SNP_N_GenomeWideSNP_6_B01_771504	22	23207776	24066674	625	0.1219
DUNGS_p_TCGA_b84_115_SNP_N_GenomeWideSNP_6_B01_771504	22	24066675	24066678	4	-0.98
DUNGS_p_TCGA_b84_115_SNP_N_GenomeWideSNP_6_B01_771504	22	24075901	34774134	8272	0.0234
DUNGS_p_TCGA_b84_115_SNP_N_GenomeWideSNP_6_B01_771504	22	34774265	34775538	4	-1.5275
DUNGS_p_TCGA_b84_115_SNP_N_GenomeWideSNP_6_B01_771504	22	34778293	43509130	5303	-0.1243
DUNGS_p_TCGA_b84_115_SNP_N_GenomeWideSNP_6_B01_771504	22	43512004	43515299	4	-1.477
DUNGS_p_TCGA_b84_115_SNP_N_GenomeWideSNP_6_B01_771504	22	43515570	47850525	3426	-0.1311
DUNGS_p_TCGA_b84_115_SNP_N_GenomeWideSNP_6_B01_771504	22	47853489	47859450	8	0.542
DUNGS_p_TCGA_b84_115_SNP_N_GenomeWideSNP_6_B01_771504	22	47860153	47872695	13	-0.1439
DUNGS_p_TCGA_b84_115_SNP_N_GenomeWideSNP_6_B01_771504	22	47873132	47878763	8	-1.2217
DUNGS_p_TCGA_b84_115_SNP_N_GenomeWideSNP_6_B01_771504	22	47878788	48006500	130	-0.0569
DUNGS_p_TCGA_b84_115_SNP_N_GenomeWideSNP_6_B01_771504	22	48006931	48007066	2	-2.3947
DUNGS_p_TCGA_b84_115_SNP_N_GenomeWideSNP_6_B01_771504	22	48009185	49581321	888	-0.0943
DUNGS_p_TCGA_b84_115_SNP_N_GenomeWideSNP_6_B01_771504	X	108477	297876	11	-0.368
DUNGS_p_TCGA_b84_115_SNP_N_GenomeWideSNP_6_B01_771504	X	307725	336224	8	-1.5076
DUNGS_p_TCGA_b84_115_SNP_N_GenomeWideSNP_6_B01_771504	X	336482	2724756	92	-0.3376
DUNGS_p_TCGA_b84_115_SNP_N_GenomeWideSNP_6_B01_771504	X	2724965	2728135	9	1.057
DUNGS_p_TCGA_b84_115_SNP_N_GenomeWideSNP_6_B01_771504	X	2729111	12054573	6973	-0.1578
DUNGS_p_TCGA_b84_115_SNP_N_GenomeWideSNP_6_B01_771504	X	12054688	12054773	2	-5.5621
DUNGS_p_TCGA_b84_115_SNP_N_GenomeWideSNP_6_B01_771504	X	12054869	12658301	560	-0.1633
DUNGS_p_TCGA_b84_115_SNP_N_GenomeWideSNP_6_B01_771504	X	12661004	12669171	7	0.9694
DUNGS_p_TCGA_b84_115_SNP_N_GenomeWideSNP_6_B01_771504	X	12669703	23157121	6505	-0.1658
DUNGS_p_TCGA_b84_115_SNP_N_GenomeWideSNP_6_B01_771504	X	23158041	23159717	2	-4.9819
DUNGS_p_TCGA_b84_115_SNP_N_GenomeWideSNP_6_B01_771504	X	23160932	23548257	299	-0.1512
DUNGS_p_TCGA_b84_115_SNP_N_GenomeWideSNP_6_B01_771504	X	23551000	23555477	3	-2.0208
DUNGS_p_TCGA_b84_115_SNP_N_GenomeWideSNP_6_B01_771504	X	23555721	25460213	1127	-0.1686
DUNGS_p_TCGA_b84_115_SNP_N_GenomeWideSNP_6_B01_771504	X	25462523	25462717	2	-1.9095
DUNGS_p_TCGA_b84_115_SNP_N_GenomeWideSNP_6_B01_771504	X	25462912	25823920	251	-0.1364
DUNGS_p_TCGA_b84_115_SNP_N_GenomeWideSNP_6_B01_771504	X	25824035	25835090	3	-3.059
DUNGS_p_TCGA_b84_115_SNP_N_GenomeWideSNP_6_B01_771504	X	25835931	29445925	2317	-0.1717
DUNGS_p_TCGA_b84_115_SNP_N_GenomeWideSNP_6_B01_771504	X	29446046	29446164	2	-2.2826
DUNGS_p_TCGA_b84_115_SNP_N_GenomeWideSNP_6_B01_771504	X	29446468	31149403	1103	-0.154
DUNGS_p_TCGA_b84_115_SNP_N_GenomeWideSNP_6_B01_771504	X	31150661	31150826	3	-2.0401
DUNGS_p_TCGA_b84_115_SNP_N_GenomeWideSNP_6_B01_771504	X	31150947	31437250	208	-0.1163
DUNGS_p_TCGA_b84_115_SNP_N_GenomeWideSNP_6_B01_771504	X	31437309	31443937	3	-1.3901
DUNGS_p_TCGA_b84_115_SNP_N_GenomeWideSNP_6_B01_771504	X	31444038	32338734	654	-0.16
DUNGS_p_TCGA_b84_115_SNP_N_GenomeWideSNP_6_B01_771504	X	32340347	32340661	2	-2.1263
DUNGS_p_TCGA_b84_115_SNP_N_GenomeWideSNP_6_B01_771504	X	32340688	50655425	10253	0.0263
DUNGS_p_TCGA_b84_115_SNP_N_GenomeWideSNP_6_B01_771504	X	50655523	50656271	2	-3.3873
DUNGS_p_TCGA_b84_115_SNP_N_GenomeWideSNP_6_B01_771504	X	50657711	53491499	1003	0.067
DUNGS_p_TCGA_b84_115_SNP_N_GenomeWideSNP_6_B01_771504	X	53491933	53505282	7	-1.915
DUNGS_p_TCGA_b84_115_SNP_N_GenomeWideSNP_6_B01_771504	X	53513593	114194349	29034	0.1157
DUNGS_p_TCGA_b84_115_SNP_N_GenomeWideSNP_6_B01_771504	X	114194691	114194713	2	2.7435
DUNGS_p_TCGA_b84_115_SNP_N_GenomeWideSNP_6_B01_771504	X	114194816	119754369	3321	0.1455
DUNGS_p_TCGA_b84_115_SNP_N_GenomeWideSNP_6_B01_771504	X	119754411	119754901	3	-2.7707
DUNGS_p_TCGA_b84_115_SNP_N_GenomeWideSNP_6_B01_771504	X	119757544	120801922	610	0.1253
DUNGS_p_TCGA_b84_115_SNP_N_GenomeWideSNP_6_B01_771504	X	120804678	120805364	4	-2.2619
DUNGS_p_TCGA_b84_115_SNP_N_GenomeWideSNP_6_B01_771504	X	120808335	127917230	4233	0.1248
DUNGS_p_TCGA_b84_115_SNP_N_GenomeWideSNP_6_B01_771504	X	127917286	127917724	2	2.0103
DUNGS_p_TCGA_b84_115_SNP_N_GenomeWideSNP_6_B01_771504	X	127919334	128378182	277	0.1403
DUNGS_p_TCGA_b84_115_SNP_N_GenomeWideSNP_6_B01_771504	X	128378603	130475531	1134	-0.1802
DUNGS_p_TCGA_b84_115_SNP_N_GenomeWideSNP_6_B01_771504	X	130475984	130476199	2	-2.4884
DUNGS_p_TCGA_b84_115_SNP_N_GenomeWideSNP_6_B01_771504	X	130476316	133456156	1509	-0.1792
DUNGS_p_TCGA_b84_115_SNP_N_GenomeWideSNP_6_B01_771504	X	133457180	134546235	567	0.1233
DUNGS_p_TCGA_b84_115_SNP_N_GenomeWideSNP_6_B01_771504	X	134546713	134546946	2	-4.8727
DUNGS_p_TCGA_b84_115_SNP_N_GenomeWideSNP_6_B01_771504	X	134547340	135381450	488	0.1379
DUNGS_p_TCGA_b84_115_SNP_N_GenomeWideSNP_6_B01_771504	X	135381531	135384577	3	-2.3382
DUNGS_p_TCGA_b84_115_SNP_N_GenomeWideSNP_6_B01_771504	X	135384683	137872598	1478	-0.0656
DUNGS_p_TCGA_b84_115_SNP_N_GenomeWideSNP_6_B01_771504	X	137873040	137874359	3	-3.3574
DUNGS_p_TCGA_b84_115_SNP_N_GenomeWideSNP_6_B01_771504	X	137874856	137946882	57	-0.2923
DUNGS_p_TCGA_b84_115_SNP_N_GenomeWideSNP_6_B01_771504	X	137947540	137948133	2	-3.6998
DUNGS_p_TCGA_b84_115_SNP_N_GenomeWideSNP_6_B01_771504	X	137948368	139324683	869	-0.1536
DUNGS_p_TCGA_b84_115_SNP_N_GenomeWideSNP_6_B01_771504	X	139326279	139328860	4	-2.8594
DUNGS_p_TCGA_b84_115_SNP_N_GenomeWideSNP_6_B01_771504	X	139332400	146166139	4700	0.0592
DUNGS_p_TCGA_b84_115_SNP_N_GenomeWideSNP_6_B01_771504	X	146166243	146189820	15	-0.7438
DUNGS_p_TCGA_b84_115_SNP_N_GenomeWideSNP_6_B01_771504	X	146192753	150627411	2919	0.1004
DUNGS_p_TCGA_b84_115_SNP_N_GenomeWideSNP_6_B01_771504	X	150628200	150628609	3	-2.64
DUNGS_p_TCGA_b84_115_SNP_N_GenomeWideSNP_6_B01_771504	X	150628868	152156723	945	0.095
DUNGS_p_TCGA_b84_115_SNP_N_GenomeWideSNP_6_B01_771504	X	152156942	152157118	2	2.5926
DUNGS_p_TCGA_b84_115_SNP_N_GenomeWideSNP_6_B01_771504	X	152157150	153719798	702	0.1029
DUNGS_p_TCGA_b84_115_SNP_N_GenomeWideSNP_6_B01_771504	X	153721249	153739126	6	1.3466
DUNGS_p_TCGA_b84_115_SNP_N_GenomeWideSNP_6_B01_771504	X	153742032	154617249	351	0.1788
DUNGS_p_TCGA_b84_115_SNP_N_GenomeWideSNP_6_B01_771504	X	154617283	154835548	17	-0.2482
DUNGS_p_TCGA_b84_115_SNP_N_GenomeWideSNP_6_B01_771504	Y	2710438	57427647	8590	-1.5035
