Sample	Chromosome	Start	End	Num_Probes	Segment_Mean
DUNGS_p_TCGA_b84_115_SNP_N_GenomeWideSNP_6_F05_771530	1	61735	16871278	8736	0.0107
DUNGS_p_TCGA_b84_115_SNP_N_GenomeWideSNP_6_F05_771530	1	16886135	17005978	44	0.2817
DUNGS_p_TCGA_b84_115_SNP_N_GenomeWideSNP_6_F05_771530	1	17011450	17048479	35	-0.2386
DUNGS_p_TCGA_b84_115_SNP_N_GenomeWideSNP_6_F05_771530	1	17056457	17190004	24	0.2686
DUNGS_p_TCGA_b84_115_SNP_N_GenomeWideSNP_6_F05_771530	1	17190862	17262247	62	-0.4619
DUNGS_p_TCGA_b84_115_SNP_N_GenomeWideSNP_6_F05_771530	1	17276241	21736327	3016	0.0067
DUNGS_p_TCGA_b84_115_SNP_N_GenomeWideSNP_6_F05_771530	1	21737466	21737743	4	-0.9943
DUNGS_p_TCGA_b84_115_SNP_N_GenomeWideSNP_6_F05_771530	1	21742737	25583341	2255	0.0039
DUNGS_p_TCGA_b84_115_SNP_N_GenomeWideSNP_6_F05_771530	1	25593128	25662005	30	-0.3167
DUNGS_p_TCGA_b84_115_SNP_N_GenomeWideSNP_6_F05_771530	1	25662212	70913726	27643	0.0029
DUNGS_p_TCGA_b84_115_SNP_N_GenomeWideSNP_6_F05_771530	1	70913843	70917006	3	-1.0073
DUNGS_p_TCGA_b84_115_SNP_N_GenomeWideSNP_6_F05_771530	1	70917116	70997442	82	0.0225
DUNGS_p_TCGA_b84_115_SNP_N_GenomeWideSNP_6_F05_771530	1	70997639	70997945	4	-0.7895
DUNGS_p_TCGA_b84_115_SNP_N_GenomeWideSNP_6_F05_771530	1	70998145	72768916	1145	0.0055
DUNGS_p_TCGA_b84_115_SNP_N_GenomeWideSNP_6_F05_771530	1	72768936	72779080	9	-1.8727
DUNGS_p_TCGA_b84_115_SNP_N_GenomeWideSNP_6_F05_771530	1	72779091	72811148	36	-0.938
DUNGS_p_TCGA_b84_115_SNP_N_GenomeWideSNP_6_F05_771530	1	72811904	76050844	1933	0.0014
DUNGS_p_TCGA_b84_115_SNP_N_GenomeWideSNP_6_F05_771530	1	76054763	76054854	2	-1.9603
DUNGS_p_TCGA_b84_115_SNP_N_GenomeWideSNP_6_F05_771530	1	76059509	101633059	16650	0.0033
DUNGS_p_TCGA_b84_115_SNP_N_GenomeWideSNP_6_F05_771530	1	101638519	101655292	7	-0.7228
DUNGS_p_TCGA_b84_115_SNP_N_GenomeWideSNP_6_F05_771530	1	101655670	104103057	1486	2e-04
DUNGS_p_TCGA_b84_115_SNP_N_GenomeWideSNP_6_F05_771530	1	104103230	104129270	17	0.3928
DUNGS_p_TCGA_b84_115_SNP_N_GenomeWideSNP_6_F05_771530	1	104130168	106013376	958	-0.003
DUNGS_p_TCGA_b84_115_SNP_N_GenomeWideSNP_6_F05_771530	1	106019205	106022360	16	0.5844
DUNGS_p_TCGA_b84_115_SNP_N_GenomeWideSNP_6_F05_771530	1	106022375	106135907	94	-0.0559
DUNGS_p_TCGA_b84_115_SNP_N_GenomeWideSNP_6_F05_771530	1	106136729	106136897	2	1.2075
DUNGS_p_TCGA_b84_115_SNP_N_GenomeWideSNP_6_F05_771530	1	106136913	110224384	2563	0.0143
DUNGS_p_TCGA_b84_115_SNP_N_GenomeWideSNP_6_F05_771530	1	110224427	110233053	17	-0.3968
DUNGS_p_TCGA_b84_115_SNP_N_GenomeWideSNP_6_F05_771530	1	110233118	110234410	6	-1.8883
DUNGS_p_TCGA_b84_115_SNP_N_GenomeWideSNP_6_F05_771530	1	110234555	110242953	9	-0.7147
DUNGS_p_TCGA_b84_115_SNP_N_GenomeWideSNP_6_F05_771530	1	110244998	111380020	861	-0.005
DUNGS_p_TCGA_b84_115_SNP_N_GenomeWideSNP_6_F05_771530	1	111382479	111393505	23	0.313
DUNGS_p_TCGA_b84_115_SNP_N_GenomeWideSNP_6_F05_771530	1	111393713	112690326	1074	0.0086
DUNGS_p_TCGA_b84_115_SNP_N_GenomeWideSNP_6_F05_771530	1	112695965	112697390	25	0.4121
DUNGS_p_TCGA_b84_115_SNP_N_GenomeWideSNP_6_F05_771530	1	112705956	148575561	6343	0.0095
DUNGS_p_TCGA_b84_115_SNP_N_GenomeWideSNP_6_F05_771530	1	148585337	148627842	4	-1.3401
DUNGS_p_TCGA_b84_115_SNP_N_GenomeWideSNP_6_F05_771530	1	148636769	148953996	35	-0.1262
DUNGS_p_TCGA_b84_115_SNP_N_GenomeWideSNP_6_F05_771530	1	149024802	149290775	141	-0.584
DUNGS_p_TCGA_b84_115_SNP_N_GenomeWideSNP_6_F05_771530	1	149291599	152555176	1523	0.0143
DUNGS_p_TCGA_b84_115_SNP_N_GenomeWideSNP_6_F05_771530	1	152555527	152586594	36	0.3555
DUNGS_p_TCGA_b84_115_SNP_N_GenomeWideSNP_6_F05_771530	1	152590494	152761923	172	0.0584
DUNGS_p_TCGA_b84_115_SNP_N_GenomeWideSNP_6_F05_771530	1	152761939	152768700	36	0.6261
DUNGS_p_TCGA_b84_115_SNP_N_GenomeWideSNP_6_F05_771530	1	152773905	240391740	59715	0.0037
DUNGS_p_TCGA_b84_115_SNP_N_GenomeWideSNP_6_F05_771530	1	240394015	240394139	6	-1.3211
DUNGS_p_TCGA_b84_115_SNP_N_GenomeWideSNP_6_F05_771530	1	240396105	248605752	5721	0.0114
DUNGS_p_TCGA_b84_115_SNP_N_GenomeWideSNP_6_F05_771530	1	248610056	248624337	6	-0.9004
DUNGS_p_TCGA_b84_115_SNP_N_GenomeWideSNP_6_F05_771530	1	248626622	248808557	66	0.0856
DUNGS_p_TCGA_b84_115_SNP_N_GenomeWideSNP_6_F05_771530	1	248808864	248818483	4	1.3532
DUNGS_p_TCGA_b84_115_SNP_N_GenomeWideSNP_6_F05_771530	1	248825137	249224388	139	0.0731
DUNGS_p_TCGA_b84_115_SNP_N_GenomeWideSNP_6_F05_771530	2	12784	3201417	2252	0.0227
DUNGS_p_TCGA_b84_115_SNP_N_GenomeWideSNP_6_F05_771530	2	3202997	3203745	2	1.5236
DUNGS_p_TCGA_b84_115_SNP_N_GenomeWideSNP_6_F05_771530	2	3203852	34701394	21882	0.0021
DUNGS_p_TCGA_b84_115_SNP_N_GenomeWideSNP_6_F05_771530	2	34701583	34701671	3	-3.4274
DUNGS_p_TCGA_b84_115_SNP_N_GenomeWideSNP_6_F05_771530	2	34701735	34717974	25	-1.5371
DUNGS_p_TCGA_b84_115_SNP_N_GenomeWideSNP_6_F05_771530	2	34717988	34737057	16	-2.8671
DUNGS_p_TCGA_b84_115_SNP_N_GenomeWideSNP_6_F05_771530	2	34737163	35604168	577	0.0237
DUNGS_p_TCGA_b84_115_SNP_N_GenomeWideSNP_6_F05_771530	2	35604558	35604702	2	-1.1813
DUNGS_p_TCGA_b84_115_SNP_N_GenomeWideSNP_6_F05_771530	2	35605170	35975973	299	0.0195
DUNGS_p_TCGA_b84_115_SNP_N_GenomeWideSNP_6_F05_771530	2	35977790	35987947	7	0.8588
DUNGS_p_TCGA_b84_115_SNP_N_GenomeWideSNP_6_F05_771530	2	35997473	36335598	276	0.0451
DUNGS_p_TCGA_b84_115_SNP_N_GenomeWideSNP_6_F05_771530	2	36335599	36335606	4	1.3286
DUNGS_p_TCGA_b84_115_SNP_N_GenomeWideSNP_6_F05_771530	2	36336619	38408960	1680	0.0132
DUNGS_p_TCGA_b84_115_SNP_N_GenomeWideSNP_6_F05_771530	2	38409220	38409844	2	-1.2346
DUNGS_p_TCGA_b84_115_SNP_N_GenomeWideSNP_6_F05_771530	2	38410270	52754468	10209	0.0031
DUNGS_p_TCGA_b84_115_SNP_N_GenomeWideSNP_6_F05_771530	2	52754480	52781542	39	-1.9864
DUNGS_p_TCGA_b84_115_SNP_N_GenomeWideSNP_6_F05_771530	2	52787949	87513287	22145	-7e-04
DUNGS_p_TCGA_b84_115_SNP_N_GenomeWideSNP_6_F05_771530	2	87514379	87514390	2	-1.6741
DUNGS_p_TCGA_b84_115_SNP_N_GenomeWideSNP_6_F05_771530	2	87520356	91685414	934	0.0038
DUNGS_p_TCGA_b84_115_SNP_N_GenomeWideSNP_6_F05_771530	2	91686706	91790731	29	-0.5007
DUNGS_p_TCGA_b84_115_SNP_N_GenomeWideSNP_6_F05_771530	2	91790748	97857927	957	-5e-04
DUNGS_p_TCGA_b84_115_SNP_N_GenomeWideSNP_6_F05_771530	2	97865337	97877173	15	-0.844
DUNGS_p_TCGA_b84_115_SNP_N_GenomeWideSNP_6_F05_771530	2	97886334	98022825	19	-0.1139
DUNGS_p_TCGA_b84_115_SNP_N_GenomeWideSNP_6_F05_771530	2	98023306	98161710	13	0.5969
DUNGS_p_TCGA_b84_115_SNP_N_GenomeWideSNP_6_F05_771530	2	98162189	106874006	5580	-0.0027
DUNGS_p_TCGA_b84_115_SNP_N_GenomeWideSNP_6_F05_771530	2	106874497	106887255	16	0.5155
DUNGS_p_TCGA_b84_115_SNP_N_GenomeWideSNP_6_F05_771530	2	106887408	133100962	15111	0.0043
DUNGS_p_TCGA_b84_115_SNP_N_GenomeWideSNP_6_F05_771530	2	133101442	133103441	2	-1.5405
DUNGS_p_TCGA_b84_115_SNP_N_GenomeWideSNP_6_F05_771530	2	133108026	146864404	8859	0.002
DUNGS_p_TCGA_b84_115_SNP_N_GenomeWideSNP_6_F05_771530	2	146864429	146878899	33	0.7337
DUNGS_p_TCGA_b84_115_SNP_N_GenomeWideSNP_6_F05_771530	2	146878988	151031451	2257	0.0073
DUNGS_p_TCGA_b84_115_SNP_N_GenomeWideSNP_6_F05_771530	2	151031534	151037732	4	-1.2184
DUNGS_p_TCGA_b84_115_SNP_N_GenomeWideSNP_6_F05_771530	2	151039208	153796068	1938	-0.0052
DUNGS_p_TCGA_b84_115_SNP_N_GenomeWideSNP_6_F05_771530	2	153796770	153796784	2	-1.972
DUNGS_p_TCGA_b84_115_SNP_N_GenomeWideSNP_6_F05_771530	2	153800569	184577193	18975	0.0019
DUNGS_p_TCGA_b84_115_SNP_N_GenomeWideSNP_6_F05_771530	2	184577248	184577324	2	-1.2793
DUNGS_p_TCGA_b84_115_SNP_N_GenomeWideSNP_6_F05_771530	2	184580895	194687745	5734	0.0022
DUNGS_p_TCGA_b84_115_SNP_N_GenomeWideSNP_6_F05_771530	2	194690304	194693798	2	1.3419
DUNGS_p_TCGA_b84_115_SNP_N_GenomeWideSNP_6_F05_771530	2	194702314	203896897	5210	0.0028
DUNGS_p_TCGA_b84_115_SNP_N_GenomeWideSNP_6_F05_771530	2	203899800	203902046	3	-2.4536
DUNGS_p_TCGA_b84_115_SNP_N_GenomeWideSNP_6_F05_771530	2	203904140	229759836	16824	0
DUNGS_p_TCGA_b84_115_SNP_N_GenomeWideSNP_6_F05_771530	2	229759913	229760219	6	-0.7679
DUNGS_p_TCGA_b84_115_SNP_N_GenomeWideSNP_6_F05_771530	2	229764890	231160521	921	-0.0021
DUNGS_p_TCGA_b84_115_SNP_N_GenomeWideSNP_6_F05_771530	2	231171697	231176063	4	-0.8724
DUNGS_p_TCGA_b84_115_SNP_N_GenomeWideSNP_6_F05_771530	2	231176868	231189586	18	0.1103
DUNGS_p_TCGA_b84_115_SNP_N_GenomeWideSNP_6_F05_771530	2	231190446	231199475	2	1.4849
DUNGS_p_TCGA_b84_115_SNP_N_GenomeWideSNP_6_F05_771530	2	231208773	231258615	42	0.0064
DUNGS_p_TCGA_b84_115_SNP_N_GenomeWideSNP_6_F05_771530	2	231265351	231266278	2	1.1755
DUNGS_p_TCGA_b84_115_SNP_N_GenomeWideSNP_6_F05_771530	2	231267643	240328202	5775	0.0019
DUNGS_p_TCGA_b84_115_SNP_N_GenomeWideSNP_6_F05_771530	2	240328213	240329646	2	1.2065
DUNGS_p_TCGA_b84_115_SNP_N_GenomeWideSNP_6_F05_771530	2	240331389	243089456	1478	0.0151
DUNGS_p_TCGA_b84_115_SNP_N_GenomeWideSNP_6_F05_771530	3	60345	28809786	21531	0.0045
DUNGS_p_TCGA_b84_115_SNP_N_GenomeWideSNP_6_F05_771530	3	28810441	28816108	7	-1.0546
DUNGS_p_TCGA_b84_115_SNP_N_GenomeWideSNP_6_F05_771530	3	28816843	30191123	1041	-0.0022
DUNGS_p_TCGA_b84_115_SNP_N_GenomeWideSNP_6_F05_771530	3	30192544	30192565	2	-1.3158
DUNGS_p_TCGA_b84_115_SNP_N_GenomeWideSNP_6_F05_771530	3	30192777	35299462	3283	-0.0036
DUNGS_p_TCGA_b84_115_SNP_N_GenomeWideSNP_6_F05_771530	3	35299746	35301829	3	-1.0239
DUNGS_p_TCGA_b84_115_SNP_N_GenomeWideSNP_6_F05_771530	3	35302385	47399911	7697	0.009
DUNGS_p_TCGA_b84_115_SNP_N_GenomeWideSNP_6_F05_771530	3	47400331	47405451	3	1.1419
DUNGS_p_TCGA_b84_115_SNP_N_GenomeWideSNP_6_F05_771530	3	47409212	47478509	26	0.0287
DUNGS_p_TCGA_b84_115_SNP_N_GenomeWideSNP_6_F05_771530	3	47491822	47492720	2	1.0953
DUNGS_p_TCGA_b84_115_SNP_N_GenomeWideSNP_6_F05_771530	3	47497214	53022924	2224	-0.0051
DUNGS_p_TCGA_b84_115_SNP_N_GenomeWideSNP_6_F05_771530	3	53022949	53032025	14	0.5735
DUNGS_p_TCGA_b84_115_SNP_N_GenomeWideSNP_6_F05_771530	3	53032038	68724692	12071	0.005
DUNGS_p_TCGA_b84_115_SNP_N_GenomeWideSNP_6_F05_771530	3	68725751	68749351	27	0.3546
DUNGS_p_TCGA_b84_115_SNP_N_GenomeWideSNP_6_F05_771530	3	68749691	75532431	4918	0.005
DUNGS_p_TCGA_b84_115_SNP_N_GenomeWideSNP_6_F05_771530	3	75538843	75549946	10	-0.5034
DUNGS_p_TCGA_b84_115_SNP_N_GenomeWideSNP_6_F05_771530	3	75560526	75568549	4	0.1469
DUNGS_p_TCGA_b84_115_SNP_N_GenomeWideSNP_6_F05_771530	3	75572549	75586805	6	-0.9533
DUNGS_p_TCGA_b84_115_SNP_N_GenomeWideSNP_6_F05_771530	3	75595181	98944511	11022	0.0031
DUNGS_p_TCGA_b84_115_SNP_N_GenomeWideSNP_6_F05_771530	3	98944547	98949056	24	-0.6112
DUNGS_p_TCGA_b84_115_SNP_N_GenomeWideSNP_6_F05_771530	3	98949069	98949278	5	0.1957
DUNGS_p_TCGA_b84_115_SNP_N_GenomeWideSNP_6_F05_771530	3	98949287	98949314	5	-0.625
DUNGS_p_TCGA_b84_115_SNP_N_GenomeWideSNP_6_F05_771530	3	98949421	102967549	2241	0.0022
DUNGS_p_TCGA_b84_115_SNP_N_GenomeWideSNP_6_F05_771530	3	102967804	102969321	2	-1.5447
DUNGS_p_TCGA_b84_115_SNP_N_GenomeWideSNP_6_F05_771530	3	102972704	129762859	16520	0.0015
DUNGS_p_TCGA_b84_115_SNP_N_GenomeWideSNP_6_F05_771530	3	129763698	129798735	46	-0.9649
DUNGS_p_TCGA_b84_115_SNP_N_GenomeWideSNP_6_F05_771530	3	129798781	162532950	20330	0.0046
DUNGS_p_TCGA_b84_115_SNP_N_GenomeWideSNP_6_F05_771530	3	162534730	162536583	2	-1.6263
DUNGS_p_TCGA_b84_115_SNP_N_GenomeWideSNP_6_F05_771530	3	162536823	165815732	1884	0.0102
DUNGS_p_TCGA_b84_115_SNP_N_GenomeWideSNP_6_F05_771530	3	165817341	165821588	3	-1.1867
DUNGS_p_TCGA_b84_115_SNP_N_GenomeWideSNP_6_F05_771530	3	165828416	192607299	17175	0.0025
DUNGS_p_TCGA_b84_115_SNP_N_GenomeWideSNP_6_F05_771530	3	192607313	192609105	13	0.5942
DUNGS_p_TCGA_b84_115_SNP_N_GenomeWideSNP_6_F05_771530	3	192609322	192873592	184	0.0095
DUNGS_p_TCGA_b84_115_SNP_N_GenomeWideSNP_6_F05_771530	3	192873662	192882466	18	0.5231
DUNGS_p_TCGA_b84_115_SNP_N_GenomeWideSNP_6_F05_771530	3	192882483	195285664	1492	0.0074
DUNGS_p_TCGA_b84_115_SNP_N_GenomeWideSNP_6_F05_771530	3	195285898	195418263	8	-0.6271
DUNGS_p_TCGA_b84_115_SNP_N_GenomeWideSNP_6_F05_771530	3	195422289	197711230	1105	0.0253
DUNGS_p_TCGA_b84_115_SNP_N_GenomeWideSNP_6_F05_771530	3	197715447	197737911	10	-0.5527
DUNGS_p_TCGA_b84_115_SNP_N_GenomeWideSNP_6_F05_771530	3	197743183	197896118	99	0.0526
DUNGS_p_TCGA_b84_115_SNP_N_GenomeWideSNP_6_F05_771530	4	12281	260626	153	-0.1019
DUNGS_p_TCGA_b84_115_SNP_N_GenomeWideSNP_6_F05_771530	4	260639	366919	46	0.2882
DUNGS_p_TCGA_b84_115_SNP_N_GenomeWideSNP_6_F05_771530	4	390656	7457829	4139	0.0033
DUNGS_p_TCGA_b84_115_SNP_N_GenomeWideSNP_6_F05_771530	4	7458757	7462526	6	0.7696
DUNGS_p_TCGA_b84_115_SNP_N_GenomeWideSNP_6_F05_771530	4	7463304	9464537	912	9e-04
DUNGS_p_TCGA_b84_115_SNP_N_GenomeWideSNP_6_F05_771530	4	9464972	9478849	4	0.8151
DUNGS_p_TCGA_b84_115_SNP_N_GenomeWideSNP_6_F05_771530	4	9479035	10209963	544	0.0326
DUNGS_p_TCGA_b84_115_SNP_N_GenomeWideSNP_6_F05_771530	4	10210113	10235182	40	0.541
DUNGS_p_TCGA_b84_115_SNP_N_GenomeWideSNP_6_F05_771530	4	10235268	10399301	183	-0.0084
DUNGS_p_TCGA_b84_115_SNP_N_GenomeWideSNP_6_F05_771530	4	10399335	10400156	3	-1.0202
DUNGS_p_TCGA_b84_115_SNP_N_GenomeWideSNP_6_F05_771530	4	10400511	16248676	4583	0.0035
DUNGS_p_TCGA_b84_115_SNP_N_GenomeWideSNP_6_F05_771530	4	16248837	16257677	7	-1.0629
DUNGS_p_TCGA_b84_115_SNP_N_GenomeWideSNP_6_F05_771530	4	16258670	64697530	28878	7e-04
DUNGS_p_TCGA_b84_115_SNP_N_GenomeWideSNP_6_F05_771530	4	64697609	64708258	26	-0.4113
DUNGS_p_TCGA_b84_115_SNP_N_GenomeWideSNP_6_F05_771530	4	64716431	68871192	2656	-0.0106
DUNGS_p_TCGA_b84_115_SNP_N_GenomeWideSNP_6_F05_771530	4	68872028	68976429	64	0.5538
DUNGS_p_TCGA_b84_115_SNP_N_GenomeWideSNP_6_F05_771530	4	68984806	69260073	142	0.0161
DUNGS_p_TCGA_b84_115_SNP_N_GenomeWideSNP_6_F05_771530	4	69260551	69288142	7	-0.8139
DUNGS_p_TCGA_b84_115_SNP_N_GenomeWideSNP_6_F05_771530	4	69294799	70121263	408	-0.0433
DUNGS_p_TCGA_b84_115_SNP_N_GenomeWideSNP_6_F05_771530	4	70123510	70236151	58	0.4129
DUNGS_p_TCGA_b84_115_SNP_N_GenomeWideSNP_6_F05_771530	4	70239096	115175323	27388	0.0065
DUNGS_p_TCGA_b84_115_SNP_N_GenomeWideSNP_6_F05_771530	4	115175344	115182175	22	-1.2789
DUNGS_p_TCGA_b84_115_SNP_N_GenomeWideSNP_6_F05_771530	4	115184229	161946759	28150	0.0041
DUNGS_p_TCGA_b84_115_SNP_N_GenomeWideSNP_6_F05_771530	4	161952228	162003266	43	0.504
DUNGS_p_TCGA_b84_115_SNP_N_GenomeWideSNP_6_F05_771530	4	162006824	191027923	19143	0.0038
DUNGS_p_TCGA_b84_115_SNP_N_GenomeWideSNP_6_F05_771530	5	15532	896815	383	0.0378
DUNGS_p_TCGA_b84_115_SNP_N_GenomeWideSNP_6_F05_771530	5	905701	905872	2	-1.6072
DUNGS_p_TCGA_b84_115_SNP_N_GenomeWideSNP_6_F05_771530	5	908540	10267090	8011	0.0105
DUNGS_p_TCGA_b84_115_SNP_N_GenomeWideSNP_6_F05_771530	5	10267222	10273643	3	-1.165
DUNGS_p_TCGA_b84_115_SNP_N_GenomeWideSNP_6_F05_771530	5	10275870	21376844	7346	0.0098
DUNGS_p_TCGA_b84_115_SNP_N_GenomeWideSNP_6_F05_771530	5	21377839	21377853	2	-1.5357
DUNGS_p_TCGA_b84_115_SNP_N_GenomeWideSNP_6_F05_771530	5	21386066	21446059	43	0.0572
DUNGS_p_TCGA_b84_115_SNP_N_GenomeWideSNP_6_F05_771530	5	21449219	21451277	4	-0.8952
DUNGS_p_TCGA_b84_115_SNP_N_GenomeWideSNP_6_F05_771530	5	21451964	27524452	3561	-0.0035
DUNGS_p_TCGA_b84_115_SNP_N_GenomeWideSNP_6_F05_771530	5	27525390	27526020	10	-0.5677
DUNGS_p_TCGA_b84_115_SNP_N_GenomeWideSNP_6_F05_771530	5	27527479	46271108	11472	0.0033
DUNGS_p_TCGA_b84_115_SNP_N_GenomeWideSNP_6_F05_771530	5	46271930	46273502	6	-1.8681
DUNGS_p_TCGA_b84_115_SNP_N_GenomeWideSNP_6_F05_771530	5	46278212	70254904	12440	2e-04
DUNGS_p_TCGA_b84_115_SNP_N_GenomeWideSNP_6_F05_771530	5	70254905	70306728	4	0.9007
DUNGS_p_TCGA_b84_115_SNP_N_GenomeWideSNP_6_F05_771530	5	70307385	97930840	16137	-0.0016
DUNGS_p_TCGA_b84_115_SNP_N_GenomeWideSNP_6_F05_771530	5	97933671	97935134	5	-1.1015
DUNGS_p_TCGA_b84_115_SNP_N_GenomeWideSNP_6_F05_771530	5	97935770	113158022	9692	0.0057
DUNGS_p_TCGA_b84_115_SNP_N_GenomeWideSNP_6_F05_771530	5	113159766	113170445	6	-0.9256
DUNGS_p_TCGA_b84_115_SNP_N_GenomeWideSNP_6_F05_771530	5	113176905	140218722	16999	-0.0025
DUNGS_p_TCGA_b84_115_SNP_N_GenomeWideSNP_6_F05_771530	5	140223836	140231839	10	-1.9438
DUNGS_p_TCGA_b84_115_SNP_N_GenomeWideSNP_6_F05_771530	5	140241027	144083139	2476	1e-04
DUNGS_p_TCGA_b84_115_SNP_N_GenomeWideSNP_6_F05_771530	5	144084296	144087851	4	-0.7854
DUNGS_p_TCGA_b84_115_SNP_N_GenomeWideSNP_6_F05_771530	5	144088062	151514100	5074	0.0042
DUNGS_p_TCGA_b84_115_SNP_N_GenomeWideSNP_6_F05_771530	5	151514171	151516788	10	-1.0158
DUNGS_p_TCGA_b84_115_SNP_N_GenomeWideSNP_6_F05_771530	5	151518063	177198449	17524	2e-04
DUNGS_p_TCGA_b84_115_SNP_N_GenomeWideSNP_6_F05_771530	5	177227551	177232605	3	2.0692
DUNGS_p_TCGA_b84_115_SNP_N_GenomeWideSNP_6_F05_771530	5	177254965	180790320	2004	-0.004
DUNGS_p_TCGA_b84_115_SNP_N_GenomeWideSNP_6_F05_771530	6	149661	254283	101	0.0428
DUNGS_p_TCGA_b84_115_SNP_N_GenomeWideSNP_6_F05_771530	6	257353	294443	20	0.4969
DUNGS_p_TCGA_b84_115_SNP_N_GenomeWideSNP_6_F05_771530	6	294474	29837188	21647	0.0054
DUNGS_p_TCGA_b84_115_SNP_N_GenomeWideSNP_6_F05_771530	6	29837314	29837458	2	-1.8578
DUNGS_p_TCGA_b84_115_SNP_N_GenomeWideSNP_6_F05_771530	6	29837477	29849267	12	-0.4944
DUNGS_p_TCGA_b84_115_SNP_N_GenomeWideSNP_6_F05_771530	6	29850196	29916486	28	0.305
DUNGS_p_TCGA_b84_115_SNP_N_GenomeWideSNP_6_F05_771530	6	29916505	32492845	1178	0.02
DUNGS_p_TCGA_b84_115_SNP_N_GenomeWideSNP_6_F05_771530	6	32493368	32530298	12	0.4436
DUNGS_p_TCGA_b84_115_SNP_N_GenomeWideSNP_6_F05_771530	6	32536398	32573771	9	1.1375
DUNGS_p_TCGA_b84_115_SNP_N_GenomeWideSNP_6_F05_771530	6	32574014	32595083	17	-0.1629
DUNGS_p_TCGA_b84_115_SNP_N_GenomeWideSNP_6_F05_771530	6	32595232	32602107	3	-1.4842
DUNGS_p_TCGA_b84_115_SNP_N_GenomeWideSNP_6_F05_771530	6	32602269	32865798	186	-0.0239
DUNGS_p_TCGA_b84_115_SNP_N_GenomeWideSNP_6_F05_771530	6	32865911	32865997	2	-1.3531
DUNGS_p_TCGA_b84_115_SNP_N_GenomeWideSNP_6_F05_771530	6	32866095	33937806	635	0.0139
DUNGS_p_TCGA_b84_115_SNP_N_GenomeWideSNP_6_F05_771530	6	33937999	33942705	8	-0.8034
DUNGS_p_TCGA_b84_115_SNP_N_GenomeWideSNP_6_F05_771530	6	33944586	48930865	9612	0.0047
DUNGS_p_TCGA_b84_115_SNP_N_GenomeWideSNP_6_F05_771530	6	48931729	48934975	3	-0.9116
DUNGS_p_TCGA_b84_115_SNP_N_GenomeWideSNP_6_F05_771530	6	48935079	53925204	3322	-0.0061
DUNGS_p_TCGA_b84_115_SNP_N_GenomeWideSNP_6_F05_771530	6	53931067	53931855	9	0.8133
DUNGS_p_TCGA_b84_115_SNP_N_GenomeWideSNP_6_F05_771530	6	53935348	58422642	2421	-0.0061
DUNGS_p_TCGA_b84_115_SNP_N_GenomeWideSNP_6_F05_771530	6	58426052	58427069	5	-0.8263
DUNGS_p_TCGA_b84_115_SNP_N_GenomeWideSNP_6_F05_771530	6	58432574	65336942	1934	-8e-04
DUNGS_p_TCGA_b84_115_SNP_N_GenomeWideSNP_6_F05_771530	6	65347544	65348992	2	1.2978
DUNGS_p_TCGA_b84_115_SNP_N_GenomeWideSNP_6_F05_771530	6	65350776	72862925	5078	0.0016
DUNGS_p_TCGA_b84_115_SNP_N_GenomeWideSNP_6_F05_771530	6	72866524	72866872	2	-1.8471
DUNGS_p_TCGA_b84_115_SNP_N_GenomeWideSNP_6_F05_771530	6	72868563	77417470	2852	-0.0076
DUNGS_p_TCGA_b84_115_SNP_N_GenomeWideSNP_6_F05_771530	6	77418087	77469096	46	0.3844
DUNGS_p_TCGA_b84_115_SNP_N_GenomeWideSNP_6_F05_771530	6	77470251	78969065	974	-3e-04
DUNGS_p_TCGA_b84_115_SNP_N_GenomeWideSNP_6_F05_771530	6	78969105	79032317	107	-2.0827
DUNGS_p_TCGA_b84_115_SNP_N_GenomeWideSNP_6_F05_771530	6	79032592	79041633	7	-0.8103
DUNGS_p_TCGA_b84_115_SNP_N_GenomeWideSNP_6_F05_771530	6	79041719	93575881	9249	0.003
DUNGS_p_TCGA_b84_115_SNP_N_GenomeWideSNP_6_F05_771530	6	93575919	93578148	23	0.3844
DUNGS_p_TCGA_b84_115_SNP_N_GenomeWideSNP_6_F05_771530	6	93578297	94652407	750	-0.0189
DUNGS_p_TCGA_b84_115_SNP_N_GenomeWideSNP_6_F05_771530	6	94652540	94659532	3	-1.1838
DUNGS_p_TCGA_b84_115_SNP_N_GenomeWideSNP_6_F05_771530	6	94660050	170918031	49809	0.0047
DUNGS_p_TCGA_b84_115_SNP_N_GenomeWideSNP_6_F05_771530	6	170919495	171051005	5	-0.5626
DUNGS_p_TCGA_b84_115_SNP_N_GenomeWideSNP_6_F05_771530	7	43355	19634022	14007	0.0034
DUNGS_p_TCGA_b84_115_SNP_N_GenomeWideSNP_6_F05_771530	7	19634641	19640546	4	-0.9825
DUNGS_p_TCGA_b84_115_SNP_N_GenomeWideSNP_6_F05_771530	7	19643772	38328723	13489	0.0082
DUNGS_p_TCGA_b84_115_SNP_N_GenomeWideSNP_6_F05_771530	7	38328740	38329247	9	-0.5982
DUNGS_p_TCGA_b84_115_SNP_N_GenomeWideSNP_6_F05_771530	7	38329587	54380373	11103	-0.0046
DUNGS_p_TCGA_b84_115_SNP_N_GenomeWideSNP_6_F05_771530	7	54386505	54386517	6	1.7742
DUNGS_p_TCGA_b84_115_SNP_N_GenomeWideSNP_6_F05_771530	7	54393488	56761500	1573	-0.0071
DUNGS_p_TCGA_b84_115_SNP_N_GenomeWideSNP_6_F05_771530	7	56762113	56768814	3	-3.1694
DUNGS_p_TCGA_b84_115_SNP_N_GenomeWideSNP_6_F05_771530	7	56772166	68002819	3196	0.0054
DUNGS_p_TCGA_b84_115_SNP_N_GenomeWideSNP_6_F05_771530	7	68003162	68005766	6	-0.7325
DUNGS_p_TCGA_b84_115_SNP_N_GenomeWideSNP_6_F05_771530	7	68006218	70420438	1523	-0.0079
DUNGS_p_TCGA_b84_115_SNP_N_GenomeWideSNP_6_F05_771530	7	70423250	70426141	2	1.296
DUNGS_p_TCGA_b84_115_SNP_N_GenomeWideSNP_6_F05_771530	7	70428243	91040425	11895	-0.0029
DUNGS_p_TCGA_b84_115_SNP_N_GenomeWideSNP_6_F05_771530	7	91040458	91040589	2	-1.3634
DUNGS_p_TCGA_b84_115_SNP_N_GenomeWideSNP_6_F05_771530	7	91040727	97395460	3978	0.001
DUNGS_p_TCGA_b84_115_SNP_N_GenomeWideSNP_6_F05_771530	7	97395462	97395509	7	0.884
DUNGS_p_TCGA_b84_115_SNP_N_GenomeWideSNP_6_F05_771530	7	97401932	109441244	6673	0.0088
DUNGS_p_TCGA_b84_115_SNP_N_GenomeWideSNP_6_F05_771530	7	109441629	109453910	10	-0.6195
DUNGS_p_TCGA_b84_115_SNP_N_GenomeWideSNP_6_F05_771530	7	109453982	116111192	3997	0.0092
DUNGS_p_TCGA_b84_115_SNP_N_GenomeWideSNP_6_F05_771530	7	116111369	116114151	2	-1.3205
DUNGS_p_TCGA_b84_115_SNP_N_GenomeWideSNP_6_F05_771530	7	116114274	133785211	10771	-4e-04
DUNGS_p_TCGA_b84_115_SNP_N_GenomeWideSNP_6_F05_771530	7	133785309	133795634	24	0.62
DUNGS_p_TCGA_b84_115_SNP_N_GenomeWideSNP_6_F05_771530	7	133795665	141028746	4763	0.0052
DUNGS_p_TCGA_b84_115_SNP_N_GenomeWideSNP_6_F05_771530	7	141030390	141030804	2	-1.4502
DUNGS_p_TCGA_b84_115_SNP_N_GenomeWideSNP_6_F05_771530	7	141031540	141784184	469	-0.0011
DUNGS_p_TCGA_b84_115_SNP_N_GenomeWideSNP_6_F05_771530	7	141784376	141790079	18	0.4412
DUNGS_p_TCGA_b84_115_SNP_N_GenomeWideSNP_6_F05_771530	7	141790183	142474939	455	0.0027
DUNGS_p_TCGA_b84_115_SNP_N_GenomeWideSNP_6_F05_771530	7	142476719	142488688	32	0.5969
DUNGS_p_TCGA_b84_115_SNP_N_GenomeWideSNP_6_F05_771530	7	142490900	153302374	6604	0.0058
DUNGS_p_TCGA_b84_115_SNP_N_GenomeWideSNP_6_F05_771530	7	153303371	153312084	11	-0.5948
DUNGS_p_TCGA_b84_115_SNP_N_GenomeWideSNP_6_F05_771530	7	153312185	153316361	4	0.7531
DUNGS_p_TCGA_b84_115_SNP_N_GenomeWideSNP_6_F05_771530	7	153316930	157692304	3056	0.0054
DUNGS_p_TCGA_b84_115_SNP_N_GenomeWideSNP_6_F05_771530	7	157694028	157696086	3	1.0209
DUNGS_p_TCGA_b84_115_SNP_N_GenomeWideSNP_6_F05_771530	7	157696405	158111939	255	0.0623
DUNGS_p_TCGA_b84_115_SNP_N_GenomeWideSNP_6_F05_771530	7	158113055	158117595	8	0.4368
DUNGS_p_TCGA_b84_115_SNP_N_GenomeWideSNP_6_F05_771530	7	158128588	158132165	2	2.3227
DUNGS_p_TCGA_b84_115_SNP_N_GenomeWideSNP_6_F05_771530	7	158136986	159127004	639	0.0408
DUNGS_p_TCGA_b84_115_SNP_N_GenomeWideSNP_6_F05_771530	8	31254	11934660	11308	0.025
DUNGS_p_TCGA_b84_115_SNP_N_GenomeWideSNP_6_F05_771530	8	11949551	11992286	4	0.8906
DUNGS_p_TCGA_b84_115_SNP_N_GenomeWideSNP_6_F05_771530	8	11997095	12646389	215	-0.052
DUNGS_p_TCGA_b84_115_SNP_N_GenomeWideSNP_6_F05_771530	8	12648728	12652526	4	-1.865
DUNGS_p_TCGA_b84_115_SNP_N_GenomeWideSNP_6_F05_771530	8	12653533	24974577	10338	0.0053
DUNGS_p_TCGA_b84_115_SNP_N_GenomeWideSNP_6_F05_771530	8	24975500	24984250	22	0.9214
DUNGS_p_TCGA_b84_115_SNP_N_GenomeWideSNP_6_F05_771530	8	24984333	36072563	7341	0.0048
DUNGS_p_TCGA_b84_115_SNP_N_GenomeWideSNP_6_F05_771530	8	36072902	36077080	3	1.1173
DUNGS_p_TCGA_b84_115_SNP_N_GenomeWideSNP_6_F05_771530	8	36077139	39230659	1706	-0.0052
DUNGS_p_TCGA_b84_115_SNP_N_GenomeWideSNP_6_F05_771530	8	39235603	39385194	58	0.7146
DUNGS_p_TCGA_b84_115_SNP_N_GenomeWideSNP_6_F05_771530	8	39386965	40184398	599	-0.0061
DUNGS_p_TCGA_b84_115_SNP_N_GenomeWideSNP_6_F05_771530	8	40184550	40184742	2	1.0807
DUNGS_p_TCGA_b84_115_SNP_N_GenomeWideSNP_6_F05_771530	8	40184850	42959954	1756	-0.0087
DUNGS_p_TCGA_b84_115_SNP_N_GenomeWideSNP_6_F05_771530	8	42960504	42965243	2	-1.1512
DUNGS_p_TCGA_b84_115_SNP_N_GenomeWideSNP_6_F05_771530	8	42970939	47516910	414	0.0149
DUNGS_p_TCGA_b84_115_SNP_N_GenomeWideSNP_6_F05_771530	8	47517012	47546095	13	0.5785
DUNGS_p_TCGA_b84_115_SNP_N_GenomeWideSNP_6_F05_771530	8	47547349	51030772	1812	-0.0045
DUNGS_p_TCGA_b84_115_SNP_N_GenomeWideSNP_6_F05_771530	8	51032011	51033423	9	0.652
DUNGS_p_TCGA_b84_115_SNP_N_GenomeWideSNP_6_F05_771530	8	51038578	72215311	13324	-5e-04
DUNGS_p_TCGA_b84_115_SNP_N_GenomeWideSNP_6_F05_771530	8	72215364	72216026	3	-1.2073
DUNGS_p_TCGA_b84_115_SNP_N_GenomeWideSNP_6_F05_771530	8	72216138	90207686	10660	0.0025
DUNGS_p_TCGA_b84_115_SNP_N_GenomeWideSNP_6_F05_771530	8	90208123	90209115	2	-1.2568
DUNGS_p_TCGA_b84_115_SNP_N_GenomeWideSNP_6_F05_771530	8	90214378	115634554	15335	0.0032
DUNGS_p_TCGA_b84_115_SNP_N_GenomeWideSNP_6_F05_771530	8	115634653	115641689	32	0.3621
DUNGS_p_TCGA_b84_115_SNP_N_GenomeWideSNP_6_F05_771530	8	115641731	146298155	21095	0.0102
DUNGS_p_TCGA_b84_115_SNP_N_GenomeWideSNP_6_F05_771530	9	46587	22492889	19900	0.009
DUNGS_p_TCGA_b84_115_SNP_N_GenomeWideSNP_6_F05_771530	9	22501913	22502699	2	-2.1188
DUNGS_p_TCGA_b84_115_SNP_N_GenomeWideSNP_6_F05_771530	9	22509340	38771831	11321	0.0101
DUNGS_p_TCGA_b84_115_SNP_N_GenomeWideSNP_6_F05_771530	9	38787493	38961991	14	-0.5228
DUNGS_p_TCGA_b84_115_SNP_N_GenomeWideSNP_6_F05_771530	9	38989378	97089090	19212	0.0022
DUNGS_p_TCGA_b84_115_SNP_N_GenomeWideSNP_6_F05_771530	9	97096058	97105480	3	-1.0933
DUNGS_p_TCGA_b84_115_SNP_N_GenomeWideSNP_6_F05_771530	9	97121802	98226359	700	0.0021
DUNGS_p_TCGA_b84_115_SNP_N_GenomeWideSNP_6_F05_771530	9	98226403	98226700	2	-1.8626
DUNGS_p_TCGA_b84_115_SNP_N_GenomeWideSNP_6_F05_771530	9	98226750	106796945	5813	0.0135
DUNGS_p_TCGA_b84_115_SNP_N_GenomeWideSNP_6_F05_771530	9	106797388	106836747	56	0.2605
DUNGS_p_TCGA_b84_115_SNP_N_GenomeWideSNP_6_F05_771530	9	106836864	138163994	21833	0.003
DUNGS_p_TCGA_b84_115_SNP_N_GenomeWideSNP_6_F05_771530	9	138164038	138294078	99	0.2674
DUNGS_p_TCGA_b84_115_SNP_N_GenomeWideSNP_6_F05_771530	9	138302726	140252947	633	0.0153
DUNGS_p_TCGA_b84_115_SNP_N_GenomeWideSNP_6_F05_771530	9	140255642	140255833	3	1.0677
DUNGS_p_TCGA_b84_115_SNP_N_GenomeWideSNP_6_F05_771530	9	140273003	141091394	413	0.0551
DUNGS_p_TCGA_b84_115_SNP_N_GenomeWideSNP_6_F05_771530	10	72759	2805461	2192	0.0272
DUNGS_p_TCGA_b84_115_SNP_N_GenomeWideSNP_6_F05_771530	10	2807195	2807747	2	1.3666
DUNGS_p_TCGA_b84_115_SNP_N_GenomeWideSNP_6_F05_771530	10	2807984	6411215	3236	0.0113
DUNGS_p_TCGA_b84_115_SNP_N_GenomeWideSNP_6_F05_771530	10	6411357	6411481	5	1.0017
DUNGS_p_TCGA_b84_115_SNP_N_GenomeWideSNP_6_F05_771530	10	6418754	6832297	439	0.0239
DUNGS_p_TCGA_b84_115_SNP_N_GenomeWideSNP_6_F05_771530	10	6832426	6837785	4	0.8814
DUNGS_p_TCGA_b84_115_SNP_N_GenomeWideSNP_6_F05_771530	10	6838849	46963612	25762	0.0043
DUNGS_p_TCGA_b84_115_SNP_N_GenomeWideSNP_6_F05_771530	10	46969045	47370368	145	0.3558
DUNGS_p_TCGA_b84_115_SNP_N_GenomeWideSNP_6_F05_771530	10	47392332	48771950	491	0.0479
DUNGS_p_TCGA_b84_115_SNP_N_GenomeWideSNP_6_F05_771530	10	48837810	48840627	2	2.0339
DUNGS_p_TCGA_b84_115_SNP_N_GenomeWideSNP_6_F05_771530	10	48883402	59203049	6941	0.0076
DUNGS_p_TCGA_b84_115_SNP_N_GenomeWideSNP_6_F05_771530	10	59210505	59210773	4	-0.9389
DUNGS_p_TCGA_b84_115_SNP_N_GenomeWideSNP_6_F05_771530	10	59218495	84199071	16726	0.0031
DUNGS_p_TCGA_b84_115_SNP_N_GenomeWideSNP_6_F05_771530	10	84201655	84263456	37	0.5279
DUNGS_p_TCGA_b84_115_SNP_N_GenomeWideSNP_6_F05_771530	10	84267283	89029243	3318	0
DUNGS_p_TCGA_b84_115_SNP_N_GenomeWideSNP_6_F05_771530	10	89029243	89095016	13	-0.4787
DUNGS_p_TCGA_b84_115_SNP_N_GenomeWideSNP_6_F05_771530	10	89095545	132270771	29853	0.0014
DUNGS_p_TCGA_b84_115_SNP_N_GenomeWideSNP_6_F05_771530	10	132270842	132270895	2	1.0454
DUNGS_p_TCGA_b84_115_SNP_N_GenomeWideSNP_6_F05_771530	10	132271141	133945696	1339	0.0635
DUNGS_p_TCGA_b84_115_SNP_N_GenomeWideSNP_6_F05_771530	10	133954831	133961494	5	0.7473
DUNGS_p_TCGA_b84_115_SNP_N_GenomeWideSNP_6_F05_771530	10	133965487	135506704	660	0.0036
DUNGS_p_TCGA_b84_115_SNP_N_GenomeWideSNP_6_F05_771530	11	198510	4276133	1806	0.007
DUNGS_p_TCGA_b84_115_SNP_N_GenomeWideSNP_6_F05_771530	11	4295756	4336067	13	0.501
DUNGS_p_TCGA_b84_115_SNP_N_GenomeWideSNP_6_F05_771530	11	4336529	5787405	1489	0.0039
DUNGS_p_TCGA_b84_115_SNP_N_GenomeWideSNP_6_F05_771530	11	5788080	5809139	32	-2.8122
DUNGS_p_TCGA_b84_115_SNP_N_GenomeWideSNP_6_F05_771530	11	5809338	48598422	30129	0.0063
DUNGS_p_TCGA_b84_115_SNP_N_GenomeWideSNP_6_F05_771530	11	48601434	48608157	4	-1.1621
DUNGS_p_TCGA_b84_115_SNP_N_GenomeWideSNP_6_F05_771530	11	48609526	48674943	35	-0.1203
DUNGS_p_TCGA_b84_115_SNP_N_GenomeWideSNP_6_F05_771530	11	48702561	48710424	6	0.7854
DUNGS_p_TCGA_b84_115_SNP_N_GenomeWideSNP_6_F05_771530	11	48710425	55361431	1181	0.0232
DUNGS_p_TCGA_b84_115_SNP_N_GenomeWideSNP_6_F05_771530	11	55363340	55453009	60	0.5711
DUNGS_p_TCGA_b84_115_SNP_N_GenomeWideSNP_6_F05_771530	11	55453576	60965476	3410	0.0184
DUNGS_p_TCGA_b84_115_SNP_N_GenomeWideSNP_6_F05_771530	11	60984460	61000494	2	-1.2681
DUNGS_p_TCGA_b84_115_SNP_N_GenomeWideSNP_6_F05_771530	11	61015806	79967504	9899	0.001
DUNGS_p_TCGA_b84_115_SNP_N_GenomeWideSNP_6_F05_771530	11	79967513	79967564	3	-1.6108
DUNGS_p_TCGA_b84_115_SNP_N_GenomeWideSNP_6_F05_771530	11	79967686	89548104	6646	0.0031
DUNGS_p_TCGA_b84_115_SNP_N_GenomeWideSNP_6_F05_771530	11	89548892	89567541	3	-1.3531
DUNGS_p_TCGA_b84_115_SNP_N_GenomeWideSNP_6_F05_771530	11	89580352	95184355	3854	0.0067
DUNGS_p_TCGA_b84_115_SNP_N_GenomeWideSNP_6_F05_771530	11	95186029	95186100	2	1.2804
DUNGS_p_TCGA_b84_115_SNP_N_GenomeWideSNP_6_F05_771530	11	95186307	97472630	1625	0.0115
DUNGS_p_TCGA_b84_115_SNP_N_GenomeWideSNP_6_F05_771530	11	97472731	97473215	3	-0.9183
DUNGS_p_TCGA_b84_115_SNP_N_GenomeWideSNP_6_F05_771530	11	97474934	101594384	3228	-0.0089
DUNGS_p_TCGA_b84_115_SNP_N_GenomeWideSNP_6_F05_771530	11	101597860	101597964	4	1.0892
DUNGS_p_TCGA_b84_115_SNP_N_GenomeWideSNP_6_F05_771530	11	101598212	134944770	23794	0.0066
DUNGS_p_TCGA_b84_115_SNP_N_GenomeWideSNP_6_F05_771530	12	150442	9619705	6204	0.0117
DUNGS_p_TCGA_b84_115_SNP_N_GenomeWideSNP_6_F05_771530	12	9620109	9697218	24	0.3953
DUNGS_p_TCGA_b84_115_SNP_N_GenomeWideSNP_6_F05_771530	12	9697719	11526289	1217	0.0228
DUNGS_p_TCGA_b84_115_SNP_N_GenomeWideSNP_6_F05_771530	12	11536113	11541029	8	0.6304
DUNGS_p_TCGA_b84_115_SNP_N_GenomeWideSNP_6_F05_771530	12	11543386	23168017	7960	0.0035
DUNGS_p_TCGA_b84_115_SNP_N_GenomeWideSNP_6_F05_771530	12	23171015	23171163	2	-1.2756
DUNGS_p_TCGA_b84_115_SNP_N_GenomeWideSNP_6_F05_771530	12	23174861	31890933	6443	0.002
DUNGS_p_TCGA_b84_115_SNP_N_GenomeWideSNP_6_F05_771530	12	31891056	31894350	2	1.359
DUNGS_p_TCGA_b84_115_SNP_N_GenomeWideSNP_6_F05_771530	12	31895011	33294644	1033	0.0014
DUNGS_p_TCGA_b84_115_SNP_N_GenomeWideSNP_6_F05_771530	12	33294660	33307374	28	0.4355
DUNGS_p_TCGA_b84_115_SNP_N_GenomeWideSNP_6_F05_771530	12	33308360	33386757	46	-0.0808
DUNGS_p_TCGA_b84_115_SNP_N_GenomeWideSNP_6_F05_771530	12	33388829	33395142	4	-2.7881
DUNGS_p_TCGA_b84_115_SNP_N_GenomeWideSNP_6_F05_771530	12	33395418	39477327	1465	0.0528
DUNGS_p_TCGA_b84_115_SNP_N_GenomeWideSNP_6_F05_771530	12	39481561	39483113	5	-1.0766
DUNGS_p_TCGA_b84_115_SNP_N_GenomeWideSNP_6_F05_771530	12	39488048	43224630	2499	0.0065
DUNGS_p_TCGA_b84_115_SNP_N_GenomeWideSNP_6_F05_771530	12	43224722	43225210	2	-1.1579
DUNGS_p_TCGA_b84_115_SNP_N_GenomeWideSNP_6_F05_771530	12	43238784	45905840	1612	0.0099
DUNGS_p_TCGA_b84_115_SNP_N_GenomeWideSNP_6_F05_771530	12	45908740	45909537	2	-3.2448
DUNGS_p_TCGA_b84_115_SNP_N_GenomeWideSNP_6_F05_771530	12	45913292	99776337	33769	0.002
DUNGS_p_TCGA_b84_115_SNP_N_GenomeWideSNP_6_F05_771530	12	99779508	99803118	42	0.2959
DUNGS_p_TCGA_b84_115_SNP_N_GenomeWideSNP_6_F05_771530	12	99803133	128819513	19325	0.0091
DUNGS_p_TCGA_b84_115_SNP_N_GenomeWideSNP_6_F05_771530	12	128819845	128821377	4	0.9738
DUNGS_p_TCGA_b84_115_SNP_N_GenomeWideSNP_6_F05_771530	12	128821454	129228886	364	0.0132
DUNGS_p_TCGA_b84_115_SNP_N_GenomeWideSNP_6_F05_771530	12	129230513	129232297	6	-0.8948
DUNGS_p_TCGA_b84_115_SNP_N_GenomeWideSNP_6_F05_771530	12	129232545	130000586	708	0.0148
DUNGS_p_TCGA_b84_115_SNP_N_GenomeWideSNP_6_F05_771530	12	130003490	130003594	2	-1.7125
DUNGS_p_TCGA_b84_115_SNP_N_GenomeWideSNP_6_F05_771530	12	130003770	132120715	1792	0.0366
DUNGS_p_TCGA_b84_115_SNP_N_GenomeWideSNP_6_F05_771530	12	132132584	132133335	13	-1.6478
DUNGS_p_TCGA_b84_115_SNP_N_GenomeWideSNP_6_F05_771530	12	132142331	133778189	572	0.0424
DUNGS_p_TCGA_b84_115_SNP_N_GenomeWideSNP_6_F05_771530	13	19026949	20368913	682	0.0178
DUNGS_p_TCGA_b84_115_SNP_N_GenomeWideSNP_6_F05_771530	13	20371675	20388337	8	0.667
DUNGS_p_TCGA_b84_115_SNP_N_GenomeWideSNP_6_F05_771530	13	20390733	23629187	2209	0.0153
DUNGS_p_TCGA_b84_115_SNP_N_GenomeWideSNP_6_F05_771530	13	23629210	23633131	8	-1.2965
DUNGS_p_TCGA_b84_115_SNP_N_GenomeWideSNP_6_F05_771530	13	23633148	23633515	5	-3.3568
DUNGS_p_TCGA_b84_115_SNP_N_GenomeWideSNP_6_F05_771530	13	23638195	24213120	438	0.0176
DUNGS_p_TCGA_b84_115_SNP_N_GenomeWideSNP_6_F05_771530	13	24214110	24214813	3	0.8028
DUNGS_p_TCGA_b84_115_SNP_N_GenomeWideSNP_6_F05_771530	13	24216012	32532121	6301	0.0122
DUNGS_p_TCGA_b84_115_SNP_N_GenomeWideSNP_6_F05_771530	13	32532622	32538423	18	-0.8569
DUNGS_p_TCGA_b84_115_SNP_N_GenomeWideSNP_6_F05_771530	13	32540047	38071135	3907	-0.0064
DUNGS_p_TCGA_b84_115_SNP_N_GenomeWideSNP_6_F05_771530	13	38072036	38084757	16	-2.1103
DUNGS_p_TCGA_b84_115_SNP_N_GenomeWideSNP_6_F05_771530	13	38088330	55469887	11414	0.0089
DUNGS_p_TCGA_b84_115_SNP_N_GenomeWideSNP_6_F05_771530	13	55470390	55470437	2	1.1084
DUNGS_p_TCGA_b84_115_SNP_N_GenomeWideSNP_6_F05_771530	13	55470458	57758626	1144	0.0026
DUNGS_p_TCGA_b84_115_SNP_N_GenomeWideSNP_6_F05_771530	13	57763147	57767498	22	0.4944
DUNGS_p_TCGA_b84_115_SNP_N_GenomeWideSNP_6_F05_771530	13	57773719	106381523	32044	0.0046
DUNGS_p_TCGA_b84_115_SNP_N_GenomeWideSNP_6_F05_771530	13	106381879	106382965	2	1.3284
DUNGS_p_TCGA_b84_115_SNP_N_GenomeWideSNP_6_F05_771530	13	106385740	115108397	6154	0.0035
DUNGS_p_TCGA_b84_115_SNP_N_GenomeWideSNP_6_F05_771530	14	19002124	22466734	1615	0.0306
DUNGS_p_TCGA_b84_115_SNP_N_GenomeWideSNP_6_F05_771530	14	22466884	22478961	7	0.559
DUNGS_p_TCGA_b84_115_SNP_N_GenomeWideSNP_6_F05_771530	14	22479597	26779642	2944	5e-04
DUNGS_p_TCGA_b84_115_SNP_N_GenomeWideSNP_6_F05_771530	14	26783903	26783918	8	1.1729
DUNGS_p_TCGA_b84_115_SNP_N_GenomeWideSNP_6_F05_771530	14	26784913	106328827	50573	0.0044
DUNGS_p_TCGA_b84_115_SNP_N_GenomeWideSNP_6_F05_771530	14	106329159	106401518	16	0.4714
DUNGS_p_TCGA_b84_115_SNP_N_GenomeWideSNP_6_F05_771530	14	106401676	107285437	482	0.0738
DUNGS_p_TCGA_b84_115_SNP_N_GenomeWideSNP_6_F05_771530	15	20016328	20152728	29	-0.1855
DUNGS_p_TCGA_b84_115_SNP_N_GenomeWideSNP_6_F05_771530	15	20155638	20440538	39	0.2333
DUNGS_p_TCGA_b84_115_SNP_N_GenomeWideSNP_6_F05_771530	15	20446138	20581455	35	0.6903
DUNGS_p_TCGA_b84_115_SNP_N_GenomeWideSNP_6_F05_771530	15	20581562	20586912	12	0.1696
DUNGS_p_TCGA_b84_115_SNP_N_GenomeWideSNP_6_F05_771530	15	20586942	20602052	13	0.6156
DUNGS_p_TCGA_b84_115_SNP_N_GenomeWideSNP_6_F05_771530	15	20602371	20606698	3	1.6827
DUNGS_p_TCGA_b84_115_SNP_N_GenomeWideSNP_6_F05_771530	15	20607493	20624206	11	0.7026
DUNGS_p_TCGA_b84_115_SNP_N_GenomeWideSNP_6_F05_771530	15	20627008	20830582	16	-0.1014
DUNGS_p_TCGA_b84_115_SNP_N_GenomeWideSNP_6_F05_771530	15	20843562	22311810	157	0.6162
DUNGS_p_TCGA_b84_115_SNP_N_GenomeWideSNP_6_F05_771530	15	22311811	22681076	109	1.1563
DUNGS_p_TCGA_b84_115_SNP_N_GenomeWideSNP_6_F05_771530	15	22681250	24641397	996	0.0143
DUNGS_p_TCGA_b84_115_SNP_N_GenomeWideSNP_6_F05_771530	15	24641662	24718173	47	-0.4687
DUNGS_p_TCGA_b84_115_SNP_N_GenomeWideSNP_6_F05_771530	15	24718596	58315934	21193	0.0081
DUNGS_p_TCGA_b84_115_SNP_N_GenomeWideSNP_6_F05_771530	15	58320408	58325503	3	1.0221
DUNGS_p_TCGA_b84_115_SNP_N_GenomeWideSNP_6_F05_771530	15	58326955	65814102	5169	0.0052
DUNGS_p_TCGA_b84_115_SNP_N_GenomeWideSNP_6_F05_771530	15	65816942	65818387	3	-2.2805
DUNGS_p_TCGA_b84_115_SNP_N_GenomeWideSNP_6_F05_771530	15	65822534	101647837	23684	0.0097
DUNGS_p_TCGA_b84_115_SNP_N_GenomeWideSNP_6_F05_771530	15	101648966	101698459	42	0.3264
DUNGS_p_TCGA_b84_115_SNP_N_GenomeWideSNP_6_F05_771530	15	101698775	102469040	548	0.0082
DUNGS_p_TCGA_b84_115_SNP_N_GenomeWideSNP_6_F05_771530	16	60777	15054358	11171	0.0196
DUNGS_p_TCGA_b84_115_SNP_N_GenomeWideSNP_6_F05_771530	16	15058358	15059748	5	-1.0166
DUNGS_p_TCGA_b84_115_SNP_N_GenomeWideSNP_6_F05_771530	16	15060414	22588017	3698	0.0407
DUNGS_p_TCGA_b84_115_SNP_N_GenomeWideSNP_6_F05_771530	16	22588050	22710742	65	-0.2549
DUNGS_p_TCGA_b84_115_SNP_N_GenomeWideSNP_6_F05_771530	16	22712979	27044069	3126	0.0125
DUNGS_p_TCGA_b84_115_SNP_N_GenomeWideSNP_6_F05_771530	16	27046808	27089919	37	0.3029
DUNGS_p_TCGA_b84_115_SNP_N_GenomeWideSNP_6_F05_771530	16	27090704	55804348	9253	0.0205
DUNGS_p_TCGA_b84_115_SNP_N_GenomeWideSNP_6_F05_771530	16	55805408	55822444	14	-0.8597
DUNGS_p_TCGA_b84_115_SNP_N_GenomeWideSNP_6_F05_771530	16	55829557	78371608	14439	0.0038
DUNGS_p_TCGA_b84_115_SNP_N_GenomeWideSNP_6_F05_771530	16	78372440	78384765	17	0.9036
DUNGS_p_TCGA_b84_115_SNP_N_GenomeWideSNP_6_F05_771530	16	78385001	90287535	10653	0.0218
DUNGS_p_TCGA_b84_115_SNP_N_GenomeWideSNP_6_F05_771530	17	526	4540541	2446	0.0156
DUNGS_p_TCGA_b84_115_SNP_N_GenomeWideSNP_6_F05_771530	17	4540647	4544331	2	1.4129
DUNGS_p_TCGA_b84_115_SNP_N_GenomeWideSNP_6_F05_771530	17	4544466	18358946	9006	0.007
DUNGS_p_TCGA_b84_115_SNP_N_GenomeWideSNP_6_F05_771530	17	18358949	18453437	24	-1.3568
DUNGS_p_TCGA_b84_115_SNP_N_GenomeWideSNP_6_F05_771530	17	18459272	18876955	153	0.0052
DUNGS_p_TCGA_b84_115_SNP_N_GenomeWideSNP_6_F05_771530	17	18876996	18893091	4	0.8286
DUNGS_p_TCGA_b84_115_SNP_N_GenomeWideSNP_6_F05_771530	17	18893522	19093450	30	-0.0687
DUNGS_p_TCGA_b84_115_SNP_N_GenomeWideSNP_6_F05_771530	17	19093485	19093560	2	-1.7866
DUNGS_p_TCGA_b84_115_SNP_N_GenomeWideSNP_6_F05_771530	17	19130231	20354030	632	-0.0055
DUNGS_p_TCGA_b84_115_SNP_N_GenomeWideSNP_6_F05_771530	17	20364322	20370496	3	1.2733
DUNGS_p_TCGA_b84_115_SNP_N_GenomeWideSNP_6_F05_771530	17	20370511	39423090	8691	0.0121
DUNGS_p_TCGA_b84_115_SNP_N_GenomeWideSNP_6_F05_771530	17	39423103	39433159	26	0.523
DUNGS_p_TCGA_b84_115_SNP_N_GenomeWideSNP_6_F05_771530	17	39433245	41432265	1103	0.016
DUNGS_p_TCGA_b84_115_SNP_N_GenomeWideSNP_6_F05_771530	17	41438590	41439921	3	-4.0067
DUNGS_p_TCGA_b84_115_SNP_N_GenomeWideSNP_6_F05_771530	17	41443704	44040521	1301	0.0107
DUNGS_p_TCGA_b84_115_SNP_N_GenomeWideSNP_6_F05_771530	17	44040626	44109474	49	0.3601
DUNGS_p_TCGA_b84_115_SNP_N_GenomeWideSNP_6_F05_771530	17	44109769	44280676	147	-0.0424
DUNGS_p_TCGA_b84_115_SNP_N_GenomeWideSNP_6_F05_771530	17	44283376	44344893	18	0.4286
DUNGS_p_TCGA_b84_115_SNP_N_GenomeWideSNP_6_F05_771530	17	44345038	81049726	21696	0.0074
DUNGS_p_TCGA_b84_115_SNP_N_GenomeWideSNP_6_F05_771530	18	11543	5012395	3557	0.0112
DUNGS_p_TCGA_b84_115_SNP_N_GenomeWideSNP_6_F05_771530	18	5012433	5012917	2	-1.4957
DUNGS_p_TCGA_b84_115_SNP_N_GenomeWideSNP_6_F05_771530	18	5013858	12210088	5356	0.0043
DUNGS_p_TCGA_b84_115_SNP_N_GenomeWideSNP_6_F05_771530	18	12210447	12218708	3	-1.5176
DUNGS_p_TCGA_b84_115_SNP_N_GenomeWideSNP_6_F05_771530	18	12224734	15157849	1502	-0.0062
DUNGS_p_TCGA_b84_115_SNP_N_GenomeWideSNP_6_F05_771530	18	15158341	15175018	3	-1.0234
DUNGS_p_TCGA_b84_115_SNP_N_GenomeWideSNP_6_F05_771530	18	15177772	63727492	29988	0.0023
DUNGS_p_TCGA_b84_115_SNP_N_GenomeWideSNP_6_F05_771530	18	63727545	63728340	11	0.5667
DUNGS_p_TCGA_b84_115_SNP_N_GenomeWideSNP_6_F05_771530	18	63732738	78015057	10444	0.0108
DUNGS_p_TCGA_b84_115_SNP_N_GenomeWideSNP_6_F05_771530	19	90910	35849221	16836	0.0058
DUNGS_p_TCGA_b84_115_SNP_N_GenomeWideSNP_6_F05_771530	19	35849309	35874383	31	0.3869
DUNGS_p_TCGA_b84_115_SNP_N_GenomeWideSNP_6_F05_771530	19	35874783	36758897	427	-0.0122
DUNGS_p_TCGA_b84_115_SNP_N_GenomeWideSNP_6_F05_771530	19	36805705	36807300	3	1.3422
DUNGS_p_TCGA_b84_115_SNP_N_GenomeWideSNP_6_F05_771530	19	36825248	54222824	9176	0.0132
DUNGS_p_TCGA_b84_115_SNP_N_GenomeWideSNP_6_F05_771530	19	54223183	54228954	5	-0.8721
DUNGS_p_TCGA_b84_115_SNP_N_GenomeWideSNP_6_F05_771530	19	54229395	55334991	588	0.0137
DUNGS_p_TCGA_b84_115_SNP_N_GenomeWideSNP_6_F05_771530	19	55335211	55348691	9	-0.7218
DUNGS_p_TCGA_b84_115_SNP_N_GenomeWideSNP_6_F05_771530	19	55360538	59097854	2301	0.0248
DUNGS_p_TCGA_b84_115_SNP_N_GenomeWideSNP_6_F05_771530	20	61305	1560058	1198	0.0128
DUNGS_p_TCGA_b84_115_SNP_N_GenomeWideSNP_6_F05_771530	20	1560252	1560999	9	0.4949
DUNGS_p_TCGA_b84_115_SNP_N_GenomeWideSNP_6_F05_771530	20	1561580	1593893	41	2.0735
DUNGS_p_TCGA_b84_115_SNP_N_GenomeWideSNP_6_F05_771530	20	1597946	11470255	7644	0.0142
DUNGS_p_TCGA_b84_115_SNP_N_GenomeWideSNP_6_F05_771530	20	11473187	11473517	2	-1.5871
DUNGS_p_TCGA_b84_115_SNP_N_GenomeWideSNP_6_F05_771530	20	11473890	29428523	11186	0.014
DUNGS_p_TCGA_b84_115_SNP_N_GenomeWideSNP_6_F05_771530	20	29436802	29492738	16	-0.566
DUNGS_p_TCGA_b84_115_SNP_N_GenomeWideSNP_6_F05_771530	20	29493853	35035835	2526	0.0016
DUNGS_p_TCGA_b84_115_SNP_N_GenomeWideSNP_6_F05_771530	20	35037865	35044292	2	1.2424
DUNGS_p_TCGA_b84_115_SNP_N_GenomeWideSNP_6_F05_771530	20	35046920	52644868	12406	0.0086
DUNGS_p_TCGA_b84_115_SNP_N_GenomeWideSNP_6_F05_771530	20	52647808	52658651	38	-0.589
DUNGS_p_TCGA_b84_115_SNP_N_GenomeWideSNP_6_F05_771530	20	52662574	61179294	6752	0.0077
DUNGS_p_TCGA_b84_115_SNP_N_GenomeWideSNP_6_F05_771530	20	61179388	61182062	2	1.4254
DUNGS_p_TCGA_b84_115_SNP_N_GenomeWideSNP_6_F05_771530	20	61183145	62956153	712	0.0404
DUNGS_p_TCGA_b84_115_SNP_N_GenomeWideSNP_6_F05_771530	21	10736871	21307939	4699	7e-04
DUNGS_p_TCGA_b84_115_SNP_N_GenomeWideSNP_6_F05_771530	21	21310635	21310817	2	-1.4033
DUNGS_p_TCGA_b84_115_SNP_N_GenomeWideSNP_6_F05_771530	21	21315830	21584076	149	0.0108
DUNGS_p_TCGA_b84_115_SNP_N_GenomeWideSNP_6_F05_771530	21	21584447	21585396	2	-1.5077
DUNGS_p_TCGA_b84_115_SNP_N_GenomeWideSNP_6_F05_771530	21	21585723	42851454	16293	0.0037
DUNGS_p_TCGA_b84_115_SNP_N_GenomeWideSNP_6_F05_771530	21	42855527	42855659	4	0.9921
DUNGS_p_TCGA_b84_115_SNP_N_GenomeWideSNP_6_F05_771530	21	42855681	48096957	3284	0.0142
DUNGS_p_TCGA_b84_115_SNP_N_GenomeWideSNP_6_F05_771530	22	16052528	18055605	783	-4e-04
DUNGS_p_TCGA_b84_115_SNP_N_GenomeWideSNP_6_F05_771530	22	18058748	18058885	2	1.7189
DUNGS_p_TCGA_b84_115_SNP_N_GenomeWideSNP_6_F05_771530	22	18062891	24271745	3807	0.0703
DUNGS_p_TCGA_b84_115_SNP_N_GenomeWideSNP_6_F05_771530	22	24283016	24288434	6	-0.9222
DUNGS_p_TCGA_b84_115_SNP_N_GenomeWideSNP_6_F05_771530	22	24288457	24330218	20	-0.1561
DUNGS_p_TCGA_b84_115_SNP_N_GenomeWideSNP_6_F05_771530	22	24330269	24331967	2	-2.8024
DUNGS_p_TCGA_b84_115_SNP_N_GenomeWideSNP_6_F05_771530	22	24332625	24337949	4	-0.6537
DUNGS_p_TCGA_b84_115_SNP_N_GenomeWideSNP_6_F05_771530	22	24344422	24402442	23	0.6864
DUNGS_p_TCGA_b84_115_SNP_N_GenomeWideSNP_6_F05_771530	22	24402461	25099115	382	0.0208
DUNGS_p_TCGA_b84_115_SNP_N_GenomeWideSNP_6_F05_771530	22	25099192	25105347	4	0.8574
DUNGS_p_TCGA_b84_115_SNP_N_GenomeWideSNP_6_F05_771530	22	25106411	25736345	486	0.0203
DUNGS_p_TCGA_b84_115_SNP_N_GenomeWideSNP_6_F05_771530	22	25736672	25745901	7	0.7094
DUNGS_p_TCGA_b84_115_SNP_N_GenomeWideSNP_6_F05_771530	22	25745916	29870258	3472	0.0067
DUNGS_p_TCGA_b84_115_SNP_N_GenomeWideSNP_6_F05_771530	22	29870312	29881701	4	1.1882
DUNGS_p_TCGA_b84_115_SNP_N_GenomeWideSNP_6_F05_771530	22	29881717	36677332	4960	-7e-04
DUNGS_p_TCGA_b84_115_SNP_N_GenomeWideSNP_6_F05_771530	22	36677400	36679058	3	1.0067
DUNGS_p_TCGA_b84_115_SNP_N_GenomeWideSNP_6_F05_771530	22	36679215	39290920	1518	0.0108
DUNGS_p_TCGA_b84_115_SNP_N_GenomeWideSNP_6_F05_771530	22	39295255	39296904	3	-4.1243
DUNGS_p_TCGA_b84_115_SNP_N_GenomeWideSNP_6_F05_771530	22	39299114	39371842	58	0.0024
DUNGS_p_TCGA_b84_115_SNP_N_GenomeWideSNP_6_F05_771530	22	39371902	39395481	14	0.4261
DUNGS_p_TCGA_b84_115_SNP_N_GenomeWideSNP_6_F05_771530	22	39395492	39618581	92	-0.0071
DUNGS_p_TCGA_b84_115_SNP_N_GenomeWideSNP_6_F05_771530	22	39619362	39624052	2	1.0995
DUNGS_p_TCGA_b84_115_SNP_N_GenomeWideSNP_6_F05_771530	22	39624939	40793260	593	6e-04
DUNGS_p_TCGA_b84_115_SNP_N_GenomeWideSNP_6_F05_771530	22	40794590	40794820	2	-3.124
DUNGS_p_TCGA_b84_115_SNP_N_GenomeWideSNP_6_F05_771530	22	40797672	44836388	2618	-0.001
DUNGS_p_TCGA_b84_115_SNP_N_GenomeWideSNP_6_F05_771530	22	44836651	44840720	8	0.5296
DUNGS_p_TCGA_b84_115_SNP_N_GenomeWideSNP_6_F05_771530	22	44841208	45130373	228	0.0012
DUNGS_p_TCGA_b84_115_SNP_N_GenomeWideSNP_6_F05_771530	22	45130401	45133340	3	0.9755
DUNGS_p_TCGA_b84_115_SNP_N_GenomeWideSNP_6_F05_771530	22	45135806	48267464	2258	-0.0013
DUNGS_p_TCGA_b84_115_SNP_N_GenomeWideSNP_6_F05_771530	22	48270745	48270766	2	-1.4223
DUNGS_p_TCGA_b84_115_SNP_N_GenomeWideSNP_6_F05_771530	22	48271008	51234455	2219	0.0366
DUNGS_p_TCGA_b84_115_SNP_N_GenomeWideSNP_6_F05_771530	X	168477	5292182	2001	0.0159
DUNGS_p_TCGA_b84_115_SNP_N_GenomeWideSNP_6_F05_771530	X	5294994	5297505	2	-2.1509
DUNGS_p_TCGA_b84_115_SNP_N_GenomeWideSNP_6_F05_771530	X	5299500	5703638	375	0.0078
DUNGS_p_TCGA_b84_115_SNP_N_GenomeWideSNP_6_F05_771530	X	5706907	5711237	3	-1.3528
DUNGS_p_TCGA_b84_115_SNP_N_GenomeWideSNP_6_F05_771530	X	5712133	9573791	2938	0.017
DUNGS_p_TCGA_b84_115_SNP_N_GenomeWideSNP_6_F05_771530	X	9578063	9578745	3	-1.5672
DUNGS_p_TCGA_b84_115_SNP_N_GenomeWideSNP_6_F05_771530	X	9581229	13481630	2865	0.0161
DUNGS_p_TCGA_b84_115_SNP_N_GenomeWideSNP_6_F05_771530	X	13482558	13482691	2	-2.1163
DUNGS_p_TCGA_b84_115_SNP_N_GenomeWideSNP_6_F05_771530	X	13483573	62450445	25662	0.0079
DUNGS_p_TCGA_b84_115_SNP_N_GenomeWideSNP_6_F05_771530	X	62457637	62473388	9	1.457
DUNGS_p_TCGA_b84_115_SNP_N_GenomeWideSNP_6_F05_771530	X	62478259	62505826	12	0.8511
DUNGS_p_TCGA_b84_115_SNP_N_GenomeWideSNP_6_F05_771530	X	62505868	150245100	48325	4e-04
DUNGS_p_TCGA_b84_115_SNP_N_GenomeWideSNP_6_F05_771530	X	150246696	150247613	2	-2.2514
DUNGS_p_TCGA_b84_115_SNP_N_GenomeWideSNP_6_F05_771530	X	150248984	155182354	2463	0.0148
DUNGS_p_TCGA_b84_115_SNP_N_GenomeWideSNP_6_F05_771530	Y	2650438	59018259	8635	-0.8206
