Sample	Chromosome	Start	End	Num_Probes	Segment_Mean
DUNGS_p_TCGA_b84_115_SNP_N_GenomeWideSNP_6_G11_771644	1	61735	4793580	1784	0.0192
DUNGS_p_TCGA_b84_115_SNP_N_GenomeWideSNP_6_G11_771644	1	4794114	4797498	3	-0.9915
DUNGS_p_TCGA_b84_115_SNP_N_GenomeWideSNP_6_G11_771644	1	4798021	12834287	4740	0.0189
DUNGS_p_TCGA_b84_115_SNP_N_GenomeWideSNP_6_G11_771644	1	12834580	13724101	95	0.2933
DUNGS_p_TCGA_b84_115_SNP_N_GenomeWideSNP_6_G11_771644	1	13733412	16806526	2096	0.0196
DUNGS_p_TCGA_b84_115_SNP_N_GenomeWideSNP_6_G11_771644	1	16806925	17089349	103	0.256
DUNGS_p_TCGA_b84_115_SNP_N_GenomeWideSNP_6_G11_771644	1	17093257	25178331	5060	0.0263
DUNGS_p_TCGA_b84_115_SNP_N_GenomeWideSNP_6_G11_771644	1	25180379	25181245	3	-1.3014
DUNGS_p_TCGA_b84_115_SNP_N_GenomeWideSNP_6_G11_771644	1	25184151	25583341	292	0.0386
DUNGS_p_TCGA_b84_115_SNP_N_GenomeWideSNP_6_G11_771644	1	25593128	25604466	11	-1.6018
DUNGS_p_TCGA_b84_115_SNP_N_GenomeWideSNP_6_G11_771644	1	25605058	25611452	3	-4.4475
DUNGS_p_TCGA_b84_115_SNP_N_GenomeWideSNP_6_G11_771644	1	25616296	25646946	13	-1.276
DUNGS_p_TCGA_b84_115_SNP_N_GenomeWideSNP_6_G11_771644	1	25646986	25662212	4	-0.758
DUNGS_p_TCGA_b84_115_SNP_N_GenomeWideSNP_6_G11_771644	1	25663310	35103033	4975	0.023
DUNGS_p_TCGA_b84_115_SNP_N_GenomeWideSNP_6_G11_771644	1	35103036	35104491	15	0.3912
DUNGS_p_TCGA_b84_115_SNP_N_GenomeWideSNP_6_G11_771644	1	35114268	38843589	2017	0.0235
DUNGS_p_TCGA_b84_115_SNP_N_GenomeWideSNP_6_G11_771644	1	38844957	38845035	2	-1.1269
DUNGS_p_TCGA_b84_115_SNP_N_GenomeWideSNP_6_G11_771644	1	38845585	60046102	13031	0.0177
DUNGS_p_TCGA_b84_115_SNP_N_GenomeWideSNP_6_G11_771644	1	60052066	60058279	2	1.0866
DUNGS_p_TCGA_b84_115_SNP_N_GenomeWideSNP_6_G11_771644	1	60058706	72763370	8831	0.0086
DUNGS_p_TCGA_b84_115_SNP_N_GenomeWideSNP_6_G11_771644	1	72768418	72768916	3	-0.4033
DUNGS_p_TCGA_b84_115_SNP_N_GenomeWideSNP_6_G11_771644	1	72768936	72811133	44	-1.3364
DUNGS_p_TCGA_b84_115_SNP_N_GenomeWideSNP_6_G11_771644	1	72811148	76050844	1934	-0.003
DUNGS_p_TCGA_b84_115_SNP_N_GenomeWideSNP_6_G11_771644	1	76054763	76054854	2	-2.479
DUNGS_p_TCGA_b84_115_SNP_N_GenomeWideSNP_6_G11_771644	1	76059509	81888602	3858	0.0071
DUNGS_p_TCGA_b84_115_SNP_N_GenomeWideSNP_6_G11_771644	1	81888605	81888724	5	-1.2631
DUNGS_p_TCGA_b84_115_SNP_N_GenomeWideSNP_6_G11_771644	1	81888868	104103230	14281	0.0086
DUNGS_p_TCGA_b84_115_SNP_N_GenomeWideSNP_6_G11_771644	1	104109238	104163787	29	0.5788
DUNGS_p_TCGA_b84_115_SNP_N_GenomeWideSNP_6_G11_771644	1	104178038	104239689	13	-0.4515
DUNGS_p_TCGA_b84_115_SNP_N_GenomeWideSNP_6_G11_771644	1	104239986	106002144	929	-0.0041
DUNGS_p_TCGA_b84_115_SNP_N_GenomeWideSNP_6_G11_771644	1	106002162	106022375	20	0.4571
DUNGS_p_TCGA_b84_115_SNP_N_GenomeWideSNP_6_G11_771644	1	106024055	108762426	1964	-0.001
DUNGS_p_TCGA_b84_115_SNP_N_GenomeWideSNP_6_G11_771644	1	108766355	108829623	6	0.6093
DUNGS_p_TCGA_b84_115_SNP_N_GenomeWideSNP_6_G11_771644	1	108849651	110224384	688	0.0294
DUNGS_p_TCGA_b84_115_SNP_N_GenomeWideSNP_6_G11_771644	1	110224427	110253130	51	0.3409
DUNGS_p_TCGA_b84_115_SNP_N_GenomeWideSNP_6_G11_771644	1	110256624	112175884	1498	0.0321
DUNGS_p_TCGA_b84_115_SNP_N_GenomeWideSNP_6_G11_771644	1	112175999	112176476	2	-1.0074
DUNGS_p_TCGA_b84_115_SNP_N_GenomeWideSNP_6_G11_771644	1	112180153	112690326	439	0.0035
DUNGS_p_TCGA_b84_115_SNP_N_GenomeWideSNP_6_G11_771644	1	112695965	112697390	25	-0.4586
DUNGS_p_TCGA_b84_115_SNP_N_GenomeWideSNP_6_G11_771644	1	112705956	121322329	5180	0.0218
DUNGS_p_TCGA_b84_115_SNP_N_GenomeWideSNP_6_G11_771644	1	121323430	144842558	66	0.2817
DUNGS_p_TCGA_b84_115_SNP_N_GenomeWideSNP_6_G11_771644	1	144849539	144849552	3	1.5984
DUNGS_p_TCGA_b84_115_SNP_N_GenomeWideSNP_6_G11_771644	1	144865627	146101240	387	0.2741
DUNGS_p_TCGA_b84_115_SNP_N_GenomeWideSNP_6_G11_771644	1	146112108	147380886	619	-0.008
DUNGS_p_TCGA_b84_115_SNP_N_GenomeWideSNP_6_G11_771644	1	147382550	149208579	232	0.3106
DUNGS_p_TCGA_b84_115_SNP_N_GenomeWideSNP_6_G11_771644	1	149208896	149254920	29	0.8888
DUNGS_p_TCGA_b84_115_SNP_N_GenomeWideSNP_6_G11_771644	1	149256691	149748542	64	0.3515
DUNGS_p_TCGA_b84_115_SNP_N_GenomeWideSNP_6_G11_771644	1	149758024	152555706	1468	0.0116
DUNGS_p_TCGA_b84_115_SNP_N_GenomeWideSNP_6_G11_771644	1	152555767	152590494	35	0.9782
DUNGS_p_TCGA_b84_115_SNP_N_GenomeWideSNP_6_G11_771644	1	152590565	152759678	170	-0.0185
DUNGS_p_TCGA_b84_115_SNP_N_GenomeWideSNP_6_G11_771644	1	152761923	152768700	37	0.4896
DUNGS_p_TCGA_b84_115_SNP_N_GenomeWideSNP_6_G11_771644	1	152773905	158866573	3625	-0.0024
DUNGS_p_TCGA_b84_115_SNP_N_GenomeWideSNP_6_G11_771644	1	158868501	158869759	2	-1.4229
DUNGS_p_TCGA_b84_115_SNP_N_GenomeWideSNP_6_G11_771644	1	158874818	167764835	6608	0.0166
DUNGS_p_TCGA_b84_115_SNP_N_GenomeWideSNP_6_G11_771644	1	167766183	167766919	4	-1.1244
DUNGS_p_TCGA_b84_115_SNP_N_GenomeWideSNP_6_G11_771644	1	167768513	174796556	4649	0.002
DUNGS_p_TCGA_b84_115_SNP_N_GenomeWideSNP_6_G11_771644	1	174796699	174801854	16	-0.754
DUNGS_p_TCGA_b84_115_SNP_N_GenomeWideSNP_6_G11_771644	1	174801872	176622198	1182	0.0011
DUNGS_p_TCGA_b84_115_SNP_N_GenomeWideSNP_6_G11_771644	1	176628513	179589245	2067	0.4133
DUNGS_p_TCGA_b84_115_SNP_N_GenomeWideSNP_6_G11_771644	1	179590802	186137724	4411	0.1363
DUNGS_p_TCGA_b84_115_SNP_N_GenomeWideSNP_6_G11_771644	1	186137970	186142073	4	-0.5901
DUNGS_p_TCGA_b84_115_SNP_N_GenomeWideSNP_6_G11_771644	1	186147957	196714873	7010	0.1791
DUNGS_p_TCGA_b84_115_SNP_N_GenomeWideSNP_6_G11_771644	1	196727850	196791026	69	0.5476
DUNGS_p_TCGA_b84_115_SNP_N_GenomeWideSNP_6_G11_771644	1	196791043	210071062	8854	0.1402
DUNGS_p_TCGA_b84_115_SNP_N_GenomeWideSNP_6_G11_771644	1	210081613	210083984	3	-2.2298
DUNGS_p_TCGA_b84_115_SNP_N_GenomeWideSNP_6_G11_771644	1	210086552	213852508	2464	-0.0317
DUNGS_p_TCGA_b84_115_SNP_N_GenomeWideSNP_6_G11_771644	1	213852542	213891260	32	0.1934
DUNGS_p_TCGA_b84_115_SNP_N_GenomeWideSNP_6_G11_771644	1	213891755	222366668	6130	-0.0778
DUNGS_p_TCGA_b84_115_SNP_N_GenomeWideSNP_6_G11_771644	1	222374834	222377004	2	-1.2762
DUNGS_p_TCGA_b84_115_SNP_N_GenomeWideSNP_6_G11_771644	1	222382134	229809407	4448	-0.0813
DUNGS_p_TCGA_b84_115_SNP_N_GenomeWideSNP_6_G11_771644	1	229811169	229820531	7	0.4868
DUNGS_p_TCGA_b84_115_SNP_N_GenomeWideSNP_6_G11_771644	1	229820954	243145593	10294	0.0199
DUNGS_p_TCGA_b84_115_SNP_N_GenomeWideSNP_6_G11_771644	1	243163842	243228147	13	0.5534
DUNGS_p_TCGA_b84_115_SNP_N_GenomeWideSNP_6_G11_771644	1	243258063	244708904	947	0.0414
DUNGS_p_TCGA_b84_115_SNP_N_GenomeWideSNP_6_G11_771644	1	244708999	244709233	2	1.0697
DUNGS_p_TCGA_b84_115_SNP_N_GenomeWideSNP_6_G11_771644	1	244709315	245636410	592	0.0173
DUNGS_p_TCGA_b84_115_SNP_N_GenomeWideSNP_6_G11_771644	1	245637039	245646904	11	-0.9503
DUNGS_p_TCGA_b84_115_SNP_N_GenomeWideSNP_6_G11_771644	1	245649651	249224388	2211	0.0332
DUNGS_p_TCGA_b84_115_SNP_N_GenomeWideSNP_6_G11_771644	2	12784	1119052	761	0.0232
DUNGS_p_TCGA_b84_115_SNP_N_GenomeWideSNP_6_G11_771644	2	1119227	1119420	2	-1.0781
DUNGS_p_TCGA_b84_115_SNP_N_GenomeWideSNP_6_G11_771644	2	1121378	4205687	2228	0.0108
DUNGS_p_TCGA_b84_115_SNP_N_GenomeWideSNP_6_G11_771644	2	4213864	4223167	36	-2.1676
DUNGS_p_TCGA_b84_115_SNP_N_GenomeWideSNP_6_G11_771644	2	4223512	4224019	6	-0.6201
DUNGS_p_TCGA_b84_115_SNP_N_GenomeWideSNP_6_G11_771644	2	4230062	34691069	21101	0.0177
DUNGS_p_TCGA_b84_115_SNP_N_GenomeWideSNP_6_G11_771644	2	34699315	34711474	16	-0.3194
DUNGS_p_TCGA_b84_115_SNP_N_GenomeWideSNP_6_G11_771644	2	34716770	34717128	7	-1.2309
DUNGS_p_TCGA_b84_115_SNP_N_GenomeWideSNP_6_G11_771644	2	34717468	34727867	21	-0.4109
DUNGS_p_TCGA_b84_115_SNP_N_GenomeWideSNP_6_G11_771644	2	34736513	45768934	8123	0.0078
DUNGS_p_TCGA_b84_115_SNP_N_GenomeWideSNP_6_G11_771644	2	45769170	45770394	4	-0.8637
DUNGS_p_TCGA_b84_115_SNP_N_GenomeWideSNP_6_G11_771644	2	45772725	52754881	4937	0.0119
DUNGS_p_TCGA_b84_115_SNP_N_GenomeWideSNP_6_G11_771644	2	52758753	52781542	33	0.7792
DUNGS_p_TCGA_b84_115_SNP_N_GenomeWideSNP_6_G11_771644	2	52787949	79327222	17230	0.0131
DUNGS_p_TCGA_b84_115_SNP_N_GenomeWideSNP_6_G11_771644	2	79327338	79342811	10	0.5663
DUNGS_p_TCGA_b84_115_SNP_N_GenomeWideSNP_6_G11_771644	2	79343818	79356603	16	-0.3238
DUNGS_p_TCGA_b84_115_SNP_N_GenomeWideSNP_6_G11_771644	2	79358785	87442372	4837	0.0132
DUNGS_p_TCGA_b84_115_SNP_N_GenomeWideSNP_6_G11_771644	2	87442389	87448720	7	-0.2755
DUNGS_p_TCGA_b84_115_SNP_N_GenomeWideSNP_6_G11_771644	2	87450469	89143768	621	0.0528
DUNGS_p_TCGA_b84_115_SNP_N_GenomeWideSNP_6_G11_771644	2	89143905	89259707	82	-0.2224
DUNGS_p_TCGA_b84_115_SNP_N_GenomeWideSNP_6_G11_771644	2	89260147	89916032	104	0.0306
DUNGS_p_TCGA_b84_115_SNP_N_GenomeWideSNP_6_G11_771644	2	89922349	90023393	15	0.4098
DUNGS_p_TCGA_b84_115_SNP_N_GenomeWideSNP_6_G11_771644	2	90023480	106881633	6779	0.0295
DUNGS_p_TCGA_b84_115_SNP_N_GenomeWideSNP_6_G11_771644	2	106883229	106885357	8	-2.2108
DUNGS_p_TCGA_b84_115_SNP_N_GenomeWideSNP_6_G11_771644	2	106887255	115105729	4293	0.0257
DUNGS_p_TCGA_b84_115_SNP_N_GenomeWideSNP_6_G11_771644	2	115109616	115112543	3	-0.8839
DUNGS_p_TCGA_b84_115_SNP_N_GenomeWideSNP_6_G11_771644	2	115112839	117773845	1624	0.0069
DUNGS_p_TCGA_b84_115_SNP_N_GenomeWideSNP_6_G11_771644	2	117773972	117831655	28	-0.256
DUNGS_p_TCGA_b84_115_SNP_N_GenomeWideSNP_6_G11_771644	2	117831891	119516376	1143	0.0201
DUNGS_p_TCGA_b84_115_SNP_N_GenomeWideSNP_6_G11_771644	2	119516495	119516677	3	-0.8888
DUNGS_p_TCGA_b84_115_SNP_N_GenomeWideSNP_6_G11_771644	2	119519714	126442223	4425	0.0121
DUNGS_p_TCGA_b84_115_SNP_N_GenomeWideSNP_6_G11_771644	2	126451651	126451913	2	-2.762
DUNGS_p_TCGA_b84_115_SNP_N_GenomeWideSNP_6_G11_771644	2	126451932	129638478	1947	0.0213
DUNGS_p_TCGA_b84_115_SNP_N_GenomeWideSNP_6_G11_771644	2	129638502	129640297	13	-0.7521
DUNGS_p_TCGA_b84_115_SNP_N_GenomeWideSNP_6_G11_771644	2	129640315	130795379	881	0.0168
DUNGS_p_TCGA_b84_115_SNP_N_GenomeWideSNP_6_G11_771644	2	130817339	130909061	20	0.3286
DUNGS_p_TCGA_b84_115_SNP_N_GenomeWideSNP_6_G11_771644	2	130916872	146864457	9594	0.0137
DUNGS_p_TCGA_b84_115_SNP_N_GenomeWideSNP_6_G11_771644	2	146864583	146878458	25	-0.3344
DUNGS_p_TCGA_b84_115_SNP_N_GenomeWideSNP_6_G11_771644	2	146878475	153787485	4203	0.0106
DUNGS_p_TCGA_b84_115_SNP_N_GenomeWideSNP_6_G11_771644	2	153796068	153796784	3	-2.2861
DUNGS_p_TCGA_b84_115_SNP_N_GenomeWideSNP_6_G11_771644	2	153800569	159661485	3420	0.0066
DUNGS_p_TCGA_b84_115_SNP_N_GenomeWideSNP_6_G11_771644	2	159662522	159662798	2	-1.0779
DUNGS_p_TCGA_b84_115_SNP_N_GenomeWideSNP_6_G11_771644	2	159664703	181587030	13766	0.0111
DUNGS_p_TCGA_b84_115_SNP_N_GenomeWideSNP_6_G11_771644	2	181591235	181591973	2	1.2934
DUNGS_p_TCGA_b84_115_SNP_N_GenomeWideSNP_6_G11_771644	2	181593826	208350754	15628	0.0089
DUNGS_p_TCGA_b84_115_SNP_N_GenomeWideSNP_6_G11_771644	2	208354912	208359336	18	0.4186
DUNGS_p_TCGA_b84_115_SNP_N_GenomeWideSNP_6_G11_771644	2	208359476	213181322	3045	0.0076
DUNGS_p_TCGA_b84_115_SNP_N_GenomeWideSNP_6_G11_771644	2	213186549	213190384	15	-1.1146
DUNGS_p_TCGA_b84_115_SNP_N_GenomeWideSNP_6_G11_771644	2	213190690	213191369	6	-0.3889
DUNGS_p_TCGA_b84_115_SNP_N_GenomeWideSNP_6_G11_771644	2	213191418	213191825	4	-1.3429
DUNGS_p_TCGA_b84_115_SNP_N_GenomeWideSNP_6_G11_771644	2	213192126	243089456	19094	0.0162
DUNGS_p_TCGA_b84_115_SNP_N_GenomeWideSNP_6_G11_771644	3	60345	2656107	2269	-0.08
DUNGS_p_TCGA_b84_115_SNP_N_GenomeWideSNP_6_G11_771644	3	2657255	2665743	9	-0.644
DUNGS_p_TCGA_b84_115_SNP_N_GenomeWideSNP_6_G11_771644	3	2675155	5513866	2562	-0.0482
DUNGS_p_TCGA_b84_115_SNP_N_GenomeWideSNP_6_G11_771644	3	5514020	5514909	2	-1.3885
DUNGS_p_TCGA_b84_115_SNP_N_GenomeWideSNP_6_G11_771644	3	5515732	23979303	13097	-0.0526
DUNGS_p_TCGA_b84_115_SNP_N_GenomeWideSNP_6_G11_771644	3	23981429	23982328	2	-1.3528
DUNGS_p_TCGA_b84_115_SNP_N_GenomeWideSNP_6_G11_771644	3	23982330	26611649	2140	-0.0489
DUNGS_p_TCGA_b84_115_SNP_N_GenomeWideSNP_6_G11_771644	3	26611667	26611885	4	-0.8784
DUNGS_p_TCGA_b84_115_SNP_N_GenomeWideSNP_6_G11_771644	3	26611898	46775816	13191	-0.0526
DUNGS_p_TCGA_b84_115_SNP_N_GenomeWideSNP_6_G11_771644	3	46780090	46783250	3	-1.0914
DUNGS_p_TCGA_b84_115_SNP_N_GenomeWideSNP_6_G11_771644	3	46783583	70549484	16068	-0.0567
DUNGS_p_TCGA_b84_115_SNP_N_GenomeWideSNP_6_G11_771644	3	70549516	70550200	2	-1.9355
DUNGS_p_TCGA_b84_115_SNP_N_GenomeWideSNP_6_G11_771644	3	70550462	75469209	3479	-0.0499
DUNGS_p_TCGA_b84_115_SNP_N_GenomeWideSNP_6_G11_771644	3	75469493	75776919	87	0.2581
DUNGS_p_TCGA_b84_115_SNP_N_GenomeWideSNP_6_G11_771644	3	75782551	85603757	5499	-0.0655
DUNGS_p_TCGA_b84_115_SNP_N_GenomeWideSNP_6_G11_771644	3	85604923	85605071	2	-1.1416
DUNGS_p_TCGA_b84_115_SNP_N_GenomeWideSNP_6_G11_771644	3	85605813	88365939	1499	-0.0645
DUNGS_p_TCGA_b84_115_SNP_N_GenomeWideSNP_6_G11_771644	3	88367758	93527459	1117	0.4125
DUNGS_p_TCGA_b84_115_SNP_N_GenomeWideSNP_6_G11_771644	3	93530246	93740692	84	0.9143
DUNGS_p_TCGA_b84_115_SNP_N_GenomeWideSNP_6_G11_771644	3	93743933	93906324	60	0.5244
DUNGS_p_TCGA_b84_115_SNP_N_GenomeWideSNP_6_G11_771644	3	93911758	94397828	251	-0.0754
DUNGS_p_TCGA_b84_115_SNP_N_GenomeWideSNP_6_G11_771644	3	94398437	94603697	99	0.4848
DUNGS_p_TCGA_b84_115_SNP_N_GenomeWideSNP_6_G11_771644	3	94611040	94709810	43	0.7567
DUNGS_p_TCGA_b84_115_SNP_N_GenomeWideSNP_6_G11_771644	3	94711911	95495045	478	-0.0964
DUNGS_p_TCGA_b84_115_SNP_N_GenomeWideSNP_6_G11_771644	3	95496097	95710352	105	0.4597
DUNGS_p_TCGA_b84_115_SNP_N_GenomeWideSNP_6_G11_771644	3	95711006	95731858	11	0.1932
DUNGS_p_TCGA_b84_115_SNP_N_GenomeWideSNP_6_G11_771644	3	95735870	95743311	3	1.1321
DUNGS_p_TCGA_b84_115_SNP_N_GenomeWideSNP_6_G11_771644	3	95745009	95930761	94	-0.0782
DUNGS_p_TCGA_b84_115_SNP_N_GenomeWideSNP_6_G11_771644	3	95934419	95935906	5	0.9035
DUNGS_p_TCGA_b84_115_SNP_N_GenomeWideSNP_6_G11_771644	3	95938960	98945299	1637	-0.0834
DUNGS_p_TCGA_b84_115_SNP_N_GenomeWideSNP_6_G11_771644	3	98945395	98948802	9	-1.0394
DUNGS_p_TCGA_b84_115_SNP_N_GenomeWideSNP_6_G11_771644	3	98948912	99580297	419	-0.0932
DUNGS_p_TCGA_b84_115_SNP_N_GenomeWideSNP_6_G11_771644	3	99583360	99644544	23	0.8209
DUNGS_p_TCGA_b84_115_SNP_N_GenomeWideSNP_6_G11_771644	3	99647174	100340547	323	-0.0674
DUNGS_p_TCGA_b84_115_SNP_N_GenomeWideSNP_6_G11_771644	3	100340796	100358540	13	0.3288
DUNGS_p_TCGA_b84_115_SNP_N_GenomeWideSNP_6_G11_771644	3	100358959	100377361	11	0.8763
DUNGS_p_TCGA_b84_115_SNP_N_GenomeWideSNP_6_G11_771644	3	100377573	117755528	10910	-0.0261
DUNGS_p_TCGA_b84_115_SNP_N_GenomeWideSNP_6_G11_771644	3	117755571	119453183	1053	0.1942
DUNGS_p_TCGA_b84_115_SNP_N_GenomeWideSNP_6_G11_771644	3	119454445	119680742	123	-0.0517
DUNGS_p_TCGA_b84_115_SNP_N_GenomeWideSNP_6_G11_771644	3	119681681	122072879	1273	0.2523
DUNGS_p_TCGA_b84_115_SNP_N_GenomeWideSNP_6_G11_771644	3	122078817	128398703	3996	-0.0656
DUNGS_p_TCGA_b84_115_SNP_N_GenomeWideSNP_6_G11_771644	3	128399221	128412331	8	0.4783
DUNGS_p_TCGA_b84_115_SNP_N_GenomeWideSNP_6_G11_771644	3	128414161	129760622	623	-0.0759
DUNGS_p_TCGA_b84_115_SNP_N_GenomeWideSNP_6_G11_771644	3	129761124	129806236	54	0.5472
DUNGS_p_TCGA_b84_115_SNP_N_GenomeWideSNP_6_G11_771644	3	129806924	131989330	1444	-0.0883
DUNGS_p_TCGA_b84_115_SNP_N_GenomeWideSNP_6_G11_771644	3	131989347	131992773	3	0.8284
DUNGS_p_TCGA_b84_115_SNP_N_GenomeWideSNP_6_G11_771644	3	131993236	152347482	12691	-0.0698
DUNGS_p_TCGA_b84_115_SNP_N_GenomeWideSNP_6_G11_771644	3	152347758	152350032	7	0.5513
DUNGS_p_TCGA_b84_115_SNP_N_GenomeWideSNP_6_G11_771644	3	152350050	159776353	4469	-0.0782
DUNGS_p_TCGA_b84_115_SNP_N_GenomeWideSNP_6_G11_771644	3	159777373	162512657	1695	0.282
DUNGS_p_TCGA_b84_115_SNP_N_GenomeWideSNP_6_G11_771644	3	162512739	162530870	14	-0.233
DUNGS_p_TCGA_b84_115_SNP_N_GenomeWideSNP_6_G11_771644	3	162532950	162540490	7	-1.3072
DUNGS_p_TCGA_b84_115_SNP_N_GenomeWideSNP_6_G11_771644	3	162545716	162628799	54	-0.0454
DUNGS_p_TCGA_b84_115_SNP_N_GenomeWideSNP_6_G11_771644	3	162628912	162714517	66	0.4303
DUNGS_p_TCGA_b84_115_SNP_N_GenomeWideSNP_6_G11_771644	3	162717727	162719562	2	-3.2975
DUNGS_p_TCGA_b84_115_SNP_N_GenomeWideSNP_6_G11_771644	3	162726159	172761865	6000	0.4055
DUNGS_p_TCGA_b84_115_SNP_N_GenomeWideSNP_6_G11_771644	3	172762316	192874747	13137	-0.0025
DUNGS_p_TCGA_b84_115_SNP_N_GenomeWideSNP_6_G11_771644	3	192877902	192879006	7	1.0355
DUNGS_p_TCGA_b84_115_SNP_N_GenomeWideSNP_6_G11_771644	3	192880473	194634588	1174	0.0146
DUNGS_p_TCGA_b84_115_SNP_N_GenomeWideSNP_6_G11_771644	3	194641316	194641845	5	-0.9937
DUNGS_p_TCGA_b84_115_SNP_N_GenomeWideSNP_6_G11_771644	3	194642480	195390680	323	0.0211
DUNGS_p_TCGA_b84_115_SNP_N_GenomeWideSNP_6_G11_771644	3	195399075	195478694	46	0.3877
DUNGS_p_TCGA_b84_115_SNP_N_GenomeWideSNP_6_G11_771644	3	195478861	197896118	1173	0.0331
DUNGS_p_TCGA_b84_115_SNP_N_GenomeWideSNP_6_G11_771644	4	12281	22881	11	0.1073
DUNGS_p_TCGA_b84_115_SNP_N_GenomeWideSNP_6_G11_771644	4	23178	36310	15	0.4764
DUNGS_p_TCGA_b84_115_SNP_N_GenomeWideSNP_6_G11_771644	4	36331	4014601	1645	0.0408
DUNGS_p_TCGA_b84_115_SNP_N_GenomeWideSNP_6_G11_771644	4	4015443	4176629	53	0.395
DUNGS_p_TCGA_b84_115_SNP_N_GenomeWideSNP_6_G11_771644	4	4177173	4917971	575	0.0342
DUNGS_p_TCGA_b84_115_SNP_N_GenomeWideSNP_6_G11_771644	4	4920273	4922472	2	0.8941
DUNGS_p_TCGA_b84_115_SNP_N_GenomeWideSNP_6_G11_771644	4	4924269	5231268	265	0.046
DUNGS_p_TCGA_b84_115_SNP_N_GenomeWideSNP_6_G11_771644	4	5232748	5237509	4	-0.7732
DUNGS_p_TCGA_b84_115_SNP_N_GenomeWideSNP_6_G11_771644	4	5238128	5310756	44	4e-04
DUNGS_p_TCGA_b84_115_SNP_N_GenomeWideSNP_6_G11_771644	4	5315434	5320934	4	-1.0589
DUNGS_p_TCGA_b84_115_SNP_N_GenomeWideSNP_6_G11_771644	4	5323295	9456977	2636	0.0361
DUNGS_p_TCGA_b84_115_SNP_N_GenomeWideSNP_6_G11_771644	4	9461230	9619137	49	0.3291
DUNGS_p_TCGA_b84_115_SNP_N_GenomeWideSNP_6_G11_771644	4	9626413	10229308	521	0.0435
DUNGS_p_TCGA_b84_115_SNP_N_GenomeWideSNP_6_G11_771644	4	10229630	10239297	25	0.4355
DUNGS_p_TCGA_b84_115_SNP_N_GenomeWideSNP_6_G11_771644	4	10240663	12644848	2005	0.0288
DUNGS_p_TCGA_b84_115_SNP_N_GenomeWideSNP_6_G11_771644	4	12651058	12656736	3	0.8683
DUNGS_p_TCGA_b84_115_SNP_N_GenomeWideSNP_6_G11_771644	4	12656737	20100650	5319	0.0251
DUNGS_p_TCGA_b84_115_SNP_N_GenomeWideSNP_6_G11_771644	4	20101033	20115878	5	-0.8326
DUNGS_p_TCGA_b84_115_SNP_N_GenomeWideSNP_6_G11_771644	4	20116142	34779004	9668	0.0224
DUNGS_p_TCGA_b84_115_SNP_N_GenomeWideSNP_6_G11_771644	4	34779025	34779040	2	-1.8677
DUNGS_p_TCGA_b84_115_SNP_N_GenomeWideSNP_6_G11_771644	4	34779054	34824725	39	0.5435
DUNGS_p_TCGA_b84_115_SNP_N_GenomeWideSNP_6_G11_771644	4	34829872	64705515	16620	0.0161
DUNGS_p_TCGA_b84_115_SNP_N_GenomeWideSNP_6_G11_771644	4	64705528	64708129	11	0.644
DUNGS_p_TCGA_b84_115_SNP_N_GenomeWideSNP_6_G11_771644	4	64708208	70123510	3281	0.0056
DUNGS_p_TCGA_b84_115_SNP_N_GenomeWideSNP_6_G11_771644	4	70127644	70236151	57	-0.5153
DUNGS_p_TCGA_b84_115_SNP_N_GenomeWideSNP_6_G11_771644	4	70239096	72767478	1495	6e-04
DUNGS_p_TCGA_b84_115_SNP_N_GenomeWideSNP_6_G11_771644	4	72767672	72779124	2	-1.1075
DUNGS_p_TCGA_b84_115_SNP_N_GenomeWideSNP_6_G11_771644	4	72779309	92543817	12408	0.0094
DUNGS_p_TCGA_b84_115_SNP_N_GenomeWideSNP_6_G11_771644	4	92544792	92548803	2	1.1103
DUNGS_p_TCGA_b84_115_SNP_N_GenomeWideSNP_6_G11_771644	4	92550297	104215706	6787	0.0086
DUNGS_p_TCGA_b84_115_SNP_N_GenomeWideSNP_6_G11_771644	4	104218100	104218101	2	-1.0423
DUNGS_p_TCGA_b84_115_SNP_N_GenomeWideSNP_6_G11_771644	4	104218102	107486259	1910	0.0106
DUNGS_p_TCGA_b84_115_SNP_N_GenomeWideSNP_6_G11_771644	4	107500264	107500839	3	-0.9418
DUNGS_p_TCGA_b84_115_SNP_N_GenomeWideSNP_6_G11_771644	4	107503209	115173628	4776	0.0067
DUNGS_p_TCGA_b84_115_SNP_N_GenomeWideSNP_6_G11_771644	4	115173656	115182175	25	0.6875
DUNGS_p_TCGA_b84_115_SNP_N_GenomeWideSNP_6_G11_771644	4	115184229	138092420	13273	0.0032
DUNGS_p_TCGA_b84_115_SNP_N_GenomeWideSNP_6_G11_771644	4	138092516	138092926	9	-0.9855
DUNGS_p_TCGA_b84_115_SNP_N_GenomeWideSNP_6_G11_771644	4	138092938	156888089	11649	0.0127
DUNGS_p_TCGA_b84_115_SNP_N_GenomeWideSNP_6_G11_771644	4	156888240	156888519	4	-0.7368
DUNGS_p_TCGA_b84_115_SNP_N_GenomeWideSNP_6_G11_771644	4	156890261	156956632	52	-0.0072
DUNGS_p_TCGA_b84_115_SNP_N_GenomeWideSNP_6_G11_771644	4	156967975	156973205	16	-0.8726
DUNGS_p_TCGA_b84_115_SNP_N_GenomeWideSNP_6_G11_771644	4	156974697	190785565	22271	0.0077
DUNGS_p_TCGA_b84_115_SNP_N_GenomeWideSNP_6_G11_771644	4	190791543	191027923	62	0.3009
DUNGS_p_TCGA_b84_115_SNP_N_GenomeWideSNP_6_G11_771644	5	15532	1927293	961	0.0274
DUNGS_p_TCGA_b84_115_SNP_N_GenomeWideSNP_6_G11_771644	5	1927353	1928889	3	-0.9561
DUNGS_p_TCGA_b84_115_SNP_N_GenomeWideSNP_6_G11_771644	5	1930367	3071990	1056	0.0116
DUNGS_p_TCGA_b84_115_SNP_N_GenomeWideSNP_6_G11_771644	5	3072852	3072862	2	-0.895
DUNGS_p_TCGA_b84_115_SNP_N_GenomeWideSNP_6_G11_771644	5	3073104	8702240	4952	0.0192
DUNGS_p_TCGA_b84_115_SNP_N_GenomeWideSNP_6_G11_771644	5	8702522	8747142	47	-1.0062
DUNGS_p_TCGA_b84_115_SNP_N_GenomeWideSNP_6_G11_771644	5	8749731	10831507	1801	0.0137
DUNGS_p_TCGA_b84_115_SNP_N_GenomeWideSNP_6_G11_771644	5	10832171	10832271	2	-1.4055
DUNGS_p_TCGA_b84_115_SNP_N_GenomeWideSNP_6_G11_771644	5	10833704	12800889	1410	0.0222
DUNGS_p_TCGA_b84_115_SNP_N_GenomeWideSNP_6_G11_771644	5	12815780	12826650	11	-1.7637
DUNGS_p_TCGA_b84_115_SNP_N_GenomeWideSNP_6_G11_771644	5	12833857	50008990	20830	0.0199
DUNGS_p_TCGA_b84_115_SNP_N_GenomeWideSNP_6_G11_771644	5	50009027	50043441	11	0.365
DUNGS_p_TCGA_b84_115_SNP_N_GenomeWideSNP_6_G11_771644	5	50045173	52695117	1709	0.0103
DUNGS_p_TCGA_b84_115_SNP_N_GenomeWideSNP_6_G11_771644	5	52695357	52695970	2	-0.9374
DUNGS_p_TCGA_b84_115_SNP_N_GenomeWideSNP_6_G11_771644	5	52697127	57321646	3130	0.0154
DUNGS_p_TCGA_b84_115_SNP_N_GenomeWideSNP_6_G11_771644	5	57326027	57351813	39	-0.3324
DUNGS_p_TCGA_b84_115_SNP_N_GenomeWideSNP_6_G11_771644	5	57353585	70254906	7319	0.0148
DUNGS_p_TCGA_b84_115_SNP_N_GenomeWideSNP_6_G11_771644	5	70306659	70391253	8	1.1921
DUNGS_p_TCGA_b84_115_SNP_N_GenomeWideSNP_6_G11_771644	5	70654072	81419290	6899	0.0201
DUNGS_p_TCGA_b84_115_SNP_N_GenomeWideSNP_6_G11_771644	5	81427482	81447111	7	0.645
DUNGS_p_TCGA_b84_115_SNP_N_GenomeWideSNP_6_G11_771644	5	81451264	86111756	2750	0.0061
DUNGS_p_TCGA_b84_115_SNP_N_GenomeWideSNP_6_G11_771644	5	86115378	86121629	4	-0.995
DUNGS_p_TCGA_b84_115_SNP_N_GenomeWideSNP_6_G11_771644	5	86122767	101109101	8305	0.0124
DUNGS_p_TCGA_b84_115_SNP_N_GenomeWideSNP_6_G11_771644	5	101109871	101115589	2	-1.0671
DUNGS_p_TCGA_b84_115_SNP_N_GenomeWideSNP_6_G11_771644	5	101116278	103851221	1592	0.0112
DUNGS_p_TCGA_b84_115_SNP_N_GenomeWideSNP_6_G11_771644	5	103860373	103861172	6	0.7332
DUNGS_p_TCGA_b84_115_SNP_N_GenomeWideSNP_6_G11_771644	5	103861190	112260403	5612	0.0076
DUNGS_p_TCGA_b84_115_SNP_N_GenomeWideSNP_6_G11_771644	5	112264539	112276647	9	-0.9769
DUNGS_p_TCGA_b84_115_SNP_N_GenomeWideSNP_6_G11_771644	5	112284223	130292657	11949	0.0076
DUNGS_p_TCGA_b84_115_SNP_N_GenomeWideSNP_6_G11_771644	5	130294844	130297197	2	1.105
DUNGS_p_TCGA_b84_115_SNP_N_GenomeWideSNP_6_G11_771644	5	130300594	156420703	16577	0.0223
DUNGS_p_TCGA_b84_115_SNP_N_GenomeWideSNP_6_G11_771644	5	156421931	156426239	5	-0.8901
DUNGS_p_TCGA_b84_115_SNP_N_GenomeWideSNP_6_G11_771644	5	156427293	175460087	13481	0.0191
DUNGS_p_TCGA_b84_115_SNP_N_GenomeWideSNP_6_G11_771644	5	175465689	175477180	5	-0.8123
DUNGS_p_TCGA_b84_115_SNP_N_GenomeWideSNP_6_G11_771644	5	175524197	177227551	727	0.0353
DUNGS_p_TCGA_b84_115_SNP_N_GenomeWideSNP_6_G11_771644	5	177228579	177265980	6	0.5765
DUNGS_p_TCGA_b84_115_SNP_N_GenomeWideSNP_6_G11_771644	5	177266226	179104050	1082	0.0254
DUNGS_p_TCGA_b84_115_SNP_N_GenomeWideSNP_6_G11_771644	5	179104070	179105152	9	0.5285
DUNGS_p_TCGA_b84_115_SNP_N_GenomeWideSNP_6_G11_771644	5	179105267	180374523	719	0.0221
DUNGS_p_TCGA_b84_115_SNP_N_GenomeWideSNP_6_G11_771644	5	180378710	180418103	19	-0.3656
DUNGS_p_TCGA_b84_115_SNP_N_GenomeWideSNP_6_G11_771644	5	180433225	180790320	171	0.0103
DUNGS_p_TCGA_b84_115_SNP_N_GenomeWideSNP_6_G11_771644	6	149661	254283	101	0.076
DUNGS_p_TCGA_b84_115_SNP_N_GenomeWideSNP_6_G11_771644	6	257353	294725	22	0.6589
DUNGS_p_TCGA_b84_115_SNP_N_GenomeWideSNP_6_G11_771644	6	294837	366333	71	0.2884
DUNGS_p_TCGA_b84_115_SNP_N_GenomeWideSNP_6_G11_771644	6	373453	29837072	21572	0.0042
DUNGS_p_TCGA_b84_115_SNP_N_GenomeWideSNP_6_G11_771644	6	29837187	29901576	37	0.6036
DUNGS_p_TCGA_b84_115_SNP_N_GenomeWideSNP_6_G11_771644	6	29908469	31280823	653	0.0457
DUNGS_p_TCGA_b84_115_SNP_N_GenomeWideSNP_6_G11_771644	6	31286276	31309924	12	1.0578
DUNGS_p_TCGA_b84_115_SNP_N_GenomeWideSNP_6_G11_771644	6	31317347	32452929	508	0.0233
DUNGS_p_TCGA_b84_115_SNP_N_GenomeWideSNP_6_G11_771644	6	32454275	32570365	32	1.8331
DUNGS_p_TCGA_b84_115_SNP_N_GenomeWideSNP_6_G11_771644	6	32573771	32586908	13	0.1078
DUNGS_p_TCGA_b84_115_SNP_N_GenomeWideSNP_6_G11_771644	6	32587457	32602107	8	1.0286
DUNGS_p_TCGA_b84_115_SNP_N_GenomeWideSNP_6_G11_771644	6	32602269	32622194	8	0.1546
DUNGS_p_TCGA_b84_115_SNP_N_GenomeWideSNP_6_G11_771644	6	32624304	32626618	6	1.3863
DUNGS_p_TCGA_b84_115_SNP_N_GenomeWideSNP_6_G11_771644	6	32650612	32690027	45	0.115
DUNGS_p_TCGA_b84_115_SNP_N_GenomeWideSNP_6_G11_771644	6	32690797	32690830	3	1.8867
DUNGS_p_TCGA_b84_115_SNP_N_GenomeWideSNP_6_G11_771644	6	32692227	47173656	9322	0.0522
DUNGS_p_TCGA_b84_115_SNP_N_GenomeWideSNP_6_G11_771644	6	47176885	47184208	4	-0.8895
DUNGS_p_TCGA_b84_115_SNP_N_GenomeWideSNP_6_G11_771644	6	47188761	52611118	3380	0.0019
DUNGS_p_TCGA_b84_115_SNP_N_GenomeWideSNP_6_G11_771644	6	52611384	52664482	53	0.2094
DUNGS_p_TCGA_b84_115_SNP_N_GenomeWideSNP_6_G11_771644	6	52664572	53931084	949	0.0081
DUNGS_p_TCGA_b84_115_SNP_N_GenomeWideSNP_6_G11_771644	6	53931151	53931855	7	-1.2374
DUNGS_p_TCGA_b84_115_SNP_N_GenomeWideSNP_6_G11_771644	6	53935348	62240755	2680	0.0178
DUNGS_p_TCGA_b84_115_SNP_N_GenomeWideSNP_6_G11_771644	6	62240768	62241006	7	0.6009
DUNGS_p_TCGA_b84_115_SNP_N_GenomeWideSNP_6_G11_771644	6	62241152	65710729	1914	0.0228
DUNGS_p_TCGA_b84_115_SNP_N_GenomeWideSNP_6_G11_771644	6	65711399	65713792	3	-1.0266
DUNGS_p_TCGA_b84_115_SNP_N_GenomeWideSNP_6_G11_771644	6	65717384	67038046	898	0.0181
DUNGS_p_TCGA_b84_115_SNP_N_GenomeWideSNP_6_G11_771644	6	67040913	67043192	7	-2.2768
DUNGS_p_TCGA_b84_115_SNP_N_GenomeWideSNP_6_G11_771644	6	67043235	72862925	3931	0.0176
DUNGS_p_TCGA_b84_115_SNP_N_GenomeWideSNP_6_G11_771644	6	72866524	72866872	2	-1.7266
DUNGS_p_TCGA_b84_115_SNP_N_GenomeWideSNP_6_G11_771644	6	72868563	74591801	1088	-0.003
DUNGS_p_TCGA_b84_115_SNP_N_GenomeWideSNP_6_G11_771644	6	74591858	74601410	11	0.6166
DUNGS_p_TCGA_b84_115_SNP_N_GenomeWideSNP_6_G11_771644	6	74603555	77436532	1771	-0.0065
DUNGS_p_TCGA_b84_115_SNP_N_GenomeWideSNP_6_G11_771644	6	77439868	77452270	14	-0.558
DUNGS_p_TCGA_b84_115_SNP_N_GenomeWideSNP_6_G11_771644	6	77452382	78962889	987	9e-04
DUNGS_p_TCGA_b84_115_SNP_N_GenomeWideSNP_6_G11_771644	6	78969065	78971781	5	-2.1957
DUNGS_p_TCGA_b84_115_SNP_N_GenomeWideSNP_6_G11_771644	6	78971802	78972796	10	-3.8293
DUNGS_p_TCGA_b84_115_SNP_N_GenomeWideSNP_6_G11_771644	6	78972953	79035185	98	-2.2897
DUNGS_p_TCGA_b84_115_SNP_N_GenomeWideSNP_6_G11_771644	6	79039234	80127546	649	0.0121
DUNGS_p_TCGA_b84_115_SNP_N_GenomeWideSNP_6_G11_771644	6	80129933	80131140	6	-0.5917
DUNGS_p_TCGA_b84_115_SNP_N_GenomeWideSNP_6_G11_771644	6	80132166	87073944	4367	0.0058
DUNGS_p_TCGA_b84_115_SNP_N_GenomeWideSNP_6_G11_771644	6	87074238	87082151	6	-0.8162
DUNGS_p_TCGA_b84_115_SNP_N_GenomeWideSNP_6_G11_771644	6	87083573	115195456	17784	0.0095
DUNGS_p_TCGA_b84_115_SNP_N_GenomeWideSNP_6_G11_771644	6	115202532	115202790	4	-1.1355
DUNGS_p_TCGA_b84_115_SNP_N_GenomeWideSNP_6_G11_771644	6	115206276	153957370	25051	-0.015
DUNGS_p_TCGA_b84_115_SNP_N_GenomeWideSNP_6_G11_771644	6	153960786	153961419	2	-1.2551
DUNGS_p_TCGA_b84_115_SNP_N_GenomeWideSNP_6_G11_771644	6	153961899	170982534	11970	-0.0254
DUNGS_p_TCGA_b84_115_SNP_N_GenomeWideSNP_6_G11_771644	6	171050379	171051005	2	0.7518
DUNGS_p_TCGA_b84_115_SNP_N_GenomeWideSNP_6_G11_771644	7	43355	38290714	27466	0.247
DUNGS_p_TCGA_b84_115_SNP_N_GenomeWideSNP_6_G11_771644	7	38294101	38303434	7	0.7895
DUNGS_p_TCGA_b84_115_SNP_N_GenomeWideSNP_6_G11_771644	7	38310723	38395974	117	0.1947
DUNGS_p_TCGA_b84_115_SNP_N_GenomeWideSNP_6_G11_771644	7	38396476	38400957	3	1.1584
DUNGS_p_TCGA_b84_115_SNP_N_GenomeWideSNP_6_G11_771644	7	38402496	52710037	9795	0.2089
DUNGS_p_TCGA_b84_115_SNP_N_GenomeWideSNP_6_G11_771644	7	52710175	52714035	5	-0.4869
DUNGS_p_TCGA_b84_115_SNP_N_GenomeWideSNP_6_G11_771644	7	52714217	61987244	3369	0.2067
DUNGS_p_TCGA_b84_115_SNP_N_GenomeWideSNP_6_G11_771644	7	61987257	63043061	292	1.0041
DUNGS_p_TCGA_b84_115_SNP_N_GenomeWideSNP_6_G11_771644	7	63054741	63485699	141	0.7724
DUNGS_p_TCGA_b84_115_SNP_N_GenomeWideSNP_6_G11_771644	7	63487323	63603662	62	0.4207
DUNGS_p_TCGA_b84_115_SNP_N_GenomeWideSNP_6_G11_771644	7	63605422	64595698	507	0.7355
DUNGS_p_TCGA_b84_115_SNP_N_GenomeWideSNP_6_G11_771644	7	64637128	64692326	19	1.3266
DUNGS_p_TCGA_b84_115_SNP_N_GenomeWideSNP_6_G11_771644	7	64694162	64982244	163	0.797
DUNGS_p_TCGA_b84_115_SNP_N_GenomeWideSNP_6_G11_771644	7	64997972	65533009	180	1.2243
DUNGS_p_TCGA_b84_115_SNP_N_GenomeWideSNP_6_G11_771644	7	65536996	66629240	384	0.9588
DUNGS_p_TCGA_b84_115_SNP_N_GenomeWideSNP_6_G11_771644	7	66629329	66698934	24	1.3342
DUNGS_p_TCGA_b84_115_SNP_N_GenomeWideSNP_6_G11_771644	7	66699784	68367179	1134	0.8724
DUNGS_p_TCGA_b84_115_SNP_N_GenomeWideSNP_6_G11_771644	7	68368119	71167911	1789	-0.0256
DUNGS_p_TCGA_b84_115_SNP_N_GenomeWideSNP_6_G11_771644	7	71177797	71178559	2	0.9552
DUNGS_p_TCGA_b84_115_SNP_N_GenomeWideSNP_6_G11_771644	7	71179316	71615436	269	-0.0329
DUNGS_p_TCGA_b84_115_SNP_N_GenomeWideSNP_6_G11_771644	7	71615845	71898437	199	0.9271
DUNGS_p_TCGA_b84_115_SNP_N_GenomeWideSNP_6_G11_771644	7	71899868	72177251	119	0.0401
DUNGS_p_TCGA_b84_115_SNP_N_GenomeWideSNP_6_G11_771644	7	72186029	72295183	36	0.932
DUNGS_p_TCGA_b84_115_SNP_N_GenomeWideSNP_6_G11_771644	7	72308090	72449887	52	0.0659
DUNGS_p_TCGA_b84_115_SNP_N_GenomeWideSNP_6_G11_771644	7	72455684	72458513	4	0.7773
DUNGS_p_TCGA_b84_115_SNP_N_GenomeWideSNP_6_G11_771644	7	72458587	73521752	285	-0.014
DUNGS_p_TCGA_b84_115_SNP_N_GenomeWideSNP_6_G11_771644	7	73526018	73582595	22	0.7186
DUNGS_p_TCGA_b84_115_SNP_N_GenomeWideSNP_6_G11_771644	7	73585153	76054285	653	-0.0073
DUNGS_p_TCGA_b84_115_SNP_N_GenomeWideSNP_6_G11_771644	7	76055847	76368521	110	0.2121
DUNGS_p_TCGA_b84_115_SNP_N_GenomeWideSNP_6_G11_771644	7	76368670	90005746	8853	-0.0316
DUNGS_p_TCGA_b84_115_SNP_N_GenomeWideSNP_6_G11_771644	7	90009074	90009213	3	-0.8513
DUNGS_p_TCGA_b84_115_SNP_N_GenomeWideSNP_6_G11_771644	7	90012086	91208142	871	-0.0212
DUNGS_p_TCGA_b84_115_SNP_N_GenomeWideSNP_6_G11_771644	7	91218884	91225038	5	0.6029
DUNGS_p_TCGA_b84_115_SNP_N_GenomeWideSNP_6_G11_771644	7	91225899	97401932	3864	-0.0275
DUNGS_p_TCGA_b84_115_SNP_N_GenomeWideSNP_6_G11_771644	7	97401959	97402475	7	-1.1866
DUNGS_p_TCGA_b84_115_SNP_N_GenomeWideSNP_6_G11_771644	7	97404240	102102164	2054	-0.0134
DUNGS_p_TCGA_b84_115_SNP_N_GenomeWideSNP_6_G11_771644	7	102235712	102394071	45	0.3274
DUNGS_p_TCGA_b84_115_SNP_N_GenomeWideSNP_6_G11_771644	7	102394928	109441629	4567	-0.0224
DUNGS_p_TCGA_b84_115_SNP_N_GenomeWideSNP_6_G11_771644	7	109441779	109453910	9	-0.5089
DUNGS_p_TCGA_b84_115_SNP_N_GenomeWideSNP_6_G11_771644	7	109453982	113060928	2310	-0.0163
DUNGS_p_TCGA_b84_115_SNP_N_GenomeWideSNP_6_G11_771644	7	113068035	113072487	6	-1.3997
DUNGS_p_TCGA_b84_115_SNP_N_GenomeWideSNP_6_G11_771644	7	113082609	124596647	6783	-0.0332
DUNGS_p_TCGA_b84_115_SNP_N_GenomeWideSNP_6_G11_771644	7	124599801	124599846	2	1.0336
DUNGS_p_TCGA_b84_115_SNP_N_GenomeWideSNP_6_G11_771644	7	124600505	124930722	182	-0.06
DUNGS_p_TCGA_b84_115_SNP_N_GenomeWideSNP_6_G11_771644	7	124933223	124933877	2	1.0852
DUNGS_p_TCGA_b84_115_SNP_N_GenomeWideSNP_6_G11_771644	7	124935779	126044974	761	-0.0253
DUNGS_p_TCGA_b84_115_SNP_N_GenomeWideSNP_6_G11_771644	7	126045482	126046615	12	0.9866
DUNGS_p_TCGA_b84_115_SNP_N_GenomeWideSNP_6_G11_771644	7	126046876	141770532	9960	-0.0223
DUNGS_p_TCGA_b84_115_SNP_N_GenomeWideSNP_6_G11_771644	7	141770627	141799160	37	0.2963
DUNGS_p_TCGA_b84_115_SNP_N_GenomeWideSNP_6_G11_771644	7	141805542	142044929	186	-0.0441
DUNGS_p_TCGA_b84_115_SNP_N_GenomeWideSNP_6_G11_771644	7	142047109	142047396	5	-0.8042
DUNGS_p_TCGA_b84_115_SNP_N_GenomeWideSNP_6_G11_771644	7	142047648	142474939	255	-0.0598
DUNGS_p_TCGA_b84_115_SNP_N_GenomeWideSNP_6_G11_771644	7	142476719	142483433	12	-2.7305
DUNGS_p_TCGA_b84_115_SNP_N_GenomeWideSNP_6_G11_771644	7	142485138	142485699	10	-0.7911
DUNGS_p_TCGA_b84_115_SNP_N_GenomeWideSNP_6_G11_771644	7	142485771	142486045	5	-2.2825
DUNGS_p_TCGA_b84_115_SNP_N_GenomeWideSNP_6_G11_771644	7	142486115	143218408	468	-0.0121
DUNGS_p_TCGA_b84_115_SNP_N_GenomeWideSNP_6_G11_771644	7	143218858	143408430	34	-0.3277
DUNGS_p_TCGA_b84_115_SNP_N_GenomeWideSNP_6_G11_771644	7	143425378	143452888	26	0.0977
DUNGS_p_TCGA_b84_115_SNP_N_GenomeWideSNP_6_G11_771644	7	143470120	143568059	42	-0.4091
DUNGS_p_TCGA_b84_115_SNP_N_GenomeWideSNP_6_G11_771644	7	143572166	143709636	121	-0.0086
DUNGS_p_TCGA_b84_115_SNP_N_GenomeWideSNP_6_G11_771644	7	143709684	143711151	9	0.51
DUNGS_p_TCGA_b84_115_SNP_N_GenomeWideSNP_6_G11_771644	7	143711169	143896252	139	-0.0255
DUNGS_p_TCGA_b84_115_SNP_N_GenomeWideSNP_6_G11_771644	7	143904279	144003746	28	0.3335
DUNGS_p_TCGA_b84_115_SNP_N_GenomeWideSNP_6_G11_771644	7	144006701	159127004	9720	-0.0203
DUNGS_p_TCGA_b84_115_SNP_N_GenomeWideSNP_6_G11_771644	8	31254	3787716	3453	-0.0055
DUNGS_p_TCGA_b84_115_SNP_N_GenomeWideSNP_6_G11_771644	8	3788103	3788105	2	1.3686
DUNGS_p_TCGA_b84_115_SNP_N_GenomeWideSNP_6_G11_771644	8	3788251	3875403	140	-0.03
DUNGS_p_TCGA_b84_115_SNP_N_GenomeWideSNP_6_G11_771644	8	3876317	3876652	2	-1.2
DUNGS_p_TCGA_b84_115_SNP_N_GenomeWideSNP_6_G11_771644	8	3879486	4789969	1474	-0.0018
DUNGS_p_TCGA_b84_115_SNP_N_GenomeWideSNP_6_G11_771644	8	4790375	4795032	2	-1.3475
DUNGS_p_TCGA_b84_115_SNP_N_GenomeWideSNP_6_G11_771644	8	4797252	5535206	937	-0.023
DUNGS_p_TCGA_b84_115_SNP_N_GenomeWideSNP_6_G11_771644	8	5535261	5535463	2	-1.4319
DUNGS_p_TCGA_b84_115_SNP_N_GenomeWideSNP_6_G11_771644	8	5536072	7186646	1827	-0.0165
DUNGS_p_TCGA_b84_115_SNP_N_GenomeWideSNP_6_G11_771644	8	7193821	8102831	248	0.3057
DUNGS_p_TCGA_b84_115_SNP_N_GenomeWideSNP_6_G11_771644	8	8107766	12198254	3237	0.0047
DUNGS_p_TCGA_b84_115_SNP_N_GenomeWideSNP_6_G11_771644	8	12216009	12438748	102	0.5251
DUNGS_p_TCGA_b84_115_SNP_N_GenomeWideSNP_6_G11_771644	8	12438891	12558929	34	0.2145
DUNGS_p_TCGA_b84_115_SNP_N_GenomeWideSNP_6_G11_771644	8	12559835	14386801	1801	-0.0972
DUNGS_p_TCGA_b84_115_SNP_N_GenomeWideSNP_6_G11_771644	8	14386860	14391138	3	-1.0082
DUNGS_p_TCGA_b84_115_SNP_N_GenomeWideSNP_6_G11_771644	8	14395814	38288463	17164	-0.0955
DUNGS_p_TCGA_b84_115_SNP_N_GenomeWideSNP_6_G11_771644	8	38290359	38291087	4	0.7552
DUNGS_p_TCGA_b84_115_SNP_N_GenomeWideSNP_6_G11_771644	8	38291212	39230659	509	0.0066
DUNGS_p_TCGA_b84_115_SNP_N_GenomeWideSNP_6_G11_771644	8	39235603	39386965	59	-2.5812
DUNGS_p_TCGA_b84_115_SNP_N_GenomeWideSNP_6_G11_771644	8	39388299	40771996	1075	-0.0141
DUNGS_p_TCGA_b84_115_SNP_N_GenomeWideSNP_6_G11_771644	8	40777852	40778471	2	-2.1405
DUNGS_p_TCGA_b84_115_SNP_N_GenomeWideSNP_6_G11_771644	8	40783680	47517012	1696	0.0123
DUNGS_p_TCGA_b84_115_SNP_N_GenomeWideSNP_6_G11_771644	8	47521117	47546095	12	0.549
DUNGS_p_TCGA_b84_115_SNP_N_GenomeWideSNP_6_G11_771644	8	47547349	72212365	15144	0.0216
DUNGS_p_TCGA_b84_115_SNP_N_GenomeWideSNP_6_G11_771644	8	72215311	72216599	9	-0.3473
DUNGS_p_TCGA_b84_115_SNP_N_GenomeWideSNP_6_G11_771644	8	72219863	112291494	24150	0.1544
DUNGS_p_TCGA_b84_115_SNP_N_GenomeWideSNP_6_G11_771644	8	112294279	112295260	10	0.7112
DUNGS_p_TCGA_b84_115_SNP_N_GenomeWideSNP_6_G11_771644	8	112300281	115635701	1843	0.1437
DUNGS_p_TCGA_b84_115_SNP_N_GenomeWideSNP_6_G11_771644	8	115638350	115640722	7	0.7188
DUNGS_p_TCGA_b84_115_SNP_N_GenomeWideSNP_6_G11_771644	8	115640777	119954279	2944	0.1569
DUNGS_p_TCGA_b84_115_SNP_N_GenomeWideSNP_6_G11_771644	8	119954751	119955949	2	-0.8345
DUNGS_p_TCGA_b84_115_SNP_N_GenomeWideSNP_6_G11_771644	8	119956043	121826530	1265	0.1539
DUNGS_p_TCGA_b84_115_SNP_N_GenomeWideSNP_6_G11_771644	8	121826822	121827497	4	-0.4644
DUNGS_p_TCGA_b84_115_SNP_N_GenomeWideSNP_6_G11_771644	8	121828919	123062559	824	0.1547
DUNGS_p_TCGA_b84_115_SNP_N_GenomeWideSNP_6_G11_771644	8	123069503	123069719	4	0.8083
DUNGS_p_TCGA_b84_115_SNP_N_GenomeWideSNP_6_G11_771644	8	123069867	131185704	5699	0.1627
DUNGS_p_TCGA_b84_115_SNP_N_GenomeWideSNP_6_G11_771644	8	131186747	131311201	81	0.4172
DUNGS_p_TCGA_b84_115_SNP_N_GenomeWideSNP_6_G11_771644	8	131313369	131847869	443	0.1721
DUNGS_p_TCGA_b84_115_SNP_N_GenomeWideSNP_6_G11_771644	8	131851699	131855192	3	-1.3256
DUNGS_p_TCGA_b84_115_SNP_N_GenomeWideSNP_6_G11_771644	8	131855724	132443583	444	0.1605
DUNGS_p_TCGA_b84_115_SNP_N_GenomeWideSNP_6_G11_771644	8	132445557	132587143	81	0.4112
DUNGS_p_TCGA_b84_115_SNP_N_GenomeWideSNP_6_G11_771644	8	132588134	135178375	2245	0.1689
DUNGS_p_TCGA_b84_115_SNP_N_GenomeWideSNP_6_G11_771644	8	135180357	138680147	2698	0.399
DUNGS_p_TCGA_b84_115_SNP_N_GenomeWideSNP_6_G11_771644	8	138683864	146298155	4372	0.0552
DUNGS_p_TCGA_b84_115_SNP_N_GenomeWideSNP_6_G11_771644	9	46587	485543	376	0.0104
DUNGS_p_TCGA_b84_115_SNP_N_GenomeWideSNP_6_G11_771644	9	487944	548438	54	0.5608
DUNGS_p_TCGA_b84_115_SNP_N_GenomeWideSNP_6_G11_771644	9	549750	5065954	4811	-0.0589
DUNGS_p_TCGA_b84_115_SNP_N_GenomeWideSNP_6_G11_771644	9	5070831	5134065	91	0.151
DUNGS_p_TCGA_b84_115_SNP_N_GenomeWideSNP_6_G11_771644	9	5134627	7215560	1587	-0.0828
DUNGS_p_TCGA_b84_115_SNP_N_GenomeWideSNP_6_G11_771644	9	7217946	7222482	3	0.9315
DUNGS_p_TCGA_b84_115_SNP_N_GenomeWideSNP_6_G11_771644	9	7222495	10310942	3005	-0.1192
DUNGS_p_TCGA_b84_115_SNP_N_GenomeWideSNP_6_G11_771644	9	10314941	10325264	17	0.5528
DUNGS_p_TCGA_b84_115_SNP_N_GenomeWideSNP_6_G11_771644	9	10329917	11837288	1230	-0.1005
DUNGS_p_TCGA_b84_115_SNP_N_GenomeWideSNP_6_G11_771644	9	11837596	11839805	5	-1.0066
DUNGS_p_TCGA_b84_115_SNP_N_GenomeWideSNP_6_G11_771644	9	11839832	25592656	10933	-0.0917
DUNGS_p_TCGA_b84_115_SNP_N_GenomeWideSNP_6_G11_771644	9	25597965	25603763	7	-0.6677
DUNGS_p_TCGA_b84_115_SNP_N_GenomeWideSNP_6_G11_771644	9	25604425	38808958	9109	-0.0851
DUNGS_p_TCGA_b84_115_SNP_N_GenomeWideSNP_6_G11_771644	9	38912297	43187967	191	0.131
DUNGS_p_TCGA_b84_115_SNP_N_GenomeWideSNP_6_G11_771644	9	43315670	44114872	42	-0.3222
DUNGS_p_TCGA_b84_115_SNP_N_GenomeWideSNP_6_G11_771644	9	44136790	68183981	239	0.3088
DUNGS_p_TCGA_b84_115_SNP_N_GenomeWideSNP_6_G11_771644	9	68186051	68186059	5	1.792
DUNGS_p_TCGA_b84_115_SNP_N_GenomeWideSNP_6_G11_771644	9	68188340	70989971	224	0.1816
DUNGS_p_TCGA_b84_115_SNP_N_GenomeWideSNP_6_G11_771644	9	70996001	103432486	22606	-0.0789
DUNGS_p_TCGA_b84_115_SNP_N_GenomeWideSNP_6_G11_771644	9	103433141	103434097	3	-0.9613
DUNGS_p_TCGA_b84_115_SNP_N_GenomeWideSNP_6_G11_771644	9	103437775	104882198	1118	-0.0362
DUNGS_p_TCGA_b84_115_SNP_N_GenomeWideSNP_6_G11_771644	9	104882213	104882287	2	0.9745
DUNGS_p_TCGA_b84_115_SNP_N_GenomeWideSNP_6_G11_771644	9	104882377	109675354	3452	-0.0345
DUNGS_p_TCGA_b84_115_SNP_N_GenomeWideSNP_6_G11_771644	9	109676273	109676430	2	-1.6189
DUNGS_p_TCGA_b84_115_SNP_N_GenomeWideSNP_6_G11_771644	9	109676893	118577007	6937	-0.0288
DUNGS_p_TCGA_b84_115_SNP_N_GenomeWideSNP_6_G11_771644	9	118577478	118577576	2	-1.2502
DUNGS_p_TCGA_b84_115_SNP_N_GenomeWideSNP_6_G11_771644	9	118577993	118855224	176	-0.0201
DUNGS_p_TCGA_b84_115_SNP_N_GenomeWideSNP_6_G11_771644	9	118855990	118856520	2	0.9666
DUNGS_p_TCGA_b84_115_SNP_N_GenomeWideSNP_6_G11_771644	9	118856767	130812492	8335	-0.0109
DUNGS_p_TCGA_b84_115_SNP_N_GenomeWideSNP_6_G11_771644	9	130813196	130818637	5	-0.7317
DUNGS_p_TCGA_b84_115_SNP_N_GenomeWideSNP_6_G11_771644	9	130820484	138214105	4318	-0.026
DUNGS_p_TCGA_b84_115_SNP_N_GenomeWideSNP_6_G11_771644	9	138215622	138216412	2	-1.6388
DUNGS_p_TCGA_b84_115_SNP_N_GenomeWideSNP_6_G11_771644	9	138217797	141091394	1115	-0.0195
DUNGS_p_TCGA_b84_115_SNP_N_GenomeWideSNP_6_G11_771644	10	72759	91732	4	1.0141
DUNGS_p_TCGA_b84_115_SNP_N_GenomeWideSNP_6_G11_771644	10	104198	13049600	10944	-0.0291
DUNGS_p_TCGA_b84_115_SNP_N_GenomeWideSNP_6_G11_771644	10	13049656	13050170	7	-0.8757
DUNGS_p_TCGA_b84_115_SNP_N_GenomeWideSNP_6_G11_771644	10	13050428	17092427	3435	-0.0229
DUNGS_p_TCGA_b84_115_SNP_N_GenomeWideSNP_6_G11_771644	10	17094997	17095773	3	-0.9596
DUNGS_p_TCGA_b84_115_SNP_N_GenomeWideSNP_6_G11_771644	10	17103459	20784248	2614	-0.027
DUNGS_p_TCGA_b84_115_SNP_N_GenomeWideSNP_6_G11_771644	10	20790084	20815705	24	0.6155
DUNGS_p_TCGA_b84_115_SNP_N_GenomeWideSNP_6_G11_771644	10	20821896	39064000	12168	-0.022
DUNGS_p_TCGA_b84_115_SNP_N_GenomeWideSNP_6_G11_771644	10	39064052	42682133	43	0.2423
DUNGS_p_TCGA_b84_115_SNP_N_GenomeWideSNP_6_G11_771644	10	42685261	42760053	13	0.7025
DUNGS_p_TCGA_b84_115_SNP_N_GenomeWideSNP_6_G11_771644	10	42763230	42853123	21	0.1862
DUNGS_p_TCGA_b84_115_SNP_N_GenomeWideSNP_6_G11_771644	10	42853689	47897394	2706	-0.0055
DUNGS_p_TCGA_b84_115_SNP_N_GenomeWideSNP_6_G11_771644	10	47912899	47948060	3	1.0903
DUNGS_p_TCGA_b84_115_SNP_N_GenomeWideSNP_6_G11_771644	10	47960476	48736766	290	-0.0324
DUNGS_p_TCGA_b84_115_SNP_N_GenomeWideSNP_6_G11_771644	10	48771950	48947018	8	0.5498
DUNGS_p_TCGA_b84_115_SNP_N_GenomeWideSNP_6_G11_771644	10	48947027	51830360	1470	-0.0178
DUNGS_p_TCGA_b84_115_SNP_N_GenomeWideSNP_6_G11_771644	10	51840984	51857219	2	-1.3871
DUNGS_p_TCGA_b84_115_SNP_N_GenomeWideSNP_6_G11_771644	10	51867234	59210505	5465	-0.0391
DUNGS_p_TCGA_b84_115_SNP_N_GenomeWideSNP_6_G11_771644	10	59210521	59218495	4	-1.0203
DUNGS_p_TCGA_b84_115_SNP_N_GenomeWideSNP_6_G11_771644	10	59222054	67306079	5563	-0.0207
DUNGS_p_TCGA_b84_115_SNP_N_GenomeWideSNP_6_G11_771644	10	67306158	67326147	35	-0.3494
DUNGS_p_TCGA_b84_115_SNP_N_GenomeWideSNP_6_G11_771644	10	67326184	78252851	6802	-0.0249
DUNGS_p_TCGA_b84_115_SNP_N_GenomeWideSNP_6_G11_771644	10	78257061	78257610	2	-1.3378
DUNGS_p_TCGA_b84_115_SNP_N_GenomeWideSNP_6_G11_771644	10	78261267	81355072	2446	-0.0228
DUNGS_p_TCGA_b84_115_SNP_N_GenomeWideSNP_6_G11_771644	10	81383874	81514175	16	0.4273
DUNGS_p_TCGA_b84_115_SNP_N_GenomeWideSNP_6_G11_771644	10	81514190	132270771	35082	-0.0194
DUNGS_p_TCGA_b84_115_SNP_N_GenomeWideSNP_6_G11_771644	10	132270842	132270895	2	-1.1387
DUNGS_p_TCGA_b84_115_SNP_N_GenomeWideSNP_6_G11_771644	10	132271141	132318554	42	-0.0124
DUNGS_p_TCGA_b84_115_SNP_N_GenomeWideSNP_6_G11_771644	10	132319343	132380110	60	-0.2283
DUNGS_p_TCGA_b84_115_SNP_N_GenomeWideSNP_6_G11_771644	10	132387676	135506704	1902	-0.0411
DUNGS_p_TCGA_b84_115_SNP_N_GenomeWideSNP_6_G11_771644	11	198510	3487665	1350	0.0245
DUNGS_p_TCGA_b84_115_SNP_N_GenomeWideSNP_6_G11_771644	11	3488430	3488541	2	-1.2532
DUNGS_p_TCGA_b84_115_SNP_N_GenomeWideSNP_6_G11_771644	11	3506526	5783923	1955	0.0123
DUNGS_p_TCGA_b84_115_SNP_N_GenomeWideSNP_6_G11_771644	11	5787405	5809139	33	-0.7518
DUNGS_p_TCGA_b84_115_SNP_N_GenomeWideSNP_6_G11_771644	11	5809338	6117976	247	0.0271
DUNGS_p_TCGA_b84_115_SNP_N_GenomeWideSNP_6_G11_771644	11	6120647	6122094	2	1.1343
DUNGS_p_TCGA_b84_115_SNP_N_GenomeWideSNP_6_G11_771644	11	6122503	21590592	11649	0.0201
DUNGS_p_TCGA_b84_115_SNP_N_GenomeWideSNP_6_G11_771644	11	21591355	21605753	15	-0.3826
DUNGS_p_TCGA_b84_115_SNP_N_GenomeWideSNP_6_G11_771644	11	21605987	36979905	10937	0.0151
DUNGS_p_TCGA_b84_115_SNP_N_GenomeWideSNP_6_G11_771644	11	36988487	37018230	16	-1.4444
DUNGS_p_TCGA_b84_115_SNP_N_GenomeWideSNP_6_G11_771644	11	37022976	48733625	7317	0.0181
DUNGS_p_TCGA_b84_115_SNP_N_GenomeWideSNP_6_G11_771644	11	48734103	48772676	16	0.392
DUNGS_p_TCGA_b84_115_SNP_N_GenomeWideSNP_6_G11_771644	11	48772726	49708375	375	-0.0059
DUNGS_p_TCGA_b84_115_SNP_N_GenomeWideSNP_6_G11_771644	11	49710861	49757591	18	-0.7653
DUNGS_p_TCGA_b84_115_SNP_N_GenomeWideSNP_6_G11_771644	11	49757671	55374188	767	0.0687
DUNGS_p_TCGA_b84_115_SNP_N_GenomeWideSNP_6_G11_771644	11	55374203	55442318	45	0.6328
DUNGS_p_TCGA_b84_115_SNP_N_GenomeWideSNP_6_G11_771644	11	55444211	55841082	303	0.052
DUNGS_p_TCGA_b84_115_SNP_N_GenomeWideSNP_6_G11_771644	11	55842512	55842645	2	-1.1133
DUNGS_p_TCGA_b84_115_SNP_N_GenomeWideSNP_6_G11_771644	11	55848439	67507397	5960	0.0269
DUNGS_p_TCGA_b84_115_SNP_N_GenomeWideSNP_6_G11_771644	11	67510626	67764080	70	0.2388
DUNGS_p_TCGA_b84_115_SNP_N_GenomeWideSNP_6_G11_771644	11	67768796	79967513	6988	0.0308
DUNGS_p_TCGA_b84_115_SNP_N_GenomeWideSNP_6_G11_771644	11	79967548	79967564	2	-1.739
DUNGS_p_TCGA_b84_115_SNP_N_GenomeWideSNP_6_G11_771644	11	79967686	89602573	6651	0.0139
DUNGS_p_TCGA_b84_115_SNP_N_GenomeWideSNP_6_G11_771644	11	89611344	89636197	2	-1.9632
DUNGS_p_TCGA_b84_115_SNP_N_GenomeWideSNP_6_G11_771644	11	89656239	89803644	9	0.6574
DUNGS_p_TCGA_b84_115_SNP_N_GenomeWideSNP_6_G11_771644	11	89807958	102018029	8959	0.0124
DUNGS_p_TCGA_b84_115_SNP_N_GenomeWideSNP_6_G11_771644	11	102018168	102018247	2	-1.2549
DUNGS_p_TCGA_b84_115_SNP_N_GenomeWideSNP_6_G11_771644	11	102019946	107230719	3553	0.0092
DUNGS_p_TCGA_b84_115_SNP_N_GenomeWideSNP_6_G11_771644	11	107238656	107239128	7	-0.9017
DUNGS_p_TCGA_b84_115_SNP_N_GenomeWideSNP_6_G11_771644	11	107252362	134944770	19976	0.0234
DUNGS_p_TCGA_b84_115_SNP_N_GenomeWideSNP_6_G11_771644	12	150442	8420824	5579	0.0961
DUNGS_p_TCGA_b84_115_SNP_N_GenomeWideSNP_6_G11_771644	12	8428435	8449217	7	0.9394
DUNGS_p_TCGA_b84_115_SNP_N_GenomeWideSNP_6_G11_771644	12	8453466	8983366	259	0.1543
DUNGS_p_TCGA_b84_115_SNP_N_GenomeWideSNP_6_G11_771644	12	8986379	9630556	365	0.5113
DUNGS_p_TCGA_b84_115_SNP_N_GenomeWideSNP_6_G11_771644	12	9633870	9715565	24	-1.2509
DUNGS_p_TCGA_b84_115_SNP_N_GenomeWideSNP_6_G11_771644	12	9728292	10019741	224	0.4928
DUNGS_p_TCGA_b84_115_SNP_N_GenomeWideSNP_6_G11_771644	12	10021514	11219423	821	0.0879
DUNGS_p_TCGA_b84_115_SNP_N_GenomeWideSNP_6_G11_771644	12	11220724	11251874	13	1.0064
DUNGS_p_TCGA_b84_115_SNP_N_GenomeWideSNP_6_G11_771644	12	11256829	11511577	132	0.1438
DUNGS_p_TCGA_b84_115_SNP_N_GenomeWideSNP_6_G11_771644	12	11511578	11552192	32	1.0077
DUNGS_p_TCGA_b84_115_SNP_N_GenomeWideSNP_6_G11_771644	12	11552602	22248802	7303	0.0869
DUNGS_p_TCGA_b84_115_SNP_N_GenomeWideSNP_6_G11_771644	12	22248818	22249227	9	0.7792
DUNGS_p_TCGA_b84_115_SNP_N_GenomeWideSNP_6_G11_771644	12	22252932	33294511	8121	0.0866
DUNGS_p_TCGA_b84_115_SNP_N_GenomeWideSNP_6_G11_771644	12	33294545	33306965	30	0.4652
DUNGS_p_TCGA_b84_115_SNP_N_GenomeWideSNP_6_G11_771644	12	33307078	38207042	896	0.0954
DUNGS_p_TCGA_b84_115_SNP_N_GenomeWideSNP_6_G11_771644	12	38219293	38219777	3	-1.3145
DUNGS_p_TCGA_b84_115_SNP_N_GenomeWideSNP_6_G11_771644	12	38268840	45899825	4734	-0.0812
DUNGS_p_TCGA_b84_115_SNP_N_GenomeWideSNP_6_G11_771644	12	45904438	45909537	4	-2.547
DUNGS_p_TCGA_b84_115_SNP_N_GenomeWideSNP_6_G11_771644	12	45913292	58125438	6842	0.0137
DUNGS_p_TCGA_b84_115_SNP_N_GenomeWideSNP_6_G11_771644	12	58133256	58730162	380	0.919
DUNGS_p_TCGA_b84_115_SNP_N_GenomeWideSNP_6_G11_771644	12	58730848	59221974	419	0.6352
DUNGS_p_TCGA_b84_115_SNP_N_GenomeWideSNP_6_G11_771644	12	59221980	59227535	24	0.3468
DUNGS_p_TCGA_b84_115_SNP_N_GenomeWideSNP_6_G11_771644	12	59227576	60303759	716	0.6688
DUNGS_p_TCGA_b84_115_SNP_N_GenomeWideSNP_6_G11_771644	12	60307397	61585293	708	-0.014
DUNGS_p_TCGA_b84_115_SNP_N_GenomeWideSNP_6_G11_771644	12	61585448	61587464	3	-0.9541
DUNGS_p_TCGA_b84_115_SNP_N_GenomeWideSNP_6_G11_771644	12	61587566	65671035	2490	0.0125
DUNGS_p_TCGA_b84_115_SNP_N_GenomeWideSNP_6_G11_771644	12	65677700	66684847	616	1.2653
DUNGS_p_TCGA_b84_115_SNP_N_GenomeWideSNP_6_G11_771644	12	66686235	67053129	255	0.8601
DUNGS_p_TCGA_b84_115_SNP_N_GenomeWideSNP_6_G11_771644	12	67053882	70327949	2413	1.1672
DUNGS_p_TCGA_b84_115_SNP_N_GenomeWideSNP_6_G11_771644	12	70329376	71814620	1008	0.7903
DUNGS_p_TCGA_b84_115_SNP_N_GenomeWideSNP_6_G11_771644	12	71816055	71817027	2	2.0611
DUNGS_p_TCGA_b84_115_SNP_N_GenomeWideSNP_6_G11_771644	12	71818895	72365321	348	0.7029
DUNGS_p_TCGA_b84_115_SNP_N_GenomeWideSNP_6_G11_771644	12	72365484	72366647	3	-0.5254
DUNGS_p_TCGA_b84_115_SNP_N_GenomeWideSNP_6_G11_771644	12	72367655	72529502	92	0.679
DUNGS_p_TCGA_b84_115_SNP_N_GenomeWideSNP_6_G11_771644	12	72533283	84163187	7356	0.0145
DUNGS_p_TCGA_b84_115_SNP_N_GenomeWideSNP_6_G11_771644	12	84163290	84165241	3	-1.4201
DUNGS_p_TCGA_b84_115_SNP_N_GenomeWideSNP_6_G11_771644	12	84165279	99795773	10105	-0.0824
DUNGS_p_TCGA_b84_115_SNP_N_GenomeWideSNP_6_G11_771644	12	99795851	99797089	15	0.5353
DUNGS_p_TCGA_b84_115_SNP_N_GenomeWideSNP_6_G11_771644	12	99797809	102340872	1595	-0.073
DUNGS_p_TCGA_b84_115_SNP_N_GenomeWideSNP_6_G11_771644	12	102341901	102342119	3	-1.2813
DUNGS_p_TCGA_b84_115_SNP_N_GenomeWideSNP_6_G11_771644	12	102342952	132120715	20616	-0.0759
DUNGS_p_TCGA_b84_115_SNP_N_GenomeWideSNP_6_G11_771644	12	132132584	132133226	8	-2.5916
DUNGS_p_TCGA_b84_115_SNP_N_GenomeWideSNP_6_G11_771644	12	132133269	132133335	5	-1.0858
DUNGS_p_TCGA_b84_115_SNP_N_GenomeWideSNP_6_G11_771644	12	132142331	133778189	572	-0.0806
DUNGS_p_TCGA_b84_115_SNP_N_GenomeWideSNP_6_G11_771644	13	19026949	19407911	101	0.1957
DUNGS_p_TCGA_b84_115_SNP_N_GenomeWideSNP_6_G11_771644	13	19408095	20121459	466	0.0119
DUNGS_p_TCGA_b84_115_SNP_N_GenomeWideSNP_6_G11_771644	13	20123895	20123910	2	-1.1796
DUNGS_p_TCGA_b84_115_SNP_N_GenomeWideSNP_6_G11_771644	13	20124501	20815766	338	0.0296
DUNGS_p_TCGA_b84_115_SNP_N_GenomeWideSNP_6_G11_771644	13	20820781	20827940	3	-0.9273
DUNGS_p_TCGA_b84_115_SNP_N_GenomeWideSNP_6_G11_771644	13	20832547	23629187	1989	-1e-04
DUNGS_p_TCGA_b84_115_SNP_N_GenomeWideSNP_6_G11_771644	13	23629210	23633131	8	-1.6666
DUNGS_p_TCGA_b84_115_SNP_N_GenomeWideSNP_6_G11_771644	13	23633148	23633515	5	-3.5046
DUNGS_p_TCGA_b84_115_SNP_N_GenomeWideSNP_6_G11_771644	13	23638195	25035607	1147	-0.0011
DUNGS_p_TCGA_b84_115_SNP_N_GenomeWideSNP_6_G11_771644	13	25039590	25039678	4	0.7718
DUNGS_p_TCGA_b84_115_SNP_N_GenomeWideSNP_6_G11_771644	13	25040031	30472965	4017	0.0093
DUNGS_p_TCGA_b84_115_SNP_N_GenomeWideSNP_6_G11_771644	13	30473674	30475559	2	-1.2894
DUNGS_p_TCGA_b84_115_SNP_N_GenomeWideSNP_6_G11_771644	13	30475850	34188263	2809	0.0085
DUNGS_p_TCGA_b84_115_SNP_N_GenomeWideSNP_6_G11_771644	13	34192789	34197304	5	-0.9173
DUNGS_p_TCGA_b84_115_SNP_N_GenomeWideSNP_6_G11_771644	13	34198437	53353041	12729	0.0041
DUNGS_p_TCGA_b84_115_SNP_N_GenomeWideSNP_6_G11_771644	13	53359853	53362983	4	-0.9035
DUNGS_p_TCGA_b84_115_SNP_N_GenomeWideSNP_6_G11_771644	13	53363783	58584790	2975	-0.005
DUNGS_p_TCGA_b84_115_SNP_N_GenomeWideSNP_6_G11_771644	13	58590281	58597030	6	-1.066
DUNGS_p_TCGA_b84_115_SNP_N_GenomeWideSNP_6_G11_771644	13	58602052	63101383	2761	0.0023
DUNGS_p_TCGA_b84_115_SNP_N_GenomeWideSNP_6_G11_771644	13	63107479	63107530	2	-0.89
DUNGS_p_TCGA_b84_115_SNP_N_GenomeWideSNP_6_G11_771644	13	63112634	63295417	71	0.0147
DUNGS_p_TCGA_b84_115_SNP_N_GenomeWideSNP_6_G11_771644	13	63295710	63296255	2	-0.9676
DUNGS_p_TCGA_b84_115_SNP_N_GenomeWideSNP_6_G11_771644	13	63296881	64224205	547	0.0092
DUNGS_p_TCGA_b84_115_SNP_N_GenomeWideSNP_6_G11_771644	13	64224792	64236692	9	-0.8104
DUNGS_p_TCGA_b84_115_SNP_N_GenomeWideSNP_6_G11_771644	13	64239563	64979245	428	-0.0309
DUNGS_p_TCGA_b84_115_SNP_N_GenomeWideSNP_6_G11_771644	13	64980032	64980805	4	-0.8015
DUNGS_p_TCGA_b84_115_SNP_N_GenomeWideSNP_6_G11_771644	13	64981899	72476988	4762	-0.0049
DUNGS_p_TCGA_b84_115_SNP_N_GenomeWideSNP_6_G11_771644	13	72477555	72480556	4	-2.601
DUNGS_p_TCGA_b84_115_SNP_N_GenomeWideSNP_6_G11_771644	13	72480605	115108397	29177	0.0085
DUNGS_p_TCGA_b84_115_SNP_N_GenomeWideSNP_6_G11_771644	14	19002124	19607007	45	0.1648
DUNGS_p_TCGA_b84_115_SNP_N_GenomeWideSNP_6_G11_771644	14	19620051	19852833	21	-0.2656
DUNGS_p_TCGA_b84_115_SNP_N_GenomeWideSNP_6_G11_771644	14	19877072	20137346	13	0.1284
DUNGS_p_TCGA_b84_115_SNP_N_GenomeWideSNP_6_G11_771644	14	20143509	20423372	111	-0.3996
DUNGS_p_TCGA_b84_115_SNP_N_GenomeWideSNP_6_G11_771644	14	20424926	22394783	1372	-0.0514
DUNGS_p_TCGA_b84_115_SNP_N_GenomeWideSNP_6_G11_771644	14	22396222	22396471	4	0.735
DUNGS_p_TCGA_b84_115_SNP_N_GenomeWideSNP_6_G11_771644	14	22396619	22421677	25	-0.1163
DUNGS_p_TCGA_b84_115_SNP_N_GenomeWideSNP_6_G11_771644	14	22422976	22959937	447	-0.3444
DUNGS_p_TCGA_b84_115_SNP_N_GenomeWideSNP_6_G11_771644	14	22959974	24431149	891	0.013
DUNGS_p_TCGA_b84_115_SNP_N_GenomeWideSNP_6_G11_771644	14	24444829	24484459	25	-0.6372
DUNGS_p_TCGA_b84_115_SNP_N_GenomeWideSNP_6_G11_771644	14	24488143	41608358	10894	0.0346
DUNGS_p_TCGA_b84_115_SNP_N_GenomeWideSNP_6_G11_771644	14	41610496	41653977	13	-0.6531
DUNGS_p_TCGA_b84_115_SNP_N_GenomeWideSNP_6_G11_771644	14	41657249	62226177	13002	0.0388
DUNGS_p_TCGA_b84_115_SNP_N_GenomeWideSNP_6_G11_771644	14	62231214	62231342	2	-1.1576
DUNGS_p_TCGA_b84_115_SNP_N_GenomeWideSNP_6_G11_771644	14	62231742	70012584	4855	-0.0606
DUNGS_p_TCGA_b84_115_SNP_N_GenomeWideSNP_6_G11_771644	14	70012602	70036986	25	0.2381
DUNGS_p_TCGA_b84_115_SNP_N_GenomeWideSNP_6_G11_771644	14	70041487	74001123	2623	-0.0574
DUNGS_p_TCGA_b84_115_SNP_N_GenomeWideSNP_6_G11_771644	14	74006707	74020979	8	-1.441
DUNGS_p_TCGA_b84_115_SNP_N_GenomeWideSNP_6_G11_771644	14	74029900	86451911	8284	-0.052
DUNGS_p_TCGA_b84_115_SNP_N_GenomeWideSNP_6_G11_771644	14	86460626	86488441	38	-1.3631
DUNGS_p_TCGA_b84_115_SNP_N_GenomeWideSNP_6_G11_771644	14	86490211	88403376	1219	-0.067
DUNGS_p_TCGA_b84_115_SNP_N_GenomeWideSNP_6_G11_771644	14	88403394	88403774	5	-0.7564
DUNGS_p_TCGA_b84_115_SNP_N_GenomeWideSNP_6_G11_771644	14	88403885	106099335	11150	-0.0525
DUNGS_p_TCGA_b84_115_SNP_N_GenomeWideSNP_6_G11_771644	14	106103033	106125398	5	0.7756
DUNGS_p_TCGA_b84_115_SNP_N_GenomeWideSNP_6_G11_771644	14	106154868	106251161	21	0.0733
DUNGS_p_TCGA_b84_115_SNP_N_GenomeWideSNP_6_G11_771644	14	106253022	106706137	191	-0.1971
DUNGS_p_TCGA_b84_115_SNP_N_GenomeWideSNP_6_G11_771644	14	106709597	106753867	26	-0.5637
DUNGS_p_TCGA_b84_115_SNP_N_GenomeWideSNP_6_G11_771644	14	106754003	106783044	15	-0.1096
DUNGS_p_TCGA_b84_115_SNP_N_GenomeWideSNP_6_G11_771644	14	106796025	106802053	7	-0.934
DUNGS_p_TCGA_b84_115_SNP_N_GenomeWideSNP_6_G11_771644	14	106815943	106874361	33	-0.126
DUNGS_p_TCGA_b84_115_SNP_N_GenomeWideSNP_6_G11_771644	14	106879831	106918108	51	-0.7499
DUNGS_p_TCGA_b84_115_SNP_N_GenomeWideSNP_6_G11_771644	14	106918649	106934548	7	0.4851
DUNGS_p_TCGA_b84_115_SNP_N_GenomeWideSNP_6_G11_771644	14	106939788	107285437	217	-0.1104
DUNGS_p_TCGA_b84_115_SNP_N_GenomeWideSNP_6_G11_771644	15	20016328	20152728	29	0.3603
DUNGS_p_TCGA_b84_115_SNP_N_GenomeWideSNP_6_G11_771644	15	20155638	24687016	1411	0.0377
DUNGS_p_TCGA_b84_115_SNP_N_GenomeWideSNP_6_G11_771644	15	24687090	24714457	21	0.3996
DUNGS_p_TCGA_b84_115_SNP_N_GenomeWideSNP_6_G11_771644	15	24714790	24818497	50	-0.0251
DUNGS_p_TCGA_b84_115_SNP_N_GenomeWideSNP_6_G11_771644	15	24818499	24829541	10	-0.5622
DUNGS_p_TCGA_b84_115_SNP_N_GenomeWideSNP_6_G11_771644	15	24830578	26560192	1285	-0.0413
DUNGS_p_TCGA_b84_115_SNP_N_GenomeWideSNP_6_G11_771644	15	26562152	26563156	2	-3.7217
DUNGS_p_TCGA_b84_115_SNP_N_GenomeWideSNP_6_G11_771644	15	26563588	28534408	1419	-0.0443
DUNGS_p_TCGA_b84_115_SNP_N_GenomeWideSNP_6_G11_771644	15	28539988	29012198	63	0.2295
DUNGS_p_TCGA_b84_115_SNP_N_GenomeWideSNP_6_G11_771644	15	29013164	30369914	812	-0.0335
DUNGS_p_TCGA_b84_115_SNP_N_GenomeWideSNP_6_G11_771644	15	30370031	30544923	39	0.3199
DUNGS_p_TCGA_b84_115_SNP_N_GenomeWideSNP_6_G11_771644	15	30545030	32471487	1127	-0.031
DUNGS_p_TCGA_b84_115_SNP_N_GenomeWideSNP_6_G11_771644	15	32471506	32914252	72	0.2518
DUNGS_p_TCGA_b84_115_SNP_N_GenomeWideSNP_6_G11_771644	15	32915605	34671124	1475	-0.0337
DUNGS_p_TCGA_b84_115_SNP_N_GenomeWideSNP_6_G11_771644	15	34671312	34858010	82	0.2051
DUNGS_p_TCGA_b84_115_SNP_N_GenomeWideSNP_6_G11_771644	15	34862259	68740879	21874	-0.0365
DUNGS_p_TCGA_b84_115_SNP_N_GenomeWideSNP_6_G11_771644	15	68755082	68756701	6	-1.6954
DUNGS_p_TCGA_b84_115_SNP_N_GenomeWideSNP_6_G11_771644	15	68757515	82670169	8287	-0.024
DUNGS_p_TCGA_b84_115_SNP_N_GenomeWideSNP_6_G11_771644	15	82680099	83198315	21	0.3133
DUNGS_p_TCGA_b84_115_SNP_N_GenomeWideSNP_6_G11_771644	15	83198331	84828351	947	-0.0266
DUNGS_p_TCGA_b84_115_SNP_N_GenomeWideSNP_6_G11_771644	15	84861346	85090479	30	0.3012
DUNGS_p_TCGA_b84_115_SNP_N_GenomeWideSNP_6_G11_771644	15	85091287	92765755	5596	-0.0279
DUNGS_p_TCGA_b84_115_SNP_N_GenomeWideSNP_6_G11_771644	15	92765874	92766294	3	1.1431
DUNGS_p_TCGA_b84_115_SNP_N_GenomeWideSNP_6_G11_771644	15	92766758	92766929	7	0.2667
DUNGS_p_TCGA_b84_115_SNP_N_GenomeWideSNP_6_G11_771644	15	92766970	102405136	7429	-0.0352
DUNGS_p_TCGA_b84_115_SNP_N_GenomeWideSNP_6_G11_771644	15	102420602	102469040	12	0.4246
DUNGS_p_TCGA_b84_115_SNP_N_GenomeWideSNP_6_G11_771644	16	60777	6911441	4243	0.0134
DUNGS_p_TCGA_b84_115_SNP_N_GenomeWideSNP_6_G11_771644	16	6914358	6916451	2	-1.1362
DUNGS_p_TCGA_b84_115_SNP_N_GenomeWideSNP_6_G11_771644	16	6925781	11390728	4294	0.0146
DUNGS_p_TCGA_b84_115_SNP_N_GenomeWideSNP_6_G11_771644	16	11391190	11393887	3	-0.9335
DUNGS_p_TCGA_b84_115_SNP_N_GenomeWideSNP_6_G11_771644	16	11394114	14906858	2592	0.0245
DUNGS_p_TCGA_b84_115_SNP_N_GenomeWideSNP_6_G11_771644	16	14929751	15125441	76	0.3416
DUNGS_p_TCGA_b84_115_SNP_N_GenomeWideSNP_6_G11_771644	16	15126890	19945650	2332	0.0317
DUNGS_p_TCGA_b84_115_SNP_N_GenomeWideSNP_6_G11_771644	16	19945808	19947233	6	0.7059
DUNGS_p_TCGA_b84_115_SNP_N_GenomeWideSNP_6_G11_771644	16	19949329	20478436	410	0.016
DUNGS_p_TCGA_b84_115_SNP_N_GenomeWideSNP_6_G11_771644	16	20478598	20484788	8	0.5719
DUNGS_p_TCGA_b84_115_SNP_N_GenomeWideSNP_6_G11_771644	16	20487799	21770746	637	0.0203
DUNGS_p_TCGA_b84_115_SNP_N_GenomeWideSNP_6_G11_771644	16	21775106	22040138	60	0.2211
DUNGS_p_TCGA_b84_115_SNP_N_GenomeWideSNP_6_G11_771644	16	22042334	22588050	212	0.0528
DUNGS_p_TCGA_b84_115_SNP_N_GenomeWideSNP_6_G11_771644	16	22590878	22615804	5	-1.0731
DUNGS_p_TCGA_b84_115_SNP_N_GenomeWideSNP_6_G11_771644	16	22625584	22703751	56	-0.2263
DUNGS_p_TCGA_b84_115_SNP_N_GenomeWideSNP_6_G11_771644	16	22703862	29358351	4265	0.0218
DUNGS_p_TCGA_b84_115_SNP_N_GenomeWideSNP_6_G11_771644	16	29358364	29653752	36	0.313
DUNGS_p_TCGA_b84_115_SNP_N_GenomeWideSNP_6_G11_771644	16	29654602	31960151	834	0.029
DUNGS_p_TCGA_b84_115_SNP_N_GenomeWideSNP_6_G11_771644	16	31965616	32588622	110	0.4195
DUNGS_p_TCGA_b84_115_SNP_N_GenomeWideSNP_6_G11_771644	16	32588901	32588909	5	1.3982
DUNGS_p_TCGA_b84_115_SNP_N_GenomeWideSNP_6_G11_771644	16	32609274	33922639	207	0.4216
DUNGS_p_TCGA_b84_115_SNP_N_GenomeWideSNP_6_G11_771644	16	33926303	55805408	6963	0.0092
DUNGS_p_TCGA_b84_115_SNP_N_GenomeWideSNP_6_G11_771644	16	55805555	55821969	11	0.5124
DUNGS_p_TCGA_b84_115_SNP_N_GenomeWideSNP_6_G11_771644	16	55822397	70136868	8772	0.0023
DUNGS_p_TCGA_b84_115_SNP_N_GenomeWideSNP_6_G11_771644	16	70139542	70198396	17	-0.3805
DUNGS_p_TCGA_b84_115_SNP_N_GenomeWideSNP_6_G11_771644	16	70211444	70246333	5	0.7034
DUNGS_p_TCGA_b84_115_SNP_N_GenomeWideSNP_6_G11_771644	16	70246339	74359878	2419	0.009
DUNGS_p_TCGA_b84_115_SNP_N_GenomeWideSNP_6_G11_771644	16	74364023	74452036	14	-0.6539
DUNGS_p_TCGA_b84_115_SNP_N_GenomeWideSNP_6_G11_771644	16	74456601	78371608	3214	0.0056
DUNGS_p_TCGA_b84_115_SNP_N_GenomeWideSNP_6_G11_771644	16	78372440	78384738	16	1.1395
DUNGS_p_TCGA_b84_115_SNP_N_GenomeWideSNP_6_G11_771644	16	78384765	90287535	10654	0.0063
DUNGS_p_TCGA_b84_115_SNP_N_GenomeWideSNP_6_G11_771644	17	526	15022096	9702	0.0268
DUNGS_p_TCGA_b84_115_SNP_N_GenomeWideSNP_6_G11_771644	17	15022365	15060138	47	0.2674
DUNGS_p_TCGA_b84_115_SNP_N_GenomeWideSNP_6_G11_771644	17	15060173	18355392	1704	0.0246
DUNGS_p_TCGA_b84_115_SNP_N_GenomeWideSNP_6_G11_771644	17	18358946	18464586	27	0.6666
DUNGS_p_TCGA_b84_115_SNP_N_GenomeWideSNP_6_G11_771644	17	18465221	19502258	383	0.0398
DUNGS_p_TCGA_b84_115_SNP_N_GenomeWideSNP_6_G11_771644	17	19502552	19538447	24	-0.9414
DUNGS_p_TCGA_b84_115_SNP_N_GenomeWideSNP_6_G11_771644	17	19538758	32123986	4827	0.0369
DUNGS_p_TCGA_b84_115_SNP_N_GenomeWideSNP_6_G11_771644	17	32124402	32129991	3	-0.8255
DUNGS_p_TCGA_b84_115_SNP_N_GenomeWideSNP_6_G11_771644	17	32130509	32724168	549	0.0098
DUNGS_p_TCGA_b84_115_SNP_N_GenomeWideSNP_6_G11_771644	17	32724341	32725186	2	-1.4663
DUNGS_p_TCGA_b84_115_SNP_N_GenomeWideSNP_6_G11_771644	17	32728333	34436708	1138	0.0203
DUNGS_p_TCGA_b84_115_SNP_N_GenomeWideSNP_6_G11_771644	17	34437128	34586294	41	0.9341
DUNGS_p_TCGA_b84_115_SNP_N_GenomeWideSNP_6_G11_771644	17	34629696	44162597	5077	0.0375
DUNGS_p_TCGA_b84_115_SNP_N_GenomeWideSNP_6_G11_771644	17	44163098	44752300	174	0.4167
DUNGS_p_TCGA_b84_115_SNP_N_GenomeWideSNP_6_G11_771644	17	44764994	81049726	21638	0.0328
DUNGS_p_TCGA_b84_115_SNP_N_GenomeWideSNP_6_G11_771644	18	11543	58202	3	1.1281
DUNGS_p_TCGA_b84_115_SNP_N_GenomeWideSNP_6_G11_771644	18	78315	3863942	2722	0.0136
DUNGS_p_TCGA_b84_115_SNP_N_GenomeWideSNP_6_G11_771644	18	3866748	3867271	3	-0.8561
DUNGS_p_TCGA_b84_115_SNP_N_GenomeWideSNP_6_G11_771644	18	3867290	6525695	1917	0.0099
DUNGS_p_TCGA_b84_115_SNP_N_GenomeWideSNP_6_G11_771644	18	6525966	6559406	25	-0.278
DUNGS_p_TCGA_b84_115_SNP_N_GenomeWideSNP_6_G11_771644	18	6561798	12224734	4249	0.0119
DUNGS_p_TCGA_b84_115_SNP_N_GenomeWideSNP_6_G11_771644	18	12226368	12228772	2	-1.3886
DUNGS_p_TCGA_b84_115_SNP_N_GenomeWideSNP_6_G11_771644	18	12238863	14183414	1176	0.0272
DUNGS_p_TCGA_b84_115_SNP_N_GenomeWideSNP_6_G11_771644	18	14185310	14351375	41	0.2728
DUNGS_p_TCGA_b84_115_SNP_N_GenomeWideSNP_6_G11_771644	18	14351752	15099162	261	0.0124
DUNGS_p_TCGA_b84_115_SNP_N_GenomeWideSNP_6_G11_771644	18	15102421	15402408	63	0.258
DUNGS_p_TCGA_b84_115_SNP_N_GenomeWideSNP_6_G11_771644	18	18529353	27812385	5618	0.0069
DUNGS_p_TCGA_b84_115_SNP_N_GenomeWideSNP_6_G11_771644	18	27814548	27815968	4	-1.2542
DUNGS_p_TCGA_b84_115_SNP_N_GenomeWideSNP_6_G11_771644	18	27818614	38258705	6779	0.0046
DUNGS_p_TCGA_b84_115_SNP_N_GenomeWideSNP_6_G11_771644	18	38258727	38265389	20	0.3796
DUNGS_p_TCGA_b84_115_SNP_N_GenomeWideSNP_6_G11_771644	18	38268024	48350339	6893	0.0135
DUNGS_p_TCGA_b84_115_SNP_N_GenomeWideSNP_6_G11_771644	18	48351670	48351954	2	-1.166
DUNGS_p_TCGA_b84_115_SNP_N_GenomeWideSNP_6_G11_771644	18	48353544	63727545	10634	0.0109
DUNGS_p_TCGA_b84_115_SNP_N_GenomeWideSNP_6_G11_771644	18	63727599	63728340	10	0.5285
DUNGS_p_TCGA_b84_115_SNP_N_GenomeWideSNP_6_G11_771644	18	63732738	66169629	1810	-0.0011
DUNGS_p_TCGA_b84_115_SNP_N_GenomeWideSNP_6_G11_771644	18	66169661	66185840	10	-0.4892
DUNGS_p_TCGA_b84_115_SNP_N_GenomeWideSNP_6_G11_771644	18	66188415	66277427	72	-0.003
DUNGS_p_TCGA_b84_115_SNP_N_GenomeWideSNP_6_G11_771644	18	66277526	66288647	8	-0.5407
DUNGS_p_TCGA_b84_115_SNP_N_GenomeWideSNP_6_G11_771644	18	66289874	67207227	720	0.0078
DUNGS_p_TCGA_b84_115_SNP_N_GenomeWideSNP_6_G11_771644	18	67207852	67217827	10	-0.6942
DUNGS_p_TCGA_b84_115_SNP_N_GenomeWideSNP_6_G11_771644	18	67220031	77403088	7497	-0.0038
DUNGS_p_TCGA_b84_115_SNP_N_GenomeWideSNP_6_G11_771644	18	77405731	77406203	3	-1.2275
DUNGS_p_TCGA_b84_115_SNP_N_GenomeWideSNP_6_G11_771644	18	77410607	78015057	314	0.0057
DUNGS_p_TCGA_b84_115_SNP_N_GenomeWideSNP_6_G11_771644	19	90910	5506659	1600	-0.0286
DUNGS_p_TCGA_b84_115_SNP_N_GenomeWideSNP_6_G11_771644	19	5510239	5510653	3	1.0185
DUNGS_p_TCGA_b84_115_SNP_N_GenomeWideSNP_6_G11_771644	19	5510700	6981885	726	-0.0048
DUNGS_p_TCGA_b84_115_SNP_N_GenomeWideSNP_6_G11_771644	19	6982336	6987798	3	0.8619
DUNGS_p_TCGA_b84_115_SNP_N_GenomeWideSNP_6_G11_771644	19	6988270	11163689	1962	-0.0146
DUNGS_p_TCGA_b84_115_SNP_N_GenomeWideSNP_6_G11_771644	19	11168662	11169052	2	-1.185
DUNGS_p_TCGA_b84_115_SNP_N_GenomeWideSNP_6_G11_771644	19	11177408	24460818	6950	-0.0033
DUNGS_p_TCGA_b84_115_SNP_N_GenomeWideSNP_6_G11_771644	19	24461420	24464957	9	-0.7202
DUNGS_p_TCGA_b84_115_SNP_N_GenomeWideSNP_6_G11_771644	19	24487682	33860036	4221	0.0586
DUNGS_p_TCGA_b84_115_SNP_N_GenomeWideSNP_6_G11_771644	19	33860858	34432230	418	0.3383
DUNGS_p_TCGA_b84_115_SNP_N_GenomeWideSNP_6_G11_771644	19	34432677	35658728	770	0.08
DUNGS_p_TCGA_b84_115_SNP_N_GenomeWideSNP_6_G11_771644	19	35663774	35664043	6	-0.8072
DUNGS_p_TCGA_b84_115_SNP_N_GenomeWideSNP_6_G11_771644	19	35666047	41350996	2986	0.0657
DUNGS_p_TCGA_b84_115_SNP_N_GenomeWideSNP_6_G11_771644	19	41352383	41369405	22	0.4218
DUNGS_p_TCGA_b84_115_SNP_N_GenomeWideSNP_6_G11_771644	19	41370747	51328093	4740	0.0205
DUNGS_p_TCGA_b84_115_SNP_N_GenomeWideSNP_6_G11_771644	19	51332267	51333238	6	-1.0378
DUNGS_p_TCGA_b84_115_SNP_N_GenomeWideSNP_6_G11_771644	19	51339207	53517082	1512	0.0113
DUNGS_p_TCGA_b84_115_SNP_N_GenomeWideSNP_6_G11_771644	19	53518514	53546855	21	0.6311
DUNGS_p_TCGA_b84_115_SNP_N_GenomeWideSNP_6_G11_771644	19	53547361	56273057	1563	0.0572
DUNGS_p_TCGA_b84_115_SNP_N_GenomeWideSNP_6_G11_771644	19	56278050	56286293	7	0.6117
DUNGS_p_TCGA_b84_115_SNP_N_GenomeWideSNP_6_G11_771644	19	56288941	59097854	1849	-3e-04
DUNGS_p_TCGA_b84_115_SNP_N_GenomeWideSNP_6_G11_771644	20	61305	61307	3	-0.4922
DUNGS_p_TCGA_b84_115_SNP_N_GenomeWideSNP_6_G11_771644	20	61308	1560951	1203	0.0025
DUNGS_p_TCGA_b84_115_SNP_N_GenomeWideSNP_6_G11_771644	20	1560999	1582207	37	-0.3301
DUNGS_p_TCGA_b84_115_SNP_N_GenomeWideSNP_6_G11_771644	20	1590257	1593893	5	-1.3752
DUNGS_p_TCGA_b84_115_SNP_N_GenomeWideSNP_6_G11_771644	20	1597946	29436802	18833	-0.0155
DUNGS_p_TCGA_b84_115_SNP_N_GenomeWideSNP_6_G11_771644	20	29441595	29448955	3	-1.1905
DUNGS_p_TCGA_b84_115_SNP_N_GenomeWideSNP_6_G11_771644	20	29454342	29529915	19	-0.2085
DUNGS_p_TCGA_b84_115_SNP_N_GenomeWideSNP_6_G11_771644	20	29533682	29598863	22	0.108
DUNGS_p_TCGA_b84_115_SNP_N_GenomeWideSNP_6_G11_771644	20	29601779	29835049	16	0.3894
DUNGS_p_TCGA_b84_115_SNP_N_GenomeWideSNP_6_G11_771644	20	29835471	40643685	6181	0.0389
DUNGS_p_TCGA_b84_115_SNP_N_GenomeWideSNP_6_G11_771644	20	40644725	40644798	2	-1.1479
DUNGS_p_TCGA_b84_115_SNP_N_GenomeWideSNP_6_G11_771644	20	40645690	45772091	3834	0.0437
DUNGS_p_TCGA_b84_115_SNP_N_GenomeWideSNP_6_G11_771644	20	45773278	45773420	2	-1.408
DUNGS_p_TCGA_b84_115_SNP_N_GenomeWideSNP_6_G11_771644	20	45776797	52644868	4870	0.0318
DUNGS_p_TCGA_b84_115_SNP_N_GenomeWideSNP_6_G11_771644	20	52647808	52653236	22	-0.4762
DUNGS_p_TCGA_b84_115_SNP_N_GenomeWideSNP_6_G11_771644	20	52653829	52657717	10	-0.9989
DUNGS_p_TCGA_b84_115_SNP_N_GenomeWideSNP_6_G11_771644	20	52658073	52658651	6	-0.1701
DUNGS_p_TCGA_b84_115_SNP_N_GenomeWideSNP_6_G11_771644	20	52662574	56669386	3318	0.0315
DUNGS_p_TCGA_b84_115_SNP_N_GenomeWideSNP_6_G11_771644	20	56669979	56674049	6	-0.5171
DUNGS_p_TCGA_b84_115_SNP_N_GenomeWideSNP_6_G11_771644	20	56675750	62916068	4137	0.0201
DUNGS_p_TCGA_b84_115_SNP_N_GenomeWideSNP_6_G11_771644	20	62954695	62956153	5	-0.916
DUNGS_p_TCGA_b84_115_SNP_N_GenomeWideSNP_6_G11_771644	21	10736871	10953424	36	-0.2433
DUNGS_p_TCGA_b84_115_SNP_N_GenomeWideSNP_6_G11_771644	21	10954126	23651134	6439	0.0055
DUNGS_p_TCGA_b84_115_SNP_N_GenomeWideSNP_6_G11_771644	21	23655900	23664658	9	-1.1815
DUNGS_p_TCGA_b84_115_SNP_N_GenomeWideSNP_6_G11_771644	21	23666999	44968053	16181	0.0114
DUNGS_p_TCGA_b84_115_SNP_N_GenomeWideSNP_6_G11_771644	21	44970873	44972812	2	1.1019
DUNGS_p_TCGA_b84_115_SNP_N_GenomeWideSNP_6_G11_771644	21	44973667	48096957	1766	0.0357
DUNGS_p_TCGA_b84_115_SNP_N_GenomeWideSNP_6_G11_771644	22	16052528	18624771	1191	0.0401
DUNGS_p_TCGA_b84_115_SNP_N_GenomeWideSNP_6_G11_771644	22	18626129	18629153	8	-5.9629
DUNGS_p_TCGA_b84_115_SNP_N_GenomeWideSNP_6_G11_771644	22	18630060	24271745	3393	0.0371
DUNGS_p_TCGA_b84_115_SNP_N_GenomeWideSNP_6_G11_771644	22	24283016	24332933	30	0.6164
DUNGS_p_TCGA_b84_115_SNP_N_GenomeWideSNP_6_G11_771644	22	24337307	24344422	3	-0.2356
DUNGS_p_TCGA_b84_115_SNP_N_GenomeWideSNP_6_G11_771644	22	24350529	24394015	18	-1.869
DUNGS_p_TCGA_b84_115_SNP_N_GenomeWideSNP_6_G11_771644	22	24396814	25712296	848	0.0333
DUNGS_p_TCGA_b84_115_SNP_N_GenomeWideSNP_6_G11_771644	22	25718430	25718830	3	0.6669
DUNGS_p_TCGA_b84_115_SNP_N_GenomeWideSNP_6_G11_771644	22	25718899	25736672	26	0.2025
DUNGS_p_TCGA_b84_115_SNP_N_GenomeWideSNP_6_G11_771644	22	25736674	25736678	5	0.7707
DUNGS_p_TCGA_b84_115_SNP_N_GenomeWideSNP_6_G11_771644	22	25745901	25826486	104	0.0682
DUNGS_p_TCGA_b84_115_SNP_N_GenomeWideSNP_6_G11_771644	22	25835198	25846998	15	0.3878
DUNGS_p_TCGA_b84_115_SNP_N_GenomeWideSNP_6_G11_771644	22	25849902	39290920	9839	0.0216
DUNGS_p_TCGA_b84_115_SNP_N_GenomeWideSNP_6_G11_771644	22	39295255	39296904	3	-3.7583
DUNGS_p_TCGA_b84_115_SNP_N_GenomeWideSNP_6_G11_771644	22	39299114	48694866	6345	-0.0155
DUNGS_p_TCGA_b84_115_SNP_N_GenomeWideSNP_6_G11_771644	22	48696659	48696697	2	-1.1963
DUNGS_p_TCGA_b84_115_SNP_N_GenomeWideSNP_6_G11_771644	22	48697257	49825403	1069	-0.0428
DUNGS_p_TCGA_b84_115_SNP_N_GenomeWideSNP_6_G11_771644	22	49825918	49827532	3	-1.259
DUNGS_p_TCGA_b84_115_SNP_N_GenomeWideSNP_6_G11_771644	22	49827660	51234455	678	-0.0057
DUNGS_p_TCGA_b84_115_SNP_N_GenomeWideSNP_6_G11_771644	X	168477	32983945	20612	0.0092
DUNGS_p_TCGA_b84_115_SNP_N_GenomeWideSNP_6_G11_771644	X	32987454	32988258	3	-1.4312
DUNGS_p_TCGA_b84_115_SNP_N_GenomeWideSNP_6_G11_771644	X	32990039	106222718	35313	0.0193
DUNGS_p_TCGA_b84_115_SNP_N_GenomeWideSNP_6_G11_771644	X	106222998	106228540	5	-0.8211
DUNGS_p_TCGA_b84_115_SNP_N_GenomeWideSNP_6_G11_771644	X	106233538	150292898	26294	0.0144
DUNGS_p_TCGA_b84_115_SNP_N_GenomeWideSNP_6_G11_771644	X	150293934	150295459	2	1.1876
DUNGS_p_TCGA_b84_115_SNP_N_GenomeWideSNP_6_G11_771644	X	150296555	150465929	133	0.0323
DUNGS_p_TCGA_b84_115_SNP_N_GenomeWideSNP_6_G11_771644	X	150466325	150467271	2	-1.1897
DUNGS_p_TCGA_b84_115_SNP_N_GenomeWideSNP_6_G11_771644	X	150468141	155182354	2298	0.0213
DUNGS_p_TCGA_b84_115_SNP_N_GenomeWideSNP_6_G11_771644	Y	2650438	2883369	115	-2.9106
DUNGS_p_TCGA_b84_115_SNP_N_GenomeWideSNP_6_G11_771644	Y	2887448	2894833	7	-4.5637
DUNGS_p_TCGA_b84_115_SNP_N_GenomeWideSNP_6_G11_771644	Y	2895266	2912181	11	-3.2193
DUNGS_p_TCGA_b84_115_SNP_N_GenomeWideSNP_6_G11_771644	Y	2915500	6101425	739	-2.2889
DUNGS_p_TCGA_b84_115_SNP_N_GenomeWideSNP_6_G11_771644	Y	6107901	6138474	14	-4.2811
DUNGS_p_TCGA_b84_115_SNP_N_GenomeWideSNP_6_G11_771644	Y	6138517	6152058	10	-2.776
DUNGS_p_TCGA_b84_115_SNP_N_GenomeWideSNP_6_G11_771644	Y	6152236	6190150	19	-4.4238
DUNGS_p_TCGA_b84_115_SNP_N_GenomeWideSNP_6_G11_771644	Y	6195294	6197798	5	-1.9318
DUNGS_p_TCGA_b84_115_SNP_N_GenomeWideSNP_6_G11_771644	Y	6211209	6296423	37	-4.13
DUNGS_p_TCGA_b84_115_SNP_N_GenomeWideSNP_6_G11_771644	Y	6299046	6532106	75	-2.7973
DUNGS_p_TCGA_b84_115_SNP_N_GenomeWideSNP_6_G11_771644	Y	6537454	6583358	10	-1.462
DUNGS_p_TCGA_b84_115_SNP_N_GenomeWideSNP_6_G11_771644	Y	6588027	6992648	199	-2.8864
DUNGS_p_TCGA_b84_115_SNP_N_GenomeWideSNP_6_G11_771644	Y	6994405	6995523	2	-6.8584
DUNGS_p_TCGA_b84_115_SNP_N_GenomeWideSNP_6_G11_771644	Y	6996131	7288509	134	-2.9319
DUNGS_p_TCGA_b84_115_SNP_N_GenomeWideSNP_6_G11_771644	Y	7289142	7309982	8	-1.5951
DUNGS_p_TCGA_b84_115_SNP_N_GenomeWideSNP_6_G11_771644	Y	7311786	7399842	40	-2.8316
DUNGS_p_TCGA_b84_115_SNP_N_GenomeWideSNP_6_G11_771644	Y	7400746	7518866	58	-3.5264
DUNGS_p_TCGA_b84_115_SNP_N_GenomeWideSNP_6_G11_771644	Y	7519201	7638901	72	-2.9399
DUNGS_p_TCGA_b84_115_SNP_N_GenomeWideSNP_6_G11_771644	Y	7642376	7643394	4	-6.4862
DUNGS_p_TCGA_b84_115_SNP_N_GenomeWideSNP_6_G11_771644	Y	7646694	9163699	885	-3.171
DUNGS_p_TCGA_b84_115_SNP_N_GenomeWideSNP_6_G11_771644	Y	9164332	9391884	29	-4.4967
DUNGS_p_TCGA_b84_115_SNP_N_GenomeWideSNP_6_G11_771644	Y	9392195	9822994	172	-3.4275
DUNGS_p_TCGA_b84_115_SNP_N_GenomeWideSNP_6_G11_771644	Y	9823373	14664124	515	-2.7948
DUNGS_p_TCGA_b84_115_SNP_N_GenomeWideSNP_6_G11_771644	Y	14664631	14665856	3	-6.2586
DUNGS_p_TCGA_b84_115_SNP_N_GenomeWideSNP_6_G11_771644	Y	14679674	14792998	55	-2.8364
DUNGS_p_TCGA_b84_115_SNP_N_GenomeWideSNP_6_G11_771644	Y	14793524	14806006	8	-5.1247
DUNGS_p_TCGA_b84_115_SNP_N_GenomeWideSNP_6_G11_771644	Y	14809887	15590276	353	-3.0379
DUNGS_p_TCGA_b84_115_SNP_N_GenomeWideSNP_6_G11_771644	Y	15590342	15594523	3	-6.8575
DUNGS_p_TCGA_b84_115_SNP_N_GenomeWideSNP_6_G11_771644	Y	15594889	17390098	909	-3.025
DUNGS_p_TCGA_b84_115_SNP_N_GenomeWideSNP_6_G11_771644	Y	17394111	17396024	2	-6.7472
DUNGS_p_TCGA_b84_115_SNP_N_GenomeWideSNP_6_G11_771644	Y	17396459	18062494	421	-2.934
DUNGS_p_TCGA_b84_115_SNP_N_GenomeWideSNP_6_G11_771644	Y	18066156	18066525	2	-6.4706
DUNGS_p_TCGA_b84_115_SNP_N_GenomeWideSNP_6_G11_771644	Y	18069039	18271243	101	-2.9971
DUNGS_p_TCGA_b84_115_SNP_N_GenomeWideSNP_6_G11_771644	Y	18274055	18529489	97	-3.6824
DUNGS_p_TCGA_b84_115_SNP_N_GenomeWideSNP_6_G11_771644	Y	18533335	19168137	350	-2.9925
DUNGS_p_TCGA_b84_115_SNP_N_GenomeWideSNP_6_G11_771644	Y	19168670	19179540	5	-6.2355
DUNGS_p_TCGA_b84_115_SNP_N_GenomeWideSNP_6_G11_771644	Y	19182271	19570632	194	-3.0802
DUNGS_p_TCGA_b84_115_SNP_N_GenomeWideSNP_6_G11_771644	Y	19571480	19954897	178	-3.5361
DUNGS_p_TCGA_b84_115_SNP_N_GenomeWideSNP_6_G11_771644	Y	19956020	19962827	11	-5.2458
DUNGS_p_TCGA_b84_115_SNP_N_GenomeWideSNP_6_G11_771644	Y	19963522	20561858	236	-3.4816
DUNGS_p_TCGA_b84_115_SNP_N_GenomeWideSNP_6_G11_771644	Y	20562714	20670142	51	-4.2905
DUNGS_p_TCGA_b84_115_SNP_N_GenomeWideSNP_6_G11_771644	Y	20671872	20890332	131	-3.528
DUNGS_p_TCGA_b84_115_SNP_N_GenomeWideSNP_6_G11_771644	Y	20891515	20924920	11	-5.1746
DUNGS_p_TCGA_b84_115_SNP_N_GenomeWideSNP_6_G11_771644	Y	20925848	20970746	32	-3.7309
DUNGS_p_TCGA_b84_115_SNP_N_GenomeWideSNP_6_G11_771644	Y	20971498	20972173	2	-8.0397
DUNGS_p_TCGA_b84_115_SNP_N_GenomeWideSNP_6_G11_771644	Y	20972409	21024613	21	-3.914
DUNGS_p_TCGA_b84_115_SNP_N_GenomeWideSNP_6_G11_771644	Y	21025062	21824810	339	-3.0077
DUNGS_p_TCGA_b84_115_SNP_N_GenomeWideSNP_6_G11_771644	Y	21825355	21918647	37	-3.9671
DUNGS_p_TCGA_b84_115_SNP_N_GenomeWideSNP_6_G11_771644	Y	21919253	22905194	286	-3.0095
DUNGS_p_TCGA_b84_115_SNP_N_GenomeWideSNP_6_G11_771644	Y	22914301	22932817	11	-4.9299
DUNGS_p_TCGA_b84_115_SNP_N_GenomeWideSNP_6_G11_771644	Y	22934109	23653771	337	-3.1036
DUNGS_p_TCGA_b84_115_SNP_N_GenomeWideSNP_6_G11_771644	Y	23683731	23690350	2	-8.9433
DUNGS_p_TCGA_b84_115_SNP_N_GenomeWideSNP_6_G11_771644	Y	23715701	23754349	26	-3.8576
DUNGS_p_TCGA_b84_115_SNP_N_GenomeWideSNP_6_G11_771644	Y	23754597	23859163	47	-2.6349
DUNGS_p_TCGA_b84_115_SNP_N_GenomeWideSNP_6_G11_771644	Y	23859468	24119779	59	-3.3445
DUNGS_p_TCGA_b84_115_SNP_N_GenomeWideSNP_6_G11_771644	Y	24177818	24295769	20	-4.3241
DUNGS_p_TCGA_b84_115_SNP_N_GenomeWideSNP_6_G11_771644	Y	24296746	24515802	113	-3.1294
DUNGS_p_TCGA_b84_115_SNP_N_GenomeWideSNP_6_G11_771644	Y	24516081	24583219	36	-3.704
DUNGS_p_TCGA_b84_115_SNP_N_GenomeWideSNP_6_G11_771644	Y	24583869	24964952	43	-4.5493
DUNGS_p_TCGA_b84_115_SNP_N_GenomeWideSNP_6_G11_771644	Y	24979518	25550723	30	-3.0488
DUNGS_p_TCGA_b84_115_SNP_N_GenomeWideSNP_6_G11_771644	Y	25551421	25955120	106	-3.7259
DUNGS_p_TCGA_b84_115_SNP_N_GenomeWideSNP_6_G11_771644	Y	25961045	25976129	9	-2.7542
DUNGS_p_TCGA_b84_115_SNP_N_GenomeWideSNP_6_G11_771644	Y	25977694	26218232	97	-4.0853
DUNGS_p_TCGA_b84_115_SNP_N_GenomeWideSNP_6_G11_771644	Y	26222820	26408766	43	-2.9682
DUNGS_p_TCGA_b84_115_SNP_N_GenomeWideSNP_6_G11_771644	Y	26409789	26412603	3	-6.0639
DUNGS_p_TCGA_b84_115_SNP_N_GenomeWideSNP_6_G11_771644	Y	26417092	26432667	10	-3.0658
DUNGS_p_TCGA_b84_115_SNP_N_GenomeWideSNP_6_G11_771644	Y	26433358	26469059	15	-1.6319
DUNGS_p_TCGA_b84_115_SNP_N_GenomeWideSNP_6_G11_771644	Y	26473956	26619135	18	-2.9192
DUNGS_p_TCGA_b84_115_SNP_N_GenomeWideSNP_6_G11_771644	Y	26630929	27240184	80	-4.2596
DUNGS_p_TCGA_b84_115_SNP_N_GenomeWideSNP_6_G11_771644	Y	27254679	27720551	98	-2.5938
DUNGS_p_TCGA_b84_115_SNP_N_GenomeWideSNP_6_G11_771644	Y	27721084	28054028	139	-3.9356
DUNGS_p_TCGA_b84_115_SNP_N_GenomeWideSNP_6_G11_771644	Y	28055102	28114308	29	-2.6607
DUNGS_p_TCGA_b84_115_SNP_N_GenomeWideSNP_6_G11_771644	Y	28117880	28322019	40	-4.5552
DUNGS_p_TCGA_b84_115_SNP_N_GenomeWideSNP_6_G11_771644	Y	28322083	28452016	50	-3.3362
DUNGS_p_TCGA_b84_115_SNP_N_GenomeWideSNP_6_G11_771644	Y	28457337	59018259	176	-2.4894
