Sample	Chromosome	Start	End	Num_Probes	Segment_Mean
DUNGS_p_TCGA_b84_115_SNP_N_GenomeWideSNP_6_D03_771538	1	61735	1741241	287	0.0117
DUNGS_p_TCGA_b84_115_SNP_N_GenomeWideSNP_6_D03_771538	1	1742409	1746694	2	-1.9082
DUNGS_p_TCGA_b84_115_SNP_N_GenomeWideSNP_6_D03_771538	1	1749287	16886135	8448	0.0093
DUNGS_p_TCGA_b84_115_SNP_N_GenomeWideSNP_6_D03_771538	1	16886193	16931526	13	-0.3969
DUNGS_p_TCGA_b84_115_SNP_N_GenomeWideSNP_6_D03_771538	1	16935956	16970456	27	-0.8458
DUNGS_p_TCGA_b84_115_SNP_N_GenomeWideSNP_6_D03_771538	1	17005734	17177045	59	-0.3641
DUNGS_p_TCGA_b84_115_SNP_N_GenomeWideSNP_6_D03_771538	1	17177965	17257943	48	0.294
DUNGS_p_TCGA_b84_115_SNP_N_GenomeWideSNP_6_D03_771538	1	17258139	22330539	3374	0.0034
DUNGS_p_TCGA_b84_115_SNP_N_GenomeWideSNP_6_D03_771538	1	22337243	22338125	2	-1.342
DUNGS_p_TCGA_b84_115_SNP_N_GenomeWideSNP_6_D03_771538	1	22342389	23957783	1014	0.0176
DUNGS_p_TCGA_b84_115_SNP_N_GenomeWideSNP_6_D03_771538	1	23958921	23959613	2	-1.1153
DUNGS_p_TCGA_b84_115_SNP_N_GenomeWideSNP_6_D03_771538	1	23960868	25583341	900	0.0181
DUNGS_p_TCGA_b84_115_SNP_N_GenomeWideSNP_6_D03_771538	1	25593128	25662212	31	0.4899
DUNGS_p_TCGA_b84_115_SNP_N_GenomeWideSNP_6_D03_771538	1	25663310	47463307	11808	0.007
DUNGS_p_TCGA_b84_115_SNP_N_GenomeWideSNP_6_D03_771538	1	47463665	47471405	3	-1.2365
DUNGS_p_TCGA_b84_115_SNP_N_GenomeWideSNP_6_D03_771538	1	47478563	72763370	17062	0.0086
DUNGS_p_TCGA_b84_115_SNP_N_GenomeWideSNP_6_D03_771538	1	72768418	72811148	48	-1.061
DUNGS_p_TCGA_b84_115_SNP_N_GenomeWideSNP_6_D03_771538	1	72811904	104259444	20129	0.0121
DUNGS_p_TCGA_b84_115_SNP_N_GenomeWideSNP_6_D03_771538	1	104260032	104261206	3	-1.3477
DUNGS_p_TCGA_b84_115_SNP_N_GenomeWideSNP_6_D03_771538	1	104268222	106012754	920	0.031
DUNGS_p_TCGA_b84_115_SNP_N_GenomeWideSNP_6_D03_771538	1	106013376	106024090	21	0.5757
DUNGS_p_TCGA_b84_115_SNP_N_GenomeWideSNP_6_D03_771538	1	106024137	112695965	4646	0.0133
DUNGS_p_TCGA_b84_115_SNP_N_GenomeWideSNP_6_D03_771538	1	112696087	112706218	37	0.3449
DUNGS_p_TCGA_b84_115_SNP_N_GenomeWideSNP_6_D03_771538	1	112709053	119208900	4131	0.0075
DUNGS_p_TCGA_b84_115_SNP_N_GenomeWideSNP_6_D03_771538	1	119209832	119217962	7	-0.6056
DUNGS_p_TCGA_b84_115_SNP_N_GenomeWideSNP_6_D03_771538	1	119219453	152555527	3896	0.0398
DUNGS_p_TCGA_b84_115_SNP_N_GenomeWideSNP_6_D03_771538	1	152555706	152586594	35	-1.8362
DUNGS_p_TCGA_b84_115_SNP_N_GenomeWideSNP_6_D03_771538	1	152590494	153325156	654	-0.002
DUNGS_p_TCGA_b84_115_SNP_N_GenomeWideSNP_6_D03_771538	1	153325356	153328884	4	-0.9924
DUNGS_p_TCGA_b84_115_SNP_N_GenomeWideSNP_6_D03_771538	1	153332686	169216937	10902	0.0104
DUNGS_p_TCGA_b84_115_SNP_N_GenomeWideSNP_6_D03_771538	1	169233974	169241766	7	1.1584
DUNGS_p_TCGA_b84_115_SNP_N_GenomeWideSNP_6_D03_771538	1	169242401	185103273	10553	0.0106
DUNGS_p_TCGA_b84_115_SNP_N_GenomeWideSNP_6_D03_771538	1	185107854	185129437	12	0.5887
DUNGS_p_TCGA_b84_115_SNP_N_GenomeWideSNP_6_D03_771538	1	185134066	189648157	2904	0.0198
DUNGS_p_TCGA_b84_115_SNP_N_GenomeWideSNP_6_D03_771538	1	189648483	189648527	2	-1.9753
DUNGS_p_TCGA_b84_115_SNP_N_GenomeWideSNP_6_D03_771538	1	189652047	196696737	4728	0.0199
DUNGS_p_TCGA_b84_115_SNP_N_GenomeWideSNP_6_D03_771538	1	196698242	196801850	110	0.4635
DUNGS_p_TCGA_b84_115_SNP_N_GenomeWideSNP_6_D03_771538	1	196801987	210071062	8833	0.0154
DUNGS_p_TCGA_b84_115_SNP_N_GenomeWideSNP_6_D03_771538	1	210081613	210083984	3	1.304
DUNGS_p_TCGA_b84_115_SNP_N_GenomeWideSNP_6_D03_771538	1	210086552	240391740	21211	0.0075
DUNGS_p_TCGA_b84_115_SNP_N_GenomeWideSNP_6_D03_771538	1	240394015	240396105	7	0.7308
DUNGS_p_TCGA_b84_115_SNP_N_GenomeWideSNP_6_D03_771538	1	240398028	248725234	5755	0.0273
DUNGS_p_TCGA_b84_115_SNP_N_GenomeWideSNP_6_D03_771538	1	248736075	248794464	31	-0.5708
DUNGS_p_TCGA_b84_115_SNP_N_GenomeWideSNP_6_D03_771538	1	248795289	249224388	149	0.0298
DUNGS_p_TCGA_b84_115_SNP_N_GenomeWideSNP_6_D03_771538	2	12784	4205687	2991	0.0062
DUNGS_p_TCGA_b84_115_SNP_N_GenomeWideSNP_6_D03_771538	2	4213864	4224019	42	-0.4687
DUNGS_p_TCGA_b84_115_SNP_N_GenomeWideSNP_6_D03_771538	2	4230062	17388200	9979	0.0134
DUNGS_p_TCGA_b84_115_SNP_N_GenomeWideSNP_6_D03_771538	2	17388272	17396229	3	1.2303
DUNGS_p_TCGA_b84_115_SNP_N_GenomeWideSNP_6_D03_771538	2	17396548	34701583	11122	0.012
DUNGS_p_TCGA_b84_115_SNP_N_GenomeWideSNP_6_D03_771538	2	34701625	34737057	43	-0.3859
DUNGS_p_TCGA_b84_115_SNP_N_GenomeWideSNP_6_D03_771538	2	34737163	89995037	36010	0.0175
DUNGS_p_TCGA_b84_115_SNP_N_GenomeWideSNP_6_D03_771538	2	89999062	90023492	9	-0.7608
DUNGS_p_TCGA_b84_115_SNP_N_GenomeWideSNP_6_D03_771538	2	90023507	90031817	5	-0.1044
DUNGS_p_TCGA_b84_115_SNP_N_GenomeWideSNP_6_D03_771538	2	90032090	90121433	50	-0.8945
DUNGS_p_TCGA_b84_115_SNP_N_GenomeWideSNP_6_D03_771538	2	90121466	90130240	15	-0.1292
DUNGS_p_TCGA_b84_115_SNP_N_GenomeWideSNP_6_D03_771538	2	90130290	90274766	72	-0.7717
DUNGS_p_TCGA_b84_115_SNP_N_GenomeWideSNP_6_D03_771538	2	90301264	97830611	989	0.0097
DUNGS_p_TCGA_b84_115_SNP_N_GenomeWideSNP_6_D03_771538	2	97830623	97834082	2	-2.1543
DUNGS_p_TCGA_b84_115_SNP_N_GenomeWideSNP_6_D03_771538	2	97834120	98025647	46	0.1182
DUNGS_p_TCGA_b84_115_SNP_N_GenomeWideSNP_6_D03_771538	2	98063372	98162189	12	-0.7287
DUNGS_p_TCGA_b84_115_SNP_N_GenomeWideSNP_6_D03_771538	2	98166878	110827160	7721	0.0029
DUNGS_p_TCGA_b84_115_SNP_N_GenomeWideSNP_6_D03_771538	2	110833642	110834377	2	-1.4111
DUNGS_p_TCGA_b84_115_SNP_N_GenomeWideSNP_6_D03_771538	2	110834780	122928698	7012	0.0153
DUNGS_p_TCGA_b84_115_SNP_N_GenomeWideSNP_6_D03_771538	2	122929704	122930682	2	-2.2418
DUNGS_p_TCGA_b84_115_SNP_N_GenomeWideSNP_6_D03_771538	2	122932538	123477014	420	-0.0185
DUNGS_p_TCGA_b84_115_SNP_N_GenomeWideSNP_6_D03_771538	2	123479899	123482241	9	-0.8887
DUNGS_p_TCGA_b84_115_SNP_N_GenomeWideSNP_6_D03_771538	2	123483653	126442223	1947	0.0313
DUNGS_p_TCGA_b84_115_SNP_N_GenomeWideSNP_6_D03_771538	2	126451651	126451932	3	-1.3795
DUNGS_p_TCGA_b84_115_SNP_N_GenomeWideSNP_6_D03_771538	2	126452017	133282033	3739	0.0116
DUNGS_p_TCGA_b84_115_SNP_N_GenomeWideSNP_6_D03_771538	2	133282065	133282081	2	-1.5198
DUNGS_p_TCGA_b84_115_SNP_N_GenomeWideSNP_6_D03_771538	2	133282876	146862085	8709	0.0085
DUNGS_p_TCGA_b84_115_SNP_N_GenomeWideSNP_6_D03_771538	2	146864404	146865832	13	-1.4469
DUNGS_p_TCGA_b84_115_SNP_N_GenomeWideSNP_6_D03_771538	2	146865974	146866266	4	-2.7612
DUNGS_p_TCGA_b84_115_SNP_N_GenomeWideSNP_6_D03_771538	2	146866393	146866934	7	-1.5034
DUNGS_p_TCGA_b84_115_SNP_N_GenomeWideSNP_6_D03_771538	2	146877806	243089456	59211	0.0112
DUNGS_p_TCGA_b84_115_SNP_N_GenomeWideSNP_6_D03_771538	3	60345	224602	157	0.0701
DUNGS_p_TCGA_b84_115_SNP_N_GenomeWideSNP_6_D03_771538	3	230022	232800	4	-2.4912
DUNGS_p_TCGA_b84_115_SNP_N_GenomeWideSNP_6_D03_771538	3	234877	6646543	5689	0.0495
DUNGS_p_TCGA_b84_115_SNP_N_GenomeWideSNP_6_D03_771538	3	6651128	6653332	23	-0.7442
DUNGS_p_TCGA_b84_115_SNP_N_GenomeWideSNP_6_D03_771538	3	6655078	53032011	29959	0.012
DUNGS_p_TCGA_b84_115_SNP_N_GenomeWideSNP_6_D03_771538	3	53032025	53038902	23	-0.6921
DUNGS_p_TCGA_b84_115_SNP_N_GenomeWideSNP_6_D03_771538	3	53038944	60007631	4923	0.0011
DUNGS_p_TCGA_b84_115_SNP_N_GenomeWideSNP_6_D03_771538	3	60007657	60007697	2	-1.4833
DUNGS_p_TCGA_b84_115_SNP_N_GenomeWideSNP_6_D03_771538	3	60007719	62957906	2743	0.0359
DUNGS_p_TCGA_b84_115_SNP_N_GenomeWideSNP_6_D03_771538	3	62961431	62991509	21	-0.788
DUNGS_p_TCGA_b84_115_SNP_N_GenomeWideSNP_6_D03_771538	3	62995549	66942652	3140	0.0149
DUNGS_p_TCGA_b84_115_SNP_N_GenomeWideSNP_6_D03_771538	3	66942667	66942668	2	-1.8395
DUNGS_p_TCGA_b84_115_SNP_N_GenomeWideSNP_6_D03_771538	3	66948784	68724692	1218	0.0086
DUNGS_p_TCGA_b84_115_SNP_N_GenomeWideSNP_6_D03_771538	3	68725751	68747413	17	-1.3647
DUNGS_p_TCGA_b84_115_SNP_N_GenomeWideSNP_6_D03_771538	3	68748758	129762859	34767	0.0144
DUNGS_p_TCGA_b84_115_SNP_N_GenomeWideSNP_6_D03_771538	3	129763698	129806236	52	-1.1889
DUNGS_p_TCGA_b84_115_SNP_N_GenomeWideSNP_6_D03_771538	3	129806924	157141041	17006	0.0117
DUNGS_p_TCGA_b84_115_SNP_N_GenomeWideSNP_6_D03_771538	3	157146307	157166390	13	-0.9243
DUNGS_p_TCGA_b84_115_SNP_N_GenomeWideSNP_6_D03_771538	3	157169946	162122771	3013	0.0125
DUNGS_p_TCGA_b84_115_SNP_N_GenomeWideSNP_6_D03_771538	3	162123366	162144405	18	0.3816
DUNGS_p_TCGA_b84_115_SNP_N_GenomeWideSNP_6_D03_771538	3	162144420	162237031	91	0.009
DUNGS_p_TCGA_b84_115_SNP_N_GenomeWideSNP_6_D03_771538	3	162237128	162237888	4	-1.2546
DUNGS_p_TCGA_b84_115_SNP_N_GenomeWideSNP_6_D03_771538	3	162238020	162508178	161	0.0674
DUNGS_p_TCGA_b84_115_SNP_N_GenomeWideSNP_6_D03_771538	3	162508192	162625995	72	0.5724
DUNGS_p_TCGA_b84_115_SNP_N_GenomeWideSNP_6_D03_771538	3	162626572	162714517	72	0.0257
DUNGS_p_TCGA_b84_115_SNP_N_GenomeWideSNP_6_D03_771538	3	162717727	162726159	3	-1.8768
DUNGS_p_TCGA_b84_115_SNP_N_GenomeWideSNP_6_D03_771538	3	162726432	163694975	539	0.0076
DUNGS_p_TCGA_b84_115_SNP_N_GenomeWideSNP_6_D03_771538	3	163696031	163696834	3	-1.4902
DUNGS_p_TCGA_b84_115_SNP_N_GenomeWideSNP_6_D03_771538	3	163698514	173289599	5778	0.0201
DUNGS_p_TCGA_b84_115_SNP_N_GenomeWideSNP_6_D03_771538	3	173289680	173300818	3	-1.1066
DUNGS_p_TCGA_b84_115_SNP_N_GenomeWideSNP_6_D03_771538	3	173301037	183541713	6328	0.0249
DUNGS_p_TCGA_b84_115_SNP_N_GenomeWideSNP_6_D03_771538	3	183545282	183545750	2	-1.4009
DUNGS_p_TCGA_b84_115_SNP_N_GenomeWideSNP_6_D03_771538	3	183546083	184402715	415	0.03
DUNGS_p_TCGA_b84_115_SNP_N_GenomeWideSNP_6_D03_771538	3	184405642	184409915	3	-1.0623
DUNGS_p_TCGA_b84_115_SNP_N_GenomeWideSNP_6_D03_771538	3	184410328	189363678	3556	0.0158
DUNGS_p_TCGA_b84_115_SNP_N_GenomeWideSNP_6_D03_771538	3	189363830	189364638	10	-0.8661
DUNGS_p_TCGA_b84_115_SNP_N_GenomeWideSNP_6_D03_771538	3	189370988	192878045	2502	0.0127
DUNGS_p_TCGA_b84_115_SNP_N_GenomeWideSNP_6_D03_771538	3	192878195	192882903	17	-1.0558
DUNGS_p_TCGA_b84_115_SNP_N_GenomeWideSNP_6_D03_771538	3	192886435	197835005	2680	0.0243
DUNGS_p_TCGA_b84_115_SNP_N_GenomeWideSNP_6_D03_771538	3	197835438	197896118	28	-0.3867
DUNGS_p_TCGA_b84_115_SNP_N_GenomeWideSNP_6_D03_771538	4	12281	3463882	1457	0.0186
DUNGS_p_TCGA_b84_115_SNP_N_GenomeWideSNP_6_D03_771538	4	3469443	3472366	5	-0.7668
DUNGS_p_TCGA_b84_115_SNP_N_GenomeWideSNP_6_D03_771538	4	3472893	4099676	241	0.0304
DUNGS_p_TCGA_b84_115_SNP_N_GenomeWideSNP_6_D03_771538	4	4103344	4152760	11	-0.5568
DUNGS_p_TCGA_b84_115_SNP_N_GenomeWideSNP_6_D03_771538	4	4160063	9456977	3540	0.001
DUNGS_p_TCGA_b84_115_SNP_N_GenomeWideSNP_6_D03_771538	4	9461230	9479345	9	-0.6976
DUNGS_p_TCGA_b84_115_SNP_N_GenomeWideSNP_6_D03_771538	4	9486087	10214160	547	0.0047
DUNGS_p_TCGA_b84_115_SNP_N_GenomeWideSNP_6_D03_771538	4	10223416	10223628	2	-1.7201
DUNGS_p_TCGA_b84_115_SNP_N_GenomeWideSNP_6_D03_771538	4	10223848	10398611	209	0.0271
DUNGS_p_TCGA_b84_115_SNP_N_GenomeWideSNP_6_D03_771538	4	10398737	10399355	8	0.6746
DUNGS_p_TCGA_b84_115_SNP_N_GenomeWideSNP_6_D03_771538	4	10400156	17572078	5636	0.006
DUNGS_p_TCGA_b84_115_SNP_N_GenomeWideSNP_6_D03_771538	4	17581785	17582260	4	0.8596
DUNGS_p_TCGA_b84_115_SNP_N_GenomeWideSNP_6_D03_771538	4	17582442	20100650	1507	0.0025
DUNGS_p_TCGA_b84_115_SNP_N_GenomeWideSNP_6_D03_771538	4	20101033	20112409	4	-1.5238
DUNGS_p_TCGA_b84_115_SNP_N_GenomeWideSNP_6_D03_771538	4	20115878	23311156	2232	0.0157
DUNGS_p_TCGA_b84_115_SNP_N_GenomeWideSNP_6_D03_771538	4	23311210	23313782	4	-1.4198
DUNGS_p_TCGA_b84_115_SNP_N_GenomeWideSNP_6_D03_771538	4	23313809	34779040	7435	0.0095
DUNGS_p_TCGA_b84_115_SNP_N_GenomeWideSNP_6_D03_771538	4	34779054	34829949	43	0.6079
DUNGS_p_TCGA_b84_115_SNP_N_GenomeWideSNP_6_D03_771538	4	34830004	36014412	774	0.0311
DUNGS_p_TCGA_b84_115_SNP_N_GenomeWideSNP_6_D03_771538	4	36014981	36015518	4	-2.449
DUNGS_p_TCGA_b84_115_SNP_N_GenomeWideSNP_6_D03_771538	4	36017518	59973018	13064	0.0175
DUNGS_p_TCGA_b84_115_SNP_N_GenomeWideSNP_6_D03_771538	4	59974071	59988095	8	0.6779
DUNGS_p_TCGA_b84_115_SNP_N_GenomeWideSNP_6_D03_771538	4	59988109	64687575	2744	0.0189
DUNGS_p_TCGA_b84_115_SNP_N_GenomeWideSNP_6_D03_771538	4	64688251	64722216	40	0.373
DUNGS_p_TCGA_b84_115_SNP_N_GenomeWideSNP_6_D03_771538	4	64722540	69214926	2845	0.0224
DUNGS_p_TCGA_b84_115_SNP_N_GenomeWideSNP_6_D03_771538	4	69217768	69338564	31	0.3365
DUNGS_p_TCGA_b84_115_SNP_N_GenomeWideSNP_6_D03_771538	4	69344612	69372003	5	-0.1592
DUNGS_p_TCGA_b84_115_SNP_N_GenomeWideSNP_6_D03_771538	4	69374941	69489335	66	-1.2641
DUNGS_p_TCGA_b84_115_SNP_N_GenomeWideSNP_6_D03_771538	4	69505115	70123510	327	0.1063
DUNGS_p_TCGA_b84_115_SNP_N_GenomeWideSNP_6_D03_771538	4	70127644	70226899	49	0.4078
DUNGS_p_TCGA_b84_115_SNP_N_GenomeWideSNP_6_D03_771538	4	70228624	115173700	27395	0.0113
DUNGS_p_TCGA_b84_115_SNP_N_GenomeWideSNP_6_D03_771538	4	115175323	115184380	29	0.6701
DUNGS_p_TCGA_b84_115_SNP_N_GenomeWideSNP_6_D03_771538	4	115184390	116175945	627	0.0151
DUNGS_p_TCGA_b84_115_SNP_N_GenomeWideSNP_6_D03_771538	4	116175954	116180182	3	-1.58
DUNGS_p_TCGA_b84_115_SNP_N_GenomeWideSNP_6_D03_771538	4	116180236	122281973	3719	0.0092
DUNGS_p_TCGA_b84_115_SNP_N_GenomeWideSNP_6_D03_771538	4	122282468	122284982	27	-2.5624
DUNGS_p_TCGA_b84_115_SNP_N_GenomeWideSNP_6_D03_771538	4	122285135	135039504	7198	0.0236
DUNGS_p_TCGA_b84_115_SNP_N_GenomeWideSNP_6_D03_771538	4	135040224	135075191	18	0.427
DUNGS_p_TCGA_b84_115_SNP_N_GenomeWideSNP_6_D03_771538	4	135081608	137938365	1552	0.02
DUNGS_p_TCGA_b84_115_SNP_N_GenomeWideSNP_6_D03_771538	4	137938478	137970653	46	0.3038
DUNGS_p_TCGA_b84_115_SNP_N_GenomeWideSNP_6_D03_771538	4	137971294	161871883	14866	0.0128
DUNGS_p_TCGA_b84_115_SNP_N_GenomeWideSNP_6_D03_771538	4	161873606	161921728	64	0.2806
DUNGS_p_TCGA_b84_115_SNP_N_GenomeWideSNP_6_D03_771538	4	161922050	172987928	7059	0.019
DUNGS_p_TCGA_b84_115_SNP_N_GenomeWideSNP_6_D03_771538	4	172989148	172989533	12	0.7812
DUNGS_p_TCGA_b84_115_SNP_N_GenomeWideSNP_6_D03_771538	4	172995979	176699362	2081	0.019
DUNGS_p_TCGA_b84_115_SNP_N_GenomeWideSNP_6_D03_771538	4	176700366	176700465	2	-1.2942
DUNGS_p_TCGA_b84_115_SNP_N_GenomeWideSNP_6_D03_771538	4	176700569	178374869	1136	0.011
DUNGS_p_TCGA_b84_115_SNP_N_GenomeWideSNP_6_D03_771538	4	178375794	178386510	6	-0.9225
DUNGS_p_TCGA_b84_115_SNP_N_GenomeWideSNP_6_D03_771538	4	178386895	191027923	8914	0.0357
DUNGS_p_TCGA_b84_115_SNP_N_GenomeWideSNP_6_D03_771538	5	15532	7503790	5988	0.0054
DUNGS_p_TCGA_b84_115_SNP_N_GenomeWideSNP_6_D03_771538	5	7504111	7509867	2	-1.9507
DUNGS_p_TCGA_b84_115_SNP_N_GenomeWideSNP_6_D03_771538	5	7510391	12785251	4239	0.0093
DUNGS_p_TCGA_b84_115_SNP_N_GenomeWideSNP_6_D03_771538	5	12785262	12979210	61	0.2997
DUNGS_p_TCGA_b84_115_SNP_N_GenomeWideSNP_6_D03_771538	5	12979227	18963585	4019	0.0137
DUNGS_p_TCGA_b84_115_SNP_N_GenomeWideSNP_6_D03_771538	5	18965946	18966952	2	-1.4156
DUNGS_p_TCGA_b84_115_SNP_N_GenomeWideSNP_6_D03_771538	5	18966958	19290100	205	0.053
DUNGS_p_TCGA_b84_115_SNP_N_GenomeWideSNP_6_D03_771538	5	19291798	19292659	3	-1.3425
DUNGS_p_TCGA_b84_115_SNP_N_GenomeWideSNP_6_D03_771538	5	19295008	21376844	1226	0.0372
DUNGS_p_TCGA_b84_115_SNP_N_GenomeWideSNP_6_D03_771538	5	21377839	21377853	2	1.9289
DUNGS_p_TCGA_b84_115_SNP_N_GenomeWideSNP_6_D03_771538	5	21386066	21449219	44	0.0605
DUNGS_p_TCGA_b84_115_SNP_N_GenomeWideSNP_6_D03_771538	5	21449276	21451998	5	1.0054
DUNGS_p_TCGA_b84_115_SNP_N_GenomeWideSNP_6_D03_771538	5	21452438	26789496	3161	0.0157
DUNGS_p_TCGA_b84_115_SNP_N_GenomeWideSNP_6_D03_771538	5	26797760	26797844	2	-1.3694
DUNGS_p_TCGA_b84_115_SNP_N_GenomeWideSNP_6_D03_771538	5	26803884	27524452	396	-0.007
DUNGS_p_TCGA_b84_115_SNP_N_GenomeWideSNP_6_D03_771538	5	27525390	27526020	10	0.5591
DUNGS_p_TCGA_b84_115_SNP_N_GenomeWideSNP_6_D03_771538	5	27527479	32107084	3025	0.009
DUNGS_p_TCGA_b84_115_SNP_N_GenomeWideSNP_6_D03_771538	5	32109589	32172493	43	0.6213
DUNGS_p_TCGA_b84_115_SNP_N_GenomeWideSNP_6_D03_771538	5	32177784	57321586	13493	0.0154
DUNGS_p_TCGA_b84_115_SNP_N_GenomeWideSNP_6_D03_771538	5	57321646	57333515	32	-0.3427
DUNGS_p_TCGA_b84_115_SNP_N_GenomeWideSNP_6_D03_771538	5	57333533	58689866	1096	0.0222
DUNGS_p_TCGA_b84_115_SNP_N_GenomeWideSNP_6_D03_771538	5	58689954	58690251	2	-1.1696
DUNGS_p_TCGA_b84_115_SNP_N_GenomeWideSNP_6_D03_771538	5	58696607	68846303	6211	0.0159
DUNGS_p_TCGA_b84_115_SNP_N_GenomeWideSNP_6_D03_771538	5	68867294	69118135	5	-1.8502
DUNGS_p_TCGA_b84_115_SNP_N_GenomeWideSNP_6_D03_771538	5	69233427	102134902	18644	0.0156
DUNGS_p_TCGA_b84_115_SNP_N_GenomeWideSNP_6_D03_771538	5	102135407	102138529	2	-1.4168
DUNGS_p_TCGA_b84_115_SNP_N_GenomeWideSNP_6_D03_771538	5	102142631	109385219	4474	0.0186
DUNGS_p_TCGA_b84_115_SNP_N_GenomeWideSNP_6_D03_771538	5	109385610	109386824	3	-1.6868
DUNGS_p_TCGA_b84_115_SNP_N_GenomeWideSNP_6_D03_771538	5	109388892	119607305	7303	0.0108
DUNGS_p_TCGA_b84_115_SNP_N_GenomeWideSNP_6_D03_771538	5	119607444	119608466	2	-1.278
DUNGS_p_TCGA_b84_115_SNP_N_GenomeWideSNP_6_D03_771538	5	119608876	122080371	1615	0.0226
DUNGS_p_TCGA_b84_115_SNP_N_GenomeWideSNP_6_D03_771538	5	122080600	122081291	3	-1.2156
DUNGS_p_TCGA_b84_115_SNP_N_GenomeWideSNP_6_D03_771538	5	122081840	124619190	1718	-0.0017
DUNGS_p_TCGA_b84_115_SNP_N_GenomeWideSNP_6_D03_771538	5	124620769	124621156	2	-1.555
DUNGS_p_TCGA_b84_115_SNP_N_GenomeWideSNP_6_D03_771538	5	124622028	155299213	19174	0.0087
DUNGS_p_TCGA_b84_115_SNP_N_GenomeWideSNP_6_D03_771538	5	155300193	155300603	2	-1.4753
DUNGS_p_TCGA_b84_115_SNP_N_GenomeWideSNP_6_D03_771538	5	155301552	155475105	154	0.0116
DUNGS_p_TCGA_b84_115_SNP_N_GenomeWideSNP_6_D03_771538	5	155476772	155480113	5	-0.8125
DUNGS_p_TCGA_b84_115_SNP_N_GenomeWideSNP_6_D03_771538	5	155481949	163512226	5407	0.0055
DUNGS_p_TCGA_b84_115_SNP_N_GenomeWideSNP_6_D03_771538	5	163513339	163515509	2	-1.7319
DUNGS_p_TCGA_b84_115_SNP_N_GenomeWideSNP_6_D03_771538	5	163520444	180374523	11259	0.0038
DUNGS_p_TCGA_b84_115_SNP_N_GenomeWideSNP_6_D03_771538	5	180378710	180417207	15	0.5375
DUNGS_p_TCGA_b84_115_SNP_N_GenomeWideSNP_6_D03_771538	5	180417614	180790320	175	0.036
DUNGS_p_TCGA_b84_115_SNP_N_GenomeWideSNP_6_D03_771538	6	149661	31287111	22460	0.01
DUNGS_p_TCGA_b84_115_SNP_N_GenomeWideSNP_6_D03_771538	6	31287222	31296292	6	-1.2718
DUNGS_p_TCGA_b84_115_SNP_N_GenomeWideSNP_6_D03_771538	6	31296451	31362310	67	0.0157
DUNGS_p_TCGA_b84_115_SNP_N_GenomeWideSNP_6_D03_771538	6	31362930	31465047	90	0.5369
DUNGS_p_TCGA_b84_115_SNP_N_GenomeWideSNP_6_D03_771538	6	31465103	32469919	358	0.044
DUNGS_p_TCGA_b84_115_SNP_N_GenomeWideSNP_6_D03_771538	6	32469967	32570365	27	1.1226
DUNGS_p_TCGA_b84_115_SNP_N_GenomeWideSNP_6_D03_771538	6	32573771	36660453	2336	0.0158
DUNGS_p_TCGA_b84_115_SNP_N_GenomeWideSNP_6_D03_771538	6	36661589	36662171	2	-1.2866
DUNGS_p_TCGA_b84_115_SNP_N_GenomeWideSNP_6_D03_771538	6	36662411	41618178	3629	0.0093
DUNGS_p_TCGA_b84_115_SNP_N_GenomeWideSNP_6_D03_771538	6	41618761	41619050	2	-1.1443
DUNGS_p_TCGA_b84_115_SNP_N_GenomeWideSNP_6_D03_771538	6	41619247	44705621	1762	6e-04
DUNGS_p_TCGA_b84_115_SNP_N_GenomeWideSNP_6_D03_771538	6	44710159	44710304	2	-1.1739
DUNGS_p_TCGA_b84_115_SNP_N_GenomeWideSNP_6_D03_771538	6	44713509	45975798	801	0.0212
DUNGS_p_TCGA_b84_115_SNP_N_GenomeWideSNP_6_D03_771538	6	45978143	45978236	3	-1.3669
DUNGS_p_TCGA_b84_115_SNP_N_GenomeWideSNP_6_D03_771538	6	45980557	70901660	13395	0.0253
DUNGS_p_TCGA_b84_115_SNP_N_GenomeWideSNP_6_D03_771538	6	70902237	70962547	61	-1.0297
DUNGS_p_TCGA_b84_115_SNP_N_GenomeWideSNP_6_D03_771538	6	70964844	75533512	2958	0.0112
DUNGS_p_TCGA_b84_115_SNP_N_GenomeWideSNP_6_D03_771538	6	75534180	75534181	2	-2.0495
DUNGS_p_TCGA_b84_115_SNP_N_GenomeWideSNP_6_D03_771538	6	75534396	78969065	2159	0.0153
DUNGS_p_TCGA_b84_115_SNP_N_GenomeWideSNP_6_D03_771538	6	78969105	79041633	114	0.4228
DUNGS_p_TCGA_b84_115_SNP_N_GenomeWideSNP_6_D03_771538	6	79041719	94824989	10138	0.0161
DUNGS_p_TCGA_b84_115_SNP_N_GenomeWideSNP_6_D03_771538	6	94829545	94832603	3	-1.8519
DUNGS_p_TCGA_b84_115_SNP_N_GenomeWideSNP_6_D03_771538	6	94832629	114221955	12090	0.0141
DUNGS_p_TCGA_b84_115_SNP_N_GenomeWideSNP_6_D03_771538	6	114224841	114225016	2	-1.8031
DUNGS_p_TCGA_b84_115_SNP_N_GenomeWideSNP_6_D03_771538	6	114225811	118958737	2713	0.0205
DUNGS_p_TCGA_b84_115_SNP_N_GenomeWideSNP_6_D03_771538	6	118959945	118960076	2	-2.3247
DUNGS_p_TCGA_b84_115_SNP_N_GenomeWideSNP_6_D03_771538	6	118960459	161936185	28248	0.0073
DUNGS_p_TCGA_b84_115_SNP_N_GenomeWideSNP_6_D03_771538	6	161936234	161936709	10	-0.5636
DUNGS_p_TCGA_b84_115_SNP_N_GenomeWideSNP_6_D03_771538	6	161936840	163015358	964	0.0439
DUNGS_p_TCGA_b84_115_SNP_N_GenomeWideSNP_6_D03_771538	6	163015661	163015719	2	-1.4882
DUNGS_p_TCGA_b84_115_SNP_N_GenomeWideSNP_6_D03_771538	6	163019463	164471824	1124	0.0112
DUNGS_p_TCGA_b84_115_SNP_N_GenomeWideSNP_6_D03_771538	6	164472121	164472205	2	-1.3803
DUNGS_p_TCGA_b84_115_SNP_N_GenomeWideSNP_6_D03_771538	6	164472245	171051005	4541	0.0088
DUNGS_p_TCGA_b84_115_SNP_N_GenomeWideSNP_6_D03_771538	7	43355	19545311	13934	0.0339
DUNGS_p_TCGA_b84_115_SNP_N_GenomeWideSNP_6_D03_771538	7	19555118	19555540	2	-1.3558
DUNGS_p_TCGA_b84_115_SNP_N_GenomeWideSNP_6_D03_771538	7	19555891	19666788	97	0.1347
DUNGS_p_TCGA_b84_115_SNP_N_GenomeWideSNP_6_D03_771538	7	19677547	19682148	4	-0.9623
DUNGS_p_TCGA_b84_115_SNP_N_GenomeWideSNP_6_D03_771538	7	19682677	25014108	3992	0.0124
DUNGS_p_TCGA_b84_115_SNP_N_GenomeWideSNP_6_D03_771538	7	25014791	25015717	3	-2.2418
DUNGS_p_TCGA_b84_115_SNP_N_GenomeWideSNP_6_D03_771538	7	25017962	54380373	20580	0.0108
DUNGS_p_TCGA_b84_115_SNP_N_GenomeWideSNP_6_D03_771538	7	54386505	54386514	5	-1.1139
DUNGS_p_TCGA_b84_115_SNP_N_GenomeWideSNP_6_D03_771538	7	54386517	54934618	409	-4e-04
DUNGS_p_TCGA_b84_115_SNP_N_GenomeWideSNP_6_D03_771538	7	54935343	54939080	2	-2.2887
DUNGS_p_TCGA_b84_115_SNP_N_GenomeWideSNP_6_D03_771538	7	54939416	56777036	1170	0.0032
DUNGS_p_TCGA_b84_115_SNP_N_GenomeWideSNP_6_D03_771538	7	56780134	56782307	3	-2.0064
DUNGS_p_TCGA_b84_115_SNP_N_GenomeWideSNP_6_D03_771538	7	56782422	97395460	20595	0.0188
DUNGS_p_TCGA_b84_115_SNP_N_GenomeWideSNP_6_D03_771538	7	97395462	97402475	15	-0.8547
DUNGS_p_TCGA_b84_115_SNP_N_GenomeWideSNP_6_D03_771538	7	97404240	109441212	6664	0.012
DUNGS_p_TCGA_b84_115_SNP_N_GenomeWideSNP_6_D03_771538	7	109441244	109454271	14	0.7669
DUNGS_p_TCGA_b84_115_SNP_N_GenomeWideSNP_6_D03_771538	7	109458390	111079810	1109	0.0316
DUNGS_p_TCGA_b84_115_SNP_N_GenomeWideSNP_6_D03_771538	7	111082841	111092464	2	-1.3102
DUNGS_p_TCGA_b84_115_SNP_N_GenomeWideSNP_6_D03_771538	7	111093576	126044974	8932	0.0162
DUNGS_p_TCGA_b84_115_SNP_N_GenomeWideSNP_6_D03_771538	7	126045482	126046877	14	0.8534
DUNGS_p_TCGA_b84_115_SNP_N_GenomeWideSNP_6_D03_771538	7	126046878	133785177	4708	0.0084
DUNGS_p_TCGA_b84_115_SNP_N_GenomeWideSNP_6_D03_771538	7	133785195	133795634	26	-1.8455
DUNGS_p_TCGA_b84_115_SNP_N_GenomeWideSNP_6_D03_771538	7	133795665	159127004	16321	0.0154
DUNGS_p_TCGA_b84_115_SNP_N_GenomeWideSNP_6_D03_771538	8	31254	113380	4	-0.9002
DUNGS_p_TCGA_b84_115_SNP_N_GenomeWideSNP_6_D03_771538	8	158062	2701799	2118	0.0188
DUNGS_p_TCGA_b84_115_SNP_N_GenomeWideSNP_6_D03_771538	8	2701934	2703817	7	-0.9466
DUNGS_p_TCGA_b84_115_SNP_N_GenomeWideSNP_6_D03_771538	8	2703899	4019413	1715	0.0305
DUNGS_p_TCGA_b84_115_SNP_N_GenomeWideSNP_6_D03_771538	8	4019672	4020175	2	-1.5754
DUNGS_p_TCGA_b84_115_SNP_N_GenomeWideSNP_6_D03_771538	8	4022182	4166426	324	0.0623
DUNGS_p_TCGA_b84_115_SNP_N_GenomeWideSNP_6_D03_771538	8	4166490	4167385	6	-1.0874
DUNGS_p_TCGA_b84_115_SNP_N_GenomeWideSNP_6_D03_771538	8	4167511	6159947	2748	0.047
DUNGS_p_TCGA_b84_115_SNP_N_GenomeWideSNP_6_D03_771538	8	6160036	6160070	2	-1.4243
DUNGS_p_TCGA_b84_115_SNP_N_GenomeWideSNP_6_D03_771538	8	6161567	6827199	813	0.0172
DUNGS_p_TCGA_b84_115_SNP_N_GenomeWideSNP_6_D03_771538	8	6833368	6837933	2	-2.166
DUNGS_p_TCGA_b84_115_SNP_N_GenomeWideSNP_6_D03_771538	8	6839705	13074136	4194	0.0164
DUNGS_p_TCGA_b84_115_SNP_N_GenomeWideSNP_6_D03_771538	8	13074402	13074897	2	-1.7209
DUNGS_p_TCGA_b84_115_SNP_N_GenomeWideSNP_6_D03_771538	8	13074938	18774117	5274	0.0197
DUNGS_p_TCGA_b84_115_SNP_N_GenomeWideSNP_6_D03_771538	8	18774838	18775454	4	-1.2959
DUNGS_p_TCGA_b84_115_SNP_N_GenomeWideSNP_6_D03_771538	8	18777908	24972187	4650	0.0086
DUNGS_p_TCGA_b84_115_SNP_N_GenomeWideSNP_6_D03_771538	8	24974443	24975500	5	0.5912
DUNGS_p_TCGA_b84_115_SNP_N_GenomeWideSNP_6_D03_771538	8	24975570	24979554	9	1.0994
DUNGS_p_TCGA_b84_115_SNP_N_GenomeWideSNP_6_D03_771538	8	24979904	24984333	13	0.5205
DUNGS_p_TCGA_b84_115_SNP_N_GenomeWideSNP_6_D03_771538	8	24991104	39247111	9052	0.0041
DUNGS_p_TCGA_b84_115_SNP_N_GenomeWideSNP_6_D03_771538	8	39248742	39384124	52	0.7076
DUNGS_p_TCGA_b84_115_SNP_N_GenomeWideSNP_6_D03_771538	8	39384700	40771996	1079	0.0072
DUNGS_p_TCGA_b84_115_SNP_N_GenomeWideSNP_6_D03_771538	8	40777852	40778471	2	-2.1317
DUNGS_p_TCGA_b84_115_SNP_N_GenomeWideSNP_6_D03_771538	8	40783680	43007169	1299	1e-04
DUNGS_p_TCGA_b84_115_SNP_N_GenomeWideSNP_6_D03_771538	8	43010297	43010793	2	-2.1962
DUNGS_p_TCGA_b84_115_SNP_N_GenomeWideSNP_6_D03_771538	8	43013822	47525576	397	0.0228
DUNGS_p_TCGA_b84_115_SNP_N_GenomeWideSNP_6_D03_771538	8	47527548	47536546	9	0.6931
DUNGS_p_TCGA_b84_115_SNP_N_GenomeWideSNP_6_D03_771538	8	47546095	51032024	1815	0.0214
DUNGS_p_TCGA_b84_115_SNP_N_GenomeWideSNP_6_D03_771538	8	51032039	51032071	2	-1.419
DUNGS_p_TCGA_b84_115_SNP_N_GenomeWideSNP_6_D03_771538	8	51032211	60989451	6550	0.0023
DUNGS_p_TCGA_b84_115_SNP_N_GenomeWideSNP_6_D03_771538	8	60999098	61007769	35	0.302
DUNGS_p_TCGA_b84_115_SNP_N_GenomeWideSNP_6_D03_771538	8	61007868	89321238	16851	0.0136
DUNGS_p_TCGA_b84_115_SNP_N_GenomeWideSNP_6_D03_771538	8	89321267	89321889	2	-1.4231
DUNGS_p_TCGA_b84_115_SNP_N_GenomeWideSNP_6_D03_771538	8	89323970	92178407	1747	0.003
DUNGS_p_TCGA_b84_115_SNP_N_GenomeWideSNP_6_D03_771538	8	92179965	92181535	2	-1.7238
DUNGS_p_TCGA_b84_115_SNP_N_GenomeWideSNP_6_D03_771538	8	92183567	107390326	9329	0.0158
DUNGS_p_TCGA_b84_115_SNP_N_GenomeWideSNP_6_D03_771538	8	107390341	107391082	2	-1.5969
DUNGS_p_TCGA_b84_115_SNP_N_GenomeWideSNP_6_D03_771538	8	107391222	112294646	2973	0.0123
DUNGS_p_TCGA_b84_115_SNP_N_GenomeWideSNP_6_D03_771538	8	112294670	112295260	6	-1.5456
DUNGS_p_TCGA_b84_115_SNP_N_GenomeWideSNP_6_D03_771538	8	112300281	115634707	1835	0.0211
DUNGS_p_TCGA_b84_115_SNP_N_GenomeWideSNP_6_D03_771538	8	115634907	115641689	29	-0.4997
DUNGS_p_TCGA_b84_115_SNP_N_GenomeWideSNP_6_D03_771538	8	115641731	146298155	21095	0.0065
DUNGS_p_TCGA_b84_115_SNP_N_GenomeWideSNP_6_D03_771538	9	46587	6695986	6398	0.03
DUNGS_p_TCGA_b84_115_SNP_N_GenomeWideSNP_6_D03_771538	9	6701145	6708357	7	-0.767
DUNGS_p_TCGA_b84_115_SNP_N_GenomeWideSNP_6_D03_771538	9	6712314	6770374	32	-6e-04
DUNGS_p_TCGA_b84_115_SNP_N_GenomeWideSNP_6_D03_771538	9	6770534	6770744	3	-0.827
DUNGS_p_TCGA_b84_115_SNP_N_GenomeWideSNP_6_D03_771538	9	6771267	7209464	470	0.0644
DUNGS_p_TCGA_b84_115_SNP_N_GenomeWideSNP_6_D03_771538	9	7209487	7210615	3	-1.5731
DUNGS_p_TCGA_b84_115_SNP_N_GenomeWideSNP_6_D03_771538	9	7211644	9284466	1977	0.029
DUNGS_p_TCGA_b84_115_SNP_N_GenomeWideSNP_6_D03_771538	9	9286376	9289352	3	-1.1685
DUNGS_p_TCGA_b84_115_SNP_N_GenomeWideSNP_6_D03_771538	9	9289760	41626881	22479	0.0273
DUNGS_p_TCGA_b84_115_SNP_N_GenomeWideSNP_6_D03_771538	9	41626896	41692303	10	0.6425
DUNGS_p_TCGA_b84_115_SNP_N_GenomeWideSNP_6_D03_771538	9	41692317	43654980	56	0.0227
DUNGS_p_TCGA_b84_115_SNP_N_GenomeWideSNP_6_D03_771538	9	43658083	43747253	15	0.5401
DUNGS_p_TCGA_b84_115_SNP_N_GenomeWideSNP_6_D03_771538	9	43757346	44261256	43	-0.0152
DUNGS_p_TCGA_b84_115_SNP_N_GenomeWideSNP_6_D03_771538	9	44261945	44385979	6	-0.7727
DUNGS_p_TCGA_b84_115_SNP_N_GenomeWideSNP_6_D03_771538	9	44396699	44629223	7	0.0729
DUNGS_p_TCGA_b84_115_SNP_N_GenomeWideSNP_6_D03_771538	9	44727859	44789463	23	-1.2364
DUNGS_p_TCGA_b84_115_SNP_N_GenomeWideSNP_6_D03_771538	9	44795319	46388197	95	0.0718
DUNGS_p_TCGA_b84_115_SNP_N_GenomeWideSNP_6_D03_771538	9	46388520	46390914	4	-0.956
DUNGS_p_TCGA_b84_115_SNP_N_GenomeWideSNP_6_D03_771538	9	46395014	94402206	17243	0.0083
DUNGS_p_TCGA_b84_115_SNP_N_GenomeWideSNP_6_D03_771538	9	94402268	94403417	14	-0.8707
DUNGS_p_TCGA_b84_115_SNP_N_GenomeWideSNP_6_D03_771538	9	94403445	141091394	31116	0.0092
DUNGS_p_TCGA_b84_115_SNP_N_GenomeWideSNP_6_D03_771538	10	72759	2911800	2308	0.0115
DUNGS_p_TCGA_b84_115_SNP_N_GenomeWideSNP_6_D03_771538	10	2914486	2914615	2	-1.5684
DUNGS_p_TCGA_b84_115_SNP_N_GenomeWideSNP_6_D03_771538	10	2914656	18121033	12600	0.0139
DUNGS_p_TCGA_b84_115_SNP_N_GenomeWideSNP_6_D03_771538	10	18128247	18136748	2	1.4775
DUNGS_p_TCGA_b84_115_SNP_N_GenomeWideSNP_6_D03_771538	10	18150761	27587531	6567	0.008
DUNGS_p_TCGA_b84_115_SNP_N_GenomeWideSNP_6_D03_771538	10	27593427	27597438	2	-1.4392
DUNGS_p_TCGA_b84_115_SNP_N_GenomeWideSNP_6_D03_771538	10	27607185	43613149	8322	0.0044
DUNGS_p_TCGA_b84_115_SNP_N_GenomeWideSNP_6_D03_771538	10	43613363	43614348	11	-0.8584
DUNGS_p_TCGA_b84_115_SNP_N_GenomeWideSNP_6_D03_771538	10	43615505	88600482	29349	0.0123
DUNGS_p_TCGA_b84_115_SNP_N_GenomeWideSNP_6_D03_771538	10	88601098	88601588	2	-2.6296
DUNGS_p_TCGA_b84_115_SNP_N_GenomeWideSNP_6_D03_771538	10	88602314	135506704	32011	0.0074
DUNGS_p_TCGA_b84_115_SNP_N_GenomeWideSNP_6_D03_771538	11	198510	5782925	3300	0.0088
DUNGS_p_TCGA_b84_115_SNP_N_GenomeWideSNP_6_D03_771538	11	5782959	5820561	49	0.2941
DUNGS_p_TCGA_b84_115_SNP_N_GenomeWideSNP_6_D03_771538	11	5821982	37385423	23155	0.0103
DUNGS_p_TCGA_b84_115_SNP_N_GenomeWideSNP_6_D03_771538	11	37385694	37386039	2	-1.5381
DUNGS_p_TCGA_b84_115_SNP_N_GenomeWideSNP_6_D03_771538	11	37394934	38460124	621	0.0523
DUNGS_p_TCGA_b84_115_SNP_N_GenomeWideSNP_6_D03_771538	11	38460167	38461184	3	-2.2147
DUNGS_p_TCGA_b84_115_SNP_N_GenomeWideSNP_6_D03_771538	11	38461257	39442951	560	0.0165
DUNGS_p_TCGA_b84_115_SNP_N_GenomeWideSNP_6_D03_771538	11	39451496	39453189	2	-1.9844
DUNGS_p_TCGA_b84_115_SNP_N_GenomeWideSNP_6_D03_771538	11	39453738	40414427	650	-0.0077
DUNGS_p_TCGA_b84_115_SNP_N_GenomeWideSNP_6_D03_771538	11	40414615	40416335	2	-1.7297
DUNGS_p_TCGA_b84_115_SNP_N_GenomeWideSNP_6_D03_771538	11	40416468	55376280	6360	0.0152
DUNGS_p_TCGA_b84_115_SNP_N_GenomeWideSNP_6_D03_771538	11	55376498	55442318	40	0.6438
DUNGS_p_TCGA_b84_115_SNP_N_GenomeWideSNP_6_D03_771538	11	55444211	55445945	5	-0.3245
DUNGS_p_TCGA_b84_115_SNP_N_GenomeWideSNP_6_D03_771538	11	55447237	55453576	7	0.9782
DUNGS_p_TCGA_b84_115_SNP_N_GenomeWideSNP_6_D03_771538	11	55460683	59786990	2623	0.027
DUNGS_p_TCGA_b84_115_SNP_N_GenomeWideSNP_6_D03_771538	11	59788547	59790308	2	-1.427
DUNGS_p_TCGA_b84_115_SNP_N_GenomeWideSNP_6_D03_771538	11	59793688	89659568	17343	0.0089
DUNGS_p_TCGA_b84_115_SNP_N_GenomeWideSNP_6_D03_771538	11	89696093	89699504	2	-1.5828
DUNGS_p_TCGA_b84_115_SNP_N_GenomeWideSNP_6_D03_771538	11	89727683	124771531	24715	0.0107
DUNGS_p_TCGA_b84_115_SNP_N_GenomeWideSNP_6_D03_771538	11	124775987	124777418	3	-2.1861
DUNGS_p_TCGA_b84_115_SNP_N_GenomeWideSNP_6_D03_771538	11	124788668	131426411	5031	0.0043
DUNGS_p_TCGA_b84_115_SNP_N_GenomeWideSNP_6_D03_771538	11	131426800	131427037	3	1.0736
DUNGS_p_TCGA_b84_115_SNP_N_GenomeWideSNP_6_D03_771538	11	131430922	133051156	1327	0.0079
DUNGS_p_TCGA_b84_115_SNP_N_GenomeWideSNP_6_D03_771538	11	133051524	133052267	2	-1.5705
DUNGS_p_TCGA_b84_115_SNP_N_GenomeWideSNP_6_D03_771538	11	133052376	133864938	609	0.0063
DUNGS_p_TCGA_b84_115_SNP_N_GenomeWideSNP_6_D03_771538	11	133865228	133867076	2	-1.3006
DUNGS_p_TCGA_b84_115_SNP_N_GenomeWideSNP_6_D03_771538	11	133867310	134944770	810	0.0152
DUNGS_p_TCGA_b84_115_SNP_N_GenomeWideSNP_6_D03_771538	12	150442	2235889	1268	0.0382
DUNGS_p_TCGA_b84_115_SNP_N_GenomeWideSNP_6_D03_771538	12	2245862	2258023	42	-0.7999
DUNGS_p_TCGA_b84_115_SNP_N_GenomeWideSNP_6_D03_771538	12	2258104	4388532	1586	0.0119
DUNGS_p_TCGA_b84_115_SNP_N_GenomeWideSNP_6_D03_771538	12	4389155	4389206	4	-1.0658
DUNGS_p_TCGA_b84_115_SNP_N_GenomeWideSNP_6_D03_771538	12	4389349	5031614	535	0.0147
DUNGS_p_TCGA_b84_115_SNP_N_GenomeWideSNP_6_D03_771538	12	5031747	5032023	2	-1.5025
DUNGS_p_TCGA_b84_115_SNP_N_GenomeWideSNP_6_D03_771538	12	5032532	8357507	2120	0.0042
DUNGS_p_TCGA_b84_115_SNP_N_GenomeWideSNP_6_D03_771538	12	8362050	8378251	11	0.6548
DUNGS_p_TCGA_b84_115_SNP_N_GenomeWideSNP_6_D03_771538	12	8393828	9630556	642	0.0016
DUNGS_p_TCGA_b84_115_SNP_N_GenomeWideSNP_6_D03_771538	12	9633870	9734970	27	-1.3269
DUNGS_p_TCGA_b84_115_SNP_N_GenomeWideSNP_6_D03_771538	12	9735686	11511577	1187	0.0219
DUNGS_p_TCGA_b84_115_SNP_N_GenomeWideSNP_6_D03_771538	12	11511578	11543386	30	-0.8708
DUNGS_p_TCGA_b84_115_SNP_N_GenomeWideSNP_6_D03_771538	12	11543406	25053037	9255	0.0123
DUNGS_p_TCGA_b84_115_SNP_N_GenomeWideSNP_6_D03_771538	12	25053596	25094128	28	0.341
DUNGS_p_TCGA_b84_115_SNP_N_GenomeWideSNP_6_D03_771538	12	25094221	27313154	1723	0.0086
DUNGS_p_TCGA_b84_115_SNP_N_GenomeWideSNP_6_D03_771538	12	27313294	27317794	3	-1.1112
DUNGS_p_TCGA_b84_115_SNP_N_GenomeWideSNP_6_D03_771538	12	27319138	29205345	1383	0.0144
DUNGS_p_TCGA_b84_115_SNP_N_GenomeWideSNP_6_D03_771538	12	29206071	29227752	19	0.5307
DUNGS_p_TCGA_b84_115_SNP_N_GenomeWideSNP_6_D03_771538	12	29228252	30239742	738	-0.0063
DUNGS_p_TCGA_b84_115_SNP_N_GenomeWideSNP_6_D03_771538	12	30239911	30243722	20	0.4139
DUNGS_p_TCGA_b84_115_SNP_N_GenomeWideSNP_6_D03_771538	12	30243933	31261698	875	0.002
DUNGS_p_TCGA_b84_115_SNP_N_GenomeWideSNP_6_D03_771538	12	31265057	31407123	92	0.5785
DUNGS_p_TCGA_b84_115_SNP_N_GenomeWideSNP_6_D03_771538	12	31409879	31900550	274	0.0046
DUNGS_p_TCGA_b84_115_SNP_N_GenomeWideSNP_6_D03_771538	12	31902407	31906672	8	-0.8482
DUNGS_p_TCGA_b84_115_SNP_N_GenomeWideSNP_6_D03_771538	12	31907274	31909908	4	-5.4799
DUNGS_p_TCGA_b84_115_SNP_N_GenomeWideSNP_6_D03_771538	12	31917220	33301807	1025	0.0024
DUNGS_p_TCGA_b84_115_SNP_N_GenomeWideSNP_6_D03_771538	12	33302013	33307374	20	-0.5254
DUNGS_p_TCGA_b84_115_SNP_N_GenomeWideSNP_6_D03_771538	12	33308360	37987726	846	0.0861
DUNGS_p_TCGA_b84_115_SNP_N_GenomeWideSNP_6_D03_771538	12	38012567	38014018	2	-1.6351
DUNGS_p_TCGA_b84_115_SNP_N_GenomeWideSNP_6_D03_771538	12	38034358	43473802	3346	0.0134
DUNGS_p_TCGA_b84_115_SNP_N_GenomeWideSNP_6_D03_771538	12	43477930	43478410	2	-2.4098
DUNGS_p_TCGA_b84_115_SNP_N_GenomeWideSNP_6_D03_771538	12	43480342	43566072	55	0.0306
DUNGS_p_TCGA_b84_115_SNP_N_GenomeWideSNP_6_D03_771538	12	43567713	43568817	2	-1.3625
DUNGS_p_TCGA_b84_115_SNP_N_GenomeWideSNP_6_D03_771538	12	43571720	45899825	1378	0.0211
DUNGS_p_TCGA_b84_115_SNP_N_GenomeWideSNP_6_D03_771538	12	45904438	45909537	4	-1.5304
DUNGS_p_TCGA_b84_115_SNP_N_GenomeWideSNP_6_D03_771538	12	45913292	70876349	15214	0.0054
DUNGS_p_TCGA_b84_115_SNP_N_GenomeWideSNP_6_D03_771538	12	70876486	70878027	6	-0.7992
DUNGS_p_TCGA_b84_115_SNP_N_GenomeWideSNP_6_D03_771538	12	70879385	99811021	18603	0.0131
DUNGS_p_TCGA_b84_115_SNP_N_GenomeWideSNP_6_D03_771538	12	99811048	99811559	3	-1.1655
DUNGS_p_TCGA_b84_115_SNP_N_GenomeWideSNP_6_D03_771538	12	99816442	114479737	9432	0.0086
DUNGS_p_TCGA_b84_115_SNP_N_GenomeWideSNP_6_D03_771538	12	114479926	114480853	2	-1.9519
DUNGS_p_TCGA_b84_115_SNP_N_GenomeWideSNP_6_D03_771538	12	114483165	132017499	12651	0.0078
DUNGS_p_TCGA_b84_115_SNP_N_GenomeWideSNP_6_D03_771538	12	132022207	132022561	4	-0.9256
DUNGS_p_TCGA_b84_115_SNP_N_GenomeWideSNP_6_D03_771538	12	132022892	132154907	131	0.0389
DUNGS_p_TCGA_b84_115_SNP_N_GenomeWideSNP_6_D03_771538	12	132159756	132166295	3	-1.889
DUNGS_p_TCGA_b84_115_SNP_N_GenomeWideSNP_6_D03_771538	12	132170068	133778189	548	0.0101
DUNGS_p_TCGA_b84_115_SNP_N_GenomeWideSNP_6_D03_771538	13	19026949	20040704	523	-0.0022
DUNGS_p_TCGA_b84_115_SNP_N_GenomeWideSNP_6_D03_771538	13	20040735	20050389	2	-1.7726
DUNGS_p_TCGA_b84_115_SNP_N_GenomeWideSNP_6_D03_771538	13	20053475	30471289	7553	0.0095
DUNGS_p_TCGA_b84_115_SNP_N_GenomeWideSNP_6_D03_771538	13	30472258	30472965	2	-1.5529
DUNGS_p_TCGA_b84_115_SNP_N_GenomeWideSNP_6_D03_771538	13	30473674	32532121	1574	0.0114
DUNGS_p_TCGA_b84_115_SNP_N_GenomeWideSNP_6_D03_771538	13	32532622	32538423	18	-0.8828
DUNGS_p_TCGA_b84_115_SNP_N_GenomeWideSNP_6_D03_771538	13	32540047	57701906	16456	0.0139
DUNGS_p_TCGA_b84_115_SNP_N_GenomeWideSNP_6_D03_771538	13	57701979	57702567	2	-1.5658
DUNGS_p_TCGA_b84_115_SNP_N_GenomeWideSNP_6_D03_771538	13	57703019	64224205	3863	0.0178
DUNGS_p_TCGA_b84_115_SNP_N_GenomeWideSNP_6_D03_771538	13	64224792	64239563	10	-0.6687
DUNGS_p_TCGA_b84_115_SNP_N_GenomeWideSNP_6_D03_771538	13	64242869	67331365	1937	0.0473
DUNGS_p_TCGA_b84_115_SNP_N_GenomeWideSNP_6_D03_771538	13	67331435	67331876	2	-1.4304
DUNGS_p_TCGA_b84_115_SNP_N_GenomeWideSNP_6_D03_771538	13	67331933	70804396	2213	0.0249
DUNGS_p_TCGA_b84_115_SNP_N_GenomeWideSNP_6_D03_771538	13	70808840	70817836	5	-0.9456
DUNGS_p_TCGA_b84_115_SNP_N_GenomeWideSNP_6_D03_771538	13	70818513	72457764	1025	0.0103
DUNGS_p_TCGA_b84_115_SNP_N_GenomeWideSNP_6_D03_771538	13	72458341	72458368	2	-1.702
DUNGS_p_TCGA_b84_115_SNP_N_GenomeWideSNP_6_D03_771538	13	72461129	83155229	7297	0.0134
DUNGS_p_TCGA_b84_115_SNP_N_GenomeWideSNP_6_D03_771538	13	83155775	83155924	2	-1.8986
DUNGS_p_TCGA_b84_115_SNP_N_GenomeWideSNP_6_D03_771538	13	83163917	83563555	261	0.0088
DUNGS_p_TCGA_b84_115_SNP_N_GenomeWideSNP_6_D03_771538	13	83566783	83567112	2	-1.481
DUNGS_p_TCGA_b84_115_SNP_N_GenomeWideSNP_6_D03_771538	13	83568359	110126536	18534	0.0116
DUNGS_p_TCGA_b84_115_SNP_N_GenomeWideSNP_6_D03_771538	13	110126630	110129209	2	-2.3012
DUNGS_p_TCGA_b84_115_SNP_N_GenomeWideSNP_6_D03_771538	13	110129368	111684010	1269	0.0035
DUNGS_p_TCGA_b84_115_SNP_N_GenomeWideSNP_6_D03_771538	13	111684162	111687222	4	-1.0049
DUNGS_p_TCGA_b84_115_SNP_N_GenomeWideSNP_6_D03_771538	13	111689058	115108397	1819	9e-04
DUNGS_p_TCGA_b84_115_SNP_N_GenomeWideSNP_6_D03_771538	14	19002124	19432799	30	0.0087
DUNGS_p_TCGA_b84_115_SNP_N_GenomeWideSNP_6_D03_771538	14	19434374	19438611	3	1.3243
DUNGS_p_TCGA_b84_115_SNP_N_GenomeWideSNP_6_D03_771538	14	19451076	19604114	11	0.0622
DUNGS_p_TCGA_b84_115_SNP_N_GenomeWideSNP_6_D03_771538	14	19607007	19792968	14	1.0606
DUNGS_p_TCGA_b84_115_SNP_N_GenomeWideSNP_6_D03_771538	14	19795585	20010913	15	0.0086
DUNGS_p_TCGA_b84_115_SNP_N_GenomeWideSNP_6_D03_771538	14	20037146	20423372	117	1.2052
DUNGS_p_TCGA_b84_115_SNP_N_GenomeWideSNP_6_D03_771538	14	20424926	28128284	5190	0.0351
DUNGS_p_TCGA_b84_115_SNP_N_GenomeWideSNP_6_D03_771538	14	28128425	28158833	16	0.4165
DUNGS_p_TCGA_b84_115_SNP_N_GenomeWideSNP_6_D03_771538	14	28159023	28188029	14	0.1313
DUNGS_p_TCGA_b84_115_SNP_N_GenomeWideSNP_6_D03_771538	14	28188171	28189031	2	-1.855
DUNGS_p_TCGA_b84_115_SNP_N_GenomeWideSNP_6_D03_771538	14	28189698	41465368	8278	0.0181
DUNGS_p_TCGA_b84_115_SNP_N_GenomeWideSNP_6_D03_771538	14	41466200	41489187	46	0.2771
DUNGS_p_TCGA_b84_115_SNP_N_GenomeWideSNP_6_D03_771538	14	41489263	41615120	115	0.029
DUNGS_p_TCGA_b84_115_SNP_N_GenomeWideSNP_6_D03_771538	14	41628229	41637429	8	-0.6524
DUNGS_p_TCGA_b84_115_SNP_N_GenomeWideSNP_6_D03_771538	14	41637815	80890157	25099	0.0108
DUNGS_p_TCGA_b84_115_SNP_N_GenomeWideSNP_6_D03_771538	14	80892612	80892882	2	-1.369
DUNGS_p_TCGA_b84_115_SNP_N_GenomeWideSNP_6_D03_771538	14	80897908	106290762	16166	0.009
DUNGS_p_TCGA_b84_115_SNP_N_GenomeWideSNP_6_D03_771538	14	106290842	106290911	2	-1.6598
DUNGS_p_TCGA_b84_115_SNP_N_GenomeWideSNP_6_D03_771538	14	106290981	106460902	60	0.0442
DUNGS_p_TCGA_b84_115_SNP_N_GenomeWideSNP_6_D03_771538	14	106479675	106479941	2	-1.8753
DUNGS_p_TCGA_b84_115_SNP_N_GenomeWideSNP_6_D03_771538	14	106482128	106538062	25	0.0038
DUNGS_p_TCGA_b84_115_SNP_N_GenomeWideSNP_6_D03_771538	14	106541753	106561441	12	0.9745
DUNGS_p_TCGA_b84_115_SNP_N_GenomeWideSNP_6_D03_771538	14	106567100	106777343	102	0.038
DUNGS_p_TCGA_b84_115_SNP_N_GenomeWideSNP_6_D03_771538	14	106783044	106802053	8	-0.7147
DUNGS_p_TCGA_b84_115_SNP_N_GenomeWideSNP_6_D03_771538	14	106815943	107100266	169	0.0933
DUNGS_p_TCGA_b84_115_SNP_N_GenomeWideSNP_6_D03_771538	14	107100596	107102235	3	-1.5866
DUNGS_p_TCGA_b84_115_SNP_N_GenomeWideSNP_6_D03_771538	14	107103272	107122094	7	-0.1356
DUNGS_p_TCGA_b84_115_SNP_N_GenomeWideSNP_6_D03_771538	14	107126425	107198344	75	0.2047
DUNGS_p_TCGA_b84_115_SNP_N_GenomeWideSNP_6_D03_771538	14	107200834	107285437	54	-0.0565
DUNGS_p_TCGA_b84_115_SNP_N_GenomeWideSNP_6_D03_771538	15	20016328	22042753	306	0.0416
DUNGS_p_TCGA_b84_115_SNP_N_GenomeWideSNP_6_D03_771538	15	22263557	22587474	116	0.4246
DUNGS_p_TCGA_b84_115_SNP_N_GenomeWideSNP_6_D03_771538	15	22673399	34731285	7415	0.0233
DUNGS_p_TCGA_b84_115_SNP_N_GenomeWideSNP_6_D03_771538	15	34739872	34794922	45	0.3238
DUNGS_p_TCGA_b84_115_SNP_N_GenomeWideSNP_6_D03_771538	15	34795486	43845503	5708	0.0059
DUNGS_p_TCGA_b84_115_SNP_N_GenomeWideSNP_6_D03_771538	15	43885118	43988553	27	-0.719
DUNGS_p_TCGA_b84_115_SNP_N_GenomeWideSNP_6_D03_771538	15	43990428	53784888	5938	0.0044
DUNGS_p_TCGA_b84_115_SNP_N_GenomeWideSNP_6_D03_771538	15	53784991	53785279	6	-1.2463
DUNGS_p_TCGA_b84_115_SNP_N_GenomeWideSNP_6_D03_771538	15	53790247	54194989	312	0.0195
DUNGS_p_TCGA_b84_115_SNP_N_GenomeWideSNP_6_D03_771538	15	54200350	54202499	3	-0.9223
DUNGS_p_TCGA_b84_115_SNP_N_GenomeWideSNP_6_D03_771538	15	54204228	54765755	446	-0.0015
DUNGS_p_TCGA_b84_115_SNP_N_GenomeWideSNP_6_D03_771538	15	54767777	54773989	3	-1.1019
DUNGS_p_TCGA_b84_115_SNP_N_GenomeWideSNP_6_D03_771538	15	54774076	62442339	5515	0.0118
DUNGS_p_TCGA_b84_115_SNP_N_GenomeWideSNP_6_D03_771538	15	62442386	62451605	2	-1.3448
DUNGS_p_TCGA_b84_115_SNP_N_GenomeWideSNP_6_D03_771538	15	62451859	76891241	8546	0.006
DUNGS_p_TCGA_b84_115_SNP_N_GenomeWideSNP_6_D03_771538	15	76891511	76892004	6	-2.8074
DUNGS_p_TCGA_b84_115_SNP_N_GenomeWideSNP_6_D03_771538	15	76892026	76895775	15	-1.3382
DUNGS_p_TCGA_b84_115_SNP_N_GenomeWideSNP_6_D03_771538	15	76902179	94989977	12154	0.0084
DUNGS_p_TCGA_b84_115_SNP_N_GenomeWideSNP_6_D03_771538	15	94991282	94993970	2	-1.6057
DUNGS_p_TCGA_b84_115_SNP_N_GenomeWideSNP_6_D03_771538	15	94996511	102469040	5544	0.0055
DUNGS_p_TCGA_b84_115_SNP_N_GenomeWideSNP_6_D03_771538	16	60777	398643	172	0.0439
DUNGS_p_TCGA_b84_115_SNP_N_GenomeWideSNP_6_D03_771538	16	400830	401226	3	-1.2325
DUNGS_p_TCGA_b84_115_SNP_N_GenomeWideSNP_6_D03_771538	16	407326	4696626	1765	-0.0059
DUNGS_p_TCGA_b84_115_SNP_N_GenomeWideSNP_6_D03_771538	16	4696654	4704960	3	-1.4646
DUNGS_p_TCGA_b84_115_SNP_N_GenomeWideSNP_6_D03_771538	16	4706378	18198717	10869	0.0172
DUNGS_p_TCGA_b84_115_SNP_N_GenomeWideSNP_6_D03_771538	16	18228118	18238289	2	1.5472
DUNGS_p_TCGA_b84_115_SNP_N_GenomeWideSNP_6_D03_771538	16	18242726	18678111	27	-0.0612
DUNGS_p_TCGA_b84_115_SNP_N_GenomeWideSNP_6_D03_771538	16	18699856	18742110	8	0.5575
DUNGS_p_TCGA_b84_115_SNP_N_GenomeWideSNP_6_D03_771538	16	18743062	19803846	633	0.0164
DUNGS_p_TCGA_b84_115_SNP_N_GenomeWideSNP_6_D03_771538	16	19805021	19805621	2	-1.6965
DUNGS_p_TCGA_b84_115_SNP_N_GenomeWideSNP_6_D03_771538	16	19806921	19944363	57	-0.0312
DUNGS_p_TCGA_b84_115_SNP_N_GenomeWideSNP_6_D03_771538	16	19945650	19965875	28	-0.9281
DUNGS_p_TCGA_b84_115_SNP_N_GenomeWideSNP_6_D03_771538	16	19967362	30646695	5963	0.0107
DUNGS_p_TCGA_b84_115_SNP_N_GenomeWideSNP_6_D03_771538	16	30647273	30668512	4	-1.0707
DUNGS_p_TCGA_b84_115_SNP_N_GenomeWideSNP_6_D03_771538	16	30668790	55795214	7811	0.0067
DUNGS_p_TCGA_b84_115_SNP_N_GenomeWideSNP_6_D03_771538	16	55796389	55822444	22	-0.6197
DUNGS_p_TCGA_b84_115_SNP_N_GenomeWideSNP_6_D03_771538	16	55829557	63448670	4816	0.0028
DUNGS_p_TCGA_b84_115_SNP_N_GenomeWideSNP_6_D03_771538	16	63453033	63453401	2	-1.146
DUNGS_p_TCGA_b84_115_SNP_N_GenomeWideSNP_6_D03_771538	16	63453431	70139542	3953	0.0109
DUNGS_p_TCGA_b84_115_SNP_N_GenomeWideSNP_6_D03_771538	16	70151527	70187194	12	0.535
DUNGS_p_TCGA_b84_115_SNP_N_GenomeWideSNP_6_D03_771538	16	70197767	74384258	2434	0.0038
DUNGS_p_TCGA_b84_115_SNP_N_GenomeWideSNP_6_D03_771538	16	74397058	74407379	7	0.7965
DUNGS_p_TCGA_b84_115_SNP_N_GenomeWideSNP_6_D03_771538	16	74452036	76798472	1600	0.0149
DUNGS_p_TCGA_b84_115_SNP_N_GenomeWideSNP_6_D03_771538	16	76798509	76806428	3	-1.4691
DUNGS_p_TCGA_b84_115_SNP_N_GenomeWideSNP_6_D03_771538	16	76808552	78371608	1612	0.0163
DUNGS_p_TCGA_b84_115_SNP_N_GenomeWideSNP_6_D03_771538	16	78372440	78384738	16	0.8098
DUNGS_p_TCGA_b84_115_SNP_N_GenomeWideSNP_6_D03_771538	16	78384765	90287535	10654	0.0118
DUNGS_p_TCGA_b84_115_SNP_N_GenomeWideSNP_6_D03_771538	17	526	707174	355	0.0137
DUNGS_p_TCGA_b84_115_SNP_N_GenomeWideSNP_6_D03_771538	17	713686	714172	2	-1.6342
DUNGS_p_TCGA_b84_115_SNP_N_GenomeWideSNP_6_D03_771538	17	716459	4611799	2124	0.0061
DUNGS_p_TCGA_b84_115_SNP_N_GenomeWideSNP_6_D03_771538	17	4611876	4632966	6	-0.7877
DUNGS_p_TCGA_b84_115_SNP_N_GenomeWideSNP_6_D03_771538	17	4634102	16654301	8031	0.0146
DUNGS_p_TCGA_b84_115_SNP_N_GenomeWideSNP_6_D03_771538	17	16657331	16722801	10	0.5987
DUNGS_p_TCGA_b84_115_SNP_N_GenomeWideSNP_6_D03_771538	17	16735532	18319862	924	-0.002
DUNGS_p_TCGA_b84_115_SNP_N_GenomeWideSNP_6_D03_771538	17	18355392	18469197	30	-1.2069
DUNGS_p_TCGA_b84_115_SNP_N_GenomeWideSNP_6_D03_771538	17	18474646	20395887	830	0.0102
DUNGS_p_TCGA_b84_115_SNP_N_GenomeWideSNP_6_D03_771538	17	20410231	20413446	2	-1.4127
DUNGS_p_TCGA_b84_115_SNP_N_GenomeWideSNP_6_D03_771538	17	20431180	39421708	8674	0.0101
DUNGS_p_TCGA_b84_115_SNP_N_GenomeWideSNP_6_D03_771538	17	39423014	39430450	23	0.5328
DUNGS_p_TCGA_b84_115_SNP_N_GenomeWideSNP_6_D03_771538	17	39430531	43574921	2164	0.0078
DUNGS_p_TCGA_b84_115_SNP_N_GenomeWideSNP_6_D03_771538	17	43586097	43648504	4	-1.4941
DUNGS_p_TCGA_b84_115_SNP_N_GenomeWideSNP_6_D03_771538	17	43648540	43659426	8	-0.0464
DUNGS_p_TCGA_b84_115_SNP_N_GenomeWideSNP_6_D03_771538	17	43664693	43675472	3	-1.2499
DUNGS_p_TCGA_b84_115_SNP_N_GenomeWideSNP_6_D03_771538	17	43688322	43757020	38	-0.0568
DUNGS_p_TCGA_b84_115_SNP_N_GenomeWideSNP_6_D03_771538	17	43757772	43758131	2	-2.5837
DUNGS_p_TCGA_b84_115_SNP_N_GenomeWideSNP_6_D03_771538	17	43759719	44213712	332	-0.0405
DUNGS_p_TCGA_b84_115_SNP_N_GenomeWideSNP_6_D03_771538	17	44214166	44784678	139	0.4666
DUNGS_p_TCGA_b84_115_SNP_N_GenomeWideSNP_6_D03_771538	17	44784982	55687489	7015	0.0094
DUNGS_p_TCGA_b84_115_SNP_N_GenomeWideSNP_6_D03_771538	17	55688333	55688993	2	1.1375
DUNGS_p_TCGA_b84_115_SNP_N_GenomeWideSNP_6_D03_771538	17	55691993	56212100	352	0.0323
DUNGS_p_TCGA_b84_115_SNP_N_GenomeWideSNP_6_D03_771538	17	56212514	56214094	4	-0.8431
DUNGS_p_TCGA_b84_115_SNP_N_GenomeWideSNP_6_D03_771538	17	56217398	62863556	3177	0.0105
DUNGS_p_TCGA_b84_115_SNP_N_GenomeWideSNP_6_D03_771538	17	62863624	62926038	5	1.0099
DUNGS_p_TCGA_b84_115_SNP_N_GenomeWideSNP_6_D03_771538	17	62926689	69111098	4170	0.0119
DUNGS_p_TCGA_b84_115_SNP_N_GenomeWideSNP_6_D03_771538	17	69113172	69116230	2	-1.2921
DUNGS_p_TCGA_b84_115_SNP_N_GenomeWideSNP_6_D03_771538	17	69116572	70014274	717	-0.0022
DUNGS_p_TCGA_b84_115_SNP_N_GenomeWideSNP_6_D03_771538	17	70014480	70015234	2	-1.3634
DUNGS_p_TCGA_b84_115_SNP_N_GenomeWideSNP_6_D03_771538	17	70017548	75539619	3416	0.0112
DUNGS_p_TCGA_b84_115_SNP_N_GenomeWideSNP_6_D03_771538	17	75539771	75540211	3	1.07
DUNGS_p_TCGA_b84_115_SNP_N_GenomeWideSNP_6_D03_771538	17	75540545	77425787	1174	0.001
DUNGS_p_TCGA_b84_115_SNP_N_GenomeWideSNP_6_D03_771538	17	77426173	77427036	2	-1.5365
DUNGS_p_TCGA_b84_115_SNP_N_GenomeWideSNP_6_D03_771538	17	77430593	81049726	1594	0.0021
DUNGS_p_TCGA_b84_115_SNP_N_GenomeWideSNP_6_D03_771538	18	11543	66746877	42655	0.0098
DUNGS_p_TCGA_b84_115_SNP_N_GenomeWideSNP_6_D03_771538	18	66746887	66753326	27	-0.7456
DUNGS_p_TCGA_b84_115_SNP_N_GenomeWideSNP_6_D03_771538	18	66757696	71574407	3616	0.0571
DUNGS_p_TCGA_b84_115_SNP_N_GenomeWideSNP_6_D03_771538	18	71574443	71575508	2	-1.3723
DUNGS_p_TCGA_b84_115_SNP_N_GenomeWideSNP_6_D03_771538	18	71576657	78015057	4566	0.007
DUNGS_p_TCGA_b84_115_SNP_N_GenomeWideSNP_6_D03_771538	19	90910	35849221	16836	0.0138
DUNGS_p_TCGA_b84_115_SNP_N_GenomeWideSNP_6_D03_771538	19	35849309	35861779	23	-0.592
DUNGS_p_TCGA_b84_115_SNP_N_GenomeWideSNP_6_D03_771538	19	35861848	36830311	443	0.0191
DUNGS_p_TCGA_b84_115_SNP_N_GenomeWideSNP_6_D03_771538	19	36845875	36847498	11	-0.6901
DUNGS_p_TCGA_b84_115_SNP_N_GenomeWideSNP_6_D03_771538	19	36847637	50447527	6713	0.0103
DUNGS_p_TCGA_b84_115_SNP_N_GenomeWideSNP_6_D03_771538	19	50448648	50448756	2	-1.4616
DUNGS_p_TCGA_b84_115_SNP_N_GenomeWideSNP_6_D03_771538	19	50449955	53332039	1767	0.026
DUNGS_p_TCGA_b84_115_SNP_N_GenomeWideSNP_6_D03_771538	19	53332928	53333888	3	-1.2926
DUNGS_p_TCGA_b84_115_SNP_N_GenomeWideSNP_6_D03_771538	19	53333903	53525262	144	0.0098
DUNGS_p_TCGA_b84_115_SNP_N_GenomeWideSNP_6_D03_771538	19	53525535	53554240	18	0.5236
DUNGS_p_TCGA_b84_115_SNP_N_GenomeWideSNP_6_D03_771538	19	53554319	54722275	783	0.0212
DUNGS_p_TCGA_b84_115_SNP_N_GenomeWideSNP_6_D03_771538	19	54730202	54741319	17	0.9776
DUNGS_p_TCGA_b84_115_SNP_N_GenomeWideSNP_6_D03_771538	19	54753340	59097854	2616	0.0058
DUNGS_p_TCGA_b84_115_SNP_N_GenomeWideSNP_6_D03_771538	20	61305	182013	93	0.0882
DUNGS_p_TCGA_b84_115_SNP_N_GenomeWideSNP_6_D03_771538	20	182098	185926	2	-1.0358
DUNGS_p_TCGA_b84_115_SNP_N_GenomeWideSNP_6_D03_771538	20	186001	1560951	1111	0.0276
DUNGS_p_TCGA_b84_115_SNP_N_GenomeWideSNP_6_D03_771538	20	1560999	1593893	42	1.8171
DUNGS_p_TCGA_b84_115_SNP_N_GenomeWideSNP_6_D03_771538	20	1597946	62956153	41286	0.0107
DUNGS_p_TCGA_b84_115_SNP_N_GenomeWideSNP_6_D03_771538	21	10736871	10954126	37	-0.7091
DUNGS_p_TCGA_b84_115_SNP_N_GenomeWideSNP_6_D03_771538	21	10954181	14775729	223	-0.0581
DUNGS_p_TCGA_b84_115_SNP_N_GenomeWideSNP_6_D03_771538	21	14780143	14780321	3	-1.505
DUNGS_p_TCGA_b84_115_SNP_N_GenomeWideSNP_6_D03_771538	21	14780336	24519352	6871	0.0286
DUNGS_p_TCGA_b84_115_SNP_N_GenomeWideSNP_6_D03_771538	21	24519354	24519355	2	-1.7514
DUNGS_p_TCGA_b84_115_SNP_N_GenomeWideSNP_6_D03_771538	21	24521102	33237983	6486	0.0113
DUNGS_p_TCGA_b84_115_SNP_N_GenomeWideSNP_6_D03_771538	21	33240027	33240048	2	-1.8613
DUNGS_p_TCGA_b84_115_SNP_N_GenomeWideSNP_6_D03_771538	21	33251549	48096957	10809	0.0077
DUNGS_p_TCGA_b84_115_SNP_N_GenomeWideSNP_6_D03_771538	22	16052528	16240382	34	0.6793
DUNGS_p_TCGA_b84_115_SNP_N_GenomeWideSNP_6_D03_771538	22	16240484	16361969	10	-0.1054
DUNGS_p_TCGA_b84_115_SNP_N_GenomeWideSNP_6_D03_771538	22	16365495	16425217	18	0.58
DUNGS_p_TCGA_b84_115_SNP_N_GenomeWideSNP_6_D03_771538	22	16444867	24271692	4529	0.0057
DUNGS_p_TCGA_b84_115_SNP_N_GenomeWideSNP_6_D03_771538	22	24271745	24330218	27	-0.438
DUNGS_p_TCGA_b84_115_SNP_N_GenomeWideSNP_6_D03_771538	22	24330269	24331967	2	-3.2876
DUNGS_p_TCGA_b84_115_SNP_N_GenomeWideSNP_6_D03_771538	22	24332625	24344422	5	-0.3298
DUNGS_p_TCGA_b84_115_SNP_N_GenomeWideSNP_6_D03_771538	22	24350529	24396814	19	0.6648
DUNGS_p_TCGA_b84_115_SNP_N_GenomeWideSNP_6_D03_771538	22	24401529	25663985	823	0.0168
DUNGS_p_TCGA_b84_115_SNP_N_GenomeWideSNP_6_D03_771538	22	25664249	25845937	175	0.5437
DUNGS_p_TCGA_b84_115_SNP_N_GenomeWideSNP_6_D03_771538	22	25846218	25854879	7	-0.1804
DUNGS_p_TCGA_b84_115_SNP_N_GenomeWideSNP_6_D03_771538	22	25855493	25918709	111	0.6106
DUNGS_p_TCGA_b84_115_SNP_N_GenomeWideSNP_6_D03_771538	22	25922342	51234455	17823	0.0083
DUNGS_p_TCGA_b84_115_SNP_N_GenomeWideSNP_6_D03_771538	X	168477	38297600	23888	0.0205
DUNGS_p_TCGA_b84_115_SNP_N_GenomeWideSNP_6_D03_771538	X	38297836	38298009	2	-2.3692
DUNGS_p_TCGA_b84_115_SNP_N_GenomeWideSNP_6_D03_771538	X	38298042	87762465	22521	0.0087
DUNGS_p_TCGA_b84_115_SNP_N_GenomeWideSNP_6_D03_771538	X	87763168	87766994	3	-1.5149
DUNGS_p_TCGA_b84_115_SNP_N_GenomeWideSNP_6_D03_771538	X	87767498	94367050	3187	0.0229
DUNGS_p_TCGA_b84_115_SNP_N_GenomeWideSNP_6_D03_771538	X	94368748	94372488	3	-1.5201
DUNGS_p_TCGA_b84_115_SNP_N_GenomeWideSNP_6_D03_771538	X	94374652	134749203	22521	0.0121
DUNGS_p_TCGA_b84_115_SNP_N_GenomeWideSNP_6_D03_771538	X	134749426	134807391	34	1.0682
DUNGS_p_TCGA_b84_115_SNP_N_GenomeWideSNP_6_D03_771538	X	134807441	139214478	2688	0.0053
DUNGS_p_TCGA_b84_115_SNP_N_GenomeWideSNP_6_D03_771538	X	139214818	139219835	5	-1.2089
DUNGS_p_TCGA_b84_115_SNP_N_GenomeWideSNP_6_D03_771538	X	139224442	145830727	4454	0.0175
DUNGS_p_TCGA_b84_115_SNP_N_GenomeWideSNP_6_D03_771538	X	145830877	145830891	2	-5.7662
DUNGS_p_TCGA_b84_115_SNP_N_GenomeWideSNP_6_D03_771538	X	145831331	150229323	2869	0.0185
DUNGS_p_TCGA_b84_115_SNP_N_GenomeWideSNP_6_D03_771538	X	150231228	150232270	2	-1.7249
DUNGS_p_TCGA_b84_115_SNP_N_GenomeWideSNP_6_D03_771538	X	150232942	155182354	2483	-0.0025
DUNGS_p_TCGA_b84_115_SNP_N_GenomeWideSNP_6_D03_771538	Y	2650438	59018259	8635	-0.876
