Sample	Chromosome	Start	End	Num_Probes	Segment_Mean
DUNGS_p_TCGA_b84_115_SNP_N_GenomeWideSNP_6_A11_771648	1	61735	86324	14	-0.2695
DUNGS_p_TCGA_b84_115_SNP_N_GenomeWideSNP_6_A11_771648	1	86341	625470	20	0.3243
DUNGS_p_TCGA_b84_115_SNP_N_GenomeWideSNP_6_A11_771648	1	707099	12892508	6530	0.0067
DUNGS_p_TCGA_b84_115_SNP_N_GenomeWideSNP_6_A11_771648	1	12909977	12927107	7	-0.9109
DUNGS_p_TCGA_b84_115_SNP_N_GenomeWideSNP_6_A11_771648	1	12927856	16428142	1966	0.0074
DUNGS_p_TCGA_b84_115_SNP_N_GenomeWideSNP_6_A11_771648	1	16430385	16434727	3	-1.0155
DUNGS_p_TCGA_b84_115_SNP_N_GenomeWideSNP_6_A11_771648	1	16436771	17190004	299	0.0501
DUNGS_p_TCGA_b84_115_SNP_N_GenomeWideSNP_6_A11_771648	1	17190862	17260618	54	0.469
DUNGS_p_TCGA_b84_115_SNP_N_GenomeWideSNP_6_A11_771648	1	17261211	19586967	1680	0.0054
DUNGS_p_TCGA_b84_115_SNP_N_GenomeWideSNP_6_A11_771648	1	19604101	19608769	4	-1.1238
DUNGS_p_TCGA_b84_115_SNP_N_GenomeWideSNP_6_A11_771648	1	19616913	25458699	3519	2e-04
DUNGS_p_TCGA_b84_115_SNP_N_GenomeWideSNP_6_A11_771648	1	25459354	25459480	4	-1.2384
DUNGS_p_TCGA_b84_115_SNP_N_GenomeWideSNP_6_A11_771648	1	25459560	25583341	76	0.0209
DUNGS_p_TCGA_b84_115_SNP_N_GenomeWideSNP_6_A11_771648	1	25593128	25646986	28	0.4746
DUNGS_p_TCGA_b84_115_SNP_N_GenomeWideSNP_6_A11_771648	1	25661501	58719909	19045	0.0039
DUNGS_p_TCGA_b84_115_SNP_N_GenomeWideSNP_6_A11_771648	1	58723558	58733326	13	0.5888
DUNGS_p_TCGA_b84_115_SNP_N_GenomeWideSNP_6_A11_771648	1	58742470	72768498	9820	0.0063
DUNGS_p_TCGA_b84_115_SNP_N_GenomeWideSNP_6_A11_771648	1	72768916	72811133	45	-1.6823
DUNGS_p_TCGA_b84_115_SNP_N_GenomeWideSNP_6_A11_771648	1	72811148	76050844	1934	3e-04
DUNGS_p_TCGA_b84_115_SNP_N_GenomeWideSNP_6_A11_771648	1	76054763	76054854	2	-2.2292
DUNGS_p_TCGA_b84_115_SNP_N_GenomeWideSNP_6_A11_771648	1	76059509	84124004	5371	0.0089
DUNGS_p_TCGA_b84_115_SNP_N_GenomeWideSNP_6_A11_771648	1	84124469	84132014	6	-0.9994
DUNGS_p_TCGA_b84_115_SNP_N_GenomeWideSNP_6_A11_771648	1	84133862	95130697	7157	0.0052
DUNGS_p_TCGA_b84_115_SNP_N_GenomeWideSNP_6_A11_771648	1	95130766	95152850	57	-1.0345
DUNGS_p_TCGA_b84_115_SNP_N_GenomeWideSNP_6_A11_771648	1	95155385	105344840	6159	0.0057
DUNGS_p_TCGA_b84_115_SNP_N_GenomeWideSNP_6_A11_771648	1	105347190	105350772	2	-1.0709
DUNGS_p_TCGA_b84_115_SNP_N_GenomeWideSNP_6_A11_771648	1	105355973	106019483	371	-0.0125
DUNGS_p_TCGA_b84_115_SNP_N_GenomeWideSNP_6_A11_771648	1	106021204	106022375	12	-0.6978
DUNGS_p_TCGA_b84_115_SNP_N_GenomeWideSNP_6_A11_771648	1	106024055	108729759	1944	0.0015
DUNGS_p_TCGA_b84_115_SNP_N_GenomeWideSNP_6_A11_771648	1	108734235	108737496	3	-1.0586
DUNGS_p_TCGA_b84_115_SNP_N_GenomeWideSNP_6_A11_771648	1	108739104	112063323	2168	0.023
DUNGS_p_TCGA_b84_115_SNP_N_GenomeWideSNP_6_A11_771648	1	112063791	112068174	3	0.861
DUNGS_p_TCGA_b84_115_SNP_N_GenomeWideSNP_6_A11_771648	1	112069015	112690326	530	-0.0127
DUNGS_p_TCGA_b84_115_SNP_N_GenomeWideSNP_6_A11_771648	1	112695965	112696273	4	0.7961
DUNGS_p_TCGA_b84_115_SNP_N_GenomeWideSNP_6_A11_771648	1	112696308	144842558	5267	0.0104
DUNGS_p_TCGA_b84_115_SNP_N_GenomeWideSNP_6_A11_771648	1	144849539	144849552	3	1.433
DUNGS_p_TCGA_b84_115_SNP_N_GenomeWideSNP_6_A11_771648	1	144865627	152555706	2799	0.0631
DUNGS_p_TCGA_b84_115_SNP_N_GenomeWideSNP_6_A11_771648	1	152555767	152586594	34	1.0599
DUNGS_p_TCGA_b84_115_SNP_N_GenomeWideSNP_6_A11_771648	1	152590494	152761923	172	0.019
DUNGS_p_TCGA_b84_115_SNP_N_GenomeWideSNP_6_A11_771648	1	152761939	152768700	36	0.5814
DUNGS_p_TCGA_b84_115_SNP_N_GenomeWideSNP_6_A11_771648	1	152773905	155180466	1345	0.0026
DUNGS_p_TCGA_b84_115_SNP_N_GenomeWideSNP_6_A11_771648	1	155189160	155201064	11	1.2399
DUNGS_p_TCGA_b84_115_SNP_N_GenomeWideSNP_6_A11_771648	1	155211667	158866573	2269	0.0048
DUNGS_p_TCGA_b84_115_SNP_N_GenomeWideSNP_6_A11_771648	1	158868501	158869759	2	1.1231
DUNGS_p_TCGA_b84_115_SNP_N_GenomeWideSNP_6_A11_771648	1	158874818	162280725	2254	0.0092
DUNGS_p_TCGA_b84_115_SNP_N_GenomeWideSNP_6_A11_771648	1	162283911	162284234	3	-0.8435
DUNGS_p_TCGA_b84_115_SNP_N_GenomeWideSNP_6_A11_771648	1	162286942	174796405	9003	0.0092
DUNGS_p_TCGA_b84_115_SNP_N_GenomeWideSNP_6_A11_771648	1	174796556	174801737	15	-0.7565
DUNGS_p_TCGA_b84_115_SNP_N_GenomeWideSNP_6_A11_771648	1	174801840	179323738	3083	0.0054
DUNGS_p_TCGA_b84_115_SNP_N_GenomeWideSNP_6_A11_771648	1	179330528	179333315	4	-1.071
DUNGS_p_TCGA_b84_115_SNP_N_GenomeWideSNP_6_A11_771648	1	179339206	196709760	11585	0.0067
DUNGS_p_TCGA_b84_115_SNP_N_GenomeWideSNP_6_A11_771648	1	196711067	196815791	100	0.4778
DUNGS_p_TCGA_b84_115_SNP_N_GenomeWideSNP_6_A11_771648	1	196816730	199111363	1381	0.0081
DUNGS_p_TCGA_b84_115_SNP_N_GenomeWideSNP_6_A11_771648	1	199111426	199113011	7	-3.0194
DUNGS_p_TCGA_b84_115_SNP_N_GenomeWideSNP_6_A11_771648	1	199113840	210071062	7439	0.001
DUNGS_p_TCGA_b84_115_SNP_N_GenomeWideSNP_6_A11_771648	1	210081613	210083984	3	-1.7595
DUNGS_p_TCGA_b84_115_SNP_N_GenomeWideSNP_6_A11_771648	1	210086552	229811169	13077	0.0061
DUNGS_p_TCGA_b84_115_SNP_N_GenomeWideSNP_6_A11_771648	1	229816856	229820196	3	-0.8913
DUNGS_p_TCGA_b84_115_SNP_N_GenomeWideSNP_6_A11_771648	1	229820456	240391740	8131	0.0018
DUNGS_p_TCGA_b84_115_SNP_N_GenomeWideSNP_6_A11_771648	1	240394015	240394139	6	-1.4788
DUNGS_p_TCGA_b84_115_SNP_N_GenomeWideSNP_6_A11_771648	1	240396105	243044281	2075	0.0094
DUNGS_p_TCGA_b84_115_SNP_N_GenomeWideSNP_6_A11_771648	1	243044307	243059763	42	0.2845
DUNGS_p_TCGA_b84_115_SNP_N_GenomeWideSNP_6_A11_771648	1	243059774	245675778	1626	0.0053
DUNGS_p_TCGA_b84_115_SNP_N_GenomeWideSNP_6_A11_771648	1	245683675	245683759	2	-1.1365
DUNGS_p_TCGA_b84_115_SNP_N_GenomeWideSNP_6_A11_771648	1	245684822	248605752	1976	0.0332
DUNGS_p_TCGA_b84_115_SNP_N_GenomeWideSNP_6_A11_771648	1	248610056	248637264	11	0.628
DUNGS_p_TCGA_b84_115_SNP_N_GenomeWideSNP_6_A11_771648	1	248638626	248736075	25	0.134
DUNGS_p_TCGA_b84_115_SNP_N_GenomeWideSNP_6_A11_771648	1	248737447	248795289	31	-0.8917
DUNGS_p_TCGA_b84_115_SNP_N_GenomeWideSNP_6_A11_771648	1	248795852	249224388	148	0.0302
DUNGS_p_TCGA_b84_115_SNP_N_GenomeWideSNP_6_A11_771648	2	12784	4205687	2991	0.0137
DUNGS_p_TCGA_b84_115_SNP_N_GenomeWideSNP_6_A11_771648	2	4213864	4222539	33	0.3262
DUNGS_p_TCGA_b84_115_SNP_N_GenomeWideSNP_6_A11_771648	2	4222649	23465144	14275	0.0058
DUNGS_p_TCGA_b84_115_SNP_N_GenomeWideSNP_6_A11_771648	2	23466866	23473557	7	-0.6695
DUNGS_p_TCGA_b84_115_SNP_N_GenomeWideSNP_6_A11_771648	2	23475786	26362515	1529	0.0077
DUNGS_p_TCGA_b84_115_SNP_N_GenomeWideSNP_6_A11_771648	2	26364442	26380618	13	-0.812
DUNGS_p_TCGA_b84_115_SNP_N_GenomeWideSNP_6_A11_771648	2	26384667	34520473	5189	0.0043
DUNGS_p_TCGA_b84_115_SNP_N_GenomeWideSNP_6_A11_771648	2	34523978	34525580	2	-1.2895
DUNGS_p_TCGA_b84_115_SNP_N_GenomeWideSNP_6_A11_771648	2	34525967	34691069	95	-0.0256
DUNGS_p_TCGA_b84_115_SNP_N_GenomeWideSNP_6_A11_771648	2	34699315	34737057	46	0.4285
DUNGS_p_TCGA_b84_115_SNP_N_GenomeWideSNP_6_A11_771648	2	34737163	35542071	522	0.0151
DUNGS_p_TCGA_b84_115_SNP_N_GenomeWideSNP_6_A11_771648	2	35543175	35543362	2	-1.238
DUNGS_p_TCGA_b84_115_SNP_N_GenomeWideSNP_6_A11_771648	2	35567026	52743925	12531	0.0104
DUNGS_p_TCGA_b84_115_SNP_N_GenomeWideSNP_6_A11_771648	2	52754468	52781542	40	0.8288
DUNGS_p_TCGA_b84_115_SNP_N_GenomeWideSNP_6_A11_771648	2	52787949	73515196	13409	0.007
DUNGS_p_TCGA_b84_115_SNP_N_GenomeWideSNP_6_A11_771648	2	73521866	73521882	2	-1.3505
DUNGS_p_TCGA_b84_115_SNP_N_GenomeWideSNP_6_A11_771648	2	73522700	75092030	853	0.0134
DUNGS_p_TCGA_b84_115_SNP_N_GenomeWideSNP_6_A11_771648	2	75092561	75094258	6	-1.4684
DUNGS_p_TCGA_b84_115_SNP_N_GenomeWideSNP_6_A11_771648	2	75094884	81812181	4715	0.0045
DUNGS_p_TCGA_b84_115_SNP_N_GenomeWideSNP_6_A11_771648	2	81812506	81816294	9	-1.3324
DUNGS_p_TCGA_b84_115_SNP_N_GenomeWideSNP_6_A11_771648	2	81817139	87815648	3203	-0.0022
DUNGS_p_TCGA_b84_115_SNP_N_GenomeWideSNP_6_A11_771648	2	87815681	87819389	2	-2.2663
DUNGS_p_TCGA_b84_115_SNP_N_GenomeWideSNP_6_A11_771648	2	87819818	97857927	1868	0.043
DUNGS_p_TCGA_b84_115_SNP_N_GenomeWideSNP_6_A11_771648	2	97865337	97876273	12	-0.5081
DUNGS_p_TCGA_b84_115_SNP_N_GenomeWideSNP_6_A11_771648	2	97876806	98118212	27	0.0763
DUNGS_p_TCGA_b84_115_SNP_N_GenomeWideSNP_6_A11_771648	2	98140747	98162189	9	0.9486
DUNGS_p_TCGA_b84_115_SNP_N_GenomeWideSNP_6_A11_771648	2	98166878	132219998	20406	0.0061
DUNGS_p_TCGA_b84_115_SNP_N_GenomeWideSNP_6_A11_771648	2	132221406	132226368	5	-1.6577
DUNGS_p_TCGA_b84_115_SNP_N_GenomeWideSNP_6_A11_771648	2	132226792	141550083	5898	0.0056
DUNGS_p_TCGA_b84_115_SNP_N_GenomeWideSNP_6_A11_771648	2	141557341	141558025	2	1.2346
DUNGS_p_TCGA_b84_115_SNP_N_GenomeWideSNP_6_A11_771648	2	141560690	146862085	3255	0.0062
DUNGS_p_TCGA_b84_115_SNP_N_GenomeWideSNP_6_A11_771648	2	146864404	146866934	24	0.658
DUNGS_p_TCGA_b84_115_SNP_N_GenomeWideSNP_6_A11_771648	2	146877806	151225899	2372	-6e-04
DUNGS_p_TCGA_b84_115_SNP_N_GenomeWideSNP_6_A11_771648	2	151227078	151229167	3	-0.9358
DUNGS_p_TCGA_b84_115_SNP_N_GenomeWideSNP_6_A11_771648	2	151230217	181947480	19245	0.0066
DUNGS_p_TCGA_b84_115_SNP_N_GenomeWideSNP_6_A11_771648	2	181949510	181949523	2	-1.1526
DUNGS_p_TCGA_b84_115_SNP_N_GenomeWideSNP_6_A11_771648	2	181949602	187671379	3358	0.013
DUNGS_p_TCGA_b84_115_SNP_N_GenomeWideSNP_6_A11_771648	2	187674965	187675853	2	-1.5008
DUNGS_p_TCGA_b84_115_SNP_N_GenomeWideSNP_6_A11_771648	2	187682597	189265626	845	0.0051
DUNGS_p_TCGA_b84_115_SNP_N_GenomeWideSNP_6_A11_771648	2	189284361	189288555	4	0.6898
DUNGS_p_TCGA_b84_115_SNP_N_GenomeWideSNP_6_A11_771648	2	189291345	191838204	1468	0.0116
DUNGS_p_TCGA_b84_115_SNP_N_GenomeWideSNP_6_A11_771648	2	191838342	191838348	2	-0.8687
DUNGS_p_TCGA_b84_115_SNP_N_GenomeWideSNP_6_A11_771648	2	191839960	192579892	523	0.0175
DUNGS_p_TCGA_b84_115_SNP_N_GenomeWideSNP_6_A11_771648	2	192580929	192581129	2	-1.3234
DUNGS_p_TCGA_b84_115_SNP_N_GenomeWideSNP_6_A11_771648	2	192581534	226954448	21321	0.0032
DUNGS_p_TCGA_b84_115_SNP_N_GenomeWideSNP_6_A11_771648	2	226956763	226961418	9	-1.1363
DUNGS_p_TCGA_b84_115_SNP_N_GenomeWideSNP_6_A11_771648	2	226963698	243089456	10055	0.0044
DUNGS_p_TCGA_b84_115_SNP_N_GenomeWideSNP_6_A11_771648	3	60345	209758	141	0.022
DUNGS_p_TCGA_b84_115_SNP_N_GenomeWideSNP_6_A11_771648	3	212245	215871	5	-0.8298
DUNGS_p_TCGA_b84_115_SNP_N_GenomeWideSNP_6_A11_771648	3	216035	224602	11	0.1528
DUNGS_p_TCGA_b84_115_SNP_N_GenomeWideSNP_6_A11_771648	3	230022	232800	4	-0.8199
DUNGS_p_TCGA_b84_115_SNP_N_GenomeWideSNP_6_A11_771648	3	234877	6765703	5809	0.0252
DUNGS_p_TCGA_b84_115_SNP_N_GenomeWideSNP_6_A11_771648	3	6767906	6773967	5	-0.7193
DUNGS_p_TCGA_b84_115_SNP_N_GenomeWideSNP_6_A11_771648	3	6776587	46793377	27308	0.0073
DUNGS_p_TCGA_b84_115_SNP_N_GenomeWideSNP_6_A11_771648	3	46801817	46849589	41	-0.8229
DUNGS_p_TCGA_b84_115_SNP_N_GenomeWideSNP_6_A11_771648	3	46859479	48952690	833	0.0049
DUNGS_p_TCGA_b84_115_SNP_N_GenomeWideSNP_6_A11_771648	3	48953066	48959169	2	-0.9937
DUNGS_p_TCGA_b84_115_SNP_N_GenomeWideSNP_6_A11_771648	3	48961031	53022867	1658	0.0026
DUNGS_p_TCGA_b84_115_SNP_N_GenomeWideSNP_6_A11_771648	3	53022893	53039455	45	0.2611
DUNGS_p_TCGA_b84_115_SNP_N_GenomeWideSNP_6_A11_771648	3	53039489	75530895	16983	0.0087
DUNGS_p_TCGA_b84_115_SNP_N_GenomeWideSNP_6_A11_771648	3	75530987	75739363	58	0.2636
DUNGS_p_TCGA_b84_115_SNP_N_GenomeWideSNP_6_A11_771648	3	75741165	98944598	10990	0.0073
DUNGS_p_TCGA_b84_115_SNP_N_GenomeWideSNP_6_A11_771648	3	98944619	98949421	33	0.4072
DUNGS_p_TCGA_b84_115_SNP_N_GenomeWideSNP_6_A11_771648	3	98950964	116204301	10488	0.0018
DUNGS_p_TCGA_b84_115_SNP_N_GenomeWideSNP_6_A11_771648	3	116206725	116215739	6	-1.0392
DUNGS_p_TCGA_b84_115_SNP_N_GenomeWideSNP_6_A11_771648	3	116217615	129760622	8266	0.0123
DUNGS_p_TCGA_b84_115_SNP_N_GenomeWideSNP_6_A11_771648	3	129761124	129808555	58	0.4827
DUNGS_p_TCGA_b84_115_SNP_N_GenomeWideSNP_6_A11_771648	3	129808811	131336333	881	0.0124
DUNGS_p_TCGA_b84_115_SNP_N_GenomeWideSNP_6_A11_771648	3	131336483	131336498	2	-1.1228
DUNGS_p_TCGA_b84_115_SNP_N_GenomeWideSNP_6_A11_771648	3	131338265	136019099	3153	0.0052
DUNGS_p_TCGA_b84_115_SNP_N_GenomeWideSNP_6_A11_771648	3	136022951	136025426	2	1.2012
DUNGS_p_TCGA_b84_115_SNP_N_GenomeWideSNP_6_A11_771648	3	136038541	137033060	471	0.015
DUNGS_p_TCGA_b84_115_SNP_N_GenomeWideSNP_6_A11_771648	3	137033260	137033263	3	1.4624
DUNGS_p_TCGA_b84_115_SNP_N_GenomeWideSNP_6_A11_771648	3	137033422	162508192	15791	0.0145
DUNGS_p_TCGA_b84_115_SNP_N_GenomeWideSNP_6_A11_771648	3	162508268	162626603	73	0.5882
DUNGS_p_TCGA_b84_115_SNP_N_GenomeWideSNP_6_A11_771648	3	162628614	162714517	70	0.0682
DUNGS_p_TCGA_b84_115_SNP_N_GenomeWideSNP_6_A11_771648	3	162717727	162719562	2	1.1404
DUNGS_p_TCGA_b84_115_SNP_N_GenomeWideSNP_6_A11_771648	3	162726159	186698098	14625	0.0176
DUNGS_p_TCGA_b84_115_SNP_N_GenomeWideSNP_6_A11_771648	3	186700837	186700923	2	-1.8709
DUNGS_p_TCGA_b84_115_SNP_N_GenomeWideSNP_6_A11_771648	3	186708804	192090624	3959	0.0153
DUNGS_p_TCGA_b84_115_SNP_N_GenomeWideSNP_6_A11_771648	3	192091923	192093296	10	-0.6255
DUNGS_p_TCGA_b84_115_SNP_N_GenomeWideSNP_6_A11_771648	3	192093489	192877962	543	0.0024
DUNGS_p_TCGA_b84_115_SNP_N_GenomeWideSNP_6_A11_771648	3	192878045	192882903	18	1.3536
DUNGS_p_TCGA_b84_115_SNP_N_GenomeWideSNP_6_A11_771648	3	192886435	197896118	2708	0.0221
DUNGS_p_TCGA_b84_115_SNP_N_GenomeWideSNP_6_A11_771648	4	12281	21426	10	-0.0893
DUNGS_p_TCGA_b84_115_SNP_N_GenomeWideSNP_6_A11_771648	4	22881	69520	51	0.2419
DUNGS_p_TCGA_b84_115_SNP_N_GenomeWideSNP_6_A11_771648	4	69713	4009358	1609	0.0137
DUNGS_p_TCGA_b84_115_SNP_N_GenomeWideSNP_6_A11_771648	4	4014601	4015597	3	0.8795
DUNGS_p_TCGA_b84_115_SNP_N_GenomeWideSNP_6_A11_771648	4	4025271	8724543	3519	0.0088
DUNGS_p_TCGA_b84_115_SNP_N_GenomeWideSNP_6_A11_771648	4	9370690	9451923	61	0.5788
DUNGS_p_TCGA_b84_115_SNP_N_GenomeWideSNP_6_A11_771648	4	9456977	10209946	550	0.0135
DUNGS_p_TCGA_b84_115_SNP_N_GenomeWideSNP_6_A11_771648	4	10209963	10239297	46	0.3244
DUNGS_p_TCGA_b84_115_SNP_N_GenomeWideSNP_6_A11_771648	4	10240663	21372003	8213	0.0043
DUNGS_p_TCGA_b84_115_SNP_N_GenomeWideSNP_6_A11_771648	4	21372039	21372584	7	-0.9806
DUNGS_p_TCGA_b84_115_SNP_N_GenomeWideSNP_6_A11_771648	4	21372633	21376851	7	-2.9447
DUNGS_p_TCGA_b84_115_SNP_N_GenomeWideSNP_6_A11_771648	4	21383740	34778975	8772	0.0016
DUNGS_p_TCGA_b84_115_SNP_N_GenomeWideSNP_6_A11_771648	4	34779004	34829872	43	0.5575
DUNGS_p_TCGA_b84_115_SNP_N_GenomeWideSNP_6_A11_771648	4	34829913	42266073	4918	0.0057
DUNGS_p_TCGA_b84_115_SNP_N_GenomeWideSNP_6_A11_771648	4	42266429	42266897	2	-1.1627
DUNGS_p_TCGA_b84_115_SNP_N_GenomeWideSNP_6_A11_771648	4	42269574	45005755	1731	0.0021
DUNGS_p_TCGA_b84_115_SNP_N_GenomeWideSNP_6_A11_771648	4	45005852	45006335	4	-1.0488
DUNGS_p_TCGA_b84_115_SNP_N_GenomeWideSNP_6_A11_771648	4	45010969	64690878	9945	0.0126
DUNGS_p_TCGA_b84_115_SNP_N_GenomeWideSNP_6_A11_771648	4	64691407	64708258	33	0.2979
DUNGS_p_TCGA_b84_115_SNP_N_GenomeWideSNP_6_A11_771648	4	64716431	65819729	660	0.0078
DUNGS_p_TCGA_b84_115_SNP_N_GenomeWideSNP_6_A11_771648	4	65819967	65837085	34	-0.8601
DUNGS_p_TCGA_b84_115_SNP_N_GenomeWideSNP_6_A11_771648	4	65839866	70120322	2579	0.0097
DUNGS_p_TCGA_b84_115_SNP_N_GenomeWideSNP_6_A11_771648	4	70120699	70258331	73	0.3275
DUNGS_p_TCGA_b84_115_SNP_N_GenomeWideSNP_6_A11_771648	4	70260294	86970401	10444	0.0057
DUNGS_p_TCGA_b84_115_SNP_N_GenomeWideSNP_6_A11_771648	4	86974515	86979764	22	-0.8604
DUNGS_p_TCGA_b84_115_SNP_N_GenomeWideSNP_6_A11_771648	4	86979944	104201019	10201	0.0088
DUNGS_p_TCGA_b84_115_SNP_N_GenomeWideSNP_6_A11_771648	4	104206814	104247934	49	-0.8454
DUNGS_p_TCGA_b84_115_SNP_N_GenomeWideSNP_6_A11_771648	4	104249405	108075558	2238	0.0066
DUNGS_p_TCGA_b84_115_SNP_N_GenomeWideSNP_6_A11_771648	4	108076023	108076382	3	-0.9076
DUNGS_p_TCGA_b84_115_SNP_N_GenomeWideSNP_6_A11_771648	4	108076519	122281973	8797	0.0079
DUNGS_p_TCGA_b84_115_SNP_N_GenomeWideSNP_6_A11_771648	4	122282468	122285135	28	-0.7973
DUNGS_p_TCGA_b84_115_SNP_N_GenomeWideSNP_6_A11_771648	4	122291131	125994844	2090	0.0076
DUNGS_p_TCGA_b84_115_SNP_N_GenomeWideSNP_6_A11_771648	4	125996360	125996961	4	-0.8327
DUNGS_p_TCGA_b84_115_SNP_N_GenomeWideSNP_6_A11_771648	4	126000196	138092195	6794	0.01
DUNGS_p_TCGA_b84_115_SNP_N_GenomeWideSNP_6_A11_771648	4	138092239	138093414	15	-0.8929
DUNGS_p_TCGA_b84_115_SNP_N_GenomeWideSNP_6_A11_771648	4	138094958	170577248	20377	0.0101
DUNGS_p_TCGA_b84_115_SNP_N_GenomeWideSNP_6_A11_771648	4	170577416	170577907	2	-1.3378
DUNGS_p_TCGA_b84_115_SNP_N_GenomeWideSNP_6_A11_771648	4	170578528	172987928	1520	0.0073
DUNGS_p_TCGA_b84_115_SNP_N_GenomeWideSNP_6_A11_771648	4	172989148	172989519	11	-1.9706
DUNGS_p_TCGA_b84_115_SNP_N_GenomeWideSNP_6_A11_771648	4	172989533	173422522	233	0.008
DUNGS_p_TCGA_b84_115_SNP_N_GenomeWideSNP_6_A11_771648	4	173424947	173428643	7	1.4019
DUNGS_p_TCGA_b84_115_SNP_N_GenomeWideSNP_6_A11_771648	4	173441132	183568672	6900	0.0084
DUNGS_p_TCGA_b84_115_SNP_N_GenomeWideSNP_6_A11_771648	4	183571340	183572390	4	-0.8003
DUNGS_p_TCGA_b84_115_SNP_N_GenomeWideSNP_6_A11_771648	4	183573390	189124006	3747	0.0293
DUNGS_p_TCGA_b84_115_SNP_N_GenomeWideSNP_6_A11_771648	4	189126095	189138799	8	-0.594
DUNGS_p_TCGA_b84_115_SNP_N_GenomeWideSNP_6_A11_771648	4	189139191	189221258	60	0.0132
DUNGS_p_TCGA_b84_115_SNP_N_GenomeWideSNP_6_A11_771648	4	189221360	189221424	3	1.8818
DUNGS_p_TCGA_b84_115_SNP_N_GenomeWideSNP_6_A11_771648	4	189221439	191027923	1178	0.0596
DUNGS_p_TCGA_b84_115_SNP_N_GenomeWideSNP_6_A11_771648	5	15532	10828502	8818	0.0168
DUNGS_p_TCGA_b84_115_SNP_N_GenomeWideSNP_6_A11_771648	5	10828586	10832271	6	0.6425
DUNGS_p_TCGA_b84_115_SNP_N_GenomeWideSNP_6_A11_771648	5	10833704	21376844	6921	0.0221
DUNGS_p_TCGA_b84_115_SNP_N_GenomeWideSNP_6_A11_771648	5	21377839	21377853	2	-1.372
DUNGS_p_TCGA_b84_115_SNP_N_GenomeWideSNP_6_A11_771648	5	21386066	25934560	2673	0.0193
DUNGS_p_TCGA_b84_115_SNP_N_GenomeWideSNP_6_A11_771648	5	25936469	25936977	3	-1.0496
DUNGS_p_TCGA_b84_115_SNP_N_GenomeWideSNP_6_A11_771648	5	25943018	46191884	12395	0.0138
DUNGS_p_TCGA_b84_115_SNP_N_GenomeWideSNP_6_A11_771648	5	46195883	46199435	4	-1.2075
DUNGS_p_TCGA_b84_115_SNP_N_GenomeWideSNP_6_A11_771648	5	46209299	46251306	13	0.1099
DUNGS_p_TCGA_b84_115_SNP_N_GenomeWideSNP_6_A11_771648	5	46271008	46273502	8	1.1037
DUNGS_p_TCGA_b84_115_SNP_N_GenomeWideSNP_6_A11_771648	5	46278212	57326027	5085	0.026
DUNGS_p_TCGA_b84_115_SNP_N_GenomeWideSNP_6_A11_771648	5	57326163	57333533	31	-0.6308
DUNGS_p_TCGA_b84_115_SNP_N_GenomeWideSNP_6_A11_771648	5	57338357	57955360	444	0.0047
DUNGS_p_TCGA_b84_115_SNP_N_GenomeWideSNP_6_A11_771648	5	57955464	57959132	25	-0.9623
DUNGS_p_TCGA_b84_115_SNP_N_GenomeWideSNP_6_A11_771648	5	57959692	68867294	6840	0.0133
DUNGS_p_TCGA_b84_115_SNP_N_GenomeWideSNP_6_A11_771648	5	69074977	69118135	4	1.7271
DUNGS_p_TCGA_b84_115_SNP_N_GenomeWideSNP_6_A11_771648	5	69233427	177227551	67953	0.0143
DUNGS_p_TCGA_b84_115_SNP_N_GenomeWideSNP_6_A11_771648	5	177228579	177232605	2	3.4702
DUNGS_p_TCGA_b84_115_SNP_N_GenomeWideSNP_6_A11_771648	5	177254965	177386313	21	0.0957
DUNGS_p_TCGA_b84_115_SNP_N_GenomeWideSNP_6_A11_771648	5	177390075	177400868	9	-0.8215
DUNGS_p_TCGA_b84_115_SNP_N_GenomeWideSNP_6_A11_771648	5	177401382	180374523	1784	0.0166
DUNGS_p_TCGA_b84_115_SNP_N_GenomeWideSNP_6_A11_771648	5	180378710	180417614	16	0.6059
DUNGS_p_TCGA_b84_115_SNP_N_GenomeWideSNP_6_A11_771648	5	180417660	180790320	174	-0.0051
DUNGS_p_TCGA_b84_115_SNP_N_GenomeWideSNP_6_A11_771648	6	149661	294837	124	0.0209
DUNGS_p_TCGA_b84_115_SNP_N_GenomeWideSNP_6_A11_771648	6	302306	375277	72	0.309
DUNGS_p_TCGA_b84_115_SNP_N_GenomeWideSNP_6_A11_771648	6	375759	10684152	8323	0.0079
DUNGS_p_TCGA_b84_115_SNP_N_GenomeWideSNP_6_A11_771648	6	10685842	10687328	2	-1.3197
DUNGS_p_TCGA_b84_115_SNP_N_GenomeWideSNP_6_A11_771648	6	10687746	19042818	6296	0.0015
DUNGS_p_TCGA_b84_115_SNP_N_GenomeWideSNP_6_A11_771648	6	19044702	19044898	6	0.9863
DUNGS_p_TCGA_b84_115_SNP_N_GenomeWideSNP_6_A11_771648	6	19050742	29843434	6952	0.009
DUNGS_p_TCGA_b84_115_SNP_N_GenomeWideSNP_6_A11_771648	6	29844034	29849267	7	-1.352
DUNGS_p_TCGA_b84_115_SNP_N_GenomeWideSNP_6_A11_771648	6	29850196	31287222	679	0.0026
DUNGS_p_TCGA_b84_115_SNP_N_GenomeWideSNP_6_A11_771648	6	31287501	31295406	2	-2.6196
DUNGS_p_TCGA_b84_115_SNP_N_GenomeWideSNP_6_A11_771648	6	31295953	32452929	513	0.0064
DUNGS_p_TCGA_b84_115_SNP_N_GenomeWideSNP_6_A11_771648	6	32454275	32570365	32	-0.4868
DUNGS_p_TCGA_b84_115_SNP_N_GenomeWideSNP_6_A11_771648	6	32573771	33937999	845	0.0263
DUNGS_p_TCGA_b84_115_SNP_N_GenomeWideSNP_6_A11_771648	6	33938743	33942705	7	-1.002
DUNGS_p_TCGA_b84_115_SNP_N_GenomeWideSNP_6_A11_771648	6	33944586	37023018	1778	0.0051
DUNGS_p_TCGA_b84_115_SNP_N_GenomeWideSNP_6_A11_771648	6	37025436	37025685	2	-1.6755
DUNGS_p_TCGA_b84_115_SNP_N_GenomeWideSNP_6_A11_771648	6	37027232	45779732	5715	0.0097
DUNGS_p_TCGA_b84_115_SNP_N_GenomeWideSNP_6_A11_771648	6	45779946	45780256	2	-1.6397
DUNGS_p_TCGA_b84_115_SNP_N_GenomeWideSNP_6_A11_771648	6	45782025	47325503	1167	0.0089
DUNGS_p_TCGA_b84_115_SNP_N_GenomeWideSNP_6_A11_771648	6	47325611	47326362	3	-1.1376
DUNGS_p_TCGA_b84_115_SNP_N_GenomeWideSNP_6_A11_771648	6	47332569	52791760	3409	0.0032
DUNGS_p_TCGA_b84_115_SNP_N_GenomeWideSNP_6_A11_771648	6	52792854	52793864	4	-0.7216
DUNGS_p_TCGA_b84_115_SNP_N_GenomeWideSNP_6_A11_771648	6	52798062	53931151	860	-3e-04
DUNGS_p_TCGA_b84_115_SNP_N_GenomeWideSNP_6_A11_771648	6	53931230	53931855	6	1.6854
DUNGS_p_TCGA_b84_115_SNP_N_GenomeWideSNP_6_A11_771648	6	53935348	67041451	5504	0.0153
DUNGS_p_TCGA_b84_115_SNP_N_GenomeWideSNP_6_A11_771648	6	67042715	67043192	5	0.7825
DUNGS_p_TCGA_b84_115_SNP_N_GenomeWideSNP_6_A11_771648	6	67043235	74591858	5022	0.0121
DUNGS_p_TCGA_b84_115_SNP_N_GenomeWideSNP_6_A11_771648	6	74592225	74601410	10	0.7467
DUNGS_p_TCGA_b84_115_SNP_N_GenomeWideSNP_6_A11_771648	6	74603555	74884210	166	0.0018
DUNGS_p_TCGA_b84_115_SNP_N_GenomeWideSNP_6_A11_771648	6	74884669	74884816	2	-1.1969
DUNGS_p_TCGA_b84_115_SNP_N_GenomeWideSNP_6_A11_771648	6	74889545	77439868	1604	0.0013
DUNGS_p_TCGA_b84_115_SNP_N_GenomeWideSNP_6_A11_771648	6	77440048	77452382	14	0.4216
DUNGS_p_TCGA_b84_115_SNP_N_GenomeWideSNP_6_A11_771648	6	77452392	78962889	986	0.0112
DUNGS_p_TCGA_b84_115_SNP_N_GenomeWideSNP_6_A11_771648	6	78969065	79035185	113	-0.5731
DUNGS_p_TCGA_b84_115_SNP_N_GenomeWideSNP_6_A11_771648	6	79039234	103734829	15504	0.0063
DUNGS_p_TCGA_b84_115_SNP_N_GenomeWideSNP_6_A11_771648	6	103737976	103765470	47	0.6088
DUNGS_p_TCGA_b84_115_SNP_N_GenomeWideSNP_6_A11_771648	6	103765670	114129601	6614	0.0054
DUNGS_p_TCGA_b84_115_SNP_N_GenomeWideSNP_6_A11_771648	6	114130248	114130268	2	-1.247
DUNGS_p_TCGA_b84_115_SNP_N_GenomeWideSNP_6_A11_771648	6	114137472	114221955	66	0.0267
DUNGS_p_TCGA_b84_115_SNP_N_GenomeWideSNP_6_A11_771648	6	114224841	114225016	2	1.3893
DUNGS_p_TCGA_b84_115_SNP_N_GenomeWideSNP_6_A11_771648	6	114225811	125940098	7068	0.0079
DUNGS_p_TCGA_b84_115_SNP_N_GenomeWideSNP_6_A11_771648	6	125940941	125941081	2	-1.2043
DUNGS_p_TCGA_b84_115_SNP_N_GenomeWideSNP_6_A11_771648	6	125943813	131836666	3672	0.0043
DUNGS_p_TCGA_b84_115_SNP_N_GenomeWideSNP_6_A11_771648	6	131842267	131842395	4	-0.8724
DUNGS_p_TCGA_b84_115_SNP_N_GenomeWideSNP_6_A11_771648	6	131843271	132425242	357	-0.0016
DUNGS_p_TCGA_b84_115_SNP_N_GenomeWideSNP_6_A11_771648	6	132425702	132427795	3	-2.24
DUNGS_p_TCGA_b84_115_SNP_N_GenomeWideSNP_6_A11_771648	6	132428346	171051005	26500	0.0061
DUNGS_p_TCGA_b84_115_SNP_N_GenomeWideSNP_6_A11_771648	7	43355	13102902	8507	0.0103
DUNGS_p_TCGA_b84_115_SNP_N_GenomeWideSNP_6_A11_771648	7	13108068	13130069	23	-0.7642
DUNGS_p_TCGA_b84_115_SNP_N_GenomeWideSNP_6_A11_771648	7	13130657	38317570	18947	0.0108
DUNGS_p_TCGA_b84_115_SNP_N_GenomeWideSNP_6_A11_771648	7	38319339	38378730	105	0.2372
DUNGS_p_TCGA_b84_115_SNP_N_GenomeWideSNP_6_A11_771648	7	38381971	45477187	4532	0.0111
DUNGS_p_TCGA_b84_115_SNP_N_GenomeWideSNP_6_A11_771648	7	45485577	45486224	2	-1.1593
DUNGS_p_TCGA_b84_115_SNP_N_GenomeWideSNP_6_A11_771648	7	45492811	46623154	765	-0.0077
DUNGS_p_TCGA_b84_115_SNP_N_GenomeWideSNP_6_A11_771648	7	46623843	46623876	2	-1.3446
DUNGS_p_TCGA_b84_115_SNP_N_GenomeWideSNP_6_A11_771648	7	46626069	47282889	578	0.0153
DUNGS_p_TCGA_b84_115_SNP_N_GenomeWideSNP_6_A11_771648	7	47285283	47288924	7	-0.8653
DUNGS_p_TCGA_b84_115_SNP_N_GenomeWideSNP_6_A11_771648	7	47291954	72402412	12642	0.0122
DUNGS_p_TCGA_b84_115_SNP_N_GenomeWideSNP_6_A11_771648	7	72402834	72458587	29	0.3029
DUNGS_p_TCGA_b84_115_SNP_N_GenomeWideSNP_6_A11_771648	7	72659607	91357869	10895	0.0172
DUNGS_p_TCGA_b84_115_SNP_N_GenomeWideSNP_6_A11_771648	7	91358294	91358540	3	-0.9454
DUNGS_p_TCGA_b84_115_SNP_N_GenomeWideSNP_6_A11_771648	7	91358771	97145603	3593	0.0027
DUNGS_p_TCGA_b84_115_SNP_N_GenomeWideSNP_6_A11_771648	7	97146130	97146603	3	-1.1869
DUNGS_p_TCGA_b84_115_SNP_N_GenomeWideSNP_6_A11_771648	7	97147520	97373743	155	0.0135
DUNGS_p_TCGA_b84_115_SNP_N_GenomeWideSNP_6_A11_771648	7	97385573	97407061	42	0.2085
DUNGS_p_TCGA_b84_115_SNP_N_GenomeWideSNP_6_A11_771648	7	97417607	97417610	2	-2.3665
DUNGS_p_TCGA_b84_115_SNP_N_GenomeWideSNP_6_A11_771648	7	97420649	98225412	388	0.0106
DUNGS_p_TCGA_b84_115_SNP_N_GenomeWideSNP_6_A11_771648	7	98230657	98230702	2	-1.0811
DUNGS_p_TCGA_b84_115_SNP_N_GenomeWideSNP_6_A11_771648	7	98233419	102102164	1643	0.0016
DUNGS_p_TCGA_b84_115_SNP_N_GenomeWideSNP_6_A11_771648	7	102235712	102317109	8	0.8674
DUNGS_p_TCGA_b84_115_SNP_N_GenomeWideSNP_6_A11_771648	7	102335787	104220337	1174	0.0087
DUNGS_p_TCGA_b84_115_SNP_N_GenomeWideSNP_6_A11_771648	7	104220703	104220920	2	1.106
DUNGS_p_TCGA_b84_115_SNP_N_GenomeWideSNP_6_A11_771648	7	104221994	109437680	3415	0.013
DUNGS_p_TCGA_b84_115_SNP_N_GenomeWideSNP_6_A11_771648	7	109437757	109453910	22	0.6015
DUNGS_p_TCGA_b84_115_SNP_N_GenomeWideSNP_6_A11_771648	7	109453982	109795715	207	0.0051
DUNGS_p_TCGA_b84_115_SNP_N_GenomeWideSNP_6_A11_771648	7	109798592	109799082	7	-0.8979
DUNGS_p_TCGA_b84_115_SNP_N_GenomeWideSNP_6_A11_771648	7	109799199	118785042	5485	0.0065
DUNGS_p_TCGA_b84_115_SNP_N_GenomeWideSNP_6_A11_771648	7	118786479	118789919	4	-0.8618
DUNGS_p_TCGA_b84_115_SNP_N_GenomeWideSNP_6_A11_771648	7	118792218	119142315	167	-0.0204
DUNGS_p_TCGA_b84_115_SNP_N_GenomeWideSNP_6_A11_771648	7	119148022	119149817	4	0.6167
DUNGS_p_TCGA_b84_115_SNP_N_GenomeWideSNP_6_A11_771648	7	119150121	120927792	991	0.0063
DUNGS_p_TCGA_b84_115_SNP_N_GenomeWideSNP_6_A11_771648	7	120928217	120928602	4	-0.9171
DUNGS_p_TCGA_b84_115_SNP_N_GenomeWideSNP_6_A11_771648	7	120930255	126044974	3177	1e-04
DUNGS_p_TCGA_b84_115_SNP_N_GenomeWideSNP_6_A11_771648	7	126045482	126046615	12	-1.2761
DUNGS_p_TCGA_b84_115_SNP_N_GenomeWideSNP_6_A11_771648	7	126046876	133785340	4714	0.0073
DUNGS_p_TCGA_b84_115_SNP_N_GenomeWideSNP_6_A11_771648	7	133785377	133795634	22	0.6628
DUNGS_p_TCGA_b84_115_SNP_N_GenomeWideSNP_6_A11_771648	7	133795665	141770260	5221	0.0069
DUNGS_p_TCGA_b84_115_SNP_N_GenomeWideSNP_6_A11_771648	7	141770369	141787532	24	0.3873
DUNGS_p_TCGA_b84_115_SNP_N_GenomeWideSNP_6_A11_771648	7	141787628	142044929	202	0.0591
DUNGS_p_TCGA_b84_115_SNP_N_GenomeWideSNP_6_A11_771648	7	142047109	142099988	9	-0.4444
DUNGS_p_TCGA_b84_115_SNP_N_GenomeWideSNP_6_A11_771648	7	142108892	142167898	47	0.0997
DUNGS_p_TCGA_b84_115_SNP_N_GenomeWideSNP_6_A11_771648	7	142168429	142168798	3	-0.8228
DUNGS_p_TCGA_b84_115_SNP_N_GenomeWideSNP_6_A11_771648	7	142171965	143709699	921	0.0425
DUNGS_p_TCGA_b84_115_SNP_N_GenomeWideSNP_6_A11_771648	7	143710096	143710621	4	-0.9744
DUNGS_p_TCGA_b84_115_SNP_N_GenomeWideSNP_6_A11_771648	7	143710627	143909445	146	-0.0243
DUNGS_p_TCGA_b84_115_SNP_N_GenomeWideSNP_6_A11_771648	7	143911624	144066947	39	-0.8285
DUNGS_p_TCGA_b84_115_SNP_N_GenomeWideSNP_6_A11_771648	7	144074929	159127004	9705	0.0117
DUNGS_p_TCGA_b84_115_SNP_N_GenomeWideSNP_6_A11_771648	8	31254	158062	5	0.8622
DUNGS_p_TCGA_b84_115_SNP_N_GenomeWideSNP_6_A11_771648	8	161222	593041	322	-0.0223
DUNGS_p_TCGA_b84_115_SNP_N_GenomeWideSNP_6_A11_771648	8	594944	594973	2	0.8891
DUNGS_p_TCGA_b84_115_SNP_N_GenomeWideSNP_6_A11_771648	8	595220	595908	8	1.9713
DUNGS_p_TCGA_b84_115_SNP_N_GenomeWideSNP_6_A11_771648	8	601043	1362803	553	0.0413
DUNGS_p_TCGA_b84_115_SNP_N_GenomeWideSNP_6_A11_771648	8	1362846	1362862	2	-1.2149
DUNGS_p_TCGA_b84_115_SNP_N_GenomeWideSNP_6_A11_771648	8	1363214	2322801	875	-0.0017
DUNGS_p_TCGA_b84_115_SNP_N_GenomeWideSNP_6_A11_771648	8	2330767	2339651	2	1.1955
DUNGS_p_TCGA_b84_115_SNP_N_GenomeWideSNP_6_A11_771648	8	2343530	2703533	355	0.0322
DUNGS_p_TCGA_b84_115_SNP_N_GenomeWideSNP_6_A11_771648	8	2703565	2707171	7	0.6857
DUNGS_p_TCGA_b84_115_SNP_N_GenomeWideSNP_6_A11_771648	8	2707186	3784187	1310	0.0156
DUNGS_p_TCGA_b84_115_SNP_N_GenomeWideSNP_6_A11_771648	8	3787060	3790106	24	-0.7236
DUNGS_p_TCGA_b84_115_SNP_N_GenomeWideSNP_6_A11_771648	8	3791218	4002192	329	0.0109
DUNGS_p_TCGA_b84_115_SNP_N_GenomeWideSNP_6_A11_771648	8	4002207	4002316	3	-1.3549
DUNGS_p_TCGA_b84_115_SNP_N_GenomeWideSNP_6_A11_771648	8	4002653	4003305	10	0.0321
DUNGS_p_TCGA_b84_115_SNP_N_GenomeWideSNP_6_A11_771648	8	4003463	4003478	2	-2.9798
DUNGS_p_TCGA_b84_115_SNP_N_GenomeWideSNP_6_A11_771648	8	4003561	5555380	2233	0.0283
DUNGS_p_TCGA_b84_115_SNP_N_GenomeWideSNP_6_A11_771648	8	5555399	5555902	2	-1.3699
DUNGS_p_TCGA_b84_115_SNP_N_GenomeWideSNP_6_A11_771648	8	5556029	5558046	3	-0.3831
DUNGS_p_TCGA_b84_115_SNP_N_GenomeWideSNP_6_A11_771648	8	5559536	6067742	701	0.0372
DUNGS_p_TCGA_b84_115_SNP_N_GenomeWideSNP_6_A11_771648	8	6067827	6068693	13	-0.3182
DUNGS_p_TCGA_b84_115_SNP_N_GenomeWideSNP_6_A11_771648	8	6068729	6068763	3	-1.2285
DUNGS_p_TCGA_b84_115_SNP_N_GenomeWideSNP_6_A11_771648	8	6069115	6192725	201	0.0123
DUNGS_p_TCGA_b84_115_SNP_N_GenomeWideSNP_6_A11_771648	8	6192831	6196581	5	-1.4437
DUNGS_p_TCGA_b84_115_SNP_N_GenomeWideSNP_6_A11_771648	8	6196671	6235357	54	0.0754
DUNGS_p_TCGA_b84_115_SNP_N_GenomeWideSNP_6_A11_771648	8	6235400	6235549	5	-0.9921
DUNGS_p_TCGA_b84_115_SNP_N_GenomeWideSNP_6_A11_771648	8	6238206	7744064	947	-0.0123
DUNGS_p_TCGA_b84_115_SNP_N_GenomeWideSNP_6_A11_771648	8	7745979	7747699	4	-1.3522
DUNGS_p_TCGA_b84_115_SNP_N_GenomeWideSNP_6_A11_771648	8	7752048	7959570	67	-0.0745
DUNGS_p_TCGA_b84_115_SNP_N_GenomeWideSNP_6_A11_771648	8	7962459	7978010	10	0.8025
DUNGS_p_TCGA_b84_115_SNP_N_GenomeWideSNP_6_A11_771648	8	7978056	11949551	3252	0.0145
DUNGS_p_TCGA_b84_115_SNP_N_GenomeWideSNP_6_A11_771648	8	11987726	12162739	9	-0.7974
DUNGS_p_TCGA_b84_115_SNP_N_GenomeWideSNP_6_A11_771648	8	12162782	12247486	46	0.4792
DUNGS_p_TCGA_b84_115_SNP_N_GenomeWideSNP_6_A11_771648	8	12260927	13810119	1366	0.02
DUNGS_p_TCGA_b84_115_SNP_N_GenomeWideSNP_6_A11_771648	8	13810229	13815237	5	-1.079
DUNGS_p_TCGA_b84_115_SNP_N_GenomeWideSNP_6_A11_771648	8	13815335	14576060	735	-0.0026
DUNGS_p_TCGA_b84_115_SNP_N_GenomeWideSNP_6_A11_771648	8	14577600	14577611	2	-1.3141
DUNGS_p_TCGA_b84_115_SNP_N_GenomeWideSNP_6_A11_771648	8	14577653	16197191	1435	-0.0052
DUNGS_p_TCGA_b84_115_SNP_N_GenomeWideSNP_6_A11_771648	8	16206954	16207123	8	-0.5709
DUNGS_p_TCGA_b84_115_SNP_N_GenomeWideSNP_6_A11_771648	8	16212084	17454254	1079	0.0163
DUNGS_p_TCGA_b84_115_SNP_N_GenomeWideSNP_6_A11_771648	8	17454300	17458589	5	-0.8673
DUNGS_p_TCGA_b84_115_SNP_N_GenomeWideSNP_6_A11_771648	8	17461857	24974522	5869	0.0077
DUNGS_p_TCGA_b84_115_SNP_N_GenomeWideSNP_6_A11_771648	8	24974577	24979554	11	0.8167
DUNGS_p_TCGA_b84_115_SNP_N_GenomeWideSNP_6_A11_771648	8	24979904	24979955	4	-1.468
DUNGS_p_TCGA_b84_115_SNP_N_GenomeWideSNP_6_A11_771648	8	24979962	30764504	4049	0.0046
DUNGS_p_TCGA_b84_115_SNP_N_GenomeWideSNP_6_A11_771648	8	30766787	30768297	3	-1.2514
DUNGS_p_TCGA_b84_115_SNP_N_GenomeWideSNP_6_A11_771648	8	30772527	39230659	5006	0.0068
DUNGS_p_TCGA_b84_115_SNP_N_GenomeWideSNP_6_A11_771648	8	39235603	39389029	63	0.5942
DUNGS_p_TCGA_b84_115_SNP_N_GenomeWideSNP_6_A11_771648	8	39389124	42476061	2151	-6e-04
DUNGS_p_TCGA_b84_115_SNP_N_GenomeWideSNP_6_A11_771648	8	42477297	42481880	5	-1.097
DUNGS_p_TCGA_b84_115_SNP_N_GenomeWideSNP_6_A11_771648	8	42484863	51264658	2612	0.0161
DUNGS_p_TCGA_b84_115_SNP_N_GenomeWideSNP_6_A11_771648	8	51266207	51280328	11	-1.1005
DUNGS_p_TCGA_b84_115_SNP_N_GenomeWideSNP_6_A11_771648	8	51284774	68547669	10780	0.0021
DUNGS_p_TCGA_b84_115_SNP_N_GenomeWideSNP_6_A11_771648	8	68548132	68548306	5	-0.7892
DUNGS_p_TCGA_b84_115_SNP_N_GenomeWideSNP_6_A11_771648	8	68548400	70150552	1120	8e-04
DUNGS_p_TCGA_b84_115_SNP_N_GenomeWideSNP_6_A11_771648	8	70151966	70156418	6	-0.6375
DUNGS_p_TCGA_b84_115_SNP_N_GenomeWideSNP_6_A11_771648	8	70163442	78124524	5058	0.001
DUNGS_p_TCGA_b84_115_SNP_N_GenomeWideSNP_6_A11_771648	8	78125778	78126639	5	-0.814
DUNGS_p_TCGA_b84_115_SNP_N_GenomeWideSNP_6_A11_771648	8	78126838	83488195	3128	0.0061
DUNGS_p_TCGA_b84_115_SNP_N_GenomeWideSNP_6_A11_771648	8	83491166	83500835	5	-1.5419
DUNGS_p_TCGA_b84_115_SNP_N_GenomeWideSNP_6_A11_771648	8	83504882	85262883	1029	-6e-04
DUNGS_p_TCGA_b84_115_SNP_N_GenomeWideSNP_6_A11_771648	8	85263086	85268666	18	-0.8953
DUNGS_p_TCGA_b84_115_SNP_N_GenomeWideSNP_6_A11_771648	8	85270682	95557552	5851	0.0038
DUNGS_p_TCGA_b84_115_SNP_N_GenomeWideSNP_6_A11_771648	8	95557602	95557992	6	0.9686
DUNGS_p_TCGA_b84_115_SNP_N_GenomeWideSNP_6_A11_771648	8	95558115	96854362	962	0.0075
DUNGS_p_TCGA_b84_115_SNP_N_GenomeWideSNP_6_A11_771648	8	96854385	96857057	11	-0.7983
DUNGS_p_TCGA_b84_115_SNP_N_GenomeWideSNP_6_A11_771648	8	96862673	102620690	3447	0.0071
DUNGS_p_TCGA_b84_115_SNP_N_GenomeWideSNP_6_A11_771648	8	102620704	102625670	7	-0.8124
DUNGS_p_TCGA_b84_115_SNP_N_GenomeWideSNP_6_A11_771648	8	102625712	103569179	613	0.0031
DUNGS_p_TCGA_b84_115_SNP_N_GenomeWideSNP_6_A11_771648	8	103571193	103571442	2	-1.2046
DUNGS_p_TCGA_b84_115_SNP_N_GenomeWideSNP_6_A11_771648	8	103573448	107852506	2596	0.0143
DUNGS_p_TCGA_b84_115_SNP_N_GenomeWideSNP_6_A11_771648	8	107858519	107862270	14	-0.5816
DUNGS_p_TCGA_b84_115_SNP_N_GenomeWideSNP_6_A11_771648	8	107862339	112291494	2642	0.0107
DUNGS_p_TCGA_b84_115_SNP_N_GenomeWideSNP_6_A11_771648	8	112294279	112295260	10	1.0328
DUNGS_p_TCGA_b84_115_SNP_N_GenomeWideSNP_6_A11_771648	8	112300281	115592897	1808	0.0098
DUNGS_p_TCGA_b84_115_SNP_N_GenomeWideSNP_6_A11_771648	8	115601775	115665386	63	0.2022
DUNGS_p_TCGA_b84_115_SNP_N_GenomeWideSNP_6_A11_771648	8	115672960	120152010	3107	7e-04
DUNGS_p_TCGA_b84_115_SNP_N_GenomeWideSNP_6_A11_771648	8	120154784	120159446	4	-0.8218
DUNGS_p_TCGA_b84_115_SNP_N_GenomeWideSNP_6_A11_771648	8	120162854	123059831	1891	0.0079
DUNGS_p_TCGA_b84_115_SNP_N_GenomeWideSNP_6_A11_771648	8	123059879	123060846	9	-0.9134
DUNGS_p_TCGA_b84_115_SNP_N_GenomeWideSNP_6_A11_771648	8	123061062	128247698	3637	0.0079
DUNGS_p_TCGA_b84_115_SNP_N_GenomeWideSNP_6_A11_771648	8	128248307	128249433	3	-0.8482
DUNGS_p_TCGA_b84_115_SNP_N_GenomeWideSNP_6_A11_771648	8	128251046	133591486	3919	0.0028
DUNGS_p_TCGA_b84_115_SNP_N_GenomeWideSNP_6_A11_771648	8	133591911	133591952	2	-2.0372
DUNGS_p_TCGA_b84_115_SNP_N_GenomeWideSNP_6_A11_771648	8	133595975	137381326	3128	0.0032
DUNGS_p_TCGA_b84_115_SNP_N_GenomeWideSNP_6_A11_771648	8	137381621	137381959	2	-1.2371
DUNGS_p_TCGA_b84_115_SNP_N_GenomeWideSNP_6_A11_771648	8	137384947	146298155	5386	0.0117
DUNGS_p_TCGA_b84_115_SNP_N_GenomeWideSNP_6_A11_771648	9	46587	22486565	19893	0.0122
DUNGS_p_TCGA_b84_115_SNP_N_GenomeWideSNP_6_A11_771648	9	22486602	22492889	7	0.2406
DUNGS_p_TCGA_b84_115_SNP_N_GenomeWideSNP_6_A11_771648	9	22501913	22502699	2	1.7
DUNGS_p_TCGA_b84_115_SNP_N_GenomeWideSNP_6_A11_771648	9	22509340	23361805	581	-0.011
DUNGS_p_TCGA_b84_115_SNP_N_GenomeWideSNP_6_A11_771648	9	23363115	23373484	8	0.6866
DUNGS_p_TCGA_b84_115_SNP_N_GenomeWideSNP_6_A11_771648	9	23378488	38796107	10734	0.0068
DUNGS_p_TCGA_b84_115_SNP_N_GenomeWideSNP_6_A11_771648	9	38796311	39138121	34	0.2837
DUNGS_p_TCGA_b84_115_SNP_N_GenomeWideSNP_6_A11_771648	9	39140232	41626836	111	0.0116
DUNGS_p_TCGA_b84_115_SNP_N_GenomeWideSNP_6_A11_771648	9	41626858	41628269	4	1.6158
DUNGS_p_TCGA_b84_115_SNP_N_GenomeWideSNP_6_A11_771648	9	41628663	43187967	45	0.1568
DUNGS_p_TCGA_b84_115_SNP_N_GenomeWideSNP_6_A11_771648	9	43315670	43727002	31	-0.4245
DUNGS_p_TCGA_b84_115_SNP_N_GenomeWideSNP_6_A11_771648	9	43734219	44241817	38	0.1593
DUNGS_p_TCGA_b84_115_SNP_N_GenomeWideSNP_6_A11_771648	9	44243434	44385979	14	1.0098
DUNGS_p_TCGA_b84_115_SNP_N_GenomeWideSNP_6_A11_771648	9	44396699	46063936	111	-0.0362
DUNGS_p_TCGA_b84_115_SNP_N_GenomeWideSNP_6_A11_771648	9	46113402	65630946	30	0.8846
DUNGS_p_TCGA_b84_115_SNP_N_GenomeWideSNP_6_A11_771648	9	65672607	68183981	57	-0.029
DUNGS_p_TCGA_b84_115_SNP_N_GenomeWideSNP_6_A11_771648	9	68186051	68188340	6	1.3017
DUNGS_p_TCGA_b84_115_SNP_N_GenomeWideSNP_6_A11_771648	9	68188404	78028346	5214	0.009
DUNGS_p_TCGA_b84_115_SNP_N_GenomeWideSNP_6_A11_771648	9	78029203	78034653	2	-1.6039
DUNGS_p_TCGA_b84_115_SNP_N_GenomeWideSNP_6_A11_771648	9	78034657	112824866	24841	0.0035
DUNGS_p_TCGA_b84_115_SNP_N_GenomeWideSNP_6_A11_771648	9	112830219	112830614	3	-1.4846
DUNGS_p_TCGA_b84_115_SNP_N_GenomeWideSNP_6_A11_771648	9	112831532	113176338	294	0.0242
DUNGS_p_TCGA_b84_115_SNP_N_GenomeWideSNP_6_A11_771648	9	113176792	113177835	4	-0.8672
DUNGS_p_TCGA_b84_115_SNP_N_GenomeWideSNP_6_A11_771648	9	113185522	132610616	13289	-0.0013
DUNGS_p_TCGA_b84_115_SNP_N_GenomeWideSNP_6_A11_771648	9	132610996	132613263	5	-0.7991
DUNGS_p_TCGA_b84_115_SNP_N_GenomeWideSNP_6_A11_771648	9	132613879	139427066	4043	-0.0064
DUNGS_p_TCGA_b84_115_SNP_N_GenomeWideSNP_6_A11_771648	9	139431355	139431752	3	-2.678
DUNGS_p_TCGA_b84_115_SNP_N_GenomeWideSNP_6_A11_771648	9	139433801	141091394	600	0.0077
DUNGS_p_TCGA_b84_115_SNP_N_GenomeWideSNP_6_A11_771648	10	72759	2155503	1545	0.0166
DUNGS_p_TCGA_b84_115_SNP_N_GenomeWideSNP_6_A11_771648	10	2157220	2158982	2	-1.1041
DUNGS_p_TCGA_b84_115_SNP_N_GenomeWideSNP_6_A11_771648	10	2159058	3117677	974	0.0238
DUNGS_p_TCGA_b84_115_SNP_N_GenomeWideSNP_6_A11_771648	10	3118631	3128386	6	-0.5944
DUNGS_p_TCGA_b84_115_SNP_N_GenomeWideSNP_6_A11_771648	10	3129645	4290814	1064	-0.0038
DUNGS_p_TCGA_b84_115_SNP_N_GenomeWideSNP_6_A11_771648	10	4290838	4291016	3	1.7927
DUNGS_p_TCGA_b84_115_SNP_N_GenomeWideSNP_6_A11_771648	10	4294071	4437173	194	0.0088
DUNGS_p_TCGA_b84_115_SNP_N_GenomeWideSNP_6_A11_771648	10	4439129	4439686	6	-1.0647
DUNGS_p_TCGA_b84_115_SNP_N_GenomeWideSNP_6_A11_771648	10	4443829	6411071	1635	0.0064
DUNGS_p_TCGA_b84_115_SNP_N_GenomeWideSNP_6_A11_771648	10	6411215	6411481	6	0.8973
DUNGS_p_TCGA_b84_115_SNP_N_GenomeWideSNP_6_A11_771648	10	6418754	13049585	5512	-0.0025
DUNGS_p_TCGA_b84_115_SNP_N_GenomeWideSNP_6_A11_771648	10	13049600	13050170	8	0.6207
DUNGS_p_TCGA_b84_115_SNP_N_GenomeWideSNP_6_A11_771648	10	13050428	17927554	3945	0.0098
DUNGS_p_TCGA_b84_115_SNP_N_GenomeWideSNP_6_A11_771648	10	17938208	17971816	3	-0.9097
DUNGS_p_TCGA_b84_115_SNP_N_GenomeWideSNP_6_A11_771648	10	18029825	18173963	12	0.2334
DUNGS_p_TCGA_b84_115_SNP_N_GenomeWideSNP_6_A11_771648	10	18185123	18199813	3	1.0962
DUNGS_p_TCGA_b84_115_SNP_N_GenomeWideSNP_6_A11_771648	10	18223647	24372757	4344	0.0051
DUNGS_p_TCGA_b84_115_SNP_N_GenomeWideSNP_6_A11_771648	10	24375263	24378908	13	0.8469
DUNGS_p_TCGA_b84_115_SNP_N_GenomeWideSNP_6_A11_771648	10	24378951	31246510	5048	0.0035
DUNGS_p_TCGA_b84_115_SNP_N_GenomeWideSNP_6_A11_771648	10	31251334	31251779	11	-0.7957
DUNGS_p_TCGA_b84_115_SNP_N_GenomeWideSNP_6_A11_771648	10	31251822	47897394	7648	0.0183
DUNGS_p_TCGA_b84_115_SNP_N_GenomeWideSNP_6_A11_771648	10	47912899	47948060	3	-1.8587
DUNGS_p_TCGA_b84_115_SNP_N_GenomeWideSNP_6_A11_771648	10	47960476	48736766	290	0.0169
DUNGS_p_TCGA_b84_115_SNP_N_GenomeWideSNP_6_A11_771648	10	48771950	48958519	10	-0.6864
DUNGS_p_TCGA_b84_115_SNP_N_GenomeWideSNP_6_A11_771648	10	49031175	58523733	6369	0.0138
DUNGS_p_TCGA_b84_115_SNP_N_GenomeWideSNP_6_A11_771648	10	58523972	58523990	2	-1.2719
DUNGS_p_TCGA_b84_115_SNP_N_GenomeWideSNP_6_A11_771648	10	58524113	64641363	4429	0.0023
DUNGS_p_TCGA_b84_115_SNP_N_GenomeWideSNP_6_A11_771648	10	64641730	64642355	5	-1.0167
DUNGS_p_TCGA_b84_115_SNP_N_GenomeWideSNP_6_A11_771648	10	64643933	67306276	1699	0.0073
DUNGS_p_TCGA_b84_115_SNP_N_GenomeWideSNP_6_A11_771648	10	67307923	67314446	28	-0.5039
DUNGS_p_TCGA_b84_115_SNP_N_GenomeWideSNP_6_A11_771648	10	67322795	67978859	547	0.0057
DUNGS_p_TCGA_b84_115_SNP_N_GenomeWideSNP_6_A11_771648	10	67980921	67981064	3	-0.9694
DUNGS_p_TCGA_b84_115_SNP_N_GenomeWideSNP_6_A11_771648	10	67983410	87114668	12793	0.003
DUNGS_p_TCGA_b84_115_SNP_N_GenomeWideSNP_6_A11_771648	10	87114854	87114864	2	-1.5844
DUNGS_p_TCGA_b84_115_SNP_N_GenomeWideSNP_6_A11_771648	10	87121585	88976597	1139	0.0136
DUNGS_p_TCGA_b84_115_SNP_N_GenomeWideSNP_6_A11_771648	10	89018962	89019812	2	-1.0699
DUNGS_p_TCGA_b84_115_SNP_N_GenomeWideSNP_6_A11_771648	10	89029243	90957559	1411	0.0198
DUNGS_p_TCGA_b84_115_SNP_N_GenomeWideSNP_6_A11_771648	10	90957575	90957620	2	-1.1664
DUNGS_p_TCGA_b84_115_SNP_N_GenomeWideSNP_6_A11_771648	10	90957636	107056279	9852	0.0038
DUNGS_p_TCGA_b84_115_SNP_N_GenomeWideSNP_6_A11_771648	10	107057038	107059170	3	-4.013
DUNGS_p_TCGA_b84_115_SNP_N_GenomeWideSNP_6_A11_771648	10	107062476	124343951	12672	6e-04
DUNGS_p_TCGA_b84_115_SNP_N_GenomeWideSNP_6_A11_771648	10	124344109	124351013	6	-1.2599
DUNGS_p_TCGA_b84_115_SNP_N_GenomeWideSNP_6_A11_771648	10	124356812	132316597	5964	0.0052
DUNGS_p_TCGA_b84_115_SNP_N_GenomeWideSNP_6_A11_771648	10	132318554	132320109	5	-1.2276
DUNGS_p_TCGA_b84_115_SNP_N_GenomeWideSNP_6_A11_771648	10	132323265	135506704	1958	0.0117
DUNGS_p_TCGA_b84_115_SNP_N_GenomeWideSNP_6_A11_771648	11	198510	2578539	867	0.0279
DUNGS_p_TCGA_b84_115_SNP_N_GenomeWideSNP_6_A11_771648	11	2580737	2585413	2	-1.0046
DUNGS_p_TCGA_b84_115_SNP_N_GenomeWideSNP_6_A11_771648	11	2586023	4791111	1430	0.01
DUNGS_p_TCGA_b84_115_SNP_N_GenomeWideSNP_6_A11_771648	11	4793357	4793758	3	-0.8048
DUNGS_p_TCGA_b84_115_SNP_N_GenomeWideSNP_6_A11_771648	11	4793882	4992513	229	-0.0184
DUNGS_p_TCGA_b84_115_SNP_N_GenomeWideSNP_6_A11_771648	11	4994326	4995448	5	-1.1871
DUNGS_p_TCGA_b84_115_SNP_N_GenomeWideSNP_6_A11_771648	11	4995989	5208018	177	0.0111
DUNGS_p_TCGA_b84_115_SNP_N_GenomeWideSNP_6_A11_771648	11	5208174	5208499	4	1.0597
DUNGS_p_TCGA_b84_115_SNP_N_GenomeWideSNP_6_A11_771648	11	5209370	5783395	588	0.0115
DUNGS_p_TCGA_b84_115_SNP_N_GenomeWideSNP_6_A11_771648	11	5783682	5809461	37	0.3388
DUNGS_p_TCGA_b84_115_SNP_N_GenomeWideSNP_6_A11_771648	11	5812360	7813040	1505	-0.0016
DUNGS_p_TCGA_b84_115_SNP_N_GenomeWideSNP_6_A11_771648	11	7813460	7832258	6	-0.9725
DUNGS_p_TCGA_b84_115_SNP_N_GenomeWideSNP_6_A11_771648	11	7837009	11301267	2431	0.0039
DUNGS_p_TCGA_b84_115_SNP_N_GenomeWideSNP_6_A11_771648	11	11301809	11305480	15	-1.006
DUNGS_p_TCGA_b84_115_SNP_N_GenomeWideSNP_6_A11_771648	11	11305756	18939170	5470	0.0048
DUNGS_p_TCGA_b84_115_SNP_N_GenomeWideSNP_6_A11_771648	11	18940093	18972360	77	0.341
DUNGS_p_TCGA_b84_115_SNP_N_GenomeWideSNP_6_A11_771648	11	18974294	21754685	2513	0.0098
DUNGS_p_TCGA_b84_115_SNP_N_GenomeWideSNP_6_A11_771648	11	21757507	21763092	2	-1.3254
DUNGS_p_TCGA_b84_115_SNP_N_GenomeWideSNP_6_A11_771648	11	21763093	23494832	1238	0.0073
DUNGS_p_TCGA_b84_115_SNP_N_GenomeWideSNP_6_A11_771648	11	23494877	23495582	3	-1.0323
DUNGS_p_TCGA_b84_115_SNP_N_GenomeWideSNP_6_A11_771648	11	23496034	24210175	462	-0.003
DUNGS_p_TCGA_b84_115_SNP_N_GenomeWideSNP_6_A11_771648	11	24212878	24214723	2	-1.4117
DUNGS_p_TCGA_b84_115_SNP_N_GenomeWideSNP_6_A11_771648	11	24214786	24282528	48	-0.0622
DUNGS_p_TCGA_b84_115_SNP_N_GenomeWideSNP_6_A11_771648	11	24286221	24287499	4	-1.1156
DUNGS_p_TCGA_b84_115_SNP_N_GenomeWideSNP_6_A11_771648	11	24289539	29484379	3599	0.0075
DUNGS_p_TCGA_b84_115_SNP_N_GenomeWideSNP_6_A11_771648	11	29485378	29485514	3	-1.1766
DUNGS_p_TCGA_b84_115_SNP_N_GenomeWideSNP_6_A11_771648	11	29486300	37380312	5781	0.0047
DUNGS_p_TCGA_b84_115_SNP_N_GenomeWideSNP_6_A11_771648	11	37381974	37385694	4	-0.8926
DUNGS_p_TCGA_b84_115_SNP_N_GenomeWideSNP_6_A11_771648	11	37386039	50474278	7769	0.0084
DUNGS_p_TCGA_b84_115_SNP_N_GenomeWideSNP_6_A11_771648	11	50476268	50477756	2	1.2837
DUNGS_p_TCGA_b84_115_SNP_N_GenomeWideSNP_6_A11_771648	11	50480771	55376511	430	0.0461
DUNGS_p_TCGA_b84_115_SNP_N_GenomeWideSNP_6_A11_771648	11	55376634	55442318	38	0.6643
DUNGS_p_TCGA_b84_115_SNP_N_GenomeWideSNP_6_A11_771648	11	55444211	58809997	2090	0.0103
DUNGS_p_TCGA_b84_115_SNP_N_GenomeWideSNP_6_A11_771648	11	58811241	58853765	22	0.5167
DUNGS_p_TCGA_b84_115_SNP_N_GenomeWideSNP_6_A11_771648	11	58855019	89469882	17846	0.0058
DUNGS_p_TCGA_b84_115_SNP_N_GenomeWideSNP_6_A11_771648	11	89472544	89548892	14	0.4137
DUNGS_p_TCGA_b84_115_SNP_N_GenomeWideSNP_6_A11_771648	11	89550224	89567541	2	-1.4093
DUNGS_p_TCGA_b84_115_SNP_N_GenomeWideSNP_6_A11_771648	11	89580352	94844146	3624	0.0106
DUNGS_p_TCGA_b84_115_SNP_N_GenomeWideSNP_6_A11_771648	11	94844415	94845473	3	-0.9716
DUNGS_p_TCGA_b84_115_SNP_N_GenomeWideSNP_6_A11_771648	11	94845775	101594384	5085	0.0056
DUNGS_p_TCGA_b84_115_SNP_N_GenomeWideSNP_6_A11_771648	11	101597860	101598212	5	0.7974
DUNGS_p_TCGA_b84_115_SNP_N_GenomeWideSNP_6_A11_771648	11	101599898	134601791	23508	0.0087
DUNGS_p_TCGA_b84_115_SNP_N_GenomeWideSNP_6_A11_771648	11	134602280	134603992	3	-1.0933
DUNGS_p_TCGA_b84_115_SNP_N_GenomeWideSNP_6_A11_771648	11	134607871	134944770	282	0.0196
DUNGS_p_TCGA_b84_115_SNP_N_GenomeWideSNP_6_A11_771648	12	150442	865970	418	-0.0072
DUNGS_p_TCGA_b84_115_SNP_N_GenomeWideSNP_6_A11_771648	12	869109	885181	44	0.297
DUNGS_p_TCGA_b84_115_SNP_N_GenomeWideSNP_6_A11_771648	12	885194	1983782	629	0.0224
DUNGS_p_TCGA_b84_115_SNP_N_GenomeWideSNP_6_A11_771648	12	1985156	1985239	2	-1.289
DUNGS_p_TCGA_b84_115_SNP_N_GenomeWideSNP_6_A11_771648	12	1986250	8442285	4491	0.0078
DUNGS_p_TCGA_b84_115_SNP_N_GenomeWideSNP_6_A11_771648	12	8449112	8449217	2	1.6072
DUNGS_p_TCGA_b84_115_SNP_N_GenomeWideSNP_6_A11_771648	12	8453466	9630556	624	0.0184
DUNGS_p_TCGA_b84_115_SNP_N_GenomeWideSNP_6_A11_771648	12	9633870	9728292	25	-1.7521
DUNGS_p_TCGA_b84_115_SNP_N_GenomeWideSNP_6_A11_771648	12	9734969	10580460	636	0.0134
DUNGS_p_TCGA_b84_115_SNP_N_GenomeWideSNP_6_A11_771648	12	10583367	10596720	6	-0.6795
DUNGS_p_TCGA_b84_115_SNP_N_GenomeWideSNP_6_A11_771648	12	10598802	11220827	404	0.0309
DUNGS_p_TCGA_b84_115_SNP_N_GenomeWideSNP_6_A11_771648	12	11222368	11241532	10	-1.5941
DUNGS_p_TCGA_b84_115_SNP_N_GenomeWideSNP_6_A11_771648	12	11251874	16356603	3655	0.0126
DUNGS_p_TCGA_b84_115_SNP_N_GenomeWideSNP_6_A11_771648	12	16359197	16359433	2	-1.1025
DUNGS_p_TCGA_b84_115_SNP_N_GenomeWideSNP_6_A11_771648	12	16363539	33294660	11946	0.0079
DUNGS_p_TCGA_b84_115_SNP_N_GenomeWideSNP_6_A11_771648	12	33301406	33308387	29	-0.4038
DUNGS_p_TCGA_b84_115_SNP_N_GenomeWideSNP_6_A11_771648	12	33308459	33386757	44	-0.0035
DUNGS_p_TCGA_b84_115_SNP_N_GenomeWideSNP_6_A11_771648	12	33388829	33395142	4	-3.1863
DUNGS_p_TCGA_b84_115_SNP_N_GenomeWideSNP_6_A11_771648	12	33395418	34095910	464	0.0267
DUNGS_p_TCGA_b84_115_SNP_N_GenomeWideSNP_6_A11_771648	12	34098641	34100986	3	-1.1225
DUNGS_p_TCGA_b84_115_SNP_N_GenomeWideSNP_6_A11_771648	12	34110621	37941543	310	0.0371
DUNGS_p_TCGA_b84_115_SNP_N_GenomeWideSNP_6_A11_771648	12	37942622	37943229	2	-1.3498
DUNGS_p_TCGA_b84_115_SNP_N_GenomeWideSNP_6_A11_771648	12	37946490	55397643	10238	0.0065
DUNGS_p_TCGA_b84_115_SNP_N_GenomeWideSNP_6_A11_771648	12	55397736	55400503	2	-1.2376
DUNGS_p_TCGA_b84_115_SNP_N_GenomeWideSNP_6_A11_771648	12	55402623	55545006	95	-0.0299
DUNGS_p_TCGA_b84_115_SNP_N_GenomeWideSNP_6_A11_771648	12	55552385	55555613	2	-1.4
DUNGS_p_TCGA_b84_115_SNP_N_GenomeWideSNP_6_A11_771648	12	55562613	62198271	3954	0.0049
DUNGS_p_TCGA_b84_115_SNP_N_GenomeWideSNP_6_A11_771648	12	62202570	62209493	3	-1.314
DUNGS_p_TCGA_b84_115_SNP_N_GenomeWideSNP_6_A11_771648	12	62210029	98188581	23266	0.0077
DUNGS_p_TCGA_b84_115_SNP_N_GenomeWideSNP_6_A11_771648	12	98191081	98191605	3	-0.8914
DUNGS_p_TCGA_b84_115_SNP_N_GenomeWideSNP_6_A11_771648	12	98192989	98673770	324	0.0124
DUNGS_p_TCGA_b84_115_SNP_N_GenomeWideSNP_6_A11_771648	12	98673780	98673931	4	-0.6966
DUNGS_p_TCGA_b84_115_SNP_N_GenomeWideSNP_6_A11_771648	12	98673946	99791814	693	-0.0113
DUNGS_p_TCGA_b84_115_SNP_N_GenomeWideSNP_6_A11_771648	12	99795293	99798734	31	-0.4906
DUNGS_p_TCGA_b84_115_SNP_N_GenomeWideSNP_6_A11_771648	12	99803093	117529526	11890	0.0092
DUNGS_p_TCGA_b84_115_SNP_N_GenomeWideSNP_6_A11_771648	12	117533221	117535110	4	0.77
DUNGS_p_TCGA_b84_115_SNP_N_GenomeWideSNP_6_A11_771648	12	117539486	127404403	6160	-0.0026
DUNGS_p_TCGA_b84_115_SNP_N_GenomeWideSNP_6_A11_771648	12	127405823	127406208	4	-1.0234
DUNGS_p_TCGA_b84_115_SNP_N_GenomeWideSNP_6_A11_771648	12	127406549	132120715	4145	0.0125
DUNGS_p_TCGA_b84_115_SNP_N_GenomeWideSNP_6_A11_771648	12	132132584	132142331	14	0.4704
DUNGS_p_TCGA_b84_115_SNP_N_GenomeWideSNP_6_A11_771648	12	132142369	133778189	571	0.0021
DUNGS_p_TCGA_b84_115_SNP_N_GenomeWideSNP_6_A11_771648	13	19026949	19192679	18	0.5347
DUNGS_p_TCGA_b84_115_SNP_N_GenomeWideSNP_6_A11_771648	13	19197916	24668972	3719	0.0169
DUNGS_p_TCGA_b84_115_SNP_N_GenomeWideSNP_6_A11_771648	13	24671601	24671913	2	-1.9662
DUNGS_p_TCGA_b84_115_SNP_N_GenomeWideSNP_6_A11_771648	13	24672222	25155126	437	0.0206
DUNGS_p_TCGA_b84_115_SNP_N_GenomeWideSNP_6_A11_771648	13	25163220	25173506	6	-1.0807
DUNGS_p_TCGA_b84_115_SNP_N_GenomeWideSNP_6_A11_771648	13	25177122	27165472	1364	0.0061
DUNGS_p_TCGA_b84_115_SNP_N_GenomeWideSNP_6_A11_771648	13	27166194	27166243	2	-1.3858
DUNGS_p_TCGA_b84_115_SNP_N_GenomeWideSNP_6_A11_771648	13	27167841	27193333	24	-0.026
DUNGS_p_TCGA_b84_115_SNP_N_GenomeWideSNP_6_A11_771648	13	27193593	27193616	3	-1.0593
DUNGS_p_TCGA_b84_115_SNP_N_GenomeWideSNP_6_A11_771648	13	27193789	31510065	3311	0.0052
DUNGS_p_TCGA_b84_115_SNP_N_GenomeWideSNP_6_A11_771648	13	31511655	31512404	2	-1.5569
DUNGS_p_TCGA_b84_115_SNP_N_GenomeWideSNP_6_A11_771648	13	31512486	38071135	4691	0.0026
DUNGS_p_TCGA_b84_115_SNP_N_GenomeWideSNP_6_A11_771648	13	38072036	38084757	16	0.7481
DUNGS_p_TCGA_b84_115_SNP_N_GenomeWideSNP_6_A11_771648	13	38088330	39949162	1405	0.0074
DUNGS_p_TCGA_b84_115_SNP_N_GenomeWideSNP_6_A11_771648	13	39949981	39951039	5	-0.8466
DUNGS_p_TCGA_b84_115_SNP_N_GenomeWideSNP_6_A11_771648	13	39951489	57751096	11145	0.0128
DUNGS_p_TCGA_b84_115_SNP_N_GenomeWideSNP_6_A11_771648	13	57758270	57764057	15	-1.9938
DUNGS_p_TCGA_b84_115_SNP_N_GenomeWideSNP_6_A11_771648	13	57764099	57764179	4	-4.1655
DUNGS_p_TCGA_b84_115_SNP_N_GenomeWideSNP_6_A11_771648	13	57766711	57778380	15	-2.3737
DUNGS_p_TCGA_b84_115_SNP_N_GenomeWideSNP_6_A11_771648	13	57789714	90643885	20813	0.0042
DUNGS_p_TCGA_b84_115_SNP_N_GenomeWideSNP_6_A11_771648	13	90646484	90646700	2	-1.1543
DUNGS_p_TCGA_b84_115_SNP_N_GenomeWideSNP_6_A11_771648	13	90646840	92989364	1494	-4e-04
DUNGS_p_TCGA_b84_115_SNP_N_GenomeWideSNP_6_A11_771648	13	92989941	93018609	10	-0.6375
DUNGS_p_TCGA_b84_115_SNP_N_GenomeWideSNP_6_A11_771648	13	93019338	111735210	14098	0.0071
DUNGS_p_TCGA_b84_115_SNP_N_GenomeWideSNP_6_A11_771648	13	111737287	111738220	4	-1.1192
DUNGS_p_TCGA_b84_115_SNP_N_GenomeWideSNP_6_A11_771648	13	111739303	115108397	1772	0.0036
DUNGS_p_TCGA_b84_115_SNP_N_GenomeWideSNP_6_A11_771648	14	19002124	19170412	17	0.2444
DUNGS_p_TCGA_b84_115_SNP_N_GenomeWideSNP_6_A11_771648	14	19171044	19469520	21	-0.1269
DUNGS_p_TCGA_b84_115_SNP_N_GenomeWideSNP_6_A11_771648	14	19541714	20418957	147	0.3177
DUNGS_p_TCGA_b84_115_SNP_N_GenomeWideSNP_6_A11_771648	14	20419259	32416280	7545	0.0215
DUNGS_p_TCGA_b84_115_SNP_N_GenomeWideSNP_6_A11_771648	14	32416435	32416504	2	-1.2265
DUNGS_p_TCGA_b84_115_SNP_N_GenomeWideSNP_6_A11_771648	14	32416705	41610496	6117	0.007
DUNGS_p_TCGA_b84_115_SNP_N_GenomeWideSNP_6_A11_771648	14	41610690	41653977	12	-0.5461
DUNGS_p_TCGA_b84_115_SNP_N_GenomeWideSNP_6_A11_771648	14	41657249	62664338	13291	0.0069
DUNGS_p_TCGA_b84_115_SNP_N_GenomeWideSNP_6_A11_771648	14	62665000	62665276	2	-1.0944
DUNGS_p_TCGA_b84_115_SNP_N_GenomeWideSNP_6_A11_771648	14	62665801	71710222	5675	0.0069
DUNGS_p_TCGA_b84_115_SNP_N_GenomeWideSNP_6_A11_771648	14	71716197	71716231	2	-1.1904
DUNGS_p_TCGA_b84_115_SNP_N_GenomeWideSNP_6_A11_771648	14	71716923	74006707	1538	0.0012
DUNGS_p_TCGA_b84_115_SNP_N_GenomeWideSNP_6_A11_771648	14	74006851	74045197	15	0.5454
DUNGS_p_TCGA_b84_115_SNP_N_GenomeWideSNP_6_A11_771648	14	74045392	106535295	20830	0.0036
DUNGS_p_TCGA_b84_115_SNP_N_GenomeWideSNP_6_A11_771648	14	106538062	106561441	13	0.9172
DUNGS_p_TCGA_b84_115_SNP_N_GenomeWideSNP_6_A11_771648	14	106567100	106777343	102	0.1149
DUNGS_p_TCGA_b84_115_SNP_N_GenomeWideSNP_6_A11_771648	14	106783044	106802053	8	-0.5874
DUNGS_p_TCGA_b84_115_SNP_N_GenomeWideSNP_6_A11_771648	14	106815943	107285437	308	0.0518
DUNGS_p_TCGA_b84_115_SNP_N_GenomeWideSNP_6_A11_771648	15	20016328	20440538	68	0.078
DUNGS_p_TCGA_b84_115_SNP_N_GenomeWideSNP_6_A11_771648	15	20446138	20578421	30	0.6697
DUNGS_p_TCGA_b84_115_SNP_N_GenomeWideSNP_6_A11_771648	15	20581451	20586957	19	0.1197
DUNGS_p_TCGA_b84_115_SNP_N_GenomeWideSNP_6_A11_771648	15	20590027	20646575	28	0.6751
DUNGS_p_TCGA_b84_115_SNP_N_GenomeWideSNP_6_A11_771648	15	20646685	20843562	14	-0.2019
DUNGS_p_TCGA_b84_115_SNP_N_GenomeWideSNP_6_A11_771648	15	20847933	21201536	120	0.6365
DUNGS_p_TCGA_b84_115_SNP_N_GenomeWideSNP_6_A11_771648	15	21210772	21302216	13	-0.1598
DUNGS_p_TCGA_b84_115_SNP_N_GenomeWideSNP_6_A11_771648	15	21905757	22293227	21	0.5593
DUNGS_p_TCGA_b84_115_SNP_N_GenomeWideSNP_6_A11_771648	15	22302006	22587474	109	1.0377
DUNGS_p_TCGA_b84_115_SNP_N_GenomeWideSNP_6_A11_771648	15	22673399	22681076	2	-0.9533
DUNGS_p_TCGA_b84_115_SNP_N_GenomeWideSNP_6_A11_771648	15	22681250	23266351	304	0.0576
DUNGS_p_TCGA_b84_115_SNP_N_GenomeWideSNP_6_A11_771648	15	23277448	23290800	4	-0.5061
DUNGS_p_TCGA_b84_115_SNP_N_GenomeWideSNP_6_A11_771648	15	23296600	23300773	2	1.3232
DUNGS_p_TCGA_b84_115_SNP_N_GenomeWideSNP_6_A11_771648	15	23389113	24674751	695	0.0354
DUNGS_p_TCGA_b84_115_SNP_N_GenomeWideSNP_6_A11_771648	15	24674887	24730995	42	-0.4093
DUNGS_p_TCGA_b84_115_SNP_N_GenomeWideSNP_6_A11_771648	15	24731872	30347521	3618	0.0132
DUNGS_p_TCGA_b84_115_SNP_N_GenomeWideSNP_6_A11_771648	15	30348415	30900878	125	0.2668
DUNGS_p_TCGA_b84_115_SNP_N_GenomeWideSNP_6_A11_771648	15	30913587	32857412	1115	0.0185
DUNGS_p_TCGA_b84_115_SNP_N_GenomeWideSNP_6_A11_771648	15	32857482	32876984	4	-0.9666
DUNGS_p_TCGA_b84_115_SNP_N_GenomeWideSNP_6_A11_771648	15	32902983	34714123	1490	0.0038
DUNGS_p_TCGA_b84_115_SNP_N_GenomeWideSNP_6_A11_771648	15	34719795	34855818	73	0.2339
DUNGS_p_TCGA_b84_115_SNP_N_GenomeWideSNP_6_A11_771648	15	34858010	55128299	12687	6e-04
DUNGS_p_TCGA_b84_115_SNP_N_GenomeWideSNP_6_A11_771648	15	55129972	55137606	19	-1.0834
DUNGS_p_TCGA_b84_115_SNP_N_GenomeWideSNP_6_A11_771648	15	55139290	76878362	13785	3e-04
DUNGS_p_TCGA_b84_115_SNP_N_GenomeWideSNP_6_A11_771648	15	76891241	76895775	22	0.9274
DUNGS_p_TCGA_b84_115_SNP_N_GenomeWideSNP_6_A11_771648	15	76902179	94863704	12034	0.0098
DUNGS_p_TCGA_b84_115_SNP_N_GenomeWideSNP_6_A11_771648	15	94863824	94863837	2	-1.4562
DUNGS_p_TCGA_b84_115_SNP_N_GenomeWideSNP_6_A11_771648	15	94864458	102469040	5664	0.0121
DUNGS_p_TCGA_b84_115_SNP_N_GenomeWideSNP_6_A11_771648	16	60777	3214686	1108	-0.0044
DUNGS_p_TCGA_b84_115_SNP_N_GenomeWideSNP_6_A11_771648	16	3214964	3248359	14	0.6527
DUNGS_p_TCGA_b84_115_SNP_N_GenomeWideSNP_6_A11_771648	16	3250228	6934270	3139	0.0092
DUNGS_p_TCGA_b84_115_SNP_N_GenomeWideSNP_6_A11_771648	16	6934349	6934454	2	1.24
DUNGS_p_TCGA_b84_115_SNP_N_GenomeWideSNP_6_A11_771648	16	6934940	9648117	2755	0.0145
DUNGS_p_TCGA_b84_115_SNP_N_GenomeWideSNP_6_A11_771648	16	9650813	9653405	3	-0.9037
DUNGS_p_TCGA_b84_115_SNP_N_GenomeWideSNP_6_A11_771648	16	9653458	12647302	2413	0.0046
DUNGS_p_TCGA_b84_115_SNP_N_GenomeWideSNP_6_A11_771648	16	12648058	12654618	14	-0.4647
DUNGS_p_TCGA_b84_115_SNP_N_GenomeWideSNP_6_A11_771648	16	12655176	12675496	33	5e-04
DUNGS_p_TCGA_b84_115_SNP_N_GenomeWideSNP_6_A11_771648	16	12676391	12676529	3	-0.7954
DUNGS_p_TCGA_b84_115_SNP_N_GenomeWideSNP_6_A11_771648	16	12676745	14896197	1647	0.0112
DUNGS_p_TCGA_b84_115_SNP_N_GenomeWideSNP_6_A11_771648	16	14897801	15049337	20	-0.6453
DUNGS_p_TCGA_b84_115_SNP_N_GenomeWideSNP_6_A11_771648	16	15049518	16377662	648	0.03
DUNGS_p_TCGA_b84_115_SNP_N_GenomeWideSNP_6_A11_771648	16	16513091	16513279	2	-1.9218
DUNGS_p_TCGA_b84_115_SNP_N_GenomeWideSNP_6_A11_771648	16	16513638	18198717	1011	0.0424
DUNGS_p_TCGA_b84_115_SNP_N_GenomeWideSNP_6_A11_771648	16	18228118	18238289	2	1.4727
DUNGS_p_TCGA_b84_115_SNP_N_GenomeWideSNP_6_A11_771648	16	18242726	19944363	727	0.0046
DUNGS_p_TCGA_b84_115_SNP_N_GenomeWideSNP_6_A11_771648	16	19945650	19967362	29	-0.8096
DUNGS_p_TCGA_b84_115_SNP_N_GenomeWideSNP_6_A11_771648	16	19970254	20533641	433	0.0125
DUNGS_p_TCGA_b84_115_SNP_N_GenomeWideSNP_6_A11_771648	16	20545837	20545852	2	1.1096
DUNGS_p_TCGA_b84_115_SNP_N_GenomeWideSNP_6_A11_771648	16	20546140	22590878	871	0.0383
DUNGS_p_TCGA_b84_115_SNP_N_GenomeWideSNP_6_A11_771648	16	22591245	22717588	65	0.3277
DUNGS_p_TCGA_b84_115_SNP_N_GenomeWideSNP_6_A11_771648	16	22718304	32588622	5240	0.0026
DUNGS_p_TCGA_b84_115_SNP_N_GenomeWideSNP_6_A11_771648	16	32588901	32588909	5	0.9033
DUNGS_p_TCGA_b84_115_SNP_N_GenomeWideSNP_6_A11_771648	16	32609274	55796594	7165	0.006
DUNGS_p_TCGA_b84_115_SNP_N_GenomeWideSNP_6_A11_771648	16	55798222	55798779	3	2.9669
DUNGS_p_TCGA_b84_115_SNP_N_GenomeWideSNP_6_A11_771648	16	55804348	55816646	11	0.1554
DUNGS_p_TCGA_b84_115_SNP_N_GenomeWideSNP_6_A11_771648	16	55816705	55829557	5	0.7701
DUNGS_p_TCGA_b84_115_SNP_N_GenomeWideSNP_6_A11_771648	16	55829590	70198396	8786	-1e-04
DUNGS_p_TCGA_b84_115_SNP_N_GenomeWideSNP_6_A11_771648	16	70211444	70213044	2	-1.2812
DUNGS_p_TCGA_b84_115_SNP_N_GenomeWideSNP_6_A11_771648	16	70234536	78373337	5654	0.002
DUNGS_p_TCGA_b84_115_SNP_N_GenomeWideSNP_6_A11_771648	16	78373764	78373817	2	-1.8903
DUNGS_p_TCGA_b84_115_SNP_N_GenomeWideSNP_6_A11_771648	16	78376377	78553639	274	0.0085
DUNGS_p_TCGA_b84_115_SNP_N_GenomeWideSNP_6_A11_771648	16	78553933	78557769	2	-1.0725
DUNGS_p_TCGA_b84_115_SNP_N_GenomeWideSNP_6_A11_771648	16	78559734	79059169	662	0.028
DUNGS_p_TCGA_b84_115_SNP_N_GenomeWideSNP_6_A11_771648	16	79060152	79063156	15	-0.8385
DUNGS_p_TCGA_b84_115_SNP_N_GenomeWideSNP_6_A11_771648	16	79063673	81004307	2131	0.0145
DUNGS_p_TCGA_b84_115_SNP_N_GenomeWideSNP_6_A11_771648	16	81005379	81005402	2	-1.1981
DUNGS_p_TCGA_b84_115_SNP_N_GenomeWideSNP_6_A11_771648	16	81006758	81172662	142	0.0011
DUNGS_p_TCGA_b84_115_SNP_N_GenomeWideSNP_6_A11_771648	16	81177705	81266853	107	-1.0009
DUNGS_p_TCGA_b84_115_SNP_N_GenomeWideSNP_6_A11_771648	16	81271064	90287535	7329	-0.0065
DUNGS_p_TCGA_b84_115_SNP_N_GenomeWideSNP_6_A11_771648	17	526	55661	27	-6e-04
DUNGS_p_TCGA_b84_115_SNP_N_GenomeWideSNP_6_A11_771648	17	59064	59143	2	-1.959
DUNGS_p_TCGA_b84_115_SNP_N_GenomeWideSNP_6_A11_771648	17	59164	16701526	10494	0.0109
DUNGS_p_TCGA_b84_115_SNP_N_GenomeWideSNP_6_A11_771648	17	16709547	16722801	5	-1.1837
DUNGS_p_TCGA_b84_115_SNP_N_GenomeWideSNP_6_A11_771648	17	16735532	18319862	924	0.0013
DUNGS_p_TCGA_b84_115_SNP_N_GenomeWideSNP_6_A11_771648	17	18355392	18453437	26	1.0679
DUNGS_p_TCGA_b84_115_SNP_N_GenomeWideSNP_6_A11_771648	17	18459272	34447127	6935	0.0128
DUNGS_p_TCGA_b84_115_SNP_N_GenomeWideSNP_6_A11_771648	17	34447402	34629696	35	0.6669
DUNGS_p_TCGA_b84_115_SNP_N_GenomeWideSNP_6_A11_771648	17	34816256	37684500	1559	0.0119
DUNGS_p_TCGA_b84_115_SNP_N_GenomeWideSNP_6_A11_771648	17	37685386	37685401	2	-1.0685
DUNGS_p_TCGA_b84_115_SNP_N_GenomeWideSNP_6_A11_771648	17	37686420	39380430	962	0.0086
DUNGS_p_TCGA_b84_115_SNP_N_GenomeWideSNP_6_A11_771648	17	39387560	39393769	5	-0.8932
DUNGS_p_TCGA_b84_115_SNP_N_GenomeWideSNP_6_A11_771648	17	39395856	39421708	12	0.0445
DUNGS_p_TCGA_b84_115_SNP_N_GenomeWideSNP_6_A11_771648	17	39423014	39432840	26	0.4814
DUNGS_p_TCGA_b84_115_SNP_N_GenomeWideSNP_6_A11_771648	17	39432944	39517851	80	-0.0266
DUNGS_p_TCGA_b84_115_SNP_N_GenomeWideSNP_6_A11_771648	17	39517884	39522495	22	-0.8202
DUNGS_p_TCGA_b84_115_SNP_N_GenomeWideSNP_6_A11_771648	17	39526309	39527609	11	0.0987
DUNGS_p_TCGA_b84_115_SNP_N_GenomeWideSNP_6_A11_771648	17	39529138	39547328	9	0.604
DUNGS_p_TCGA_b84_115_SNP_N_GenomeWideSNP_6_A11_771648	17	39550151	41432265	986	-0.0061
DUNGS_p_TCGA_b84_115_SNP_N_GenomeWideSNP_6_A11_771648	17	41438590	41439921	3	-1.1075
DUNGS_p_TCGA_b84_115_SNP_N_GenomeWideSNP_6_A11_771648	17	41443704	44213712	1437	0.0099
DUNGS_p_TCGA_b84_115_SNP_N_GenomeWideSNP_6_A11_771648	17	44214166	44362009	86	-0.3127
DUNGS_p_TCGA_b84_115_SNP_N_GenomeWideSNP_6_A11_771648	17	44362363	44505241	15	-0.0453
DUNGS_p_TCGA_b84_115_SNP_N_GenomeWideSNP_6_A11_771648	17	44523711	44546329	3	1.1798
DUNGS_p_TCGA_b84_115_SNP_N_GenomeWideSNP_6_A11_771648	17	44546461	44647143	10	-0.0167
DUNGS_p_TCGA_b84_115_SNP_N_GenomeWideSNP_6_A11_771648	17	44647260	44648367	2	2.3236
DUNGS_p_TCGA_b84_115_SNP_N_GenomeWideSNP_6_A11_771648	17	44653397	54108257	5760	0.0046
DUNGS_p_TCGA_b84_115_SNP_N_GenomeWideSNP_6_A11_771648	17	54110848	54110999	2	-2.0228
DUNGS_p_TCGA_b84_115_SNP_N_GenomeWideSNP_6_A11_771648	17	54111012	55560530	1195	6e-04
DUNGS_p_TCGA_b84_115_SNP_N_GenomeWideSNP_6_A11_771648	17	55562151	55562228	2	-1.3736
DUNGS_p_TCGA_b84_115_SNP_N_GenomeWideSNP_6_A11_771648	17	55564211	81049726	14699	0.0035
DUNGS_p_TCGA_b84_115_SNP_N_GenomeWideSNP_6_A11_771648	18	11543	78015057	50866	0.0058
DUNGS_p_TCGA_b84_115_SNP_N_GenomeWideSNP_6_A11_771648	19	90910	15888020	6739	0.0037
DUNGS_p_TCGA_b84_115_SNP_N_GenomeWideSNP_6_A11_771648	19	15893748	15895353	5	-0.683
DUNGS_p_TCGA_b84_115_SNP_N_GenomeWideSNP_6_A11_771648	19	15899222	16100932	142	0.001
DUNGS_p_TCGA_b84_115_SNP_N_GenomeWideSNP_6_A11_771648	19	16104241	16104350	2	-1.1683
DUNGS_p_TCGA_b84_115_SNP_N_GenomeWideSNP_6_A11_771648	19	16108217	31284806	6798	0.0166
DUNGS_p_TCGA_b84_115_SNP_N_GenomeWideSNP_6_A11_771648	19	31288118	31288540	2	1.0759
DUNGS_p_TCGA_b84_115_SNP_N_GenomeWideSNP_6_A11_771648	19	31290599	34450946	2224	0.0029
DUNGS_p_TCGA_b84_115_SNP_N_GenomeWideSNP_6_A11_771648	19	34451779	34455208	2	-1.2403
DUNGS_p_TCGA_b84_115_SNP_N_GenomeWideSNP_6_A11_771648	19	34455857	52131813	9064	0.0086
DUNGS_p_TCGA_b84_115_SNP_N_GenomeWideSNP_6_A11_771648	19	52142352	52148197	11	-0.7244
DUNGS_p_TCGA_b84_115_SNP_N_GenomeWideSNP_6_A11_771648	19	52154905	56282369	2534	0.0173
DUNGS_p_TCGA_b84_115_SNP_N_GenomeWideSNP_6_A11_771648	19	56282535	56283067	3	-3.0117
DUNGS_p_TCGA_b84_115_SNP_N_GenomeWideSNP_6_A11_771648	19	56286293	59097854	1850	0.0143
DUNGS_p_TCGA_b84_115_SNP_N_GenomeWideSNP_6_A11_771648	20	61305	1560999	1207	0.0171
DUNGS_p_TCGA_b84_115_SNP_N_GenomeWideSNP_6_A11_771648	20	1561580	1593893	41	-0.5541
DUNGS_p_TCGA_b84_115_SNP_N_GenomeWideSNP_6_A11_771648	20	1597946	24880789	18175	0.0104
DUNGS_p_TCGA_b84_115_SNP_N_GenomeWideSNP_6_A11_771648	20	24887831	24899841	11	-1.0446
DUNGS_p_TCGA_b84_115_SNP_N_GenomeWideSNP_6_A11_771648	20	24908860	34356230	2909	0.0136
DUNGS_p_TCGA_b84_115_SNP_N_GenomeWideSNP_6_A11_771648	20	34357672	34378097	5	0.8419
DUNGS_p_TCGA_b84_115_SNP_N_GenomeWideSNP_6_A11_771648	20	34386299	38034463	2131	0.0088
DUNGS_p_TCGA_b84_115_SNP_N_GenomeWideSNP_6_A11_771648	20	38038991	38042046	3	-0.9486
DUNGS_p_TCGA_b84_115_SNP_N_GenomeWideSNP_6_A11_771648	20	38046128	44737435	4808	0.0043
DUNGS_p_TCGA_b84_115_SNP_N_GenomeWideSNP_6_A11_771648	20	44741453	44742064	3	-1.1604
DUNGS_p_TCGA_b84_115_SNP_N_GenomeWideSNP_6_A11_771648	20	44743471	60548170	12260	0.0027
DUNGS_p_TCGA_b84_115_SNP_N_GenomeWideSNP_6_A11_771648	20	60559028	60559084	3	0.9064
DUNGS_p_TCGA_b84_115_SNP_N_GenomeWideSNP_6_A11_771648	20	60567750	62956153	978	0.0012
DUNGS_p_TCGA_b84_115_SNP_N_GenomeWideSNP_6_A11_771648	21	10736871	10934086	31	-0.3093
DUNGS_p_TCGA_b84_115_SNP_N_GenomeWideSNP_6_A11_771648	21	10935910	14446712	99	0.1638
DUNGS_p_TCGA_b84_115_SNP_N_GenomeWideSNP_6_A11_771648	21	14452862	14467359	5	-0.4803
DUNGS_p_TCGA_b84_115_SNP_N_GenomeWideSNP_6_A11_771648	21	14467779	14538478	10	-1.4791
DUNGS_p_TCGA_b84_115_SNP_N_GenomeWideSNP_6_A11_771648	21	14538557	21995739	5059	0.0062
DUNGS_p_TCGA_b84_115_SNP_N_GenomeWideSNP_6_A11_771648	21	22000377	22000912	3	-1.0275
DUNGS_p_TCGA_b84_115_SNP_N_GenomeWideSNP_6_A11_771648	21	22005845	48096957	19226	0.0023
DUNGS_p_TCGA_b84_115_SNP_N_GenomeWideSNP_6_A11_771648	22	16052528	20330744	2150	0.0359
DUNGS_p_TCGA_b84_115_SNP_N_GenomeWideSNP_6_A11_771648	22	20397856	20662706	6	1.366
DUNGS_p_TCGA_b84_115_SNP_N_GenomeWideSNP_6_A11_771648	22	20705775	21465672	697	0.0716
DUNGS_p_TCGA_b84_115_SNP_N_GenomeWideSNP_6_A11_771648	22	21465835	21726099	14	0.9135
DUNGS_p_TCGA_b84_115_SNP_N_GenomeWideSNP_6_A11_771648	22	21726510	21809185	11	-0.101
DUNGS_p_TCGA_b84_115_SNP_N_GenomeWideSNP_6_A11_771648	22	21815866	21845294	24	0.7977
DUNGS_p_TCGA_b84_115_SNP_N_GenomeWideSNP_6_A11_771648	22	21845355	24271745	1690	0.0417
DUNGS_p_TCGA_b84_115_SNP_N_GenomeWideSNP_6_A11_771648	22	24283016	24344422	33	0.57
DUNGS_p_TCGA_b84_115_SNP_N_GenomeWideSNP_6_A11_771648	22	24350529	36443675	9170	-7e-04
DUNGS_p_TCGA_b84_115_SNP_N_GenomeWideSNP_6_A11_771648	22	36444188	36445516	3	-1.2984
DUNGS_p_TCGA_b84_115_SNP_N_GenomeWideSNP_6_A11_771648	22	36445533	36570828	90	-0.0409
DUNGS_p_TCGA_b84_115_SNP_N_GenomeWideSNP_6_A11_771648	22	36572515	36573930	4	-0.8218
DUNGS_p_TCGA_b84_115_SNP_N_GenomeWideSNP_6_A11_771648	22	36576940	37442451	645	0.0024
DUNGS_p_TCGA_b84_115_SNP_N_GenomeWideSNP_6_A11_771648	22	37444350	37462984	3	-0.9764
DUNGS_p_TCGA_b84_115_SNP_N_GenomeWideSNP_6_A11_771648	22	37467270	38678746	634	0.008
DUNGS_p_TCGA_b84_115_SNP_N_GenomeWideSNP_6_A11_771648	22	38680361	38680381	2	1.0366
DUNGS_p_TCGA_b84_115_SNP_N_GenomeWideSNP_6_A11_771648	22	38683637	39287910	306	0.0181
DUNGS_p_TCGA_b84_115_SNP_N_GenomeWideSNP_6_A11_771648	22	39290920	39296904	4	0.7788
DUNGS_p_TCGA_b84_115_SNP_N_GenomeWideSNP_6_A11_771648	22	39299114	42892596	1959	-0.0013
DUNGS_p_TCGA_b84_115_SNP_N_GenomeWideSNP_6_A11_771648	22	42897282	42932418	21	0.5463
DUNGS_p_TCGA_b84_115_SNP_N_GenomeWideSNP_6_A11_771648	22	42934462	51234455	6117	-0.0034
DUNGS_p_TCGA_b84_115_SNP_N_GenomeWideSNP_6_A11_771648	X	168477	78953195	41188	0.014
DUNGS_p_TCGA_b84_115_SNP_N_GenomeWideSNP_6_A11_771648	X	78955370	78955521	3	-4.6276
DUNGS_p_TCGA_b84_115_SNP_N_GenomeWideSNP_6_A11_771648	X	78955574	79032411	55	-0.0602
DUNGS_p_TCGA_b84_115_SNP_N_GenomeWideSNP_6_A11_771648	X	79036205	79038882	2	-1.4874
DUNGS_p_TCGA_b84_115_SNP_N_GenomeWideSNP_6_A11_771648	X	79038887	80746832	952	0.011
DUNGS_p_TCGA_b84_115_SNP_N_GenomeWideSNP_6_A11_771648	X	80752646	80770570	10	-2.3776
DUNGS_p_TCGA_b84_115_SNP_N_GenomeWideSNP_6_A11_771648	X	80782919	88805352	4744	0.0024
DUNGS_p_TCGA_b84_115_SNP_N_GenomeWideSNP_6_A11_771648	X	88808970	88809234	2	-5.1407
DUNGS_p_TCGA_b84_115_SNP_N_GenomeWideSNP_6_A11_771648	X	88809955	155182354	37706	0.0117
DUNGS_p_TCGA_b84_115_SNP_N_GenomeWideSNP_6_A11_771648	Y	2650438	8611794	2234	-0.9356
DUNGS_p_TCGA_b84_115_SNP_N_GenomeWideSNP_6_A11_771648	Y	8615140	8616189	2	0.5953
DUNGS_p_TCGA_b84_115_SNP_N_GenomeWideSNP_6_A11_771648	Y	8616436	9633865	339	-0.9096
DUNGS_p_TCGA_b84_115_SNP_N_GenomeWideSNP_6_A11_771648	Y	9648550	9648739	2	-2.4644
DUNGS_p_TCGA_b84_115_SNP_N_GenomeWideSNP_6_A11_771648	Y	9651430	59018259	6058	-0.9196
