Sample	Chromosome	Start	End	Num_Probes	Segment_Mean
DUNGS_p_TCGA_b84_115_SNP_N_GenomeWideSNP_6_D04_771512	1	61735	229075	20	-0.4793
DUNGS_p_TCGA_b84_115_SNP_N_GenomeWideSNP_6_D04_771512	1	229158	12859292	6518	0.0094
DUNGS_p_TCGA_b84_115_SNP_N_GenomeWideSNP_6_D04_771512	1	12859399	13384473	56	-0.3317
DUNGS_p_TCGA_b84_115_SNP_N_GenomeWideSNP_6_D04_771512	1	13384632	16153497	1831	0.0232
DUNGS_p_TCGA_b84_115_SNP_N_GenomeWideSNP_6_D04_771512	1	16153536	16181645	18	-0.4261
DUNGS_p_TCGA_b84_115_SNP_N_GenomeWideSNP_6_D04_771512	1	16190109	17182437	395	-0.0199
DUNGS_p_TCGA_b84_115_SNP_N_GenomeWideSNP_6_D04_771512	1	17190004	17324445	85	-0.2365
DUNGS_p_TCGA_b84_115_SNP_N_GenomeWideSNP_6_D04_771512	1	17325955	19586967	1650	0.0449
DUNGS_p_TCGA_b84_115_SNP_N_GenomeWideSNP_6_D04_771512	1	19604101	19604134	2	-1.0376
DUNGS_p_TCGA_b84_115_SNP_N_GenomeWideSNP_6_D04_771512	1	19604374	22298285	1669	0.0083
DUNGS_p_TCGA_b84_115_SNP_N_GenomeWideSNP_6_D04_771512	1	22300465	22358055	25	-0.4223
DUNGS_p_TCGA_b84_115_SNP_N_GenomeWideSNP_6_D04_771512	1	22358265	25583341	1907	0.0027
DUNGS_p_TCGA_b84_115_SNP_N_GenomeWideSNP_6_D04_771512	1	25593128	25604466	11	-1.868
DUNGS_p_TCGA_b84_115_SNP_N_GenomeWideSNP_6_D04_771512	1	25605058	25611452	3	-4.6994
DUNGS_p_TCGA_b84_115_SNP_N_GenomeWideSNP_6_D04_771512	1	25616296	25636451	7	-0.9088
DUNGS_p_TCGA_b84_115_SNP_N_GenomeWideSNP_6_D04_771512	1	25645184	25662212	10	-1.6942
DUNGS_p_TCGA_b84_115_SNP_N_GenomeWideSNP_6_D04_771512	1	25663310	25678362	5	-0.6366
DUNGS_p_TCGA_b84_115_SNP_N_GenomeWideSNP_6_D04_771512	1	25678377	30737373	2393	0.0095
DUNGS_p_TCGA_b84_115_SNP_N_GenomeWideSNP_6_D04_771512	1	30738355	30739796	7	-0.7163
DUNGS_p_TCGA_b84_115_SNP_N_GenomeWideSNP_6_D04_771512	1	30741496	33414131	1392	0.0141
DUNGS_p_TCGA_b84_115_SNP_N_GenomeWideSNP_6_D04_771512	1	33415069	33416904	2	-1.1011
DUNGS_p_TCGA_b84_115_SNP_N_GenomeWideSNP_6_D04_771512	1	33420410	54578100	11939	0.0263
DUNGS_p_TCGA_b84_115_SNP_N_GenomeWideSNP_6_D04_771512	1	54580012	54593256	12	0.5374
DUNGS_p_TCGA_b84_115_SNP_N_GenomeWideSNP_6_D04_771512	1	54594263	65897951	8536	0.0309
DUNGS_p_TCGA_b84_115_SNP_N_GenomeWideSNP_6_D04_771512	1	65898001	65906265	3	0.7905
DUNGS_p_TCGA_b84_115_SNP_N_GenomeWideSNP_6_D04_771512	1	65906762	72768418	4585	0.0251
DUNGS_p_TCGA_b84_115_SNP_N_GenomeWideSNP_6_D04_771512	1	72768498	72811148	47	-1.3794
DUNGS_p_TCGA_b84_115_SNP_N_GenomeWideSNP_6_D04_771512	1	72811904	81888456	5792	0.0281
DUNGS_p_TCGA_b84_115_SNP_N_GenomeWideSNP_6_D04_771512	1	81888602	81888694	5	0.9833
DUNGS_p_TCGA_b84_115_SNP_N_GenomeWideSNP_6_D04_771512	1	81888724	94337048	8071	0.0213
DUNGS_p_TCGA_b84_115_SNP_N_GenomeWideSNP_6_D04_771512	1	94337501	94341724	2	-1.1367
DUNGS_p_TCGA_b84_115_SNP_N_GenomeWideSNP_6_D04_771512	1	94343023	104221531	6240	0.0263
DUNGS_p_TCGA_b84_115_SNP_N_GenomeWideSNP_6_D04_771512	1	104221631	104259444	19	0.5654
DUNGS_p_TCGA_b84_115_SNP_N_GenomeWideSNP_6_D04_771512	1	104260032	106013376	924	0.0345
DUNGS_p_TCGA_b84_115_SNP_N_GenomeWideSNP_6_D04_771512	1	106019205	106022360	16	0.6541
DUNGS_p_TCGA_b84_115_SNP_N_GenomeWideSNP_6_D04_771512	1	106022375	108729759	1945	0.0449
DUNGS_p_TCGA_b84_115_SNP_N_GenomeWideSNP_6_D04_771512	1	108734235	108734877	2	-1.2778
DUNGS_p_TCGA_b84_115_SNP_N_GenomeWideSNP_6_D04_771512	1	108737496	111832205	1973	0.0144
DUNGS_p_TCGA_b84_115_SNP_N_GenomeWideSNP_6_D04_771512	1	111834065	111834072	3	-0.8891
DUNGS_p_TCGA_b84_115_SNP_N_GenomeWideSNP_6_D04_771512	1	111834119	112690326	726	0.0266
DUNGS_p_TCGA_b84_115_SNP_N_GenomeWideSNP_6_D04_771512	1	112695965	112697198	21	-0.553
DUNGS_p_TCGA_b84_115_SNP_N_GenomeWideSNP_6_D04_771512	1	112697213	144842558	5250	0.0208
DUNGS_p_TCGA_b84_115_SNP_N_GenomeWideSNP_6_D04_771512	1	144849539	144868360	5	0.7676
DUNGS_p_TCGA_b84_115_SNP_N_GenomeWideSNP_6_D04_771512	1	144869084	145151728	146	0.0129
DUNGS_p_TCGA_b84_115_SNP_N_GenomeWideSNP_6_D04_771512	1	145151959	145156846	13	0.6159
DUNGS_p_TCGA_b84_115_SNP_N_GenomeWideSNP_6_D04_771512	1	145156962	152560541	2646	-0.0103
DUNGS_p_TCGA_b84_115_SNP_N_GenomeWideSNP_6_D04_771512	1	152560868	152579621	18	0.4314
DUNGS_p_TCGA_b84_115_SNP_N_GenomeWideSNP_6_D04_771512	1	152579825	152762008	183	0.0329
DUNGS_p_TCGA_b84_115_SNP_N_GenomeWideSNP_6_D04_771512	1	152762046	152768259	28	0.5663
DUNGS_p_TCGA_b84_115_SNP_N_GenomeWideSNP_6_D04_771512	1	152768281	153193178	336	0.0414
DUNGS_p_TCGA_b84_115_SNP_N_GenomeWideSNP_6_D04_771512	1	153193484	153197945	5	-0.9597
DUNGS_p_TCGA_b84_115_SNP_N_GenomeWideSNP_6_D04_771512	1	153200808	169216937	11016	0.0308
DUNGS_p_TCGA_b84_115_SNP_N_GenomeWideSNP_6_D04_771512	1	169233974	169241766	7	-3.6698
DUNGS_p_TCGA_b84_115_SNP_N_GenomeWideSNP_6_D04_771512	1	169242401	175442739	3984	0.0295
DUNGS_p_TCGA_b84_115_SNP_N_GenomeWideSNP_6_D04_771512	1	175442871	175461147	16	0.4285
DUNGS_p_TCGA_b84_115_SNP_N_GenomeWideSNP_6_D04_771512	1	175461250	178659933	2061	0.0458
DUNGS_p_TCGA_b84_115_SNP_N_GenomeWideSNP_6_D04_771512	1	178660009	178662668	17	-0.3435
DUNGS_p_TCGA_b84_115_SNP_N_GenomeWideSNP_6_D04_771512	1	178665858	210071062	21064	0.0214
DUNGS_p_TCGA_b84_115_SNP_N_GenomeWideSNP_6_D04_771512	1	210081613	210083984	3	-1.8142
DUNGS_p_TCGA_b84_115_SNP_N_GenomeWideSNP_6_D04_771512	1	210086552	222366668	8626	0.0299
DUNGS_p_TCGA_b84_115_SNP_N_GenomeWideSNP_6_D04_771512	1	222374834	222377004	2	-1.6903
DUNGS_p_TCGA_b84_115_SNP_N_GenomeWideSNP_6_D04_771512	1	222382134	225454386	1837	0.0317
DUNGS_p_TCGA_b84_115_SNP_N_GenomeWideSNP_6_D04_771512	1	225454416	225458534	5	0.687
DUNGS_p_TCGA_b84_115_SNP_N_GenomeWideSNP_6_D04_771512	1	225458963	227426072	1225	0.0017
DUNGS_p_TCGA_b84_115_SNP_N_GenomeWideSNP_6_D04_771512	1	227426205	227426406	2	-1.1895
DUNGS_p_TCGA_b84_115_SNP_N_GenomeWideSNP_6_D04_771512	1	227429178	234677737	5215	0.0242
DUNGS_p_TCGA_b84_115_SNP_N_GenomeWideSNP_6_D04_771512	1	234679850	234695188	6	-0.66
DUNGS_p_TCGA_b84_115_SNP_N_GenomeWideSNP_6_D04_771512	1	234696051	242087019	5656	0.005
DUNGS_p_TCGA_b84_115_SNP_N_GenomeWideSNP_6_D04_771512	1	242087176	242187836	42	-0.3308
DUNGS_p_TCGA_b84_115_SNP_N_GenomeWideSNP_6_D04_771512	1	242190730	243038559	673	0.0084
DUNGS_p_TCGA_b84_115_SNP_N_GenomeWideSNP_6_D04_771512	1	243039768	243268406	103	-0.3179
DUNGS_p_TCGA_b84_115_SNP_N_GenomeWideSNP_6_D04_771512	1	243268959	246821443	2410	0.0174
DUNGS_p_TCGA_b84_115_SNP_N_GenomeWideSNP_6_D04_771512	1	246823857	246899198	45	-0.447
DUNGS_p_TCGA_b84_115_SNP_N_GenomeWideSNP_6_D04_771512	1	246907206	248578651	1080	-0.0064
DUNGS_p_TCGA_b84_115_SNP_N_GenomeWideSNP_6_D04_771512	1	248579216	248621163	14	0.5722
DUNGS_p_TCGA_b84_115_SNP_N_GenomeWideSNP_6_D04_771512	1	248621397	248725234	32	0.0816
DUNGS_p_TCGA_b84_115_SNP_N_GenomeWideSNP_6_D04_771512	1	248736075	248795289	32	-0.7894
DUNGS_p_TCGA_b84_115_SNP_N_GenomeWideSNP_6_D04_771512	1	248795852	249224388	148	0.071
DUNGS_p_TCGA_b84_115_SNP_N_GenomeWideSNP_6_D04_771512	2	12784	184689	99	0.0656
DUNGS_p_TCGA_b84_115_SNP_N_GenomeWideSNP_6_D04_771512	2	184772	216376	25	-0.3669
DUNGS_p_TCGA_b84_115_SNP_N_GenomeWideSNP_6_D04_771512	2	219558	4205687	2867	0.0437
DUNGS_p_TCGA_b84_115_SNP_N_GenomeWideSNP_6_D04_771512	2	4213864	4223567	38	-0.638
DUNGS_p_TCGA_b84_115_SNP_N_GenomeWideSNP_6_D04_771512	2	4223695	7616755	2888	0.0184
DUNGS_p_TCGA_b84_115_SNP_N_GenomeWideSNP_6_D04_771512	2	7618107	7637962	11	-0.5819
DUNGS_p_TCGA_b84_115_SNP_N_GenomeWideSNP_6_D04_771512	2	7638718	17388272	7085	0.0242
DUNGS_p_TCGA_b84_115_SNP_N_GenomeWideSNP_6_D04_771512	2	17396067	17396229	2	1.1979
DUNGS_p_TCGA_b84_115_SNP_N_GenomeWideSNP_6_D04_771512	2	17396548	24593400	4938	0.0291
DUNGS_p_TCGA_b84_115_SNP_N_GenomeWideSNP_6_D04_771512	2	24595328	24619502	44	-0.3587
DUNGS_p_TCGA_b84_115_SNP_N_GenomeWideSNP_6_D04_771512	2	24619852	29613214	2656	-0.0012
DUNGS_p_TCGA_b84_115_SNP_N_GenomeWideSNP_6_D04_771512	2	29615411	29615419	2	-1.0767
DUNGS_p_TCGA_b84_115_SNP_N_GenomeWideSNP_6_D04_771512	2	29616013	34520473	3382	0.0142
DUNGS_p_TCGA_b84_115_SNP_N_GenomeWideSNP_6_D04_771512	2	34523978	34525580	2	-2.5083
DUNGS_p_TCGA_b84_115_SNP_N_GenomeWideSNP_6_D04_771512	2	34525967	34691069	95	-0.0439
DUNGS_p_TCGA_b84_115_SNP_N_GenomeWideSNP_6_D04_771512	2	34699315	34708650	8	-2.73
DUNGS_p_TCGA_b84_115_SNP_N_GenomeWideSNP_6_D04_771512	2	34710728	34717908	21	-1.6277
DUNGS_p_TCGA_b84_115_SNP_N_GenomeWideSNP_6_D04_771512	2	34717974	34737057	17	-3.2825
DUNGS_p_TCGA_b84_115_SNP_N_GenomeWideSNP_6_D04_771512	2	34737163	35967385	876	0.0266
DUNGS_p_TCGA_b84_115_SNP_N_GenomeWideSNP_6_D04_771512	2	35968036	35987947	9	0.6659
DUNGS_p_TCGA_b84_115_SNP_N_GenomeWideSNP_6_D04_771512	2	35997473	53673923	12964	0.0223
DUNGS_p_TCGA_b84_115_SNP_N_GenomeWideSNP_6_D04_771512	2	53674075	53674699	2	-1.2893
DUNGS_p_TCGA_b84_115_SNP_N_GenomeWideSNP_6_D04_771512	2	53674840	71908317	11896	0.0222
DUNGS_p_TCGA_b84_115_SNP_N_GenomeWideSNP_6_D04_771512	2	71909822	71912005	2	-1.2458
DUNGS_p_TCGA_b84_115_SNP_N_GenomeWideSNP_6_D04_771512	2	71914438	75375179	1852	0.0121
DUNGS_p_TCGA_b84_115_SNP_N_GenomeWideSNP_6_D04_771512	2	75381677	75381796	5	-0.8765
DUNGS_p_TCGA_b84_115_SNP_N_GenomeWideSNP_6_D04_771512	2	75381837	77993047	1858	0.0224
DUNGS_p_TCGA_b84_115_SNP_N_GenomeWideSNP_6_D04_771512	2	77993217	77993232	2	-1.2808
DUNGS_p_TCGA_b84_115_SNP_N_GenomeWideSNP_6_D04_771512	2	77996378	83062834	3352	0.0342
DUNGS_p_TCGA_b84_115_SNP_N_GenomeWideSNP_6_D04_771512	2	83064171	83065860	3	-1.1144
DUNGS_p_TCGA_b84_115_SNP_N_GenomeWideSNP_6_D04_771512	2	83068421	92151611	3450	-0.0041
DUNGS_p_TCGA_b84_115_SNP_N_GenomeWideSNP_6_D04_771512	2	92153325	92305784	23	-0.4153
DUNGS_p_TCGA_b84_115_SNP_N_GenomeWideSNP_6_D04_771512	2	95327887	146862085	30482	0.0236
DUNGS_p_TCGA_b84_115_SNP_N_GenomeWideSNP_6_D04_771512	2	146864404	146866934	24	-1.8842
DUNGS_p_TCGA_b84_115_SNP_N_GenomeWideSNP_6_D04_771512	2	146877806	183053658	22284	0.0166
DUNGS_p_TCGA_b84_115_SNP_N_GenomeWideSNP_6_D04_771512	2	183054995	183059200	5	-0.856
DUNGS_p_TCGA_b84_115_SNP_N_GenomeWideSNP_6_D04_771512	2	183065934	184569070	888	0.0078
DUNGS_p_TCGA_b84_115_SNP_N_GenomeWideSNP_6_D04_771512	2	184571310	184571790	5	0.5969
DUNGS_p_TCGA_b84_115_SNP_N_GenomeWideSNP_6_D04_771512	2	184573775	185118891	346	0.0015
DUNGS_p_TCGA_b84_115_SNP_N_GenomeWideSNP_6_D04_771512	2	185119173	185120778	8	-1.1645
DUNGS_p_TCGA_b84_115_SNP_N_GenomeWideSNP_6_D04_771512	2	185124989	186591557	854	0.0284
DUNGS_p_TCGA_b84_115_SNP_N_GenomeWideSNP_6_D04_771512	2	186593872	186594355	2	-1.2616
DUNGS_p_TCGA_b84_115_SNP_N_GenomeWideSNP_6_D04_771512	2	186599215	197697735	6252	0.0195
DUNGS_p_TCGA_b84_115_SNP_N_GenomeWideSNP_6_D04_771512	2	197700961	197704048	2	-1.7168
DUNGS_p_TCGA_b84_115_SNP_N_GenomeWideSNP_6_D04_771512	2	197708712	203896897	3488	0.0043
DUNGS_p_TCGA_b84_115_SNP_N_GenomeWideSNP_6_D04_771512	2	203899800	203902046	3	-1.1477
DUNGS_p_TCGA_b84_115_SNP_N_GenomeWideSNP_6_D04_771512	2	203904140	208350754	2892	0.0189
DUNGS_p_TCGA_b84_115_SNP_N_GenomeWideSNP_6_D04_771512	2	208354912	208359336	18	-0.9296
DUNGS_p_TCGA_b84_115_SNP_N_GenomeWideSNP_6_D04_771512	2	208359476	232381298	15494	0.0071
DUNGS_p_TCGA_b84_115_SNP_N_GenomeWideSNP_6_D04_771512	2	232386641	232491355	63	-0.2467
DUNGS_p_TCGA_b84_115_SNP_N_GenomeWideSNP_6_D04_771512	2	232495138	237803366	3518	0.0176
DUNGS_p_TCGA_b84_115_SNP_N_GenomeWideSNP_6_D04_771512	2	237803533	237803934	4	-0.762
DUNGS_p_TCGA_b84_115_SNP_N_GenomeWideSNP_6_D04_771512	2	237803982	242476987	2881	0.0368
DUNGS_p_TCGA_b84_115_SNP_N_GenomeWideSNP_6_D04_771512	2	242477377	242497383	15	-0.4556
DUNGS_p_TCGA_b84_115_SNP_N_GenomeWideSNP_6_D04_771512	2	242497767	243089456	189	0.0635
DUNGS_p_TCGA_b84_115_SNP_N_GenomeWideSNP_6_D04_771512	3	60345	5079159	4518	0.0574
DUNGS_p_TCGA_b84_115_SNP_N_GenomeWideSNP_6_D04_771512	3	5084476	5140440	60	-0.2516
DUNGS_p_TCGA_b84_115_SNP_N_GenomeWideSNP_6_D04_771512	3	5143274	5534893	286	0.0511
DUNGS_p_TCGA_b84_115_SNP_N_GenomeWideSNP_6_D04_771512	3	5535582	5539114	2	-1.2298
DUNGS_p_TCGA_b84_115_SNP_N_GenomeWideSNP_6_D04_771512	3	5539588	10186657	3769	0.0335
DUNGS_p_TCGA_b84_115_SNP_N_GenomeWideSNP_6_D04_771512	3	10186998	10295847	104	-0.1873
DUNGS_p_TCGA_b84_115_SNP_N_GenomeWideSNP_6_D04_771512	3	10295883	12682763	1807	0.0272
DUNGS_p_TCGA_b84_115_SNP_N_GenomeWideSNP_6_D04_771512	3	12682783	12790859	81	-0.1935
DUNGS_p_TCGA_b84_115_SNP_N_GenomeWideSNP_6_D04_771512	3	12791212	23979303	7312	0.0359
DUNGS_p_TCGA_b84_115_SNP_N_GenomeWideSNP_6_D04_771512	3	23981429	23982328	2	-1.4618
DUNGS_p_TCGA_b84_115_SNP_N_GenomeWideSNP_6_D04_771512	3	23982330	89670015	42820	0.025
DUNGS_p_TCGA_b84_115_SNP_N_GenomeWideSNP_6_D04_771512	3	89671333	89674140	8	-0.918
DUNGS_p_TCGA_b84_115_SNP_N_GenomeWideSNP_6_D04_771512	3	89678599	98944511	3122	0.0123
DUNGS_p_TCGA_b84_115_SNP_N_GenomeWideSNP_6_D04_771512	3	98944547	98949301	32	-0.6138
DUNGS_p_TCGA_b84_115_SNP_N_GenomeWideSNP_6_D04_771512	3	98949308	110125297	6711	0.0175
DUNGS_p_TCGA_b84_115_SNP_N_GenomeWideSNP_6_D04_771512	3	110126484	110132441	3	1.0485
DUNGS_p_TCGA_b84_115_SNP_N_GenomeWideSNP_6_D04_771512	3	110132507	121291589	6954	0.0255
DUNGS_p_TCGA_b84_115_SNP_N_GenomeWideSNP_6_D04_771512	3	121293879	121389520	87	-0.2055
DUNGS_p_TCGA_b84_115_SNP_N_GenomeWideSNP_6_D04_771512	3	121390283	136132282	9138	0.0235
DUNGS_p_TCGA_b84_115_SNP_N_GenomeWideSNP_6_D04_771512	3	136132705	136132723	2	-2.4321
DUNGS_p_TCGA_b84_115_SNP_N_GenomeWideSNP_6_D04_771512	3	136142419	140388063	2560	0.0275
DUNGS_p_TCGA_b84_115_SNP_N_GenomeWideSNP_6_D04_771512	3	140388410	140391824	2	-1.757
DUNGS_p_TCGA_b84_115_SNP_N_GenomeWideSNP_6_D04_771512	3	140392934	141834622	822	0.0213
DUNGS_p_TCGA_b84_115_SNP_N_GenomeWideSNP_6_D04_771512	3	141846117	142057034	99	-0.1947
DUNGS_p_TCGA_b84_115_SNP_N_GenomeWideSNP_6_D04_771512	3	142062393	143285118	820	0.055
DUNGS_p_TCGA_b84_115_SNP_N_GenomeWideSNP_6_D04_771512	3	143285765	143285915	4	0.8621
DUNGS_p_TCGA_b84_115_SNP_N_GenomeWideSNP_6_D04_771512	3	143285974	150509431	4476	0.0245
DUNGS_p_TCGA_b84_115_SNP_N_GenomeWideSNP_6_D04_771512	3	150509604	150545894	28	-0.346
DUNGS_p_TCGA_b84_115_SNP_N_GenomeWideSNP_6_D04_771512	3	150546838	155485513	3115	0.0269
DUNGS_p_TCGA_b84_115_SNP_N_GenomeWideSNP_6_D04_771512	3	155485524	155525798	28	-0.3244
DUNGS_p_TCGA_b84_115_SNP_N_GenomeWideSNP_6_D04_771512	3	155527287	157343492	1122	0.0344
DUNGS_p_TCGA_b84_115_SNP_N_GenomeWideSNP_6_D04_771512	3	157345941	157346370	2	-1.099
DUNGS_p_TCGA_b84_115_SNP_N_GenomeWideSNP_6_D04_771512	3	157346862	162512739	3154	0.0268
DUNGS_p_TCGA_b84_115_SNP_N_GenomeWideSNP_6_D04_771512	3	162513092	162528630	11	0.9196
DUNGS_p_TCGA_b84_115_SNP_N_GenomeWideSNP_6_D04_771512	3	162530315	162540490	9	-1.1358
DUNGS_p_TCGA_b84_115_SNP_N_GenomeWideSNP_6_D04_771512	3	162545716	162625995	48	0.6336
DUNGS_p_TCGA_b84_115_SNP_N_GenomeWideSNP_6_D04_771512	3	162626572	162762902	106	0.0743
DUNGS_p_TCGA_b84_115_SNP_N_GenomeWideSNP_6_D04_771512	3	162763868	162767796	4	0.8096
DUNGS_p_TCGA_b84_115_SNP_N_GenomeWideSNP_6_D04_771512	3	162770842	168730180	3337	0.0187
DUNGS_p_TCGA_b84_115_SNP_N_GenomeWideSNP_6_D04_771512	3	168733402	168738628	2	1.6457
DUNGS_p_TCGA_b84_115_SNP_N_GenomeWideSNP_6_D04_771512	3	168739827	184349097	9659	0.0115
DUNGS_p_TCGA_b84_115_SNP_N_GenomeWideSNP_6_D04_771512	3	184349600	184355302	5	-0.7353
DUNGS_p_TCGA_b84_115_SNP_N_GenomeWideSNP_6_D04_771512	3	184355479	186406138	1354	-0.0112
DUNGS_p_TCGA_b84_115_SNP_N_GenomeWideSNP_6_D04_771512	3	186412861	186417771	11	-0.9973
DUNGS_p_TCGA_b84_115_SNP_N_GenomeWideSNP_6_D04_771512	3	186421870	192874747	4733	0.0221
DUNGS_p_TCGA_b84_115_SNP_N_GenomeWideSNP_6_D04_771512	3	192877902	192882903	20	-1.0801
DUNGS_p_TCGA_b84_115_SNP_N_GenomeWideSNP_6_D04_771512	3	192886435	194296770	923	0.0315
DUNGS_p_TCGA_b84_115_SNP_N_GenomeWideSNP_6_D04_771512	3	194301577	194318434	11	-0.4023
DUNGS_p_TCGA_b84_115_SNP_N_GenomeWideSNP_6_D04_771512	3	194318829	194731991	311	-0.0095
DUNGS_p_TCGA_b84_115_SNP_N_GenomeWideSNP_6_D04_771512	3	194733075	194733965	2	-1.504
DUNGS_p_TCGA_b84_115_SNP_N_GenomeWideSNP_6_D04_771512	3	194737345	197896118	1461	-0.0612
DUNGS_p_TCGA_b84_115_SNP_N_GenomeWideSNP_6_D04_771512	4	12281	8225681	4903	0.0208
DUNGS_p_TCGA_b84_115_SNP_N_GenomeWideSNP_6_D04_771512	4	8226488	8227652	3	-1.3953
DUNGS_p_TCGA_b84_115_SNP_N_GenomeWideSNP_6_D04_771512	4	8227825	9456977	348	8e-04
DUNGS_p_TCGA_b84_115_SNP_N_GenomeWideSNP_6_D04_771512	4	9461230	9479345	9	-0.9214
DUNGS_p_TCGA_b84_115_SNP_N_GenomeWideSNP_6_D04_771512	4	9486087	9497915	4	0.3352
DUNGS_p_TCGA_b84_115_SNP_N_GenomeWideSNP_6_D04_771512	4	9501394	9650598	43	-0.2269
DUNGS_p_TCGA_b84_115_SNP_N_GenomeWideSNP_6_D04_771512	4	9653990	10210390	499	0.0531
DUNGS_p_TCGA_b84_115_SNP_N_GenomeWideSNP_6_D04_771512	4	10214160	10235166	34	1.2166
DUNGS_p_TCGA_b84_115_SNP_N_GenomeWideSNP_6_D04_771512	4	10235182	10390122	172	0.0598
DUNGS_p_TCGA_b84_115_SNP_N_GenomeWideSNP_6_D04_771512	4	10390715	10402746	19	-0.6984
DUNGS_p_TCGA_b84_115_SNP_N_GenomeWideSNP_6_D04_771512	4	10402764	25502355	10978	0.0294
DUNGS_p_TCGA_b84_115_SNP_N_GenomeWideSNP_6_D04_771512	4	25502444	25508010	23	-0.3636
DUNGS_p_TCGA_b84_115_SNP_N_GenomeWideSNP_6_D04_771512	4	25510986	34778975	5813	0.0079
DUNGS_p_TCGA_b84_115_SNP_N_GenomeWideSNP_6_D04_771512	4	34779004	34824725	42	0.4964
DUNGS_p_TCGA_b84_115_SNP_N_GenomeWideSNP_6_D04_771512	4	34829872	39704197	3330	0.0098
DUNGS_p_TCGA_b84_115_SNP_N_GenomeWideSNP_6_D04_771512	4	39704409	39713333	7	-0.7844
DUNGS_p_TCGA_b84_115_SNP_N_GenomeWideSNP_6_D04_771512	4	39713488	49114095	5643	0.0133
DUNGS_p_TCGA_b84_115_SNP_N_GenomeWideSNP_6_D04_771512	4	49115981	49143263	2	-1.4954
DUNGS_p_TCGA_b84_115_SNP_N_GenomeWideSNP_6_D04_771512	4	49148834	49267848	13	-0.0621
DUNGS_p_TCGA_b84_115_SNP_N_GenomeWideSNP_6_D04_771512	4	49291192	49291355	2	1.2888
DUNGS_p_TCGA_b84_115_SNP_N_GenomeWideSNP_6_D04_771512	4	49297220	61936938	6103	0.0154
DUNGS_p_TCGA_b84_115_SNP_N_GenomeWideSNP_6_D04_771512	4	61940935	61941952	2	-1.8767
DUNGS_p_TCGA_b84_115_SNP_N_GenomeWideSNP_6_D04_771512	4	61945686	64125543	1183	0.0143
DUNGS_p_TCGA_b84_115_SNP_N_GenomeWideSNP_6_D04_771512	4	64126429	64126464	2	1.1313
DUNGS_p_TCGA_b84_115_SNP_N_GenomeWideSNP_6_D04_771512	4	64128587	64705785	339	0.0113
DUNGS_p_TCGA_b84_115_SNP_N_GenomeWideSNP_6_D04_771512	4	64707581	64708258	8	-0.7425
DUNGS_p_TCGA_b84_115_SNP_N_GenomeWideSNP_6_D04_771512	4	64716431	69374955	2887	0.0213
DUNGS_p_TCGA_b84_115_SNP_N_GenomeWideSNP_6_D04_771512	4	69375160	69375348	2	1.0446
DUNGS_p_TCGA_b84_115_SNP_N_GenomeWideSNP_6_D04_771512	4	69390292	69632635	97	-0.0371
DUNGS_p_TCGA_b84_115_SNP_N_GenomeWideSNP_6_D04_771512	4	69634537	69639162	2	-1.1676
DUNGS_p_TCGA_b84_115_SNP_N_GenomeWideSNP_6_D04_771512	4	69640234	69745794	69	0.0884
DUNGS_p_TCGA_b84_115_SNP_N_GenomeWideSNP_6_D04_771512	4	69749750	69749788	2	-1.1138
DUNGS_p_TCGA_b84_115_SNP_N_GenomeWideSNP_6_D04_771512	4	69752148	70123510	219	0.0826
DUNGS_p_TCGA_b84_115_SNP_N_GenomeWideSNP_6_D04_771512	4	70127644	70229352	52	-0.3766
DUNGS_p_TCGA_b84_115_SNP_N_GenomeWideSNP_6_D04_771512	4	70229434	70389716	114	0.0013
DUNGS_p_TCGA_b84_115_SNP_N_GenomeWideSNP_6_D04_771512	4	70389861	70390779	2	-1.9523
DUNGS_p_TCGA_b84_115_SNP_N_GenomeWideSNP_6_D04_771512	4	70391888	104745571	20953	0.0203
DUNGS_p_TCGA_b84_115_SNP_N_GenomeWideSNP_6_D04_771512	4	104751630	104751636	4	0.785
DUNGS_p_TCGA_b84_115_SNP_N_GenomeWideSNP_6_D04_771512	4	104751637	106937068	1238	0.0172
DUNGS_p_TCGA_b84_115_SNP_N_GenomeWideSNP_6_D04_771512	4	106942927	106946435	3	-0.8058
DUNGS_p_TCGA_b84_115_SNP_N_GenomeWideSNP_6_D04_771512	4	106946905	108504634	950	0.0431
DUNGS_p_TCGA_b84_115_SNP_N_GenomeWideSNP_6_D04_771512	4	108508648	108509815	2	-1.198
DUNGS_p_TCGA_b84_115_SNP_N_GenomeWideSNP_6_D04_771512	4	108510155	115175323	4127	0.007
DUNGS_p_TCGA_b84_115_SNP_N_GenomeWideSNP_6_D04_771512	4	115175344	115182175	22	0.8831
DUNGS_p_TCGA_b84_115_SNP_N_GenomeWideSNP_6_D04_771512	4	115184229	122281973	4355	0.0161
DUNGS_p_TCGA_b84_115_SNP_N_GenomeWideSNP_6_D04_771512	4	122282468	122285135	28	-0.7625
DUNGS_p_TCGA_b84_115_SNP_N_GenomeWideSNP_6_D04_771512	4	122291131	161041304	23055	0.0194
DUNGS_p_TCGA_b84_115_SNP_N_GenomeWideSNP_6_D04_771512	4	161052774	161070789	40	-0.831
DUNGS_p_TCGA_b84_115_SNP_N_GenomeWideSNP_6_D04_771512	4	161083870	161880197	598	0.0049
DUNGS_p_TCGA_b84_115_SNP_N_GenomeWideSNP_6_D04_771512	4	161880303	161884908	17	-0.8309
DUNGS_p_TCGA_b84_115_SNP_N_GenomeWideSNP_6_D04_771512	4	161884919	189221258	18062	0.0101
DUNGS_p_TCGA_b84_115_SNP_N_GenomeWideSNP_6_D04_771512	4	189221360	189221424	3	1.5885
DUNGS_p_TCGA_b84_115_SNP_N_GenomeWideSNP_6_D04_771512	4	189221439	190464257	956	0.0239
DUNGS_p_TCGA_b84_115_SNP_N_GenomeWideSNP_6_D04_771512	4	190470514	190473857	4	-0.7416
DUNGS_p_TCGA_b84_115_SNP_N_GenomeWideSNP_6_D04_771512	4	190474284	191027923	218	0.0463
DUNGS_p_TCGA_b84_115_SNP_N_GenomeWideSNP_6_D04_771512	5	15532	2303782	1276	-0.0126
DUNGS_p_TCGA_b84_115_SNP_N_GenomeWideSNP_6_D04_771512	5	2304432	2304446	2	-1.0903
DUNGS_p_TCGA_b84_115_SNP_N_GenomeWideSNP_6_D04_771512	5	2304811	12800889	8956	0.0321
DUNGS_p_TCGA_b84_115_SNP_N_GenomeWideSNP_6_D04_771512	5	12815780	12826650	11	-1.974
DUNGS_p_TCGA_b84_115_SNP_N_GenomeWideSNP_6_D04_771512	5	12833857	12998925	57	0.0343
DUNGS_p_TCGA_b84_115_SNP_N_GenomeWideSNP_6_D04_771512	5	13005214	13014507	3	-1.5215
DUNGS_p_TCGA_b84_115_SNP_N_GenomeWideSNP_6_D04_771512	5	13015045	16517130	2464	0.0375
DUNGS_p_TCGA_b84_115_SNP_N_GenomeWideSNP_6_D04_771512	5	16517367	16522434	5	-0.7887
DUNGS_p_TCGA_b84_115_SNP_N_GenomeWideSNP_6_D04_771512	5	16524455	17030808	341	-0.0193
DUNGS_p_TCGA_b84_115_SNP_N_GenomeWideSNP_6_D04_771512	5	17033622	17068453	22	-0.3161
DUNGS_p_TCGA_b84_115_SNP_N_GenomeWideSNP_6_D04_771512	5	17068825	21445958	2652	0.0145
DUNGS_p_TCGA_b84_115_SNP_N_GenomeWideSNP_6_D04_771512	5	21446059	21452438	8	0.7867
DUNGS_p_TCGA_b84_115_SNP_N_GenomeWideSNP_6_D04_771512	5	21452496	34624790	8214	0.0051
DUNGS_p_TCGA_b84_115_SNP_N_GenomeWideSNP_6_D04_771512	5	34625084	34625661	3	-0.7991
DUNGS_p_TCGA_b84_115_SNP_N_GenomeWideSNP_6_D04_771512	5	34625746	50824670	7517	0.0156
DUNGS_p_TCGA_b84_115_SNP_N_GenomeWideSNP_6_D04_771512	5	50824896	50869244	22	0.3144
DUNGS_p_TCGA_b84_115_SNP_N_GenomeWideSNP_6_D04_771512	5	50870480	52695117	1242	0.0157
DUNGS_p_TCGA_b84_115_SNP_N_GenomeWideSNP_6_D04_771512	5	52695357	52695970	2	-1.7573
DUNGS_p_TCGA_b84_115_SNP_N_GenomeWideSNP_6_D04_771512	5	52697127	57321646	3130	0.0233
DUNGS_p_TCGA_b84_115_SNP_N_GenomeWideSNP_6_D04_771512	5	57326027	57333293	30	-0.5242
DUNGS_p_TCGA_b84_115_SNP_N_GenomeWideSNP_6_D04_771512	5	57333515	76083394	11026	0.0297
DUNGS_p_TCGA_b84_115_SNP_N_GenomeWideSNP_6_D04_771512	5	76084216	76129241	29	-0.3435
DUNGS_p_TCGA_b84_115_SNP_N_GenomeWideSNP_6_D04_771512	5	76134777	78445471	1458	0.022
DUNGS_p_TCGA_b84_115_SNP_N_GenomeWideSNP_6_D04_771512	5	78450940	78516719	26	-0.3078
DUNGS_p_TCGA_b84_115_SNP_N_GenomeWideSNP_6_D04_771512	5	78516985	91991628	7546	0.01
DUNGS_p_TCGA_b84_115_SNP_N_GenomeWideSNP_6_D04_771512	5	91991677	91996051	2	1.2903
DUNGS_p_TCGA_b84_115_SNP_N_GenomeWideSNP_6_D04_771512	5	91999866	97045121	2875	0.0259
DUNGS_p_TCGA_b84_115_SNP_N_GenomeWideSNP_6_D04_771512	5	97048466	97099320	43	-0.8784
DUNGS_p_TCGA_b84_115_SNP_N_GenomeWideSNP_6_D04_771512	5	97099684	97116687	7	0.0106
DUNGS_p_TCGA_b84_115_SNP_N_GenomeWideSNP_6_D04_771512	5	97116861	97120507	4	-1.0223
DUNGS_p_TCGA_b84_115_SNP_N_GenomeWideSNP_6_D04_771512	5	97125667	98732711	909	0.0216
DUNGS_p_TCGA_b84_115_SNP_N_GenomeWideSNP_6_D04_771512	5	98733086	98767744	9	-0.5252
DUNGS_p_TCGA_b84_115_SNP_N_GenomeWideSNP_6_D04_771512	5	98769659	99180936	229	0.0532
DUNGS_p_TCGA_b84_115_SNP_N_GenomeWideSNP_6_D04_771512	5	99181243	99181599	4	-1.0683
DUNGS_p_TCGA_b84_115_SNP_N_GenomeWideSNP_6_D04_771512	5	99181814	103851221	2728	0.0323
DUNGS_p_TCGA_b84_115_SNP_N_GenomeWideSNP_6_D04_771512	5	103860373	103860604	4	0.897
DUNGS_p_TCGA_b84_115_SNP_N_GenomeWideSNP_6_D04_771512	5	103861049	106230898	1417	0.0195
DUNGS_p_TCGA_b84_115_SNP_N_GenomeWideSNP_6_D04_771512	5	106232516	106233068	10	0.5545
DUNGS_p_TCGA_b84_115_SNP_N_GenomeWideSNP_6_D04_771512	5	106233084	117386617	7987	0.0362
DUNGS_p_TCGA_b84_115_SNP_N_GenomeWideSNP_6_D04_771512	5	117388422	117389085	11	-0.6534
DUNGS_p_TCGA_b84_115_SNP_N_GenomeWideSNP_6_D04_771512	5	117404340	140218722	13845	0.0232
DUNGS_p_TCGA_b84_115_SNP_N_GenomeWideSNP_6_D04_771512	5	140223836	140231839	10	-1.8654
DUNGS_p_TCGA_b84_115_SNP_N_GenomeWideSNP_6_D04_771512	5	140241027	151514171	7555	0.0198
DUNGS_p_TCGA_b84_115_SNP_N_GenomeWideSNP_6_D04_771512	5	151515386	151520422	16	-0.8337
DUNGS_p_TCGA_b84_115_SNP_N_GenomeWideSNP_6_D04_771512	5	151520497	171539066	13878	0.0219
DUNGS_p_TCGA_b84_115_SNP_N_GenomeWideSNP_6_D04_771512	5	171540330	171626110	76	-0.2416
DUNGS_p_TCGA_b84_115_SNP_N_GenomeWideSNP_6_D04_771512	5	171626209	174144026	1929	0.0173
DUNGS_p_TCGA_b84_115_SNP_N_GenomeWideSNP_6_D04_771512	5	174145717	174188032	20	-0.4538
DUNGS_p_TCGA_b84_115_SNP_N_GenomeWideSNP_6_D04_771512	5	174188889	174435053	159	0.0269
DUNGS_p_TCGA_b84_115_SNP_N_GenomeWideSNP_6_D04_771512	5	174436021	174439243	9	-1.0108
DUNGS_p_TCGA_b84_115_SNP_N_GenomeWideSNP_6_D04_771512	5	174443233	177138875	1438	0.0014
DUNGS_p_TCGA_b84_115_SNP_N_GenomeWideSNP_6_D04_771512	5	177142081	177198449	8	-0.7027
DUNGS_p_TCGA_b84_115_SNP_N_GenomeWideSNP_6_D04_771512	5	177227551	179086245	1076	0.0068
DUNGS_p_TCGA_b84_115_SNP_N_GenomeWideSNP_6_D04_771512	5	179086494	179096136	6	-0.8561
DUNGS_p_TCGA_b84_115_SNP_N_GenomeWideSNP_6_D04_771512	5	179096243	180790320	925	-0.0309
DUNGS_p_TCGA_b84_115_SNP_N_GenomeWideSNP_6_D04_771512	6	149661	253861	99	-0.0013
DUNGS_p_TCGA_b84_115_SNP_N_GenomeWideSNP_6_D04_771512	6	254267	294725	24	-0.606
DUNGS_p_TCGA_b84_115_SNP_N_GenomeWideSNP_6_D04_771512	6	294837	381149	79	-0.2402
DUNGS_p_TCGA_b84_115_SNP_N_GenomeWideSNP_6_D04_771512	6	382559	9158625	7209	0.0252
DUNGS_p_TCGA_b84_115_SNP_N_GenomeWideSNP_6_D04_771512	6	9174777	9177875	3	-1.1347
DUNGS_p_TCGA_b84_115_SNP_N_GenomeWideSNP_6_D04_771512	6	9177875	19040119	7400	0.0114
DUNGS_p_TCGA_b84_115_SNP_N_GenomeWideSNP_6_D04_771512	6	19042181	19044702	4	-0.984
DUNGS_p_TCGA_b84_115_SNP_N_GenomeWideSNP_6_D04_771512	6	19044716	29837072	6948	0.0135
DUNGS_p_TCGA_b84_115_SNP_N_GenomeWideSNP_6_D04_771512	6	29837187	29874808	24	-0.5847
DUNGS_p_TCGA_b84_115_SNP_N_GenomeWideSNP_6_D04_771512	6	29876959	31286305	668	0.0032
DUNGS_p_TCGA_b84_115_SNP_N_GenomeWideSNP_6_D04_771512	6	31286531	31295953	6	1.2057
DUNGS_p_TCGA_b84_115_SNP_N_GenomeWideSNP_6_D04_771512	6	31295987	35756850	2346	-0.013
DUNGS_p_TCGA_b84_115_SNP_N_GenomeWideSNP_6_D04_771512	6	35756903	35757299	3	-1.0239
DUNGS_p_TCGA_b84_115_SNP_N_GenomeWideSNP_6_D04_771512	6	35769721	53931380	11990	0.028
DUNGS_p_TCGA_b84_115_SNP_N_GenomeWideSNP_6_D04_771512	6	53931419	53931855	3	-1.3923
DUNGS_p_TCGA_b84_115_SNP_N_GenomeWideSNP_6_D04_771512	6	53935348	54845685	604	0.0234
DUNGS_p_TCGA_b84_115_SNP_N_GenomeWideSNP_6_D04_771512	6	54848455	54850139	4	-0.9643
DUNGS_p_TCGA_b84_115_SNP_N_GenomeWideSNP_6_D04_771512	6	54852112	66394090	4453	0.0203
DUNGS_p_TCGA_b84_115_SNP_N_GenomeWideSNP_6_D04_771512	6	66399482	66403852	24	-0.7981
DUNGS_p_TCGA_b84_115_SNP_N_GenomeWideSNP_6_D04_771512	6	66407127	67040913	418	0.0379
DUNGS_p_TCGA_b84_115_SNP_N_GenomeWideSNP_6_D04_771512	6	67041451	67043192	6	0.6747
DUNGS_p_TCGA_b84_115_SNP_N_GenomeWideSNP_6_D04_771512	6	67043235	67676414	521	0.0064
DUNGS_p_TCGA_b84_115_SNP_N_GenomeWideSNP_6_D04_771512	6	67676442	67688195	23	0.3541
DUNGS_p_TCGA_b84_115_SNP_N_GenomeWideSNP_6_D04_771512	6	67688218	74591858	4478	0.0179
DUNGS_p_TCGA_b84_115_SNP_N_GenomeWideSNP_6_D04_771512	6	74592225	74597341	9	0.8705
DUNGS_p_TCGA_b84_115_SNP_N_GenomeWideSNP_6_D04_771512	6	74601410	77014509	1472	0.0217
DUNGS_p_TCGA_b84_115_SNP_N_GenomeWideSNP_6_D04_771512	6	77014948	77017069	8	0.6162
DUNGS_p_TCGA_b84_115_SNP_N_GenomeWideSNP_6_D04_771512	6	77017077	77428589	286	0.0291
DUNGS_p_TCGA_b84_115_SNP_N_GenomeWideSNP_6_D04_771512	6	77429199	77452673	25	0.3455
DUNGS_p_TCGA_b84_115_SNP_N_GenomeWideSNP_6_D04_771512	6	77452689	78962874	981	0.0316
DUNGS_p_TCGA_b84_115_SNP_N_GenomeWideSNP_6_D04_771512	6	78962889	79035027	112	-0.5159
DUNGS_p_TCGA_b84_115_SNP_N_GenomeWideSNP_6_D04_771512	6	79035174	145792856	42138	0.0215
DUNGS_p_TCGA_b84_115_SNP_N_GenomeWideSNP_6_D04_771512	6	145796486	145813262	16	-0.8575
DUNGS_p_TCGA_b84_115_SNP_N_GenomeWideSNP_6_D04_771512	6	145816699	171051005	17689	0.0215
DUNGS_p_TCGA_b84_115_SNP_N_GenomeWideSNP_6_D04_771512	7	43355	4674458	2526	-0.0066
DUNGS_p_TCGA_b84_115_SNP_N_GenomeWideSNP_6_D04_771512	7	4683776	4685128	4	-1.1803
DUNGS_p_TCGA_b84_115_SNP_N_GenomeWideSNP_6_D04_771512	7	4685859	5162905	214	-0.0694
DUNGS_p_TCGA_b84_115_SNP_N_GenomeWideSNP_6_D04_771512	7	5166230	5168515	3	-1.0191
DUNGS_p_TCGA_b84_115_SNP_N_GenomeWideSNP_6_D04_771512	7	5170413	6125381	402	-0.0525
DUNGS_p_TCGA_b84_115_SNP_N_GenomeWideSNP_6_D04_771512	7	6128455	6136863	7	-0.4538
DUNGS_p_TCGA_b84_115_SNP_N_GenomeWideSNP_6_D04_771512	7	6145638	6830936	285	-0.0145
DUNGS_p_TCGA_b84_115_SNP_N_GenomeWideSNP_6_D04_771512	7	6833877	6872172	12	-0.5602
DUNGS_p_TCGA_b84_115_SNP_N_GenomeWideSNP_6_D04_771512	7	6874273	41910896	26478	0.0317
DUNGS_p_TCGA_b84_115_SNP_N_GenomeWideSNP_6_D04_771512	7	41913198	41913366	2	-1.3211
DUNGS_p_TCGA_b84_115_SNP_N_GenomeWideSNP_6_D04_771512	7	41914937	54380373	8679	0.0272
DUNGS_p_TCGA_b84_115_SNP_N_GenomeWideSNP_6_D04_771512	7	54386505	54386517	6	-0.8893
DUNGS_p_TCGA_b84_115_SNP_N_GenomeWideSNP_6_D04_771512	7	54393488	56761500	1573	0.0068
DUNGS_p_TCGA_b84_115_SNP_N_GenomeWideSNP_6_D04_771512	7	56762113	56768814	3	-2.6946
DUNGS_p_TCGA_b84_115_SNP_N_GenomeWideSNP_6_D04_771512	7	56772166	66637239	2319	-0.0638
DUNGS_p_TCGA_b84_115_SNP_N_GenomeWideSNP_6_D04_771512	7	66641374	66647639	6	-0.7769
DUNGS_p_TCGA_b84_115_SNP_N_GenomeWideSNP_6_D04_771512	7	66654577	70420438	2400	-0.0156
DUNGS_p_TCGA_b84_115_SNP_N_GenomeWideSNP_6_D04_771512	7	70423250	70426141	2	-2.3698
DUNGS_p_TCGA_b84_115_SNP_N_GenomeWideSNP_6_D04_771512	7	70428243	72221166	1140	-0.0414
DUNGS_p_TCGA_b84_115_SNP_N_GenomeWideSNP_6_D04_771512	7	72224422	72263780	14	-0.4873
DUNGS_p_TCGA_b84_115_SNP_N_GenomeWideSNP_6_D04_771512	7	72265773	75348505	728	-0.0337
DUNGS_p_TCGA_b84_115_SNP_N_GenomeWideSNP_6_D04_771512	7	75351138	75354183	2	-1.2406
DUNGS_p_TCGA_b84_115_SNP_N_GenomeWideSNP_6_D04_771512	7	75354843	75374657	8	-0.3711
DUNGS_p_TCGA_b84_115_SNP_N_GenomeWideSNP_6_D04_771512	7	75376112	81124287	3670	0.0178
DUNGS_p_TCGA_b84_115_SNP_N_GenomeWideSNP_6_D04_771512	7	81125791	81130390	3	-0.8657
DUNGS_p_TCGA_b84_115_SNP_N_GenomeWideSNP_6_D04_771512	7	81135176	93623500	7984	0.0264
DUNGS_p_TCGA_b84_115_SNP_N_GenomeWideSNP_6_D04_771512	7	93637358	93637500	2	-1.1175
DUNGS_p_TCGA_b84_115_SNP_N_GenomeWideSNP_6_D04_771512	7	93637625	100961428	3856	0.0064
DUNGS_p_TCGA_b84_115_SNP_N_GenomeWideSNP_6_D04_771512	7	100962202	101127455	75	-0.3236
DUNGS_p_TCGA_b84_115_SNP_N_GenomeWideSNP_6_D04_771512	7	101128436	102101306	461	-0.0095
DUNGS_p_TCGA_b84_115_SNP_N_GenomeWideSNP_6_D04_771512	7	102102164	102337040	16	-0.3844
DUNGS_p_TCGA_b84_115_SNP_N_GenomeWideSNP_6_D04_771512	7	102337531	109437669	4580	0.01
DUNGS_p_TCGA_b84_115_SNP_N_GenomeWideSNP_6_D04_771512	7	109437673	109441779	18	-0.4359
DUNGS_p_TCGA_b84_115_SNP_N_GenomeWideSNP_6_D04_771512	7	109441809	111060407	1097	0.0496
DUNGS_p_TCGA_b84_115_SNP_N_GenomeWideSNP_6_D04_771512	7	111060784	111060785	2	-2.6312
DUNGS_p_TCGA_b84_115_SNP_N_GenomeWideSNP_6_D04_771512	7	111065292	125962472	8894	0.0246
DUNGS_p_TCGA_b84_115_SNP_N_GenomeWideSNP_6_D04_771512	7	125967023	125967678	2	-1.1226
DUNGS_p_TCGA_b84_115_SNP_N_GenomeWideSNP_6_D04_771512	7	125971455	126044974	59	0.0522
DUNGS_p_TCGA_b84_115_SNP_N_GenomeWideSNP_6_D04_771512	7	126045482	126046615	12	0.9728
DUNGS_p_TCGA_b84_115_SNP_N_GenomeWideSNP_6_D04_771512	7	126046876	128104859	1386	0.0397
DUNGS_p_TCGA_b84_115_SNP_N_GenomeWideSNP_6_D04_771512	7	128106870	128331330	61	-0.2793
DUNGS_p_TCGA_b84_115_SNP_N_GenomeWideSNP_6_D04_771512	7	128331413	133775139	3255	0.0212
DUNGS_p_TCGA_b84_115_SNP_N_GenomeWideSNP_6_D04_771512	7	133775152	133799197	45	-0.2957
DUNGS_p_TCGA_b84_115_SNP_N_GenomeWideSNP_6_D04_771512	7	133806244	141769680	5205	0.0063
DUNGS_p_TCGA_b84_115_SNP_N_GenomeWideSNP_6_D04_771512	7	141769691	141792107	40	-0.7246
DUNGS_p_TCGA_b84_115_SNP_N_GenomeWideSNP_6_D04_771512	7	141795281	142474939	451	0.1021
DUNGS_p_TCGA_b84_115_SNP_N_GenomeWideSNP_6_D04_771512	7	142476719	142486345	29	0.6213
DUNGS_p_TCGA_b84_115_SNP_N_GenomeWideSNP_6_D04_771512	7	142486495	152827520	6199	0.0034
DUNGS_p_TCGA_b84_115_SNP_N_GenomeWideSNP_6_D04_771512	7	152829906	152831150	3	-1.2401
DUNGS_p_TCGA_b84_115_SNP_N_GenomeWideSNP_6_D04_771512	7	152835839	153768370	710	0.0182
DUNGS_p_TCGA_b84_115_SNP_N_GenomeWideSNP_6_D04_771512	7	153771672	153779024	6	-0.604
DUNGS_p_TCGA_b84_115_SNP_N_GenomeWideSNP_6_D04_771512	7	153780244	154393171	417	0.0241
DUNGS_p_TCGA_b84_115_SNP_N_GenomeWideSNP_6_D04_771512	7	154396107	154399613	3	0.9066
DUNGS_p_TCGA_b84_115_SNP_N_GenomeWideSNP_6_D04_771512	7	154400830	155882317	1221	0.0115
DUNGS_p_TCGA_b84_115_SNP_N_GenomeWideSNP_6_D04_771512	7	155882479	155886212	6	-0.9794
DUNGS_p_TCGA_b84_115_SNP_N_GenomeWideSNP_6_D04_771512	7	155887046	157930785	1279	0.0192
DUNGS_p_TCGA_b84_115_SNP_N_GenomeWideSNP_6_D04_771512	7	157933021	157933150	2	-1.3317
DUNGS_p_TCGA_b84_115_SNP_N_GenomeWideSNP_6_D04_771512	7	157935613	159127004	739	0.0055
DUNGS_p_TCGA_b84_115_SNP_N_GenomeWideSNP_6_D04_771512	8	31254	1360130	868	0.0587
DUNGS_p_TCGA_b84_115_SNP_N_GenomeWideSNP_6_D04_771512	8	1360322	1367708	40	-0.3466
DUNGS_p_TCGA_b84_115_SNP_N_GenomeWideSNP_6_D04_771512	8	1368016	3784187	2533	0.0214
DUNGS_p_TCGA_b84_115_SNP_N_GenomeWideSNP_6_D04_771512	8	3787060	3790106	24	-0.76
DUNGS_p_TCGA_b84_115_SNP_N_GenomeWideSNP_6_D04_771512	8	3791218	4188511	787	0.0658
DUNGS_p_TCGA_b84_115_SNP_N_GenomeWideSNP_6_D04_771512	8	4188913	4190180	5	0.819
DUNGS_p_TCGA_b84_115_SNP_N_GenomeWideSNP_6_D04_771512	8	4190312	4760989	782	0.0576
DUNGS_p_TCGA_b84_115_SNP_N_GenomeWideSNP_6_D04_771512	8	4761250	4761390	2	-1.7267
DUNGS_p_TCGA_b84_115_SNP_N_GenomeWideSNP_6_D04_771512	8	4761406	7225368	2819	0.0298
DUNGS_p_TCGA_b84_115_SNP_N_GenomeWideSNP_6_D04_771512	8	7226303	7799390	153	-0.5812
DUNGS_p_TCGA_b84_115_SNP_N_GenomeWideSNP_6_D04_771512	8	7809891	10172818	1932	0.0098
DUNGS_p_TCGA_b84_115_SNP_N_GenomeWideSNP_6_D04_771512	8	10174718	10178537	6	0.658
DUNGS_p_TCGA_b84_115_SNP_N_GenomeWideSNP_6_D04_771512	8	10181406	11877195	1351	0.0068
DUNGS_p_TCGA_b84_115_SNP_N_GenomeWideSNP_6_D04_771512	8	11881859	12419667	115	-0.5002
DUNGS_p_TCGA_b84_115_SNP_N_GenomeWideSNP_6_D04_771512	8	12419965	12734997	209	0.0053
DUNGS_p_TCGA_b84_115_SNP_N_GenomeWideSNP_6_D04_771512	8	12736989	12805215	51	-1.0259
DUNGS_p_TCGA_b84_115_SNP_N_GenomeWideSNP_6_D04_771512	8	12807061	18851553	5616	0.0121
DUNGS_p_TCGA_b84_115_SNP_N_GenomeWideSNP_6_D04_771512	8	18851577	18858821	26	-1.0813
DUNGS_p_TCGA_b84_115_SNP_N_GenomeWideSNP_6_D04_771512	8	18866148	23402308	3400	0.0257
DUNGS_p_TCGA_b84_115_SNP_N_GenomeWideSNP_6_D04_771512	8	23407740	23407905	6	-1.0685
DUNGS_p_TCGA_b84_115_SNP_N_GenomeWideSNP_6_D04_771512	8	23410325	24976536	1148	0.0223
DUNGS_p_TCGA_b84_115_SNP_N_GenomeWideSNP_6_D04_771512	8	24976641	24978537	4	-0.9091
DUNGS_p_TCGA_b84_115_SNP_N_GenomeWideSNP_6_D04_771512	8	24979285	39230659	9064	0.0093
DUNGS_p_TCGA_b84_115_SNP_N_GenomeWideSNP_6_D04_771512	8	39235603	39386965	59	-2.3675
DUNGS_p_TCGA_b84_115_SNP_N_GenomeWideSNP_6_D04_771512	8	39388299	39830700	268	-0.0031
DUNGS_p_TCGA_b84_115_SNP_N_GenomeWideSNP_6_D04_771512	8	39830957	39831200	2	-1.4719
DUNGS_p_TCGA_b84_115_SNP_N_GenomeWideSNP_6_D04_771512	8	39831647	42952045	2082	0.0048
DUNGS_p_TCGA_b84_115_SNP_N_GenomeWideSNP_6_D04_771512	8	42953209	43057806	38	-0.2658
DUNGS_p_TCGA_b84_115_SNP_N_GenomeWideSNP_6_D04_771512	8	43058301	50876267	2098	0.0112
DUNGS_p_TCGA_b84_115_SNP_N_GenomeWideSNP_6_D04_771512	8	50876523	50941376	49	0.2444
DUNGS_p_TCGA_b84_115_SNP_N_GenomeWideSNP_6_D04_771512	8	50941967	112291494	37551	0.0179
DUNGS_p_TCGA_b84_115_SNP_N_GenomeWideSNP_6_D04_771512	8	112294279	112294646	4	0.8323
DUNGS_p_TCGA_b84_115_SNP_N_GenomeWideSNP_6_D04_771512	8	112294670	115634554	1838	0.0076
DUNGS_p_TCGA_b84_115_SNP_N_GenomeWideSNP_6_D04_771512	8	115634653	115641731	33	-0.459
DUNGS_p_TCGA_b84_115_SNP_N_GenomeWideSNP_6_D04_771512	8	115650697	120152010	3113	0.0227
DUNGS_p_TCGA_b84_115_SNP_N_GenomeWideSNP_6_D04_771512	8	120154784	120155754	2	-1.4119
DUNGS_p_TCGA_b84_115_SNP_N_GenomeWideSNP_6_D04_771512	8	120158883	144699157	17464	0.0302
DUNGS_p_TCGA_b84_115_SNP_N_GenomeWideSNP_6_D04_771512	8	144705157	144706809	5	-1.0112
DUNGS_p_TCGA_b84_115_SNP_N_GenomeWideSNP_6_D04_771512	8	144706884	146298155	510	-0.0791
DUNGS_p_TCGA_b84_115_SNP_N_GenomeWideSNP_6_D04_771512	9	46587	23363115	20484	0.0351
DUNGS_p_TCGA_b84_115_SNP_N_GenomeWideSNP_6_D04_771512	9	23363933	23373484	7	0.6019
DUNGS_p_TCGA_b84_115_SNP_N_GenomeWideSNP_6_D04_771512	9	23378488	24490286	786	0.0339
DUNGS_p_TCGA_b84_115_SNP_N_GenomeWideSNP_6_D04_771512	9	24491936	24517682	31	0.3401
DUNGS_p_TCGA_b84_115_SNP_N_GenomeWideSNP_6_D04_771512	9	24519684	44251228	10184	0.0237
DUNGS_p_TCGA_b84_115_SNP_N_GenomeWideSNP_6_D04_771512	9	44255487	44255886	2	1.4957
DUNGS_p_TCGA_b84_115_SNP_N_GenomeWideSNP_6_D04_771512	9	44259163	46388197	133	-0.0029
DUNGS_p_TCGA_b84_115_SNP_N_GenomeWideSNP_6_D04_771512	9	46388520	46390759	3	-1.5953
DUNGS_p_TCGA_b84_115_SNP_N_GenomeWideSNP_6_D04_771512	9	46390914	68342629	115	0.0769
DUNGS_p_TCGA_b84_115_SNP_N_GenomeWideSNP_6_D04_771512	9	68342677	71022029	194	-0.1629
DUNGS_p_TCGA_b84_115_SNP_N_GenomeWideSNP_6_D04_771512	9	71027495	98372919	19443	0.0237
DUNGS_p_TCGA_b84_115_SNP_N_GenomeWideSNP_6_D04_771512	9	98376367	98376726	3	-0.9959
DUNGS_p_TCGA_b84_115_SNP_N_GenomeWideSNP_6_D04_771512	9	98377121	105515822	4684	0.0314
DUNGS_p_TCGA_b84_115_SNP_N_GenomeWideSNP_6_D04_771512	9	105515851	105517840	7	0.7131
DUNGS_p_TCGA_b84_115_SNP_N_GenomeWideSNP_6_D04_771512	9	105522052	115472230	7639	0.0164
DUNGS_p_TCGA_b84_115_SNP_N_GenomeWideSNP_6_D04_771512	9	115472491	115549547	45	-0.2782
DUNGS_p_TCGA_b84_115_SNP_N_GenomeWideSNP_6_D04_771512	9	115550029	129522812	10066	0.0372
DUNGS_p_TCGA_b84_115_SNP_N_GenomeWideSNP_6_D04_771512	9	129523087	129523150	2	-1.1581
DUNGS_p_TCGA_b84_115_SNP_N_GenomeWideSNP_6_D04_771512	9	129527557	129610419	52	-0.0206
DUNGS_p_TCGA_b84_115_SNP_N_GenomeWideSNP_6_D04_771512	9	129612092	129659952	28	-0.454
DUNGS_p_TCGA_b84_115_SNP_N_GenomeWideSNP_6_D04_771512	9	129662640	134256675	2440	0.0168
DUNGS_p_TCGA_b84_115_SNP_N_GenomeWideSNP_6_D04_771512	9	134258779	134265704	6	-1.0206
DUNGS_p_TCGA_b84_115_SNP_N_GenomeWideSNP_6_D04_771512	9	134272015	136174305	1338	0.0187
DUNGS_p_TCGA_b84_115_SNP_N_GenomeWideSNP_6_D04_771512	9	136174696	136181756	3	-1.2282
DUNGS_p_TCGA_b84_115_SNP_N_GenomeWideSNP_6_D04_771512	9	136181848	136951797	483	0.0182
DUNGS_p_TCGA_b84_115_SNP_N_GenomeWideSNP_6_D04_771512	9	136952579	136963459	7	-0.5367
DUNGS_p_TCGA_b84_115_SNP_N_GenomeWideSNP_6_D04_771512	9	136964153	140219868	1385	0.0347
DUNGS_p_TCGA_b84_115_SNP_N_GenomeWideSNP_6_D04_771512	9	140228155	140290846	30	-0.3169
DUNGS_p_TCGA_b84_115_SNP_N_GenomeWideSNP_6_D04_771512	9	140291031	141018423	383	-0.0137
DUNGS_p_TCGA_b84_115_SNP_N_GenomeWideSNP_6_D04_771512	9	141018493	141071527	15	-0.7551
DUNGS_p_TCGA_b84_115_SNP_N_GenomeWideSNP_6_D04_771512	9	141071940	141091394	6	-0.1865
DUNGS_p_TCGA_b84_115_SNP_N_GenomeWideSNP_6_D04_771512	10	72759	499573	237	0.0598
DUNGS_p_TCGA_b84_115_SNP_N_GenomeWideSNP_6_D04_771512	10	500786	556753	48	-0.2307
DUNGS_p_TCGA_b84_115_SNP_N_GenomeWideSNP_6_D04_771512	10	559266	12091516	9917	0.0245
DUNGS_p_TCGA_b84_115_SNP_N_GenomeWideSNP_6_D04_771512	10	12096421	12154833	25	-0.3949
DUNGS_p_TCGA_b84_115_SNP_N_GenomeWideSNP_6_D04_771512	10	12154961	13049885	723	0.0024
DUNGS_p_TCGA_b84_115_SNP_N_GenomeWideSNP_6_D04_771512	10	13050005	13050170	5	-1.1319
DUNGS_p_TCGA_b84_115_SNP_N_GenomeWideSNP_6_D04_771512	10	13050428	14984089	1776	0.0084
DUNGS_p_TCGA_b84_115_SNP_N_GenomeWideSNP_6_D04_771512	10	14985302	15066488	39	-0.2293
DUNGS_p_TCGA_b84_115_SNP_N_GenomeWideSNP_6_D04_771512	10	15070145	24372305	6491	0.0034
DUNGS_p_TCGA_b84_115_SNP_N_GenomeWideSNP_6_D04_771512	10	24372757	24380698	20	-0.4319
DUNGS_p_TCGA_b84_115_SNP_N_GenomeWideSNP_6_D04_771512	10	24380862	35166627	7703	0.0104
DUNGS_p_TCGA_b84_115_SNP_N_GenomeWideSNP_6_D04_771512	10	35167171	35315601	86	-0.2439
DUNGS_p_TCGA_b84_115_SNP_N_GenomeWideSNP_6_D04_771512	10	35316007	46215766	4525	0.0206
DUNGS_p_TCGA_b84_115_SNP_N_GenomeWideSNP_6_D04_771512	10	46225377	46691480	19	-0.3968
DUNGS_p_TCGA_b84_115_SNP_N_GenomeWideSNP_6_D04_771512	10	46917315	46932195	4	-1.6691
DUNGS_p_TCGA_b84_115_SNP_N_GenomeWideSNP_6_D04_771512	10	46943377	47037567	70	-0.5258
DUNGS_p_TCGA_b84_115_SNP_N_GenomeWideSNP_6_D04_771512	10	47041466	47067481	34	-0.1638
DUNGS_p_TCGA_b84_115_SNP_N_GenomeWideSNP_6_D04_771512	10	47068227	47392332	64	-0.5063
DUNGS_p_TCGA_b84_115_SNP_N_GenomeWideSNP_6_D04_771512	10	47401341	48837810	491	0.0232
DUNGS_p_TCGA_b84_115_SNP_N_GenomeWideSNP_6_D04_771512	10	48840627	49292463	23	-0.4114
DUNGS_p_TCGA_b84_115_SNP_N_GenomeWideSNP_6_D04_771512	10	49292482	51635623	1417	0.0502
DUNGS_p_TCGA_b84_115_SNP_N_GenomeWideSNP_6_D04_771512	10	51641817	51780047	13	-0.667
DUNGS_p_TCGA_b84_115_SNP_N_GenomeWideSNP_6_D04_771512	10	51780609	56680277	3682	0.0195
DUNGS_p_TCGA_b84_115_SNP_N_GenomeWideSNP_6_D04_771512	10	56683090	56689507	4	0.7715
DUNGS_p_TCGA_b84_115_SNP_N_GenomeWideSNP_6_D04_771512	10	56689754	67306158	7372	0.0295
DUNGS_p_TCGA_b84_115_SNP_N_GenomeWideSNP_6_D04_771512	10	67306276	67314446	29	-0.4886
DUNGS_p_TCGA_b84_115_SNP_N_GenomeWideSNP_6_D04_771512	10	67322795	70777713	2215	0.0136
DUNGS_p_TCGA_b84_115_SNP_N_GenomeWideSNP_6_D04_771512	10	70777773	70781491	3	-0.9563
DUNGS_p_TCGA_b84_115_SNP_N_GenomeWideSNP_6_D04_771512	10	70783075	81352768	7036	0.0307
DUNGS_p_TCGA_b84_115_SNP_N_GenomeWideSNP_6_D04_771512	10	81355072	81443881	10	-0.5146
DUNGS_p_TCGA_b84_115_SNP_N_GenomeWideSNP_6_D04_771512	10	81443881	81766672	98	0.0323
DUNGS_p_TCGA_b84_115_SNP_N_GenomeWideSNP_6_D04_771512	10	81767163	81885914	67	-0.2358
DUNGS_p_TCGA_b84_115_SNP_N_GenomeWideSNP_6_D04_771512	10	81886045	94341790	8632	0.0227
DUNGS_p_TCGA_b84_115_SNP_N_GenomeWideSNP_6_D04_771512	10	94342676	94361594	5	-0.8287
DUNGS_p_TCGA_b84_115_SNP_N_GenomeWideSNP_6_D04_771512	10	94365025	96869063	1487	0.0109
DUNGS_p_TCGA_b84_115_SNP_N_GenomeWideSNP_6_D04_771512	10	96869074	96869706	5	-1.0392
DUNGS_p_TCGA_b84_115_SNP_N_GenomeWideSNP_6_D04_771512	10	96875714	124343951	18868	0.0212
DUNGS_p_TCGA_b84_115_SNP_N_GenomeWideSNP_6_D04_771512	10	124344109	124351013	6	-1.331
DUNGS_p_TCGA_b84_115_SNP_N_GenomeWideSNP_6_D04_771512	10	124356812	135506704	7927	0.0363
DUNGS_p_TCGA_b84_115_SNP_N_GenomeWideSNP_6_D04_771512	11	198510	4276133	1806	0.0116
DUNGS_p_TCGA_b84_115_SNP_N_GenomeWideSNP_6_D04_771512	11	4295756	4352981	16	-0.5563
DUNGS_p_TCGA_b84_115_SNP_N_GenomeWideSNP_6_D04_771512	11	4358809	4726440	382	0.0488
DUNGS_p_TCGA_b84_115_SNP_N_GenomeWideSNP_6_D04_771512	11	4726618	4726891	5	-0.7516
DUNGS_p_TCGA_b84_115_SNP_N_GenomeWideSNP_6_D04_771512	11	4729134	9238738	3620	0.0406
DUNGS_p_TCGA_b84_115_SNP_N_GenomeWideSNP_6_D04_771512	11	9241219	9467940	95	-0.1772
DUNGS_p_TCGA_b84_115_SNP_N_GenomeWideSNP_6_D04_771512	11	9468797	15879877	4866	0.0394
DUNGS_p_TCGA_b84_115_SNP_N_GenomeWideSNP_6_D04_771512	11	15879949	15880212	2	1.1928
DUNGS_p_TCGA_b84_115_SNP_N_GenomeWideSNP_6_D04_771512	11	15881610	18940870	1981	0.0195
DUNGS_p_TCGA_b84_115_SNP_N_GenomeWideSNP_6_D04_771512	11	18949072	18961922	55	0.7204
DUNGS_p_TCGA_b84_115_SNP_N_GenomeWideSNP_6_D04_771512	11	18961935	31968624	9422	0.028
DUNGS_p_TCGA_b84_115_SNP_N_GenomeWideSNP_6_D04_771512	11	31972482	31978337	7	-0.7147
DUNGS_p_TCGA_b84_115_SNP_N_GenomeWideSNP_6_D04_771512	11	31979311	48710433	11261	0.0234
DUNGS_p_TCGA_b84_115_SNP_N_GenomeWideSNP_6_D04_771512	11	48714075	48892862	47	-0.333
DUNGS_p_TCGA_b84_115_SNP_N_GenomeWideSNP_6_D04_771512	11	48893190	49710861	350	0.0066
DUNGS_p_TCGA_b84_115_SNP_N_GenomeWideSNP_6_D04_771512	11	49713707	49757671	18	-0.8414
DUNGS_p_TCGA_b84_115_SNP_N_GenomeWideSNP_6_D04_771512	11	49757767	50524009	351	-0.0184
DUNGS_p_TCGA_b84_115_SNP_N_GenomeWideSNP_6_D04_771512	11	50573226	51176743	31	-0.4275
DUNGS_p_TCGA_b84_115_SNP_N_GenomeWideSNP_6_D04_771512	11	51183575	51195051	5	-2.0302
DUNGS_p_TCGA_b84_115_SNP_N_GenomeWideSNP_6_D04_771512	11	51205141	55376280	384	0.0123
DUNGS_p_TCGA_b84_115_SNP_N_GenomeWideSNP_6_D04_771512	11	55376498	55453009	51	0.5115
DUNGS_p_TCGA_b84_115_SNP_N_GenomeWideSNP_6_D04_771512	11	55453576	60965476	3410	0.0323
DUNGS_p_TCGA_b84_115_SNP_N_GenomeWideSNP_6_D04_771512	11	60984460	61015806	3	-1.1087
DUNGS_p_TCGA_b84_115_SNP_N_GenomeWideSNP_6_D04_771512	11	61016248	88396163	15893	0.0198
DUNGS_p_TCGA_b84_115_SNP_N_GenomeWideSNP_6_D04_771512	11	88396278	88396467	2	-1.6527
DUNGS_p_TCGA_b84_115_SNP_N_GenomeWideSNP_6_D04_771512	11	88396950	101594369	9366	0.0245
DUNGS_p_TCGA_b84_115_SNP_N_GenomeWideSNP_6_D04_771512	11	101594384	101597964	5	0.7824
DUNGS_p_TCGA_b84_115_SNP_N_GenomeWideSNP_6_D04_771512	11	101598212	134944770	23794	0.0306
DUNGS_p_TCGA_b84_115_SNP_N_GenomeWideSNP_6_D04_771512	12	150442	2235889	1268	-0.0139
DUNGS_p_TCGA_b84_115_SNP_N_GenomeWideSNP_6_D04_771512	12	2245862	2257920	41	-0.8741
DUNGS_p_TCGA_b84_115_SNP_N_GenomeWideSNP_6_D04_771512	12	2258023	8309433	4234	0.0287
DUNGS_p_TCGA_b84_115_SNP_N_GenomeWideSNP_6_D04_771512	12	8309707	8584672	103	-0.2086
DUNGS_p_TCGA_b84_115_SNP_N_GenomeWideSNP_6_D04_771512	12	8594894	13331338	3195	0.0149
DUNGS_p_TCGA_b84_115_SNP_N_GenomeWideSNP_6_D04_771512	12	13334659	13334862	2	-1.2259
DUNGS_p_TCGA_b84_115_SNP_N_GenomeWideSNP_6_D04_771512	12	13335140	18428033	3391	0.0157
DUNGS_p_TCGA_b84_115_SNP_N_GenomeWideSNP_6_D04_771512	12	18431915	18438622	3	-0.9652
DUNGS_p_TCGA_b84_115_SNP_N_GenomeWideSNP_6_D04_771512	12	18439928	33301406	10658	0.0149
DUNGS_p_TCGA_b84_115_SNP_N_GenomeWideSNP_6_D04_771512	12	33301426	33308360	27	0.4775
DUNGS_p_TCGA_b84_115_SNP_N_GenomeWideSNP_6_D04_771512	12	33308387	37987726	845	0.0018
DUNGS_p_TCGA_b84_115_SNP_N_GenomeWideSNP_6_D04_771512	12	38012567	38053561	8	-0.869
DUNGS_p_TCGA_b84_115_SNP_N_GenomeWideSNP_6_D04_771512	12	38053634	45899825	4777	0.0242
DUNGS_p_TCGA_b84_115_SNP_N_GenomeWideSNP_6_D04_771512	12	45904438	45909537	4	1.1358
DUNGS_p_TCGA_b84_115_SNP_N_GenomeWideSNP_6_D04_771512	12	45913292	84163187	23675	0.0171
DUNGS_p_TCGA_b84_115_SNP_N_GenomeWideSNP_6_D04_771512	12	84163290	84165279	4	-1.5797
DUNGS_p_TCGA_b84_115_SNP_N_GenomeWideSNP_6_D04_771512	12	84165279	90483347	3631	0.0098
DUNGS_p_TCGA_b84_115_SNP_N_GenomeWideSNP_6_D04_771512	12	90483350	90491980	5	0.7614
DUNGS_p_TCGA_b84_115_SNP_N_GenomeWideSNP_6_D04_771512	12	90491994	99811048	6509	0.0102
DUNGS_p_TCGA_b84_115_SNP_N_GenomeWideSNP_6_D04_771512	12	99811058	99811559	2	-1.2457
DUNGS_p_TCGA_b84_115_SNP_N_GenomeWideSNP_6_D04_771512	12	99816442	112186361	7907	0.014
DUNGS_p_TCGA_b84_115_SNP_N_GenomeWideSNP_6_D04_771512	12	112189513	112259356	32	-0.3725
DUNGS_p_TCGA_b84_115_SNP_N_GenomeWideSNP_6_D04_771512	12	112259622	112837359	233	0.0052
DUNGS_p_TCGA_b84_115_SNP_N_GenomeWideSNP_6_D04_771512	12	112840299	112844986	3	-1.1777
DUNGS_p_TCGA_b84_115_SNP_N_GenomeWideSNP_6_D04_771512	12	112857773	129228886	11503	0.0086
DUNGS_p_TCGA_b84_115_SNP_N_GenomeWideSNP_6_D04_771512	12	129230513	129232545	7	-1.0379
DUNGS_p_TCGA_b84_115_SNP_N_GenomeWideSNP_6_D04_771512	12	129233988	130677247	1304	0.0242
DUNGS_p_TCGA_b84_115_SNP_N_GenomeWideSNP_6_D04_771512	12	130678895	130680175	4	-0.9453
DUNGS_p_TCGA_b84_115_SNP_N_GenomeWideSNP_6_D04_771512	12	130680437	132017499	1092	0.0487
DUNGS_p_TCGA_b84_115_SNP_N_GenomeWideSNP_6_D04_771512	12	132022207	132022400	3	-0.9014
DUNGS_p_TCGA_b84_115_SNP_N_GenomeWideSNP_6_D04_771512	12	132022561	132120247	96	-0.019
DUNGS_p_TCGA_b84_115_SNP_N_GenomeWideSNP_6_D04_771512	12	132120586	132133335	15	-0.6025
DUNGS_p_TCGA_b84_115_SNP_N_GenomeWideSNP_6_D04_771512	12	132142331	133778189	572	-0.0416
DUNGS_p_TCGA_b84_115_SNP_N_GenomeWideSNP_6_D04_771512	13	19026949	20338601	667	-0.028
DUNGS_p_TCGA_b84_115_SNP_N_GenomeWideSNP_6_D04_771512	13	20339092	20507957	84	-0.3185
DUNGS_p_TCGA_b84_115_SNP_N_GenomeWideSNP_6_D04_771512	13	20509959	21240531	474	-0.0328
DUNGS_p_TCGA_b84_115_SNP_N_GenomeWideSNP_6_D04_771512	13	21241147	21241239	2	-1.1421
DUNGS_p_TCGA_b84_115_SNP_N_GenomeWideSNP_6_D04_771512	13	21247165	30029818	6546	0.0134
DUNGS_p_TCGA_b84_115_SNP_N_GenomeWideSNP_6_D04_771512	13	30031562	30033228	2	-1.3782
DUNGS_p_TCGA_b84_115_SNP_N_GenomeWideSNP_6_D04_771512	13	30036193	38071135	5804	0.0187
DUNGS_p_TCGA_b84_115_SNP_N_GenomeWideSNP_6_D04_771512	13	38072036	38084757	16	-0.4075
DUNGS_p_TCGA_b84_115_SNP_N_GenomeWideSNP_6_D04_771512	13	38088330	50135463	8330	0.0208
DUNGS_p_TCGA_b84_115_SNP_N_GenomeWideSNP_6_D04_771512	13	50138309	50141345	3	-1.0228
DUNGS_p_TCGA_b84_115_SNP_N_GenomeWideSNP_6_D04_771512	13	50141362	50194844	39	0.0324
DUNGS_p_TCGA_b84_115_SNP_N_GenomeWideSNP_6_D04_771512	13	50195882	50196832	2	-1.9389
DUNGS_p_TCGA_b84_115_SNP_N_GenomeWideSNP_6_D04_771512	13	50203763	69242255	11122	0.0337
DUNGS_p_TCGA_b84_115_SNP_N_GenomeWideSNP_6_D04_771512	13	69248299	69249481	7	-1.1076
DUNGS_p_TCGA_b84_115_SNP_N_GenomeWideSNP_6_D04_771512	13	69250779	69259214	11	-0.189
DUNGS_p_TCGA_b84_115_SNP_N_GenomeWideSNP_6_D04_771512	13	69259272	69268242	21	-0.866
DUNGS_p_TCGA_b84_115_SNP_N_GenomeWideSNP_6_D04_771512	13	69269119	95935769	17539	0.013
DUNGS_p_TCGA_b84_115_SNP_N_GenomeWideSNP_6_D04_771512	13	95936858	96042309	79	-0.2582
DUNGS_p_TCGA_b84_115_SNP_N_GenomeWideSNP_6_D04_771512	13	96043064	100684432	2942	0.01
DUNGS_p_TCGA_b84_115_SNP_N_GenomeWideSNP_6_D04_771512	13	100685586	100721626	13	-0.5318
DUNGS_p_TCGA_b84_115_SNP_N_GenomeWideSNP_6_D04_771512	13	100724516	115108397	10674	0.0304
DUNGS_p_TCGA_b84_115_SNP_N_GenomeWideSNP_6_D04_771512	14	19002124	20418957	185	-0.2333
DUNGS_p_TCGA_b84_115_SNP_N_GenomeWideSNP_6_D04_771512	14	20419259	24478894	2764	0.0547
DUNGS_p_TCGA_b84_115_SNP_N_GenomeWideSNP_6_D04_771512	14	24479387	24479709	4	-0.8948
DUNGS_p_TCGA_b84_115_SNP_N_GenomeWideSNP_6_D04_771512	14	24484459	31267122	4183	0.0325
DUNGS_p_TCGA_b84_115_SNP_N_GenomeWideSNP_6_D04_771512	14	31267367	31268418	4	-0.8734
DUNGS_p_TCGA_b84_115_SNP_N_GenomeWideSNP_6_D04_771512	14	31271084	46545042	9563	0.0214
DUNGS_p_TCGA_b84_115_SNP_N_GenomeWideSNP_6_D04_771512	14	46553159	46553410	2	-1.2426
DUNGS_p_TCGA_b84_115_SNP_N_GenomeWideSNP_6_D04_771512	14	46553467	70465702	15310	0.0187
DUNGS_p_TCGA_b84_115_SNP_N_GenomeWideSNP_6_D04_771512	14	70467658	70468320	2	-1.1471
DUNGS_p_TCGA_b84_115_SNP_N_GenomeWideSNP_6_D04_771512	14	70469120	73995774	2350	0.0248
DUNGS_p_TCGA_b84_115_SNP_N_GenomeWideSNP_6_D04_771512	14	74001123	74029900	10	-1.6237
DUNGS_p_TCGA_b84_115_SNP_N_GenomeWideSNP_6_D04_771512	14	74029915	74050264	9	-0.3985
DUNGS_p_TCGA_b84_115_SNP_N_GenomeWideSNP_6_D04_771512	14	74056323	106535295	20828	0.0228
DUNGS_p_TCGA_b84_115_SNP_N_GenomeWideSNP_6_D04_771512	14	106538062	106547314	4	-0.9006
DUNGS_p_TCGA_b84_115_SNP_N_GenomeWideSNP_6_D04_771512	14	106547507	106561441	9	-2.9439
DUNGS_p_TCGA_b84_115_SNP_N_GenomeWideSNP_6_D04_771512	14	106567100	106777343	102	0.0438
DUNGS_p_TCGA_b84_115_SNP_N_GenomeWideSNP_6_D04_771512	14	106783044	106802053	8	1.0965
DUNGS_p_TCGA_b84_115_SNP_N_GenomeWideSNP_6_D04_771512	14	106815943	107153173	218	0.0942
DUNGS_p_TCGA_b84_115_SNP_N_GenomeWideSNP_6_D04_771512	14	107160325	107160761	4	-0.8489
DUNGS_p_TCGA_b84_115_SNP_N_GenomeWideSNP_6_D04_771512	14	107160868	107285437	86	0.1606
DUNGS_p_TCGA_b84_115_SNP_N_GenomeWideSNP_6_D04_771512	15	20016328	20110250	18	-0.0666
DUNGS_p_TCGA_b84_115_SNP_N_GenomeWideSNP_6_D04_771512	15	20112274	20141293	7	-0.4869
DUNGS_p_TCGA_b84_115_SNP_N_GenomeWideSNP_6_D04_771512	15	20141957	20581455	78	0.0791
DUNGS_p_TCGA_b84_115_SNP_N_GenomeWideSNP_6_D04_771512	15	20581562	20590027	15	0.7346
DUNGS_p_TCGA_b84_115_SNP_N_GenomeWideSNP_6_D04_771512	15	20590042	21173886	149	0.0415
DUNGS_p_TCGA_b84_115_SNP_N_GenomeWideSNP_6_D04_771512	15	21186400	21192108	3	-1.4524
DUNGS_p_TCGA_b84_115_SNP_N_GenomeWideSNP_6_D04_771512	15	21192211	21269018	15	-0.1936
DUNGS_p_TCGA_b84_115_SNP_N_GenomeWideSNP_6_D04_771512	15	21271050	21273220	2	-1.6518
DUNGS_p_TCGA_b84_115_SNP_N_GenomeWideSNP_6_D04_771512	15	21275684	22373070	48	-0.1405
DUNGS_p_TCGA_b84_115_SNP_N_GenomeWideSNP_6_D04_771512	15	22375605	22381411	5	0.717
DUNGS_p_TCGA_b84_115_SNP_N_GenomeWideSNP_6_D04_771512	15	22383201	24058799	713	-0.0791
DUNGS_p_TCGA_b84_115_SNP_N_GenomeWideSNP_6_D04_771512	15	24058820	24059093	4	-0.8619
DUNGS_p_TCGA_b84_115_SNP_N_GenomeWideSNP_6_D04_771512	15	24059307	24468420	286	0.029
DUNGS_p_TCGA_b84_115_SNP_N_GenomeWideSNP_6_D04_771512	15	24468460	24514854	24	0.3445
DUNGS_p_TCGA_b84_115_SNP_N_GenomeWideSNP_6_D04_771512	15	24515129	30386411	3737	0.0164
DUNGS_p_TCGA_b84_115_SNP_N_GenomeWideSNP_6_D04_771512	15	30398229	30779991	102	-0.4156
DUNGS_p_TCGA_b84_115_SNP_N_GenomeWideSNP_6_D04_771512	15	30780663	31975260	698	0.0063
DUNGS_p_TCGA_b84_115_SNP_N_GenomeWideSNP_6_D04_771512	15	31981961	31989708	3	-1.0171
DUNGS_p_TCGA_b84_115_SNP_N_GenomeWideSNP_6_D04_771512	15	31999645	32443464	357	0.049
DUNGS_p_TCGA_b84_115_SNP_N_GenomeWideSNP_6_D04_771512	15	32444055	32489093	10	-0.3576
DUNGS_p_TCGA_b84_115_SNP_N_GenomeWideSNP_6_D04_771512	15	32489253	32512220	10	-1.2003
DUNGS_p_TCGA_b84_115_SNP_N_GenomeWideSNP_6_D04_771512	15	32531316	32904615	51	-0.4524
DUNGS_p_TCGA_b84_115_SNP_N_GenomeWideSNP_6_D04_771512	15	32904676	40848351	5788	0.029
DUNGS_p_TCGA_b84_115_SNP_N_GenomeWideSNP_6_D04_771512	15	40849698	40849828	2	-1.5414
DUNGS_p_TCGA_b84_115_SNP_N_GenomeWideSNP_6_D04_771512	15	40851755	76878362	22262	0.024
DUNGS_p_TCGA_b84_115_SNP_N_GenomeWideSNP_6_D04_771512	15	76891241	76902444	29	-0.2713
DUNGS_p_TCGA_b84_115_SNP_N_GenomeWideSNP_6_D04_771512	15	76902470	84828351	4616	0.0255
DUNGS_p_TCGA_b84_115_SNP_N_GenomeWideSNP_6_D04_771512	15	84861346	84918288	5	-0.872
DUNGS_p_TCGA_b84_115_SNP_N_GenomeWideSNP_6_D04_771512	15	84928918	92806016	5727	0.0252
DUNGS_p_TCGA_b84_115_SNP_N_GenomeWideSNP_6_D04_771512	15	92806049	92806450	8	-0.7565
DUNGS_p_TCGA_b84_115_SNP_N_GenomeWideSNP_6_D04_771512	15	92806473	98806836	4650	0.0272
DUNGS_p_TCGA_b84_115_SNP_N_GenomeWideSNP_6_D04_771512	15	98811241	98811610	2	-1.2046
DUNGS_p_TCGA_b84_115_SNP_N_GenomeWideSNP_6_D04_771512	15	98817054	101965792	2366	0.0196
DUNGS_p_TCGA_b84_115_SNP_N_GenomeWideSNP_6_D04_771512	15	101965796	101969272	2	-1.3055
DUNGS_p_TCGA_b84_115_SNP_N_GenomeWideSNP_6_D04_771512	15	101969539	102429125	312	0.0194
DUNGS_p_TCGA_b84_115_SNP_N_GenomeWideSNP_6_D04_771512	15	102435009	102469040	5	-0.7967
DUNGS_p_TCGA_b84_115_SNP_N_GenomeWideSNP_6_D04_771512	16	60777	2643308	886	-0.0345
DUNGS_p_TCGA_b84_115_SNP_N_GenomeWideSNP_6_D04_771512	16	2645965	2716313	16	-0.3635
DUNGS_p_TCGA_b84_115_SNP_N_GenomeWideSNP_6_D04_771512	16	2716435	2928110	89	0.0277
DUNGS_p_TCGA_b84_115_SNP_N_GenomeWideSNP_6_D04_771512	16	2928932	2947014	10	-0.4168
DUNGS_p_TCGA_b84_115_SNP_N_GenomeWideSNP_6_D04_771512	16	2963261	3716994	364	-0.0043
DUNGS_p_TCGA_b84_115_SNP_N_GenomeWideSNP_6_D04_771512	16	3719344	3726636	2	-1.3924
DUNGS_p_TCGA_b84_115_SNP_N_GenomeWideSNP_6_D04_771512	16	3728110	5161774	838	-0.0126
DUNGS_p_TCGA_b84_115_SNP_N_GenomeWideSNP_6_D04_771512	16	5162491	5226844	35	-0.3019
DUNGS_p_TCGA_b84_115_SNP_N_GenomeWideSNP_6_D04_771512	16	5227803	9050331	4275	-0.0015
DUNGS_p_TCGA_b84_115_SNP_N_GenomeWideSNP_6_D04_771512	16	9050891	9283623	124	-0.2357
DUNGS_p_TCGA_b84_115_SNP_N_GenomeWideSNP_6_D04_771512	16	9283990	12704741	2897	0.0113
DUNGS_p_TCGA_b84_115_SNP_N_GenomeWideSNP_6_D04_771512	16	12704852	12712227	25	-0.3559
DUNGS_p_TCGA_b84_115_SNP_N_GenomeWideSNP_6_D04_771512	16	12712280	18238289	3253	-0.0506
DUNGS_p_TCGA_b84_115_SNP_N_GenomeWideSNP_6_D04_771512	16	18242726	18805059	54	-0.2647
DUNGS_p_TCGA_b84_115_SNP_N_GenomeWideSNP_6_D04_771512	16	18808390	19944363	673	-0.0269
DUNGS_p_TCGA_b84_115_SNP_N_GenomeWideSNP_6_D04_771512	16	19945650	19965875	28	-3.3593
DUNGS_p_TCGA_b84_115_SNP_N_GenomeWideSNP_6_D04_771512	16	19967362	19971248	6	-0.6881
DUNGS_p_TCGA_b84_115_SNP_N_GenomeWideSNP_6_D04_771512	16	19971296	20055034	61	-0.0158
DUNGS_p_TCGA_b84_115_SNP_N_GenomeWideSNP_6_D04_771512	16	20057797	20059083	5	-0.8425
DUNGS_p_TCGA_b84_115_SNP_N_GenomeWideSNP_6_D04_771512	16	20059677	29517711	5572	-0.0056
DUNGS_p_TCGA_b84_115_SNP_N_GenomeWideSNP_6_D04_771512	16	29567309	30320320	215	-0.216
DUNGS_p_TCGA_b84_115_SNP_N_GenomeWideSNP_6_D04_771512	16	30332084	30507339	53	0.0864
DUNGS_p_TCGA_b84_115_SNP_N_GenomeWideSNP_6_D04_771512	16	30507364	30539097	8	-0.5453
DUNGS_p_TCGA_b84_115_SNP_N_GenomeWideSNP_6_D04_771512	16	30546488	30942713	151	0.0015
DUNGS_p_TCGA_b84_115_SNP_N_GenomeWideSNP_6_D04_771512	16	30943982	30944754	2	-1.3495
DUNGS_p_TCGA_b84_115_SNP_N_GenomeWideSNP_6_D04_771512	16	30946506	31998182	439	0.0255
DUNGS_p_TCGA_b84_115_SNP_N_GenomeWideSNP_6_D04_771512	16	31998197	32588622	100	-0.3659
DUNGS_p_TCGA_b84_115_SNP_N_GenomeWideSNP_6_D04_771512	16	32588901	32588909	5	-3.9982
DUNGS_p_TCGA_b84_115_SNP_N_GenomeWideSNP_6_D04_771512	16	32609274	33367935	85	-0.2598
DUNGS_p_TCGA_b84_115_SNP_N_GenomeWideSNP_6_D04_771512	16	33369764	33644022	83	-0.5992
DUNGS_p_TCGA_b84_115_SNP_N_GenomeWideSNP_6_D04_771512	16	33644292	33801983	21	-0.3211
DUNGS_p_TCGA_b84_115_SNP_N_GenomeWideSNP_6_D04_771512	16	33811501	55821969	6992	0.0257
DUNGS_p_TCGA_b84_115_SNP_N_GenomeWideSNP_6_D04_771512	16	55822397	55822444	2	-1.2211
DUNGS_p_TCGA_b84_115_SNP_N_GenomeWideSNP_6_D04_771512	16	55829557	90146834	25097	0.0102
DUNGS_p_TCGA_b84_115_SNP_N_GenomeWideSNP_6_D04_771512	16	90146956	90287535	12	-0.326
DUNGS_p_TCGA_b84_115_SNP_N_GenomeWideSNP_6_D04_771512	17	526	5356913	2807	-0.039
DUNGS_p_TCGA_b84_115_SNP_N_GenomeWideSNP_6_D04_771512	17	5357500	5359190	2	-1.3073
DUNGS_p_TCGA_b84_115_SNP_N_GenomeWideSNP_6_D04_771512	17	5361613	16654301	7709	0.0066
DUNGS_p_TCGA_b84_115_SNP_N_GenomeWideSNP_6_D04_771512	17	16657331	16740270	13	0.4621
DUNGS_p_TCGA_b84_115_SNP_N_GenomeWideSNP_6_D04_771512	17	16741515	16741528	2	-1.3716
DUNGS_p_TCGA_b84_115_SNP_N_GenomeWideSNP_6_D04_771512	17	16741784	18319862	919	-8e-04
DUNGS_p_TCGA_b84_115_SNP_N_GenomeWideSNP_6_D04_771512	17	18355392	18364842	5	-1.536
DUNGS_p_TCGA_b84_115_SNP_N_GenomeWideSNP_6_D04_771512	17	18365945	18377278	6	-2.6357
DUNGS_p_TCGA_b84_115_SNP_N_GenomeWideSNP_6_D04_771512	17	18380394	18459272	16	-1.2687
DUNGS_p_TCGA_b84_115_SNP_N_GenomeWideSNP_6_D04_771512	17	18464586	26779053	2333	-0.0095
DUNGS_p_TCGA_b84_115_SNP_N_GenomeWideSNP_6_D04_771512	17	26781341	26782319	2	-2.3816
DUNGS_p_TCGA_b84_115_SNP_N_GenomeWideSNP_6_D04_771512	17	26789271	28979616	951	0
DUNGS_p_TCGA_b84_115_SNP_N_GenomeWideSNP_6_D04_771512	17	28996693	29172524	65	-0.3011
DUNGS_p_TCGA_b84_115_SNP_N_GenomeWideSNP_6_D04_771512	17	29173719	44208333	8728	0.0088
DUNGS_p_TCGA_b84_115_SNP_N_GenomeWideSNP_6_D04_771512	17	44208674	44784652	142	-0.5808
DUNGS_p_TCGA_b84_115_SNP_N_GenomeWideSNP_6_D04_771512	17	44784678	55687489	7016	0.0188
DUNGS_p_TCGA_b84_115_SNP_N_GenomeWideSNP_6_D04_771512	17	55688333	55688993	2	-1.6614
DUNGS_p_TCGA_b84_115_SNP_N_GenomeWideSNP_6_D04_771512	17	55691993	56200474	351	0.0192
DUNGS_p_TCGA_b84_115_SNP_N_GenomeWideSNP_6_D04_771512	17	56212100	56214094	5	-0.863
DUNGS_p_TCGA_b84_115_SNP_N_GenomeWideSNP_6_D04_771512	17	56217398	75341180	11364	0.0042
DUNGS_p_TCGA_b84_115_SNP_N_GenomeWideSNP_6_D04_771512	17	75341404	75372126	35	-0.2425
DUNGS_p_TCGA_b84_115_SNP_N_GenomeWideSNP_6_D04_771512	17	75374108	76417066	592	-0.0046
DUNGS_p_TCGA_b84_115_SNP_N_GenomeWideSNP_6_D04_771512	17	76420204	76449257	17	-0.5018
DUNGS_p_TCGA_b84_115_SNP_N_GenomeWideSNP_6_D04_771512	17	76449478	77243063	498	-0.0395
DUNGS_p_TCGA_b84_115_SNP_N_GenomeWideSNP_6_D04_771512	17	77245660	77246216	2	-1.8173
DUNGS_p_TCGA_b84_115_SNP_N_GenomeWideSNP_6_D04_771512	17	77246390	81049726	1754	5e-04
DUNGS_p_TCGA_b84_115_SNP_N_GenomeWideSNP_6_D04_771512	18	11543	40051678	24099	0.0168
DUNGS_p_TCGA_b84_115_SNP_N_GenomeWideSNP_6_D04_771512	18	40056569	40057471	24	-0.6427
DUNGS_p_TCGA_b84_115_SNP_N_GenomeWideSNP_6_D04_771512	18	40057767	59281948	13164	0.0239
DUNGS_p_TCGA_b84_115_SNP_N_GenomeWideSNP_6_D04_771512	18	59282156	59282309	3	-0.9262
DUNGS_p_TCGA_b84_115_SNP_N_GenomeWideSNP_6_D04_771512	18	59284865	63687700	3095	0.0097
DUNGS_p_TCGA_b84_115_SNP_N_GenomeWideSNP_6_D04_771512	18	63687754	63732828	41	0.2543
DUNGS_p_TCGA_b84_115_SNP_N_GenomeWideSNP_6_D04_771512	18	63732867	78015057	10440	0.0408
DUNGS_p_TCGA_b84_115_SNP_N_GenomeWideSNP_6_D04_771512	19	90910	24596750	11271	-0.0254
DUNGS_p_TCGA_b84_115_SNP_N_GenomeWideSNP_6_D04_771512	19	27747993	28032400	31	-0.3329
DUNGS_p_TCGA_b84_115_SNP_N_GenomeWideSNP_6_D04_771512	19	28034370	36830311	6000	0.0205
DUNGS_p_TCGA_b84_115_SNP_N_GenomeWideSNP_6_D04_771512	19	36845875	36847637	12	-0.7023
DUNGS_p_TCGA_b84_115_SNP_N_GenomeWideSNP_6_D04_771512	19	36847691	41345158	2340	-0.008
DUNGS_p_TCGA_b84_115_SNP_N_GenomeWideSNP_6_D04_771512	19	41348869	41376019	36	-0.9008
DUNGS_p_TCGA_b84_115_SNP_N_GenomeWideSNP_6_D04_771512	19	41380946	41678550	183	-0.0534
DUNGS_p_TCGA_b84_115_SNP_N_GenomeWideSNP_6_D04_771512	19	41679124	41698690	7	-0.4779
DUNGS_p_TCGA_b84_115_SNP_N_GenomeWideSNP_6_D04_771512	19	41702665	42689009	471	0.0166
DUNGS_p_TCGA_b84_115_SNP_N_GenomeWideSNP_6_D04_771512	19	42696015	42696698	2	-1.1985
DUNGS_p_TCGA_b84_115_SNP_N_GenomeWideSNP_6_D04_771512	19	42700528	45812938	1670	0.0104
DUNGS_p_TCGA_b84_115_SNP_N_GenomeWideSNP_6_D04_771512	19	45816547	45895688	29	-0.2813
DUNGS_p_TCGA_b84_115_SNP_N_GenomeWideSNP_6_D04_771512	19	45895991	56282070	5470	-0.0433
DUNGS_p_TCGA_b84_115_SNP_N_GenomeWideSNP_6_D04_771512	19	56282369	56283067	4	-1.6414
DUNGS_p_TCGA_b84_115_SNP_N_GenomeWideSNP_6_D04_771512	19	56286293	59097854	1850	-0.0271
DUNGS_p_TCGA_b84_115_SNP_N_GenomeWideSNP_6_D04_771512	20	61305	1560999	1207	-0.0093
DUNGS_p_TCGA_b84_115_SNP_N_GenomeWideSNP_6_D04_771512	20	1561580	1570752	10	1.0492
DUNGS_p_TCGA_b84_115_SNP_N_GenomeWideSNP_6_D04_771512	20	1570774	1571103	4	2.3016
DUNGS_p_TCGA_b84_115_SNP_N_GenomeWideSNP_6_D04_771512	20	1571272	1593893	27	0.8098
DUNGS_p_TCGA_b84_115_SNP_N_GenomeWideSNP_6_D04_771512	20	1597946	26266098	18816	0.0347
DUNGS_p_TCGA_b84_115_SNP_N_GenomeWideSNP_6_D04_771512	20	26266313	29493853	33	-0.5103
DUNGS_p_TCGA_b84_115_SNP_N_GenomeWideSNP_6_D04_771512	20	29498271	34345396	2242	0.0029
DUNGS_p_TCGA_b84_115_SNP_N_GenomeWideSNP_6_D04_771512	20	34349008	34387196	11	-0.4769
DUNGS_p_TCGA_b84_115_SNP_N_GenomeWideSNP_6_D04_771512	20	34387486	53412148	13359	0.0271
DUNGS_p_TCGA_b84_115_SNP_N_GenomeWideSNP_6_D04_771512	20	53412900	53414317	2	-1.128
DUNGS_p_TCGA_b84_115_SNP_N_GenomeWideSNP_6_D04_771512	20	53414539	62916068	6818	0.0292
DUNGS_p_TCGA_b84_115_SNP_N_GenomeWideSNP_6_D04_771512	20	62954695	62956153	5	-0.8645
DUNGS_p_TCGA_b84_115_SNP_N_GenomeWideSNP_6_D04_771512	21	10736871	15222872	455	-0.0449
DUNGS_p_TCGA_b84_115_SNP_N_GenomeWideSNP_6_D04_771512	21	15255428	15255799	2	-1.4855
DUNGS_p_TCGA_b84_115_SNP_N_GenomeWideSNP_6_D04_771512	21	15285453	44968053	22208	0.0141
DUNGS_p_TCGA_b84_115_SNP_N_GenomeWideSNP_6_D04_771512	21	44970873	44972812	2	-3.3223
DUNGS_p_TCGA_b84_115_SNP_N_GenomeWideSNP_6_D04_771512	21	44973667	45798561	429	3e-04
DUNGS_p_TCGA_b84_115_SNP_N_GenomeWideSNP_6_D04_771512	21	45804245	45840168	14	-0.4021
DUNGS_p_TCGA_b84_115_SNP_N_GenomeWideSNP_6_D04_771512	21	45840420	48096957	1323	0.0141
DUNGS_p_TCGA_b84_115_SNP_N_GenomeWideSNP_6_D04_771512	22	16052528	16248706	39	-0.0356
DUNGS_p_TCGA_b84_115_SNP_N_GenomeWideSNP_6_D04_771512	22	16281201	16361969	5	-1.3386
DUNGS_p_TCGA_b84_115_SNP_N_GenomeWideSNP_6_D04_771512	22	16365495	17019760	86	-0.1215
DUNGS_p_TCGA_b84_115_SNP_N_GenomeWideSNP_6_D04_771512	22	17019784	17024823	4	-1.1744
DUNGS_p_TCGA_b84_115_SNP_N_GenomeWideSNP_6_D04_771512	22	17026042	18732919	1083	-0.0136
DUNGS_p_TCGA_b84_115_SNP_N_GenomeWideSNP_6_D04_771512	22	18748440	18810110	9	0.6541
DUNGS_p_TCGA_b84_115_SNP_N_GenomeWideSNP_6_D04_771512	22	18876428	21572214	1631	-0.1272
DUNGS_p_TCGA_b84_115_SNP_N_GenomeWideSNP_6_D04_771512	22	21595029	21595178	2	-2.391
DUNGS_p_TCGA_b84_115_SNP_N_GenomeWideSNP_6_D04_771512	22	21607084	22752462	790	-0.0607
DUNGS_p_TCGA_b84_115_SNP_N_GenomeWideSNP_6_D04_771512	22	22752680	22752880	4	-1.6488
DUNGS_p_TCGA_b84_115_SNP_N_GenomeWideSNP_6_D04_771512	22	22757321	24271745	939	-0.0322
DUNGS_p_TCGA_b84_115_SNP_N_GenomeWideSNP_6_D04_771512	22	24283016	24344422	33	0.2891
DUNGS_p_TCGA_b84_115_SNP_N_GenomeWideSNP_6_D04_771512	22	24350529	24396814	19	-1.9608
DUNGS_p_TCGA_b84_115_SNP_N_GenomeWideSNP_6_D04_771512	22	24401529	24416465	13	-0.1792
DUNGS_p_TCGA_b84_115_SNP_N_GenomeWideSNP_6_D04_771512	22	24416550	34172801	7266	0.0117
DUNGS_p_TCGA_b84_115_SNP_N_GenomeWideSNP_6_D04_771512	22	34173406	34181474	7	-0.569
DUNGS_p_TCGA_b84_115_SNP_N_GenomeWideSNP_6_D04_771512	22	34181766	37732934	2780	0.0117
DUNGS_p_TCGA_b84_115_SNP_N_GenomeWideSNP_6_D04_771512	22	37742992	37750667	6	-0.6762
DUNGS_p_TCGA_b84_115_SNP_N_GenomeWideSNP_6_D04_771512	22	37751698	38489284	339	0.0011
DUNGS_p_TCGA_b84_115_SNP_N_GenomeWideSNP_6_D04_771512	22	38490056	38544133	32	-0.2946
DUNGS_p_TCGA_b84_115_SNP_N_GenomeWideSNP_6_D04_771512	22	38544298	42299535	2041	-0.0059
DUNGS_p_TCGA_b84_115_SNP_N_GenomeWideSNP_6_D04_771512	22	42299927	42356886	24	-0.3676
DUNGS_p_TCGA_b84_115_SNP_N_GenomeWideSNP_6_D04_771512	22	42357618	42776968	230	0.0031
DUNGS_p_TCGA_b84_115_SNP_N_GenomeWideSNP_6_D04_771512	22	42781623	42821680	23	-0.2467
DUNGS_p_TCGA_b84_115_SNP_N_GenomeWideSNP_6_D04_771512	22	42828743	42870000	26	-0.0194
DUNGS_p_TCGA_b84_115_SNP_N_GenomeWideSNP_6_D04_771512	22	42871115	42977190	50	-0.3118
DUNGS_p_TCGA_b84_115_SNP_N_GenomeWideSNP_6_D04_771512	22	42980051	50966914	5949	0.0251
DUNGS_p_TCGA_b84_115_SNP_N_GenomeWideSNP_6_D04_771512	22	50967032	50973116	6	-0.7756
DUNGS_p_TCGA_b84_115_SNP_N_GenomeWideSNP_6_D04_771512	22	50973754	51234455	147	-0.0628
DUNGS_p_TCGA_b84_115_SNP_N_GenomeWideSNP_6_D04_771512	X	168477	1934383	85	-0.2653
DUNGS_p_TCGA_b84_115_SNP_N_GenomeWideSNP_6_D04_771512	X	2042200	8687126	4587	-0.0071
DUNGS_p_TCGA_b84_115_SNP_N_GenomeWideSNP_6_D04_771512	X	8691077	8691764	2	-1.7204
DUNGS_p_TCGA_b84_115_SNP_N_GenomeWideSNP_6_D04_771512	X	8694839	19459931	7138	0.0106
DUNGS_p_TCGA_b84_115_SNP_N_GenomeWideSNP_6_D04_771512	X	19460590	19515977	45	-0.3261
DUNGS_p_TCGA_b84_115_SNP_N_GenomeWideSNP_6_D04_771512	X	19516405	58473306	21818	0.015
DUNGS_p_TCGA_b84_115_SNP_N_GenomeWideSNP_6_D04_771512	X	58473565	61818211	24	-0.3519
DUNGS_p_TCGA_b84_115_SNP_N_GenomeWideSNP_6_D04_771512	X	61877285	108005663	23118	0.0325
DUNGS_p_TCGA_b84_115_SNP_N_GenomeWideSNP_6_D04_771512	X	108006552	108042163	18	-0.3403
DUNGS_p_TCGA_b84_115_SNP_N_GenomeWideSNP_6_D04_771512	X	108042945	108827223	435	0.0412
DUNGS_p_TCGA_b84_115_SNP_N_GenomeWideSNP_6_D04_771512	X	108827759	108829551	3	-0.9119
DUNGS_p_TCGA_b84_115_SNP_N_GenomeWideSNP_6_D04_771512	X	108829651	114288093	3157	0.0251
DUNGS_p_TCGA_b84_115_SNP_N_GenomeWideSNP_6_D04_771512	X	114288435	114288457	2	1.2935
DUNGS_p_TCGA_b84_115_SNP_N_GenomeWideSNP_6_D04_771512	X	114288560	140681794	15229	0.0168
DUNGS_p_TCGA_b84_115_SNP_N_GenomeWideSNP_6_D04_771512	X	140683977	140686163	2	-1.5434
DUNGS_p_TCGA_b84_115_SNP_N_GenomeWideSNP_6_D04_771512	X	140690068	152159456	7770	0.0358
DUNGS_p_TCGA_b84_115_SNP_N_GenomeWideSNP_6_D04_771512	X	152162952	152163329	2	-1.5422
DUNGS_p_TCGA_b84_115_SNP_N_GenomeWideSNP_6_D04_771512	X	152168131	155182354	1227	0.0044
DUNGS_p_TCGA_b84_115_SNP_N_GenomeWideSNP_6_D04_771512	Y	2650438	2878395	112	-2.9485
DUNGS_p_TCGA_b84_115_SNP_N_GenomeWideSNP_6_D04_771512	Y	2878640	2894833	10	-4.2895
DUNGS_p_TCGA_b84_115_SNP_N_GenomeWideSNP_6_D04_771512	Y	2895266	2974832	26	-2.8204
DUNGS_p_TCGA_b84_115_SNP_N_GenomeWideSNP_6_D04_771512	Y	2974958	6117910	729	-2.3893
DUNGS_p_TCGA_b84_115_SNP_N_GenomeWideSNP_6_D04_771512	Y	6120432	6138474	9	-5.1568
DUNGS_p_TCGA_b84_115_SNP_N_GenomeWideSNP_6_D04_771512	Y	6138517	6165783	17	-3.397
DUNGS_p_TCGA_b84_115_SNP_N_GenomeWideSNP_6_D04_771512	Y	6172294	6190150	12	-4.8179
DUNGS_p_TCGA_b84_115_SNP_N_GenomeWideSNP_6_D04_771512	Y	6195294	6212344	7	-2.3397
DUNGS_p_TCGA_b84_115_SNP_N_GenomeWideSNP_6_D04_771512	Y	6217750	6281935	28	-4.5141
DUNGS_p_TCGA_b84_115_SNP_N_GenomeWideSNP_6_D04_771512	Y	6282097	6478582	62	-3.1105
DUNGS_p_TCGA_b84_115_SNP_N_GenomeWideSNP_6_D04_771512	Y	6481390	6516047	16	-2.2801
DUNGS_p_TCGA_b84_115_SNP_N_GenomeWideSNP_6_D04_771512	Y	6517667	6532106	4	-3.4617
DUNGS_p_TCGA_b84_115_SNP_N_GenomeWideSNP_6_D04_771512	Y	6537454	6583358	10	-1.4625
DUNGS_p_TCGA_b84_115_SNP_N_GenomeWideSNP_6_D04_771512	Y	6588027	6992648	199	-2.8993
DUNGS_p_TCGA_b84_115_SNP_N_GenomeWideSNP_6_D04_771512	Y	6994405	6995523	2	-5.6729
DUNGS_p_TCGA_b84_115_SNP_N_GenomeWideSNP_6_D04_771512	Y	6996131	7263277	121	-3.0035
DUNGS_p_TCGA_b84_115_SNP_N_GenomeWideSNP_6_D04_771512	Y	7263622	7350046	38	-2.2569
DUNGS_p_TCGA_b84_115_SNP_N_GenomeWideSNP_6_D04_771512	Y	7350390	7635058	152	-3.1478
DUNGS_p_TCGA_b84_115_SNP_N_GenomeWideSNP_6_D04_771512	Y	7638901	7643394	5	-5.8509
DUNGS_p_TCGA_b84_115_SNP_N_GenomeWideSNP_6_D04_771512	Y	7646694	7811767	133	-2.8508
DUNGS_p_TCGA_b84_115_SNP_N_GenomeWideSNP_6_D04_771512	Y	7812179	7819737	9	-4.2412
DUNGS_p_TCGA_b84_115_SNP_N_GenomeWideSNP_6_D04_771512	Y	7821740	7835713	11	-2.7962
DUNGS_p_TCGA_b84_115_SNP_N_GenomeWideSNP_6_D04_771512	Y	7835840	7835847	2	-6.6514
DUNGS_p_TCGA_b84_115_SNP_N_GenomeWideSNP_6_D04_771512	Y	7836378	8397448	405	-3.0736
DUNGS_p_TCGA_b84_115_SNP_N_GenomeWideSNP_6_D04_771512	Y	8400583	8522658	68	-3.5539
DUNGS_p_TCGA_b84_115_SNP_N_GenomeWideSNP_6_D04_771512	Y	8522916	9141542	244	-3.101
DUNGS_p_TCGA_b84_115_SNP_N_GenomeWideSNP_6_D04_771512	Y	9142335	9822994	214	-3.5403
DUNGS_p_TCGA_b84_115_SNP_N_GenomeWideSNP_6_D04_771512	Y	9823373	14792998	573	-2.8592
DUNGS_p_TCGA_b84_115_SNP_N_GenomeWideSNP_6_D04_771512	Y	14793524	14806006	8	-4.971
DUNGS_p_TCGA_b84_115_SNP_N_GenomeWideSNP_6_D04_771512	Y	14809887	15030066	102	-2.9848
DUNGS_p_TCGA_b84_115_SNP_N_GenomeWideSNP_6_D04_771512	Y	15030682	15030817	2	-6.8475
DUNGS_p_TCGA_b84_115_SNP_N_GenomeWideSNP_6_D04_771512	Y	15032288	15590276	249	-2.8697
DUNGS_p_TCGA_b84_115_SNP_N_GenomeWideSNP_6_D04_771512	Y	15590342	15594523	3	-6.443
DUNGS_p_TCGA_b84_115_SNP_N_GenomeWideSNP_6_D04_771512	Y	15594889	18062494	1332	-2.9378
DUNGS_p_TCGA_b84_115_SNP_N_GenomeWideSNP_6_D04_771512	Y	18066156	18066525	2	-6.8941
DUNGS_p_TCGA_b84_115_SNP_N_GenomeWideSNP_6_D04_771512	Y	18069039	18343373	130	-2.881
DUNGS_p_TCGA_b84_115_SNP_N_GenomeWideSNP_6_D04_771512	Y	18348814	18529108	67	-3.6636
DUNGS_p_TCGA_b84_115_SNP_N_GenomeWideSNP_6_D04_771512	Y	18529489	18829268	185	-2.9066
DUNGS_p_TCGA_b84_115_SNP_N_GenomeWideSNP_6_D04_771512	Y	18831084	18839404	2	-6.3383
DUNGS_p_TCGA_b84_115_SNP_N_GenomeWideSNP_6_D04_771512	Y	18840250	19063565	124	-2.7556
DUNGS_p_TCGA_b84_115_SNP_N_GenomeWideSNP_6_D04_771512	Y	19068122	19087272	6	-4.4593
DUNGS_p_TCGA_b84_115_SNP_N_GenomeWideSNP_6_D04_771512	Y	19087664	19168137	34	-2.8627
DUNGS_p_TCGA_b84_115_SNP_N_GenomeWideSNP_6_D04_771512	Y	19168670	19179540	5	-6.1091
DUNGS_p_TCGA_b84_115_SNP_N_GenomeWideSNP_6_D04_771512	Y	19182271	19574890	196	-3.0259
DUNGS_p_TCGA_b84_115_SNP_N_GenomeWideSNP_6_D04_771512	Y	19576544	19597396	16	-4.6681
DUNGS_p_TCGA_b84_115_SNP_N_GenomeWideSNP_6_D04_771512	Y	19604458	19954897	160	-3.5352
DUNGS_p_TCGA_b84_115_SNP_N_GenomeWideSNP_6_D04_771512	Y	19956020	19969876	19	-4.8824
DUNGS_p_TCGA_b84_115_SNP_N_GenomeWideSNP_6_D04_771512	Y	19970910	20455109	176	-3.6808
DUNGS_p_TCGA_b84_115_SNP_N_GenomeWideSNP_6_D04_771512	Y	20458128	20485728	14	-2.4539
DUNGS_p_TCGA_b84_115_SNP_N_GenomeWideSNP_6_D04_771512	Y	20486664	20764552	142	-3.7937
DUNGS_p_TCGA_b84_115_SNP_N_GenomeWideSNP_6_D04_771512	Y	20764773	20841873	50	-3.1167
DUNGS_p_TCGA_b84_115_SNP_N_GenomeWideSNP_6_D04_771512	Y	20842231	20905253	35	-4.0812
DUNGS_p_TCGA_b84_115_SNP_N_GenomeWideSNP_6_D04_771512	Y	20915023	20919456	3	-6.9246
DUNGS_p_TCGA_b84_115_SNP_N_GenomeWideSNP_6_D04_771512	Y	20924920	20970746	33	-3.7002
DUNGS_p_TCGA_b84_115_SNP_N_GenomeWideSNP_6_D04_771512	Y	20971498	20972173	2	-8.3063
DUNGS_p_TCGA_b84_115_SNP_N_GenomeWideSNP_6_D04_771512	Y	20972409	21028957	23	-3.8971
DUNGS_p_TCGA_b84_115_SNP_N_GenomeWideSNP_6_D04_771512	Y	21029230	22905194	660	-3.0282
DUNGS_p_TCGA_b84_115_SNP_N_GenomeWideSNP_6_D04_771512	Y	22914301	22934109	12	-4.7061
DUNGS_p_TCGA_b84_115_SNP_N_GenomeWideSNP_6_D04_771512	Y	22934537	23612660	313	-3.0466
DUNGS_p_TCGA_b84_115_SNP_N_GenomeWideSNP_6_D04_771512	Y	23626202	23631629	4	-5.4401
DUNGS_p_TCGA_b84_115_SNP_N_GenomeWideSNP_6_D04_771512	Y	23632664	23653771	19	-2.775
DUNGS_p_TCGA_b84_115_SNP_N_GenomeWideSNP_6_D04_771512	Y	23683731	23690350	2	-8.8913
DUNGS_p_TCGA_b84_115_SNP_N_GenomeWideSNP_6_D04_771512	Y	23715701	23782662	43	-3.4245
DUNGS_p_TCGA_b84_115_SNP_N_GenomeWideSNP_6_D04_771512	Y	23785045	23859163	30	-2.3233
DUNGS_p_TCGA_b84_115_SNP_N_GenomeWideSNP_6_D04_771512	Y	23859468	24017605	52	-3.1649
DUNGS_p_TCGA_b84_115_SNP_N_GenomeWideSNP_6_D04_771512	Y	24018367	24359931	60	-3.7602
DUNGS_p_TCGA_b84_115_SNP_N_GenomeWideSNP_6_D04_771512	Y	24361272	24510518	78	-2.8509
DUNGS_p_TCGA_b84_115_SNP_N_GenomeWideSNP_6_D04_771512	Y	24514859	24536362	13	-4.1141
DUNGS_p_TCGA_b84_115_SNP_N_GenomeWideSNP_6_D04_771512	Y	24536632	24545177	7	-2.5013
DUNGS_p_TCGA_b84_115_SNP_N_GenomeWideSNP_6_D04_771512	Y	24548177	24562509	3	-5.6562
DUNGS_p_TCGA_b84_115_SNP_N_GenomeWideSNP_6_D04_771512	Y	24564454	24887940	46	-4.0394
DUNGS_p_TCGA_b84_115_SNP_N_GenomeWideSNP_6_D04_771512	Y	24888231	24964952	12	-5.1025
DUNGS_p_TCGA_b84_115_SNP_N_GenomeWideSNP_6_D04_771512	Y	24979518	25975796	144	-3.4947
DUNGS_p_TCGA_b84_115_SNP_N_GenomeWideSNP_6_D04_771512	Y	25976129	26049630	28	-4.1937
DUNGS_p_TCGA_b84_115_SNP_N_GenomeWideSNP_6_D04_771512	Y	26049926	26059305	5	-5.8136
DUNGS_p_TCGA_b84_115_SNP_N_GenomeWideSNP_6_D04_771512	Y	26060553	26074523	8	-4.0239
DUNGS_p_TCGA_b84_115_SNP_N_GenomeWideSNP_6_D04_771512	Y	26077799	26100224	7	-2.7859
DUNGS_p_TCGA_b84_115_SNP_N_GenomeWideSNP_6_D04_771512	Y	26102911	26107997	4	-4.4516
DUNGS_p_TCGA_b84_115_SNP_N_GenomeWideSNP_6_D04_771512	Y	26108302	26123392	12	-2.9628
DUNGS_p_TCGA_b84_115_SNP_N_GenomeWideSNP_6_D04_771512	Y	26126687	26150538	8	-4.5327
DUNGS_p_TCGA_b84_115_SNP_N_GenomeWideSNP_6_D04_771512	Y	26152733	26170261	11	-3.2829
DUNGS_p_TCGA_b84_115_SNP_N_GenomeWideSNP_6_D04_771512	Y	26172823	26190025	8	-4.7736
DUNGS_p_TCGA_b84_115_SNP_N_GenomeWideSNP_6_D04_771512	Y	26193050	26402498	46	-3.07
DUNGS_p_TCGA_b84_115_SNP_N_GenomeWideSNP_6_D04_771512	Y	26404339	26421237	11	-4.23
DUNGS_p_TCGA_b84_115_SNP_N_GenomeWideSNP_6_D04_771512	Y	26421701	26630929	40	-2.8117
DUNGS_p_TCGA_b84_115_SNP_N_GenomeWideSNP_6_D04_771512	Y	26631228	26771355	25	-4.3279
DUNGS_p_TCGA_b84_115_SNP_N_GenomeWideSNP_6_D04_771512	Y	26771848	26776515	3	-7.1581
DUNGS_p_TCGA_b84_115_SNP_N_GenomeWideSNP_6_D04_771512	Y	26802327	26928589	13	-4.436
DUNGS_p_TCGA_b84_115_SNP_N_GenomeWideSNP_6_D04_771512	Y	26947771	27315972	43	-3.8713
DUNGS_p_TCGA_b84_115_SNP_N_GenomeWideSNP_6_D04_771512	Y	27367487	27535710	37	-2.7225
DUNGS_p_TCGA_b84_115_SNP_N_GenomeWideSNP_6_D04_771512	Y	27544924	27550015	3	-5.7881
DUNGS_p_TCGA_b84_115_SNP_N_GenomeWideSNP_6_D04_771512	Y	27550686	27908224	127	-3.3503
DUNGS_p_TCGA_b84_115_SNP_N_GenomeWideSNP_6_D04_771512	Y	27908681	28051716	62	-3.9844
DUNGS_p_TCGA_b84_115_SNP_N_GenomeWideSNP_6_D04_771512	Y	28052268	28113407	31	-2.4874
DUNGS_p_TCGA_b84_115_SNP_N_GenomeWideSNP_6_D04_771512	Y	28114308	28180322	9	-4.0321
DUNGS_p_TCGA_b84_115_SNP_N_GenomeWideSNP_6_D04_771512	Y	28180757	28214007	6	-6.042
DUNGS_p_TCGA_b84_115_SNP_N_GenomeWideSNP_6_D04_771512	Y	28215426	28272116	12	-3.3809
DUNGS_p_TCGA_b84_115_SNP_N_GenomeWideSNP_6_D04_771512	Y	28277692	28322019	14	-5.125
DUNGS_p_TCGA_b84_115_SNP_N_GenomeWideSNP_6_D04_771512	Y	28322083	28423938	43	-3.6185
DUNGS_p_TCGA_b84_115_SNP_N_GenomeWideSNP_6_D04_771512	Y	28438116	59018259	183	-2.7698
