Sample	Chromosome	Start	End	Num_Probes	Segment_Mean
DUNGS_p_TCGA_b84_115_SNP_N_GenomeWideSNP_6_F08_771620	1	61735	6018391	2816	0.0948
DUNGS_p_TCGA_b84_115_SNP_N_GenomeWideSNP_6_F08_771620	1	6023229	6056729	20	0.3937
DUNGS_p_TCGA_b84_115_SNP_N_GenomeWideSNP_6_F08_771620	1	6057725	9037273	1702	0.029
DUNGS_p_TCGA_b84_115_SNP_N_GenomeWideSNP_6_F08_771620	1	9039022	9054584	9	-0.8719
DUNGS_p_TCGA_b84_115_SNP_N_GenomeWideSNP_6_F08_771620	1	9056507	10370587	658	0.0418
DUNGS_p_TCGA_b84_115_SNP_N_GenomeWideSNP_6_F08_771620	1	10370637	10377524	14	-0.8101
DUNGS_p_TCGA_b84_115_SNP_N_GenomeWideSNP_6_F08_771620	1	10377625	12857863	1317	0.0254
DUNGS_p_TCGA_b84_115_SNP_N_GenomeWideSNP_6_F08_771620	1	12858053	12867510	15	0.476
DUNGS_p_TCGA_b84_115_SNP_N_GenomeWideSNP_6_F08_771620	1	12867643	16806925	2168	0.026
DUNGS_p_TCGA_b84_115_SNP_N_GenomeWideSNP_6_F08_771620	1	16807224	16844932	13	0.5011
DUNGS_p_TCGA_b84_115_SNP_N_GenomeWideSNP_6_F08_771620	1	16846035	16943613	21	0.019
DUNGS_p_TCGA_b84_115_SNP_N_GenomeWideSNP_6_F08_771620	1	16943638	17314702	168	0.4912
DUNGS_p_TCGA_b84_115_SNP_N_GenomeWideSNP_6_F08_771620	1	17319778	18839808	1173	0.0249
DUNGS_p_TCGA_b84_115_SNP_N_GenomeWideSNP_6_F08_771620	1	18841636	18844472	2	-1.0342
DUNGS_p_TCGA_b84_115_SNP_N_GenomeWideSNP_6_F08_771620	1	18845013	25604466	4091	0.0254
DUNGS_p_TCGA_b84_115_SNP_N_GenomeWideSNP_6_F08_771620	1	25605058	25616296	4	-1.0959
DUNGS_p_TCGA_b84_115_SNP_N_GenomeWideSNP_6_F08_771620	1	25618931	26815537	565	0.0291
DUNGS_p_TCGA_b84_115_SNP_N_GenomeWideSNP_6_F08_771620	1	26818749	26873245	24	0.3842
DUNGS_p_TCGA_b84_115_SNP_N_GenomeWideSNP_6_F08_771620	1	26876289	35091458	4394	0.0303
DUNGS_p_TCGA_b84_115_SNP_N_GenomeWideSNP_6_F08_771620	1	35091594	35104246	19	0.4331
DUNGS_p_TCGA_b84_115_SNP_N_GenomeWideSNP_6_F08_771620	1	35104322	37845240	1467	0.022
DUNGS_p_TCGA_b84_115_SNP_N_GenomeWideSNP_6_F08_771620	1	37848793	37921043	47	0.3376
DUNGS_p_TCGA_b84_115_SNP_N_GenomeWideSNP_6_F08_771620	1	37923399	72784154	22390	0.0117
DUNGS_p_TCGA_b84_115_SNP_N_GenomeWideSNP_6_F08_771620	1	72784170	72809372	25	0.5403
DUNGS_p_TCGA_b84_115_SNP_N_GenomeWideSNP_6_F08_771620	1	72809431	82258797	6127	0.0014
DUNGS_p_TCGA_b84_115_SNP_N_GenomeWideSNP_6_F08_771620	1	82263196	82276490	5	-0.8191
DUNGS_p_TCGA_b84_115_SNP_N_GenomeWideSNP_6_F08_771620	1	82276586	102705645	13253	0.0117
DUNGS_p_TCGA_b84_115_SNP_N_GenomeWideSNP_6_F08_771620	1	102706476	102788731	58	-0.2392
DUNGS_p_TCGA_b84_115_SNP_N_GenomeWideSNP_6_F08_771620	1	102790141	104163787	671	-0.0167
DUNGS_p_TCGA_b84_115_SNP_N_GenomeWideSNP_6_F08_771620	1	104178038	104303403	26	0.7237
DUNGS_p_TCGA_b84_115_SNP_N_GenomeWideSNP_6_F08_771620	1	104303501	152555527	13656	0.0272
DUNGS_p_TCGA_b84_115_SNP_N_GenomeWideSNP_6_F08_771620	1	152555706	152590494	36	1.0268
DUNGS_p_TCGA_b84_115_SNP_N_GenomeWideSNP_6_F08_771620	1	152590565	153673674	833	0.0174
DUNGS_p_TCGA_b84_115_SNP_N_GenomeWideSNP_6_F08_771620	1	153676562	153695340	8	0.753
DUNGS_p_TCGA_b84_115_SNP_N_GenomeWideSNP_6_F08_771620	1	153695981	161618251	4672	0.0199
DUNGS_p_TCGA_b84_115_SNP_N_GenomeWideSNP_6_F08_771620	1	161618549	161638513	25	0.6386
DUNGS_p_TCGA_b84_115_SNP_N_GenomeWideSNP_6_F08_771620	1	161648237	165835115	3428	0.008
DUNGS_p_TCGA_b84_115_SNP_N_GenomeWideSNP_6_F08_771620	1	165835144	165835690	6	0.7379
DUNGS_p_TCGA_b84_115_SNP_N_GenomeWideSNP_6_F08_771620	1	165837978	169178378	2561	0.0141
DUNGS_p_TCGA_b84_115_SNP_N_GenomeWideSNP_6_F08_771620	1	169181390	169183385	4	-0.6931
DUNGS_p_TCGA_b84_115_SNP_N_GenomeWideSNP_6_F08_771620	1	169183848	169216937	22	0.0211
DUNGS_p_TCGA_b84_115_SNP_N_GenomeWideSNP_6_F08_771620	1	169233974	169238558	4	0.895
DUNGS_p_TCGA_b84_115_SNP_N_GenomeWideSNP_6_F08_771620	1	169238731	171407627	1514	0.0118
DUNGS_p_TCGA_b84_115_SNP_N_GenomeWideSNP_6_F08_771620	1	171410491	171411047	5	-0.9045
DUNGS_p_TCGA_b84_115_SNP_N_GenomeWideSNP_6_F08_771620	1	171413211	174796405	2012	0.0114
DUNGS_p_TCGA_b84_115_SNP_N_GenomeWideSNP_6_F08_771620	1	174796556	174797610	13	-0.6424
DUNGS_p_TCGA_b84_115_SNP_N_GenomeWideSNP_6_F08_771620	1	174797687	175606428	597	0.0219
DUNGS_p_TCGA_b84_115_SNP_N_GenomeWideSNP_6_F08_771620	1	175608932	175609470	2	-4.0386
DUNGS_p_TCGA_b84_115_SNP_N_GenomeWideSNP_6_F08_771620	1	175611659	179323738	2486	0.0217
DUNGS_p_TCGA_b84_115_SNP_N_GenomeWideSNP_6_F08_771620	1	179330528	179333315	4	-1.2097
DUNGS_p_TCGA_b84_115_SNP_N_GenomeWideSNP_6_F08_771620	1	179339206	194448234	10132	0.0034
DUNGS_p_TCGA_b84_115_SNP_N_GenomeWideSNP_6_F08_771620	1	194451411	194455018	2	1.3485
DUNGS_p_TCGA_b84_115_SNP_N_GenomeWideSNP_6_F08_771620	1	194457016	196706677	1447	-0.0068
DUNGS_p_TCGA_b84_115_SNP_N_GenomeWideSNP_6_F08_771620	1	196706866	196815791	104	-0.3885
DUNGS_p_TCGA_b84_115_SNP_N_GenomeWideSNP_6_F08_771620	1	196816730	217682850	14208	0.0136
DUNGS_p_TCGA_b84_115_SNP_N_GenomeWideSNP_6_F08_771620	1	217683348	217720727	23	0.3642
DUNGS_p_TCGA_b84_115_SNP_N_GenomeWideSNP_6_F08_771620	1	217721335	249224388	21752	0.024
DUNGS_p_TCGA_b84_115_SNP_N_GenomeWideSNP_6_F08_771620	2	12784	192773	108	0.0912
DUNGS_p_TCGA_b84_115_SNP_N_GenomeWideSNP_6_F08_771620	2	193991	224483	20	0.5124
DUNGS_p_TCGA_b84_115_SNP_N_GenomeWideSNP_6_F08_771620	2	226999	3173969	2076	0.0441
DUNGS_p_TCGA_b84_115_SNP_N_GenomeWideSNP_6_F08_771620	2	3174321	3197362	31	0.3612
DUNGS_p_TCGA_b84_115_SNP_N_GenomeWideSNP_6_F08_771620	2	3197421	3201417	17	0.0273
DUNGS_p_TCGA_b84_115_SNP_N_GenomeWideSNP_6_F08_771620	2	3202997	3203745	2	1.8656
DUNGS_p_TCGA_b84_115_SNP_N_GenomeWideSNP_6_F08_771620	2	3203852	4666664	1145	0.0379
DUNGS_p_TCGA_b84_115_SNP_N_GenomeWideSNP_6_F08_771620	2	4666743	4667321	2	-1.2608
DUNGS_p_TCGA_b84_115_SNP_N_GenomeWideSNP_6_F08_771620	2	4669234	4913700	211	-0.0051
DUNGS_p_TCGA_b84_115_SNP_N_GenomeWideSNP_6_F08_771620	2	4913923	4914111	5	-1.3061
DUNGS_p_TCGA_b84_115_SNP_N_GenomeWideSNP_6_F08_771620	2	4915059	7616221	2298	0.0205
DUNGS_p_TCGA_b84_115_SNP_N_GenomeWideSNP_6_F08_771620	2	7616719	7647007	18	0.4607
DUNGS_p_TCGA_b84_115_SNP_N_GenomeWideSNP_6_F08_771620	2	7647516	24596812	12022	0.0152
DUNGS_p_TCGA_b84_115_SNP_N_GenomeWideSNP_6_F08_771620	2	24597037	24610759	24	0.388
DUNGS_p_TCGA_b84_115_SNP_N_GenomeWideSNP_6_F08_771620	2	24610788	33074431	4886	0.0164
DUNGS_p_TCGA_b84_115_SNP_N_GenomeWideSNP_6_F08_771620	2	33074499	33117600	27	0.3293
DUNGS_p_TCGA_b84_115_SNP_N_GenomeWideSNP_6_F08_771620	2	33119383	34691069	1242	3e-04
DUNGS_p_TCGA_b84_115_SNP_N_GenomeWideSNP_6_F08_771620	2	34699315	34740757	51	0.4736
DUNGS_p_TCGA_b84_115_SNP_N_GenomeWideSNP_6_F08_771620	2	34740799	35967385	871	-0.0111
DUNGS_p_TCGA_b84_115_SNP_N_GenomeWideSNP_6_F08_771620	2	35968036	35987947	9	0.6776
DUNGS_p_TCGA_b84_115_SNP_N_GenomeWideSNP_6_F08_771620	2	35997473	36332258	272	-8e-04
DUNGS_p_TCGA_b84_115_SNP_N_GenomeWideSNP_6_F08_771620	2	36335595	36335606	8	0.8273
DUNGS_p_TCGA_b84_115_SNP_N_GenomeWideSNP_6_F08_771620	2	36336619	40332851	2894	0.004
DUNGS_p_TCGA_b84_115_SNP_N_GenomeWideSNP_6_F08_771620	2	40335410	40338067	5	-1.267
DUNGS_p_TCGA_b84_115_SNP_N_GenomeWideSNP_6_F08_771620	2	40338144	41238235	769	-0.0115
DUNGS_p_TCGA_b84_115_SNP_N_GenomeWideSNP_6_F08_771620	2	41238443	41245887	23	-0.6335
DUNGS_p_TCGA_b84_115_SNP_N_GenomeWideSNP_6_F08_771620	2	41251233	50914485	6942	0.007
DUNGS_p_TCGA_b84_115_SNP_N_GenomeWideSNP_6_F08_771620	2	50918967	50947812	29	-0.338
DUNGS_p_TCGA_b84_115_SNP_N_GenomeWideSNP_6_F08_771620	2	50948419	53843747	2149	-0.0146
DUNGS_p_TCGA_b84_115_SNP_N_GenomeWideSNP_6_F08_771620	2	53845054	53846547	4	-0.9327
DUNGS_p_TCGA_b84_115_SNP_N_GenomeWideSNP_6_F08_771620	2	53847282	56963601	2189	0.016
DUNGS_p_TCGA_b84_115_SNP_N_GenomeWideSNP_6_F08_771620	2	56964572	56982966	16	-0.4553
DUNGS_p_TCGA_b84_115_SNP_N_GenomeWideSNP_6_F08_771620	2	56983136	60593440	2467	-0.0048
DUNGS_p_TCGA_b84_115_SNP_N_GenomeWideSNP_6_F08_771620	2	60593634	60629866	27	0.4004
DUNGS_p_TCGA_b84_115_SNP_N_GenomeWideSNP_6_F08_771620	2	60632716	98023306	18518	0.0133
DUNGS_p_TCGA_b84_115_SNP_N_GenomeWideSNP_6_F08_771620	2	98025647	98141312	6	0.6448
DUNGS_p_TCGA_b84_115_SNP_N_GenomeWideSNP_6_F08_771620	2	98151043	106880095	5590	0.0164
DUNGS_p_TCGA_b84_115_SNP_N_GenomeWideSNP_6_F08_771620	2	106880713	106883229	4	-0.7421
DUNGS_p_TCGA_b84_115_SNP_N_GenomeWideSNP_6_F08_771620	2	106883331	106885357	7	-2.3598
DUNGS_p_TCGA_b84_115_SNP_N_GenomeWideSNP_6_F08_771620	2	106887255	108772567	1212	-0.0083
DUNGS_p_TCGA_b84_115_SNP_N_GenomeWideSNP_6_F08_771620	2	108777471	108777573	2	-1.1613
DUNGS_p_TCGA_b84_115_SNP_N_GenomeWideSNP_6_F08_771620	2	108779731	110717090	905	0.0125
DUNGS_p_TCGA_b84_115_SNP_N_GenomeWideSNP_6_F08_771620	2	110741829	110816590	5	0.9848
DUNGS_p_TCGA_b84_115_SNP_N_GenomeWideSNP_6_F08_771620	2	110826254	130788774	12235	0.0094
DUNGS_p_TCGA_b84_115_SNP_N_GenomeWideSNP_6_F08_771620	2	130793856	130982548	44	0.3277
DUNGS_p_TCGA_b84_115_SNP_N_GenomeWideSNP_6_F08_771620	2	130998864	132028917	316	0.0418
DUNGS_p_TCGA_b84_115_SNP_N_GenomeWideSNP_6_F08_771620	2	132029026	132083849	12	0.3572
DUNGS_p_TCGA_b84_115_SNP_N_GenomeWideSNP_6_F08_771620	2	132093032	132096439	7	-0.9344
DUNGS_p_TCGA_b84_115_SNP_N_GenomeWideSNP_6_F08_771620	2	132097319	146862085	9234	-5e-04
DUNGS_p_TCGA_b84_115_SNP_N_GenomeWideSNP_6_F08_771620	2	146864404	146866934	24	0.7877
DUNGS_p_TCGA_b84_115_SNP_N_GenomeWideSNP_6_F08_771620	2	146877806	183264625	22417	0.0112
DUNGS_p_TCGA_b84_115_SNP_N_GenomeWideSNP_6_F08_771620	2	183265113	183265172	2	-6.5649
DUNGS_p_TCGA_b84_115_SNP_N_GenomeWideSNP_6_F08_771620	2	183267045	205538202	12731	0.003
DUNGS_p_TCGA_b84_115_SNP_N_GenomeWideSNP_6_F08_771620	2	205543818	205548402	8	-1.0485
DUNGS_p_TCGA_b84_115_SNP_N_GenomeWideSNP_6_F08_771620	2	205550968	208345140	1861	0
DUNGS_p_TCGA_b84_115_SNP_N_GenomeWideSNP_6_F08_771620	2	208345380	208360268	35	0.3351
DUNGS_p_TCGA_b84_115_SNP_N_GenomeWideSNP_6_F08_771620	2	208361599	243089456	22157	0.0157
DUNGS_p_TCGA_b84_115_SNP_N_GenomeWideSNP_6_F08_771620	3	60345	979343	754	-0.0647
DUNGS_p_TCGA_b84_115_SNP_N_GenomeWideSNP_6_F08_771620	3	985730	1031926	43	0.2767
DUNGS_p_TCGA_b84_115_SNP_N_GenomeWideSNP_6_F08_771620	3	1031964	1300644	248	-0.0757
DUNGS_p_TCGA_b84_115_SNP_N_GenomeWideSNP_6_F08_771620	3	1300948	1303180	3	-1.3137
DUNGS_p_TCGA_b84_115_SNP_N_GenomeWideSNP_6_F08_771620	3	1303830	2649873	1214	-0.0776
DUNGS_p_TCGA_b84_115_SNP_N_GenomeWideSNP_6_F08_771620	3	2654691	2655482	5	-1.1751
DUNGS_p_TCGA_b84_115_SNP_N_GenomeWideSNP_6_F08_771620	3	2655924	5078393	2250	-0.0033
DUNGS_p_TCGA_b84_115_SNP_N_GenomeWideSNP_6_F08_771620	3	5079159	5130655	47	0.3046
DUNGS_p_TCGA_b84_115_SNP_N_GenomeWideSNP_6_F08_771620	3	5130996	10187014	4073	6e-04
DUNGS_p_TCGA_b84_115_SNP_N_GenomeWideSNP_6_F08_771620	3	10187068	10299463	104	0.2715
DUNGS_p_TCGA_b84_115_SNP_N_GenomeWideSNP_6_F08_771620	3	10301300	12673355	1801	0.0105
DUNGS_p_TCGA_b84_115_SNP_N_GenomeWideSNP_6_F08_771620	3	12673371	12716587	53	0.2757
DUNGS_p_TCGA_b84_115_SNP_N_GenomeWideSNP_6_F08_771620	3	12720017	37986883	17137	0.0065
DUNGS_p_TCGA_b84_115_SNP_N_GenomeWideSNP_6_F08_771620	3	37986928	37987142	3	0.9934
DUNGS_p_TCGA_b84_115_SNP_N_GenomeWideSNP_6_F08_771620	3	37987774	46049708	5064	0.0145
DUNGS_p_TCGA_b84_115_SNP_N_GenomeWideSNP_6_F08_771620	3	46049836	46051713	2	-1.1363
DUNGS_p_TCGA_b84_115_SNP_N_GenomeWideSNP_6_F08_771620	3	46051743	46793377	482	0.0159
DUNGS_p_TCGA_b84_115_SNP_N_GenomeWideSNP_6_F08_771620	3	46801817	46847616	39	-0.7747
DUNGS_p_TCGA_b84_115_SNP_N_GenomeWideSNP_6_F08_771620	3	46849179	60516256	8051	0.0023
DUNGS_p_TCGA_b84_115_SNP_N_GenomeWideSNP_6_F08_771620	3	60517563	60546479	36	0.3278
DUNGS_p_TCGA_b84_115_SNP_N_GenomeWideSNP_6_F08_771620	3	60554521	62710444	1905	0.0041
DUNGS_p_TCGA_b84_115_SNP_N_GenomeWideSNP_6_F08_771620	3	62710600	62715860	9	-0.697
DUNGS_p_TCGA_b84_115_SNP_N_GenomeWideSNP_6_F08_771620	3	62715908	68725751	4582	0.0153
DUNGS_p_TCGA_b84_115_SNP_N_GenomeWideSNP_6_F08_771620	3	68732028	68747364	15	1.0231
DUNGS_p_TCGA_b84_115_SNP_N_GenomeWideSNP_6_F08_771620	3	68747413	75549946	4939	0.0108
DUNGS_p_TCGA_b84_115_SNP_N_GenomeWideSNP_6_F08_771620	3	75560526	75669430	22	0.5079
DUNGS_p_TCGA_b84_115_SNP_N_GenomeWideSNP_6_F08_771620	3	75674368	100402298	11834	0.0147
DUNGS_p_TCGA_b84_115_SNP_N_GenomeWideSNP_6_F08_771620	3	100411361	100468776	33	-0.3245
DUNGS_p_TCGA_b84_115_SNP_N_GenomeWideSNP_6_F08_771620	3	100471347	110258636	5984	0.013
DUNGS_p_TCGA_b84_115_SNP_N_GenomeWideSNP_6_F08_771620	3	110263131	110274952	16	-1.0319
DUNGS_p_TCGA_b84_115_SNP_N_GenomeWideSNP_6_F08_771620	3	110277764	114654982	2668	0.0208
DUNGS_p_TCGA_b84_115_SNP_N_GenomeWideSNP_6_F08_771620	3	114655782	114660622	4	-1.043
DUNGS_p_TCGA_b84_115_SNP_N_GenomeWideSNP_6_F08_771620	3	114660670	114668950	4	-2.9517
DUNGS_p_TCGA_b84_115_SNP_N_GenomeWideSNP_6_F08_771620	3	114669018	125712981	6906	0.0146
DUNGS_p_TCGA_b84_115_SNP_N_GenomeWideSNP_6_F08_771620	3	125713092	125723017	22	-0.8037
DUNGS_p_TCGA_b84_115_SNP_N_GenomeWideSNP_6_F08_771620	3	125723024	126047798	249	0.0464
DUNGS_p_TCGA_b84_115_SNP_N_GenomeWideSNP_6_F08_771620	3	126049305	126049318	2	-1.3295
DUNGS_p_TCGA_b84_115_SNP_N_GenomeWideSNP_6_F08_771620	3	126056926	128282862	1398	0.0111
DUNGS_p_TCGA_b84_115_SNP_N_GenomeWideSNP_6_F08_771620	3	128286368	128331612	21	0.4884
DUNGS_p_TCGA_b84_115_SNP_N_GenomeWideSNP_6_F08_771620	3	128332679	129762859	666	0.0314
DUNGS_p_TCGA_b84_115_SNP_N_GenomeWideSNP_6_F08_771620	3	129763698	129806236	52	0.6138
DUNGS_p_TCGA_b84_115_SNP_N_GenomeWideSNP_6_F08_771620	3	129806924	162623897	20376	0.0089
DUNGS_p_TCGA_b84_115_SNP_N_GenomeWideSNP_6_F08_771620	3	162625980	162625995	2	-1.4714
DUNGS_p_TCGA_b84_115_SNP_N_GenomeWideSNP_6_F08_771620	3	162626572	166063330	1991	-0.0035
DUNGS_p_TCGA_b84_115_SNP_N_GenomeWideSNP_6_F08_771620	3	166063784	166064820	3	-1.3368
DUNGS_p_TCGA_b84_115_SNP_N_GenomeWideSNP_6_F08_771620	3	166068093	169349862	1922	0.0041
DUNGS_p_TCGA_b84_115_SNP_N_GenomeWideSNP_6_F08_771620	3	169350604	169352458	2	-1.3724
DUNGS_p_TCGA_b84_115_SNP_N_GenomeWideSNP_6_F08_771620	3	169352825	175080611	3752	-0.0034
DUNGS_p_TCGA_b84_115_SNP_N_GenomeWideSNP_6_F08_771620	3	175080747	175080980	3	-1.2084
DUNGS_p_TCGA_b84_115_SNP_N_GenomeWideSNP_6_F08_771620	3	175081226	183244452	4894	0.0053
DUNGS_p_TCGA_b84_115_SNP_N_GenomeWideSNP_6_F08_771620	3	183246452	183253370	5	-0.4079
DUNGS_p_TCGA_b84_115_SNP_N_GenomeWideSNP_6_F08_771620	3	183253444	192803259	6575	0.0274
DUNGS_p_TCGA_b84_115_SNP_N_GenomeWideSNP_6_F08_771620	3	192803962	192850865	32	-0.3683
DUNGS_p_TCGA_b84_115_SNP_N_GenomeWideSNP_6_F08_771620	3	192850904	192877962	34	0.009
DUNGS_p_TCGA_b84_115_SNP_N_GenomeWideSNP_6_F08_771620	3	192878045	192879006	5	1.2165
DUNGS_p_TCGA_b84_115_SNP_N_GenomeWideSNP_6_F08_771620	3	192880473	197832937	2673	0.0544
DUNGS_p_TCGA_b84_115_SNP_N_GenomeWideSNP_6_F08_771620	3	197833036	197896118	48	0.3435
DUNGS_p_TCGA_b84_115_SNP_N_GenomeWideSNP_6_F08_771620	4	12281	3027493	1212	0.0784
DUNGS_p_TCGA_b84_115_SNP_N_GenomeWideSNP_6_F08_771620	4	3027897	3028113	2	-1.4178
DUNGS_p_TCGA_b84_115_SNP_N_GenomeWideSNP_6_F08_771620	4	3028170	7437364	3108	0.0277
DUNGS_p_TCGA_b84_115_SNP_N_GenomeWideSNP_6_F08_771620	4	7438352	7464995	29	0.4019
DUNGS_p_TCGA_b84_115_SNP_N_GenomeWideSNP_6_F08_771620	4	7466466	9446047	898	0.02
DUNGS_p_TCGA_b84_115_SNP_N_GenomeWideSNP_6_F08_771620	4	9446843	9496294	16	-0.6548
DUNGS_p_TCGA_b84_115_SNP_N_GenomeWideSNP_6_F08_771620	4	9497845	10209963	539	0.0291
DUNGS_p_TCGA_b84_115_SNP_N_GenomeWideSNP_6_F08_771620	4	10210113	10210390	5	0.444
DUNGS_p_TCGA_b84_115_SNP_N_GenomeWideSNP_6_F08_771620	4	10214160	10231249	28	-1.6276
DUNGS_p_TCGA_b84_115_SNP_N_GenomeWideSNP_6_F08_771620	4	10231498	10234266	3	-0.6108
DUNGS_p_TCGA_b84_115_SNP_N_GenomeWideSNP_6_F08_771620	4	10234608	21078220	7972	0.018
DUNGS_p_TCGA_b84_115_SNP_N_GenomeWideSNP_6_F08_771620	4	21082551	21085330	5	-0.8087
DUNGS_p_TCGA_b84_115_SNP_N_GenomeWideSNP_6_F08_771620	4	21085342	34779054	9035	0.0159
DUNGS_p_TCGA_b84_115_SNP_N_GenomeWideSNP_6_F08_771620	4	34786500	34819211	35	-0.3346
DUNGS_p_TCGA_b84_115_SNP_N_GenomeWideSNP_6_F08_771620	4	34821340	44017141	6062	0.0122
DUNGS_p_TCGA_b84_115_SNP_N_GenomeWideSNP_6_F08_771620	4	44021885	44026404	5	-1.3808
DUNGS_p_TCGA_b84_115_SNP_N_GenomeWideSNP_6_F08_771620	4	44031399	49510399	2939	0.0154
DUNGS_p_TCGA_b84_115_SNP_N_GenomeWideSNP_6_F08_771620	4	49511202	49658223	15	0.7274
DUNGS_p_TCGA_b84_115_SNP_N_GenomeWideSNP_6_F08_771620	4	49658612	61497136	5814	0.0132
DUNGS_p_TCGA_b84_115_SNP_N_GenomeWideSNP_6_F08_771620	4	61500829	61501270	2	-1.1022
DUNGS_p_TCGA_b84_115_SNP_N_GenomeWideSNP_6_F08_771620	4	61503976	63667834	1207	0.0098
DUNGS_p_TCGA_b84_115_SNP_N_GenomeWideSNP_6_F08_771620	4	63669936	63671662	8	-0.6332
DUNGS_p_TCGA_b84_115_SNP_N_GenomeWideSNP_6_F08_771620	4	63679630	64690878	552	0.0034
DUNGS_p_TCGA_b84_115_SNP_N_GenomeWideSNP_6_F08_771620	4	64691407	64707605	27	-0.8253
DUNGS_p_TCGA_b84_115_SNP_N_GenomeWideSNP_6_F08_771620	4	64707754	64708258	6	-3.4089
DUNGS_p_TCGA_b84_115_SNP_N_GenomeWideSNP_6_F08_771620	4	64716431	66588551	1213	-4e-04
DUNGS_p_TCGA_b84_115_SNP_N_GenomeWideSNP_6_F08_771620	4	66591738	66601387	8	-0.6169
DUNGS_p_TCGA_b84_115_SNP_N_GenomeWideSNP_6_F08_771620	4	66602324	69260073	1641	0.0045
DUNGS_p_TCGA_b84_115_SNP_N_GenomeWideSNP_6_F08_771620	4	69260551	69288142	7	-0.9777
DUNGS_p_TCGA_b84_115_SNP_N_GenomeWideSNP_6_F08_771620	4	69294799	69506334	84	0.0999
DUNGS_p_TCGA_b84_115_SNP_N_GenomeWideSNP_6_F08_771620	4	69521409	69582483	8	-0.6141
DUNGS_p_TCGA_b84_115_SNP_N_GenomeWideSNP_6_F08_771620	4	69591612	70121250	315	-0.1125
DUNGS_p_TCGA_b84_115_SNP_N_GenomeWideSNP_6_F08_771620	4	70121263	70228624	52	-0.4156
DUNGS_p_TCGA_b84_115_SNP_N_GenomeWideSNP_6_F08_771620	4	70228656	71228265	655	-0.009
DUNGS_p_TCGA_b84_115_SNP_N_GenomeWideSNP_6_F08_771620	4	71228581	71228735	3	-0.861
DUNGS_p_TCGA_b84_115_SNP_N_GenomeWideSNP_6_F08_771620	4	71229600	98357434	16693	0.0096
DUNGS_p_TCGA_b84_115_SNP_N_GenomeWideSNP_6_F08_771620	4	98358305	98361136	3	-1.0063
DUNGS_p_TCGA_b84_115_SNP_N_GenomeWideSNP_6_F08_771620	4	98361476	102855500	2592	0.0036
DUNGS_p_TCGA_b84_115_SNP_N_GenomeWideSNP_6_F08_771620	4	102856785	102859879	2	-1.6505
DUNGS_p_TCGA_b84_115_SNP_N_GenomeWideSNP_6_F08_771620	4	102860388	104201019	737	-0.006
DUNGS_p_TCGA_b84_115_SNP_N_GenomeWideSNP_6_F08_771620	4	104206814	104247934	49	-0.7657
DUNGS_p_TCGA_b84_115_SNP_N_GenomeWideSNP_6_F08_771620	4	104249405	125644196	12928	0.0097
DUNGS_p_TCGA_b84_115_SNP_N_GenomeWideSNP_6_F08_771620	4	125644566	125645018	5	-0.9186
DUNGS_p_TCGA_b84_115_SNP_N_GenomeWideSNP_6_F08_771620	4	125645180	137359917	6529	0.0052
DUNGS_p_TCGA_b84_115_SNP_N_GenomeWideSNP_6_F08_771620	4	137361024	137362752	3	-0.939
DUNGS_p_TCGA_b84_115_SNP_N_GenomeWideSNP_6_F08_771620	4	137363805	138092103	488	-0.0049
DUNGS_p_TCGA_b84_115_SNP_N_GenomeWideSNP_6_F08_771620	4	138092195	138093414	16	-0.6426
DUNGS_p_TCGA_b84_115_SNP_N_GenomeWideSNP_6_F08_771620	4	138094958	145311138	4741	0.0135
DUNGS_p_TCGA_b84_115_SNP_N_GenomeWideSNP_6_F08_771620	4	145318718	145320000	2	-1.5121
DUNGS_p_TCGA_b84_115_SNP_N_GenomeWideSNP_6_F08_771620	4	145326410	152175168	3824	0.0112
DUNGS_p_TCGA_b84_115_SNP_N_GenomeWideSNP_6_F08_771620	4	152175316	152187300	6	0.6742
DUNGS_p_TCGA_b84_115_SNP_N_GenomeWideSNP_6_F08_771620	4	152187377	152789786	318	-0.0101
DUNGS_p_TCGA_b84_115_SNP_N_GenomeWideSNP_6_F08_771620	4	152791533	152792567	12	-0.7918
DUNGS_p_TCGA_b84_115_SNP_N_GenomeWideSNP_6_F08_771620	4	152792891	161066856	5273	0.015
DUNGS_p_TCGA_b84_115_SNP_N_GenomeWideSNP_6_F08_771620	4	161066881	161067145	5	-0.7158
DUNGS_p_TCGA_b84_115_SNP_N_GenomeWideSNP_6_F08_771620	4	161067895	161567968	369	-0.0114
DUNGS_p_TCGA_b84_115_SNP_N_GenomeWideSNP_6_F08_771620	4	161574021	161575183	3	-1.094
DUNGS_p_TCGA_b84_115_SNP_N_GenomeWideSNP_6_F08_771620	4	161575417	172369346	6937	0.0011
DUNGS_p_TCGA_b84_115_SNP_N_GenomeWideSNP_6_F08_771620	4	172374884	172377776	12	0.9364
DUNGS_p_TCGA_b84_115_SNP_N_GenomeWideSNP_6_F08_771620	4	172380371	172989224	400	-0.0106
DUNGS_p_TCGA_b84_115_SNP_N_GenomeWideSNP_6_F08_771620	4	172989300	172989533	9	-1.6497
DUNGS_p_TCGA_b84_115_SNP_N_GenomeWideSNP_6_F08_771620	4	172995979	173422522	232	0.0053
DUNGS_p_TCGA_b84_115_SNP_N_GenomeWideSNP_6_F08_771620	4	173424947	173425227	3	1.0809
DUNGS_p_TCGA_b84_115_SNP_N_GenomeWideSNP_6_F08_771620	4	173428342	174912115	812	0.018
DUNGS_p_TCGA_b84_115_SNP_N_GenomeWideSNP_6_F08_771620	4	174913556	174917543	2	1.2153
DUNGS_p_TCGA_b84_115_SNP_N_GenomeWideSNP_6_F08_771620	4	174919530	180151019	3378	0.0024
DUNGS_p_TCGA_b84_115_SNP_N_GenomeWideSNP_6_F08_771620	4	180152363	180163464	4	-0.951
DUNGS_p_TCGA_b84_115_SNP_N_GenomeWideSNP_6_F08_771620	4	180163789	182041509	1405	-0.0078
DUNGS_p_TCGA_b84_115_SNP_N_GenomeWideSNP_6_F08_771620	4	182042349	182043081	2	-1.5191
DUNGS_p_TCGA_b84_115_SNP_N_GenomeWideSNP_6_F08_771620	4	182043723	189221360	5121	0.0198
DUNGS_p_TCGA_b84_115_SNP_N_GenomeWideSNP_6_F08_771620	4	189221375	189221439	3	1.67
DUNGS_p_TCGA_b84_115_SNP_N_GenomeWideSNP_6_F08_771620	4	189222813	191027923	1177	-0.0019
DUNGS_p_TCGA_b84_115_SNP_N_GenomeWideSNP_6_F08_771620	5	15532	9336865	7543	0.0341
DUNGS_p_TCGA_b84_115_SNP_N_GenomeWideSNP_6_F08_771620	5	9336932	9357103	32	0.4695
DUNGS_p_TCGA_b84_115_SNP_N_GenomeWideSNP_6_F08_771620	5	9361790	12800889	2659	0.0215
DUNGS_p_TCGA_b84_115_SNP_N_GenomeWideSNP_6_F08_771620	5	12815780	12820076	9	0.5252
DUNGS_p_TCGA_b84_115_SNP_N_GenomeWideSNP_6_F08_771620	5	12824411	13005216	61	-0.1904
DUNGS_p_TCGA_b84_115_SNP_N_GenomeWideSNP_6_F08_771620	5	13014507	13015045	2	1.413
DUNGS_p_TCGA_b84_115_SNP_N_GenomeWideSNP_6_F08_771620	5	13015270	16517130	2463	0.0086
DUNGS_p_TCGA_b84_115_SNP_N_GenomeWideSNP_6_F08_771620	5	16517367	16522125	4	-0.8897
DUNGS_p_TCGA_b84_115_SNP_N_GenomeWideSNP_6_F08_771620	5	16522434	17030640	341	-0.0029
DUNGS_p_TCGA_b84_115_SNP_N_GenomeWideSNP_6_F08_771620	5	17030808	17040643	8	0.5475
DUNGS_p_TCGA_b84_115_SNP_N_GenomeWideSNP_6_F08_771620	5	17040764	17053520	8	0.2937
DUNGS_p_TCGA_b84_115_SNP_N_GenomeWideSNP_6_F08_771620	5	17053934	21370577	2614	0.004
DUNGS_p_TCGA_b84_115_SNP_N_GenomeWideSNP_6_F08_771620	5	21376844	21377853	3	-1.7154
DUNGS_p_TCGA_b84_115_SNP_N_GenomeWideSNP_6_F08_771620	5	21386066	21449276	45	0.0035
DUNGS_p_TCGA_b84_115_SNP_N_GenomeWideSNP_6_F08_771620	5	21451200	21452496	6	0.8003
DUNGS_p_TCGA_b84_115_SNP_N_GenomeWideSNP_6_F08_771620	5	21454939	26789496	3159	0.009
DUNGS_p_TCGA_b84_115_SNP_N_GenomeWideSNP_6_F08_771620	5	26797760	26807799	4	-0.8486
DUNGS_p_TCGA_b84_115_SNP_N_GenomeWideSNP_6_F08_771620	5	26807904	41561373	9751	0.0096
DUNGS_p_TCGA_b84_115_SNP_N_GenomeWideSNP_6_F08_771620	5	41564126	41564562	3	-1.1134
DUNGS_p_TCGA_b84_115_SNP_N_GenomeWideSNP_6_F08_771620	5	41571309	46271108	2122	4e-04
DUNGS_p_TCGA_b84_115_SNP_N_GenomeWideSNP_6_F08_771620	5	46271930	46273502	6	-2.2164
DUNGS_p_TCGA_b84_115_SNP_N_GenomeWideSNP_6_F08_771620	5	46278212	49716162	111	-0.0671
DUNGS_p_TCGA_b84_115_SNP_N_GenomeWideSNP_6_F08_771620	5	49718770	49743091	10	0.553
DUNGS_p_TCGA_b84_115_SNP_N_GenomeWideSNP_6_F08_771620	5	49745177	57326280	4966	0.0072
DUNGS_p_TCGA_b84_115_SNP_N_GenomeWideSNP_6_F08_771620	5	57329115	57330334	11	-0.5346
DUNGS_p_TCGA_b84_115_SNP_N_GenomeWideSNP_6_F08_771620	5	57331679	65522888	5088	-0.0016
DUNGS_p_TCGA_b84_115_SNP_N_GenomeWideSNP_6_F08_771620	5	65529512	65529662	2	-1.4038
DUNGS_p_TCGA_b84_115_SNP_N_GenomeWideSNP_6_F08_771620	5	65530497	68829347	2235	0.0208
DUNGS_p_TCGA_b84_115_SNP_N_GenomeWideSNP_6_F08_771620	5	68846303	69313673	9	0.969
DUNGS_p_TCGA_b84_115_SNP_N_GenomeWideSNP_6_F08_771620	5	69313688	81419278	6916	0.0159
DUNGS_p_TCGA_b84_115_SNP_N_GenomeWideSNP_6_F08_771620	5	81419290	81427482	2	-2.7817
DUNGS_p_TCGA_b84_115_SNP_N_GenomeWideSNP_6_F08_771620	5	81428038	86109509	2755	0.0057
DUNGS_p_TCGA_b84_115_SNP_N_GenomeWideSNP_6_F08_771620	5	86111756	86119146	4	-0.923
DUNGS_p_TCGA_b84_115_SNP_N_GenomeWideSNP_6_F08_771620	5	86121629	96911070	5882	0.0082
DUNGS_p_TCGA_b84_115_SNP_N_GenomeWideSNP_6_F08_771620	5	96911529	96917834	3	-0.9553
DUNGS_p_TCGA_b84_115_SNP_N_GenomeWideSNP_6_F08_771620	5	96917847	103851221	4015	-0.0115
DUNGS_p_TCGA_b84_115_SNP_N_GenomeWideSNP_6_F08_771620	5	103860373	103861049	5	1.0112
DUNGS_p_TCGA_b84_115_SNP_N_GenomeWideSNP_6_F08_771620	5	103861172	106227527	1409	-0.0049
DUNGS_p_TCGA_b84_115_SNP_N_GenomeWideSNP_6_F08_771620	5	106229673	106232516	8	-1.0676
DUNGS_p_TCGA_b84_115_SNP_N_GenomeWideSNP_6_F08_771620	5	106232531	106233100	11	-0.4241
DUNGS_p_TCGA_b84_115_SNP_N_GenomeWideSNP_6_F08_771620	5	106233117	120409159	9955	8e-04
DUNGS_p_TCGA_b84_115_SNP_N_GenomeWideSNP_6_F08_771620	5	120417166	120468807	28	-0.3302
DUNGS_p_TCGA_b84_115_SNP_N_GenomeWideSNP_6_F08_771620	5	120470656	120936357	318	0.0262
DUNGS_p_TCGA_b84_115_SNP_N_GenomeWideSNP_6_F08_771620	5	120936540	121020770	38	-0.269
DUNGS_p_TCGA_b84_115_SNP_N_GenomeWideSNP_6_F08_771620	5	121023290	126457615	3594	0.0035
DUNGS_p_TCGA_b84_115_SNP_N_GenomeWideSNP_6_F08_771620	5	126458126	126458317	2	-1.5749
DUNGS_p_TCGA_b84_115_SNP_N_GenomeWideSNP_6_F08_771620	5	126463639	150177097	14489	0.0168
DUNGS_p_TCGA_b84_115_SNP_N_GenomeWideSNP_6_F08_771620	5	150177708	150202205	10	-0.3129
DUNGS_p_TCGA_b84_115_SNP_N_GenomeWideSNP_6_F08_771620	5	150205500	150218604	8	-2.8585
DUNGS_p_TCGA_b84_115_SNP_N_GenomeWideSNP_6_F08_771620	5	150223387	155472133	3637	0.0183
DUNGS_p_TCGA_b84_115_SNP_N_GenomeWideSNP_6_F08_771620	5	155475099	155482574	16	-0.5191
DUNGS_p_TCGA_b84_115_SNP_N_GenomeWideSNP_6_F08_771620	5	155482715	159321020	2658	0.0153
DUNGS_p_TCGA_b84_115_SNP_N_GenomeWideSNP_6_F08_771620	5	159321697	159322169	2	-1.2941
DUNGS_p_TCGA_b84_115_SNP_N_GenomeWideSNP_6_F08_771620	5	159322223	160548155	852	0.009
DUNGS_p_TCGA_b84_115_SNP_N_GenomeWideSNP_6_F08_771620	5	160549698	160553410	4	-0.7291
DUNGS_p_TCGA_b84_115_SNP_N_GenomeWideSNP_6_F08_771620	5	160554141	174138706	9691	0.0233
DUNGS_p_TCGA_b84_115_SNP_N_GenomeWideSNP_6_F08_771620	5	174138836	174179962	17	0.4605
DUNGS_p_TCGA_b84_115_SNP_N_GenomeWideSNP_6_F08_771620	5	174180176	175460087	889	0.0126
DUNGS_p_TCGA_b84_115_SNP_N_GenomeWideSNP_6_F08_771620	5	175465689	175469507	2	-1.5416
DUNGS_p_TCGA_b84_115_SNP_N_GenomeWideSNP_6_F08_771620	5	175470324	177114164	716	0.07
DUNGS_p_TCGA_b84_115_SNP_N_GenomeWideSNP_6_F08_771620	5	177114462	177391977	41	0.4882
DUNGS_p_TCGA_b84_115_SNP_N_GenomeWideSNP_6_F08_771620	5	177392898	179082473	1035	0.0238
DUNGS_p_TCGA_b84_115_SNP_N_GenomeWideSNP_6_F08_771620	5	179082625	179105137	34	0.3633
DUNGS_p_TCGA_b84_115_SNP_N_GenomeWideSNP_6_F08_771620	5	179105152	180374523	720	0.0343
DUNGS_p_TCGA_b84_115_SNP_N_GenomeWideSNP_6_F08_771620	5	180378710	180418103	19	0.6206
DUNGS_p_TCGA_b84_115_SNP_N_GenomeWideSNP_6_F08_771620	5	180433225	180491474	46	0.2304
DUNGS_p_TCGA_b84_115_SNP_N_GenomeWideSNP_6_F08_771620	5	180492513	180510947	12	-0.4088
DUNGS_p_TCGA_b84_115_SNP_N_GenomeWideSNP_6_F08_771620	5	180512315	180790320	113	0.1702
DUNGS_p_TCGA_b84_115_SNP_N_GenomeWideSNP_6_F08_771620	6	149661	830957	577	0.0956
DUNGS_p_TCGA_b84_115_SNP_N_GenomeWideSNP_6_F08_771620	6	833041	855877	20	0.4558
DUNGS_p_TCGA_b84_115_SNP_N_GenomeWideSNP_6_F08_771620	6	855962	15500920	11518	0.0114
DUNGS_p_TCGA_b84_115_SNP_N_GenomeWideSNP_6_F08_771620	6	15500999	15523149	16	0.5194
DUNGS_p_TCGA_b84_115_SNP_N_GenomeWideSNP_6_F08_771620	6	15523709	19040119	2683	0.0182
DUNGS_p_TCGA_b84_115_SNP_N_GenomeWideSNP_6_F08_771620	6	19042181	19042818	3	-1.3224
DUNGS_p_TCGA_b84_115_SNP_N_GenomeWideSNP_6_F08_771620	6	19044702	23795695	3492	0.0034
DUNGS_p_TCGA_b84_115_SNP_N_GenomeWideSNP_6_F08_771620	6	23796178	23796196	2	-2.3643
DUNGS_p_TCGA_b84_115_SNP_N_GenomeWideSNP_6_F08_771620	6	23796212	24946671	784	0.0226
DUNGS_p_TCGA_b84_115_SNP_N_GenomeWideSNP_6_F08_771620	6	24947772	24947805	2	1.1033
DUNGS_p_TCGA_b84_115_SNP_N_GenomeWideSNP_6_F08_771620	6	24951199	24974837	38	0.0128
DUNGS_p_TCGA_b84_115_SNP_N_GenomeWideSNP_6_F08_771620	6	24975308	24975485	3	-1.0948
DUNGS_p_TCGA_b84_115_SNP_N_GenomeWideSNP_6_F08_771620	6	24975603	26732406	1163	0.0093
DUNGS_p_TCGA_b84_115_SNP_N_GenomeWideSNP_6_F08_771620	6	26737032	26762638	19	0.4554
DUNGS_p_TCGA_b84_115_SNP_N_GenomeWideSNP_6_F08_771620	6	26763081	29837187	1447	0.0288
DUNGS_p_TCGA_b84_115_SNP_N_GenomeWideSNP_6_F08_771620	6	29837188	29849267	15	0.3986
DUNGS_p_TCGA_b84_115_SNP_N_GenomeWideSNP_6_F08_771620	6	29850196	29850366	3	-0.1758
DUNGS_p_TCGA_b84_115_SNP_N_GenomeWideSNP_6_F08_771620	6	29850380	29899677	14	-0.5457
DUNGS_p_TCGA_b84_115_SNP_N_GenomeWideSNP_6_F08_771620	6	29901564	31280823	657	0.024
DUNGS_p_TCGA_b84_115_SNP_N_GenomeWideSNP_6_F08_771620	6	31286276	31295406	7	-1.205
DUNGS_p_TCGA_b84_115_SNP_N_GenomeWideSNP_6_F08_771620	6	31295953	32452929	513	0.0805
DUNGS_p_TCGA_b84_115_SNP_N_GenomeWideSNP_6_F08_771620	6	32454275	32573771	33	1.219
DUNGS_p_TCGA_b84_115_SNP_N_GenomeWideSNP_6_F08_771620	6	32574014	32650612	35	0.3379
DUNGS_p_TCGA_b84_115_SNP_N_GenomeWideSNP_6_F08_771620	6	32654640	32690027	44	-0.0472
DUNGS_p_TCGA_b84_115_SNP_N_GenomeWideSNP_6_F08_771620	6	32690797	32690830	3	1.0334
DUNGS_p_TCGA_b84_115_SNP_N_GenomeWideSNP_6_F08_771620	6	32692227	33932442	748	0.0186
DUNGS_p_TCGA_b84_115_SNP_N_GenomeWideSNP_6_F08_771620	6	33934128	33937999	14	0.4263
DUNGS_p_TCGA_b84_115_SNP_N_GenomeWideSNP_6_F08_771620	6	33938743	33942705	7	-0.7952
DUNGS_p_TCGA_b84_115_SNP_N_GenomeWideSNP_6_F08_771620	6	33944586	35751895	947	0.0307
DUNGS_p_TCGA_b84_115_SNP_N_GenomeWideSNP_6_F08_771620	6	35752268	35757299	6	0.7477
DUNGS_p_TCGA_b84_115_SNP_N_GenomeWideSNP_6_F08_771620	6	35769721	53924933	11979	0.0126
DUNGS_p_TCGA_b84_115_SNP_N_GenomeWideSNP_6_F08_771620	6	53924949	53931151	8	0.3863
DUNGS_p_TCGA_b84_115_SNP_N_GenomeWideSNP_6_F08_771620	6	53931230	53931855	6	1.5055
DUNGS_p_TCGA_b84_115_SNP_N_GenomeWideSNP_6_F08_771620	6	53935348	66353061	5037	-3e-04
DUNGS_p_TCGA_b84_115_SNP_N_GenomeWideSNP_6_F08_771620	6	66356639	66356757	2	-1.6
DUNGS_p_TCGA_b84_115_SNP_N_GenomeWideSNP_6_F08_771620	6	66357489	77436532	7273	0.0075
DUNGS_p_TCGA_b84_115_SNP_N_GenomeWideSNP_6_F08_771620	6	77439868	77468623	26	0.4159
DUNGS_p_TCGA_b84_115_SNP_N_GenomeWideSNP_6_F08_771620	6	77468638	78962889	975	0.002
DUNGS_p_TCGA_b84_115_SNP_N_GenomeWideSNP_6_F08_771620	6	78969065	79035185	113	0.4075
DUNGS_p_TCGA_b84_115_SNP_N_GenomeWideSNP_6_F08_771620	6	79039234	92379571	8456	3e-04
DUNGS_p_TCGA_b84_115_SNP_N_GenomeWideSNP_6_F08_771620	6	92380313	92382145	4	-1.1956
DUNGS_p_TCGA_b84_115_SNP_N_GenomeWideSNP_6_F08_771620	6	92386964	128825271	22437	0.0099
DUNGS_p_TCGA_b84_115_SNP_N_GenomeWideSNP_6_F08_771620	6	128828268	128829399	6	-0.8838
DUNGS_p_TCGA_b84_115_SNP_N_GenomeWideSNP_6_F08_771620	6	128830303	142232907	8870	0.0168
DUNGS_p_TCGA_b84_115_SNP_N_GenomeWideSNP_6_F08_771620	6	142235151	142235961	3	-0.957
DUNGS_p_TCGA_b84_115_SNP_N_GenomeWideSNP_6_F08_771620	6	142244191	153957370	8091	0.0078
DUNGS_p_TCGA_b84_115_SNP_N_GenomeWideSNP_6_F08_771620	6	153960786	153961419	2	-2.8922
DUNGS_p_TCGA_b84_115_SNP_N_GenomeWideSNP_6_F08_771620	6	153961899	153981130	16	-0.0905
DUNGS_p_TCGA_b84_115_SNP_N_GenomeWideSNP_6_F08_771620	6	153982350	153992921	3	-0.9953
DUNGS_p_TCGA_b84_115_SNP_N_GenomeWideSNP_6_F08_771620	6	153993697	158639835	2996	0.0157
DUNGS_p_TCGA_b84_115_SNP_N_GenomeWideSNP_6_F08_771620	6	158640371	158642607	16	0.4373
DUNGS_p_TCGA_b84_115_SNP_N_GenomeWideSNP_6_F08_771620	6	158642726	170919495	8937	0.0312
DUNGS_p_TCGA_b84_115_SNP_N_GenomeWideSNP_6_F08_771620	6	170982327	171051005	4	0.9399
DUNGS_p_TCGA_b84_115_SNP_N_GenomeWideSNP_6_F08_771620	7	43355	4412406	2307	0.045
DUNGS_p_TCGA_b84_115_SNP_N_GenomeWideSNP_6_F08_771620	7	4416948	4418872	7	-0.9213
DUNGS_p_TCGA_b84_115_SNP_N_GenomeWideSNP_6_F08_771620	7	4421461	5828036	716	0.0567
DUNGS_p_TCGA_b84_115_SNP_N_GenomeWideSNP_6_F08_771620	7	5828319	6039080	69	0.3336
DUNGS_p_TCGA_b84_115_SNP_N_GenomeWideSNP_6_F08_771620	7	6039129	12125292	4695	-0.0219
DUNGS_p_TCGA_b84_115_SNP_N_GenomeWideSNP_6_F08_771620	7	12126468	12129757	6	-0.6374
DUNGS_p_TCGA_b84_115_SNP_N_GenomeWideSNP_6_F08_771620	7	12129902	12194503	64	0.0109
DUNGS_p_TCGA_b84_115_SNP_N_GenomeWideSNP_6_F08_771620	7	12194589	12201693	3	-1.0034
DUNGS_p_TCGA_b84_115_SNP_N_GenomeWideSNP_6_F08_771620	7	12202266	13258229	777	-0.0129
DUNGS_p_TCGA_b84_115_SNP_N_GenomeWideSNP_6_F08_771620	7	13260840	13283854	23	-0.4047
DUNGS_p_TCGA_b84_115_SNP_N_GenomeWideSNP_6_F08_771620	7	13284400	20706069	6104	-0.0073
DUNGS_p_TCGA_b84_115_SNP_N_GenomeWideSNP_6_F08_771620	7	20710037	20710648	2	-1.5358
DUNGS_p_TCGA_b84_115_SNP_N_GenomeWideSNP_6_F08_771620	7	20719401	38286205	12689	0.0122
DUNGS_p_TCGA_b84_115_SNP_N_GenomeWideSNP_6_F08_771620	7	38286527	38331002	52	-0.2272
DUNGS_p_TCGA_b84_115_SNP_N_GenomeWideSNP_6_F08_771620	7	38331134	41914937	2420	0.0181
DUNGS_p_TCGA_b84_115_SNP_N_GenomeWideSNP_6_F08_771620	7	41915184	41915225	2	1.2775
DUNGS_p_TCGA_b84_115_SNP_N_GenomeWideSNP_6_F08_771620	7	41915576	45550962	2206	0.0094
DUNGS_p_TCGA_b84_115_SNP_N_GenomeWideSNP_6_F08_771620	7	45551861	45552381	2	-1.3347
DUNGS_p_TCGA_b84_115_SNP_N_GenomeWideSNP_6_F08_771620	7	45553146	53488554	5832	0.0092
DUNGS_p_TCGA_b84_115_SNP_N_GenomeWideSNP_6_F08_771620	7	53489674	53528329	15	-0.3558
DUNGS_p_TCGA_b84_115_SNP_N_GenomeWideSNP_6_F08_771620	7	53532910	53535814	3	-1.2482
DUNGS_p_TCGA_b84_115_SNP_N_GenomeWideSNP_6_F08_771620	7	53537843	54380373	618	-0.0079
DUNGS_p_TCGA_b84_115_SNP_N_GenomeWideSNP_6_F08_771620	7	54386505	54386517	6	2.6409
DUNGS_p_TCGA_b84_115_SNP_N_GenomeWideSNP_6_F08_771620	7	54393488	54562463	114	-0.0303
DUNGS_p_TCGA_b84_115_SNP_N_GenomeWideSNP_6_F08_771620	7	54562953	54563190	2	-1.2838
DUNGS_p_TCGA_b84_115_SNP_N_GenomeWideSNP_6_F08_771620	7	54564464	56761500	1457	0.0062
DUNGS_p_TCGA_b84_115_SNP_N_GenomeWideSNP_6_F08_771620	7	56762113	56768814	3	-2.5965
DUNGS_p_TCGA_b84_115_SNP_N_GenomeWideSNP_6_F08_771620	7	56772166	64568852	1564	0.047
DUNGS_p_TCGA_b84_115_SNP_N_GenomeWideSNP_6_F08_771620	7	64594065	64595698	6	0.9589
DUNGS_p_TCGA_b84_115_SNP_N_GenomeWideSNP_6_F08_771620	7	64637128	65261298	261	0.0764
DUNGS_p_TCGA_b84_115_SNP_N_GenomeWideSNP_6_F08_771620	7	65264524	65283868	10	0.7192
DUNGS_p_TCGA_b84_115_SNP_N_GenomeWideSNP_6_F08_771620	7	65292958	66690571	497	0.0075
DUNGS_p_TCGA_b84_115_SNP_N_GenomeWideSNP_6_F08_771620	7	66695108	66698934	2	-2.0506
DUNGS_p_TCGA_b84_115_SNP_N_GenomeWideSNP_6_F08_771620	7	66699784	79469544	6804	0.0193
DUNGS_p_TCGA_b84_115_SNP_N_GenomeWideSNP_6_F08_771620	7	79478962	79480150	2	-1.3717
DUNGS_p_TCGA_b84_115_SNP_N_GenomeWideSNP_6_F08_771620	7	79483530	91358314	7696	-0.008
DUNGS_p_TCGA_b84_115_SNP_N_GenomeWideSNP_6_F08_771620	7	91358540	91359591	9	-0.8039
DUNGS_p_TCGA_b84_115_SNP_N_GenomeWideSNP_6_F08_771620	7	91360990	98421864	4280	0.0224
DUNGS_p_TCGA_b84_115_SNP_N_GenomeWideSNP_6_F08_771620	7	98425440	98466021	14	0.435
DUNGS_p_TCGA_b84_115_SNP_N_GenomeWideSNP_6_F08_771620	7	98474774	100947572	984	0.0204
DUNGS_p_TCGA_b84_115_SNP_N_GenomeWideSNP_6_F08_771620	7	100954856	100991445	20	0.4582
DUNGS_p_TCGA_b84_115_SNP_N_GenomeWideSNP_6_F08_771620	7	100995632	105023183	2221	0.0191
DUNGS_p_TCGA_b84_115_SNP_N_GenomeWideSNP_6_F08_771620	7	105026147	105138994	49	0.2401
DUNGS_p_TCGA_b84_115_SNP_N_GenomeWideSNP_6_F08_771620	7	105143730	109441960	2867	0.0111
DUNGS_p_TCGA_b84_115_SNP_N_GenomeWideSNP_6_F08_771620	7	109453713	109453858	5	-0.8341
DUNGS_p_TCGA_b84_115_SNP_N_GenomeWideSNP_6_F08_771620	7	109453910	127928708	11339	0.0097
DUNGS_p_TCGA_b84_115_SNP_N_GenomeWideSNP_6_F08_771620	7	127928829	127931439	13	0.549
DUNGS_p_TCGA_b84_115_SNP_N_GenomeWideSNP_6_F08_771620	7	127940669	140195001	7568	0.028
DUNGS_p_TCGA_b84_115_SNP_N_GenomeWideSNP_6_F08_771620	7	140197091	140206602	10	0.5413
DUNGS_p_TCGA_b84_115_SNP_N_GenomeWideSNP_6_F08_771620	7	140206619	141028746	628	-0.0025
DUNGS_p_TCGA_b84_115_SNP_N_GenomeWideSNP_6_F08_771620	7	141030390	141030804	2	-1.7401
DUNGS_p_TCGA_b84_115_SNP_N_GenomeWideSNP_6_F08_771620	7	141031540	141760830	446	0.0066
DUNGS_p_TCGA_b84_115_SNP_N_GenomeWideSNP_6_F08_771620	7	141761874	141787628	35	-0.6407
DUNGS_p_TCGA_b84_115_SNP_N_GenomeWideSNP_6_F08_771620	7	141787646	142474939	461	-0.0025
DUNGS_p_TCGA_b84_115_SNP_N_GenomeWideSNP_6_F08_771620	7	142476719	142486345	29	0.6839
DUNGS_p_TCGA_b84_115_SNP_N_GenomeWideSNP_6_F08_771620	7	142486495	143218858	467	0.0251
DUNGS_p_TCGA_b84_115_SNP_N_GenomeWideSNP_6_F08_771620	7	143218968	143408430	33	0.7848
DUNGS_p_TCGA_b84_115_SNP_N_GenomeWideSNP_6_F08_771620	7	143425378	143431034	17	0.1911
DUNGS_p_TCGA_b84_115_SNP_N_GenomeWideSNP_6_F08_771620	7	143444216	143568059	51	0.743
DUNGS_p_TCGA_b84_115_SNP_N_GenomeWideSNP_6_F08_771620	7	143572166	153266334	6008	0.0248
DUNGS_p_TCGA_b84_115_SNP_N_GenomeWideSNP_6_F08_771620	7	153267251	153320697	56	-0.2044
DUNGS_p_TCGA_b84_115_SNP_N_GenomeWideSNP_6_F08_771620	7	153324592	157692304	3046	0.0411
DUNGS_p_TCGA_b84_115_SNP_N_GenomeWideSNP_6_F08_771620	7	157694028	157696074	2	1.3487
DUNGS_p_TCGA_b84_115_SNP_N_GenomeWideSNP_6_F08_771620	7	157696086	159127004	905	0.1011
DUNGS_p_TCGA_b84_115_SNP_N_GenomeWideSNP_6_F08_771620	8	31254	593041	327	0.0981
DUNGS_p_TCGA_b84_115_SNP_N_GenomeWideSNP_6_F08_771620	8	594944	595908	10	2.3059
DUNGS_p_TCGA_b84_115_SNP_N_GenomeWideSNP_6_F08_771620	8	601043	655828	43	0.1612
DUNGS_p_TCGA_b84_115_SNP_N_GenomeWideSNP_6_F08_771620	8	655913	656459	3	-0.9558
DUNGS_p_TCGA_b84_115_SNP_N_GenomeWideSNP_6_F08_771620	8	657650	887943	140	0.0111
DUNGS_p_TCGA_b84_115_SNP_N_GenomeWideSNP_6_F08_771620	8	892565	909400	9	0.5344
DUNGS_p_TCGA_b84_115_SNP_N_GenomeWideSNP_6_F08_771620	8	916042	970142	33	0.063
DUNGS_p_TCGA_b84_115_SNP_N_GenomeWideSNP_6_F08_771620	8	970227	983459	11	0.6041
DUNGS_p_TCGA_b84_115_SNP_N_GenomeWideSNP_6_F08_771620	8	986811	2081951	921	0.0344
DUNGS_p_TCGA_b84_115_SNP_N_GenomeWideSNP_6_F08_771620	8	2081992	2082077	4	-1.4607
DUNGS_p_TCGA_b84_115_SNP_N_GenomeWideSNP_6_F08_771620	8	2082186	2247827	150	0.1118
DUNGS_p_TCGA_b84_115_SNP_N_GenomeWideSNP_6_F08_771620	8	2254638	2259223	10	-0.921
DUNGS_p_TCGA_b84_115_SNP_N_GenomeWideSNP_6_F08_771620	8	2259329	2549517	290	0.0254
DUNGS_p_TCGA_b84_115_SNP_N_GenomeWideSNP_6_F08_771620	8	2549981	2553354	4	-1.2726
DUNGS_p_TCGA_b84_115_SNP_N_GenomeWideSNP_6_F08_771620	8	2555043	2906868	361	-0.0269
DUNGS_p_TCGA_b84_115_SNP_N_GenomeWideSNP_6_F08_771620	8	2908890	2909038	2	1.5506
DUNGS_p_TCGA_b84_115_SNP_N_GenomeWideSNP_6_F08_771620	8	2911314	4002068	1475	-0.0221
DUNGS_p_TCGA_b84_115_SNP_N_GenomeWideSNP_6_F08_771620	8	4002192	4002229	3	1.2563
DUNGS_p_TCGA_b84_115_SNP_N_GenomeWideSNP_6_F08_771620	8	4002316	4010007	39	0.2131
DUNGS_p_TCGA_b84_115_SNP_N_GenomeWideSNP_6_F08_771620	8	4011230	5868800	2634	-0.0276
DUNGS_p_TCGA_b84_115_SNP_N_GenomeWideSNP_6_F08_771620	8	5868845	5872844	8	-0.7911
DUNGS_p_TCGA_b84_115_SNP_N_GenomeWideSNP_6_F08_771620	8	5873093	7215726	1369	0.0272
DUNGS_p_TCGA_b84_115_SNP_N_GenomeWideSNP_6_F08_771620	8	7215742	7238019	18	-1.1241
DUNGS_p_TCGA_b84_115_SNP_N_GenomeWideSNP_6_F08_771620	8	7250380	8385797	505	0.1169
DUNGS_p_TCGA_b84_115_SNP_N_GenomeWideSNP_6_F08_771620	8	8386150	8386442	4	-1.8015
DUNGS_p_TCGA_b84_115_SNP_N_GenomeWideSNP_6_F08_771620	8	8388307	9100949	677	0.0319
DUNGS_p_TCGA_b84_115_SNP_N_GenomeWideSNP_6_F08_771620	8	9101457	9156327	54	0.3603
DUNGS_p_TCGA_b84_115_SNP_N_GenomeWideSNP_6_F08_771620	8	9156468	12162739	2214	0.029
DUNGS_p_TCGA_b84_115_SNP_N_GenomeWideSNP_6_F08_771620	8	12162782	12232281	9	-0.3374
DUNGS_p_TCGA_b84_115_SNP_N_GenomeWideSNP_6_F08_771620	8	12232416	12239835	8	-1.4204
DUNGS_p_TCGA_b84_115_SNP_N_GenomeWideSNP_6_F08_771620	8	12240162	12291824	44	-0.0186
DUNGS_p_TCGA_b84_115_SNP_N_GenomeWideSNP_6_F08_771620	8	12304112	12311638	6	-0.9081
DUNGS_p_TCGA_b84_115_SNP_N_GenomeWideSNP_6_F08_771620	8	12321897	24147163	9829	0.0045
DUNGS_p_TCGA_b84_115_SNP_N_GenomeWideSNP_6_F08_771620	8	24148130	24151066	2	-1.2365
DUNGS_p_TCGA_b84_115_SNP_N_GenomeWideSNP_6_F08_771620	8	24151508	24979554	663	0.0209
DUNGS_p_TCGA_b84_115_SNP_N_GenomeWideSNP_6_F08_771620	8	24979904	24979987	7	-1.2499
DUNGS_p_TCGA_b84_115_SNP_N_GenomeWideSNP_6_F08_771620	8	24984069	32678866	5463	0.0054
DUNGS_p_TCGA_b84_115_SNP_N_GenomeWideSNP_6_F08_771620	8	32683098	32688413	8	1.7002
DUNGS_p_TCGA_b84_115_SNP_N_GenomeWideSNP_6_F08_771620	8	32692106	35231942	1444	0.0221
DUNGS_p_TCGA_b84_115_SNP_N_GenomeWideSNP_6_F08_771620	8	35234651	35235378	2	-1.267
DUNGS_p_TCGA_b84_115_SNP_N_GenomeWideSNP_6_F08_771620	8	35238871	37308772	1194	0.0113
DUNGS_p_TCGA_b84_115_SNP_N_GenomeWideSNP_6_F08_771620	8	37309249	37309516	2	-1.2993
DUNGS_p_TCGA_b84_115_SNP_N_GenomeWideSNP_6_F08_771620	8	37309527	38279398	417	0.0169
DUNGS_p_TCGA_b84_115_SNP_N_GenomeWideSNP_6_F08_771620	8	38279428	38290509	15	0.3509
DUNGS_p_TCGA_b84_115_SNP_N_GenomeWideSNP_6_F08_771620	8	38291087	38312792	20	-0.0037
DUNGS_p_TCGA_b84_115_SNP_N_GenomeWideSNP_6_F08_771620	8	38312917	38337232	58	0.2926
DUNGS_p_TCGA_b84_115_SNP_N_GenomeWideSNP_6_F08_771620	8	38341616	39246675	434	-0.0024
DUNGS_p_TCGA_b84_115_SNP_N_GenomeWideSNP_6_F08_771620	8	39247111	39384124	53	-0.3573
DUNGS_p_TCGA_b84_115_SNP_N_GenomeWideSNP_6_F08_771620	8	39384700	47095700	2654	0.0209
DUNGS_p_TCGA_b84_115_SNP_N_GenomeWideSNP_6_F08_771620	8	47097321	47110475	5	0.7719
DUNGS_p_TCGA_b84_115_SNP_N_GenomeWideSNP_6_F08_771620	8	47115069	50511513	1623	0.0056
DUNGS_p_TCGA_b84_115_SNP_N_GenomeWideSNP_6_F08_771620	8	50518283	50530732	11	-0.5676
DUNGS_p_TCGA_b84_115_SNP_N_GenomeWideSNP_6_F08_771620	8	50532823	54064519	2286	0.0166
DUNGS_p_TCGA_b84_115_SNP_N_GenomeWideSNP_6_F08_771620	8	54065232	54073947	5	-0.7807
DUNGS_p_TCGA_b84_115_SNP_N_GenomeWideSNP_6_F08_771620	8	54074373	72212365	11349	0.0155
DUNGS_p_TCGA_b84_115_SNP_N_GenomeWideSNP_6_F08_771620	8	72215311	72216434	7	-0.7635
DUNGS_p_TCGA_b84_115_SNP_N_GenomeWideSNP_6_F08_771620	8	72216501	79174499	4452	0.0121
DUNGS_p_TCGA_b84_115_SNP_N_GenomeWideSNP_6_F08_771620	8	79178614	79185324	5	-0.9017
DUNGS_p_TCGA_b84_115_SNP_N_GenomeWideSNP_6_F08_771620	8	79188614	95558115	9402	0.0109
DUNGS_p_TCGA_b84_115_SNP_N_GenomeWideSNP_6_F08_771620	8	95559092	95559832	4	-1.1878
DUNGS_p_TCGA_b84_115_SNP_N_GenomeWideSNP_6_F08_771620	8	95560052	133762637	24844	0.0133
DUNGS_p_TCGA_b84_115_SNP_N_GenomeWideSNP_6_F08_771620	8	133765496	133765572	2	-1.4242
DUNGS_p_TCGA_b84_115_SNP_N_GenomeWideSNP_6_F08_771620	8	133766981	134172930	385	0.0352
DUNGS_p_TCGA_b84_115_SNP_N_GenomeWideSNP_6_F08_771620	8	134172943	134185523	32	0.3312
DUNGS_p_TCGA_b84_115_SNP_N_GenomeWideSNP_6_F08_771620	8	134187053	143454461	7020	0.0371
DUNGS_p_TCGA_b84_115_SNP_N_GenomeWideSNP_6_F08_771620	8	143457366	143491547	22	0.509
DUNGS_p_TCGA_b84_115_SNP_N_GenomeWideSNP_6_F08_771620	8	143491733	144284479	301	0.0303
DUNGS_p_TCGA_b84_115_SNP_N_GenomeWideSNP_6_F08_771620	8	144290410	144309998	13	0.6178
DUNGS_p_TCGA_b84_115_SNP_N_GenomeWideSNP_6_F08_771620	8	144310013	144384688	31	-0.0048
DUNGS_p_TCGA_b84_115_SNP_N_GenomeWideSNP_6_F08_771620	8	144385803	144392930	5	-0.5117
DUNGS_p_TCGA_b84_115_SNP_N_GenomeWideSNP_6_F08_771620	8	144393459	144692333	83	0.0028
DUNGS_p_TCGA_b84_115_SNP_N_GenomeWideSNP_6_F08_771620	8	144693850	144728998	21	0.4813
DUNGS_p_TCGA_b84_115_SNP_N_GenomeWideSNP_6_F08_771620	8	144729639	145243346	144	0.0452
DUNGS_p_TCGA_b84_115_SNP_N_GenomeWideSNP_6_F08_771620	8	145245631	146103375	237	0.2863
DUNGS_p_TCGA_b84_115_SNP_N_GenomeWideSNP_6_F08_771620	8	146105147	146298155	118	0.0723
DUNGS_p_TCGA_b84_115_SNP_N_GenomeWideSNP_6_F08_771620	9	46587	589252	479	0.0545
DUNGS_p_TCGA_b84_115_SNP_N_GenomeWideSNP_6_F08_771620	9	591967	607901	44	-1.005
DUNGS_p_TCGA_b84_115_SNP_N_GenomeWideSNP_6_F08_771620	9	607937	6399538	5643	0.0024
DUNGS_p_TCGA_b84_115_SNP_N_GenomeWideSNP_6_F08_771620	9	6399588	6401182	3	-4.9249
DUNGS_p_TCGA_b84_115_SNP_N_GenomeWideSNP_6_F08_771620	9	6401361	6770534	269	0.0566
DUNGS_p_TCGA_b84_115_SNP_N_GenomeWideSNP_6_F08_771620	9	6770741	6770744	2	-2.7966
DUNGS_p_TCGA_b84_115_SNP_N_GenomeWideSNP_6_F08_771620	9	6771267	6993811	197	-0.057
DUNGS_p_TCGA_b84_115_SNP_N_GenomeWideSNP_6_F08_771620	9	6993827	6993848	2	-1.2913
DUNGS_p_TCGA_b84_115_SNP_N_GenomeWideSNP_6_F08_771620	9	6994399	9803068	2728	-0.0172
DUNGS_p_TCGA_b84_115_SNP_N_GenomeWideSNP_6_F08_771620	9	9803112	9820137	27	0.3253
DUNGS_p_TCGA_b84_115_SNP_N_GenomeWideSNP_6_F08_771620	9	9820269	10403105	602	-0.0112
DUNGS_p_TCGA_b84_115_SNP_N_GenomeWideSNP_6_F08_771620	9	10404138	10404986	2	1.2434
DUNGS_p_TCGA_b84_115_SNP_N_GenomeWideSNP_6_F08_771620	9	10407943	10741198	356	-0.0214
DUNGS_p_TCGA_b84_115_SNP_N_GenomeWideSNP_6_F08_771620	9	10743436	10743871	2	1.4762
DUNGS_p_TCGA_b84_115_SNP_N_GenomeWideSNP_6_F08_771620	9	10744135	11837866	821	-0.0541
DUNGS_p_TCGA_b84_115_SNP_N_GenomeWideSNP_6_F08_771620	9	11839399	11839805	2	-1.8299
DUNGS_p_TCGA_b84_115_SNP_N_GenomeWideSNP_6_F08_771620	9	11839832	25326544	10746	-0.0039
DUNGS_p_TCGA_b84_115_SNP_N_GenomeWideSNP_6_F08_771620	9	25326899	25352691	19	-0.4095
DUNGS_p_TCGA_b84_115_SNP_N_GenomeWideSNP_6_F08_771620	9	25353053	28287329	2308	-0.0068
DUNGS_p_TCGA_b84_115_SNP_N_GenomeWideSNP_6_F08_771620	9	28288067	28290685	2	-1.2794
DUNGS_p_TCGA_b84_115_SNP_N_GenomeWideSNP_6_F08_771620	9	28290716	29090446	583	-0.0623
DUNGS_p_TCGA_b84_115_SNP_N_GenomeWideSNP_6_F08_771620	9	29091097	29101432	6	-0.6389
DUNGS_p_TCGA_b84_115_SNP_N_GenomeWideSNP_6_F08_771620	9	29105290	41985187	6552	0.0233
DUNGS_p_TCGA_b84_115_SNP_N_GenomeWideSNP_6_F08_771620	9	42023107	42024172	3	-1.9531
DUNGS_p_TCGA_b84_115_SNP_N_GenomeWideSNP_6_F08_771620	9	42065266	43583463	34	0.0933
DUNGS_p_TCGA_b84_115_SNP_N_GenomeWideSNP_6_F08_771620	9	43602726	43790346	27	-0.4281
DUNGS_p_TCGA_b84_115_SNP_N_GenomeWideSNP_6_F08_771620	9	43800186	44629223	50	-0.0157
DUNGS_p_TCGA_b84_115_SNP_N_GenomeWideSNP_6_F08_771620	9	44727859	44827045	31	0.6146
DUNGS_p_TCGA_b84_115_SNP_N_GenomeWideSNP_6_F08_771620	9	44830239	66550353	112	0.1258
DUNGS_p_TCGA_b84_115_SNP_N_GenomeWideSNP_6_F08_771620	9	66572898	66665811	3	-1.4403
DUNGS_p_TCGA_b84_115_SNP_N_GenomeWideSNP_6_F08_771620	9	66676144	68759612	128	0.0791
DUNGS_p_TCGA_b84_115_SNP_N_GenomeWideSNP_6_F08_771620	9	68781852	68837844	11	-0.6984
DUNGS_p_TCGA_b84_115_SNP_N_GenomeWideSNP_6_F08_771620	9	68995234	69977431	118	0.0207
DUNGS_p_TCGA_b84_115_SNP_N_GenomeWideSNP_6_F08_771620	9	69977484	71006575	22	0.3363
DUNGS_p_TCGA_b84_115_SNP_N_GenomeWideSNP_6_F08_771620	9	71009107	72028574	862	0.0217
DUNGS_p_TCGA_b84_115_SNP_N_GenomeWideSNP_6_F08_771620	9	72032393	72048477	21	0.7364
DUNGS_p_TCGA_b84_115_SNP_N_GenomeWideSNP_6_F08_771620	9	72049028	82980562	7888	0.0198
DUNGS_p_TCGA_b84_115_SNP_N_GenomeWideSNP_6_F08_771620	9	82982395	82984491	6	-0.9915
DUNGS_p_TCGA_b84_115_SNP_N_GenomeWideSNP_6_F08_771620	9	82985726	86513271	2455	0.008
DUNGS_p_TCGA_b84_115_SNP_N_GenomeWideSNP_6_F08_771620	9	86514455	86517540	6	0.9461
DUNGS_p_TCGA_b84_115_SNP_N_GenomeWideSNP_6_F08_771620	9	86518278	90011228	2524	0.0215
DUNGS_p_TCGA_b84_115_SNP_N_GenomeWideSNP_6_F08_771620	9	90011523	90018791	9	0.5962
DUNGS_p_TCGA_b84_115_SNP_N_GenomeWideSNP_6_F08_771620	9	90019633	93682133	2600	0.0241
DUNGS_p_TCGA_b84_115_SNP_N_GenomeWideSNP_6_F08_771620	9	93682202	93684062	2	1.1909
DUNGS_p_TCGA_b84_115_SNP_N_GenomeWideSNP_6_F08_771620	9	93684679	105796898	7975	0.0098
DUNGS_p_TCGA_b84_115_SNP_N_GenomeWideSNP_6_F08_771620	9	105797021	105798653	6	-0.7241
DUNGS_p_TCGA_b84_115_SNP_N_GenomeWideSNP_6_F08_771620	9	105799664	107162167	979	0.0139
DUNGS_p_TCGA_b84_115_SNP_N_GenomeWideSNP_6_F08_771620	9	107162753	107172914	9	-0.5223
DUNGS_p_TCGA_b84_115_SNP_N_GenomeWideSNP_6_F08_771620	9	107180686	111314741	3233	0.0164
DUNGS_p_TCGA_b84_115_SNP_N_GenomeWideSNP_6_F08_771620	9	111315033	111342144	28	-0.8352
DUNGS_p_TCGA_b84_115_SNP_N_GenomeWideSNP_6_F08_771620	9	111343154	129610419	13343	0.0159
DUNGS_p_TCGA_b84_115_SNP_N_GenomeWideSNP_6_F08_771620	9	129612092	129655746	25	0.4179
DUNGS_p_TCGA_b84_115_SNP_N_GenomeWideSNP_6_F08_771620	9	129658638	136182510	3795	0.007
DUNGS_p_TCGA_b84_115_SNP_N_GenomeWideSNP_6_F08_771620	9	136182525	136182785	5	1.4448
DUNGS_p_TCGA_b84_115_SNP_N_GenomeWideSNP_6_F08_771620	9	136183106	138217857	1186	0.0216
DUNGS_p_TCGA_b84_115_SNP_N_GenomeWideSNP_6_F08_771620	9	138218732	138306350	66	0.2688
DUNGS_p_TCGA_b84_115_SNP_N_GenomeWideSNP_6_F08_771620	9	138308725	139051872	332	0.0232
DUNGS_p_TCGA_b84_115_SNP_N_GenomeWideSNP_6_F08_771620	9	139052984	139134981	28	0.3526
DUNGS_p_TCGA_b84_115_SNP_N_GenomeWideSNP_6_F08_771620	9	139135228	140234409	266	0.0538
DUNGS_p_TCGA_b84_115_SNP_N_GenomeWideSNP_6_F08_771620	9	140250818	140255833	8	1.1427
DUNGS_p_TCGA_b84_115_SNP_N_GenomeWideSNP_6_F08_771620	9	140273003	140283341	5	0.4041
DUNGS_p_TCGA_b84_115_SNP_N_GenomeWideSNP_6_F08_771620	9	140290789	140390615	36	-0.0341
DUNGS_p_TCGA_b84_115_SNP_N_GenomeWideSNP_6_F08_771620	9	140401161	140458408	19	0.3042
DUNGS_p_TCGA_b84_115_SNP_N_GenomeWideSNP_6_F08_771620	9	140466816	140760661	153	0.032
DUNGS_p_TCGA_b84_115_SNP_N_GenomeWideSNP_6_F08_771620	9	140760786	140781453	8	0.5574
DUNGS_p_TCGA_b84_115_SNP_N_GenomeWideSNP_6_F08_771620	9	140792648	141091394	192	0.1912
DUNGS_p_TCGA_b84_115_SNP_N_GenomeWideSNP_6_F08_771620	10	72759	496025	232	0.0286
DUNGS_p_TCGA_b84_115_SNP_N_GenomeWideSNP_6_F08_771620	10	496831	542167	37	0.443
DUNGS_p_TCGA_b84_115_SNP_N_GenomeWideSNP_6_F08_771620	10	544349	4436442	3518	0.0385
DUNGS_p_TCGA_b84_115_SNP_N_GenomeWideSNP_6_F08_771620	10	4437173	4439686	7	-0.9494
DUNGS_p_TCGA_b84_115_SNP_N_GenomeWideSNP_6_F08_771620	10	4443829	11154321	5747	0.0171
DUNGS_p_TCGA_b84_115_SNP_N_GenomeWideSNP_6_F08_771620	10	11156115	11156538	4	-0.8939
DUNGS_p_TCGA_b84_115_SNP_N_GenomeWideSNP_6_F08_771620	10	11157173	12293184	753	0.0108
DUNGS_p_TCGA_b84_115_SNP_N_GenomeWideSNP_6_F08_771620	10	12296450	12297565	7	-1.1036
DUNGS_p_TCGA_b84_115_SNP_N_GenomeWideSNP_6_F08_771620	10	12299032	16467242	3512	0.0223
DUNGS_p_TCGA_b84_115_SNP_N_GenomeWideSNP_6_F08_771620	10	16470893	16477106	4	-1.1094
DUNGS_p_TCGA_b84_115_SNP_N_GenomeWideSNP_6_F08_771620	10	16477166	17522442	892	0.0238
DUNGS_p_TCGA_b84_115_SNP_N_GenomeWideSNP_6_F08_771620	10	17522683	17530513	8	-0.6598
DUNGS_p_TCGA_b84_115_SNP_N_GenomeWideSNP_6_F08_771620	10	17533285	24377679	4547	0.0201
DUNGS_p_TCGA_b84_115_SNP_N_GenomeWideSNP_6_F08_771620	10	24377680	24380660	11	-0.8503
DUNGS_p_TCGA_b84_115_SNP_N_GenomeWideSNP_6_F08_771620	10	24380683	25595373	809	0.0131
DUNGS_p_TCGA_b84_115_SNP_N_GenomeWideSNP_6_F08_771620	10	25597308	25600208	2	-1.9326
DUNGS_p_TCGA_b84_115_SNP_N_GenomeWideSNP_6_F08_771620	10	25601033	27223903	1178	0.0205
DUNGS_p_TCGA_b84_115_SNP_N_GenomeWideSNP_6_F08_771620	10	27225904	27227724	7	-1.0723
DUNGS_p_TCGA_b84_115_SNP_N_GenomeWideSNP_6_F08_771620	10	27227765	47771030	10706	0.029
DUNGS_p_TCGA_b84_115_SNP_N_GenomeWideSNP_6_F08_771620	10	47897394	47913401	3	-1.8565
DUNGS_p_TCGA_b84_115_SNP_N_GenomeWideSNP_6_F08_771620	10	47948060	48883402	295	0.0475
DUNGS_p_TCGA_b84_115_SNP_N_GenomeWideSNP_6_F08_771620	10	48902376	49082219	11	-0.5779
DUNGS_p_TCGA_b84_115_SNP_N_GenomeWideSNP_6_F08_771620	10	49082570	51197138	1363	0.0148
DUNGS_p_TCGA_b84_115_SNP_N_GenomeWideSNP_6_F08_771620	10	51231576	51335029	2	1.5179
DUNGS_p_TCGA_b84_115_SNP_N_GenomeWideSNP_6_F08_771620	10	51397071	51830360	98	0.1198
DUNGS_p_TCGA_b84_115_SNP_N_GenomeWideSNP_6_F08_771620	10	51840984	51903768	5	0.8509
DUNGS_p_TCGA_b84_115_SNP_N_GenomeWideSNP_6_F08_771620	10	51910598	67307923	11032	0.0065
DUNGS_p_TCGA_b84_115_SNP_N_GenomeWideSNP_6_F08_771620	10	67307936	67326066	31	0.4353
DUNGS_p_TCGA_b84_115_SNP_N_GenomeWideSNP_6_F08_771620	10	67326147	73491512	4333	0.0262
DUNGS_p_TCGA_b84_115_SNP_N_GenomeWideSNP_6_F08_771620	10	73493525	73501556	13	0.4119
DUNGS_p_TCGA_b84_115_SNP_N_GenomeWideSNP_6_F08_771620	10	73505636	80689109	4448	0.0152
DUNGS_p_TCGA_b84_115_SNP_N_GenomeWideSNP_6_F08_771620	10	80693216	80751915	35	0.272
DUNGS_p_TCGA_b84_115_SNP_N_GenomeWideSNP_6_F08_771620	10	80752128	105168026	15578	0.0212
DUNGS_p_TCGA_b84_115_SNP_N_GenomeWideSNP_6_F08_771620	10	105169705	105185818	11	0.5429
DUNGS_p_TCGA_b84_115_SNP_N_GenomeWideSNP_6_F08_771620	10	105187746	122770663	12573	0.0107
DUNGS_p_TCGA_b84_115_SNP_N_GenomeWideSNP_6_F08_771620	10	122770678	122771408	6	-2.1982
DUNGS_p_TCGA_b84_115_SNP_N_GenomeWideSNP_6_F08_771620	10	122771505	122777498	13	-0.6737
DUNGS_p_TCGA_b84_115_SNP_N_GenomeWideSNP_6_F08_771620	10	122789542	122972398	211	-0.0032
DUNGS_p_TCGA_b84_115_SNP_N_GenomeWideSNP_6_F08_771620	10	122972427	122972439	2	-0.928
DUNGS_p_TCGA_b84_115_SNP_N_GenomeWideSNP_6_F08_771620	10	122976276	123442971	533	0.025
DUNGS_p_TCGA_b84_115_SNP_N_GenomeWideSNP_6_F08_771620	10	123442999	123459447	15	0.3829
DUNGS_p_TCGA_b84_115_SNP_N_GenomeWideSNP_6_F08_771620	10	123459523	124332296	648	0.0087
DUNGS_p_TCGA_b84_115_SNP_N_GenomeWideSNP_6_F08_771620	10	124334013	124351013	9	0.7651
DUNGS_p_TCGA_b84_115_SNP_N_GenomeWideSNP_6_F08_771620	10	124356812	135506704	7927	0.0371
DUNGS_p_TCGA_b84_115_SNP_N_GenomeWideSNP_6_F08_771620	11	198510	1649887	490	0.068
DUNGS_p_TCGA_b84_115_SNP_N_GenomeWideSNP_6_F08_771620	11	1650047	1653568	5	0.6021
DUNGS_p_TCGA_b84_115_SNP_N_GenomeWideSNP_6_F08_771620	11	1654565	4964103	1974	0.0369
DUNGS_p_TCGA_b84_115_SNP_N_GenomeWideSNP_6_F08_771620	11	4964193	4968117	11	-0.3827
DUNGS_p_TCGA_b84_115_SNP_N_GenomeWideSNP_6_F08_771620	11	4968510	4975675	27	-1.548
DUNGS_p_TCGA_b84_115_SNP_N_GenomeWideSNP_6_F08_771620	11	4975705	18940856	10265	0.0149
DUNGS_p_TCGA_b84_115_SNP_N_GenomeWideSNP_6_F08_771620	11	18940870	18961178	41	0.8085
DUNGS_p_TCGA_b84_115_SNP_N_GenomeWideSNP_6_F08_771620	11	18961281	18970705	21	0.4306
DUNGS_p_TCGA_b84_115_SNP_N_GenomeWideSNP_6_F08_771620	11	18970748	29500500	7905	0.0078
DUNGS_p_TCGA_b84_115_SNP_N_GenomeWideSNP_6_F08_771620	11	29501022	29501275	3	-1.111
DUNGS_p_TCGA_b84_115_SNP_N_GenomeWideSNP_6_F08_771620	11	29502153	51564427	13714	0.0108
DUNGS_p_TCGA_b84_115_SNP_N_GenomeWideSNP_6_F08_771620	11	54701645	54758291	4	1.0459
DUNGS_p_TCGA_b84_115_SNP_N_GenomeWideSNP_6_F08_771620	11	54773893	65258917	5676	0.0179
DUNGS_p_TCGA_b84_115_SNP_N_GenomeWideSNP_6_F08_771620	11	65270915	65336819	22	0.5758
DUNGS_p_TCGA_b84_115_SNP_N_GenomeWideSNP_6_F08_771620	11	65336961	79967513	7909	0.0285
DUNGS_p_TCGA_b84_115_SNP_N_GenomeWideSNP_6_F08_771620	11	79967548	79967564	2	-1.9113
DUNGS_p_TCGA_b84_115_SNP_N_GenomeWideSNP_6_F08_771620	11	79967686	93698161	9471	0.005
DUNGS_p_TCGA_b84_115_SNP_N_GenomeWideSNP_6_F08_771620	11	93698201	93701588	6	-0.9492
DUNGS_p_TCGA_b84_115_SNP_N_GenomeWideSNP_6_F08_771620	11	93704460	99559794	4203	0.0056
DUNGS_p_TCGA_b84_115_SNP_N_GenomeWideSNP_6_F08_771620	11	99560438	99562908	2	-1.3007
DUNGS_p_TCGA_b84_115_SNP_N_GenomeWideSNP_6_F08_771620	11	99564072	124771531	17690	0.0123
DUNGS_p_TCGA_b84_115_SNP_N_GenomeWideSNP_6_F08_771620	11	124775987	124777418	3	-0.9911
DUNGS_p_TCGA_b84_115_SNP_N_GenomeWideSNP_6_F08_771620	11	124788668	125091568	233	0.0452
DUNGS_p_TCGA_b84_115_SNP_N_GenomeWideSNP_6_F08_771620	11	125095117	125095599	6	-0.7283
DUNGS_p_TCGA_b84_115_SNP_N_GenomeWideSNP_6_F08_771620	11	125097732	134944770	7545	0.0329
DUNGS_p_TCGA_b84_115_SNP_N_GenomeWideSNP_6_F08_771620	12	150442	869198	420	0.1265
DUNGS_p_TCGA_b84_115_SNP_N_GenomeWideSNP_6_F08_771620	12	869263	874029	16	-0.8244
DUNGS_p_TCGA_b84_115_SNP_N_GenomeWideSNP_6_F08_771620	12	875354	1589463	405	0.0368
DUNGS_p_TCGA_b84_115_SNP_N_GenomeWideSNP_6_F08_771620	12	1590515	1661143	43	0.2991
DUNGS_p_TCGA_b84_115_SNP_N_GenomeWideSNP_6_F08_771620	12	1661953	6992220	4040	0.0343
DUNGS_p_TCGA_b84_115_SNP_N_GenomeWideSNP_6_F08_771620	12	6992753	7029866	18	0.429
DUNGS_p_TCGA_b84_115_SNP_N_GenomeWideSNP_6_F08_771620	12	7030065	8436238	640	0.0343
DUNGS_p_TCGA_b84_115_SNP_N_GenomeWideSNP_6_F08_771620	12	8436328	8581141	63	0.2908
DUNGS_p_TCGA_b84_115_SNP_N_GenomeWideSNP_6_F08_771620	12	8584672	9630556	565	0.0424
DUNGS_p_TCGA_b84_115_SNP_N_GenomeWideSNP_6_F08_771620	12	9633870	9734970	27	0.9903
DUNGS_p_TCGA_b84_115_SNP_N_GenomeWideSNP_6_F08_771620	12	9735686	33301520	16660	0.0196
DUNGS_p_TCGA_b84_115_SNP_N_GenomeWideSNP_6_F08_771620	12	33301534	33308387	26	-0.4788
DUNGS_p_TCGA_b84_115_SNP_N_GenomeWideSNP_6_F08_771620	12	33308459	33388829	45	-0.0519
DUNGS_p_TCGA_b84_115_SNP_N_GenomeWideSNP_6_F08_771620	12	33390744	33395142	3	-3.0452
DUNGS_p_TCGA_b84_115_SNP_N_GenomeWideSNP_6_F08_771620	12	33395418	34250696	540	-0.0559
DUNGS_p_TCGA_b84_115_SNP_N_GenomeWideSNP_6_F08_771620	12	34256709	34261681	7	-0.9623
DUNGS_p_TCGA_b84_115_SNP_N_GenomeWideSNP_6_F08_771620	12	34262552	38053139	253	0.0842
DUNGS_p_TCGA_b84_115_SNP_N_GenomeWideSNP_6_F08_771620	12	38053237	38105942	31	-0.4142
DUNGS_p_TCGA_b84_115_SNP_N_GenomeWideSNP_6_F08_771620	12	38106113	70440728	19711	0.0099
DUNGS_p_TCGA_b84_115_SNP_N_GenomeWideSNP_6_F08_771620	12	70441388	70575477	89	-0.9443
DUNGS_p_TCGA_b84_115_SNP_N_GenomeWideSNP_6_F08_771620	12	70579967	83856540	8434	0.0136
DUNGS_p_TCGA_b84_115_SNP_N_GenomeWideSNP_6_F08_771620	12	83856552	83856696	2	-1.26
DUNGS_p_TCGA_b84_115_SNP_N_GenomeWideSNP_6_F08_771620	12	83856754	87526622	2094	-0.0027
DUNGS_p_TCGA_b84_115_SNP_N_GenomeWideSNP_6_F08_771620	12	87530913	87533261	3	-0.9689
DUNGS_p_TCGA_b84_115_SNP_N_GenomeWideSNP_6_F08_771620	12	87538392	99795737	8203	0.0185
DUNGS_p_TCGA_b84_115_SNP_N_GenomeWideSNP_6_F08_771620	12	99795773	99798734	27	-0.3306
DUNGS_p_TCGA_b84_115_SNP_N_GenomeWideSNP_6_F08_771620	12	99803093	112195338	7928	0.0123
DUNGS_p_TCGA_b84_115_SNP_N_GenomeWideSNP_6_F08_771620	12	112197622	112243153	21	0.3864
DUNGS_p_TCGA_b84_115_SNP_N_GenomeWideSNP_6_F08_771620	12	112244400	120345176	5977	0.0244
DUNGS_p_TCGA_b84_115_SNP_N_GenomeWideSNP_6_F08_771620	12	120345523	120375186	16	0.5059
DUNGS_p_TCGA_b84_115_SNP_N_GenomeWideSNP_6_F08_771620	12	120377392	121313853	454	0.0166
DUNGS_p_TCGA_b84_115_SNP_N_GenomeWideSNP_6_F08_771620	12	121317075	121323407	3	-1.0111
DUNGS_p_TCGA_b84_115_SNP_N_GenomeWideSNP_6_F08_771620	12	121323985	127069639	3381	0.0236
DUNGS_p_TCGA_b84_115_SNP_N_GenomeWideSNP_6_F08_771620	12	127072010	127072755	2	-1.3484
DUNGS_p_TCGA_b84_115_SNP_N_GenomeWideSNP_6_F08_771620	12	127072957	128819845	1546	0.0218
DUNGS_p_TCGA_b84_115_SNP_N_GenomeWideSNP_6_F08_771620	12	128820308	128821377	3	1.342
DUNGS_p_TCGA_b84_115_SNP_N_GenomeWideSNP_6_F08_771620	12	128821454	130859973	1851	0.0383
DUNGS_p_TCGA_b84_115_SNP_N_GenomeWideSNP_6_F08_771620	12	130861974	130862655	5	-0.7766
DUNGS_p_TCGA_b84_115_SNP_N_GenomeWideSNP_6_F08_771620	12	130863178	131733483	637	0.0583
DUNGS_p_TCGA_b84_115_SNP_N_GenomeWideSNP_6_F08_771620	12	131734048	131775631	52	0.4299
DUNGS_p_TCGA_b84_115_SNP_N_GenomeWideSNP_6_F08_771620	12	131775685	132120247	325	0.0583
DUNGS_p_TCGA_b84_115_SNP_N_GenomeWideSNP_6_F08_771620	12	132120586	132133310	13	0.5703
DUNGS_p_TCGA_b84_115_SNP_N_GenomeWideSNP_6_F08_771620	12	132133322	133001446	266	0.0536
DUNGS_p_TCGA_b84_115_SNP_N_GenomeWideSNP_6_F08_771620	12	133002801	133004529	2	1.5556
DUNGS_p_TCGA_b84_115_SNP_N_GenomeWideSNP_6_F08_771620	12	133006721	133778189	306	0.1455
DUNGS_p_TCGA_b84_115_SNP_N_GenomeWideSNP_6_F08_771620	13	19026949	20119614	566	0.0373
DUNGS_p_TCGA_b84_115_SNP_N_GenomeWideSNP_6_F08_771620	13	20121459	20123910	3	1.2575
DUNGS_p_TCGA_b84_115_SNP_N_GenomeWideSNP_6_F08_771620	13	20124501	25025917	3475	0.023
DUNGS_p_TCGA_b84_115_SNP_N_GenomeWideSNP_6_F08_771620	13	25028672	25039678	19	0.473
DUNGS_p_TCGA_b84_115_SNP_N_GenomeWideSNP_6_F08_771620	13	25040031	25514640	334	5e-04
DUNGS_p_TCGA_b84_115_SNP_N_GenomeWideSNP_6_F08_771620	13	25515343	25516291	2	-1.4732
DUNGS_p_TCGA_b84_115_SNP_N_GenomeWideSNP_6_F08_771620	13	25516817	25569345	22	0.0252
DUNGS_p_TCGA_b84_115_SNP_N_GenomeWideSNP_6_F08_771620	13	25572918	25580632	8	-0.9062
DUNGS_p_TCGA_b84_115_SNP_N_GenomeWideSNP_6_F08_771620	13	25581765	57671886	21685	0.0118
DUNGS_p_TCGA_b84_115_SNP_N_GenomeWideSNP_6_F08_771620	13	57673811	57673830	2	-1.5251
DUNGS_p_TCGA_b84_115_SNP_N_GenomeWideSNP_6_F08_771620	13	57676364	64451192	4004	0.0017
DUNGS_p_TCGA_b84_115_SNP_N_GenomeWideSNP_6_F08_771620	13	64451552	64451621	2	-1.3454
DUNGS_p_TCGA_b84_115_SNP_N_GenomeWideSNP_6_F08_771620	13	64452970	79495605	10101	-1e-04
DUNGS_p_TCGA_b84_115_SNP_N_GenomeWideSNP_6_F08_771620	13	79499974	79500718	2	-1.3092
DUNGS_p_TCGA_b84_115_SNP_N_GenomeWideSNP_6_F08_771620	13	79503068	100691367	13468	0.0095
DUNGS_p_TCGA_b84_115_SNP_N_GenomeWideSNP_6_F08_771620	13	100697937	100724516	11	0.4982
DUNGS_p_TCGA_b84_115_SNP_N_GenomeWideSNP_6_F08_771620	13	100724529	101780314	697	-0.002
DUNGS_p_TCGA_b84_115_SNP_N_GenomeWideSNP_6_F08_771620	13	101782639	101782823	3	-1.0094
DUNGS_p_TCGA_b84_115_SNP_N_GenomeWideSNP_6_F08_771620	13	101787157	106381523	3817	-0.0031
DUNGS_p_TCGA_b84_115_SNP_N_GenomeWideSNP_6_F08_771620	13	106381879	106382965	2	1.0805
DUNGS_p_TCGA_b84_115_SNP_N_GenomeWideSNP_6_F08_771620	13	106385740	115108397	6154	0.0202
DUNGS_p_TCGA_b84_115_SNP_N_GenomeWideSNP_6_F08_771620	14	19002124	19607007	45	0.2842
DUNGS_p_TCGA_b84_115_SNP_N_GenomeWideSNP_6_F08_771620	14	19620051	20433044	157	-0.3092
DUNGS_p_TCGA_b84_115_SNP_N_GenomeWideSNP_6_F08_771620	14	20433057	20960480	389	-0.0155
DUNGS_p_TCGA_b84_115_SNP_N_GenomeWideSNP_6_F08_771620	14	20964276	20993263	26	0.3522
DUNGS_p_TCGA_b84_115_SNP_N_GenomeWideSNP_6_F08_771620	14	20998596	21362036	293	0.0119
DUNGS_p_TCGA_b84_115_SNP_N_GenomeWideSNP_6_F08_771620	14	21363348	21421088	23	-0.7499
DUNGS_p_TCGA_b84_115_SNP_N_GenomeWideSNP_6_F08_771620	14	21424718	24446631	2001	-0.0333
DUNGS_p_TCGA_b84_115_SNP_N_GenomeWideSNP_6_F08_771620	14	24446717	24494075	35	0.3613
DUNGS_p_TCGA_b84_115_SNP_N_GenomeWideSNP_6_F08_771620	14	24494165	26779642	1597	0.0058
DUNGS_p_TCGA_b84_115_SNP_N_GenomeWideSNP_6_F08_771620	14	26783903	26783918	8	1.0578
DUNGS_p_TCGA_b84_115_SNP_N_GenomeWideSNP_6_F08_771620	14	26784913	41597704	9264	0.0047
DUNGS_p_TCGA_b84_115_SNP_N_GenomeWideSNP_6_F08_771620	14	41600973	41676696	31	-0.6608
DUNGS_p_TCGA_b84_115_SNP_N_GenomeWideSNP_6_F08_771620	14	41676750	70013958	17859	0.0099
DUNGS_p_TCGA_b84_115_SNP_N_GenomeWideSNP_6_F08_771620	14	70013979	70036986	17	0.503
DUNGS_p_TCGA_b84_115_SNP_N_GenomeWideSNP_6_F08_771620	14	70041487	73995774	2622	0.0123
DUNGS_p_TCGA_b84_115_SNP_N_GenomeWideSNP_6_F08_771620	14	74001123	74029900	10	1.0723
DUNGS_p_TCGA_b84_115_SNP_N_GenomeWideSNP_6_F08_771620	14	74029915	76348241	1341	0.0142
DUNGS_p_TCGA_b84_115_SNP_N_GenomeWideSNP_6_F08_771620	14	76348481	76348682	4	-1.038
DUNGS_p_TCGA_b84_115_SNP_N_GenomeWideSNP_6_F08_771620	14	76351123	98130002	14851	0.011
DUNGS_p_TCGA_b84_115_SNP_N_GenomeWideSNP_6_F08_771620	14	98130052	98140347	27	-0.7734
DUNGS_p_TCGA_b84_115_SNP_N_GenomeWideSNP_6_F08_771620	14	98140680	99649091	1417	0.0351
DUNGS_p_TCGA_b84_115_SNP_N_GenomeWideSNP_6_F08_771620	14	99649563	99649597	2	1.1473
DUNGS_p_TCGA_b84_115_SNP_N_GenomeWideSNP_6_F08_771620	14	99649754	103654939	2163	0.0195
DUNGS_p_TCGA_b84_115_SNP_N_GenomeWideSNP_6_F08_771620	14	103659535	103661718	3	-2.0662
DUNGS_p_TCGA_b84_115_SNP_N_GenomeWideSNP_6_F08_771620	14	103665118	104915103	550	0.0284
DUNGS_p_TCGA_b84_115_SNP_N_GenomeWideSNP_6_F08_771620	14	104915383	104929882	6	-0.3907
DUNGS_p_TCGA_b84_115_SNP_N_GenomeWideSNP_6_F08_771620	14	104930431	106079647	327	0.027
DUNGS_p_TCGA_b84_115_SNP_N_GenomeWideSNP_6_F08_771620	14	106082589	106099335	4	-0.4431
DUNGS_p_TCGA_b84_115_SNP_N_GenomeWideSNP_6_F08_771620	14	106103033	106715489	222	0.1304
DUNGS_p_TCGA_b84_115_SNP_N_GenomeWideSNP_6_F08_771620	14	106717356	106727469	8	-0.5564
DUNGS_p_TCGA_b84_115_SNP_N_GenomeWideSNP_6_F08_771620	14	106728162	106796025	29	-0.021
DUNGS_p_TCGA_b84_115_SNP_N_GenomeWideSNP_6_F08_771620	14	106796228	106802053	6	-0.9462
DUNGS_p_TCGA_b84_115_SNP_N_GenomeWideSNP_6_F08_771620	14	106815943	106879831	34	0.0382
DUNGS_p_TCGA_b84_115_SNP_N_GenomeWideSNP_6_F08_771620	14	106881352	106918108	50	-0.5201
DUNGS_p_TCGA_b84_115_SNP_N_GenomeWideSNP_6_F08_771620	14	106918649	107160325	135	0.0064
DUNGS_p_TCGA_b84_115_SNP_N_GenomeWideSNP_6_F08_771620	14	107160399	107178457	16	0.7801
DUNGS_p_TCGA_b84_115_SNP_N_GenomeWideSNP_6_F08_771620	14	107178572	107285437	73	0.0904
DUNGS_p_TCGA_b84_115_SNP_N_GenomeWideSNP_6_F08_771620	15	20016328	20412478	65	0.0607
DUNGS_p_TCGA_b84_115_SNP_N_GenomeWideSNP_6_F08_771620	15	20416237	20578421	33	-0.3159
DUNGS_p_TCGA_b84_115_SNP_N_GenomeWideSNP_6_F08_771620	15	20581451	20581564	7	0.2306
DUNGS_p_TCGA_b84_115_SNP_N_GenomeWideSNP_6_F08_771620	15	20585988	20586957	12	-1.0329
DUNGS_p_TCGA_b84_115_SNP_N_GenomeWideSNP_6_F08_771620	15	20590027	22388236	227	-0.3659
DUNGS_p_TCGA_b84_115_SNP_N_GenomeWideSNP_6_F08_771620	15	22396253	26557596	2461	0.0298
DUNGS_p_TCGA_b84_115_SNP_N_GenomeWideSNP_6_F08_771620	15	26560192	26563156	3	-1.0817
DUNGS_p_TCGA_b84_115_SNP_N_GenomeWideSNP_6_F08_771620	15	26563588	30167240	2159	0.0387
DUNGS_p_TCGA_b84_115_SNP_N_GenomeWideSNP_6_F08_771620	15	30167418	30167588	2	1.3956
DUNGS_p_TCGA_b84_115_SNP_N_GenomeWideSNP_6_F08_771620	15	30168100	30415931	137	0.0244
DUNGS_p_TCGA_b84_115_SNP_N_GenomeWideSNP_6_F08_771620	15	30444276	30519742	29	0.4426
DUNGS_p_TCGA_b84_115_SNP_N_GenomeWideSNP_6_F08_771620	15	30523088	30900878	79	0.0182
DUNGS_p_TCGA_b84_115_SNP_N_GenomeWideSNP_6_F08_771620	15	30913587	31004786	26	-0.984
DUNGS_p_TCGA_b84_115_SNP_N_GenomeWideSNP_6_F08_771620	15	31008145	31988940	666	0.0291
DUNGS_p_TCGA_b84_115_SNP_N_GenomeWideSNP_6_F08_771620	15	31989708	32444055	359	0.5305
DUNGS_p_TCGA_b84_115_SNP_N_GenomeWideSNP_6_F08_771620	15	32460887	32471731	5	-0.2718
DUNGS_p_TCGA_b84_115_SNP_N_GenomeWideSNP_6_F08_771620	15	32471772	32631721	34	0.4533
DUNGS_p_TCGA_b84_115_SNP_N_GenomeWideSNP_6_F08_771620	15	32648158	34727189	1527	0.0134
DUNGS_p_TCGA_b84_115_SNP_N_GenomeWideSNP_6_F08_771620	15	34727622	34858010	66	-0.5497
DUNGS_p_TCGA_b84_115_SNP_N_GenomeWideSNP_6_F08_771620	15	34862259	38220841	2378	0.0043
DUNGS_p_TCGA_b84_115_SNP_N_GenomeWideSNP_6_F08_771620	15	38221689	38223644	4	-4.7327
DUNGS_p_TCGA_b84_115_SNP_N_GenomeWideSNP_6_F08_771620	15	38223839	40437083	1629	0.0036
DUNGS_p_TCGA_b84_115_SNP_N_GenomeWideSNP_6_F08_771620	15	40444334	40444347	2	-2.0117
DUNGS_p_TCGA_b84_115_SNP_N_GenomeWideSNP_6_F08_771620	15	40450725	56790855	9687	0.0111
DUNGS_p_TCGA_b84_115_SNP_N_GenomeWideSNP_6_F08_771620	15	56790880	56800977	21	-0.5184
DUNGS_p_TCGA_b84_115_SNP_N_GenomeWideSNP_6_F08_771620	15	56801623	58315934	1042	0.0105
DUNGS_p_TCGA_b84_115_SNP_N_GenomeWideSNP_6_F08_771620	15	58320408	58325503	3	0.9439
DUNGS_p_TCGA_b84_115_SNP_N_GenomeWideSNP_6_F08_771620	15	58326955	76050869	11284	0.0142
DUNGS_p_TCGA_b84_115_SNP_N_GenomeWideSNP_6_F08_771620	15	76061157	76064900	4	-0.9192
DUNGS_p_TCGA_b84_115_SNP_N_GenomeWideSNP_6_F08_771620	15	76066516	76878362	436	-0.0038
DUNGS_p_TCGA_b84_115_SNP_N_GenomeWideSNP_6_F08_771620	15	76891241	76895774	21	0.5839
DUNGS_p_TCGA_b84_115_SNP_N_GenomeWideSNP_6_F08_771620	15	76895775	77294605	182	0.0064
DUNGS_p_TCGA_b84_115_SNP_N_GenomeWideSNP_6_F08_771620	15	77296223	77348345	23	0.388
DUNGS_p_TCGA_b84_115_SNP_N_GenomeWideSNP_6_F08_771620	15	77355816	82695702	3455	0.0212
DUNGS_p_TCGA_b84_115_SNP_N_GenomeWideSNP_6_F08_771620	15	82895028	83083151	9	-0.6742
DUNGS_p_TCGA_b84_115_SNP_N_GenomeWideSNP_6_F08_771620	15	83083432	84542885	770	0.0347
DUNGS_p_TCGA_b84_115_SNP_N_GenomeWideSNP_6_F08_771620	15	84543250	84543550	4	-1.1855
DUNGS_p_TCGA_b84_115_SNP_N_GenomeWideSNP_6_F08_771620	15	84547277	102469040	13258	0.0193
DUNGS_p_TCGA_b84_115_SNP_N_GenomeWideSNP_6_F08_771620	16	60777	653152	281	0.3005
DUNGS_p_TCGA_b84_115_SNP_N_GenomeWideSNP_6_F08_771620	16	653167	1529011	192	0.1151
DUNGS_p_TCGA_b84_115_SNP_N_GenomeWideSNP_6_F08_771620	16	1529705	1537839	2	1.4094
DUNGS_p_TCGA_b84_115_SNP_N_GenomeWideSNP_6_F08_771620	16	1538692	2594038	404	0.0198
DUNGS_p_TCGA_b84_115_SNP_N_GenomeWideSNP_6_F08_771620	16	2621148	2726876	29	0.3979
DUNGS_p_TCGA_b84_115_SNP_N_GenomeWideSNP_6_F08_771620	16	2729701	3112197	150	-0.017
DUNGS_p_TCGA_b84_115_SNP_N_GenomeWideSNP_6_F08_771620	16	3112693	3127653	9	0.6127
DUNGS_p_TCGA_b84_115_SNP_N_GenomeWideSNP_6_F08_771620	16	3133055	4220379	636	0.0334
DUNGS_p_TCGA_b84_115_SNP_N_GenomeWideSNP_6_F08_771620	16	4220462	4258091	44	0.278
DUNGS_p_TCGA_b84_115_SNP_N_GenomeWideSNP_6_F08_771620	16	4258173	8366865	4203	-0.0026
DUNGS_p_TCGA_b84_115_SNP_N_GenomeWideSNP_6_F08_771620	16	8369358	8369852	5	-0.8277
DUNGS_p_TCGA_b84_115_SNP_N_GenomeWideSNP_6_F08_771620	16	8370625	21363822	8518	0.0418
DUNGS_p_TCGA_b84_115_SNP_N_GenomeWideSNP_6_F08_771620	16	21368006	21628397	48	0.4029
DUNGS_p_TCGA_b84_115_SNP_N_GenomeWideSNP_6_F08_771620	16	21630698	22123642	190	0.1302
DUNGS_p_TCGA_b84_115_SNP_N_GenomeWideSNP_6_F08_771620	16	22128792	22132866	5	1.0303
DUNGS_p_TCGA_b84_115_SNP_N_GenomeWideSNP_6_F08_771620	16	22133182	22822411	322	0.1667
DUNGS_p_TCGA_b84_115_SNP_N_GenomeWideSNP_6_F08_771620	16	22822608	22831628	8	0.5971
DUNGS_p_TCGA_b84_115_SNP_N_GenomeWideSNP_6_F08_771620	16	22832184	27618011	3404	0.0202
DUNGS_p_TCGA_b84_115_SNP_N_GenomeWideSNP_6_F08_771620	16	27621477	27671193	20	0.3749
DUNGS_p_TCGA_b84_115_SNP_N_GenomeWideSNP_6_F08_771620	16	27672339	29428539	740	0.0664
DUNGS_p_TCGA_b84_115_SNP_N_GenomeWideSNP_6_F08_771620	16	29428545	30226943	213	0.3049
DUNGS_p_TCGA_b84_115_SNP_N_GenomeWideSNP_6_F08_771620	16	30302628	30646678	108	0.0703
DUNGS_p_TCGA_b84_115_SNP_N_GenomeWideSNP_6_F08_771620	16	30646695	30668512	5	0.7336
DUNGS_p_TCGA_b84_115_SNP_N_GenomeWideSNP_6_F08_771620	16	30668790	54302298	6506	0.0279
DUNGS_p_TCGA_b84_115_SNP_N_GenomeWideSNP_6_F08_771620	16	54303958	54307023	2	1.2617
DUNGS_p_TCGA_b84_115_SNP_N_GenomeWideSNP_6_F08_771620	16	54307332	55808680	1315	0.021
DUNGS_p_TCGA_b84_115_SNP_N_GenomeWideSNP_6_F08_771620	16	55809224	55822397	9	0.6352
DUNGS_p_TCGA_b84_115_SNP_N_GenomeWideSNP_6_F08_771620	16	55822444	56765686	596	0.0038
DUNGS_p_TCGA_b84_115_SNP_N_GenomeWideSNP_6_F08_771620	16	56765784	56767862	4	0.7812
DUNGS_p_TCGA_b84_115_SNP_N_GenomeWideSNP_6_F08_771620	16	56770104	64432222	4901	0.0089
DUNGS_p_TCGA_b84_115_SNP_N_GenomeWideSNP_6_F08_771620	16	64434375	64442460	5	-0.8155
DUNGS_p_TCGA_b84_115_SNP_N_GenomeWideSNP_6_F08_771620	16	64443229	70978362	3606	0.0162
DUNGS_p_TCGA_b84_115_SNP_N_GenomeWideSNP_6_F08_771620	16	70979717	70993696	5	0.7465
DUNGS_p_TCGA_b84_115_SNP_N_GenomeWideSNP_6_F08_771620	16	70994898	73328796	1256	0.0164
DUNGS_p_TCGA_b84_115_SNP_N_GenomeWideSNP_6_F08_771620	16	73330579	73331474	4	-0.8394
DUNGS_p_TCGA_b84_115_SNP_N_GenomeWideSNP_6_F08_771620	16	73331696	75445675	1437	0.0228
DUNGS_p_TCGA_b84_115_SNP_N_GenomeWideSNP_6_F08_771620	16	75447658	75447953	2	-1.2435
DUNGS_p_TCGA_b84_115_SNP_N_GenomeWideSNP_6_F08_771620	16	75454404	76798472	1009	0.0085
DUNGS_p_TCGA_b84_115_SNP_N_GenomeWideSNP_6_F08_771620	16	76798509	76806428	3	-1.4709
DUNGS_p_TCGA_b84_115_SNP_N_GenomeWideSNP_6_F08_771620	16	76808552	80666388	4380	0.0098
DUNGS_p_TCGA_b84_115_SNP_N_GenomeWideSNP_6_F08_771620	16	80666779	80672429	2	-1.6909
DUNGS_p_TCGA_b84_115_SNP_N_GenomeWideSNP_6_F08_771620	16	80672704	83888823	3492	0.0173
DUNGS_p_TCGA_b84_115_SNP_N_GenomeWideSNP_6_F08_771620	16	83889680	83891769	4	-1.5811
DUNGS_p_TCGA_b84_115_SNP_N_GenomeWideSNP_6_F08_771620	16	83891918	85952745	1597	0.0921
DUNGS_p_TCGA_b84_115_SNP_N_GenomeWideSNP_6_F08_771620	16	85952929	85953682	4	0.8848
DUNGS_p_TCGA_b84_115_SNP_N_GenomeWideSNP_6_F08_771620	16	85954287	90287535	2803	0.0907
DUNGS_p_TCGA_b84_115_SNP_N_GenomeWideSNP_6_F08_771620	17	526	4298940	2329	0.0773
DUNGS_p_TCGA_b84_115_SNP_N_GenomeWideSNP_6_F08_771620	17	4299632	4371983	38	0.3143
DUNGS_p_TCGA_b84_115_SNP_N_GenomeWideSNP_6_F08_771620	17	4373054	5600862	606	0.0377
DUNGS_p_TCGA_b84_115_SNP_N_GenomeWideSNP_6_F08_771620	17	5600914	5634721	29	0.4398
DUNGS_p_TCGA_b84_115_SNP_N_GenomeWideSNP_6_F08_771620	17	5634865	18278828	8420	0.0237
DUNGS_p_TCGA_b84_115_SNP_N_GenomeWideSNP_6_F08_771620	17	18282549	18283699	13	0.5212
DUNGS_p_TCGA_b84_115_SNP_N_GenomeWideSNP_6_F08_771620	17	18283713	18874720	191	0.0548
DUNGS_p_TCGA_b84_115_SNP_N_GenomeWideSNP_6_F08_771620	17	18876466	19093450	39	0.4715
DUNGS_p_TCGA_b84_115_SNP_N_GenomeWideSNP_6_F08_771620	17	19093485	25390450	1415	0.0498
DUNGS_p_TCGA_b84_115_SNP_N_GenomeWideSNP_6_F08_771620	17	25394037	25396371	6	0.6539
DUNGS_p_TCGA_b84_115_SNP_N_GenomeWideSNP_6_F08_771620	17	25397590	29011442	1686	0.0194
DUNGS_p_TCGA_b84_115_SNP_N_GenomeWideSNP_6_F08_771620	17	29012599	29159920	49	0.269
DUNGS_p_TCGA_b84_115_SNP_N_GenomeWideSNP_6_F08_771620	17	29160282	34485091	3622	0.0291
DUNGS_p_TCGA_b84_115_SNP_N_GenomeWideSNP_6_F08_771620	17	34528125	34904130	84	0.3361
DUNGS_p_TCGA_b84_115_SNP_N_GenomeWideSNP_6_F08_771620	17	34904985	37850945	1555	0.0254
DUNGS_p_TCGA_b84_115_SNP_N_GenomeWideSNP_6_F08_771620	17	37851006	37851022	2	1.2299
DUNGS_p_TCGA_b84_115_SNP_N_GenomeWideSNP_6_F08_771620	17	37851040	39421708	904	0.0413
DUNGS_p_TCGA_b84_115_SNP_N_GenomeWideSNP_6_F08_771620	17	39423014	39430157	20	-0.3632
DUNGS_p_TCGA_b84_115_SNP_N_GenomeWideSNP_6_F08_771620	17	39430173	39430186	2	-2.463
DUNGS_p_TCGA_b84_115_SNP_N_GenomeWideSNP_6_F08_771620	17	39430450	39513456	78	0.0606
DUNGS_p_TCGA_b84_115_SNP_N_GenomeWideSNP_6_F08_771620	17	39515557	39517945	9	0.6771
DUNGS_p_TCGA_b84_115_SNP_N_GenomeWideSNP_6_F08_771620	17	39517976	41432265	1025	0.0415
DUNGS_p_TCGA_b84_115_SNP_N_GenomeWideSNP_6_F08_771620	17	41438590	41439921	3	1.5341
DUNGS_p_TCGA_b84_115_SNP_N_GenomeWideSNP_6_F08_771620	17	41443704	44163098	1400	0.0658
DUNGS_p_TCGA_b84_115_SNP_N_GenomeWideSNP_6_F08_771620	17	44165803	44362009	123	-0.2402
DUNGS_p_TCGA_b84_115_SNP_N_GenomeWideSNP_6_F08_771620	17	44362363	44752283	49	0.3863
DUNGS_p_TCGA_b84_115_SNP_N_GenomeWideSNP_6_F08_771620	17	44752300	52156997	4370	0.0094
DUNGS_p_TCGA_b84_115_SNP_N_GenomeWideSNP_6_F08_771620	17	52158793	52159075	2	-1.2929
DUNGS_p_TCGA_b84_115_SNP_N_GenomeWideSNP_6_F08_771620	17	52164612	54164935	1457	0.0137
DUNGS_p_TCGA_b84_115_SNP_N_GenomeWideSNP_6_F08_771620	17	54165029	54166295	2	1.2167
DUNGS_p_TCGA_b84_115_SNP_N_GenomeWideSNP_6_F08_771620	17	54166337	56212100	1542	0.0213
DUNGS_p_TCGA_b84_115_SNP_N_GenomeWideSNP_6_F08_771620	17	56212514	56212782	2	-1.3002
DUNGS_p_TCGA_b84_115_SNP_N_GenomeWideSNP_6_F08_771620	17	56213443	71737392	9412	0.0225
DUNGS_p_TCGA_b84_115_SNP_N_GenomeWideSNP_6_F08_771620	17	71738235	71746479	12	-0.1611
DUNGS_p_TCGA_b84_115_SNP_N_GenomeWideSNP_6_F08_771620	17	71746560	74909065	1672	0.0722
DUNGS_p_TCGA_b84_115_SNP_N_GenomeWideSNP_6_F08_771620	17	74909099	74948187	32	0.3955
DUNGS_p_TCGA_b84_115_SNP_N_GenomeWideSNP_6_F08_771620	17	74957392	75170673	133	0.0407
DUNGS_p_TCGA_b84_115_SNP_N_GenomeWideSNP_6_F08_771620	17	75173033	75173041	2	1.3087
DUNGS_p_TCGA_b84_115_SNP_N_GenomeWideSNP_6_F08_771620	17	75173516	75298987	80	0.0535
DUNGS_p_TCGA_b84_115_SNP_N_GenomeWideSNP_6_F08_771620	17	75300401	75303874	3	-0.5124
DUNGS_p_TCGA_b84_115_SNP_N_GenomeWideSNP_6_F08_771620	17	75303896	75332409	14	-0.0131
DUNGS_p_TCGA_b84_115_SNP_N_GenomeWideSNP_6_F08_771620	17	75332456	75371822	39	0.443
DUNGS_p_TCGA_b84_115_SNP_N_GenomeWideSNP_6_F08_771620	17	75371974	76429845	598	0.0463
DUNGS_p_TCGA_b84_115_SNP_N_GenomeWideSNP_6_F08_771620	17	76431368	76448405	11	0.6285
DUNGS_p_TCGA_b84_115_SNP_N_GenomeWideSNP_6_F08_771620	17	76448849	79392371	1621	0.0622
DUNGS_p_TCGA_b84_115_SNP_N_GenomeWideSNP_6_F08_771620	17	79392392	79392640	6	0.7686
DUNGS_p_TCGA_b84_115_SNP_N_GenomeWideSNP_6_F08_771620	17	79392672	81049726	629	0.0553
DUNGS_p_TCGA_b84_115_SNP_N_GenomeWideSNP_6_F08_771620	18	11543	47089954	28770	0.0129
DUNGS_p_TCGA_b84_115_SNP_N_GenomeWideSNP_6_F08_771620	18	47090884	47116654	25	0.5364
DUNGS_p_TCGA_b84_115_SNP_N_GenomeWideSNP_6_F08_771620	18	47120395	64950093	12439	0.008
DUNGS_p_TCGA_b84_115_SNP_N_GenomeWideSNP_6_F08_771620	18	64950121	64950216	4	0.7526
DUNGS_p_TCGA_b84_115_SNP_N_GenomeWideSNP_6_F08_771620	18	64950296	65304895	268	0.0096
DUNGS_p_TCGA_b84_115_SNP_N_GenomeWideSNP_6_F08_771620	18	65306068	65306258	2	-1.2556
DUNGS_p_TCGA_b84_115_SNP_N_GenomeWideSNP_6_F08_771620	18	65307107	72116826	5254	-0.0345
DUNGS_p_TCGA_b84_115_SNP_N_GenomeWideSNP_6_F08_771620	18	72116892	72132785	11	0.4714
DUNGS_p_TCGA_b84_115_SNP_N_GenomeWideSNP_6_F08_771620	18	72133305	74906064	2095	0.0159
DUNGS_p_TCGA_b84_115_SNP_N_GenomeWideSNP_6_F08_771620	18	74911280	74912348	4	-1.3275
DUNGS_p_TCGA_b84_115_SNP_N_GenomeWideSNP_6_F08_771620	18	74912769	76293710	1051	0.0221
DUNGS_p_TCGA_b84_115_SNP_N_GenomeWideSNP_6_F08_771620	18	76293901	76294176	5	0.7779
DUNGS_p_TCGA_b84_115_SNP_N_GenomeWideSNP_6_F08_771620	18	76298057	78015057	938	0.0918
DUNGS_p_TCGA_b84_115_SNP_N_GenomeWideSNP_6_F08_771620	19	90910	896244	172	0.1253
DUNGS_p_TCGA_b84_115_SNP_N_GenomeWideSNP_6_F08_771620	19	896499	931521	7	0.7632
DUNGS_p_TCGA_b84_115_SNP_N_GenomeWideSNP_6_F08_771620	19	931523	5506659	1421	0.037
DUNGS_p_TCGA_b84_115_SNP_N_GenomeWideSNP_6_F08_771620	19	5510239	5510700	4	0.9177
DUNGS_p_TCGA_b84_115_SNP_N_GenomeWideSNP_6_F08_771620	19	5513059	8334939	1333	0.0307
DUNGS_p_TCGA_b84_115_SNP_N_GenomeWideSNP_6_F08_771620	19	8350197	8351988	7	0.8069
DUNGS_p_TCGA_b84_115_SNP_N_GenomeWideSNP_6_F08_771620	19	8352027	16694512	4246	0.0213
DUNGS_p_TCGA_b84_115_SNP_N_GenomeWideSNP_6_F08_771620	19	16694610	16742982	38	0.3664
DUNGS_p_TCGA_b84_115_SNP_N_GenomeWideSNP_6_F08_771620	19	16743209	19840807	1334	-0.0022
DUNGS_p_TCGA_b84_115_SNP_N_GenomeWideSNP_6_F08_771620	19	19848485	19874092	17	0.5016
DUNGS_p_TCGA_b84_115_SNP_N_GenomeWideSNP_6_F08_771620	19	19874871	35849309	8258	0.0289
DUNGS_p_TCGA_b84_115_SNP_N_GenomeWideSNP_6_F08_771620	19	35849322	35870436	29	0.5259
DUNGS_p_TCGA_b84_115_SNP_N_GenomeWideSNP_6_F08_771620	19	35874383	41350996	2790	0.0257
DUNGS_p_TCGA_b84_115_SNP_N_GenomeWideSNP_6_F08_771620	19	41352383	41369405	22	0.3981
DUNGS_p_TCGA_b84_115_SNP_N_GenomeWideSNP_6_F08_771620	19	41370747	43299429	919	0.0167
DUNGS_p_TCGA_b84_115_SNP_N_GenomeWideSNP_6_F08_771620	19	43300206	43308886	4	-0.8826
DUNGS_p_TCGA_b84_115_SNP_N_GenomeWideSNP_6_F08_771620	19	43309312	43697333	183	0.0225
DUNGS_p_TCGA_b84_115_SNP_N_GenomeWideSNP_6_F08_771620	19	43703033	43713377	6	-0.9531
DUNGS_p_TCGA_b84_115_SNP_N_GenomeWideSNP_6_F08_771620	19	43713734	43756237	16	-2.5994
DUNGS_p_TCGA_b84_115_SNP_N_GenomeWideSNP_6_F08_771620	19	43766659	50370678	3193	0.0219
DUNGS_p_TCGA_b84_115_SNP_N_GenomeWideSNP_6_F08_771620	19	50374496	50551555	101	0.2701
DUNGS_p_TCGA_b84_115_SNP_N_GenomeWideSNP_6_F08_771620	19	50551973	53518514	1837	0.054
DUNGS_p_TCGA_b84_115_SNP_N_GenomeWideSNP_6_F08_771620	19	53518747	53547361	21	0.5644
DUNGS_p_TCGA_b84_115_SNP_N_GenomeWideSNP_6_F08_771620	19	53552229	54730202	786	0.0863
DUNGS_p_TCGA_b84_115_SNP_N_GenomeWideSNP_6_F08_771620	19	54730233	54753340	17	0.5551
DUNGS_p_TCGA_b84_115_SNP_N_GenomeWideSNP_6_F08_771620	19	54753477	54805530	18	0.1379
DUNGS_p_TCGA_b84_115_SNP_N_GenomeWideSNP_6_F08_771620	19	54806221	54811325	3	1.2694
DUNGS_p_TCGA_b84_115_SNP_N_GenomeWideSNP_6_F08_771620	19	54812675	54902331	42	0.0307
DUNGS_p_TCGA_b84_115_SNP_N_GenomeWideSNP_6_F08_771620	19	54902385	54950202	19	0.4591
DUNGS_p_TCGA_b84_115_SNP_N_GenomeWideSNP_6_F08_771620	19	54950224	56215646	627	0.036
DUNGS_p_TCGA_b84_115_SNP_N_GenomeWideSNP_6_F08_771620	19	56217371	56238088	21	0.3968
DUNGS_p_TCGA_b84_115_SNP_N_GenomeWideSNP_6_F08_771620	19	56238176	58865394	1774	0.0419
DUNGS_p_TCGA_b84_115_SNP_N_GenomeWideSNP_6_F08_771620	19	58865904	59097854	111	0.2824
DUNGS_p_TCGA_b84_115_SNP_N_GenomeWideSNP_6_F08_771620	20	61305	1582207	1243	0.0496
DUNGS_p_TCGA_b84_115_SNP_N_GenomeWideSNP_6_F08_771620	20	1590257	1593893	5	-1.1793
DUNGS_p_TCGA_b84_115_SNP_N_GenomeWideSNP_6_F08_771620	20	1597946	4826657	2401	0.0361
DUNGS_p_TCGA_b84_115_SNP_N_GenomeWideSNP_6_F08_771620	20	4826847	4836440	10	0.4986
DUNGS_p_TCGA_b84_115_SNP_N_GenomeWideSNP_6_F08_771620	20	4838245	14771472	7519	0.0109
DUNGS_p_TCGA_b84_115_SNP_N_GenomeWideSNP_6_F08_771620	20	14781684	14823905	69	-0.8309
DUNGS_p_TCGA_b84_115_SNP_N_GenomeWideSNP_6_F08_771620	20	14830596	15300993	412	-0.0093
DUNGS_p_TCGA_b84_115_SNP_N_GenomeWideSNP_6_F08_771620	20	15301374	15311431	9	0.5562
DUNGS_p_TCGA_b84_115_SNP_N_GenomeWideSNP_6_F08_771620	20	15311769	23546941	6725	0.0101
DUNGS_p_TCGA_b84_115_SNP_N_GenomeWideSNP_6_F08_771620	20	23549331	23550313	4	-1.3692
DUNGS_p_TCGA_b84_115_SNP_N_GenomeWideSNP_6_F08_771620	20	23551816	29428523	1683	0.0337
DUNGS_p_TCGA_b84_115_SNP_N_GenomeWideSNP_6_F08_771620	20	29436802	29493853	17	-0.4895
DUNGS_p_TCGA_b84_115_SNP_N_GenomeWideSNP_6_F08_771620	20	29498271	40439425	6044	0.0279
DUNGS_p_TCGA_b84_115_SNP_N_GenomeWideSNP_6_F08_771620	20	40442244	40442552	3	-0.8975
DUNGS_p_TCGA_b84_115_SNP_N_GenomeWideSNP_6_F08_771620	20	40446688	52657717	8918	0.0254
DUNGS_p_TCGA_b84_115_SNP_N_GenomeWideSNP_6_F08_771620	20	52658073	52658164	2	1.2292
DUNGS_p_TCGA_b84_115_SNP_N_GenomeWideSNP_6_F08_771620	20	52658519	55121758	2059	0.003
DUNGS_p_TCGA_b84_115_SNP_N_GenomeWideSNP_6_F08_771620	20	55122719	55133411	6	0.6806
DUNGS_p_TCGA_b84_115_SNP_N_GenomeWideSNP_6_F08_771620	20	55135386	59656762	3737	0.0248
DUNGS_p_TCGA_b84_115_SNP_N_GenomeWideSNP_6_F08_771620	20	59657499	59659288	5	-0.7435
DUNGS_p_TCGA_b84_115_SNP_N_GenomeWideSNP_6_F08_771620	20	59660404	61179294	949	0.0287
DUNGS_p_TCGA_b84_115_SNP_N_GenomeWideSNP_6_F08_771620	20	61179388	61182062	2	1.6793
DUNGS_p_TCGA_b84_115_SNP_N_GenomeWideSNP_6_F08_771620	20	61183145	61717115	237	0.064
DUNGS_p_TCGA_b84_115_SNP_N_GenomeWideSNP_6_F08_771620	20	61717984	61747522	19	0.3938
DUNGS_p_TCGA_b84_115_SNP_N_GenomeWideSNP_6_F08_771620	20	61748765	62956153	456	0.1794
DUNGS_p_TCGA_b84_115_SNP_N_GenomeWideSNP_6_F08_771620	21	10736871	24423306	7038	0.0014
DUNGS_p_TCGA_b84_115_SNP_N_GenomeWideSNP_6_F08_771620	21	24429548	24434187	31	-0.6002
DUNGS_p_TCGA_b84_115_SNP_N_GenomeWideSNP_6_F08_771620	21	24436710	25110827	539	-0.0275
DUNGS_p_TCGA_b84_115_SNP_N_GenomeWideSNP_6_F08_771620	21	25111053	25111803	3	0.9126
DUNGS_p_TCGA_b84_115_SNP_N_GenomeWideSNP_6_F08_771620	21	25112038	28054302	2198	0.0094
DUNGS_p_TCGA_b84_115_SNP_N_GenomeWideSNP_6_F08_771620	21	28057452	28058892	5	-1.1149
DUNGS_p_TCGA_b84_115_SNP_N_GenomeWideSNP_6_F08_771620	21	28059017	31257047	2473	0.0085
DUNGS_p_TCGA_b84_115_SNP_N_GenomeWideSNP_6_F08_771620	21	31263518	31263608	3	-1.1647
DUNGS_p_TCGA_b84_115_SNP_N_GenomeWideSNP_6_F08_771620	21	31264480	39753970	5962	0.0154
DUNGS_p_TCGA_b84_115_SNP_N_GenomeWideSNP_6_F08_771620	21	39754105	39754301	5	0.7295
DUNGS_p_TCGA_b84_115_SNP_N_GenomeWideSNP_6_F08_771620	21	39754553	40946124	1145	0.0227
DUNGS_p_TCGA_b84_115_SNP_N_GenomeWideSNP_6_F08_771620	21	40946473	40965730	24	0.4124
DUNGS_p_TCGA_b84_115_SNP_N_GenomeWideSNP_6_F08_771620	21	40966156	45773439	3658	0.0291
DUNGS_p_TCGA_b84_115_SNP_N_GenomeWideSNP_6_F08_771620	21	45777144	45838915	25	0.356
DUNGS_p_TCGA_b84_115_SNP_N_GenomeWideSNP_6_F08_771620	21	45840168	48096957	1324	0.0816
DUNGS_p_TCGA_b84_115_SNP_N_GenomeWideSNP_6_F08_771620	22	16052528	16239968	31	-0.1707
DUNGS_p_TCGA_b84_115_SNP_N_GenomeWideSNP_6_F08_771620	22	16240345	16281595	10	0.5264
DUNGS_p_TCGA_b84_115_SNP_N_GenomeWideSNP_6_F08_771620	22	16350807	16503193	36	0.0555
DUNGS_p_TCGA_b84_115_SNP_N_GenomeWideSNP_6_F08_771620	22	16503847	16504292	2	1.5169
DUNGS_p_TCGA_b84_115_SNP_N_GenomeWideSNP_6_F08_771620	22	16504357	17315503	181	0.0308
DUNGS_p_TCGA_b84_115_SNP_N_GenomeWideSNP_6_F08_771620	22	17316313	17317346	3	-0.8936
DUNGS_p_TCGA_b84_115_SNP_N_GenomeWideSNP_6_F08_771620	22	17317828	17620024	210	0.0392
DUNGS_p_TCGA_b84_115_SNP_N_GenomeWideSNP_6_F08_771620	22	17621327	17644131	13	0.3916
DUNGS_p_TCGA_b84_115_SNP_N_GenomeWideSNP_6_F08_771620	22	17644264	18047058	295	0.007
DUNGS_p_TCGA_b84_115_SNP_N_GenomeWideSNP_6_F08_771620	22	18050867	18068726	8	0.4831
DUNGS_p_TCGA_b84_115_SNP_N_GenomeWideSNP_6_F08_771620	22	18068785	18613737	396	0.0032
DUNGS_p_TCGA_b84_115_SNP_N_GenomeWideSNP_6_F08_771620	22	18613929	18624365	5	0.8067
DUNGS_p_TCGA_b84_115_SNP_N_GenomeWideSNP_6_F08_771620	22	18624771	22294301	1893	0.2132
DUNGS_p_TCGA_b84_115_SNP_N_GenomeWideSNP_6_F08_771620	22	22297659	22298378	4	1.0377
DUNGS_p_TCGA_b84_115_SNP_N_GenomeWideSNP_6_F08_771620	22	22303413	22467569	214	0.1185
DUNGS_p_TCGA_b84_115_SNP_N_GenomeWideSNP_6_F08_771620	22	22468619	22496762	62	-0.1387
DUNGS_p_TCGA_b84_115_SNP_N_GenomeWideSNP_6_F08_771620	22	22496838	24337307	1260	0.17
DUNGS_p_TCGA_b84_115_SNP_N_GenomeWideSNP_6_F08_771620	22	24337949	24394015	20	-1.4814
DUNGS_p_TCGA_b84_115_SNP_N_GenomeWideSNP_6_F08_771620	22	24396814	24761449	201	0.0174
DUNGS_p_TCGA_b84_115_SNP_N_GenomeWideSNP_6_F08_771620	22	24772484	24844638	30	0.3163
DUNGS_p_TCGA_b84_115_SNP_N_GenomeWideSNP_6_F08_771620	22	24844883	25088811	135	0.0161
DUNGS_p_TCGA_b84_115_SNP_N_GenomeWideSNP_6_F08_771620	22	25088846	25089492	5	0.6362
DUNGS_p_TCGA_b84_115_SNP_N_GenomeWideSNP_6_F08_771620	22	25089507	36443675	8781	0.023
DUNGS_p_TCGA_b84_115_SNP_N_GenomeWideSNP_6_F08_771620	22	36444188	36445516	3	-1.2448
DUNGS_p_TCGA_b84_115_SNP_N_GenomeWideSNP_6_F08_771620	22	36445533	36648552	149	0.0797
DUNGS_p_TCGA_b84_115_SNP_N_GenomeWideSNP_6_F08_771620	22	36657329	36705104	39	0.328
DUNGS_p_TCGA_b84_115_SNP_N_GenomeWideSNP_6_F08_771620	22	36705429	39337500	1526	0.026
DUNGS_p_TCGA_b84_115_SNP_N_GenomeWideSNP_6_F08_771620	22	39338141	39403794	50	0.3543
DUNGS_p_TCGA_b84_115_SNP_N_GenomeWideSNP_6_F08_771620	22	39403821	39608733	81	0.0348
DUNGS_p_TCGA_b84_115_SNP_N_GenomeWideSNP_6_F08_771620	22	39609849	39624052	9	0.569
DUNGS_p_TCGA_b84_115_SNP_N_GenomeWideSNP_6_F08_771620	22	39624939	42297154	1474	0.0116
DUNGS_p_TCGA_b84_115_SNP_N_GenomeWideSNP_6_F08_771620	22	42299285	42353723	23	0.5995
DUNGS_p_TCGA_b84_115_SNP_N_GenomeWideSNP_6_F08_771620	22	42355660	42776926	232	0.0377
DUNGS_p_TCGA_b84_115_SNP_N_GenomeWideSNP_6_F08_771620	22	42776968	42868981	48	0.309
DUNGS_p_TCGA_b84_115_SNP_N_GenomeWideSNP_6_F08_771620	22	42869453	51234455	6154	0.0554
DUNGS_p_TCGA_b84_115_SNP_N_GenomeWideSNP_6_F08_771620	X	168477	689546	78	0.4226
DUNGS_p_TCGA_b84_115_SNP_N_GenomeWideSNP_6_F08_771620	X	699168	19431528	11720	0.0216
DUNGS_p_TCGA_b84_115_SNP_N_GenomeWideSNP_6_F08_771620	X	19439671	19541048	67	0.3428
DUNGS_p_TCGA_b84_115_SNP_N_GenomeWideSNP_6_F08_771620	X	19541243	47921671	17349	0.0021
DUNGS_p_TCGA_b84_115_SNP_N_GenomeWideSNP_6_F08_771620	X	47926913	48017689	48	0.3307
DUNGS_p_TCGA_b84_115_SNP_N_GenomeWideSNP_6_F08_771620	X	48018671	50621580	1122	0.0331
DUNGS_p_TCGA_b84_115_SNP_N_GenomeWideSNP_6_F08_771620	X	50621608	50621609	2	-1.0641
DUNGS_p_TCGA_b84_115_SNP_N_GenomeWideSNP_6_F08_771620	X	50621872	62406998	3451	0.035
DUNGS_p_TCGA_b84_115_SNP_N_GenomeWideSNP_6_F08_771620	X	62410253	62410402	5	0.9639
DUNGS_p_TCGA_b84_115_SNP_N_GenomeWideSNP_6_F08_771620	X	62410459	94879745	16020	0.0115
DUNGS_p_TCGA_b84_115_SNP_N_GenomeWideSNP_6_F08_771620	X	94881027	94881419	2	-1.5894
DUNGS_p_TCGA_b84_115_SNP_N_GenomeWideSNP_6_F08_771620	X	94884201	95590575	424	-0.0163
DUNGS_p_TCGA_b84_115_SNP_N_GenomeWideSNP_6_F08_771620	X	95590847	95591395	3	-0.8779
DUNGS_p_TCGA_b84_115_SNP_N_GenomeWideSNP_6_F08_771620	X	95599976	114288093	10139	0.0084
DUNGS_p_TCGA_b84_115_SNP_N_GenomeWideSNP_6_F08_771620	X	114288435	114288457	2	-1.3331
DUNGS_p_TCGA_b84_115_SNP_N_GenomeWideSNP_6_F08_771620	X	114288560	114889903	307	-0.0191
DUNGS_p_TCGA_b84_115_SNP_N_GenomeWideSNP_6_F08_771620	X	114890055	114955285	27	0.3157
DUNGS_p_TCGA_b84_115_SNP_N_GenomeWideSNP_6_F08_771620	X	114955300	115133681	85	-0.0034
DUNGS_p_TCGA_b84_115_SNP_N_GenomeWideSNP_6_F08_771620	X	115137955	115150638	7	-1.2197
DUNGS_p_TCGA_b84_115_SNP_N_GenomeWideSNP_6_F08_771620	X	115156419	121280496	3694	0.0066
DUNGS_p_TCGA_b84_115_SNP_N_GenomeWideSNP_6_F08_771620	X	121283383	121283515	2	-1.2104
DUNGS_p_TCGA_b84_115_SNP_N_GenomeWideSNP_6_F08_771620	X	121287408	121947195	392	0.0103
DUNGS_p_TCGA_b84_115_SNP_N_GenomeWideSNP_6_F08_771620	X	121947311	121948521	4	-1.0982
DUNGS_p_TCGA_b84_115_SNP_N_GenomeWideSNP_6_F08_771620	X	121950968	152060872	18404	0.0137
DUNGS_p_TCGA_b84_115_SNP_N_GenomeWideSNP_6_F08_771620	X	152062248	152138078	64	0.2865
DUNGS_p_TCGA_b84_115_SNP_N_GenomeWideSNP_6_F08_771620	X	152138170	152200283	53	-0.0593
DUNGS_p_TCGA_b84_115_SNP_N_GenomeWideSNP_6_F08_771620	X	152201666	152213311	17	0.4085
DUNGS_p_TCGA_b84_115_SNP_N_GenomeWideSNP_6_F08_771620	X	152213369	153562458	553	0.0425
DUNGS_p_TCGA_b84_115_SNP_N_GenomeWideSNP_6_F08_771620	X	153562778	153576116	12	0.457
DUNGS_p_TCGA_b84_115_SNP_N_GenomeWideSNP_6_F08_771620	X	153576237	153576708	3	-0.5073
DUNGS_p_TCGA_b84_115_SNP_N_GenomeWideSNP_6_F08_771620	X	153576750	153622178	58	0.4433
DUNGS_p_TCGA_b84_115_SNP_N_GenomeWideSNP_6_F08_771620	X	153624034	155182354	548	0.0388
DUNGS_p_TCGA_b84_115_SNP_N_GenomeWideSNP_6_F08_771620	Y	2650438	2878395	112	-2.6456
DUNGS_p_TCGA_b84_115_SNP_N_GenomeWideSNP_6_F08_771620	Y	2878640	2894833	10	-4.0489
DUNGS_p_TCGA_b84_115_SNP_N_GenomeWideSNP_6_F08_771620	Y	2895266	2974832	26	-2.7609
DUNGS_p_TCGA_b84_115_SNP_N_GenomeWideSNP_6_F08_771620	Y	2974958	3157597	43	-1.9188
DUNGS_p_TCGA_b84_115_SNP_N_GenomeWideSNP_6_F08_771620	Y	3158073	3194088	12	-3.2607
DUNGS_p_TCGA_b84_115_SNP_N_GenomeWideSNP_6_F08_771620	Y	3195267	4243201	225	-2.0345
DUNGS_p_TCGA_b84_115_SNP_N_GenomeWideSNP_6_F08_771620	Y	4245859	4280612	7	-4.0025
DUNGS_p_TCGA_b84_115_SNP_N_GenomeWideSNP_6_F08_771620	Y	4283801	5944602	370	-2.1561
DUNGS_p_TCGA_b84_115_SNP_N_GenomeWideSNP_6_F08_771620	Y	5944603	6120432	73	-2.5822
DUNGS_p_TCGA_b84_115_SNP_N_GenomeWideSNP_6_F08_771620	Y	6124280	6283866	74	-3.6405
DUNGS_p_TCGA_b84_115_SNP_N_GenomeWideSNP_6_F08_771620	Y	6287367	6992648	289	-2.5616
DUNGS_p_TCGA_b84_115_SNP_N_GenomeWideSNP_6_F08_771620	Y	6994405	7008631	4	-5.5329
DUNGS_p_TCGA_b84_115_SNP_N_GenomeWideSNP_6_F08_771620	Y	7011666	7399842	180	-2.5161
DUNGS_p_TCGA_b84_115_SNP_N_GenomeWideSNP_6_F08_771620	Y	7400746	7416361	7	-4.1037
DUNGS_p_TCGA_b84_115_SNP_N_GenomeWideSNP_6_F08_771620	Y	7418121	7423301	7	-1.8933
DUNGS_p_TCGA_b84_115_SNP_N_GenomeWideSNP_6_F08_771620	Y	7425943	7445239	14	-2.885
DUNGS_p_TCGA_b84_115_SNP_N_GenomeWideSNP_6_F08_771620	Y	7446090	7518527	29	-3.5551
DUNGS_p_TCGA_b84_115_SNP_N_GenomeWideSNP_6_F08_771620	Y	7518866	7635058	72	-2.4853
DUNGS_p_TCGA_b84_115_SNP_N_GenomeWideSNP_6_F08_771620	Y	7638901	7643394	5	-6.0336
DUNGS_p_TCGA_b84_115_SNP_N_GenomeWideSNP_6_F08_771620	Y	7646694	7811767	133	-2.5589
DUNGS_p_TCGA_b84_115_SNP_N_GenomeWideSNP_6_F08_771620	Y	7812179	7819737	9	-4.1211
DUNGS_p_TCGA_b84_115_SNP_N_GenomeWideSNP_6_F08_771620	Y	7821740	7835713	11	-2.3314
DUNGS_p_TCGA_b84_115_SNP_N_GenomeWideSNP_6_F08_771620	Y	7835840	7835847	2	-6.7278
DUNGS_p_TCGA_b84_115_SNP_N_GenomeWideSNP_6_F08_771620	Y	7836378	8414392	414	-2.7827
DUNGS_p_TCGA_b84_115_SNP_N_GenomeWideSNP_6_F08_771620	Y	8417736	8418927	2	-6.2944
DUNGS_p_TCGA_b84_115_SNP_N_GenomeWideSNP_6_F08_771620	Y	8419335	8611137	102	-3.0745
DUNGS_p_TCGA_b84_115_SNP_N_GenomeWideSNP_6_F08_771620	Y	8611585	8646769	13	-1.5831
DUNGS_p_TCGA_b84_115_SNP_N_GenomeWideSNP_6_F08_771620	Y	8647074	9163699	199	-2.8725
DUNGS_p_TCGA_b84_115_SNP_N_GenomeWideSNP_6_F08_771620	Y	9164332	9391884	29	-4.0964
DUNGS_p_TCGA_b84_115_SNP_N_GenomeWideSNP_6_F08_771620	Y	9392195	9787350	159	-3.1119
DUNGS_p_TCGA_b84_115_SNP_N_GenomeWideSNP_6_F08_771620	Y	9788342	14764167	567	-2.5548
DUNGS_p_TCGA_b84_115_SNP_N_GenomeWideSNP_6_F08_771620	Y	14764865	14787455	8	-3.8018
DUNGS_p_TCGA_b84_115_SNP_N_GenomeWideSNP_6_F08_771620	Y	14787691	14792782	10	-2.4449
DUNGS_p_TCGA_b84_115_SNP_N_GenomeWideSNP_6_F08_771620	Y	14792998	14801663	6	-3.7525
DUNGS_p_TCGA_b84_115_SNP_N_GenomeWideSNP_6_F08_771620	Y	14804077	14806006	3	-6.3388
DUNGS_p_TCGA_b84_115_SNP_N_GenomeWideSNP_6_F08_771620	Y	14809887	15028275	101	-2.7508
DUNGS_p_TCGA_b84_115_SNP_N_GenomeWideSNP_6_F08_771620	Y	15030066	15030817	3	-6.1617
DUNGS_p_TCGA_b84_115_SNP_N_GenomeWideSNP_6_F08_771620	Y	15032288	15590276	249	-2.7093
DUNGS_p_TCGA_b84_115_SNP_N_GenomeWideSNP_6_F08_771620	Y	15590342	15594523	3	-6.6594
DUNGS_p_TCGA_b84_115_SNP_N_GenomeWideSNP_6_F08_771620	Y	15594889	16299746	341	-2.7544
DUNGS_p_TCGA_b84_115_SNP_N_GenomeWideSNP_6_F08_771620	Y	16300535	16301305	2	-6.6368
DUNGS_p_TCGA_b84_115_SNP_N_GenomeWideSNP_6_F08_771620	Y	16304468	16367213	33	-2.5545
DUNGS_p_TCGA_b84_115_SNP_N_GenomeWideSNP_6_F08_771620	Y	16368103	16368310	2	-6.9705
DUNGS_p_TCGA_b84_115_SNP_N_GenomeWideSNP_6_F08_771620	Y	16368344	19574890	1705	-2.7408
DUNGS_p_TCGA_b84_115_SNP_N_GenomeWideSNP_6_F08_771620	Y	19576544	20554418	420	-3.3052
DUNGS_p_TCGA_b84_115_SNP_N_GenomeWideSNP_6_F08_771620	Y	20554776	20570557	9	-5.2115
DUNGS_p_TCGA_b84_115_SNP_N_GenomeWideSNP_6_F08_771620	Y	20575155	20970746	219	-3.4182
DUNGS_p_TCGA_b84_115_SNP_N_GenomeWideSNP_6_F08_771620	Y	20971498	20972173	2	-8.1603
DUNGS_p_TCGA_b84_115_SNP_N_GenomeWideSNP_6_F08_771620	Y	20972409	21028957	23	-3.7748
DUNGS_p_TCGA_b84_115_SNP_N_GenomeWideSNP_6_F08_771620	Y	21029230	21824810	337	-2.7066
DUNGS_p_TCGA_b84_115_SNP_N_GenomeWideSNP_6_F08_771620	Y	21825355	21918647	37	-3.7848
DUNGS_p_TCGA_b84_115_SNP_N_GenomeWideSNP_6_F08_771620	Y	21919253	22900604	285	-2.7044
DUNGS_p_TCGA_b84_115_SNP_N_GenomeWideSNP_6_F08_771620	Y	22905194	22932817	12	-4.7275
DUNGS_p_TCGA_b84_115_SNP_N_GenomeWideSNP_6_F08_771620	Y	22934109	23653771	337	-2.7802
DUNGS_p_TCGA_b84_115_SNP_N_GenomeWideSNP_6_F08_771620	Y	23683731	23690350	2	-8.9677
DUNGS_p_TCGA_b84_115_SNP_N_GenomeWideSNP_6_F08_771620	Y	23715701	24119779	132	-2.7183
DUNGS_p_TCGA_b84_115_SNP_N_GenomeWideSNP_6_F08_771620	Y	24177818	24295769	20	-4.0076
DUNGS_p_TCGA_b84_115_SNP_N_GenomeWideSNP_6_F08_771620	Y	24296746	24306931	11	-2.3916
DUNGS_p_TCGA_b84_115_SNP_N_GenomeWideSNP_6_F08_771620	Y	24309752	24314278	2	-4.9563
DUNGS_p_TCGA_b84_115_SNP_N_GenomeWideSNP_6_F08_771620	Y	24315680	24343347	14	-3.1354
DUNGS_p_TCGA_b84_115_SNP_N_GenomeWideSNP_6_F08_771620	Y	24344296	24359931	6	-4.2656
DUNGS_p_TCGA_b84_115_SNP_N_GenomeWideSNP_6_F08_771620	Y	24361272	24514859	79	-2.5334
DUNGS_p_TCGA_b84_115_SNP_N_GenomeWideSNP_6_F08_771620	Y	24515802	24985389	82	-3.8003
DUNGS_p_TCGA_b84_115_SNP_N_GenomeWideSNP_6_F08_771620	Y	25059391	25355963	9	-1.8967
DUNGS_p_TCGA_b84_115_SNP_N_GenomeWideSNP_6_F08_771620	Y	25403867	26049630	161	-3.5087
DUNGS_p_TCGA_b84_115_SNP_N_GenomeWideSNP_6_F08_771620	Y	26049926	26059305	5	-6.0644
DUNGS_p_TCGA_b84_115_SNP_N_GenomeWideSNP_6_F08_771620	Y	26060553	26201530	60	-3.7154
DUNGS_p_TCGA_b84_115_SNP_N_GenomeWideSNP_6_F08_771620	Y	26202172	26402039	43	-2.5272
DUNGS_p_TCGA_b84_115_SNP_N_GenomeWideSNP_6_F08_771620	Y	26402498	26417092	9	-3.9543
DUNGS_p_TCGA_b84_115_SNP_N_GenomeWideSNP_6_F08_771620	Y	26417501	26438049	11	-2.6767
DUNGS_p_TCGA_b84_115_SNP_N_GenomeWideSNP_6_F08_771620	Y	26440459	26469059	13	-1.7741
DUNGS_p_TCGA_b84_115_SNP_N_GenomeWideSNP_6_F08_771620	Y	26473956	26526212	13	-3.1834
DUNGS_p_TCGA_b84_115_SNP_N_GenomeWideSNP_6_F08_771620	Y	26526478	26619135	5	-1.8336
DUNGS_p_TCGA_b84_115_SNP_N_GenomeWideSNP_6_F08_771620	Y	26630929	27274970	83	-4.0066
DUNGS_p_TCGA_b84_115_SNP_N_GenomeWideSNP_6_F08_771620	Y	27298371	27720551	95	-2.4703
DUNGS_p_TCGA_b84_115_SNP_N_GenomeWideSNP_6_F08_771620	Y	27721084	28051716	136	-3.6356
DUNGS_p_TCGA_b84_115_SNP_N_GenomeWideSNP_6_F08_771620	Y	28052268	28113407	31	-2.6056
DUNGS_p_TCGA_b84_115_SNP_N_GenomeWideSNP_6_F08_771620	Y	28114308	28180322	9	-3.6737
DUNGS_p_TCGA_b84_115_SNP_N_GenomeWideSNP_6_F08_771620	Y	28180757	28214007	6	-6.3336
DUNGS_p_TCGA_b84_115_SNP_N_GenomeWideSNP_6_F08_771620	Y	28215426	28277692	13	-3.4435
DUNGS_p_TCGA_b84_115_SNP_N_GenomeWideSNP_6_F08_771620	Y	28289727	28321752	12	-5.0409
DUNGS_p_TCGA_b84_115_SNP_N_GenomeWideSNP_6_F08_771620	Y	28322019	28423938	44	-3.3285
DUNGS_p_TCGA_b84_115_SNP_N_GenomeWideSNP_6_F08_771620	Y	28438116	59018259	183	-2.5116
