Sample	Chromosome	Start	End	Num_Probes	Segment_Mean
DUNGS_p_TCGA_b84_115_SNP_N_GenomeWideSNP_6_B05_771476	1	61735	86341	15	0.7238
DUNGS_p_TCGA_b84_115_SNP_N_GenomeWideSNP_6_B05_771476	1	98588	16869363	8720	0.0131
DUNGS_p_TCGA_b84_115_SNP_N_GenomeWideSNP_6_B05_771476	1	16871278	17012456	56	0.3306
DUNGS_p_TCGA_b84_115_SNP_N_GenomeWideSNP_6_B05_771476	1	17012741	17036686	16	-0.1045
DUNGS_p_TCGA_b84_115_SNP_N_GenomeWideSNP_6_B05_771476	1	17036888	17177045	29	0.4712
DUNGS_p_TCGA_b84_115_SNP_N_GenomeWideSNP_6_B05_771476	1	17177965	25601859	5347	0.0165
DUNGS_p_TCGA_b84_115_SNP_N_GenomeWideSNP_6_B05_771476	1	25601972	25662212	24	0.4303
DUNGS_p_TCGA_b84_115_SNP_N_GenomeWideSNP_6_B05_771476	1	25663310	30187109	1938	0.0144
DUNGS_p_TCGA_b84_115_SNP_N_GenomeWideSNP_6_B05_771476	1	30187370	30187374	2	-1.153
DUNGS_p_TCGA_b84_115_SNP_N_GenomeWideSNP_6_B05_771476	1	30190281	35091674	3030	0.0178
DUNGS_p_TCGA_b84_115_SNP_N_GenomeWideSNP_6_B05_771476	1	35102654	35114268	21	-0.8079
DUNGS_p_TCGA_b84_115_SNP_N_GenomeWideSNP_6_B05_771476	1	35115542	41021036	3189	0.0154
DUNGS_p_TCGA_b84_115_SNP_N_GenomeWideSNP_6_B05_771476	1	41022076	41028210	4	-1.0893
DUNGS_p_TCGA_b84_115_SNP_N_GenomeWideSNP_6_B05_771476	1	41028926	106013376	41790	0.0186
DUNGS_p_TCGA_b84_115_SNP_N_GenomeWideSNP_6_B05_771476	1	106019205	106022375	17	-0.6079
DUNGS_p_TCGA_b84_115_SNP_N_GenomeWideSNP_6_B05_771476	1	106024055	111380020	3551	0.0218
DUNGS_p_TCGA_b84_115_SNP_N_GenomeWideSNP_6_B05_771476	1	111382479	111383954	15	-0.8029
DUNGS_p_TCGA_b84_115_SNP_N_GenomeWideSNP_6_B05_771476	1	111383972	112690326	1082	0.0193
DUNGS_p_TCGA_b84_115_SNP_N_GenomeWideSNP_6_B05_771476	1	112695965	112706062	28	0.3747
DUNGS_p_TCGA_b84_115_SNP_N_GenomeWideSNP_6_B05_771476	1	112706082	120563977	5066	0.0235
DUNGS_p_TCGA_b84_115_SNP_N_GenomeWideSNP_6_B05_771476	1	120568607	120592874	5	-0.6884
DUNGS_p_TCGA_b84_115_SNP_N_GenomeWideSNP_6_B05_771476	1	120607154	120858756	26	0.0079
DUNGS_p_TCGA_b84_115_SNP_N_GenomeWideSNP_6_B05_771476	1	120868379	120875314	2	-1.279
DUNGS_p_TCGA_b84_115_SNP_N_GenomeWideSNP_6_B05_771476	1	120887482	144949070	216	0.0356
DUNGS_p_TCGA_b84_115_SNP_N_GenomeWideSNP_6_B05_771476	1	144949975	145079996	47	-0.276
DUNGS_p_TCGA_b84_115_SNP_N_GenomeWideSNP_6_B05_771476	1	145080051	152756774	2885	0.0322
DUNGS_p_TCGA_b84_115_SNP_N_GenomeWideSNP_6_B05_771476	1	152756806	152767963	34	0.4683
DUNGS_p_TCGA_b84_115_SNP_N_GenomeWideSNP_6_B05_771476	1	152768259	153321825	448	0.0312
DUNGS_p_TCGA_b84_115_SNP_N_GenomeWideSNP_6_B05_771476	1	153322574	153324574	2	-1.1158
DUNGS_p_TCGA_b84_115_SNP_N_GenomeWideSNP_6_B05_771476	1	153325130	158866573	3181	0.0196
DUNGS_p_TCGA_b84_115_SNP_N_GenomeWideSNP_6_B05_771476	1	158868501	158869759	2	2.1257
DUNGS_p_TCGA_b84_115_SNP_N_GenomeWideSNP_6_B05_771476	1	158874818	158959575	62	-0.0322
DUNGS_p_TCGA_b84_115_SNP_N_GenomeWideSNP_6_B05_771476	1	158962039	158966864	3	-1.3464
DUNGS_p_TCGA_b84_115_SNP_N_GenomeWideSNP_6_B05_771476	1	158966898	159117690	102	0.029
DUNGS_p_TCGA_b84_115_SNP_N_GenomeWideSNP_6_B05_771476	1	159123493	159124441	3	-0.9089
DUNGS_p_TCGA_b84_115_SNP_N_GenomeWideSNP_6_B05_771476	1	159129579	169216937	7555	0.0236
DUNGS_p_TCGA_b84_115_SNP_N_GenomeWideSNP_6_B05_771476	1	169233974	169241766	7	0.9609
DUNGS_p_TCGA_b84_115_SNP_N_GenomeWideSNP_6_B05_771476	1	169242401	179323738	6626	0.0185
DUNGS_p_TCGA_b84_115_SNP_N_GenomeWideSNP_6_B05_771476	1	179330528	179333315	4	-1.3101
DUNGS_p_TCGA_b84_115_SNP_N_GenomeWideSNP_6_B05_771476	1	179339206	189032480	6425	0.0185
DUNGS_p_TCGA_b84_115_SNP_N_GenomeWideSNP_6_B05_771476	1	189034234	189034776	4	-0.9632
DUNGS_p_TCGA_b84_115_SNP_N_GenomeWideSNP_6_B05_771476	1	189037876	189168241	104	-0.0633
DUNGS_p_TCGA_b84_115_SNP_N_GenomeWideSNP_6_B05_771476	1	189172412	189182858	12	-1.0297
DUNGS_p_TCGA_b84_115_SNP_N_GenomeWideSNP_6_B05_771476	1	189189911	193155792	2636	0.0189
DUNGS_p_TCGA_b84_115_SNP_N_GenomeWideSNP_6_B05_771476	1	193156279	193156332	3	1.0919
DUNGS_p_TCGA_b84_115_SNP_N_GenomeWideSNP_6_B05_771476	1	193156348	196659691	2352	0.0161
DUNGS_p_TCGA_b84_115_SNP_N_GenomeWideSNP_6_B05_771476	1	196660233	196660464	3	-0.9215
DUNGS_p_TCGA_b84_115_SNP_N_GenomeWideSNP_6_B05_771476	1	196663913	196714822	49	0.0173
DUNGS_p_TCGA_b84_115_SNP_N_GenomeWideSNP_6_B05_771476	1	196714873	196799505	80	-0.4249
DUNGS_p_TCGA_b84_115_SNP_N_GenomeWideSNP_6_B05_771476	1	196799699	196812507	15	-0.0571
DUNGS_p_TCGA_b84_115_SNP_N_GenomeWideSNP_6_B05_771476	1	196812530	196815791	2	1.8999
DUNGS_p_TCGA_b84_115_SNP_N_GenomeWideSNP_6_B05_771476	1	196816730	198303180	822	0.0331
DUNGS_p_TCGA_b84_115_SNP_N_GenomeWideSNP_6_B05_771476	1	198304274	198307779	5	-0.9171
DUNGS_p_TCGA_b84_115_SNP_N_GenomeWideSNP_6_B05_771476	1	198311359	205599418	5028	0.0182
DUNGS_p_TCGA_b84_115_SNP_N_GenomeWideSNP_6_B05_771476	1	205602677	205603001	2	-1.1345
DUNGS_p_TCGA_b84_115_SNP_N_GenomeWideSNP_6_B05_771476	1	205607838	210071062	2970	0.0201
DUNGS_p_TCGA_b84_115_SNP_N_GenomeWideSNP_6_B05_771476	1	210081613	210083984	3	-1.7174
DUNGS_p_TCGA_b84_115_SNP_N_GenomeWideSNP_6_B05_771476	1	210086552	210598837	346	0.0187
DUNGS_p_TCGA_b84_115_SNP_N_GenomeWideSNP_6_B05_771476	1	210604746	210615293	26	-0.8416
DUNGS_p_TCGA_b84_115_SNP_N_GenomeWideSNP_6_B05_771476	1	210620211	248593241	26561	0.0184
DUNGS_p_TCGA_b84_115_SNP_N_GenomeWideSNP_6_B05_771476	1	248595681	248635140	15	-0.4379
DUNGS_p_TCGA_b84_115_SNP_N_GenomeWideSNP_6_B05_771476	1	248637264	248866903	99	0.0328
DUNGS_p_TCGA_b84_115_SNP_N_GenomeWideSNP_6_B05_771476	1	248867244	248872658	4	-0.8194
DUNGS_p_TCGA_b84_115_SNP_N_GenomeWideSNP_6_B05_771476	1	248876308	249224388	102	-0.064
DUNGS_p_TCGA_b84_115_SNP_N_GenomeWideSNP_6_B05_771476	2	12784	30143	10	-0.0353
DUNGS_p_TCGA_b84_115_SNP_N_GenomeWideSNP_6_B05_771476	2	33901	34346	3	-1.3291
DUNGS_p_TCGA_b84_115_SNP_N_GenomeWideSNP_6_B05_771476	2	36862	4203580	2977	4e-04
DUNGS_p_TCGA_b84_115_SNP_N_GenomeWideSNP_6_B05_771476	2	4205687	4223567	39	-0.6428
DUNGS_p_TCGA_b84_115_SNP_N_GenomeWideSNP_6_B05_771476	2	4223695	13709493	7312	0.0183
DUNGS_p_TCGA_b84_115_SNP_N_GenomeWideSNP_6_B05_771476	2	13713196	13714130	2	-1.2174
DUNGS_p_TCGA_b84_115_SNP_N_GenomeWideSNP_6_B05_771476	2	13716541	17141688	2476	0.0242
DUNGS_p_TCGA_b84_115_SNP_N_GenomeWideSNP_6_B05_771476	2	17142079	17142206	2	1.1129
DUNGS_p_TCGA_b84_115_SNP_N_GenomeWideSNP_6_B05_771476	2	17142736	34701583	11316	0.0202
DUNGS_p_TCGA_b84_115_SNP_N_GenomeWideSNP_6_B05_771476	2	34701625	34737057	43	-0.4996
DUNGS_p_TCGA_b84_115_SNP_N_GenomeWideSNP_6_B05_771476	2	34737163	41238235	4833	0.0289
DUNGS_p_TCGA_b84_115_SNP_N_GenomeWideSNP_6_B05_771476	2	41238443	41245887	23	-0.682
DUNGS_p_TCGA_b84_115_SNP_N_GenomeWideSNP_6_B05_771476	2	41251233	52754468	8200	0.0242
DUNGS_p_TCGA_b84_115_SNP_N_GenomeWideSNP_6_B05_771476	2	52754480	52781542	39	0.734
DUNGS_p_TCGA_b84_115_SNP_N_GenomeWideSNP_6_B05_771476	2	52787949	53248330	398	0.0361
DUNGS_p_TCGA_b84_115_SNP_N_GenomeWideSNP_6_B05_771476	2	53250235	53250786	3	-0.9176
DUNGS_p_TCGA_b84_115_SNP_N_GenomeWideSNP_6_B05_771476	2	53254100	72075475	12345	0.0186
DUNGS_p_TCGA_b84_115_SNP_N_GenomeWideSNP_6_B05_771476	2	72075926	72075986	2	-1.1769
DUNGS_p_TCGA_b84_115_SNP_N_GenomeWideSNP_6_B05_771476	2	72076579	75375179	1758	0.0121
DUNGS_p_TCGA_b84_115_SNP_N_GenomeWideSNP_6_B05_771476	2	75381677	75381796	5	-0.8963
DUNGS_p_TCGA_b84_115_SNP_N_GenomeWideSNP_6_B05_771476	2	75381837	90242500	8540	0.0184
DUNGS_p_TCGA_b84_115_SNP_N_GenomeWideSNP_6_B05_771476	2	90244232	90267121	13	0.4964
DUNGS_p_TCGA_b84_115_SNP_N_GenomeWideSNP_6_B05_771476	2	90269005	97857927	1003	0.0212
DUNGS_p_TCGA_b84_115_SNP_N_GenomeWideSNP_6_B05_771476	2	97865337	97876273	12	-0.6546
DUNGS_p_TCGA_b84_115_SNP_N_GenomeWideSNP_6_B05_771476	2	97876806	98118212	27	-0.0092
DUNGS_p_TCGA_b84_115_SNP_N_GenomeWideSNP_6_B05_771476	2	98140747	98168606	11	0.6229
DUNGS_p_TCGA_b84_115_SNP_N_GenomeWideSNP_6_B05_771476	2	98173428	108589120	6643	0.0159
DUNGS_p_TCGA_b84_115_SNP_N_GenomeWideSNP_6_B05_771476	2	108589314	108590024	7	-0.7419
DUNGS_p_TCGA_b84_115_SNP_N_GenomeWideSNP_6_B05_771476	2	108590190	114362015	2789	0.0203
DUNGS_p_TCGA_b84_115_SNP_N_GenomeWideSNP_6_B05_771476	2	114362414	114389463	6	-1.202
DUNGS_p_TCGA_b84_115_SNP_N_GenomeWideSNP_6_B05_771476	2	114389777	117588586	1944	0.0091
DUNGS_p_TCGA_b84_115_SNP_N_GenomeWideSNP_6_B05_771476	2	117589767	117589853	2	-1.5665
DUNGS_p_TCGA_b84_115_SNP_N_GenomeWideSNP_6_B05_771476	2	117591245	146864583	18178	0.0203
DUNGS_p_TCGA_b84_115_SNP_N_GenomeWideSNP_6_B05_771476	2	146865079	146866934	19	0.7285
DUNGS_p_TCGA_b84_115_SNP_N_GenomeWideSNP_6_B05_771476	2	146877806	163299642	9824	0.0197
DUNGS_p_TCGA_b84_115_SNP_N_GenomeWideSNP_6_B05_771476	2	163299970	163301262	2	-1.4212
DUNGS_p_TCGA_b84_115_SNP_N_GenomeWideSNP_6_B05_771476	2	163308355	164636852	782	0.0284
DUNGS_p_TCGA_b84_115_SNP_N_GenomeWideSNP_6_B05_771476	2	164643488	164645126	5	-1.015
DUNGS_p_TCGA_b84_115_SNP_N_GenomeWideSNP_6_B05_771476	2	164646642	172828841	5028	0.0215
DUNGS_p_TCGA_b84_115_SNP_N_GenomeWideSNP_6_B05_771476	2	172834843	172840385	3	-1.1411
DUNGS_p_TCGA_b84_115_SNP_N_GenomeWideSNP_6_B05_771476	2	172841374	229759646	35312	0.0219
DUNGS_p_TCGA_b84_115_SNP_N_GenomeWideSNP_6_B05_771476	2	229759670	229759836	5	-1.4695
DUNGS_p_TCGA_b84_115_SNP_N_GenomeWideSNP_6_B05_771476	2	229759913	233292760	2049	0.0155
DUNGS_p_TCGA_b84_115_SNP_N_GenomeWideSNP_6_B05_771476	2	233292864	233294239	4	-1.2624
DUNGS_p_TCGA_b84_115_SNP_N_GenomeWideSNP_6_B05_771476	2	233302835	243089456	6197	0.0121
DUNGS_p_TCGA_b84_115_SNP_N_GenomeWideSNP_6_B05_771476	3	60345	8826121	7766	0.0236
DUNGS_p_TCGA_b84_115_SNP_N_GenomeWideSNP_6_B05_771476	3	8829321	8829477	2	-1.3756
DUNGS_p_TCGA_b84_115_SNP_N_GenomeWideSNP_6_B05_771476	3	8833387	14628219	4143	0.0188
DUNGS_p_TCGA_b84_115_SNP_N_GenomeWideSNP_6_B05_771476	3	14628343	14632210	3	-1.0972
DUNGS_p_TCGA_b84_115_SNP_N_GenomeWideSNP_6_B05_771476	3	14632566	17540600	1899	0.0197
DUNGS_p_TCGA_b84_115_SNP_N_GenomeWideSNP_6_B05_771476	3	17543202	17544013	2	-5.8714
DUNGS_p_TCGA_b84_115_SNP_N_GenomeWideSNP_6_B05_771476	3	17546438	17717267	59	0.0217
DUNGS_p_TCGA_b84_115_SNP_N_GenomeWideSNP_6_B05_771476	3	17722224	17724339	3	-1.0624
DUNGS_p_TCGA_b84_115_SNP_N_GenomeWideSNP_6_B05_771476	3	17725213	37977417	13838	0.0205
DUNGS_p_TCGA_b84_115_SNP_N_GenomeWideSNP_6_B05_771476	3	37982108	37986928	18	-0.8507
DUNGS_p_TCGA_b84_115_SNP_N_GenomeWideSNP_6_B05_771476	3	37987106	37987142	2	1.1212
DUNGS_p_TCGA_b84_115_SNP_N_GenomeWideSNP_6_B05_771476	3	37987774	41261234	2161	0.0204
DUNGS_p_TCGA_b84_115_SNP_N_GenomeWideSNP_6_B05_771476	3	41261392	41261538	2	1.0531
DUNGS_p_TCGA_b84_115_SNP_N_GenomeWideSNP_6_B05_771476	3	41261720	41773207	382	0.0411
DUNGS_p_TCGA_b84_115_SNP_N_GenomeWideSNP_6_B05_771476	3	41780147	41788492	7	-1.0536
DUNGS_p_TCGA_b84_115_SNP_N_GenomeWideSNP_6_B05_771476	3	41795841	46049708	2512	0.0259
DUNGS_p_TCGA_b84_115_SNP_N_GenomeWideSNP_6_B05_771476	3	46049836	46051713	2	-0.9394
DUNGS_p_TCGA_b84_115_SNP_N_GenomeWideSNP_6_B05_771476	3	46051743	46422045	230	0.0518
DUNGS_p_TCGA_b84_115_SNP_N_GenomeWideSNP_6_B05_771476	3	46422292	46422387	4	-0.8596
DUNGS_p_TCGA_b84_115_SNP_N_GenomeWideSNP_6_B05_771476	3	46422757	46791545	247	0.0191
DUNGS_p_TCGA_b84_115_SNP_N_GenomeWideSNP_6_B05_771476	3	46793377	46847616	40	-0.9448
DUNGS_p_TCGA_b84_115_SNP_N_GenomeWideSNP_6_B05_771476	3	46849179	47478509	271	1e-04
DUNGS_p_TCGA_b84_115_SNP_N_GenomeWideSNP_6_B05_771476	3	47491822	47497214	3	1.0487
DUNGS_p_TCGA_b84_115_SNP_N_GenomeWideSNP_6_B05_771476	3	47504849	59759505	6877	0.0163
DUNGS_p_TCGA_b84_115_SNP_N_GenomeWideSNP_6_B05_771476	3	59759572	59759586	2	-1.1584
DUNGS_p_TCGA_b84_115_SNP_N_GenomeWideSNP_6_B05_771476	3	59762008	65572698	5315	0.0209
DUNGS_p_TCGA_b84_115_SNP_N_GenomeWideSNP_6_B05_771476	3	65573867	65574439	2	-1.19
DUNGS_p_TCGA_b84_115_SNP_N_GenomeWideSNP_6_B05_771476	3	65575011	68732028	2114	0.0203
DUNGS_p_TCGA_b84_115_SNP_N_GenomeWideSNP_6_B05_771476	3	68746164	68747413	15	1.0275
DUNGS_p_TCGA_b84_115_SNP_N_GenomeWideSNP_6_B05_771476	3	68748758	75568549	4942	0.0222
DUNGS_p_TCGA_b84_115_SNP_N_GenomeWideSNP_6_B05_771476	3	75572549	75586805	6	0.737
DUNGS_p_TCGA_b84_115_SNP_N_GenomeWideSNP_6_B05_771476	3	75595181	89022416	7395	0.0235
DUNGS_p_TCGA_b84_115_SNP_N_GenomeWideSNP_6_B05_771476	3	89027046	89029322	5	-1.0458
DUNGS_p_TCGA_b84_115_SNP_N_GenomeWideSNP_6_B05_771476	3	89030322	89420231	376	0.0549
DUNGS_p_TCGA_b84_115_SNP_N_GenomeWideSNP_6_B05_771476	3	89420473	89420488	2	-1.393
DUNGS_p_TCGA_b84_115_SNP_N_GenomeWideSNP_6_B05_771476	3	89425814	98944834	3250	0.0245
DUNGS_p_TCGA_b84_115_SNP_N_GenomeWideSNP_6_B05_771476	3	98944848	98949314	28	0.3851
DUNGS_p_TCGA_b84_115_SNP_N_GenomeWideSNP_6_B05_771476	3	98949421	107473865	5064	0.0197
DUNGS_p_TCGA_b84_115_SNP_N_GenomeWideSNP_6_B05_771476	3	107474852	107479039	4	-0.9596
DUNGS_p_TCGA_b84_115_SNP_N_GenomeWideSNP_6_B05_771476	3	107479205	125669048	11297	0.02
DUNGS_p_TCGA_b84_115_SNP_N_GenomeWideSNP_6_B05_771476	3	125673383	125675963	3	-2.1945
DUNGS_p_TCGA_b84_115_SNP_N_GenomeWideSNP_6_B05_771476	3	125680500	145737482	12440	0.0193
DUNGS_p_TCGA_b84_115_SNP_N_GenomeWideSNP_6_B05_771476	3	145737956	145738521	3	-1.0894
DUNGS_p_TCGA_b84_115_SNP_N_GenomeWideSNP_6_B05_771476	3	145740470	160524797	9033	0.0217
DUNGS_p_TCGA_b84_115_SNP_N_GenomeWideSNP_6_B05_771476	3	160526257	160532064	3	-1.3038
DUNGS_p_TCGA_b84_115_SNP_N_GenomeWideSNP_6_B05_771476	3	160534225	162513092	1279	0.0169
DUNGS_p_TCGA_b84_115_SNP_N_GenomeWideSNP_6_B05_771476	3	162513149	162540490	19	-2.087
DUNGS_p_TCGA_b84_115_SNP_N_GenomeWideSNP_6_B05_771476	3	162545716	162564055	9	-3.1842
DUNGS_p_TCGA_b84_115_SNP_N_GenomeWideSNP_6_B05_771476	3	162567671	162607212	28	-1.2494
DUNGS_p_TCGA_b84_115_SNP_N_GenomeWideSNP_6_B05_771476	3	162613758	162625995	11	-1.8479
DUNGS_p_TCGA_b84_115_SNP_N_GenomeWideSNP_6_B05_771476	3	162626572	197896118	21939	0.0172
DUNGS_p_TCGA_b84_115_SNP_N_GenomeWideSNP_6_B05_771476	4	12281	9456977	5254	0.0159
DUNGS_p_TCGA_b84_115_SNP_N_GenomeWideSNP_6_B05_771476	4	9461230	9486087	10	-0.6375
DUNGS_p_TCGA_b84_115_SNP_N_GenomeWideSNP_6_B05_771476	4	9496294	10210294	544	0.0017
DUNGS_p_TCGA_b84_115_SNP_N_GenomeWideSNP_6_B05_771476	4	10210390	10235268	37	0.2445
DUNGS_p_TCGA_b84_115_SNP_N_GenomeWideSNP_6_B05_771476	4	10236142	10393154	173	-0.0119
DUNGS_p_TCGA_b84_115_SNP_N_GenomeWideSNP_6_B05_771476	4	10398318	10402718	15	-0.6567
DUNGS_p_TCGA_b84_115_SNP_N_GenomeWideSNP_6_B05_771476	4	10402746	21372003	8029	0.0179
DUNGS_p_TCGA_b84_115_SNP_N_GenomeWideSNP_6_B05_771476	4	21372039	21376851	14	-0.5689
DUNGS_p_TCGA_b84_115_SNP_N_GenomeWideSNP_6_B05_771476	4	21383740	34779054	8776	0.0213
DUNGS_p_TCGA_b84_115_SNP_N_GenomeWideSNP_6_B05_771476	4	34786500	34824725	38	-2.6114
DUNGS_p_TCGA_b84_115_SNP_N_GenomeWideSNP_6_B05_771476	4	34829872	44017141	6059	0.0203
DUNGS_p_TCGA_b84_115_SNP_N_GenomeWideSNP_6_B05_771476	4	44021885	44025746	4	-1.1638
DUNGS_p_TCGA_b84_115_SNP_N_GenomeWideSNP_6_B05_771476	4	44026404	66959360	12063	0.021
DUNGS_p_TCGA_b84_115_SNP_N_GenomeWideSNP_6_B05_771476	4	66962441	66968257	3	-0.9968
DUNGS_p_TCGA_b84_115_SNP_N_GenomeWideSNP_6_B05_771476	4	66976624	69360488	1387	0.0284
DUNGS_p_TCGA_b84_115_SNP_N_GenomeWideSNP_6_B05_771476	4	69360489	69485979	68	0.6174
DUNGS_p_TCGA_b84_115_SNP_N_GenomeWideSNP_6_B05_771476	4	69489335	81309556	7293	0.028
DUNGS_p_TCGA_b84_115_SNP_N_GenomeWideSNP_6_B05_771476	4	81309649	81315546	3	-1.0598
DUNGS_p_TCGA_b84_115_SNP_N_GenomeWideSNP_6_B05_771476	4	81315871	109385588	16874	0.0234
DUNGS_p_TCGA_b84_115_SNP_N_GenomeWideSNP_6_B05_771476	4	109387806	109388635	2	-1.2644
DUNGS_p_TCGA_b84_115_SNP_N_GenomeWideSNP_6_B05_771476	4	109404097	115175323	3601	0.0216
DUNGS_p_TCGA_b84_115_SNP_N_GenomeWideSNP_6_B05_771476	4	115175344	115184252	24	0.612
DUNGS_p_TCGA_b84_115_SNP_N_GenomeWideSNP_6_B05_771476	4	115184266	117306033	1278	0.0197
DUNGS_p_TCGA_b84_115_SNP_N_GenomeWideSNP_6_B05_771476	4	117306850	117308684	4	0.8834
DUNGS_p_TCGA_b84_115_SNP_N_GenomeWideSNP_6_B05_771476	4	117310132	123587390	3769	0.0189
DUNGS_p_TCGA_b84_115_SNP_N_GenomeWideSNP_6_B05_771476	4	123593262	123596513	2	-1.151
DUNGS_p_TCGA_b84_115_SNP_N_GenomeWideSNP_6_B05_771476	4	123596522	123694025	61	0.0513
DUNGS_p_TCGA_b84_115_SNP_N_GenomeWideSNP_6_B05_771476	4	123698904	123699111	2	-1.2996
DUNGS_p_TCGA_b84_115_SNP_N_GenomeWideSNP_6_B05_771476	4	123699121	123872196	107	0.0251
DUNGS_p_TCGA_b84_115_SNP_N_GenomeWideSNP_6_B05_771476	4	123874232	123874300	2	1.2132
DUNGS_p_TCGA_b84_115_SNP_N_GenomeWideSNP_6_B05_771476	4	123876525	124851726	537	0.0053
DUNGS_p_TCGA_b84_115_SNP_N_GenomeWideSNP_6_B05_771476	4	124851900	124852981	2	-1.4072
DUNGS_p_TCGA_b84_115_SNP_N_GenomeWideSNP_6_B05_771476	4	124853405	136061969	6370	0.0207
DUNGS_p_TCGA_b84_115_SNP_N_GenomeWideSNP_6_B05_771476	4	136062214	136080841	12	-0.5573
DUNGS_p_TCGA_b84_115_SNP_N_GenomeWideSNP_6_B05_771476	4	136082380	138092195	1123	0.0256
DUNGS_p_TCGA_b84_115_SNP_N_GenomeWideSNP_6_B05_771476	4	138092239	138093414	15	-0.7962
DUNGS_p_TCGA_b84_115_SNP_N_GenomeWideSNP_6_B05_771476	4	138094958	144288450	4111	0.0209
DUNGS_p_TCGA_b84_115_SNP_N_GenomeWideSNP_6_B05_771476	4	144288466	144290975	6	-0.6364
DUNGS_p_TCGA_b84_115_SNP_N_GenomeWideSNP_6_B05_771476	4	144290998	155267250	6398	0.0201
DUNGS_p_TCGA_b84_115_SNP_N_GenomeWideSNP_6_B05_771476	4	155269311	155269643	4	-0.8418
DUNGS_p_TCGA_b84_115_SNP_N_GenomeWideSNP_6_B05_771476	4	155275689	156968180	1185	0.0113
DUNGS_p_TCGA_b84_115_SNP_N_GenomeWideSNP_6_B05_771476	4	156968283	156968298	2	-1.5773
DUNGS_p_TCGA_b84_115_SNP_N_GenomeWideSNP_6_B05_771476	4	156968473	171267944	9092	0.0209
DUNGS_p_TCGA_b84_115_SNP_N_GenomeWideSNP_6_B05_771476	4	171268082	171268105	3	-1.0696
DUNGS_p_TCGA_b84_115_SNP_N_GenomeWideSNP_6_B05_771476	4	171268113	172989300	1102	0.0173
DUNGS_p_TCGA_b84_115_SNP_N_GenomeWideSNP_6_B05_771476	4	172989373	172989533	8	0.9875
DUNGS_p_TCGA_b84_115_SNP_N_GenomeWideSNP_6_B05_771476	4	172995979	173422522	232	0.0359
DUNGS_p_TCGA_b84_115_SNP_N_GenomeWideSNP_6_B05_771476	4	173424947	173428643	7	1.3409
DUNGS_p_TCGA_b84_115_SNP_N_GenomeWideSNP_6_B05_771476	4	173441132	178783233	3251	0.0174
DUNGS_p_TCGA_b84_115_SNP_N_GenomeWideSNP_6_B05_771476	4	178783584	178789091	2	-1.2108
DUNGS_p_TCGA_b84_115_SNP_N_GenomeWideSNP_6_B05_771476	4	178789359	187078938	6029	0.0196
DUNGS_p_TCGA_b84_115_SNP_N_GenomeWideSNP_6_B05_771476	4	187079047	187079144	2	-1.3589
DUNGS_p_TCGA_b84_115_SNP_N_GenomeWideSNP_6_B05_771476	4	187079183	187901217	615	0.0089
DUNGS_p_TCGA_b84_115_SNP_N_GenomeWideSNP_6_B05_771476	4	187901232	187901245	2	-1.6155
DUNGS_p_TCGA_b84_115_SNP_N_GenomeWideSNP_6_B05_771476	4	187901257	189221258	818	0.0012
DUNGS_p_TCGA_b84_115_SNP_N_GenomeWideSNP_6_B05_771476	4	189221360	189221439	4	1.5494
DUNGS_p_TCGA_b84_115_SNP_N_GenomeWideSNP_6_B05_771476	4	189222813	191027923	1177	0.0357
DUNGS_p_TCGA_b84_115_SNP_N_GenomeWideSNP_6_B05_771476	5	15532	731891	321	-0.0453
DUNGS_p_TCGA_b84_115_SNP_N_GenomeWideSNP_6_B05_771476	5	732903	824448	41	-0.3927
DUNGS_p_TCGA_b84_115_SNP_N_GenomeWideSNP_6_B05_771476	5	825307	5106180	3493	0.0107
DUNGS_p_TCGA_b84_115_SNP_N_GenomeWideSNP_6_B05_771476	5	5108100	5108215	2	-1.338
DUNGS_p_TCGA_b84_115_SNP_N_GenomeWideSNP_6_B05_771476	5	5110282	8766520	3180	0.0237
DUNGS_p_TCGA_b84_115_SNP_N_GenomeWideSNP_6_B05_771476	5	8767977	8768044	2	-0.992
DUNGS_p_TCGA_b84_115_SNP_N_GenomeWideSNP_6_B05_771476	5	8768529	11161625	2101	0.0199
DUNGS_p_TCGA_b84_115_SNP_N_GenomeWideSNP_6_B05_771476	5	11162636	11162771	3	-1.0847
DUNGS_p_TCGA_b84_115_SNP_N_GenomeWideSNP_6_B05_771476	5	11167277	15719222	3083	0.0226
DUNGS_p_TCGA_b84_115_SNP_N_GenomeWideSNP_6_B05_771476	5	15719350	15720597	10	-0.9022
DUNGS_p_TCGA_b84_115_SNP_N_GenomeWideSNP_6_B05_771476	5	15723346	26789496	6721	0.019
DUNGS_p_TCGA_b84_115_SNP_N_GenomeWideSNP_6_B05_771476	5	26797760	26797844	2	-1.9833
DUNGS_p_TCGA_b84_115_SNP_N_GenomeWideSNP_6_B05_771476	5	26803884	29019404	1247	0.0295
DUNGS_p_TCGA_b84_115_SNP_N_GenomeWideSNP_6_B05_771476	5	29020088	29020617	4	-2.5369
DUNGS_p_TCGA_b84_115_SNP_N_GenomeWideSNP_6_B05_771476	5	29023304	46271108	10627	0.0166
DUNGS_p_TCGA_b84_115_SNP_N_GenomeWideSNP_6_B05_771476	5	46271930	46273502	6	1.0673
DUNGS_p_TCGA_b84_115_SNP_N_GenomeWideSNP_6_B05_771476	5	46278212	57329115	5088	0.0158
DUNGS_p_TCGA_b84_115_SNP_N_GenomeWideSNP_6_B05_771476	5	57329530	57333533	28	-0.6335
DUNGS_p_TCGA_b84_115_SNP_N_GenomeWideSNP_6_B05_771476	5	57338357	67453506	6527	0.0245
DUNGS_p_TCGA_b84_115_SNP_N_GenomeWideSNP_6_B05_771476	5	67454496	67464499	6	-0.6908
DUNGS_p_TCGA_b84_115_SNP_N_GenomeWideSNP_6_B05_771476	5	67465803	69074991	778	0.0171
DUNGS_p_TCGA_b84_115_SNP_N_GenomeWideSNP_6_B05_771476	5	69117923	70254906	15	-0.4446
DUNGS_p_TCGA_b84_115_SNP_N_GenomeWideSNP_6_B05_771476	5	70306659	103851221	19567	0.0237
DUNGS_p_TCGA_b84_115_SNP_N_GenomeWideSNP_6_B05_771476	5	103860373	103860604	4	1.9628
DUNGS_p_TCGA_b84_115_SNP_N_GenomeWideSNP_6_B05_771476	5	103861049	103861190	3	-0.8052
DUNGS_p_TCGA_b84_115_SNP_N_GenomeWideSNP_6_B05_771476	5	103861233	106060442	1297	0.0294
DUNGS_p_TCGA_b84_115_SNP_N_GenomeWideSNP_6_B05_771476	5	106060678	106113984	32	-1.0074
DUNGS_p_TCGA_b84_115_SNP_N_GenomeWideSNP_6_B05_771476	5	106116110	106120502	6	-0.2419
DUNGS_p_TCGA_b84_115_SNP_N_GenomeWideSNP_6_B05_771476	5	106120902	106293885	135	-0.9566
DUNGS_p_TCGA_b84_115_SNP_N_GenomeWideSNP_6_B05_771476	5	106294683	114770986	5939	0.0212
DUNGS_p_TCGA_b84_115_SNP_N_GenomeWideSNP_6_B05_771476	5	114771525	114771539	2	-1.5595
DUNGS_p_TCGA_b84_115_SNP_N_GenomeWideSNP_6_B05_771476	5	114773093	117386617	2000	0.0155
DUNGS_p_TCGA_b84_115_SNP_N_GenomeWideSNP_6_B05_771476	5	117388422	117404340	12	-0.7458
DUNGS_p_TCGA_b84_115_SNP_N_GenomeWideSNP_6_B05_771476	5	117406805	119470353	1317	0.0093
DUNGS_p_TCGA_b84_115_SNP_N_GenomeWideSNP_6_B05_771476	5	119470845	119470864	3	-1.2572
DUNGS_p_TCGA_b84_115_SNP_N_GenomeWideSNP_6_B05_771476	5	119472825	155475105	22766	0.0175
DUNGS_p_TCGA_b84_115_SNP_N_GenomeWideSNP_6_B05_771476	5	155476772	155482574	12	-0.8888
DUNGS_p_TCGA_b84_115_SNP_N_GenomeWideSNP_6_B05_771476	5	155482715	174363946	13348	0.0163
DUNGS_p_TCGA_b84_115_SNP_N_GenomeWideSNP_6_B05_771476	5	174364087	174367993	3	-1.0945
DUNGS_p_TCGA_b84_115_SNP_N_GenomeWideSNP_6_B05_771476	5	174372050	174490564	84	-0.0055
DUNGS_p_TCGA_b84_115_SNP_N_GenomeWideSNP_6_B05_771476	5	174491707	174496838	2	-1.1806
DUNGS_p_TCGA_b84_115_SNP_N_GenomeWideSNP_6_B05_771476	5	174496946	175393612	666	0.0064
DUNGS_p_TCGA_b84_115_SNP_N_GenomeWideSNP_6_B05_771476	5	175393750	175420896	4	0.963
DUNGS_p_TCGA_b84_115_SNP_N_GenomeWideSNP_6_B05_771476	5	175426693	175460087	6	0.1381
DUNGS_p_TCGA_b84_115_SNP_N_GenomeWideSNP_6_B05_771476	5	175465689	175469507	2	-3.1365
DUNGS_p_TCGA_b84_115_SNP_N_GenomeWideSNP_6_B05_771476	5	175470324	177197955	728	0.0293
DUNGS_p_TCGA_b84_115_SNP_N_GenomeWideSNP_6_B05_771476	5	177198449	177232605	4	1.305
DUNGS_p_TCGA_b84_115_SNP_N_GenomeWideSNP_6_B05_771476	5	177254965	177259415	2	-1.2192
DUNGS_p_TCGA_b84_115_SNP_N_GenomeWideSNP_6_B05_771476	5	177260330	177353413	9	0.0275
DUNGS_p_TCGA_b84_115_SNP_N_GenomeWideSNP_6_B05_771476	5	177356703	177360868	3	0.8701
DUNGS_p_TCGA_b84_115_SNP_N_GenomeWideSNP_6_B05_771476	5	177377648	178107822	434	0.0187
DUNGS_p_TCGA_b84_115_SNP_N_GenomeWideSNP_6_B05_771476	5	178109975	178118855	4	-0.9892
DUNGS_p_TCGA_b84_115_SNP_N_GenomeWideSNP_6_B05_771476	5	178119758	180374523	1362	0.0278
DUNGS_p_TCGA_b84_115_SNP_N_GenomeWideSNP_6_B05_771476	5	180378710	180442400	22	-0.5577
DUNGS_p_TCGA_b84_115_SNP_N_GenomeWideSNP_6_B05_771476	5	180442441	180790320	168	-0.0442
DUNGS_p_TCGA_b84_115_SNP_N_GenomeWideSNP_6_B05_771476	6	149661	285695	116	-0.0404
DUNGS_p_TCGA_b84_115_SNP_N_GenomeWideSNP_6_B05_771476	6	286393	381149	86	-0.3519
DUNGS_p_TCGA_b84_115_SNP_N_GenomeWideSNP_6_B05_771476	6	382559	4468004	3375	0.0189
DUNGS_p_TCGA_b84_115_SNP_N_GenomeWideSNP_6_B05_771476	6	4470378	4470581	2	-1.2252
DUNGS_p_TCGA_b84_115_SNP_N_GenomeWideSNP_6_B05_771476	6	4471472	10500842	4796	0.0145
DUNGS_p_TCGA_b84_115_SNP_N_GenomeWideSNP_6_B05_771476	6	10501196	10507918	6	-0.6973
DUNGS_p_TCGA_b84_115_SNP_N_GenomeWideSNP_6_B05_771476	6	10508169	13178089	2057	0.0111
DUNGS_p_TCGA_b84_115_SNP_N_GenomeWideSNP_6_B05_771476	6	13180454	13180892	3	-1.056
DUNGS_p_TCGA_b84_115_SNP_N_GenomeWideSNP_6_B05_771476	6	13186473	29837188	11327	0.0188
DUNGS_p_TCGA_b84_115_SNP_N_GenomeWideSNP_6_B05_771476	6	29837314	29849267	14	-0.8386
DUNGS_p_TCGA_b84_115_SNP_N_GenomeWideSNP_6_B05_771476	6	29850196	31286305	676	0.0169
DUNGS_p_TCGA_b84_115_SNP_N_GenomeWideSNP_6_B05_771476	6	31286531	31295406	5	-1.2971
DUNGS_p_TCGA_b84_115_SNP_N_GenomeWideSNP_6_B05_771476	6	31295953	32430729	503	0.0205
DUNGS_p_TCGA_b84_115_SNP_N_GenomeWideSNP_6_B05_771476	6	32430975	32574060	45	-0.2859
DUNGS_p_TCGA_b84_115_SNP_N_GenomeWideSNP_6_B05_771476	6	32574171	32624591	28	0.2069
DUNGS_p_TCGA_b84_115_SNP_N_GenomeWideSNP_6_B05_771476	6	32625095	32626618	4	-1.3532
DUNGS_p_TCGA_b84_115_SNP_N_GenomeWideSNP_6_B05_771476	6	32650612	33937999	810	0.031
DUNGS_p_TCGA_b84_115_SNP_N_GenomeWideSNP_6_B05_771476	6	33938743	33942705	7	-1.1513
DUNGS_p_TCGA_b84_115_SNP_N_GenomeWideSNP_6_B05_771476	6	33944586	48987418	9644	0.0197
DUNGS_p_TCGA_b84_115_SNP_N_GenomeWideSNP_6_B05_771476	6	48994243	48994703	3	-1.0288
DUNGS_p_TCGA_b84_115_SNP_N_GenomeWideSNP_6_B05_771476	6	48995221	53931067	3291	0.0176
DUNGS_p_TCGA_b84_115_SNP_N_GenomeWideSNP_6_B05_771476	6	53931084	53931855	8	1.1365
DUNGS_p_TCGA_b84_115_SNP_N_GenomeWideSNP_6_B05_771476	6	53935348	77429730	12310	0.0239
DUNGS_p_TCGA_b84_115_SNP_N_GenomeWideSNP_6_B05_771476	6	77436159	77468466	26	-0.4276
DUNGS_p_TCGA_b84_115_SNP_N_GenomeWideSNP_6_B05_771476	6	77468588	78010767	336	0.0285
DUNGS_p_TCGA_b84_115_SNP_N_GenomeWideSNP_6_B05_771476	6	78011282	78011402	2	-1.4245
DUNGS_p_TCGA_b84_115_SNP_N_GenomeWideSNP_6_B05_771476	6	78014155	78962889	639	0.0193
DUNGS_p_TCGA_b84_115_SNP_N_GenomeWideSNP_6_B05_771476	6	78969065	79035185	113	-0.6565
DUNGS_p_TCGA_b84_115_SNP_N_GenomeWideSNP_6_B05_771476	6	79039234	93574342	9249	0.016
DUNGS_p_TCGA_b84_115_SNP_N_GenomeWideSNP_6_B05_771476	6	93575866	93578630	31	-0.8755
DUNGS_p_TCGA_b84_115_SNP_N_GenomeWideSNP_6_B05_771476	6	93582923	103734829	6224	0.019
DUNGS_p_TCGA_b84_115_SNP_N_GenomeWideSNP_6_B05_771476	6	103737976	103762061	46	0.6165
DUNGS_p_TCGA_b84_115_SNP_N_GenomeWideSNP_6_B05_771476	6	103765470	125940098	13753	0.0209
DUNGS_p_TCGA_b84_115_SNP_N_GenomeWideSNP_6_B05_771476	6	125940941	125943813	3	-1.0424
DUNGS_p_TCGA_b84_115_SNP_N_GenomeWideSNP_6_B05_771476	6	125944271	150642796	16044	0.0208
DUNGS_p_TCGA_b84_115_SNP_N_GenomeWideSNP_6_B05_771476	6	150644384	150647013	3	-1.1864
DUNGS_p_TCGA_b84_115_SNP_N_GenomeWideSNP_6_B05_771476	6	150651824	155399575	3503	0.0186
DUNGS_p_TCGA_b84_115_SNP_N_GenomeWideSNP_6_B05_771476	6	155401891	155405092	2	-1.2127
DUNGS_p_TCGA_b84_115_SNP_N_GenomeWideSNP_6_B05_771476	6	155406063	161032565	3707	0.0226
DUNGS_p_TCGA_b84_115_SNP_N_GenomeWideSNP_6_B05_771476	6	161032719	161033283	5	0.8951
DUNGS_p_TCGA_b84_115_SNP_N_GenomeWideSNP_6_B05_771476	6	161068042	162813977	1444	0.0233
DUNGS_p_TCGA_b84_115_SNP_N_GenomeWideSNP_6_B05_771476	6	162820486	162821050	2	-1.5789
DUNGS_p_TCGA_b84_115_SNP_N_GenomeWideSNP_6_B05_771476	6	162825102	171051005	5825	0.0111
DUNGS_p_TCGA_b84_115_SNP_N_GenomeWideSNP_6_B05_771476	7	43355	3433032	1480	0.0045
DUNGS_p_TCGA_b84_115_SNP_N_GenomeWideSNP_6_B05_771476	7	3434498	3434715	2	-1.09
DUNGS_p_TCGA_b84_115_SNP_N_GenomeWideSNP_6_B05_771476	7	3437219	4088166	563	0.0265
DUNGS_p_TCGA_b84_115_SNP_N_GenomeWideSNP_6_B05_771476	7	4090183	4094473	5	-0.7169
DUNGS_p_TCGA_b84_115_SNP_N_GenomeWideSNP_6_B05_771476	7	4097676	6960802	1434	0.0281
DUNGS_p_TCGA_b84_115_SNP_N_GenomeWideSNP_6_B05_771476	7	6963659	6964519	3	-0.9719
DUNGS_p_TCGA_b84_115_SNP_N_GenomeWideSNP_6_B05_771476	7	6965895	12002769	4199	0.0327
DUNGS_p_TCGA_b84_115_SNP_N_GenomeWideSNP_6_B05_771476	7	12004972	12010002	6	-1.1167
DUNGS_p_TCGA_b84_115_SNP_N_GenomeWideSNP_6_B05_771476	7	12012979	17731409	4625	0.0335
DUNGS_p_TCGA_b84_115_SNP_N_GenomeWideSNP_6_B05_771476	7	17732490	17732579	2	-1.996
DUNGS_p_TCGA_b84_115_SNP_N_GenomeWideSNP_6_B05_771476	7	17733754	43076091	18444	0.0185
DUNGS_p_TCGA_b84_115_SNP_N_GenomeWideSNP_6_B05_771476	7	43082961	43084661	5	-0.866
DUNGS_p_TCGA_b84_115_SNP_N_GenomeWideSNP_6_B05_771476	7	43085254	54386510	7847	0.017
DUNGS_p_TCGA_b84_115_SNP_N_GenomeWideSNP_6_B05_771476	7	54386512	54386517	3	2.2301
DUNGS_p_TCGA_b84_115_SNP_N_GenomeWideSNP_6_B05_771476	7	54393488	64568852	3140	0.0106
DUNGS_p_TCGA_b84_115_SNP_N_GenomeWideSNP_6_B05_771476	7	64594065	64595698	6	1.1767
DUNGS_p_TCGA_b84_115_SNP_N_GenomeWideSNP_6_B05_771476	7	64637128	65002683	185	-0.01
DUNGS_p_TCGA_b84_115_SNP_N_GenomeWideSNP_6_B05_771476	7	65004474	65026492	3	-1.8265
DUNGS_p_TCGA_b84_115_SNP_N_GenomeWideSNP_6_B05_771476	7	65051738	65261298	73	0.0393
DUNGS_p_TCGA_b84_115_SNP_N_GenomeWideSNP_6_B05_771476	7	65264524	65265010	2	1.2182
DUNGS_p_TCGA_b84_115_SNP_N_GenomeWideSNP_6_B05_771476	7	65265180	70420438	2892	0.0138
DUNGS_p_TCGA_b84_115_SNP_N_GenomeWideSNP_6_B05_771476	7	70423250	70426141	2	1.282
DUNGS_p_TCGA_b84_115_SNP_N_GenomeWideSNP_6_B05_771476	7	70428243	71611665	805	0.0111
DUNGS_p_TCGA_b84_115_SNP_N_GenomeWideSNP_6_B05_771476	7	71612465	71615436	2	-1.1715
DUNGS_p_TCGA_b84_115_SNP_N_GenomeWideSNP_6_B05_771476	7	71615845	71988331	259	0.0315
DUNGS_p_TCGA_b84_115_SNP_N_GenomeWideSNP_6_B05_771476	7	71997205	72002272	3	-1.3783
DUNGS_p_TCGA_b84_115_SNP_N_GenomeWideSNP_6_B05_771476	7	72002782	109441244	21486	0.0224
DUNGS_p_TCGA_b84_115_SNP_N_GenomeWideSNP_6_B05_771476	7	109441629	109453910	10	0.6313
DUNGS_p_TCGA_b84_115_SNP_N_GenomeWideSNP_6_B05_771476	7	109453982	133785340	14772	0.0195
DUNGS_p_TCGA_b84_115_SNP_N_GenomeWideSNP_6_B05_771476	7	133785377	133790443	21	0.6198
DUNGS_p_TCGA_b84_115_SNP_N_GenomeWideSNP_6_B05_771476	7	133795634	139737221	3881	0.0212
DUNGS_p_TCGA_b84_115_SNP_N_GenomeWideSNP_6_B05_771476	7	139739580	139746796	3	-1.1438
DUNGS_p_TCGA_b84_115_SNP_N_GenomeWideSNP_6_B05_771476	7	139748222	140528571	492	0.0189
DUNGS_p_TCGA_b84_115_SNP_N_GenomeWideSNP_6_B05_771476	7	140528822	140529099	3	-0.9628
DUNGS_p_TCGA_b84_115_SNP_N_GenomeWideSNP_6_B05_771476	7	140531561	141028746	385	0.0235
DUNGS_p_TCGA_b84_115_SNP_N_GenomeWideSNP_6_B05_771476	7	141030390	141030804	2	-3.6445
DUNGS_p_TCGA_b84_115_SNP_N_GenomeWideSNP_6_B05_771476	7	141031540	142476764	944	0.0208
DUNGS_p_TCGA_b84_115_SNP_N_GenomeWideSNP_6_B05_771476	7	142476933	142486345	27	0.524
DUNGS_p_TCGA_b84_115_SNP_N_GenomeWideSNP_6_B05_771476	7	142486495	143218858	467	0.0152
DUNGS_p_TCGA_b84_115_SNP_N_GenomeWideSNP_6_B05_771476	7	143218968	143408430	33	0.5669
DUNGS_p_TCGA_b84_115_SNP_N_GenomeWideSNP_6_B05_771476	7	143425378	143431034	17	0.0261
DUNGS_p_TCGA_b84_115_SNP_N_GenomeWideSNP_6_B05_771476	7	143444216	143572166	52	0.4571
DUNGS_p_TCGA_b84_115_SNP_N_GenomeWideSNP_6_B05_771476	7	143572286	153918878	6429	0.0219
DUNGS_p_TCGA_b84_115_SNP_N_GenomeWideSNP_6_B05_771476	7	153920121	153920301	3	-1.2506
DUNGS_p_TCGA_b84_115_SNP_N_GenomeWideSNP_6_B05_771476	7	153922854	159127004	3584	0.0082
DUNGS_p_TCGA_b84_115_SNP_N_GenomeWideSNP_6_B05_771476	8	31254	593041	327	-0.0064
DUNGS_p_TCGA_b84_115_SNP_N_GenomeWideSNP_6_B05_771476	8	594944	595908	10	1.1429
DUNGS_p_TCGA_b84_115_SNP_N_GenomeWideSNP_6_B05_771476	8	601043	1367068	566	-0.0042
DUNGS_p_TCGA_b84_115_SNP_N_GenomeWideSNP_6_B05_771476	8	1367362	1367602	3	-1.1682
DUNGS_p_TCGA_b84_115_SNP_N_GenomeWideSNP_6_B05_771476	8	1367688	2247827	745	0.0017
DUNGS_p_TCGA_b84_115_SNP_N_GenomeWideSNP_6_B05_771476	8	2254638	2259358	12	-0.7187
DUNGS_p_TCGA_b84_115_SNP_N_GenomeWideSNP_6_B05_771476	8	2270328	7186646	6176	0.0265
DUNGS_p_TCGA_b84_115_SNP_N_GenomeWideSNP_6_B05_771476	8	7193821	7238019	25	-0.5148
DUNGS_p_TCGA_b84_115_SNP_N_GenomeWideSNP_6_B05_771476	8	7250380	9053914	1105	0.0376
DUNGS_p_TCGA_b84_115_SNP_N_GenomeWideSNP_6_B05_771476	8	9056367	9062526	28	-0.8493
DUNGS_p_TCGA_b84_115_SNP_N_GenomeWideSNP_6_B05_771476	8	9063027	12198254	2327	0.0224
DUNGS_p_TCGA_b84_115_SNP_N_GenomeWideSNP_6_B05_771476	8	12216009	12247486	40	0.4555
DUNGS_p_TCGA_b84_115_SNP_N_GenomeWideSNP_6_B05_771476	8	12260927	24974476	10503	0.0231
DUNGS_p_TCGA_b84_115_SNP_N_GenomeWideSNP_6_B05_771476	8	24974522	24984333	25	-2.5038
DUNGS_p_TCGA_b84_115_SNP_N_GenomeWideSNP_6_B05_771476	8	24991104	32678866	5457	0.0228
DUNGS_p_TCGA_b84_115_SNP_N_GenomeWideSNP_6_B05_771476	8	32683098	32688413	8	1.7546
DUNGS_p_TCGA_b84_115_SNP_N_GenomeWideSNP_6_B05_771476	8	32692106	35234651	1445	0.0146
DUNGS_p_TCGA_b84_115_SNP_N_GenomeWideSNP_6_B05_771476	8	35235378	35240982	3	-0.8655
DUNGS_p_TCGA_b84_115_SNP_N_GenomeWideSNP_6_B05_771476	8	35243475	39235603	2137	0.0139
DUNGS_p_TCGA_b84_115_SNP_N_GenomeWideSNP_6_B05_771476	8	39246675	39385194	57	-0.4299
DUNGS_p_TCGA_b84_115_SNP_N_GenomeWideSNP_6_B05_771476	8	39386965	57752836	8961	0.0173
DUNGS_p_TCGA_b84_115_SNP_N_GenomeWideSNP_6_B05_771476	8	57757275	57757769	4	-1.2821
DUNGS_p_TCGA_b84_115_SNP_N_GenomeWideSNP_6_B05_771476	8	57759454	58035080	184	0.0119
DUNGS_p_TCGA_b84_115_SNP_N_GenomeWideSNP_6_B05_771476	8	58036209	58036287	3	-0.6342
DUNGS_p_TCGA_b84_115_SNP_N_GenomeWideSNP_6_B05_771476	8	58038631	58115275	50	0.0195
DUNGS_p_TCGA_b84_115_SNP_N_GenomeWideSNP_6_B05_771476	8	58116550	58130025	5	-1.8557
DUNGS_p_TCGA_b84_115_SNP_N_GenomeWideSNP_6_B05_771476	8	58132798	58418031	239	0.0063
DUNGS_p_TCGA_b84_115_SNP_N_GenomeWideSNP_6_B05_771476	8	58418397	58418621	2	-2.2529
DUNGS_p_TCGA_b84_115_SNP_N_GenomeWideSNP_6_B05_771476	8	58418639	60989451	1704	0.0136
DUNGS_p_TCGA_b84_115_SNP_N_GenomeWideSNP_6_B05_771476	8	60999098	61007769	35	-0.9525
DUNGS_p_TCGA_b84_115_SNP_N_GenomeWideSNP_6_B05_771476	8	61007868	66915685	3558	0.0178
DUNGS_p_TCGA_b84_115_SNP_N_GenomeWideSNP_6_B05_771476	8	66915687	66915953	2	-1.3244
DUNGS_p_TCGA_b84_115_SNP_N_GenomeWideSNP_6_B05_771476	8	66916458	68547669	817	0.0263
DUNGS_p_TCGA_b84_115_SNP_N_GenomeWideSNP_6_B05_771476	8	68548132	68548400	6	-0.7653
DUNGS_p_TCGA_b84_115_SNP_N_GenomeWideSNP_6_B05_771476	8	68548491	72212365	2360	0.0108
DUNGS_p_TCGA_b84_115_SNP_N_GenomeWideSNP_6_B05_771476	8	72215311	72216434	7	-0.8719
DUNGS_p_TCGA_b84_115_SNP_N_GenomeWideSNP_6_B05_771476	8	72216501	85257989	7982	0.017
DUNGS_p_TCGA_b84_115_SNP_N_GenomeWideSNP_6_B05_771476	8	85262883	85268666	19	-1.0413
DUNGS_p_TCGA_b84_115_SNP_N_GenomeWideSNP_6_B05_771476	8	85270682	90333691	2794	0.0171
DUNGS_p_TCGA_b84_115_SNP_N_GenomeWideSNP_6_B05_771476	8	90333705	90333857	3	-1.5557
DUNGS_p_TCGA_b84_115_SNP_N_GenomeWideSNP_6_B05_771476	8	90333934	95558115	3061	0.0163
DUNGS_p_TCGA_b84_115_SNP_N_GenomeWideSNP_6_B05_771476	8	95559092	95559832	4	-1.0601
DUNGS_p_TCGA_b84_115_SNP_N_GenomeWideSNP_6_B05_771476	8	95560052	96414834	529	0.0169
DUNGS_p_TCGA_b84_115_SNP_N_GenomeWideSNP_6_B05_771476	8	96415308	96415683	2	-1.1825
DUNGS_p_TCGA_b84_115_SNP_N_GenomeWideSNP_6_B05_771476	8	96416544	103992590	4755	0.0266
DUNGS_p_TCGA_b84_115_SNP_N_GenomeWideSNP_6_B05_771476	8	103994911	103995823	2	-1.6618
DUNGS_p_TCGA_b84_115_SNP_N_GenomeWideSNP_6_B05_771476	8	103997435	112294466	5004	0.0227
DUNGS_p_TCGA_b84_115_SNP_N_GenomeWideSNP_6_B05_771476	8	112294646	112295260	7	-1.7575
DUNGS_p_TCGA_b84_115_SNP_N_GenomeWideSNP_6_B05_771476	8	112300281	115861786	2002	0.0281
DUNGS_p_TCGA_b84_115_SNP_N_GenomeWideSNP_6_B05_771476	8	115865761	115867612	3	-0.9405
DUNGS_p_TCGA_b84_115_SNP_N_GenomeWideSNP_6_B05_771476	8	115868407	140153376	17848	0.0192
DUNGS_p_TCGA_b84_115_SNP_N_GenomeWideSNP_6_B05_771476	8	140153843	140155442	3	-1.4788
DUNGS_p_TCGA_b84_115_SNP_N_GenomeWideSNP_6_B05_771476	8	140156237	146298155	3103	-0.0152
DUNGS_p_TCGA_b84_115_SNP_N_GenomeWideSNP_6_B05_771476	9	46587	672786	657	-0.007
DUNGS_p_TCGA_b84_115_SNP_N_GenomeWideSNP_6_B05_771476	9	672895	673512	5	-1.0048
DUNGS_p_TCGA_b84_115_SNP_N_GenomeWideSNP_6_B05_771476	9	676055	17606537	15228	0.0246
DUNGS_p_TCGA_b84_115_SNP_N_GenomeWideSNP_6_B05_771476	9	17607037	17614933	5	-1.1655
DUNGS_p_TCGA_b84_115_SNP_N_GenomeWideSNP_6_B05_771476	9	17620244	18530255	877	0.0175
DUNGS_p_TCGA_b84_115_SNP_N_GenomeWideSNP_6_B05_771476	9	18530867	18531334	4	1.0026
DUNGS_p_TCGA_b84_115_SNP_N_GenomeWideSNP_6_B05_771476	9	18531480	22492889	3124	0.0162
DUNGS_p_TCGA_b84_115_SNP_N_GenomeWideSNP_6_B05_771476	9	22501913	22502699	2	1.4091
DUNGS_p_TCGA_b84_115_SNP_N_GenomeWideSNP_6_B05_771476	9	22509340	23361805	581	0.0268
DUNGS_p_TCGA_b84_115_SNP_N_GenomeWideSNP_6_B05_771476	9	23363115	23373484	8	0.813
DUNGS_p_TCGA_b84_115_SNP_N_GenomeWideSNP_6_B05_771476	9	23378488	38771787	10731	0.0257
DUNGS_p_TCGA_b84_115_SNP_N_GenomeWideSNP_6_B05_771476	9	38771831	38787493	2	-1.9867
DUNGS_p_TCGA_b84_115_SNP_N_GenomeWideSNP_6_B05_771476	9	38796107	39769325	98	0.0026
DUNGS_p_TCGA_b84_115_SNP_N_GenomeWideSNP_6_B05_771476	9	39773994	39810645	5	-0.931
DUNGS_p_TCGA_b84_115_SNP_N_GenomeWideSNP_6_B05_771476	9	40476154	41952516	65	0.0343
DUNGS_p_TCGA_b84_115_SNP_N_GenomeWideSNP_6_B05_771476	9	41972506	41985187	3	1.1604
DUNGS_p_TCGA_b84_115_SNP_N_GenomeWideSNP_6_B05_771476	9	42023107	43757346	59	-0.4072
DUNGS_p_TCGA_b84_115_SNP_N_GenomeWideSNP_6_B05_771476	9	43767558	44251228	38	0.2128
DUNGS_p_TCGA_b84_115_SNP_N_GenomeWideSNP_6_B05_771476	9	44255487	44272951	8	1.133
DUNGS_p_TCGA_b84_115_SNP_N_GenomeWideSNP_6_B05_771476	9	44273241	68183978	199	0.0788
DUNGS_p_TCGA_b84_115_SNP_N_GenomeWideSNP_6_B05_771476	9	68183981	68209916	10	0.9488
DUNGS_p_TCGA_b84_115_SNP_N_GenomeWideSNP_6_B05_771476	9	68210046	69479877	118	0.0136
DUNGS_p_TCGA_b84_115_SNP_N_GenomeWideSNP_6_B05_771476	9	69492981	69492996	3	1.2248
DUNGS_p_TCGA_b84_115_SNP_N_GenomeWideSNP_6_B05_771476	9	69505946	69522825	10	-0.3367
DUNGS_p_TCGA_b84_115_SNP_N_GenomeWideSNP_6_B05_771476	9	69533038	69615628	8	0.927
DUNGS_p_TCGA_b84_115_SNP_N_GenomeWideSNP_6_B05_771476	9	69630339	90522594	14335	0.0218
DUNGS_p_TCGA_b84_115_SNP_N_GenomeWideSNP_6_B05_771476	9	90554151	90554219	2	1.4532
DUNGS_p_TCGA_b84_115_SNP_N_GenomeWideSNP_6_B05_771476	9	90557957	129877889	27868	0.0209
DUNGS_p_TCGA_b84_115_SNP_N_GenomeWideSNP_6_B05_771476	9	129882218	129883806	2	-1.4347
DUNGS_p_TCGA_b84_115_SNP_N_GenomeWideSNP_6_B05_771476	9	129883949	139427066	5346	0.0187
DUNGS_p_TCGA_b84_115_SNP_N_GenomeWideSNP_6_B05_771476	9	139431355	139431752	3	-1.0992
DUNGS_p_TCGA_b84_115_SNP_N_GenomeWideSNP_6_B05_771476	9	139433801	141005753	552	-9e-04
DUNGS_p_TCGA_b84_115_SNP_N_GenomeWideSNP_6_B05_771476	9	141005772	141031999	35	-0.2801
DUNGS_p_TCGA_b84_115_SNP_N_GenomeWideSNP_6_B05_771476	9	141032943	141091394	13	0.1954
DUNGS_p_TCGA_b84_115_SNP_N_GenomeWideSNP_6_B05_771476	10	72759	4287070	3590	0.0122
DUNGS_p_TCGA_b84_115_SNP_N_GenomeWideSNP_6_B05_771476	10	4290814	4291016	4	1.3567
DUNGS_p_TCGA_b84_115_SNP_N_GenomeWideSNP_6_B05_771476	10	4294071	7098254	2563	0.0178
DUNGS_p_TCGA_b84_115_SNP_N_GenomeWideSNP_6_B05_771476	10	7098269	7098285	2	-1.1777
DUNGS_p_TCGA_b84_115_SNP_N_GenomeWideSNP_6_B05_771476	10	7098419	7116498	22	-0.053
DUNGS_p_TCGA_b84_115_SNP_N_GenomeWideSNP_6_B05_771476	10	7116622	7116716	3	-1.1323
DUNGS_p_TCGA_b84_115_SNP_N_GenomeWideSNP_6_B05_771476	10	7117267	24281017	13017	0.0171
DUNGS_p_TCGA_b84_115_SNP_N_GenomeWideSNP_6_B05_771476	10	24281592	24281926	3	-1.2377
DUNGS_p_TCGA_b84_115_SNP_N_GenomeWideSNP_6_B05_771476	10	24283075	25636948	910	0.0256
DUNGS_p_TCGA_b84_115_SNP_N_GenomeWideSNP_6_B05_771476	10	25637570	25639026	2	-1.5374
DUNGS_p_TCGA_b84_115_SNP_N_GenomeWideSNP_6_B05_771476	10	25639307	25733280	86	0.0225
DUNGS_p_TCGA_b84_115_SNP_N_GenomeWideSNP_6_B05_771476	10	25735631	25735858	2	-1.2836
DUNGS_p_TCGA_b84_115_SNP_N_GenomeWideSNP_6_B05_771476	10	25736207	36391304	7516	0.0187
DUNGS_p_TCGA_b84_115_SNP_N_GenomeWideSNP_6_B05_771476	10	36392445	36394169	8	-0.8976
DUNGS_p_TCGA_b84_115_SNP_N_GenomeWideSNP_6_B05_771476	10	36396442	44435058	2621	0.0134
DUNGS_p_TCGA_b84_115_SNP_N_GenomeWideSNP_6_B05_771476	10	44435246	44435949	4	-1.1047
DUNGS_p_TCGA_b84_115_SNP_N_GenomeWideSNP_6_B05_771476	10	44437185	45409850	797	-6e-04
DUNGS_p_TCGA_b84_115_SNP_N_GenomeWideSNP_6_B05_771476	10	45411165	45412956	8	-1.246
DUNGS_p_TCGA_b84_115_SNP_N_GenomeWideSNP_6_B05_771476	10	45416118	47897394	824	-0.0099
DUNGS_p_TCGA_b84_115_SNP_N_GenomeWideSNP_6_B05_771476	10	47912899	47948060	3	-1.6951
DUNGS_p_TCGA_b84_115_SNP_N_GenomeWideSNP_6_B05_771476	10	47960476	48318619	17	-0.1084
DUNGS_p_TCGA_b84_115_SNP_N_GenomeWideSNP_6_B05_771476	10	48320402	48342513	8	0.4843
DUNGS_p_TCGA_b84_115_SNP_N_GenomeWideSNP_6_B05_771476	10	48344576	48673103	257	0.0222
DUNGS_p_TCGA_b84_115_SNP_N_GenomeWideSNP_6_B05_771476	10	48694134	48883402	12	-0.3756
DUNGS_p_TCGA_b84_115_SNP_N_GenomeWideSNP_6_B05_771476	10	48902376	48958519	6	-1.7027
DUNGS_p_TCGA_b84_115_SNP_N_GenomeWideSNP_6_B05_771476	10	49031175	49389968	25	-0.3869
DUNGS_p_TCGA_b84_115_SNP_N_GenomeWideSNP_6_B05_771476	10	49390308	49459846	74	0.086
DUNGS_p_TCGA_b84_115_SNP_N_GenomeWideSNP_6_B05_771476	10	49460154	49469659	2	-1.2993
DUNGS_p_TCGA_b84_115_SNP_N_GenomeWideSNP_6_B05_771476	10	49473846	55372017	4000	0.0228
DUNGS_p_TCGA_b84_115_SNP_N_GenomeWideSNP_6_B05_771476	10	55379731	55457896	103	-1.0038
DUNGS_p_TCGA_b84_115_SNP_N_GenomeWideSNP_6_B05_771476	10	55459392	59203049	2730	0.033
DUNGS_p_TCGA_b84_115_SNP_N_GenomeWideSNP_6_B05_771476	10	59210505	59210773	4	-1.021
DUNGS_p_TCGA_b84_115_SNP_N_GenomeWideSNP_6_B05_771476	10	59218495	61956342	2040	0.0131
DUNGS_p_TCGA_b84_115_SNP_N_GenomeWideSNP_6_B05_771476	10	61956912	61957236	3	-0.8887
DUNGS_p_TCGA_b84_115_SNP_N_GenomeWideSNP_6_B05_771476	10	61958983	67305085	3519	0.0235
DUNGS_p_TCGA_b84_115_SNP_N_GenomeWideSNP_6_B05_771476	10	67305111	67322926	34	-0.4311
DUNGS_p_TCGA_b84_115_SNP_N_GenomeWideSNP_6_B05_771476	10	67325453	67341553	17	0.0632
DUNGS_p_TCGA_b84_115_SNP_N_GenomeWideSNP_6_B05_771476	10	67343454	67343955	8	-0.7269
DUNGS_p_TCGA_b84_115_SNP_N_GenomeWideSNP_6_B05_771476	10	67344767	70002020	1761	0.03
DUNGS_p_TCGA_b84_115_SNP_N_GenomeWideSNP_6_B05_771476	10	70002108	70004954	3	-1.1058
DUNGS_p_TCGA_b84_115_SNP_N_GenomeWideSNP_6_B05_771476	10	70004990	78252851	5016	0.0213
DUNGS_p_TCGA_b84_115_SNP_N_GenomeWideSNP_6_B05_771476	10	78257061	78257610	2	-1.5842
DUNGS_p_TCGA_b84_115_SNP_N_GenomeWideSNP_6_B05_771476	10	78261267	126575849	33175	0.0166
DUNGS_p_TCGA_b84_115_SNP_N_GenomeWideSNP_6_B05_771476	10	126576467	126580528	6	-1.1868
DUNGS_p_TCGA_b84_115_SNP_N_GenomeWideSNP_6_B05_771476	10	126581891	135234192	6222	0.0106
DUNGS_p_TCGA_b84_115_SNP_N_GenomeWideSNP_6_B05_771476	10	135242873	135377278	110	1.0073
DUNGS_p_TCGA_b84_115_SNP_N_GenomeWideSNP_6_B05_771476	10	135387240	135506704	37	-0.0211
DUNGS_p_TCGA_b84_115_SNP_N_GenomeWideSNP_6_B05_771476	11	198510	5522151	3063	0.019
DUNGS_p_TCGA_b84_115_SNP_N_GenomeWideSNP_6_B05_771476	11	5522175	5523593	6	-0.7991
DUNGS_p_TCGA_b84_115_SNP_N_GenomeWideSNP_6_B05_771476	11	5524464	5787405	239	0.0381
DUNGS_p_TCGA_b84_115_SNP_N_GenomeWideSNP_6_B05_771476	11	5788080	5809139	32	-0.7186
DUNGS_p_TCGA_b84_115_SNP_N_GenomeWideSNP_6_B05_771476	11	5809338	7808469	1505	0.022
DUNGS_p_TCGA_b84_115_SNP_N_GenomeWideSNP_6_B05_771476	11	7809678	7832258	8	-0.696
DUNGS_p_TCGA_b84_115_SNP_N_GenomeWideSNP_6_B05_771476	11	7837009	18950586	7932	0.0253
DUNGS_p_TCGA_b84_115_SNP_N_GenomeWideSNP_6_B05_771476	11	18951037	18958890	22	-0.3474
DUNGS_p_TCGA_b84_115_SNP_N_GenomeWideSNP_6_B05_771476	11	18960024	21846894	2626	0.0158
DUNGS_p_TCGA_b84_115_SNP_N_GenomeWideSNP_6_B05_771476	11	21847506	21848752	5	-0.913
DUNGS_p_TCGA_b84_115_SNP_N_GenomeWideSNP_6_B05_771476	11	21850657	55376654	19270	0.0235
DUNGS_p_TCGA_b84_115_SNP_N_GenomeWideSNP_6_B05_771476	11	55376662	55453009	47	0.531
DUNGS_p_TCGA_b84_115_SNP_N_GenomeWideSNP_6_B05_771476	11	55453576	67475625	6248	0.0177
DUNGS_p_TCGA_b84_115_SNP_N_GenomeWideSNP_6_B05_771476	11	67491014	67501626	4	-1.0112
DUNGS_p_TCGA_b84_115_SNP_N_GenomeWideSNP_6_B05_771476	11	67503656	89474831	13697	0.0223
DUNGS_p_TCGA_b84_115_SNP_N_GenomeWideSNP_6_B05_771476	11	89487949	89501966	4	-1.1316
DUNGS_p_TCGA_b84_115_SNP_N_GenomeWideSNP_6_B05_771476	11	89514228	90558477	565	0.0084
DUNGS_p_TCGA_b84_115_SNP_N_GenomeWideSNP_6_B05_771476	11	90563398	90571038	8	-0.6687
DUNGS_p_TCGA_b84_115_SNP_N_GenomeWideSNP_6_B05_771476	11	90572164	134944770	31947	0.0195
DUNGS_p_TCGA_b84_115_SNP_N_GenomeWideSNP_6_B05_771476	12	150442	9630556	6210	0.0135
DUNGS_p_TCGA_b84_115_SNP_N_GenomeWideSNP_6_B05_771476	12	9633870	9728292	25	0.9729
DUNGS_p_TCGA_b84_115_SNP_N_GenomeWideSNP_6_B05_771476	12	9734969	26640172	11800	0.0192
DUNGS_p_TCGA_b84_115_SNP_N_GenomeWideSNP_6_B05_771476	12	26643310	26643931	4	-1.6114
DUNGS_p_TCGA_b84_115_SNP_N_GenomeWideSNP_6_B05_771476	12	26644777	29163628	1774	0.0161
DUNGS_p_TCGA_b84_115_SNP_N_GenomeWideSNP_6_B05_771476	12	29164321	29164522	2	-1.2979
DUNGS_p_TCGA_b84_115_SNP_N_GenomeWideSNP_6_B05_771476	12	29167983	31906672	2057	0.0265
DUNGS_p_TCGA_b84_115_SNP_N_GenomeWideSNP_6_B05_771476	12	31907274	31909908	4	-1.0621
DUNGS_p_TCGA_b84_115_SNP_N_GenomeWideSNP_6_B05_771476	12	31917220	32074728	134	-0.0039
DUNGS_p_TCGA_b84_115_SNP_N_GenomeWideSNP_6_B05_771476	12	32076034	32076346	2	-1.0479
DUNGS_p_TCGA_b84_115_SNP_N_GenomeWideSNP_6_B05_771476	12	32076622	33294660	882	0.0078
DUNGS_p_TCGA_b84_115_SNP_N_GenomeWideSNP_6_B05_771476	12	33301406	33308360	28	0.4472
DUNGS_p_TCGA_b84_115_SNP_N_GenomeWideSNP_6_B05_771476	12	33308387	33379966	43	0.0112
DUNGS_p_TCGA_b84_115_SNP_N_GenomeWideSNP_6_B05_771476	12	33385830	33395142	6	-0.7726
DUNGS_p_TCGA_b84_115_SNP_N_GenomeWideSNP_6_B05_771476	12	33395418	34207009	515	0.0325
DUNGS_p_TCGA_b84_115_SNP_N_GenomeWideSNP_6_B05_771476	12	34208356	34216305	7	-0.8009
DUNGS_p_TCGA_b84_115_SNP_N_GenomeWideSNP_6_B05_771476	12	34217500	40303506	1360	0.0183
DUNGS_p_TCGA_b84_115_SNP_N_GenomeWideSNP_6_B05_771476	12	40303631	40314584	20	-1.0196
DUNGS_p_TCGA_b84_115_SNP_N_GenomeWideSNP_6_B05_771476	12	40314753	41189547	646	0.0231
DUNGS_p_TCGA_b84_115_SNP_N_GenomeWideSNP_6_B05_771476	12	41190744	41191314	7	-0.925
DUNGS_p_TCGA_b84_115_SNP_N_GenomeWideSNP_6_B05_771476	12	41192654	55727079	8698	0.023
DUNGS_p_TCGA_b84_115_SNP_N_GenomeWideSNP_6_B05_771476	12	55727093	55727183	6	0.7866
DUNGS_p_TCGA_b84_115_SNP_N_GenomeWideSNP_6_B05_771476	12	55728535	58721231	1546	0.0249
DUNGS_p_TCGA_b84_115_SNP_N_GenomeWideSNP_6_B05_771476	12	58730151	58730162	2	-1.634
DUNGS_p_TCGA_b84_115_SNP_N_GenomeWideSNP_6_B05_771476	12	58730848	99791814	26556	0.0212
DUNGS_p_TCGA_b84_115_SNP_N_GenomeWideSNP_6_B05_771476	12	99795293	99798734	31	-0.679
DUNGS_p_TCGA_b84_115_SNP_N_GenomeWideSNP_6_B05_771476	12	99803093	126126340	16897	0.0176
DUNGS_p_TCGA_b84_115_SNP_N_GenomeWideSNP_6_B05_771476	12	126127409	126127702	3	-1.1697
DUNGS_p_TCGA_b84_115_SNP_N_GenomeWideSNP_6_B05_771476	12	126129192	133778189	5888	0.0072
DUNGS_p_TCGA_b84_115_SNP_N_GenomeWideSNP_6_B05_771476	13	19026949	19143824	12	0.5731
DUNGS_p_TCGA_b84_115_SNP_N_GenomeWideSNP_6_B05_771476	13	19174634	19319635	62	-0.0088
DUNGS_p_TCGA_b84_115_SNP_N_GenomeWideSNP_6_B05_771476	13	19368654	19369592	9	0.7438
DUNGS_p_TCGA_b84_115_SNP_N_GenomeWideSNP_6_B05_771476	13	19395638	22416174	1874	0.0143
DUNGS_p_TCGA_b84_115_SNP_N_GenomeWideSNP_6_B05_771476	13	22419282	22420004	3	-1.3505
DUNGS_p_TCGA_b84_115_SNP_N_GenomeWideSNP_6_B05_771476	13	22422301	23629177	938	0.0251
DUNGS_p_TCGA_b84_115_SNP_N_GenomeWideSNP_6_B05_771476	13	23629187	23638195	15	0.4783
DUNGS_p_TCGA_b84_115_SNP_N_GenomeWideSNP_6_B05_771476	13	23638210	32532121	6741	0.0175
DUNGS_p_TCGA_b84_115_SNP_N_GenomeWideSNP_6_B05_771476	13	32532622	32538423	18	-1.0146
DUNGS_p_TCGA_b84_115_SNP_N_GenomeWideSNP_6_B05_771476	13	32540047	38070370	3906	0.0151
DUNGS_p_TCGA_b84_115_SNP_N_GenomeWideSNP_6_B05_771476	13	38071135	38088330	18	-0.3455
DUNGS_p_TCGA_b84_115_SNP_N_GenomeWideSNP_6_B05_771476	13	38088374	38115110	51	-1.0022
DUNGS_p_TCGA_b84_115_SNP_N_GenomeWideSNP_6_B05_771476	13	38125187	39745992	1147	0.0214
DUNGS_p_TCGA_b84_115_SNP_N_GenomeWideSNP_6_B05_771476	13	39747763	39751136	3	-1.0472
DUNGS_p_TCGA_b84_115_SNP_N_GenomeWideSNP_6_B05_771476	13	39754711	57751096	11353	0.0248
DUNGS_p_TCGA_b84_115_SNP_N_GenomeWideSNP_6_B05_771476	13	57758270	57778380	34	-0.6178
DUNGS_p_TCGA_b84_115_SNP_N_GenomeWideSNP_6_B05_771476	13	57789714	115108397	38193	0.0224
DUNGS_p_TCGA_b84_115_SNP_N_GenomeWideSNP_6_B05_771476	14	19002124	19620051	46	0.0566
DUNGS_p_TCGA_b84_115_SNP_N_GenomeWideSNP_6_B05_771476	14	19660853	19693249	4	-1.2545
DUNGS_p_TCGA_b84_115_SNP_N_GenomeWideSNP_6_B05_771476	14	19697885	20412800	130	0.2926
DUNGS_p_TCGA_b84_115_SNP_N_GenomeWideSNP_6_B05_771476	14	20413671	22466734	1435	0.0134
DUNGS_p_TCGA_b84_115_SNP_N_GenomeWideSNP_6_B05_771476	14	22466884	22473714	3	-1.0862
DUNGS_p_TCGA_b84_115_SNP_N_GenomeWideSNP_6_B05_771476	14	22475991	26783903	2949	-0.0033
DUNGS_p_TCGA_b84_115_SNP_N_GenomeWideSNP_6_B05_771476	14	26783911	26783918	7	-1.0055
DUNGS_p_TCGA_b84_115_SNP_N_GenomeWideSNP_6_B05_771476	14	26784913	70018047	27156	0.0204
DUNGS_p_TCGA_b84_115_SNP_N_GenomeWideSNP_6_B05_771476	14	70018368	70022713	9	-0.8342
DUNGS_p_TCGA_b84_115_SNP_N_GenomeWideSNP_6_B05_771476	14	70022726	81146920	7371	0.0172
DUNGS_p_TCGA_b84_115_SNP_N_GenomeWideSNP_6_B05_771476	14	81147375	81156347	2	-1.5409
DUNGS_p_TCGA_b84_115_SNP_N_GenomeWideSNP_6_B05_771476	14	81156859	84504068	2237	0.0155
DUNGS_p_TCGA_b84_115_SNP_N_GenomeWideSNP_6_B05_771476	14	84504107	84504812	2	-1.239
DUNGS_p_TCGA_b84_115_SNP_N_GenomeWideSNP_6_B05_771476	14	84505025	100419433	11163	0.0199
DUNGS_p_TCGA_b84_115_SNP_N_GenomeWideSNP_6_B05_771476	14	100420996	100429216	3	-1.0218
DUNGS_p_TCGA_b84_115_SNP_N_GenomeWideSNP_6_B05_771476	14	100431456	106460902	2671	0.02
DUNGS_p_TCGA_b84_115_SNP_N_GenomeWideSNP_6_B05_771476	14	106479675	106482296	4	0.8995
DUNGS_p_TCGA_b84_115_SNP_N_GenomeWideSNP_6_B05_771476	14	106487040	106538062	23	0.0523
DUNGS_p_TCGA_b84_115_SNP_N_GenomeWideSNP_6_B05_771476	14	106541753	106561441	12	0.9264
DUNGS_p_TCGA_b84_115_SNP_N_GenomeWideSNP_6_B05_771476	14	106567100	106751284	85	0.0775
DUNGS_p_TCGA_b84_115_SNP_N_GenomeWideSNP_6_B05_771476	14	106753859	106753867	3	1.5893
DUNGS_p_TCGA_b84_115_SNP_N_GenomeWideSNP_6_B05_771476	14	106754003	106777343	14	0.0212
DUNGS_p_TCGA_b84_115_SNP_N_GenomeWideSNP_6_B05_771476	14	106783044	106801762	6	-0.7221
DUNGS_p_TCGA_b84_115_SNP_N_GenomeWideSNP_6_B05_771476	14	106802039	107153067	218	0.0114
DUNGS_p_TCGA_b84_115_SNP_N_GenomeWideSNP_6_B05_771476	14	107153166	107184184	24	0.2884
DUNGS_p_TCGA_b84_115_SNP_N_GenomeWideSNP_6_B05_771476	14	107184376	107285437	68	-0.1164
DUNGS_p_TCGA_b84_115_SNP_N_GenomeWideSNP_6_B05_771476	15	20016328	30370031	5103	0.024
DUNGS_p_TCGA_b84_115_SNP_N_GenomeWideSNP_6_B05_771476	15	30386411	30900878	111	-1.3213
DUNGS_p_TCGA_b84_115_SNP_N_GenomeWideSNP_6_B05_771476	15	30913587	32443464	1050	0.023
DUNGS_p_TCGA_b84_115_SNP_N_GenomeWideSNP_6_B05_771476	15	32444055	32857482	66	-0.6427
DUNGS_p_TCGA_b84_115_SNP_N_GenomeWideSNP_6_B05_771476	15	32859858	43885118	7261	0.0227
DUNGS_p_TCGA_b84_115_SNP_N_GenomeWideSNP_6_B05_771476	15	43892841	43895706	9	0.5575
DUNGS_p_TCGA_b84_115_SNP_N_GenomeWideSNP_6_B05_771476	15	43896262	43938383	13	1e-04
DUNGS_p_TCGA_b84_115_SNP_N_GenomeWideSNP_6_B05_771476	15	43938806	43991014	6	0.7014
DUNGS_p_TCGA_b84_115_SNP_N_GenomeWideSNP_6_B05_771476	15	43992658	43995888	3	-1.0695
DUNGS_p_TCGA_b84_115_SNP_N_GenomeWideSNP_6_B05_771476	15	44012040	45738154	797	0.0103
DUNGS_p_TCGA_b84_115_SNP_N_GenomeWideSNP_6_B05_771476	15	45742278	45748752	2	-2.2878
DUNGS_p_TCGA_b84_115_SNP_N_GenomeWideSNP_6_B05_771476	15	45757083	56790855	7176	0.0171
DUNGS_p_TCGA_b84_115_SNP_N_GenomeWideSNP_6_B05_771476	15	56790880	56800977	21	-0.7743
DUNGS_p_TCGA_b84_115_SNP_N_GenomeWideSNP_6_B05_771476	15	56801623	62985202	4641	0.0231
DUNGS_p_TCGA_b84_115_SNP_N_GenomeWideSNP_6_B05_771476	15	62989775	62989849	2	-1.6212
DUNGS_p_TCGA_b84_115_SNP_N_GenomeWideSNP_6_B05_771476	15	62990409	65814102	1571	0.0238
DUNGS_p_TCGA_b84_115_SNP_N_GenomeWideSNP_6_B05_771476	15	65816942	65818387	3	-3.0987
DUNGS_p_TCGA_b84_115_SNP_N_GenomeWideSNP_6_B05_771476	15	65822534	76878362	6552	0.0194
DUNGS_p_TCGA_b84_115_SNP_N_GenomeWideSNP_6_B05_771476	15	76891241	76895774	21	0.6637
DUNGS_p_TCGA_b84_115_SNP_N_GenomeWideSNP_6_B05_771476	15	76895775	102469040	17701	0.0159
DUNGS_p_TCGA_b84_115_SNP_N_GenomeWideSNP_6_B05_771476	16	60777	1297720	426	-0.0596
DUNGS_p_TCGA_b84_115_SNP_N_GenomeWideSNP_6_B05_771476	16	1320593	1350198	11	-0.967
DUNGS_p_TCGA_b84_115_SNP_N_GenomeWideSNP_6_B05_771476	16	1353676	7146430	4067	0.0265
DUNGS_p_TCGA_b84_115_SNP_N_GenomeWideSNP_6_B05_771476	16	7146477	7146657	3	-1.0834
DUNGS_p_TCGA_b84_115_SNP_N_GenomeWideSNP_6_B05_771476	16	7147015	7702810	725	0.0112
DUNGS_p_TCGA_b84_115_SNP_N_GenomeWideSNP_6_B05_771476	16	7704203	7704408	3	-3.6859
DUNGS_p_TCGA_b84_115_SNP_N_GenomeWideSNP_6_B05_771476	16	7707919	15049658	5919	0.0186
DUNGS_p_TCGA_b84_115_SNP_N_GenomeWideSNP_6_B05_771476	16	15049885	15085684	38	0.364
DUNGS_p_TCGA_b84_115_SNP_N_GenomeWideSNP_6_B05_771476	16	15087171	17916410	1406	0.007
DUNGS_p_TCGA_b84_115_SNP_N_GenomeWideSNP_6_B05_771476	16	17919457	17920303	3	-1.1056
DUNGS_p_TCGA_b84_115_SNP_N_GenomeWideSNP_6_B05_771476	16	17920503	18006577	59	0.0244
DUNGS_p_TCGA_b84_115_SNP_N_GenomeWideSNP_6_B05_771476	16	18007223	18007432	2	-6.5337
DUNGS_p_TCGA_b84_115_SNP_N_GenomeWideSNP_6_B05_771476	16	18007501	32040483	7435	0.0155
DUNGS_p_TCGA_b84_115_SNP_N_GenomeWideSNP_6_B05_771476	16	32040814	32430973	53	0.3776
DUNGS_p_TCGA_b84_115_SNP_N_GenomeWideSNP_6_B05_771476	16	32433053	32655523	61	0.752
DUNGS_p_TCGA_b84_115_SNP_N_GenomeWideSNP_6_B05_771476	16	32743289	33608393	130	0.364
DUNGS_p_TCGA_b84_115_SNP_N_GenomeWideSNP_6_B05_771476	16	33609783	77372502	20385	0.0163
DUNGS_p_TCGA_b84_115_SNP_N_GenomeWideSNP_6_B05_771476	16	77373039	77373803	5	-0.8602
DUNGS_p_TCGA_b84_115_SNP_N_GenomeWideSNP_6_B05_771476	16	77375182	90287535	11747	0.0127
DUNGS_p_TCGA_b84_115_SNP_N_GenomeWideSNP_6_B05_771476	17	526	59761	31	-0.0744
DUNGS_p_TCGA_b84_115_SNP_N_GenomeWideSNP_6_B05_771476	17	59902	60531	3	-0.9779
DUNGS_p_TCGA_b84_115_SNP_N_GenomeWideSNP_6_B05_771476	17	65221	5860125	3158	0.0195
DUNGS_p_TCGA_b84_115_SNP_N_GenomeWideSNP_6_B05_771476	17	5862294	5862332	2	-1.2004
DUNGS_p_TCGA_b84_115_SNP_N_GenomeWideSNP_6_B05_771476	17	5862792	15482515	6834	0.0207
DUNGS_p_TCGA_b84_115_SNP_N_GenomeWideSNP_6_B05_771476	17	15483621	15484871	2	-1.7317
DUNGS_p_TCGA_b84_115_SNP_N_GenomeWideSNP_6_B05_771476	17	15490100	16654301	488	0.0209
DUNGS_p_TCGA_b84_115_SNP_N_GenomeWideSNP_6_B05_771476	17	16657331	16738160	12	-0.7093
DUNGS_p_TCGA_b84_115_SNP_N_GenomeWideSNP_6_B05_771476	17	16740270	18319862	922	-0.0014
DUNGS_p_TCGA_b84_115_SNP_N_GenomeWideSNP_6_B05_771476	17	18355392	18465221	29	0.8615
DUNGS_p_TCGA_b84_115_SNP_N_GenomeWideSNP_6_B05_771476	17	18469197	26779053	2331	0.0236
DUNGS_p_TCGA_b84_115_SNP_N_GenomeWideSNP_6_B05_771476	17	26781341	26782319	2	1.4815
DUNGS_p_TCGA_b84_115_SNP_N_GenomeWideSNP_6_B05_771476	17	26789271	32375998	3122	0.0289
DUNGS_p_TCGA_b84_115_SNP_N_GenomeWideSNP_6_B05_771476	17	32376384	32377373	2	-1.1278
DUNGS_p_TCGA_b84_115_SNP_N_GenomeWideSNP_6_B05_771476	17	32377674	34436708	1468	0.0256
DUNGS_p_TCGA_b84_115_SNP_N_GenomeWideSNP_6_B05_771476	17	34437128	34485091	37	0.8847
DUNGS_p_TCGA_b84_115_SNP_N_GenomeWideSNP_6_B05_771476	17	34528125	39421708	2545	0.0197
DUNGS_p_TCGA_b84_115_SNP_N_GenomeWideSNP_6_B05_771476	17	39423014	39430450	23	-1.0738
DUNGS_p_TCGA_b84_115_SNP_N_GenomeWideSNP_6_B05_771476	17	39430531	41432265	1111	0.0284
DUNGS_p_TCGA_b84_115_SNP_N_GenomeWideSNP_6_B05_771476	17	41438590	41439921	3	1.2407
DUNGS_p_TCGA_b84_115_SNP_N_GenomeWideSNP_6_B05_771476	17	41443704	44188392	1417	0.0096
DUNGS_p_TCGA_b84_115_SNP_N_GenomeWideSNP_6_B05_771476	17	44190684	44364170	108	-0.3209
DUNGS_p_TCGA_b84_115_SNP_N_GenomeWideSNP_6_B05_771476	17	44394412	44785682	53	0.4348
DUNGS_p_TCGA_b84_115_SNP_N_GenomeWideSNP_6_B05_771476	17	44788194	53461352	5230	0.0259
DUNGS_p_TCGA_b84_115_SNP_N_GenomeWideSNP_6_B05_771476	17	53464774	53465276	2	-1.1763
DUNGS_p_TCGA_b84_115_SNP_N_GenomeWideSNP_6_B05_771476	17	53468213	54597549	932	0.0165
DUNGS_p_TCGA_b84_115_SNP_N_GenomeWideSNP_6_B05_771476	17	54599570	54602091	2	-1.1085
DUNGS_p_TCGA_b84_115_SNP_N_GenomeWideSNP_6_B05_771476	17	54603977	57055029	1614	0.0193
DUNGS_p_TCGA_b84_115_SNP_N_GenomeWideSNP_6_B05_771476	17	57059523	57171147	42	0.6267
DUNGS_p_TCGA_b84_115_SNP_N_GenomeWideSNP_6_B05_771476	17	57177662	77363513	12173	0.0178
DUNGS_p_TCGA_b84_115_SNP_N_GenomeWideSNP_6_B05_771476	17	77365534	77389101	19	0.6529
DUNGS_p_TCGA_b84_115_SNP_N_GenomeWideSNP_6_B05_771476	17	77400623	81049726	1619	0.0275
DUNGS_p_TCGA_b84_115_SNP_N_GenomeWideSNP_6_B05_771476	18	11543	3557121	2484	0.0123
DUNGS_p_TCGA_b84_115_SNP_N_GenomeWideSNP_6_B05_771476	18	3560934	3561821	2	-1.2707
DUNGS_p_TCGA_b84_115_SNP_N_GenomeWideSNP_6_B05_771476	18	3563130	4332195	628	0.0243
DUNGS_p_TCGA_b84_115_SNP_N_GenomeWideSNP_6_B05_771476	18	4334465	4336191	3	-1.2781
DUNGS_p_TCGA_b84_115_SNP_N_GenomeWideSNP_6_B05_771476	18	4336259	26187998	12007	0.0152
DUNGS_p_TCGA_b84_115_SNP_N_GenomeWideSNP_6_B05_771476	18	26188056	26191431	2	-1.3646
DUNGS_p_TCGA_b84_115_SNP_N_GenomeWideSNP_6_B05_771476	18	26191770	38258616	7736	0.0158
DUNGS_p_TCGA_b84_115_SNP_N_GenomeWideSNP_6_B05_771476	18	38258705	38265389	21	-0.4664
DUNGS_p_TCGA_b84_115_SNP_N_GenomeWideSNP_6_B05_771476	18	38268024	41974818	2367	0.0299
DUNGS_p_TCGA_b84_115_SNP_N_GenomeWideSNP_6_B05_771476	18	41976886	41978625	6	-0.9189
DUNGS_p_TCGA_b84_115_SNP_N_GenomeWideSNP_6_B05_771476	18	41982671	50007626	5745	0.0166
DUNGS_p_TCGA_b84_115_SNP_N_GenomeWideSNP_6_B05_771476	18	50009209	50009513	2	-1.1016
DUNGS_p_TCGA_b84_115_SNP_N_GenomeWideSNP_6_B05_771476	18	50009678	51204135	802	0.0144
DUNGS_p_TCGA_b84_115_SNP_N_GenomeWideSNP_6_B05_771476	18	51207209	51210640	5	-0.9698
DUNGS_p_TCGA_b84_115_SNP_N_GenomeWideSNP_6_B05_771476	18	51212148	60943987	6633	0.0164
DUNGS_p_TCGA_b84_115_SNP_N_GenomeWideSNP_6_B05_771476	18	60949105	60949447	7	0.8097
DUNGS_p_TCGA_b84_115_SNP_N_GenomeWideSNP_6_B05_771476	18	60953092	78015057	12416	0.0213
DUNGS_p_TCGA_b84_115_SNP_N_GenomeWideSNP_6_B05_771476	19	90910	5506457	1599	0.0077
DUNGS_p_TCGA_b84_115_SNP_N_GenomeWideSNP_6_B05_771476	19	5506659	5510580	3	1.0999
DUNGS_p_TCGA_b84_115_SNP_N_GenomeWideSNP_6_B05_771476	19	5510653	12692001	3477	0.0189
DUNGS_p_TCGA_b84_115_SNP_N_GenomeWideSNP_6_B05_771476	19	12697366	12700686	4	-1.0789
DUNGS_p_TCGA_b84_115_SNP_N_GenomeWideSNP_6_B05_771476	19	12702316	15780513	1537	0.0306
DUNGS_p_TCGA_b84_115_SNP_N_GenomeWideSNP_6_B05_771476	19	15780615	15791664	18	0.7204
DUNGS_p_TCGA_b84_115_SNP_N_GenomeWideSNP_6_B05_771476	19	15792477	15793285	4	-0.2056
DUNGS_p_TCGA_b84_115_SNP_N_GenomeWideSNP_6_B05_771476	19	15794727	15820217	23	0.4002
DUNGS_p_TCGA_b84_115_SNP_N_GenomeWideSNP_6_B05_771476	19	15820323	15824071	4	1.0929
DUNGS_p_TCGA_b84_115_SNP_N_GenomeWideSNP_6_B05_771476	19	15824942	20594676	2322	0.0181
DUNGS_p_TCGA_b84_115_SNP_N_GenomeWideSNP_6_B05_771476	19	20596206	20721234	72	-0.7193
DUNGS_p_TCGA_b84_115_SNP_N_GenomeWideSNP_6_B05_771476	19	20721462	21747815	578	0.0019
DUNGS_p_TCGA_b84_115_SNP_N_GenomeWideSNP_6_B05_771476	19	21751790	21752049	4	-1.1418
DUNGS_p_TCGA_b84_115_SNP_N_GenomeWideSNP_6_B05_771476	19	21753844	31284806	4041	0.0183
DUNGS_p_TCGA_b84_115_SNP_N_GenomeWideSNP_6_B05_771476	19	31288118	31288540	2	-1.4527
DUNGS_p_TCGA_b84_115_SNP_N_GenomeWideSNP_6_B05_771476	19	31290599	43697333	7096	0.0234
DUNGS_p_TCGA_b84_115_SNP_N_GenomeWideSNP_6_B05_771476	19	43703033	43756237	22	-0.8304
DUNGS_p_TCGA_b84_115_SNP_N_GenomeWideSNP_6_B05_771476	19	43766659	43768182	4	-0.2149
DUNGS_p_TCGA_b84_115_SNP_N_GenomeWideSNP_6_B05_771476	19	43769833	43784292	7	0.5614
DUNGS_p_TCGA_b84_115_SNP_N_GenomeWideSNP_6_B05_771476	19	43784309	44902381	740	0.0296
DUNGS_p_TCGA_b84_115_SNP_N_GenomeWideSNP_6_B05_771476	19	44905905	44907183	6	-0.5413
DUNGS_p_TCGA_b84_115_SNP_N_GenomeWideSNP_6_B05_771476	19	44907807	45005628	82	0.0567
DUNGS_p_TCGA_b84_115_SNP_N_GenomeWideSNP_6_B05_771476	19	45008242	45017956	8	-1.142
DUNGS_p_TCGA_b84_115_SNP_N_GenomeWideSNP_6_B05_771476	19	45020272	50684733	2498	0.0207
DUNGS_p_TCGA_b84_115_SNP_N_GenomeWideSNP_6_B05_771476	19	50685828	50689643	3	-1.2083
DUNGS_p_TCGA_b84_115_SNP_N_GenomeWideSNP_6_B05_771476	19	50698617	52131813	824	0.0123
DUNGS_p_TCGA_b84_115_SNP_N_GenomeWideSNP_6_B05_771476	19	52142352	52148197	11	-0.8988
DUNGS_p_TCGA_b84_115_SNP_N_GenomeWideSNP_6_B05_771476	19	52154905	53316340	792	0.0026
DUNGS_p_TCGA_b84_115_SNP_N_GenomeWideSNP_6_B05_771476	19	53319104	53319159	2	-1.6319
DUNGS_p_TCGA_b84_115_SNP_N_GenomeWideSNP_6_B05_771476	19	53327390	53333888	15	-0.0188
DUNGS_p_TCGA_b84_115_SNP_N_GenomeWideSNP_6_B05_771476	19	53333903	53334728	3	-0.9348
DUNGS_p_TCGA_b84_115_SNP_N_GenomeWideSNP_6_B05_771476	19	53335368	56278050	1720	4e-04
DUNGS_p_TCGA_b84_115_SNP_N_GenomeWideSNP_6_B05_771476	19	56282070	56283067	5	-0.9974
DUNGS_p_TCGA_b84_115_SNP_N_GenomeWideSNP_6_B05_771476	19	56286293	59097854	1850	0.0019
DUNGS_p_TCGA_b84_115_SNP_N_GenomeWideSNP_6_B05_771476	20	61305	1560999	1207	0.0272
DUNGS_p_TCGA_b84_115_SNP_N_GenomeWideSNP_6_B05_771476	20	1561580	1593893	41	1.0058
DUNGS_p_TCGA_b84_115_SNP_N_GenomeWideSNP_6_B05_771476	20	1597946	24719072	18050	0.0183
DUNGS_p_TCGA_b84_115_SNP_N_GenomeWideSNP_6_B05_771476	20	24719254	24719618	2	-1.1821
DUNGS_p_TCGA_b84_115_SNP_N_GenomeWideSNP_6_B05_771476	20	24723609	31566845	1685	0.0179
DUNGS_p_TCGA_b84_115_SNP_N_GenomeWideSNP_6_B05_771476	20	31570971	31571022	2	-1.3586
DUNGS_p_TCGA_b84_115_SNP_N_GenomeWideSNP_6_B05_771476	20	31571900	53267111	14602	0.0156
DUNGS_p_TCGA_b84_115_SNP_N_GenomeWideSNP_6_B05_771476	20	53268004	53268303	3	-1.0896
DUNGS_p_TCGA_b84_115_SNP_N_GenomeWideSNP_6_B05_771476	20	53274380	55585046	1936	0.0267
DUNGS_p_TCGA_b84_115_SNP_N_GenomeWideSNP_6_B05_771476	20	55586814	55587448	2	-1.319
DUNGS_p_TCGA_b84_115_SNP_N_GenomeWideSNP_6_B05_771476	20	55594686	62956153	5004	0.0163
DUNGS_p_TCGA_b84_115_SNP_N_GenomeWideSNP_6_B05_771476	21	10736871	10943554	35	0.4226
DUNGS_p_TCGA_b84_115_SNP_N_GenomeWideSNP_6_B05_771476	21	10953424	14436791	94	0.0672
DUNGS_p_TCGA_b84_115_SNP_N_GenomeWideSNP_6_B05_771476	21	14446712	14538478	16	-1.0317
DUNGS_p_TCGA_b84_115_SNP_N_GenomeWideSNP_6_B05_771476	21	14538557	34617213	14446	0.0231
DUNGS_p_TCGA_b84_115_SNP_N_GenomeWideSNP_6_B05_771476	21	34617950	34618089	2	-1.3541
DUNGS_p_TCGA_b84_115_SNP_N_GenomeWideSNP_6_B05_771476	21	34618240	48096957	9840	0.0153
DUNGS_p_TCGA_b84_115_SNP_N_GenomeWideSNP_6_B05_771476	22	16052528	18055605	783	0.0206
DUNGS_p_TCGA_b84_115_SNP_N_GenomeWideSNP_6_B05_771476	22	18058748	18058885	2	2.0704
DUNGS_p_TCGA_b84_115_SNP_N_GenomeWideSNP_6_B05_771476	22	18062891	18748454	434	0.0154
DUNGS_p_TCGA_b84_115_SNP_N_GenomeWideSNP_6_B05_771476	22	18770421	18770527	2	-1.1982
DUNGS_p_TCGA_b84_115_SNP_N_GenomeWideSNP_6_B05_771476	22	18781546	21572214	1636	-0.0248
DUNGS_p_TCGA_b84_115_SNP_N_GenomeWideSNP_6_B05_771476	22	21595029	21595178	2	1.9237
DUNGS_p_TCGA_b84_115_SNP_N_GenomeWideSNP_6_B05_771476	22	21607084	24337949	1765	-0.0149
DUNGS_p_TCGA_b84_115_SNP_N_GenomeWideSNP_6_B05_771476	22	24344422	24391081	17	0.6968
DUNGS_p_TCGA_b84_115_SNP_N_GenomeWideSNP_6_B05_771476	22	24393745	36444188	9155	0.0143
DUNGS_p_TCGA_b84_115_SNP_N_GenomeWideSNP_6_B05_771476	22	36444319	36445516	2	-1.1546
DUNGS_p_TCGA_b84_115_SNP_N_GenomeWideSNP_6_B05_771476	22	36445533	36941065	339	-0.0197
DUNGS_p_TCGA_b84_115_SNP_N_GenomeWideSNP_6_B05_771476	22	36943781	36951324	6	-0.9766
DUNGS_p_TCGA_b84_115_SNP_N_GenomeWideSNP_6_B05_771476	22	36951363	45133340	4961	0.0167
DUNGS_p_TCGA_b84_115_SNP_N_GenomeWideSNP_6_B05_771476	22	45135806	45136635	3	-1.373
DUNGS_p_TCGA_b84_115_SNP_N_GenomeWideSNP_6_B05_771476	22	45136906	51234455	4476	0.0086
DUNGS_p_TCGA_b84_115_SNP_N_GenomeWideSNP_6_B05_771476	X	168477	55701259	32349	0.0211
DUNGS_p_TCGA_b84_115_SNP_N_GenomeWideSNP_6_B05_771476	X	55702659	55703315	2	-3.6284
DUNGS_p_TCGA_b84_115_SNP_N_GenomeWideSNP_6_B05_771476	X	55707556	76349873	7827	0.023
DUNGS_p_TCGA_b84_115_SNP_N_GenomeWideSNP_6_B05_771476	X	76353650	76473278	13	0.5754
DUNGS_p_TCGA_b84_115_SNP_N_GenomeWideSNP_6_B05_771476	X	76476301	142592350	36909	0.0201
DUNGS_p_TCGA_b84_115_SNP_N_GenomeWideSNP_6_B05_771476	X	142592846	142593050	3	1.1331
DUNGS_p_TCGA_b84_115_SNP_N_GenomeWideSNP_6_B05_771476	X	142593377	152228035	6395	0.019
DUNGS_p_TCGA_b84_115_SNP_N_GenomeWideSNP_6_B05_771476	X	152228941	152327820	2	-1.3899
DUNGS_p_TCGA_b84_115_SNP_N_GenomeWideSNP_6_B05_771476	X	152328922	155182354	1162	0.0028
DUNGS_p_TCGA_b84_115_SNP_N_GenomeWideSNP_6_B05_771476	Y	2650438	2883369	115	-2.9792
DUNGS_p_TCGA_b84_115_SNP_N_GenomeWideSNP_6_B05_771476	Y	2887448	2892421	4	-5.1322
DUNGS_p_TCGA_b84_115_SNP_N_GenomeWideSNP_6_B05_771476	Y	2893230	2974832	29	-3.1019
DUNGS_p_TCGA_b84_115_SNP_N_GenomeWideSNP_6_B05_771476	Y	2974958	6101425	724	-2.4887
DUNGS_p_TCGA_b84_115_SNP_N_GenomeWideSNP_6_B05_771476	Y	6107901	6190150	43	-4.2895
DUNGS_p_TCGA_b84_115_SNP_N_GenomeWideSNP_6_B05_771476	Y	6195294	6197798	5	-2.2821
DUNGS_p_TCGA_b84_115_SNP_N_GenomeWideSNP_6_B05_771476	Y	6211209	6296423	37	-4.2892
DUNGS_p_TCGA_b84_115_SNP_N_GenomeWideSNP_6_B05_771476	Y	6299046	6424299	43	-3.2079
DUNGS_p_TCGA_b84_115_SNP_N_GenomeWideSNP_6_B05_771476	Y	6426233	6648183	60	-2.4889
DUNGS_p_TCGA_b84_115_SNP_N_GenomeWideSNP_6_B05_771476	Y	6648761	7787215	607	-3.0936
DUNGS_p_TCGA_b84_115_SNP_N_GenomeWideSNP_6_B05_771476	Y	7787719	9168140	781	-3.3385
DUNGS_p_TCGA_b84_115_SNP_N_GenomeWideSNP_6_B05_771476	Y	9170545	9375572	14	-4.2577
DUNGS_p_TCGA_b84_115_SNP_N_GenomeWideSNP_6_B05_771476	Y	9376008	9387994	7	-6.1057
DUNGS_p_TCGA_b84_115_SNP_N_GenomeWideSNP_6_B05_771476	Y	9388262	9746260	151	-3.4971
DUNGS_p_TCGA_b84_115_SNP_N_GenomeWideSNP_6_B05_771476	Y	9747458	9759564	8	-5.0645
DUNGS_p_TCGA_b84_115_SNP_N_GenomeWideSNP_6_B05_771476	Y	9774614	9823373	18	-3.2683
DUNGS_p_TCGA_b84_115_SNP_N_GenomeWideSNP_6_B05_771476	Y	9826040	15028275	681	-2.9991
DUNGS_p_TCGA_b84_115_SNP_N_GenomeWideSNP_6_B05_771476	Y	15030066	15030817	3	-6.6478
DUNGS_p_TCGA_b84_115_SNP_N_GenomeWideSNP_6_B05_771476	Y	15032288	15590276	249	-3.0744
DUNGS_p_TCGA_b84_115_SNP_N_GenomeWideSNP_6_B05_771476	Y	15590342	15594523	3	-6.4778
DUNGS_p_TCGA_b84_115_SNP_N_GenomeWideSNP_6_B05_771476	Y	15594889	16367213	376	-3.1609
DUNGS_p_TCGA_b84_115_SNP_N_GenomeWideSNP_6_B05_771476	Y	16368103	16368310	2	-6.8807
DUNGS_p_TCGA_b84_115_SNP_N_GenomeWideSNP_6_B05_771476	Y	16368344	18292143	1068	-3.0897
DUNGS_p_TCGA_b84_115_SNP_N_GenomeWideSNP_6_B05_771476	Y	18292479	18529489	86	-3.8144
DUNGS_p_TCGA_b84_115_SNP_N_GenomeWideSNP_6_B05_771476	Y	18533335	19168137	350	-3.0706
DUNGS_p_TCGA_b84_115_SNP_N_GenomeWideSNP_6_B05_771476	Y	19168670	19182271	6	-5.6885
DUNGS_p_TCGA_b84_115_SNP_N_GenomeWideSNP_6_B05_771476	Y	19185349	19574890	195	-3.2338
DUNGS_p_TCGA_b84_115_SNP_N_GenomeWideSNP_6_B05_771476	Y	19576544	20905253	612	-3.7498
DUNGS_p_TCGA_b84_115_SNP_N_GenomeWideSNP_6_B05_771476	Y	20915023	20918283	2	-7.7282
DUNGS_p_TCGA_b84_115_SNP_N_GenomeWideSNP_6_B05_771476	Y	20919456	20970746	34	-4.0003
DUNGS_p_TCGA_b84_115_SNP_N_GenomeWideSNP_6_B05_771476	Y	20971498	20972173	2	-8.2634
DUNGS_p_TCGA_b84_115_SNP_N_GenomeWideSNP_6_B05_771476	Y	20972409	21024613	21	-4.1025
DUNGS_p_TCGA_b84_115_SNP_N_GenomeWideSNP_6_B05_771476	Y	21025062	22905194	662	-3.1725
DUNGS_p_TCGA_b84_115_SNP_N_GenomeWideSNP_6_B05_771476	Y	22914301	22934537	13	-4.8613
DUNGS_p_TCGA_b84_115_SNP_N_GenomeWideSNP_6_B05_771476	Y	22935177	23310985	165	-3.2965
DUNGS_p_TCGA_b84_115_SNP_N_GenomeWideSNP_6_B05_771476	Y	23326777	23358268	21	-2.302
DUNGS_p_TCGA_b84_115_SNP_N_GenomeWideSNP_6_B05_771476	Y	23359949	23612660	126	-3.2013
DUNGS_p_TCGA_b84_115_SNP_N_GenomeWideSNP_6_B05_771476	Y	23626202	23632898	6	-5.5237
DUNGS_p_TCGA_b84_115_SNP_N_GenomeWideSNP_6_B05_771476	Y	23634015	23653771	17	-3.0486
DUNGS_p_TCGA_b84_115_SNP_N_GenomeWideSNP_6_B05_771476	Y	23683731	23690350	2	-8.9244
DUNGS_p_TCGA_b84_115_SNP_N_GenomeWideSNP_6_B05_771476	Y	23715701	23764873	30	-3.8028
DUNGS_p_TCGA_b84_115_SNP_N_GenomeWideSNP_6_B05_771476	Y	23765490	23880233	51	-2.7855
DUNGS_p_TCGA_b84_115_SNP_N_GenomeWideSNP_6_B05_771476	Y	23882903	24107787	50	-3.4352
DUNGS_p_TCGA_b84_115_SNP_N_GenomeWideSNP_6_B05_771476	Y	24119779	24301264	23	-4.388
DUNGS_p_TCGA_b84_115_SNP_N_GenomeWideSNP_6_B05_771476	Y	24303268	24514859	110	-3.3091
DUNGS_p_TCGA_b84_115_SNP_N_GenomeWideSNP_6_B05_771476	Y	24515802	24985389	82	-4.2282
DUNGS_p_TCGA_b84_115_SNP_N_GenomeWideSNP_6_B05_771476	Y	25059391	25730517	59	-3.5399
DUNGS_p_TCGA_b84_115_SNP_N_GenomeWideSNP_6_B05_771476	Y	25733001	25789948	8	-5.0989
DUNGS_p_TCGA_b84_115_SNP_N_GenomeWideSNP_6_B05_771476	Y	25813210	25975796	75	-3.5696
DUNGS_p_TCGA_b84_115_SNP_N_GenomeWideSNP_6_B05_771476	Y	25976129	26074523	41	-4.6462
DUNGS_p_TCGA_b84_115_SNP_N_GenomeWideSNP_6_B05_771476	Y	26077799	26172823	43	-3.7009
DUNGS_p_TCGA_b84_115_SNP_N_GenomeWideSNP_6_B05_771476	Y	26173395	26190025	7	-5.1855
DUNGS_p_TCGA_b84_115_SNP_N_GenomeWideSNP_6_B05_771476	Y	26193050	26517533	90	-3.0276
DUNGS_p_TCGA_b84_115_SNP_N_GenomeWideSNP_6_B05_771476	Y	26526212	27315972	91	-4.4017
DUNGS_p_TCGA_b84_115_SNP_N_GenomeWideSNP_6_B05_771476	Y	27367487	27466078	15	-2.2236
DUNGS_p_TCGA_b84_115_SNP_N_GenomeWideSNP_6_B05_771476	Y	27467181	27480360	3	-4.9379
DUNGS_p_TCGA_b84_115_SNP_N_GenomeWideSNP_6_B05_771476	Y	27481424	27535030	18	-2.3176
DUNGS_p_TCGA_b84_115_SNP_N_GenomeWideSNP_6_B05_771476	Y	27535710	27600323	20	-3.8041
DUNGS_p_TCGA_b84_115_SNP_N_GenomeWideSNP_6_B05_771476	Y	27601827	27718290	36	-2.821
DUNGS_p_TCGA_b84_115_SNP_N_GenomeWideSNP_6_B05_771476	Y	27720551	28051716	137	-3.9715
DUNGS_p_TCGA_b84_115_SNP_N_GenomeWideSNP_6_B05_771476	Y	28052268	28114308	32	-2.8104
DUNGS_p_TCGA_b84_115_SNP_N_GenomeWideSNP_6_B05_771476	Y	28117880	28452016	90	-3.9781
DUNGS_p_TCGA_b84_115_SNP_N_GenomeWideSNP_6_B05_771476	Y	28457337	59018259	176	-2.6943
