Sample	Chromosome	Start	End	Num_Probes	Segment_Mean
DUNGS_p_TCGA_b84_115_SNP_N_GenomeWideSNP_6_B01_771504	1	61735	4890125	1874	0.0249
DUNGS_p_TCGA_b84_115_SNP_N_GenomeWideSNP_6_B01_771504	1	4891603	4894144	3	-1.2608
DUNGS_p_TCGA_b84_115_SNP_N_GenomeWideSNP_6_B01_771504	1	4894950	15490028	6125	0.0282
DUNGS_p_TCGA_b84_115_SNP_N_GenomeWideSNP_6_B01_771504	1	15490044	15490190	2	-1.5444
DUNGS_p_TCGA_b84_115_SNP_N_GenomeWideSNP_6_B01_771504	1	15490286	16806925	715	0.0198
DUNGS_p_TCGA_b84_115_SNP_N_GenomeWideSNP_6_B01_771504	1	16807224	16813921	3	-1.0787
DUNGS_p_TCGA_b84_115_SNP_N_GenomeWideSNP_6_B01_771504	1	16814994	16943822	34	0.0623
DUNGS_p_TCGA_b84_115_SNP_N_GenomeWideSNP_6_B01_771504	1	16953771	16963313	5	0.7935
DUNGS_p_TCGA_b84_115_SNP_N_GenomeWideSNP_6_B01_771504	1	16963545	16968374	8	-0.0524
DUNGS_p_TCGA_b84_115_SNP_N_GenomeWideSNP_6_B01_771504	1	16968473	16970456	8	0.8338
DUNGS_p_TCGA_b84_115_SNP_N_GenomeWideSNP_6_B01_771504	1	17005734	17190004	62	0.1066
DUNGS_p_TCGA_b84_115_SNP_N_GenomeWideSNP_6_B01_771504	1	17190862	17261211	55	-0.6633
DUNGS_p_TCGA_b84_115_SNP_N_GenomeWideSNP_6_B01_771504	1	17261248	22415838	3416	0.0231
DUNGS_p_TCGA_b84_115_SNP_N_GenomeWideSNP_6_B01_771504	1	22415941	22417677	2	1.52
DUNGS_p_TCGA_b84_115_SNP_N_GenomeWideSNP_6_B01_771504	1	22425642	25593128	1865	0.0273
DUNGS_p_TCGA_b84_115_SNP_N_GenomeWideSNP_6_B01_771504	1	25595881	25604466	10	-0.4171
DUNGS_p_TCGA_b84_115_SNP_N_GenomeWideSNP_6_B01_771504	1	25605058	25611452	3	-1.6995
DUNGS_p_TCGA_b84_115_SNP_N_GenomeWideSNP_6_B01_771504	1	25616296	30732380	2413	0.0209
DUNGS_p_TCGA_b84_115_SNP_N_GenomeWideSNP_6_B01_771504	1	30734036	30745210	13	0.555
DUNGS_p_TCGA_b84_115_SNP_N_GenomeWideSNP_6_B01_771504	1	30747576	41021036	5771	0.0312
DUNGS_p_TCGA_b84_115_SNP_N_GenomeWideSNP_6_B01_771504	1	41022076	41027928	3	-1.182
DUNGS_p_TCGA_b84_115_SNP_N_GenomeWideSNP_6_B01_771504	1	41028210	55270551	7996	0.0645
DUNGS_p_TCGA_b84_115_SNP_N_GenomeWideSNP_6_B01_771504	1	55274519	55274652	2	1.4805
DUNGS_p_TCGA_b84_115_SNP_N_GenomeWideSNP_6_B01_771504	1	55274810	65897869	8104	0.0741
DUNGS_p_TCGA_b84_115_SNP_N_GenomeWideSNP_6_B01_771504	1	65897951	65906265	4	1.4633
DUNGS_p_TCGA_b84_115_SNP_N_GenomeWideSNP_6_B01_771504	1	65906762	71424438	3796	0.0828
DUNGS_p_TCGA_b84_115_SNP_N_GenomeWideSNP_6_B01_771504	1	71426260	71429866	2	1.3925
DUNGS_p_TCGA_b84_115_SNP_N_GenomeWideSNP_6_B01_771504	1	71432984	72768418	787	0.0683
DUNGS_p_TCGA_b84_115_SNP_N_GenomeWideSNP_6_B01_771504	1	72768498	72811148	47	-1.1583
DUNGS_p_TCGA_b84_115_SNP_N_GenomeWideSNP_6_B01_771504	1	72811904	83812787	7102	0.0732
DUNGS_p_TCGA_b84_115_SNP_N_GenomeWideSNP_6_B01_771504	1	83815304	83816477	3	1.4954
DUNGS_p_TCGA_b84_115_SNP_N_GenomeWideSNP_6_B01_771504	1	83825577	104159384	13001	0.0849
DUNGS_p_TCGA_b84_115_SNP_N_GenomeWideSNP_6_B01_771504	1	104163499	104163787	2	-1.7834
DUNGS_p_TCGA_b84_115_SNP_N_GenomeWideSNP_6_B01_771504	1	104178038	106019205	946	-0.0337
DUNGS_p_TCGA_b84_115_SNP_N_GenomeWideSNP_6_B01_771504	1	106019236	106022375	16	-2.6175
DUNGS_p_TCGA_b84_115_SNP_N_GenomeWideSNP_6_B01_771504	1	106024055	144593253	9918	-0.0184
DUNGS_p_TCGA_b84_115_SNP_N_GenomeWideSNP_6_B01_771504	1	144842558	144849552	4	1.6973
DUNGS_p_TCGA_b84_115_SNP_N_GenomeWideSNP_6_B01_771504	1	144865627	152200849	2556	0.4363
DUNGS_p_TCGA_b84_115_SNP_N_GenomeWideSNP_6_B01_771504	1	152201217	152203270	2	1.7857
DUNGS_p_TCGA_b84_115_SNP_N_GenomeWideSNP_6_B01_771504	1	152203571	152555527	240	0.3288
DUNGS_p_TCGA_b84_115_SNP_N_GenomeWideSNP_6_B01_771504	1	152555706	152586238	31	1.4037
DUNGS_p_TCGA_b84_115_SNP_N_GenomeWideSNP_6_B01_771504	1	152586278	155180360	1556	0.3566
DUNGS_p_TCGA_b84_115_SNP_N_GenomeWideSNP_6_B01_771504	1	155180466	155211667	13	1.1063
DUNGS_p_TCGA_b84_115_SNP_N_GenomeWideSNP_6_B01_771504	1	155212267	160933768	3666	0.1472
DUNGS_p_TCGA_b84_115_SNP_N_GenomeWideSNP_6_B01_771504	1	160937020	160939521	3	-1.1722
DUNGS_p_TCGA_b84_115_SNP_N_GenomeWideSNP_6_B01_771504	1	160940032	169216937	6326	0.1552
DUNGS_p_TCGA_b84_115_SNP_N_GenomeWideSNP_6_B01_771504	1	169233974	169241766	7	1.2197
DUNGS_p_TCGA_b84_115_SNP_N_GenomeWideSNP_6_B01_771504	1	169242401	178658737	6059	0.1412
DUNGS_p_TCGA_b84_115_SNP_N_GenomeWideSNP_6_B01_771504	1	178658817	178661596	11	-0.4281
DUNGS_p_TCGA_b84_115_SNP_N_GenomeWideSNP_6_B01_771504	1	178661865	179323738	556	0.1117
DUNGS_p_TCGA_b84_115_SNP_N_GenomeWideSNP_6_B01_771504	1	179330528	179333315	4	-1.1626
DUNGS_p_TCGA_b84_115_SNP_N_GenomeWideSNP_6_B01_771504	1	179339206	193155792	9181	0.0881
DUNGS_p_TCGA_b84_115_SNP_N_GenomeWideSNP_6_B01_771504	1	193156279	193156332	3	1.7558
DUNGS_p_TCGA_b84_115_SNP_N_GenomeWideSNP_6_B01_771504	1	193156348	196732086	2409	0.075
DUNGS_p_TCGA_b84_115_SNP_N_GenomeWideSNP_6_B01_771504	1	196738623	196758120	33	0.5638
DUNGS_p_TCGA_b84_115_SNP_N_GenomeWideSNP_6_B01_771504	1	196758149	196812507	57	0.1912
DUNGS_p_TCGA_b84_115_SNP_N_GenomeWideSNP_6_B01_771504	1	196812530	196815791	2	3.0392
DUNGS_p_TCGA_b84_115_SNP_N_GenomeWideSNP_6_B01_771504	1	196816730	196845668	35	0.0678
DUNGS_p_TCGA_b84_115_SNP_N_GenomeWideSNP_6_B01_771504	1	196847411	196853350	4	-1.1183
DUNGS_p_TCGA_b84_115_SNP_N_GenomeWideSNP_6_B01_771504	1	196853519	199107702	1341	0.082
DUNGS_p_TCGA_b84_115_SNP_N_GenomeWideSNP_6_B01_771504	1	199111363	199113011	8	-0.9183
DUNGS_p_TCGA_b84_115_SNP_N_GenomeWideSNP_6_B01_771504	1	199113840	246567044	33086	0.0622
DUNGS_p_TCGA_b84_115_SNP_N_GenomeWideSNP_6_B01_771504	1	246567550	246580351	11	0.6673
DUNGS_p_TCGA_b84_115_SNP_N_GenomeWideSNP_6_B01_771504	1	246580894	247819987	776	0.0853
DUNGS_p_TCGA_b84_115_SNP_N_GenomeWideSNP_6_B01_771504	1	247827968	248148810	238	0.7737
DUNGS_p_TCGA_b84_115_SNP_N_GenomeWideSNP_6_B01_771504	1	248151044	248176172	14	0.0204
DUNGS_p_TCGA_b84_115_SNP_N_GenomeWideSNP_6_B01_771504	1	248176658	248293170	67	0.7035
DUNGS_p_TCGA_b84_115_SNP_N_GenomeWideSNP_6_B01_771504	1	248298505	248425065	74	0.0851
DUNGS_p_TCGA_b84_115_SNP_N_GenomeWideSNP_6_B01_771504	1	248426484	248429719	8	0.8134
DUNGS_p_TCGA_b84_115_SNP_N_GenomeWideSNP_6_B01_771504	1	248433227	248630796	115	-0.0649
DUNGS_p_TCGA_b84_115_SNP_N_GenomeWideSNP_6_B01_771504	1	248635140	248780507	49	0.4851
DUNGS_p_TCGA_b84_115_SNP_N_GenomeWideSNP_6_B01_771504	1	248783211	249224388	157	0.0634
DUNGS_p_TCGA_b84_115_SNP_N_GenomeWideSNP_6_B01_771504	2	12784	21589956	16100	0.0857
DUNGS_p_TCGA_b84_115_SNP_N_GenomeWideSNP_6_B01_771504	2	21590196	21600756	6	-0.8368
DUNGS_p_TCGA_b84_115_SNP_N_GenomeWideSNP_6_B01_771504	2	21606014	22335528	426	0.1062
DUNGS_p_TCGA_b84_115_SNP_N_GenomeWideSNP_6_B01_771504	2	22339868	22340439	2	-1.3482
DUNGS_p_TCGA_b84_115_SNP_N_GenomeWideSNP_6_B01_771504	2	22345454	34681494	7597	0.0984
DUNGS_p_TCGA_b84_115_SNP_N_GenomeWideSNP_6_B01_771504	2	34683290	34742910	57	0.5285
DUNGS_p_TCGA_b84_115_SNP_N_GenomeWideSNP_6_B01_771504	2	34743036	36332119	1145	0.1178
DUNGS_p_TCGA_b84_115_SNP_N_GenomeWideSNP_6_B01_771504	2	36332135	36339507	24	-0.3361
DUNGS_p_TCGA_b84_115_SNP_N_GenomeWideSNP_6_B01_771504	2	36339554	38954495	2029	0.1254
DUNGS_p_TCGA_b84_115_SNP_N_GenomeWideSNP_6_B01_771504	2	38955866	38972281	8	0.8922
DUNGS_p_TCGA_b84_115_SNP_N_GenomeWideSNP_6_B01_771504	2	38972826	52743925	9841	0.1049
DUNGS_p_TCGA_b84_115_SNP_N_GenomeWideSNP_6_B01_771504	2	52754468	52754881	7	-1.4547
DUNGS_p_TCGA_b84_115_SNP_N_GenomeWideSNP_6_B01_771504	2	52758753	54511226	1336	0.0937
DUNGS_p_TCGA_b84_115_SNP_N_GenomeWideSNP_6_B01_771504	2	54511631	54517221	4	-1.1042
DUNGS_p_TCGA_b84_115_SNP_N_GenomeWideSNP_6_B01_771504	2	54517853	71342376	10970	0.0957
DUNGS_p_TCGA_b84_115_SNP_N_GenomeWideSNP_6_B01_771504	2	71342451	71347392	8	-0.9842
DUNGS_p_TCGA_b84_115_SNP_N_GenomeWideSNP_6_B01_771504	2	71350043	75877650	2646	0.096
DUNGS_p_TCGA_b84_115_SNP_N_GenomeWideSNP_6_B01_771504	2	75877812	75881277	4	1.1988
DUNGS_p_TCGA_b84_115_SNP_N_GenomeWideSNP_6_B01_771504	2	75881828	98118212	9171	0.0778
DUNGS_p_TCGA_b84_115_SNP_N_GenomeWideSNP_6_B01_771504	2	98140747	98162189	9	-0.7686
DUNGS_p_TCGA_b84_115_SNP_N_GenomeWideSNP_6_B01_771504	2	98166878	114362015	9441	0.1033
DUNGS_p_TCGA_b84_115_SNP_N_GenomeWideSNP_6_B01_771504	2	114362414	114362416	2	-2.5108
DUNGS_p_TCGA_b84_115_SNP_N_GenomeWideSNP_6_B01_771504	2	114380821	120222696	3794	0.085
DUNGS_p_TCGA_b84_115_SNP_N_GenomeWideSNP_6_B01_771504	2	120222698	120224582	2	-1.7192
DUNGS_p_TCGA_b84_115_SNP_N_GenomeWideSNP_6_B01_771504	2	120225079	146864583	16332	0.0224
DUNGS_p_TCGA_b84_115_SNP_N_GenomeWideSNP_6_B01_771504	2	146865079	146877806	20	0.6359
DUNGS_p_TCGA_b84_115_SNP_N_GenomeWideSNP_6_B01_771504	2	146878395	159958620	7803	0.0744
DUNGS_p_TCGA_b84_115_SNP_N_GenomeWideSNP_6_B01_771504	2	159960343	159960973	2	1.9137
DUNGS_p_TCGA_b84_115_SNP_N_GenomeWideSNP_6_B01_771504	2	159963287	160660471	431	0.1011
DUNGS_p_TCGA_b84_115_SNP_N_GenomeWideSNP_6_B01_771504	2	160660540	160660711	2	-1.6683
DUNGS_p_TCGA_b84_115_SNP_N_GenomeWideSNP_6_B01_771504	2	160661107	164737075	2415	0.08
DUNGS_p_TCGA_b84_115_SNP_N_GenomeWideSNP_6_B01_771504	2	164737372	164737668	2	1.4833
DUNGS_p_TCGA_b84_115_SNP_N_GenomeWideSNP_6_B01_771504	2	164738679	195310232	18587	0.0823
DUNGS_p_TCGA_b84_115_SNP_N_GenomeWideSNP_6_B01_771504	2	195310773	195316009	6	-0.8821
DUNGS_p_TCGA_b84_115_SNP_N_GenomeWideSNP_6_B01_771504	2	195316640	240195470	28412	0.0174
DUNGS_p_TCGA_b84_115_SNP_N_GenomeWideSNP_6_B01_771504	2	240197350	240198997	3	-1.308
DUNGS_p_TCGA_b84_115_SNP_N_GenomeWideSNP_6_B01_771504	2	240201641	243089456	1547	-0.0022
DUNGS_p_TCGA_b84_115_SNP_N_GenomeWideSNP_6_B01_771504	3	60345	182913	115	0.0378
DUNGS_p_TCGA_b84_115_SNP_N_GenomeWideSNP_6_B01_771504	3	184246	186019	4	1.4243
DUNGS_p_TCGA_b84_115_SNP_N_GenomeWideSNP_6_B01_771504	3	186211	1913098	1563	0.0116
DUNGS_p_TCGA_b84_115_SNP_N_GenomeWideSNP_6_B01_771504	3	1913371	1925851	17	-0.9198
DUNGS_p_TCGA_b84_115_SNP_N_GenomeWideSNP_6_B01_771504	3	1926105	22554283	15401	-0.0127
DUNGS_p_TCGA_b84_115_SNP_N_GenomeWideSNP_6_B01_771504	3	22554525	22576545	22	0.4978
DUNGS_p_TCGA_b84_115_SNP_N_GenomeWideSNP_6_B01_771504	3	22577278	37986928	10611	-0.0067
DUNGS_p_TCGA_b84_115_SNP_N_GenomeWideSNP_6_B01_771504	3	37987106	37987774	3	1.5104
DUNGS_p_TCGA_b84_115_SNP_N_GenomeWideSNP_6_B01_771504	3	37987799	89900478	33129	0.0038
DUNGS_p_TCGA_b84_115_SNP_N_GenomeWideSNP_6_B01_771504	3	89900983	89904958	2	-1.5288
DUNGS_p_TCGA_b84_115_SNP_N_GenomeWideSNP_6_B01_771504	3	89905269	98936963	3020	0.0671
DUNGS_p_TCGA_b84_115_SNP_N_GenomeWideSNP_6_B01_771504	3	98937784	98948672	22	0.6265
DUNGS_p_TCGA_b84_115_SNP_N_GenomeWideSNP_6_B01_771504	3	98948731	162513149	39143	0.0763
DUNGS_p_TCGA_b84_115_SNP_N_GenomeWideSNP_6_B01_771504	3	162513459	162587669	41	-0.2942
DUNGS_p_TCGA_b84_115_SNP_N_GenomeWideSNP_6_B01_771504	3	162592123	167921496	2987	0.0664
DUNGS_p_TCGA_b84_115_SNP_N_GenomeWideSNP_6_B01_771504	3	167921564	167927374	2	-2.4535
DUNGS_p_TCGA_b84_115_SNP_N_GenomeWideSNP_6_B01_771504	3	167928107	173204265	3384	0.1081
DUNGS_p_TCGA_b84_115_SNP_N_GenomeWideSNP_6_B01_771504	3	173209692	173215734	11	-0.6779
DUNGS_p_TCGA_b84_115_SNP_N_GenomeWideSNP_6_B01_771504	3	173218792	173229379	10	0.037
DUNGS_p_TCGA_b84_115_SNP_N_GenomeWideSNP_6_B01_771504	3	173229571	173289680	27	0.6681
DUNGS_p_TCGA_b84_115_SNP_N_GenomeWideSNP_6_B01_771504	3	173300193	174190587	627	0.0957
DUNGS_p_TCGA_b84_115_SNP_N_GenomeWideSNP_6_B01_771504	3	174203502	174592638	254	-0.2005
DUNGS_p_TCGA_b84_115_SNP_N_GenomeWideSNP_6_B01_771504	3	174599828	189360278	9423	0.1014
DUNGS_p_TCGA_b84_115_SNP_N_GenomeWideSNP_6_B01_771504	3	189360754	189370988	13	-1.0647
DUNGS_p_TCGA_b84_115_SNP_N_GenomeWideSNP_6_B01_771504	3	189371014	192877962	2500	0.0946
DUNGS_p_TCGA_b84_115_SNP_N_GenomeWideSNP_6_B01_771504	3	192878045	192882888	17	1.3734
DUNGS_p_TCGA_b84_115_SNP_N_GenomeWideSNP_6_B01_771504	3	192882903	195285898	1488	0.1141
DUNGS_p_TCGA_b84_115_SNP_N_GenomeWideSNP_6_B01_771504	3	195383142	195455876	31	-0.3509
DUNGS_p_TCGA_b84_115_SNP_N_GenomeWideSNP_6_B01_771504	3	195455911	197896118	1190	0.1203
DUNGS_p_TCGA_b84_115_SNP_N_GenomeWideSNP_6_B01_771504	4	12281	61936	53	-0.4464
DUNGS_p_TCGA_b84_115_SNP_N_GenomeWideSNP_6_B01_771504	4	62126	296383	118	-0.0971
DUNGS_p_TCGA_b84_115_SNP_N_GenomeWideSNP_6_B01_771504	4	297932	298772	3	-1.7434
DUNGS_p_TCGA_b84_115_SNP_N_GenomeWideSNP_6_B01_771504	4	302934	8226488	4730	-0.0818
DUNGS_p_TCGA_b84_115_SNP_N_GenomeWideSNP_6_B01_771504	4	8227639	8227825	3	-2.3396
DUNGS_p_TCGA_b84_115_SNP_N_GenomeWideSNP_6_B01_771504	4	8228434	8719866	282	-0.085
DUNGS_p_TCGA_b84_115_SNP_N_GenomeWideSNP_6_B01_771504	4	8720168	9464537	67	0.5206
DUNGS_p_TCGA_b84_115_SNP_N_GenomeWideSNP_6_B01_771504	4	9464972	10214160	554	-0.0996
DUNGS_p_TCGA_b84_115_SNP_N_GenomeWideSNP_6_B01_771504	4	10223416	10230494	19	0.7499
DUNGS_p_TCGA_b84_115_SNP_N_GenomeWideSNP_6_B01_771504	4	10230618	10240713	22	0.0504
DUNGS_p_TCGA_b84_115_SNP_N_GenomeWideSNP_6_B01_771504	4	10244613	10244955	2	1.541
DUNGS_p_TCGA_b84_115_SNP_N_GenomeWideSNP_6_B01_771504	4	10245898	19058288	6713	-0.0784
DUNGS_p_TCGA_b84_115_SNP_N_GenomeWideSNP_6_B01_771504	4	19068775	19072070	2	-1.6457
DUNGS_p_TCGA_b84_115_SNP_N_GenomeWideSNP_6_B01_771504	4	19074955	19825203	461	-0.0996
DUNGS_p_TCGA_b84_115_SNP_N_GenomeWideSNP_6_B01_771504	4	19825638	19834012	3	-1.3828
DUNGS_p_TCGA_b84_115_SNP_N_GenomeWideSNP_6_B01_771504	4	19837699	21372645	1039	-0.0814
DUNGS_p_TCGA_b84_115_SNP_N_GenomeWideSNP_6_B01_771504	4	21376737	21376790	3	-1.862
DUNGS_p_TCGA_b84_115_SNP_N_GenomeWideSNP_6_B01_771504	4	21376806	25709764	3085	-0.0872
DUNGS_p_TCGA_b84_115_SNP_N_GenomeWideSNP_6_B01_771504	4	25714226	25714715	7	-0.898
DUNGS_p_TCGA_b84_115_SNP_N_GenomeWideSNP_6_B01_771504	4	25718101	34779054	5686	-0.078
DUNGS_p_TCGA_b84_115_SNP_N_GenomeWideSNP_6_B01_771504	4	34786500	34819211	35	0.4389
DUNGS_p_TCGA_b84_115_SNP_N_GenomeWideSNP_6_B01_771504	4	34821340	48182152	8485	-0.0721
DUNGS_p_TCGA_b84_115_SNP_N_GenomeWideSNP_6_B01_771504	4	48182249	48190538	19	0.4493
DUNGS_p_TCGA_b84_115_SNP_N_GenomeWideSNP_6_B01_771504	4	48190586	49267848	494	-0.0694
DUNGS_p_TCGA_b84_115_SNP_N_GenomeWideSNP_6_B01_771504	4	49291192	49503166	6	-1.1205
DUNGS_p_TCGA_b84_115_SNP_N_GenomeWideSNP_6_B01_771504	4	49503785	55219485	1630	-0.1243
DUNGS_p_TCGA_b84_115_SNP_N_GenomeWideSNP_6_B01_771504	4	55219530	55220355	8	-0.873
DUNGS_p_TCGA_b84_115_SNP_N_GenomeWideSNP_6_B01_771504	4	55221410	64697469	5967	-0.1114
DUNGS_p_TCGA_b84_115_SNP_N_GenomeWideSNP_6_B01_771504	4	64697517	64704293	6	-1.1016
DUNGS_p_TCGA_b84_115_SNP_N_GenomeWideSNP_6_B01_771504	4	64705156	64705611	10	0.3208
DUNGS_p_TCGA_b84_115_SNP_N_GenomeWideSNP_6_B01_771504	4	64705626	64708258	12	-0.8019
DUNGS_p_TCGA_b84_115_SNP_N_GenomeWideSNP_6_B01_771504	4	64716431	66601154	1218	-0.1214
DUNGS_p_TCGA_b84_115_SNP_N_GenomeWideSNP_6_B01_771504	4	66601185	66601387	3	1.2383
DUNGS_p_TCGA_b84_115_SNP_N_GenomeWideSNP_6_B01_771504	4	66602324	69261064	1643	-0.1098
DUNGS_p_TCGA_b84_115_SNP_N_GenomeWideSNP_6_B01_771504	4	69282205	69288142	5	-1.2504
DUNGS_p_TCGA_b84_115_SNP_N_GenomeWideSNP_6_B01_771504	4	69294799	69956350	309	-0.1549
DUNGS_p_TCGA_b84_115_SNP_N_GenomeWideSNP_6_B01_771504	4	69959125	69959679	2	-2.1647
DUNGS_p_TCGA_b84_115_SNP_N_GenomeWideSNP_6_B01_771504	4	69961746	70123510	98	-0.0847
DUNGS_p_TCGA_b84_115_SNP_N_GenomeWideSNP_6_B01_771504	4	70127644	70132370	8	-0.8966
DUNGS_p_TCGA_b84_115_SNP_N_GenomeWideSNP_6_B01_771504	4	70134680	70143374	5	-0.0546
DUNGS_p_TCGA_b84_115_SNP_N_GenomeWideSNP_6_B01_771504	4	70143806	70231799	41	-0.8783
DUNGS_p_TCGA_b84_115_SNP_N_GenomeWideSNP_6_B01_771504	4	70232022	77791283	4624	-0.1052
DUNGS_p_TCGA_b84_115_SNP_N_GenomeWideSNP_6_B01_771504	4	77791510	77793829	17	-0.7272
DUNGS_p_TCGA_b84_115_SNP_N_GenomeWideSNP_6_B01_771504	4	77793944	104209184	16043	-0.1068
DUNGS_p_TCGA_b84_115_SNP_N_GenomeWideSNP_6_B01_771504	4	104209286	104242861	42	-1.4788
DUNGS_p_TCGA_b84_115_SNP_N_GenomeWideSNP_6_B01_771504	4	104244656	104745571	341	-0.1166
DUNGS_p_TCGA_b84_115_SNP_N_GenomeWideSNP_6_B01_771504	4	104751630	104751637	5	0.992
DUNGS_p_TCGA_b84_115_SNP_N_GenomeWideSNP_6_B01_771504	4	104751644	115184229	6342	-0.1121
DUNGS_p_TCGA_b84_115_SNP_N_GenomeWideSNP_6_B01_771504	4	115184252	115184310	3	1.2713
DUNGS_p_TCGA_b84_115_SNP_N_GenomeWideSNP_6_B01_771504	4	115184322	125310929	6016	-0.1115
DUNGS_p_TCGA_b84_115_SNP_N_GenomeWideSNP_6_B01_771504	4	125317272	125318289	2	-1.6582
DUNGS_p_TCGA_b84_115_SNP_N_GenomeWideSNP_6_B01_771504	4	125318298	134173344	5110	-0.1123
DUNGS_p_TCGA_b84_115_SNP_N_GenomeWideSNP_6_B01_771504	4	134174207	134178678	4	-1.9197
DUNGS_p_TCGA_b84_115_SNP_N_GenomeWideSNP_6_B01_771504	4	134181184	145310653	6890	-0.0371
DUNGS_p_TCGA_b84_115_SNP_N_GenomeWideSNP_6_B01_771504	4	145311138	145320000	3	-1.2566
DUNGS_p_TCGA_b84_115_SNP_N_GenomeWideSNP_6_B01_771504	4	145326410	151879664	3677	0.0251
DUNGS_p_TCGA_b84_115_SNP_N_GenomeWideSNP_6_B01_771504	4	151879925	151884298	15	-1.3106
DUNGS_p_TCGA_b84_115_SNP_N_GenomeWideSNP_6_B01_771504	4	151884300	158723058	4388	0.0019
DUNGS_p_TCGA_b84_115_SNP_N_GenomeWideSNP_6_B01_771504	4	158727028	158731374	12	-1.2655
DUNGS_p_TCGA_b84_115_SNP_N_GenomeWideSNP_6_B01_771504	4	158736449	161955375	2041	0.0832
DUNGS_p_TCGA_b84_115_SNP_N_GenomeWideSNP_6_B01_771504	4	161955450	161957522	2	-1.8052
DUNGS_p_TCGA_b84_115_SNP_N_GenomeWideSNP_6_B01_771504	4	161958876	165628843	2374	-0.011
DUNGS_p_TCGA_b84_115_SNP_N_GenomeWideSNP_6_B01_771504	4	165628962	165634055	3	-1.1686
DUNGS_p_TCGA_b84_115_SNP_N_GenomeWideSNP_6_B01_771504	4	165635965	166120657	328	-0.0139
DUNGS_p_TCGA_b84_115_SNP_N_GenomeWideSNP_6_B01_771504	4	166125480	166126196	2	-1.3896
DUNGS_p_TCGA_b84_115_SNP_N_GenomeWideSNP_6_B01_771504	4	166130305	172369346	3905	-0.0831
DUNGS_p_TCGA_b84_115_SNP_N_GenomeWideSNP_6_B01_771504	4	172374884	172377776	12	1.1014
DUNGS_p_TCGA_b84_115_SNP_N_GenomeWideSNP_6_B01_771504	4	172380371	173422522	641	-0.1285
DUNGS_p_TCGA_b84_115_SNP_N_GenomeWideSNP_6_B01_771504	4	173424947	173453708	9	0.8232
DUNGS_p_TCGA_b84_115_SNP_N_GenomeWideSNP_6_B01_771504	4	173455246	189221258	10717	-0.1098
DUNGS_p_TCGA_b84_115_SNP_N_GenomeWideSNP_6_B01_771504	4	189221360	189221439	4	2.0035
DUNGS_p_TCGA_b84_115_SNP_N_GenomeWideSNP_6_B01_771504	4	189222813	191027923	1177	-0.097
DUNGS_p_TCGA_b84_115_SNP_N_GenomeWideSNP_6_B01_771504	5	15532	19584	3	-0.4694
DUNGS_p_TCGA_b84_115_SNP_N_GenomeWideSNP_6_B01_771504	5	21963	685504	303	1.1013
DUNGS_p_TCGA_b84_115_SNP_N_GenomeWideSNP_6_B01_771504	5	685748	817992	46	1.7383
DUNGS_p_TCGA_b84_115_SNP_N_GenomeWideSNP_6_B01_771504	5	818541	1560497	385	1.122
DUNGS_p_TCGA_b84_115_SNP_N_GenomeWideSNP_6_B01_771504	5	1560716	10923252	8179	0.5693
DUNGS_p_TCGA_b84_115_SNP_N_GenomeWideSNP_6_B01_771504	5	10923499	10927462	3	-0.6132
DUNGS_p_TCGA_b84_115_SNP_N_GenomeWideSNP_6_B01_771504	5	10927604	12165272	986	0.5727
DUNGS_p_TCGA_b84_115_SNP_N_GenomeWideSNP_6_B01_771504	5	12169849	21376844	5840	0.2493
DUNGS_p_TCGA_b84_115_SNP_N_GenomeWideSNP_6_B01_771504	5	21377839	21377853	2	-2.2616
DUNGS_p_TCGA_b84_115_SNP_N_GenomeWideSNP_6_B01_771504	5	21386066	26789481	3209	0.1411
DUNGS_p_TCGA_b84_115_SNP_N_GenomeWideSNP_6_B01_771504	5	26789496	26797844	3	-1.2626
DUNGS_p_TCGA_b84_115_SNP_N_GenomeWideSNP_6_B01_771504	5	26803884	29019404	1247	0.1508
DUNGS_p_TCGA_b84_115_SNP_N_GenomeWideSNP_6_B01_771504	5	29020088	29020617	4	-0.8485
DUNGS_p_TCGA_b84_115_SNP_N_GenomeWideSNP_6_B01_771504	5	29023304	46191884	10608	0.0625
DUNGS_p_TCGA_b84_115_SNP_N_GenomeWideSNP_6_B01_771504	5	46195883	46199435	4	-1.4312
DUNGS_p_TCGA_b84_115_SNP_N_GenomeWideSNP_6_B01_771504	5	46209299	62752987	8700	-0.1437
DUNGS_p_TCGA_b84_115_SNP_N_GenomeWideSNP_6_B01_771504	5	62753530	62757549	2	-1.9595
DUNGS_p_TCGA_b84_115_SNP_N_GenomeWideSNP_6_B01_771504	5	62757588	62846973	35	-0.047
DUNGS_p_TCGA_b84_115_SNP_N_GenomeWideSNP_6_B01_771504	5	62847173	62848698	2	-1.8135
DUNGS_p_TCGA_b84_115_SNP_N_GenomeWideSNP_6_B01_771504	5	62851915	75443350	6858	-0.1484
DUNGS_p_TCGA_b84_115_SNP_N_GenomeWideSNP_6_B01_771504	5	75443369	75450353	15	0.4776
DUNGS_p_TCGA_b84_115_SNP_N_GenomeWideSNP_6_B01_771504	5	75450373	81437658	3761	-0.1508
DUNGS_p_TCGA_b84_115_SNP_N_GenomeWideSNP_6_B01_771504	5	81438144	81438447	2	-2.1291
DUNGS_p_TCGA_b84_115_SNP_N_GenomeWideSNP_6_B01_771504	5	81442367	101189520	11141	-0.1486
DUNGS_p_TCGA_b84_115_SNP_N_GenomeWideSNP_6_B01_771504	5	101189594	101191754	6	-1.2024
DUNGS_p_TCGA_b84_115_SNP_N_GenomeWideSNP_6_B01_771504	5	101191928	150202205	31375	-0.1429
DUNGS_p_TCGA_b84_115_SNP_N_GenomeWideSNP_6_B01_771504	5	150205500	150218604	8	-3.0668
DUNGS_p_TCGA_b84_115_SNP_N_GenomeWideSNP_6_B01_771504	5	150223387	157420082	4962	-0.1573
DUNGS_p_TCGA_b84_115_SNP_N_GenomeWideSNP_6_B01_771504	5	157421620	157425139	2	-1.7887
DUNGS_p_TCGA_b84_115_SNP_N_GenomeWideSNP_6_B01_771504	5	157425250	175373508	12789	-0.1546
DUNGS_p_TCGA_b84_115_SNP_N_GenomeWideSNP_6_B01_771504	5	175387546	175554715	22	0.3795
DUNGS_p_TCGA_b84_115_SNP_N_GenomeWideSNP_6_B01_771504	5	175558554	180372168	2537	-0.1559
DUNGS_p_TCGA_b84_115_SNP_N_GenomeWideSNP_6_B01_771504	5	180374484	180418103	21	0.4241
DUNGS_p_TCGA_b84_115_SNP_N_GenomeWideSNP_6_B01_771504	5	180433225	180790320	171	-0.0846
DUNGS_p_TCGA_b84_115_SNP_N_GenomeWideSNP_6_B01_771504	6	149661	57212548	38791	0.0421
DUNGS_p_TCGA_b84_115_SNP_N_GenomeWideSNP_6_B01_771504	6	57215494	58142081	347	-0.391
DUNGS_p_TCGA_b84_115_SNP_N_GenomeWideSNP_6_B01_771504	6	58144760	58657514	194	0.0148
DUNGS_p_TCGA_b84_115_SNP_N_GenomeWideSNP_6_B01_771504	6	58661374	62536515	371	-0.3458
DUNGS_p_TCGA_b84_115_SNP_N_GenomeWideSNP_6_B01_771504	6	62538501	67024334	2577	-0.0635
DUNGS_p_TCGA_b84_115_SNP_N_GenomeWideSNP_6_B01_771504	6	67025370	67027878	7	0.7944
DUNGS_p_TCGA_b84_115_SNP_N_GenomeWideSNP_6_B01_771504	6	67027899	71698865	3137	-0.06
DUNGS_p_TCGA_b84_115_SNP_N_GenomeWideSNP_6_B01_771504	6	71703773	71704432	2	1.3871
DUNGS_p_TCGA_b84_115_SNP_N_GenomeWideSNP_6_B01_771504	6	71704908	77436159	3691	-0.0479
DUNGS_p_TCGA_b84_115_SNP_N_GenomeWideSNP_6_B01_771504	6	77436532	77446199	13	-1.1265
DUNGS_p_TCGA_b84_115_SNP_N_GenomeWideSNP_6_B01_771504	6	77449569	78972776	1003	-0.0764
DUNGS_p_TCGA_b84_115_SNP_N_GenomeWideSNP_6_B01_771504	6	78972796	79027770	93	0.3149
DUNGS_p_TCGA_b84_115_SNP_N_GenomeWideSNP_6_B01_771504	6	79032317	86539057	4766	-0.0745
DUNGS_p_TCGA_b84_115_SNP_N_GenomeWideSNP_6_B01_771504	6	86539697	86566463	6	-1.0765
DUNGS_p_TCGA_b84_115_SNP_N_GenomeWideSNP_6_B01_771504	6	86574539	103751564	10758	-0.0817
DUNGS_p_TCGA_b84_115_SNP_N_GenomeWideSNP_6_B01_771504	6	103751877	103751950	4	-1.2698
DUNGS_p_TCGA_b84_115_SNP_N_GenomeWideSNP_6_B01_771504	6	103752027	115379075	7349	-0.0437
DUNGS_p_TCGA_b84_115_SNP_N_GenomeWideSNP_6_B01_771504	6	115379160	115407973	3	-1.4721
DUNGS_p_TCGA_b84_115_SNP_N_GenomeWideSNP_6_B01_771504	6	115408571	138425860	14689	0.0493
DUNGS_p_TCGA_b84_115_SNP_N_GenomeWideSNP_6_B01_771504	6	138426032	138426071	3	-1.648
DUNGS_p_TCGA_b84_115_SNP_N_GenomeWideSNP_6_B01_771504	6	138426423	153954940	10294	0.0609
DUNGS_p_TCGA_b84_115_SNP_N_GenomeWideSNP_6_B01_771504	6	153957370	153961419	3	-1.6121
DUNGS_p_TCGA_b84_115_SNP_N_GenomeWideSNP_6_B01_771504	6	153961899	158988145	3282	0.0453
DUNGS_p_TCGA_b84_115_SNP_N_GenomeWideSNP_6_B01_771504	6	158989987	158992634	2	1.6671
DUNGS_p_TCGA_b84_115_SNP_N_GenomeWideSNP_6_B01_771504	6	158993167	161032089	1408	0.0618
DUNGS_p_TCGA_b84_115_SNP_N_GenomeWideSNP_6_B01_771504	6	161032103	161033283	9	-0.7576
DUNGS_p_TCGA_b84_115_SNP_N_GenomeWideSNP_6_B01_771504	6	161068042	165724052	3646	0.041
DUNGS_p_TCGA_b84_115_SNP_N_GenomeWideSNP_6_B01_771504	6	165731526	165731928	2	-1.7207
DUNGS_p_TCGA_b84_115_SNP_N_GenomeWideSNP_6_B01_771504	6	165734652	166494253	607	0.0667
DUNGS_p_TCGA_b84_115_SNP_N_GenomeWideSNP_6_B01_771504	6	166497631	166498860	3	-2.6662
DUNGS_p_TCGA_b84_115_SNP_N_GenomeWideSNP_6_B01_771504	6	166505384	169108729	1711	0.0585
DUNGS_p_TCGA_b84_115_SNP_N_GenomeWideSNP_6_B01_771504	6	169110089	169127361	9	0.7306
DUNGS_p_TCGA_b84_115_SNP_N_GenomeWideSNP_6_B01_771504	6	169127523	171051005	1293	0.0366
DUNGS_p_TCGA_b84_115_SNP_N_GenomeWideSNP_6_B01_771504	7	43355	6122685	3148	0.5577
DUNGS_p_TCGA_b84_115_SNP_N_GenomeWideSNP_6_B01_771504	7	6125381	6136863	8	-0.9232
DUNGS_p_TCGA_b84_115_SNP_N_GenomeWideSNP_6_B01_771504	7	6145638	6837068	288	0.5104
DUNGS_p_TCGA_b84_115_SNP_N_GenomeWideSNP_6_B01_771504	7	6838724	6867078	7	-1.1115
DUNGS_p_TCGA_b84_115_SNP_N_GenomeWideSNP_6_B01_771504	7	6867642	9557023	2257	0.5548
DUNGS_p_TCGA_b84_115_SNP_N_GenomeWideSNP_6_B01_771504	7	9559443	9759389	186	0.2273
DUNGS_p_TCGA_b84_115_SNP_N_GenomeWideSNP_6_B01_771504	7	9760235	9767469	5	-0.7206
DUNGS_p_TCGA_b84_115_SNP_N_GenomeWideSNP_6_B01_771504	7	9767511	16765293	5612	0.2495
DUNGS_p_TCGA_b84_115_SNP_N_GenomeWideSNP_6_B01_771504	7	16766121	16766248	2	-1.5127
DUNGS_p_TCGA_b84_115_SNP_N_GenomeWideSNP_6_B01_771504	7	16766596	22434780	4607	0.1388
DUNGS_p_TCGA_b84_115_SNP_N_GenomeWideSNP_6_B01_771504	7	22435472	22436487	2	-2.1828
DUNGS_p_TCGA_b84_115_SNP_N_GenomeWideSNP_6_B01_771504	7	22438754	32520721	7431	0.0909
DUNGS_p_TCGA_b84_115_SNP_N_GenomeWideSNP_6_B01_771504	7	32522726	32524995	4	-0.8771
DUNGS_p_TCGA_b84_115_SNP_N_GenomeWideSNP_6_B01_771504	7	32525482	54386505	15056	0.1234
DUNGS_p_TCGA_b84_115_SNP_N_GenomeWideSNP_6_B01_771504	7	54386509	54386517	5	3.2877
DUNGS_p_TCGA_b84_115_SNP_N_GenomeWideSNP_6_B01_771504	7	54393488	62325513	2231	0.0442
DUNGS_p_TCGA_b84_115_SNP_N_GenomeWideSNP_6_B01_771504	7	62365192	62369834	11	-0.7945
DUNGS_p_TCGA_b84_115_SNP_N_GenomeWideSNP_6_B01_771504	7	62385277	88817301	14454	0.0678
DUNGS_p_TCGA_b84_115_SNP_N_GenomeWideSNP_6_B01_771504	7	88819472	88821465	2	-1.532
DUNGS_p_TCGA_b84_115_SNP_N_GenomeWideSNP_6_B01_771504	7	88821551	91208142	1619	0.247
DUNGS_p_TCGA_b84_115_SNP_N_GenomeWideSNP_6_B01_771504	7	91218884	91225038	5	-0.9683
DUNGS_p_TCGA_b84_115_SNP_N_GenomeWideSNP_6_B01_771504	7	91225899	104467702	7307	0.275
DUNGS_p_TCGA_b84_115_SNP_N_GenomeWideSNP_6_B01_771504	7	104467735	104476485	13	-0.2595
DUNGS_p_TCGA_b84_115_SNP_N_GenomeWideSNP_6_B01_771504	7	104476499	109441244	3216	0.3214
DUNGS_p_TCGA_b84_115_SNP_N_GenomeWideSNP_6_B01_771504	7	109441629	109453910	10	1.3377
DUNGS_p_TCGA_b84_115_SNP_N_GenomeWideSNP_6_B01_771504	7	109453982	115586294	3653	0.3755
DUNGS_p_TCGA_b84_115_SNP_N_GenomeWideSNP_6_B01_771504	7	115586434	115699606	68	0.7584
DUNGS_p_TCGA_b84_115_SNP_N_GenomeWideSNP_6_B01_771504	7	115699678	116327022	445	0.4001
DUNGS_p_TCGA_b84_115_SNP_N_GenomeWideSNP_6_B01_771504	7	116329301	116606049	264	1.0355
DUNGS_p_TCGA_b84_115_SNP_N_GenomeWideSNP_6_B01_771504	7	116609815	117118213	308	0.728
DUNGS_p_TCGA_b84_115_SNP_N_GenomeWideSNP_6_B01_771504	7	117121220	133785340	10034	-0.0215
DUNGS_p_TCGA_b84_115_SNP_N_GenomeWideSNP_6_B01_771504	7	133785377	133799154	32	0.5485
DUNGS_p_TCGA_b84_115_SNP_N_GenomeWideSNP_6_B01_771504	7	133799197	137816732	2789	-0.0211
DUNGS_p_TCGA_b84_115_SNP_N_GenomeWideSNP_6_B01_771504	7	137817409	137827536	5	0.8926
DUNGS_p_TCGA_b84_115_SNP_N_GenomeWideSNP_6_B01_771504	7	137828808	159127004	13517	0.0627
DUNGS_p_TCGA_b84_115_SNP_N_GenomeWideSNP_6_B01_771504	8	31254	594973	329	-0.2434
DUNGS_p_TCGA_b84_115_SNP_N_GenomeWideSNP_6_B01_771504	8	595220	595908	8	1.441
DUNGS_p_TCGA_b84_115_SNP_N_GenomeWideSNP_6_B01_771504	8	601043	2081799	1159	-0.2242
DUNGS_p_TCGA_b84_115_SNP_N_GenomeWideSNP_6_B01_771504	8	2081951	2081992	2	-2.4342
DUNGS_p_TCGA_b84_115_SNP_N_GenomeWideSNP_6_B01_771504	8	2082033	3532921	1561	-0.2354
DUNGS_p_TCGA_b84_115_SNP_N_GenomeWideSNP_6_B01_771504	8	3533082	3542961	12	-1.1416
DUNGS_p_TCGA_b84_115_SNP_N_GenomeWideSNP_6_B01_771504	8	3543754	7039853	4760	-0.2219
DUNGS_p_TCGA_b84_115_SNP_N_GenomeWideSNP_6_B01_771504	8	7043340	7226436	31	-0.8117
DUNGS_p_TCGA_b84_115_SNP_N_GenomeWideSNP_6_B01_771504	8	7237903	7777007	131	-0.2055
DUNGS_p_TCGA_b84_115_SNP_N_GenomeWideSNP_6_B01_771504	8	7777022	7777130	5	0.8955
DUNGS_p_TCGA_b84_115_SNP_N_GenomeWideSNP_6_B01_771504	8	7777171	9149612	1091	-0.214
DUNGS_p_TCGA_b84_115_SNP_N_GenomeWideSNP_6_B01_771504	8	9150079	9152517	3	-1.8054
DUNGS_p_TCGA_b84_115_SNP_N_GenomeWideSNP_6_B01_771504	8	9152782	16197191	5815	-0.2231
DUNGS_p_TCGA_b84_115_SNP_N_GenomeWideSNP_6_B01_771504	8	16206954	16207123	8	-1.3244
DUNGS_p_TCGA_b84_115_SNP_N_GenomeWideSNP_6_B01_771504	8	16212084	16489581	249	-0.234
DUNGS_p_TCGA_b84_115_SNP_N_GenomeWideSNP_6_B01_771504	8	16496874	16517303	12	0.4166
DUNGS_p_TCGA_b84_115_SNP_N_GenomeWideSNP_6_B01_771504	8	16517870	23402308	5543	-0.2213
DUNGS_p_TCGA_b84_115_SNP_N_GenomeWideSNP_6_B01_771504	8	23407740	23407871	5	-1.2438
DUNGS_p_TCGA_b84_115_SNP_N_GenomeWideSNP_6_B01_771504	8	23407905	24974577	1145	-0.2152
DUNGS_p_TCGA_b84_115_SNP_N_GenomeWideSNP_6_B01_771504	8	24975500	24978537	8	-1.1377
DUNGS_p_TCGA_b84_115_SNP_N_GenomeWideSNP_6_B01_771504	8	24979285	24991810	26	-0.4854
DUNGS_p_TCGA_b84_115_SNP_N_GenomeWideSNP_6_B01_771504	8	24991825	30436949	3872	-0.0995
DUNGS_p_TCGA_b84_115_SNP_N_GenomeWideSNP_6_B01_771504	8	30437008	31904363	893	0.2169
DUNGS_p_TCGA_b84_115_SNP_N_GenomeWideSNP_6_B01_771504	8	31908525	32394476	441	-0.1098
DUNGS_p_TCGA_b84_115_SNP_N_GenomeWideSNP_6_B01_771504	8	32397901	32539521	120	0.4523
DUNGS_p_TCGA_b84_115_SNP_N_GenomeWideSNP_6_B01_771504	8	32539867	39250972	3717	-0.141
DUNGS_p_TCGA_b84_115_SNP_N_GenomeWideSNP_6_B01_771504	8	39251487	39386965	54	0.6783
DUNGS_p_TCGA_b84_115_SNP_N_GenomeWideSNP_6_B01_771504	8	39388299	40771996	1075	0.0539
DUNGS_p_TCGA_b84_115_SNP_N_GenomeWideSNP_6_B01_771504	8	40777852	40778471	2	-2.4081
DUNGS_p_TCGA_b84_115_SNP_N_GenomeWideSNP_6_B01_771504	8	40783680	40923349	86	0.2039
DUNGS_p_TCGA_b84_115_SNP_N_GenomeWideSNP_6_B01_771504	8	40923482	42821678	1142	0.6798
DUNGS_p_TCGA_b84_115_SNP_N_GenomeWideSNP_6_B01_771504	8	42823084	46924357	296	0.0419
DUNGS_p_TCGA_b84_115_SNP_N_GenomeWideSNP_6_B01_771504	8	46926449	47175405	75	0.5291
DUNGS_p_TCGA_b84_115_SNP_N_GenomeWideSNP_6_B01_771504	8	47179314	47618257	152	0.0955
DUNGS_p_TCGA_b84_115_SNP_N_GenomeWideSNP_6_B01_771504	8	47618431	49747633	989	0.696
DUNGS_p_TCGA_b84_115_SNP_N_GenomeWideSNP_6_B01_771504	8	49749805	50507893	452	-0.1881
DUNGS_p_TCGA_b84_115_SNP_N_GenomeWideSNP_6_B01_771504	8	50508255	50508912	3	0.9091
DUNGS_p_TCGA_b84_115_SNP_N_GenomeWideSNP_6_B01_771504	8	50510728	50672934	100	-0.1949
DUNGS_p_TCGA_b84_115_SNP_N_GenomeWideSNP_6_B01_771504	8	50673567	83771467	20708	0.1968
DUNGS_p_TCGA_b84_115_SNP_N_GenomeWideSNP_6_B01_771504	8	83772256	83775426	2	-1.3038
DUNGS_p_TCGA_b84_115_SNP_N_GenomeWideSNP_6_B01_771504	8	83779800	87267376	1847	0.219
DUNGS_p_TCGA_b84_115_SNP_N_GenomeWideSNP_6_B01_771504	8	87268379	89025787	933	-0.1062
DUNGS_p_TCGA_b84_115_SNP_N_GenomeWideSNP_6_B01_771504	8	89028196	89925620	508	0.3101
DUNGS_p_TCGA_b84_115_SNP_N_GenomeWideSNP_6_B01_771504	8	89928378	89929477	4	-0.7609
DUNGS_p_TCGA_b84_115_SNP_N_GenomeWideSNP_6_B01_771504	8	89929995	95557552	3414	0.3353
DUNGS_p_TCGA_b84_115_SNP_N_GenomeWideSNP_6_B01_771504	8	95557602	95557992	6	1.2036
DUNGS_p_TCGA_b84_115_SNP_N_GenomeWideSNP_6_B01_771504	8	95558115	103053291	4752	0.2853
DUNGS_p_TCGA_b84_115_SNP_N_GenomeWideSNP_6_B01_771504	8	103054583	103056706	2	-1.2173
DUNGS_p_TCGA_b84_115_SNP_N_GenomeWideSNP_6_B01_771504	8	103056774	103992590	537	0.2323
DUNGS_p_TCGA_b84_115_SNP_N_GenomeWideSNP_6_B01_771504	8	103994911	103995823	2	-1.3312
DUNGS_p_TCGA_b84_115_SNP_N_GenomeWideSNP_6_B01_771504	8	103997435	112291494	5001	0.2103
DUNGS_p_TCGA_b84_115_SNP_N_GenomeWideSNP_6_B01_771504	8	112294279	112295260	10	-1.0691
DUNGS_p_TCGA_b84_115_SNP_N_GenomeWideSNP_6_B01_771504	8	112300281	129589610	11580	0.1918
DUNGS_p_TCGA_b84_115_SNP_N_GenomeWideSNP_6_B01_771504	8	129592161	129621592	27	-0.4381
DUNGS_p_TCGA_b84_115_SNP_N_GenomeWideSNP_6_B01_771504	8	129622023	137381326	5964	0.187
DUNGS_p_TCGA_b84_115_SNP_N_GenomeWideSNP_6_B01_771504	8	137381621	137381959	2	-2.7585
DUNGS_p_TCGA_b84_115_SNP_N_GenomeWideSNP_6_B01_771504	8	137384947	140254844	2366	0.1752
DUNGS_p_TCGA_b84_115_SNP_N_GenomeWideSNP_6_B01_771504	8	140258252	140259197	5	-1.1921
DUNGS_p_TCGA_b84_115_SNP_N_GenomeWideSNP_6_B01_771504	8	140259420	146298155	3015	0.212
DUNGS_p_TCGA_b84_115_SNP_N_GenomeWideSNP_6_B01_771504	9	46587	646219	579	-0.022
DUNGS_p_TCGA_b84_115_SNP_N_GenomeWideSNP_6_B01_771504	9	646449	646656	2	-2.1631
DUNGS_p_TCGA_b84_115_SNP_N_GenomeWideSNP_6_B01_771504	9	648732	10637778	9674	0.0193
DUNGS_p_TCGA_b84_115_SNP_N_GenomeWideSNP_6_B01_771504	9	10639459	10640572	6	-1.3027
DUNGS_p_TCGA_b84_115_SNP_N_GenomeWideSNP_6_B01_771504	9	10640634	44251228	21231	0.0079
DUNGS_p_TCGA_b84_115_SNP_N_GenomeWideSNP_6_B01_771504	9	44255487	44255886	2	2.0346
DUNGS_p_TCGA_b84_115_SNP_N_GenomeWideSNP_6_B01_771504	9	44259163	44469328	14	-0.2736
DUNGS_p_TCGA_b84_115_SNP_N_GenomeWideSNP_6_B01_771504	9	44629223	44993298	46	0.3748
DUNGS_p_TCGA_b84_115_SNP_N_GenomeWideSNP_6_B01_771504	9	44993489	69941946	344	-0.1737
DUNGS_p_TCGA_b84_115_SNP_N_GenomeWideSNP_6_B01_771504	9	69941947	69941948	2	-1.3463
DUNGS_p_TCGA_b84_115_SNP_N_GenomeWideSNP_6_B01_771504	9	69942154	72100569	964	-0.041
DUNGS_p_TCGA_b84_115_SNP_N_GenomeWideSNP_6_B01_771504	9	72105613	72105615	3	1.2699
DUNGS_p_TCGA_b84_115_SNP_N_GenomeWideSNP_6_B01_771504	9	72105619	76068012	2796	-0.0263
DUNGS_p_TCGA_b84_115_SNP_N_GenomeWideSNP_6_B01_771504	9	76068462	76088831	12	-0.6778
DUNGS_p_TCGA_b84_115_SNP_N_GenomeWideSNP_6_B01_771504	9	76091580	90016773	10026	-0.0327
DUNGS_p_TCGA_b84_115_SNP_N_GenomeWideSNP_6_B01_771504	9	90018365	90018791	4	-1.8045
DUNGS_p_TCGA_b84_115_SNP_N_GenomeWideSNP_6_B01_771504	9	90019633	90554219	480	-0.0034
DUNGS_p_TCGA_b84_115_SNP_N_GenomeWideSNP_6_B01_771504	9	90557957	90558178	2	-1.7951
DUNGS_p_TCGA_b84_115_SNP_N_GenomeWideSNP_6_B01_771504	9	90558326	104861132	9445	-0.0239
DUNGS_p_TCGA_b84_115_SNP_N_GenomeWideSNP_6_B01_771504	9	104861952	104926215	48	0.3455
DUNGS_p_TCGA_b84_115_SNP_N_GenomeWideSNP_6_B01_771504	9	104929756	115581428	8097	-0.016
DUNGS_p_TCGA_b84_115_SNP_N_GenomeWideSNP_6_B01_771504	9	115581453	115590578	7	-0.8038
DUNGS_p_TCGA_b84_115_SNP_N_GenomeWideSNP_6_B01_771504	9	115590962	119526621	2976	-0.0183
DUNGS_p_TCGA_b84_115_SNP_N_GenomeWideSNP_6_B01_771504	9	119526678	119526745	2	1.569
DUNGS_p_TCGA_b84_115_SNP_N_GenomeWideSNP_6_B01_771504	9	119526980	140252947	12826	-0.0279
DUNGS_p_TCGA_b84_115_SNP_N_GenomeWideSNP_6_B01_771504	9	140255642	140273003	4	1.2357
DUNGS_p_TCGA_b84_115_SNP_N_GenomeWideSNP_6_B01_771504	9	140273035	141091394	412	-0.0407
DUNGS_p_TCGA_b84_115_SNP_N_GenomeWideSNP_6_B01_771504	10	72759	4290814	3591	0.0497
DUNGS_p_TCGA_b84_115_SNP_N_GenomeWideSNP_6_B01_771504	10	4290838	4291016	3	2.0292
DUNGS_p_TCGA_b84_115_SNP_N_GenomeWideSNP_6_B01_771504	10	4294071	15930455	9833	-0.0056
DUNGS_p_TCGA_b84_115_SNP_N_GenomeWideSNP_6_B01_771504	10	15930626	15930641	2	-2.1594
DUNGS_p_TCGA_b84_115_SNP_N_GenomeWideSNP_6_B01_771504	10	15930668	25594793	6658	-0.0481
DUNGS_p_TCGA_b84_115_SNP_N_GenomeWideSNP_6_B01_771504	10	25595373	25600208	3	-1.7721
DUNGS_p_TCGA_b84_115_SNP_N_GenomeWideSNP_6_B01_771504	10	25601033	46256781	11511	-0.0057
DUNGS_p_TCGA_b84_115_SNP_N_GenomeWideSNP_6_B01_771504	10	46293619	47037567	87	-0.3168
DUNGS_p_TCGA_b84_115_SNP_N_GenomeWideSNP_6_B01_771504	10	47041466	47059201	16	0.354
DUNGS_p_TCGA_b84_115_SNP_N_GenomeWideSNP_6_B01_771504	10	47059226	47542094	87	-0.1977
DUNGS_p_TCGA_b84_115_SNP_N_GenomeWideSNP_6_B01_771504	10	47545688	48005227	199	-0.4863
DUNGS_p_TCGA_b84_115_SNP_N_GenomeWideSNP_6_B01_771504	10	48036571	48902376	290	0.1198
DUNGS_p_TCGA_b84_115_SNP_N_GenomeWideSNP_6_B01_771504	10	48928791	49031252	7	-1.7279
DUNGS_p_TCGA_b84_115_SNP_N_GenomeWideSNP_6_B01_771504	10	49045681	57236157	5470	0.081
DUNGS_p_TCGA_b84_115_SNP_N_GenomeWideSNP_6_B01_771504	10	57236666	57236716	2	-1.7027
DUNGS_p_TCGA_b84_115_SNP_N_GenomeWideSNP_6_B01_771504	10	57237301	59095976	1373	0.0785
DUNGS_p_TCGA_b84_115_SNP_N_GenomeWideSNP_6_B01_771504	10	59096062	59096116	2	-1.4052
DUNGS_p_TCGA_b84_115_SNP_N_GenomeWideSNP_6_B01_771504	10	59096192	61358267	1618	0.061
DUNGS_p_TCGA_b84_115_SNP_N_GenomeWideSNP_6_B01_771504	10	61364115	61364911	5	-0.4827
DUNGS_p_TCGA_b84_115_SNP_N_GenomeWideSNP_6_B01_771504	10	61365074	61365805	7	0.7766
DUNGS_p_TCGA_b84_115_SNP_N_GenomeWideSNP_6_B01_771504	10	61366264	67305111	4022	0.0499
DUNGS_p_TCGA_b84_115_SNP_N_GenomeWideSNP_6_B01_771504	10	67306079	67311360	25	0.4187
DUNGS_p_TCGA_b84_115_SNP_N_GenomeWideSNP_6_B01_771504	10	67313862	94098578	17964	-0.0297
DUNGS_p_TCGA_b84_115_SNP_N_GenomeWideSNP_6_B01_771504	10	94103867	94108780	3	-1.3202
DUNGS_p_TCGA_b84_115_SNP_N_GenomeWideSNP_6_B01_771504	10	94109791	122676822	18952	-0.0145
DUNGS_p_TCGA_b84_115_SNP_N_GenomeWideSNP_6_B01_771504	10	122677062	122677605	6	0.6499
DUNGS_p_TCGA_b84_115_SNP_N_GenomeWideSNP_6_B01_771504	10	122681972	122763675	75	0.0148
DUNGS_p_TCGA_b84_115_SNP_N_GenomeWideSNP_6_B01_771504	10	122770663	122789564	22	-0.6854
DUNGS_p_TCGA_b84_115_SNP_N_GenomeWideSNP_6_B01_771504	10	122789818	131203176	6516	-0.0344
DUNGS_p_TCGA_b84_115_SNP_N_GenomeWideSNP_6_B01_771504	10	131204408	131210677	3	-1.1499
DUNGS_p_TCGA_b84_115_SNP_N_GenomeWideSNP_6_B01_771504	10	131211044	135387240	2788	0.0102
DUNGS_p_TCGA_b84_115_SNP_N_GenomeWideSNP_6_B01_771504	10	135387867	135387875	2	-4.4918
DUNGS_p_TCGA_b84_115_SNP_N_GenomeWideSNP_6_B01_771504	10	135389854	135389896	2	-1.3771
DUNGS_p_TCGA_b84_115_SNP_N_GenomeWideSNP_6_B01_771504	10	135396284	135434551	27	0.1798
DUNGS_p_TCGA_b84_115_SNP_N_GenomeWideSNP_6_B01_771504	10	135449357	135506704	5	-0.8129
DUNGS_p_TCGA_b84_115_SNP_N_GenomeWideSNP_6_B01_771504	11	198510	4262573	1798	0.0516
DUNGS_p_TCGA_b84_115_SNP_N_GenomeWideSNP_6_B01_771504	11	4268620	4307999	15	-1.0333
DUNGS_p_TCGA_b84_115_SNP_N_GenomeWideSNP_6_B01_771504	11	4319712	4970367	674	0.0431
DUNGS_p_TCGA_b84_115_SNP_N_GenomeWideSNP_6_B01_771504	11	4972005	4973763	14	0.8206
DUNGS_p_TCGA_b84_115_SNP_N_GenomeWideSNP_6_B01_771504	11	4973863	5872431	910	0.0802
DUNGS_p_TCGA_b84_115_SNP_N_GenomeWideSNP_6_B01_771504	11	5875867	5883317	5	-2.9681
DUNGS_p_TCGA_b84_115_SNP_N_GenomeWideSNP_6_B01_771504	11	5885711	18952192	9375	0.0468
DUNGS_p_TCGA_b84_115_SNP_N_GenomeWideSNP_6_B01_771504	11	18952544	18961065	20	-0.4008
DUNGS_p_TCGA_b84_115_SNP_N_GenomeWideSNP_6_B01_771504	11	18961097	21195743	2071	0.0398
DUNGS_p_TCGA_b84_115_SNP_N_GenomeWideSNP_6_B01_771504	11	21196180	21196391	4	1.0023
DUNGS_p_TCGA_b84_115_SNP_N_GenomeWideSNP_6_B01_771504	11	21196509	21422283	220	0.0179
DUNGS_p_TCGA_b84_115_SNP_N_GenomeWideSNP_6_B01_771504	11	21423146	21424273	3	-1.332
DUNGS_p_TCGA_b84_115_SNP_N_GenomeWideSNP_6_B01_771504	11	21425763	25605844	2985	-0.0154
DUNGS_p_TCGA_b84_115_SNP_N_GenomeWideSNP_6_B01_771504	11	25608546	25624741	23	-1.0681
DUNGS_p_TCGA_b84_115_SNP_N_GenomeWideSNP_6_B01_771504	11	25633583	25701873	53	-0.0715
DUNGS_p_TCGA_b84_115_SNP_N_GenomeWideSNP_6_B01_771504	11	25702189	25707085	9	-0.9452
DUNGS_p_TCGA_b84_115_SNP_N_GenomeWideSNP_6_B01_771504	11	25707432	25712889	6	0.0248
DUNGS_p_TCGA_b84_115_SNP_N_GenomeWideSNP_6_B01_771504	11	25712906	25722150	16	-0.7873
DUNGS_p_TCGA_b84_115_SNP_N_GenomeWideSNP_6_B01_771504	11	25723883	51096372	16108	-0.0535
DUNGS_p_TCGA_b84_115_SNP_N_GenomeWideSNP_6_B01_771504	11	51126742	51163249	3	-1.9978
DUNGS_p_TCGA_b84_115_SNP_N_GenomeWideSNP_6_B01_771504	11	51165185	55359518	378	-0.0231
DUNGS_p_TCGA_b84_115_SNP_N_GenomeWideSNP_6_B01_771504	11	55359553	55453009	65	0.4601
DUNGS_p_TCGA_b84_115_SNP_N_GenomeWideSNP_6_B01_771504	11	55453576	84377390	16528	-0.0646
DUNGS_p_TCGA_b84_115_SNP_N_GenomeWideSNP_6_B01_771504	11	84377856	84378195	2	-1.7308
DUNGS_p_TCGA_b84_115_SNP_N_GenomeWideSNP_6_B01_771504	11	84380275	134944770	35943	-0.0623
DUNGS_p_TCGA_b84_115_SNP_N_GenomeWideSNP_6_B01_771504	12	150442	180697	6	-0.6559
DUNGS_p_TCGA_b84_115_SNP_N_GenomeWideSNP_6_B01_771504	12	191054	2252703	1284	0.1259
DUNGS_p_TCGA_b84_115_SNP_N_GenomeWideSNP_6_B01_771504	12	2252723	2253004	4	-0.9488
DUNGS_p_TCGA_b84_115_SNP_N_GenomeWideSNP_6_B01_771504	12	2253047	8481860	4301	-0.0484
DUNGS_p_TCGA_b84_115_SNP_N_GenomeWideSNP_6_B01_771504	12	8488289	8493629	4	-1.1429
DUNGS_p_TCGA_b84_115_SNP_N_GenomeWideSNP_6_B01_771504	12	8494956	8556693	25	-0.1038
DUNGS_p_TCGA_b84_115_SNP_N_GenomeWideSNP_6_B01_771504	12	8558488	8558636	2	3.1029
DUNGS_p_TCGA_b84_115_SNP_N_GenomeWideSNP_6_B01_771504	12	8558792	9442850	498	-0.0836
DUNGS_p_TCGA_b84_115_SNP_N_GenomeWideSNP_6_B01_771504	12	9454548	9461228	4	-1.4988
DUNGS_p_TCGA_b84_115_SNP_N_GenomeWideSNP_6_B01_771504	12	9467809	9630556	82	0.0188
DUNGS_p_TCGA_b84_115_SNP_N_GenomeWideSNP_6_B01_771504	12	9633870	9728292	25	0.8607
DUNGS_p_TCGA_b84_115_SNP_N_GenomeWideSNP_6_B01_771504	12	9734969	11166635	1007	-0.0612
DUNGS_p_TCGA_b84_115_SNP_N_GenomeWideSNP_6_B01_771504	12	11166968	11167226	2	-2.3916
DUNGS_p_TCGA_b84_115_SNP_N_GenomeWideSNP_6_B01_771504	12	11169328	21144252	6751	-0.1277
DUNGS_p_TCGA_b84_115_SNP_N_GenomeWideSNP_6_B01_771504	12	21144302	21144542	5	-1.291
DUNGS_p_TCGA_b84_115_SNP_N_GenomeWideSNP_6_B01_771504	12	21144578	24083399	1986	-0.0945
DUNGS_p_TCGA_b84_115_SNP_N_GenomeWideSNP_6_B01_771504	12	24090662	25188799	844	0.2096
DUNGS_p_TCGA_b84_115_SNP_N_GenomeWideSNP_6_B01_771504	12	25190791	25200565	7	1.0074
DUNGS_p_TCGA_b84_115_SNP_N_GenomeWideSNP_6_B01_771504	12	25209764	34212802	6653	0.202
DUNGS_p_TCGA_b84_115_SNP_N_GenomeWideSNP_6_B01_771504	12	34214543	34216247	2	-1.9817
DUNGS_p_TCGA_b84_115_SNP_N_GenomeWideSNP_6_B01_771504	12	34216305	34803046	227	0.268
DUNGS_p_TCGA_b84_115_SNP_N_GenomeWideSNP_6_B01_771504	12	34835654	73201599	21555	-0.07
DUNGS_p_TCGA_b84_115_SNP_N_GenomeWideSNP_6_B01_771504	12	73206331	73207191	3	-1.5236
DUNGS_p_TCGA_b84_115_SNP_N_GenomeWideSNP_6_B01_771504	12	73207967	73242116	19	-0.1174
DUNGS_p_TCGA_b84_115_SNP_N_GenomeWideSNP_6_B01_771504	12	73245404	73245405	2	1.6235
DUNGS_p_TCGA_b84_115_SNP_N_GenomeWideSNP_6_B01_771504	12	73253192	124115936	32638	-0.0666
DUNGS_p_TCGA_b84_115_SNP_N_GenomeWideSNP_6_B01_771504	12	124117768	124127264	12	0.4641
DUNGS_p_TCGA_b84_115_SNP_N_GenomeWideSNP_6_B01_771504	12	124129924	133778189	7205	-0.0541
DUNGS_p_TCGA_b84_115_SNP_N_GenomeWideSNP_6_B01_771504	13	19026949	19123495	9	0.3205
DUNGS_p_TCGA_b84_115_SNP_N_GenomeWideSNP_6_B01_771504	13	19135291	25155126	4167	-0.0766
DUNGS_p_TCGA_b84_115_SNP_N_GenomeWideSNP_6_B01_771504	13	25163220	25173506	6	-1.2479
DUNGS_p_TCGA_b84_115_SNP_N_GenomeWideSNP_6_B01_771504	13	25177122	26255495	712	-0.0919
DUNGS_p_TCGA_b84_115_SNP_N_GenomeWideSNP_6_B01_771504	13	26256148	26260390	2	-1.4319
DUNGS_p_TCGA_b84_115_SNP_N_GenomeWideSNP_6_B01_771504	13	26260999	32532071	4757	-0.0894
DUNGS_p_TCGA_b84_115_SNP_N_GenomeWideSNP_6_B01_771504	13	32532121	32538423	19	-0.7606
DUNGS_p_TCGA_b84_115_SNP_N_GenomeWideSNP_6_B01_771504	13	32540047	32775772	162	-0.1083
DUNGS_p_TCGA_b84_115_SNP_N_GenomeWideSNP_6_B01_771504	13	32776253	32842335	44	0.257
DUNGS_p_TCGA_b84_115_SNP_N_GenomeWideSNP_6_B01_771504	13	32845418	38084757	3717	-0.094
DUNGS_p_TCGA_b84_115_SNP_N_GenomeWideSNP_6_B01_771504	13	38088330	38088387	3	1.5244
DUNGS_p_TCGA_b84_115_SNP_N_GenomeWideSNP_6_B01_771504	13	38088609	48898148	7478	-0.0909
DUNGS_p_TCGA_b84_115_SNP_N_GenomeWideSNP_6_B01_771504	13	48898159	48911264	24	-0.4838
DUNGS_p_TCGA_b84_115_SNP_N_GenomeWideSNP_6_B01_771504	13	48911378	48917439	6	-1.0762
DUNGS_p_TCGA_b84_115_SNP_N_GenomeWideSNP_6_B01_771504	13	48917673	49531551	533	-0.1648
DUNGS_p_TCGA_b84_115_SNP_N_GenomeWideSNP_6_B01_771504	13	49533715	49536504	2	-3.557
DUNGS_p_TCGA_b84_115_SNP_N_GenomeWideSNP_6_B01_771504	13	49537705	57758289	4511	-0.0715
DUNGS_p_TCGA_b84_115_SNP_N_GenomeWideSNP_6_B01_771504	13	57758315	57790009	34	-0.5218
DUNGS_p_TCGA_b84_115_SNP_N_GenomeWideSNP_6_B01_771504	13	57792969	69248976	6910	-0.0774
DUNGS_p_TCGA_b84_115_SNP_N_GenomeWideSNP_6_B01_771504	13	69249464	69250995	5	0.9482
DUNGS_p_TCGA_b84_115_SNP_N_GenomeWideSNP_6_B01_771504	13	69251019	76333701	4897	-0.003
DUNGS_p_TCGA_b84_115_SNP_N_GenomeWideSNP_6_B01_771504	13	76333847	76338608	2	-1.8879
DUNGS_p_TCGA_b84_115_SNP_N_GenomeWideSNP_6_B01_771504	13	76338929	115108397	26377	-0.0105
DUNGS_p_TCGA_b84_115_SNP_N_GenomeWideSNP_6_B01_771504	14	19002124	20422583	189	-0.25
DUNGS_p_TCGA_b84_115_SNP_N_GenomeWideSNP_6_B01_771504	14	20423372	20550540	94	0.1135
DUNGS_p_TCGA_b84_115_SNP_N_GenomeWideSNP_6_B01_771504	14	20553284	20555196	2	2.6869
DUNGS_p_TCGA_b84_115_SNP_N_GenomeWideSNP_6_B01_771504	14	20557267	44758117	15465	0.0975
DUNGS_p_TCGA_b84_115_SNP_N_GenomeWideSNP_6_B01_771504	14	44759040	44759043	2	-1.9759
DUNGS_p_TCGA_b84_115_SNP_N_GenomeWideSNP_6_B01_771504	14	44759196	100420996	36763	-0.0052
DUNGS_p_TCGA_b84_115_SNP_N_GenomeWideSNP_6_B01_771504	14	100428419	100429216	2	-1.6643
DUNGS_p_TCGA_b84_115_SNP_N_GenomeWideSNP_6_B01_771504	14	100431456	106279444	2603	-0.014
DUNGS_p_TCGA_b84_115_SNP_N_GenomeWideSNP_6_B01_771504	14	106281966	106282207	2	-1.7981
DUNGS_p_TCGA_b84_115_SNP_N_GenomeWideSNP_6_B01_771504	14	106282511	106538062	93	-0.0727
DUNGS_p_TCGA_b84_115_SNP_N_GenomeWideSNP_6_B01_771504	14	106541753	106569463	14	0.5321
DUNGS_p_TCGA_b84_115_SNP_N_GenomeWideSNP_6_B01_771504	14	106574118	106634190	34	-0.2524
DUNGS_p_TCGA_b84_115_SNP_N_GenomeWideSNP_6_B01_771504	14	106636881	106639475	3	-1.5106
DUNGS_p_TCGA_b84_115_SNP_N_GenomeWideSNP_6_B01_771504	14	106643330	106751284	46	-0.2103
DUNGS_p_TCGA_b84_115_SNP_N_GenomeWideSNP_6_B01_771504	14	106753859	106753867	3	1.5105
DUNGS_p_TCGA_b84_115_SNP_N_GenomeWideSNP_6_B01_771504	14	106754003	107285437	330	-0.0553
DUNGS_p_TCGA_b84_115_SNP_N_GenomeWideSNP_6_B01_771504	15	20016328	20412026	64	-0.1855
DUNGS_p_TCGA_b84_115_SNP_N_GenomeWideSNP_6_B01_771504	15	20412478	20581455	39	-0.8199
DUNGS_p_TCGA_b84_115_SNP_N_GenomeWideSNP_6_B01_771504	15	20581562	20586942	13	0.2599
DUNGS_p_TCGA_b84_115_SNP_N_GenomeWideSNP_6_B01_771504	15	20586957	20717386	31	-0.5559
DUNGS_p_TCGA_b84_115_SNP_N_GenomeWideSNP_6_B01_771504	15	20730465	20820159	9	0.5073
DUNGS_p_TCGA_b84_115_SNP_N_GenomeWideSNP_6_B01_771504	15	20830374	20943930	30	-0.3009
DUNGS_p_TCGA_b84_115_SNP_N_GenomeWideSNP_6_B01_771504	15	20944058	22285769	124	-0.7561
DUNGS_p_TCGA_b84_115_SNP_N_GenomeWideSNP_6_B01_771504	15	22287270	22291024	2	1.9523
DUNGS_p_TCGA_b84_115_SNP_N_GenomeWideSNP_6_B01_771504	15	22293227	22756026	124	-0.7404
DUNGS_p_TCGA_b84_115_SNP_N_GenomeWideSNP_6_B01_771504	15	22760272	24504157	927	-0.158
DUNGS_p_TCGA_b84_115_SNP_N_GenomeWideSNP_6_B01_771504	15	24508708	24512035	2	1.7337
DUNGS_p_TCGA_b84_115_SNP_N_GenomeWideSNP_6_B01_771504	15	24514620	24647994	58	-0.2305
DUNGS_p_TCGA_b84_115_SNP_N_GenomeWideSNP_6_B01_771504	15	24651064	24718173	44	-0.8778
DUNGS_p_TCGA_b84_115_SNP_N_GenomeWideSNP_6_B01_771504	15	24718596	27915882	2349	-0.1591
DUNGS_p_TCGA_b84_115_SNP_N_GenomeWideSNP_6_B01_771504	15	27916934	27927806	15	-0.7932
DUNGS_p_TCGA_b84_115_SNP_N_GenomeWideSNP_6_B01_771504	15	27928794	28709292	407	-0.1214
DUNGS_p_TCGA_b84_115_SNP_N_GenomeWideSNP_6_B01_771504	15	28911770	28953915	33	-0.4955
DUNGS_p_TCGA_b84_115_SNP_N_GenomeWideSNP_6_B01_771504	15	28958792	30370031	832	-0.0615
DUNGS_p_TCGA_b84_115_SNP_N_GenomeWideSNP_6_B01_771504	15	30386411	30900878	111	-0.8153
DUNGS_p_TCGA_b84_115_SNP_N_GenomeWideSNP_6_B01_771504	15	30913587	32471487	1054	-0.1302
DUNGS_p_TCGA_b84_115_SNP_N_GenomeWideSNP_6_B01_771504	15	32471506	32674531	42	-0.6359
DUNGS_p_TCGA_b84_115_SNP_N_GenomeWideSNP_6_B01_771504	15	32679629	34723576	1519	-0.1434
DUNGS_p_TCGA_b84_115_SNP_N_GenomeWideSNP_6_B01_771504	15	34727172	34771631	37	0.2074
DUNGS_p_TCGA_b84_115_SNP_N_GenomeWideSNP_6_B01_771504	15	34773280	45383620	6340	-0.1391
DUNGS_p_TCGA_b84_115_SNP_N_GenomeWideSNP_6_B01_771504	15	45383684	45384178	2	-1.8075
DUNGS_p_TCGA_b84_115_SNP_N_GenomeWideSNP_6_B01_771504	15	45387899	47512654	1325	-0.1485
DUNGS_p_TCGA_b84_115_SNP_N_GenomeWideSNP_6_B01_771504	15	47513253	47519554	7	0.8916
DUNGS_p_TCGA_b84_115_SNP_N_GenomeWideSNP_6_B01_771504	15	47525661	102445241	36567	-0.1373
DUNGS_p_TCGA_b84_115_SNP_N_GenomeWideSNP_6_B01_771504	15	102459256	102469040	2	-2.9079
DUNGS_p_TCGA_b84_115_SNP_N_GenomeWideSNP_6_B01_771504	16	60777	19945650	13542	-0.0729
DUNGS_p_TCGA_b84_115_SNP_N_GenomeWideSNP_6_B01_771504	16	19945808	19965875	27	-0.9511
DUNGS_p_TCGA_b84_115_SNP_N_GenomeWideSNP_6_B01_771504	16	19967362	22557932	1298	-0.0925
DUNGS_p_TCGA_b84_115_SNP_N_GenomeWideSNP_6_B01_771504	16	22558311	22704520	71	-0.5594
DUNGS_p_TCGA_b84_115_SNP_N_GenomeWideSNP_6_B01_771504	16	22710742	29279750	4229	-0.0845
DUNGS_p_TCGA_b84_115_SNP_N_GenomeWideSNP_6_B01_771504	16	29280524	29281055	3	-1.4242
DUNGS_p_TCGA_b84_115_SNP_N_GenomeWideSNP_6_B01_771504	16	29281765	33827062	1207	-0.0809
DUNGS_p_TCGA_b84_115_SNP_N_GenomeWideSNP_6_B01_771504	16	33828054	33850086	9	-0.8682
DUNGS_p_TCGA_b84_115_SNP_N_GenomeWideSNP_6_B01_771504	16	33858731	55805408	6970	-0.0595
DUNGS_p_TCGA_b84_115_SNP_N_GenomeWideSNP_6_B01_771504	16	55805555	55808680	3	-2.5584
DUNGS_p_TCGA_b84_115_SNP_N_GenomeWideSNP_6_B01_771504	16	55809224	83822305	20638	-0.059
DUNGS_p_TCGA_b84_115_SNP_N_GenomeWideSNP_6_B01_771504	16	83822419	83822604	2	-1.776
DUNGS_p_TCGA_b84_115_SNP_N_GenomeWideSNP_6_B01_771504	16	83823451	90287535	4479	-0.1789
DUNGS_p_TCGA_b84_115_SNP_N_GenomeWideSNP_6_B01_771504	17	526	604919	298	0.0324
DUNGS_p_TCGA_b84_115_SNP_N_GenomeWideSNP_6_B01_771504	17	604989	832220	126	0.4325
DUNGS_p_TCGA_b84_115_SNP_N_GenomeWideSNP_6_B01_771504	17	832246	8242910	4134	0.0471
DUNGS_p_TCGA_b84_115_SNP_N_GenomeWideSNP_6_B01_771504	17	8247547	8247733	2	-2.6518
DUNGS_p_TCGA_b84_115_SNP_N_GenomeWideSNP_6_B01_771504	17	8249458	16654301	5958	0.0293
DUNGS_p_TCGA_b84_115_SNP_N_GenomeWideSNP_6_B01_771504	17	16657331	16740270	13	-0.7216
DUNGS_p_TCGA_b84_115_SNP_N_GenomeWideSNP_6_B01_771504	17	16741515	18355392	922	-0.0065
DUNGS_p_TCGA_b84_115_SNP_N_GenomeWideSNP_6_B01_771504	17	18358946	18412558	17	0.9957
DUNGS_p_TCGA_b84_115_SNP_N_GenomeWideSNP_6_B01_771504	17	18426461	34436708	6936	-0.0124
DUNGS_p_TCGA_b84_115_SNP_N_GenomeWideSNP_6_B01_771504	17	34437128	34485091	37	1.1576
DUNGS_p_TCGA_b84_115_SNP_N_GenomeWideSNP_6_B01_771504	17	34528125	39421708	2545	0.1016
DUNGS_p_TCGA_b84_115_SNP_N_GenomeWideSNP_6_B01_771504	17	39423014	39433052	28	1.1192
DUNGS_p_TCGA_b84_115_SNP_N_GenomeWideSNP_6_B01_771504	17	39433082	43648540	2164	-0.0388
DUNGS_p_TCGA_b84_115_SNP_N_GenomeWideSNP_6_B01_771504	17	43655090	43659426	7	-1.0043
DUNGS_p_TCGA_b84_115_SNP_N_GenomeWideSNP_6_B01_771504	17	43664693	44191778	358	0.0145
DUNGS_p_TCGA_b84_115_SNP_N_GenomeWideSNP_6_B01_771504	17	44195363	44364170	105	-0.3673
DUNGS_p_TCGA_b84_115_SNP_N_GenomeWideSNP_6_B01_771504	17	44394412	44737622	43	0.378
DUNGS_p_TCGA_b84_115_SNP_N_GenomeWideSNP_6_B01_771504	17	44741425	49521383	2496	0.1348
DUNGS_p_TCGA_b84_115_SNP_N_GenomeWideSNP_6_B01_771504	17	49522463	49522744	2	-1.2992
DUNGS_p_TCGA_b84_115_SNP_N_GenomeWideSNP_6_B01_771504	17	49530263	81049726	19145	0.0257
DUNGS_p_TCGA_b84_115_SNP_N_GenomeWideSNP_6_B01_771504	18	11543	6487465	4615	0.0816
DUNGS_p_TCGA_b84_115_SNP_N_GenomeWideSNP_6_B01_771504	18	6489608	6492936	3	-1.3154
DUNGS_p_TCGA_b84_115_SNP_N_GenomeWideSNP_6_B01_771504	18	6495027	11522832	3886	0.0668
DUNGS_p_TCGA_b84_115_SNP_N_GenomeWideSNP_6_B01_771504	18	11523010	11527288	2	-1.3631
DUNGS_p_TCGA_b84_115_SNP_N_GenomeWideSNP_6_B01_771504	18	11527371	11610492	45	0.1075
DUNGS_p_TCGA_b84_115_SNP_N_GenomeWideSNP_6_B01_771504	18	11625900	11643637	3	-1.3918
DUNGS_p_TCGA_b84_115_SNP_N_GenomeWideSNP_6_B01_771504	18	11648759	12192231	355	0.0891
DUNGS_p_TCGA_b84_115_SNP_N_GenomeWideSNP_6_B01_771504	18	12192655	12224734	10	-0.544
DUNGS_p_TCGA_b84_115_SNP_N_GenomeWideSNP_6_B01_771504	18	12226368	14215756	1186	0.0786
DUNGS_p_TCGA_b84_115_SNP_N_GenomeWideSNP_6_B01_771504	18	14216134	14239701	10	-0.6172
DUNGS_p_TCGA_b84_115_SNP_N_GenomeWideSNP_6_B01_771504	18	14239755	24365915	3816	0.0245
DUNGS_p_TCGA_b84_115_SNP_N_GenomeWideSNP_6_B01_771504	18	24365941	24366920	7	-1.0362
DUNGS_p_TCGA_b84_115_SNP_N_GenomeWideSNP_6_B01_771504	18	24366948	36960763	8108	-0.1573
DUNGS_p_TCGA_b84_115_SNP_N_GenomeWideSNP_6_B01_771504	18	36964398	36966611	6	0.7461
DUNGS_p_TCGA_b84_115_SNP_N_GenomeWideSNP_6_B01_771504	18	36970991	38260810	821	-0.1637
DUNGS_p_TCGA_b84_115_SNP_N_GenomeWideSNP_6_B01_771504	18	38260815	38270072	14	0.471
DUNGS_p_TCGA_b84_115_SNP_N_GenomeWideSNP_6_B01_771504	18	38270198	63680182	17494	-0.1501
DUNGS_p_TCGA_b84_115_SNP_N_GenomeWideSNP_6_B01_771504	18	63686273	63732867	46	0.2516
DUNGS_p_TCGA_b84_115_SNP_N_GenomeWideSNP_6_B01_771504	18	63732882	66080009	1710	-0.1567
DUNGS_p_TCGA_b84_115_SNP_N_GenomeWideSNP_6_B01_771504	18	66081072	66081543	3	-1.6568
DUNGS_p_TCGA_b84_115_SNP_N_GenomeWideSNP_6_B01_771504	18	66081674	75585607	7298	-0.1338
DUNGS_p_TCGA_b84_115_SNP_N_GenomeWideSNP_6_B01_771504	18	75589841	75595032	2	-2.1166
DUNGS_p_TCGA_b84_115_SNP_N_GenomeWideSNP_6_B01_771504	18	75595652	78015057	1426	-0.146
DUNGS_p_TCGA_b84_115_SNP_N_GenomeWideSNP_6_B01_771504	19	90910	29326993	12179	-0.0959
DUNGS_p_TCGA_b84_115_SNP_N_GenomeWideSNP_6_B01_771504	19	29328855	43287462	8414	0.2874
DUNGS_p_TCGA_b84_115_SNP_N_GenomeWideSNP_6_B01_771504	19	43288268	43537378	117	-0.2585
DUNGS_p_TCGA_b84_115_SNP_N_GenomeWideSNP_6_B01_771504	19	43538778	43712250	77	0.1713
DUNGS_p_TCGA_b84_115_SNP_N_GenomeWideSNP_6_B01_771504	19	43712598	43767012	21	-0.2599
DUNGS_p_TCGA_b84_115_SNP_N_GenomeWideSNP_6_B01_771504	19	43767261	44905905	750	0.2476
DUNGS_p_TCGA_b84_115_SNP_N_GenomeWideSNP_6_B01_771504	19	44906524	44906547	2	-2.5344
DUNGS_p_TCGA_b84_115_SNP_N_GenomeWideSNP_6_B01_771504	19	44906619	56273057	5960	-0.0241
DUNGS_p_TCGA_b84_115_SNP_N_GenomeWideSNP_6_B01_771504	19	56278050	56282369	3	-2.8571
DUNGS_p_TCGA_b84_115_SNP_N_GenomeWideSNP_6_B01_771504	19	56282535	58135349	1324	-0.039
DUNGS_p_TCGA_b84_115_SNP_N_GenomeWideSNP_6_B01_771504	19	58136900	58143124	7	-0.8567
DUNGS_p_TCGA_b84_115_SNP_N_GenomeWideSNP_6_B01_771504	19	58148069	59097854	522	-0.0065
DUNGS_p_TCGA_b84_115_SNP_N_GenomeWideSNP_6_B01_771504	20	61305	1567744	1213	0.1694
DUNGS_p_TCGA_b84_115_SNP_N_GenomeWideSNP_6_B01_771504	20	1568006	1597946	36	-0.4152
DUNGS_p_TCGA_b84_115_SNP_N_GenomeWideSNP_6_B01_771504	20	1598106	16233743	11345	0.1127
DUNGS_p_TCGA_b84_115_SNP_N_GenomeWideSNP_6_B01_771504	20	16233884	16234050	2	-1.7431
DUNGS_p_TCGA_b84_115_SNP_N_GenomeWideSNP_6_B01_771504	20	16234206	23144098	5461	0.1032
DUNGS_p_TCGA_b84_115_SNP_N_GenomeWideSNP_6_B01_771504	20	23144230	23174394	22	-0.3173
DUNGS_p_TCGA_b84_115_SNP_N_GenomeWideSNP_6_B01_771504	20	23176512	29567454	2035	0.1167
DUNGS_p_TCGA_b84_115_SNP_N_GenomeWideSNP_6_B01_771504	20	29569777	29612307	15	-0.4264
DUNGS_p_TCGA_b84_115_SNP_N_GenomeWideSNP_6_B01_771504	20	29616071	31566845	856	0.1323
DUNGS_p_TCGA_b84_115_SNP_N_GenomeWideSNP_6_B01_771504	20	31570971	31571022	2	-1.3944
DUNGS_p_TCGA_b84_115_SNP_N_GenomeWideSNP_6_B01_771504	20	31571900	44041393	7856	0.1035
DUNGS_p_TCGA_b84_115_SNP_N_GenomeWideSNP_6_B01_771504	20	44043940	44044003	2	1.6131
DUNGS_p_TCGA_b84_115_SNP_N_GenomeWideSNP_6_B01_771504	20	44044105	59577547	11906	0.1028
DUNGS_p_TCGA_b84_115_SNP_N_GenomeWideSNP_6_B01_771504	20	59577780	59577927	2	-2.1043
DUNGS_p_TCGA_b84_115_SNP_N_GenomeWideSNP_6_B01_771504	20	59577967	62956153	1781	0.1264
DUNGS_p_TCGA_b84_115_SNP_N_GenomeWideSNP_6_B01_771504	21	10736871	14868469	305	-0.1485
DUNGS_p_TCGA_b84_115_SNP_N_GenomeWideSNP_6_B01_771504	21	14874699	14882026	2	-2.0178
DUNGS_p_TCGA_b84_115_SNP_N_GenomeWideSNP_6_B01_771504	21	14882503	23207097	5840	-0.0351
DUNGS_p_TCGA_b84_115_SNP_N_GenomeWideSNP_6_B01_771504	21	23209605	23570480	279	0.509
DUNGS_p_TCGA_b84_115_SNP_N_GenomeWideSNP_6_B01_771504	21	23571308	24188779	435	-0.0022
DUNGS_p_TCGA_b84_115_SNP_N_GenomeWideSNP_6_B01_771504	21	24188857	24897326	576	0.5107
DUNGS_p_TCGA_b84_115_SNP_N_GenomeWideSNP_6_B01_771504	21	24900320	31391775	4939	-0.0313
DUNGS_p_TCGA_b84_115_SNP_N_GenomeWideSNP_6_B01_771504	21	31392180	31786145	286	0.3718
DUNGS_p_TCGA_b84_115_SNP_N_GenomeWideSNP_6_B01_771504	21	31786768	39712237	5553	-0.0302
DUNGS_p_TCGA_b84_115_SNP_N_GenomeWideSNP_6_B01_771504	21	39715685	41284522	1495	0.4415
DUNGS_p_TCGA_b84_115_SNP_N_GenomeWideSNP_6_B01_771504	21	41284590	48096957	4723	-0.0178
DUNGS_p_TCGA_b84_115_SNP_N_GenomeWideSNP_6_B01_771504	22	16052528	16108143	12	-0.3629
DUNGS_p_TCGA_b84_115_SNP_N_GenomeWideSNP_6_B01_771504	22	16112001	16242677	25	0.2734
DUNGS_p_TCGA_b84_115_SNP_N_GenomeWideSNP_6_B01_771504	22	16248691	17019784	94	-0.2729
DUNGS_p_TCGA_b84_115_SNP_N_GenomeWideSNP_6_B01_771504	22	17022237	17024823	3	-1.4551
DUNGS_p_TCGA_b84_115_SNP_N_GenomeWideSNP_6_B01_771504	22	17026042	19299500	1380	-0.1379
DUNGS_p_TCGA_b84_115_SNP_N_GenomeWideSNP_6_B01_771504	22	19303624	21465672	1339	0.1842
DUNGS_p_TCGA_b84_115_SNP_N_GenomeWideSNP_6_B01_771504	22	21465835	21708030	9	-0.8768
DUNGS_p_TCGA_b84_115_SNP_N_GenomeWideSNP_6_B01_771504	22	21708108	24344422	1763	0.1504
DUNGS_p_TCGA_b84_115_SNP_N_GenomeWideSNP_6_B01_771504	22	24350529	24396814	19	-1.5553
DUNGS_p_TCGA_b84_115_SNP_N_GenomeWideSNP_6_B01_771504	22	24401529	24867882	248	0.1424
DUNGS_p_TCGA_b84_115_SNP_N_GenomeWideSNP_6_B01_771504	22	24871783	24877292	4	-1.0573
DUNGS_p_TCGA_b84_115_SNP_N_GenomeWideSNP_6_B01_771504	22	24877776	25736674	625	0.1219
DUNGS_p_TCGA_b84_115_SNP_N_GenomeWideSNP_6_B01_771504	22	25736675	25736678	4	-0.98
DUNGS_p_TCGA_b84_115_SNP_N_GenomeWideSNP_6_B01_771504	22	25745901	32890988	5243	0.0972
DUNGS_p_TCGA_b84_115_SNP_N_GenomeWideSNP_6_B01_771504	22	32898291	32903246	2	0.9627
DUNGS_p_TCGA_b84_115_SNP_N_GenomeWideSNP_6_B01_771504	22	32904538	36444188	3026	-0.1052
DUNGS_p_TCGA_b84_115_SNP_N_GenomeWideSNP_6_B01_771504	22	36444319	36445592	4	-1.5275
DUNGS_p_TCGA_b84_115_SNP_N_GenomeWideSNP_6_B01_771504	22	36448347	45130466	5303	-0.1243
DUNGS_p_TCGA_b84_115_SNP_N_GenomeWideSNP_6_B01_771504	22	45133340	45136635	4	-1.477
DUNGS_p_TCGA_b84_115_SNP_N_GenomeWideSNP_6_B01_771504	22	45136906	49464521	3426	-0.1311
DUNGS_p_TCGA_b84_115_SNP_N_GenomeWideSNP_6_B01_771504	22	49467485	49473446	8	0.542
DUNGS_p_TCGA_b84_115_SNP_N_GenomeWideSNP_6_B01_771504	22	49474149	49486691	13	-0.1439
DUNGS_p_TCGA_b84_115_SNP_N_GenomeWideSNP_6_B01_771504	22	49487128	49492759	8	-1.2217
DUNGS_p_TCGA_b84_115_SNP_N_GenomeWideSNP_6_B01_771504	22	49492784	49620496	130	-0.0569
DUNGS_p_TCGA_b84_115_SNP_N_GenomeWideSNP_6_B01_771504	22	49620927	49621062	2	-2.3947
DUNGS_p_TCGA_b84_115_SNP_N_GenomeWideSNP_6_B01_771504	22	49623181	51234455	889	-0.0934
DUNGS_p_TCGA_b84_115_SNP_N_GenomeWideSNP_6_B01_771504	X	168477	377876	11	-0.368
DUNGS_p_TCGA_b84_115_SNP_N_GenomeWideSNP_6_B01_771504	X	387725	416224	8	-1.5076
DUNGS_p_TCGA_b84_115_SNP_N_GenomeWideSNP_6_B01_771504	X	416482	2714756	92	-0.3376
DUNGS_p_TCGA_b84_115_SNP_N_GenomeWideSNP_6_B01_771504	X	2714965	2718135	9	1.0571
DUNGS_p_TCGA_b84_115_SNP_N_GenomeWideSNP_6_B01_771504	X	2719111	12144652	6975	-0.1576
DUNGS_p_TCGA_b84_115_SNP_N_GenomeWideSNP_6_B01_771504	X	12144767	12144852	2	-5.5621
DUNGS_p_TCGA_b84_115_SNP_N_GenomeWideSNP_6_B01_771504	X	12144948	23247200	7071	-0.1643
DUNGS_p_TCGA_b84_115_SNP_N_GenomeWideSNP_6_B01_771504	X	23248120	23249796	2	-4.9819
DUNGS_p_TCGA_b84_115_SNP_N_GenomeWideSNP_6_B01_771504	X	23251011	23638336	300	-0.1508
DUNGS_p_TCGA_b84_115_SNP_N_GenomeWideSNP_6_B01_771504	X	23641079	23645556	3	-2.0208
DUNGS_p_TCGA_b84_115_SNP_N_GenomeWideSNP_6_B01_771504	X	23645800	25550292	1127	-0.1686
DUNGS_p_TCGA_b84_115_SNP_N_GenomeWideSNP_6_B01_771504	X	25552602	25552796	2	-1.9095
DUNGS_p_TCGA_b84_115_SNP_N_GenomeWideSNP_6_B01_771504	X	25552991	25913999	251	-0.1364
DUNGS_p_TCGA_b84_115_SNP_N_GenomeWideSNP_6_B01_771504	X	25914114	25925169	3	-3.059
DUNGS_p_TCGA_b84_115_SNP_N_GenomeWideSNP_6_B01_771504	X	25926010	31239482	3422	-0.1672
DUNGS_p_TCGA_b84_115_SNP_N_GenomeWideSNP_6_B01_771504	X	31240740	31240905	3	-2.0401
DUNGS_p_TCGA_b84_115_SNP_N_GenomeWideSNP_6_B01_771504	X	31241026	31527329	208	-0.1163
DUNGS_p_TCGA_b84_115_SNP_N_GenomeWideSNP_6_B01_771504	X	31527388	31534016	3	-1.3901
DUNGS_p_TCGA_b84_115_SNP_N_GenomeWideSNP_6_B01_771504	X	31534117	32428813	654	-0.16
DUNGS_p_TCGA_b84_115_SNP_N_GenomeWideSNP_6_B01_771504	X	32430426	32430740	2	-2.1263
DUNGS_p_TCGA_b84_115_SNP_N_GenomeWideSNP_6_B01_771504	X	32430767	50638685	10253	0.0263
DUNGS_p_TCGA_b84_115_SNP_N_GenomeWideSNP_6_B01_771504	X	50638783	50639531	2	-3.3873
DUNGS_p_TCGA_b84_115_SNP_N_GenomeWideSNP_6_B01_771504	X	50640971	53474774	1004	0.0688
DUNGS_p_TCGA_b84_115_SNP_N_GenomeWideSNP_6_B01_771504	X	53475208	53488557	7	-1.915
DUNGS_p_TCGA_b84_115_SNP_N_GenomeWideSNP_6_B01_771504	X	53496868	114288093	29016	0.117
DUNGS_p_TCGA_b84_115_SNP_N_GenomeWideSNP_6_B01_771504	X	114288435	114288457	2	2.7435
DUNGS_p_TCGA_b84_115_SNP_N_GenomeWideSNP_6_B01_771504	X	114288560	119870341	3320	0.1451
DUNGS_p_TCGA_b84_115_SNP_N_GenomeWideSNP_6_B01_771504	X	119870383	119870873	3	-2.7707
DUNGS_p_TCGA_b84_115_SNP_N_GenomeWideSNP_6_B01_771504	X	119873516	120974241	609	0.126
DUNGS_p_TCGA_b84_115_SNP_N_GenomeWideSNP_6_B01_771504	X	120976997	120977683	4	-2.2619
DUNGS_p_TCGA_b84_115_SNP_N_GenomeWideSNP_6_B01_771504	X	120980654	128089549	4238	0.1246
DUNGS_p_TCGA_b84_115_SNP_N_GenomeWideSNP_6_B01_771504	X	128089605	128090043	2	2.0103
DUNGS_p_TCGA_b84_115_SNP_N_GenomeWideSNP_6_B01_771504	X	128091653	128550501	277	0.1403
DUNGS_p_TCGA_b84_115_SNP_N_GenomeWideSNP_6_B01_771504	X	128550922	130647850	1134	-0.1802
DUNGS_p_TCGA_b84_115_SNP_N_GenomeWideSNP_6_B01_771504	X	130648303	130648518	2	-2.4884
DUNGS_p_TCGA_b84_115_SNP_N_GenomeWideSNP_6_B01_771504	X	130648635	133628490	1512	-0.1787
DUNGS_p_TCGA_b84_115_SNP_N_GenomeWideSNP_6_B01_771504	X	133629514	134718569	567	0.1233
DUNGS_p_TCGA_b84_115_SNP_N_GenomeWideSNP_6_B01_771504	X	134719047	134719280	2	-4.8727
DUNGS_p_TCGA_b84_115_SNP_N_GenomeWideSNP_6_B01_771504	X	134719674	135553784	488	0.1379
DUNGS_p_TCGA_b84_115_SNP_N_GenomeWideSNP_6_B01_771504	X	135553865	135556911	3	-2.3382
DUNGS_p_TCGA_b84_115_SNP_N_GenomeWideSNP_6_B01_771504	X	135557017	138044932	1478	-0.0656
DUNGS_p_TCGA_b84_115_SNP_N_GenomeWideSNP_6_B01_771504	X	138045374	138046693	3	-3.3574
DUNGS_p_TCGA_b84_115_SNP_N_GenomeWideSNP_6_B01_771504	X	138047190	138119216	57	-0.2923
DUNGS_p_TCGA_b84_115_SNP_N_GenomeWideSNP_6_B01_771504	X	138119874	138120467	2	-3.6998
DUNGS_p_TCGA_b84_115_SNP_N_GenomeWideSNP_6_B01_771504	X	138120702	139497017	866	-0.1535
DUNGS_p_TCGA_b84_115_SNP_N_GenomeWideSNP_6_B01_771504	X	139498613	139501194	4	-2.8594
DUNGS_p_TCGA_b84_115_SNP_N_GenomeWideSNP_6_B01_771504	X	139504734	146358447	4700	0.059
DUNGS_p_TCGA_b84_115_SNP_N_GenomeWideSNP_6_B01_771504	X	146358551	146382128	15	-0.7439
DUNGS_p_TCGA_b84_115_SNP_N_GenomeWideSNP_6_B01_771504	X	146385061	150876755	2917	0.1005
DUNGS_p_TCGA_b84_115_SNP_N_GenomeWideSNP_6_B01_771504	X	150877544	150877953	3	-2.64
DUNGS_p_TCGA_b84_115_SNP_N_GenomeWideSNP_6_B01_771504	X	150878212	152503529	944	0.0935
DUNGS_p_TCGA_b84_115_SNP_N_GenomeWideSNP_6_B01_771504	X	152503748	152503924	2	2.5926
DUNGS_p_TCGA_b84_115_SNP_N_GenomeWideSNP_6_B01_771504	X	152503956	154066604	703	0.1036
DUNGS_p_TCGA_b84_115_SNP_N_GenomeWideSNP_6_B01_771504	X	154068055	154085932	6	1.3466
DUNGS_p_TCGA_b84_115_SNP_N_GenomeWideSNP_6_B01_771504	X	154088838	154964055	352	0.1773
DUNGS_p_TCGA_b84_115_SNP_N_GenomeWideSNP_6_B01_771504	X	154964089	155182354	17	-0.2482
DUNGS_p_TCGA_b84_115_SNP_N_GenomeWideSNP_6_B01_771504	Y	2650438	59018259	8635	-1.5008
