Sample	Chromosome	Start	End	Num_Probes	Segment_Mean
DUNGS_p_TCGA_b84_115_SNP_N_GenomeWideSNP_6_F06_771634	1	51598	16022502	8424	0.0418
DUNGS_p_TCGA_b84_115_SNP_N_GenomeWideSNP_6_F06_771634	1	16026084	16026512	6	-0.9972
DUNGS_p_TCGA_b84_115_SNP_N_GenomeWideSNP_6_F06_771634	1	16026788	16240720	90	-0.0801
DUNGS_p_TCGA_b84_115_SNP_N_GenomeWideSNP_6_F06_771634	1	16240990	16252003	5	0.8584
DUNGS_p_TCGA_b84_115_SNP_N_GenomeWideSNP_6_F06_771634	1	16262153	16803916	224	-0.0848
DUNGS_p_TCGA_b84_115_SNP_N_GenomeWideSNP_6_F06_771634	1	16804113	17076084	93	0.2444
DUNGS_p_TCGA_b84_115_SNP_N_GenomeWideSNP_6_F06_771634	1	17082190	30511091	7768	-0.0718
DUNGS_p_TCGA_b84_115_SNP_N_GenomeWideSNP_6_F06_771634	1	30511121	30512383	4	-2.2589
DUNGS_p_TCGA_b84_115_SNP_N_GenomeWideSNP_6_F06_771634	1	30514083	30695648	143	-0.0436
DUNGS_p_TCGA_b84_115_SNP_N_GenomeWideSNP_6_F06_771634	1	30695758	30696010	2	1.1253
DUNGS_p_TCGA_b84_115_SNP_N_GenomeWideSNP_6_F06_771634	1	30696373	31749937	656	-0.0825
DUNGS_p_TCGA_b84_115_SNP_N_GenomeWideSNP_6_F06_771634	1	31751906	31752885	2	-1.3816
DUNGS_p_TCGA_b84_115_SNP_N_GenomeWideSNP_6_F06_771634	1	31753987	50229424	10387	0.0055
DUNGS_p_TCGA_b84_115_SNP_N_GenomeWideSNP_6_F06_771634	1	50230055	62538481	8411	0.2402
DUNGS_p_TCGA_b84_115_SNP_N_GenomeWideSNP_6_F06_771634	1	62538589	62540556	2	-0.8699
DUNGS_p_TCGA_b84_115_SNP_N_GenomeWideSNP_6_F06_771634	1	62544788	65654045	2271	0.0811
DUNGS_p_TCGA_b84_115_SNP_N_GenomeWideSNP_6_F06_771634	1	65657945	65682713	16	-0.3961
DUNGS_p_TCGA_b84_115_SNP_N_GenomeWideSNP_6_F06_771634	1	65684195	72522941	4489	0.0433
DUNGS_p_TCGA_b84_115_SNP_N_GenomeWideSNP_6_F06_771634	1	72528701	72535958	9	-1.8966
DUNGS_p_TCGA_b84_115_SNP_N_GenomeWideSNP_6_F06_771634	1	72541006	72547722	11	1.1422
DUNGS_p_TCGA_b84_115_SNP_N_GenomeWideSNP_6_F06_771634	1	72551668	72561284	9	0.5437
DUNGS_p_TCGA_b84_115_SNP_N_GenomeWideSNP_6_F06_771634	1	72561313	72583736	28	1.3102
DUNGS_p_TCGA_b84_115_SNP_N_GenomeWideSNP_6_F06_771634	1	72584492	103839588	20081	0.0458
DUNGS_p_TCGA_b84_115_SNP_N_GenomeWideSNP_6_F06_771634	1	103839833	103958859	31	0.3775
DUNGS_p_TCGA_b84_115_SNP_N_GenomeWideSNP_6_F06_771634	1	103959832	104069745	30	0.8806
DUNGS_p_TCGA_b84_115_SNP_N_GenomeWideSNP_6_F06_771634	1	104104926	105820728	921	0.055
DUNGS_p_TCGA_b84_115_SNP_N_GenomeWideSNP_6_F06_771634	1	105820759	105823898	16	-0.6063
DUNGS_p_TCGA_b84_115_SNP_N_GenomeWideSNP_6_F06_771634	1	105825578	105937430	93	0.0083
DUNGS_p_TCGA_b84_115_SNP_N_GenomeWideSNP_6_F06_771634	1	105938252	105940986	4	0.8482
DUNGS_p_TCGA_b84_115_SNP_N_GenomeWideSNP_6_F06_771634	1	105943003	108531282	1847	0.043
DUNGS_p_TCGA_b84_115_SNP_N_GenomeWideSNP_6_F06_771634	1	108535758	108536400	2	-4.2914
DUNGS_p_TCGA_b84_115_SNP_N_GenomeWideSNP_6_F06_771634	1	108539019	110027165	714	0.0735
DUNGS_p_TCGA_b84_115_SNP_N_GenomeWideSNP_6_F06_771634	1	110027443	110034497	13	-0.3123
DUNGS_p_TCGA_b84_115_SNP_N_GenomeWideSNP_6_F06_771634	1	110034560	110041701	16	-0.9988
DUNGS_p_TCGA_b84_115_SNP_N_GenomeWideSNP_6_F06_771634	1	110044476	112099193	1588	0.0523
DUNGS_p_TCGA_b84_115_SNP_N_GenomeWideSNP_6_F06_771634	1	112099350	112116345	10	0.4987
DUNGS_p_TCGA_b84_115_SNP_N_GenomeWideSNP_6_F06_771634	1	112116973	112491734	359	0.0433
DUNGS_p_TCGA_b84_115_SNP_N_GenomeWideSNP_6_F06_771634	1	112491771	112498076	11	0.517
DUNGS_p_TCGA_b84_115_SNP_N_GenomeWideSNP_6_F06_771634	1	112498095	119923326	4763	0.0457
DUNGS_p_TCGA_b84_115_SNP_N_GenomeWideSNP_6_F06_771634	1	119923461	119927900	20	0.4043
DUNGS_p_TCGA_b84_115_SNP_N_GenomeWideSNP_6_F06_771634	1	119927918	142740513	442	0.0997
DUNGS_p_TCGA_b84_115_SNP_N_GenomeWideSNP_6_F06_771634	1	142745296	142762296	15	-0.4229
DUNGS_p_TCGA_b84_115_SNP_N_GenomeWideSNP_6_F06_771634	1	142767210	150822330	2827	0.1036
DUNGS_p_TCGA_b84_115_SNP_N_GenomeWideSNP_6_F06_771634	1	150822391	150852862	30	-1.8696
DUNGS_p_TCGA_b84_115_SNP_N_GenomeWideSNP_6_F06_771634	1	150852902	159611121	5432	0.0747
DUNGS_p_TCGA_b84_115_SNP_N_GenomeWideSNP_6_F06_771634	1	159619987	159622352	5	-0.8332
DUNGS_p_TCGA_b84_115_SNP_N_GenomeWideSNP_6_F06_771634	1	159625590	185982477	18368	0.0847
DUNGS_p_TCGA_b84_115_SNP_N_GenomeWideSNP_6_F06_771634	1	185984183	185987992	2	-1.4665
DUNGS_p_TCGA_b84_115_SNP_N_GenomeWideSNP_6_F06_771634	1	185991233	187295612	815	0.088
DUNGS_p_TCGA_b84_115_SNP_N_GenomeWideSNP_6_F06_771634	1	187296642	187296951	2	1.1478
DUNGS_p_TCGA_b84_115_SNP_N_GenomeWideSNP_6_F06_771634	1	187296967	187558857	179	0.0423
DUNGS_p_TCGA_b84_115_SNP_N_GenomeWideSNP_6_F06_771634	1	187558931	187559417	2	1.3235
DUNGS_p_TCGA_b84_115_SNP_N_GenomeWideSNP_6_F06_771634	1	187569637	189560363	1361	0.0745
DUNGS_p_TCGA_b84_115_SNP_N_GenomeWideSNP_6_F06_771634	1	189566106	189583730	15	0.5558
DUNGS_p_TCGA_b84_115_SNP_N_GenomeWideSNP_6_F06_771634	1	189587271	191140521	980	0.0933
DUNGS_p_TCGA_b84_115_SNP_N_GenomeWideSNP_6_F06_771634	1	191141895	191158815	14	-0.8536
DUNGS_p_TCGA_b84_115_SNP_N_GenomeWideSNP_6_F06_771634	1	191161167	191422061	204	0.0767
DUNGS_p_TCGA_b84_115_SNP_N_GenomeWideSNP_6_F06_771634	1	191422078	191422971	8	0.6
DUNGS_p_TCGA_b84_115_SNP_N_GenomeWideSNP_6_F06_771634	1	191426346	194206535	1915	0.0831
DUNGS_p_TCGA_b84_115_SNP_N_GenomeWideSNP_6_F06_771634	1	194206671	194207132	3	-0.9695
DUNGS_p_TCGA_b84_115_SNP_N_GenomeWideSNP_6_F06_771634	1	194207914	194998709	490	0.0608
DUNGS_p_TCGA_b84_115_SNP_N_GenomeWideSNP_6_F06_771634	1	195005246	195089940	94	0.5335
DUNGS_p_TCGA_b84_115_SNP_N_GenomeWideSNP_6_F06_771634	1	195090236	221087127	17793	0.0798
DUNGS_p_TCGA_b84_115_SNP_N_GenomeWideSNP_6_F06_771634	1	221089546	221090392	3	-0.9703
DUNGS_p_TCGA_b84_115_SNP_N_GenomeWideSNP_6_F06_771634	1	221093340	232741050	7942	0.0795
DUNGS_p_TCGA_b84_115_SNP_N_GenomeWideSNP_6_F06_771634	1	232741425	232762674	10	0.5819
DUNGS_p_TCGA_b84_115_SNP_N_GenomeWideSNP_6_F06_771634	1	232762800	237320229	3398	0.0727
DUNGS_p_TCGA_b84_115_SNP_N_GenomeWideSNP_6_F06_771634	1	237321033	237322010	2	-1.1468
DUNGS_p_TCGA_b84_115_SNP_N_GenomeWideSNP_6_F06_771634	1	237325023	247191011	6835	0.0813
DUNGS_p_TCGA_b84_115_SNP_N_GenomeWideSNP_6_F06_771634	2	2784	10058642	7722	0.032
DUNGS_p_TCGA_b84_115_SNP_N_GenomeWideSNP_6_F06_771634	2	10067974	10077533	6	0.763
DUNGS_p_TCGA_b84_115_SNP_N_GenomeWideSNP_6_F06_771634	2	10078280	13193248	2331	0.0272
DUNGS_p_TCGA_b84_115_SNP_N_GenomeWideSNP_6_F06_771634	2	13193330	13197700	4	1.2236
DUNGS_p_TCGA_b84_115_SNP_N_GenomeWideSNP_6_F06_771634	2	13200291	14273265	687	-0.0014
DUNGS_p_TCGA_b84_115_SNP_N_GenomeWideSNP_6_F06_771634	2	14273307	14280196	34	0.3033
DUNGS_p_TCGA_b84_115_SNP_N_GenomeWideSNP_6_F06_771634	2	14280217	14619800	272	0.027
DUNGS_p_TCGA_b84_115_SNP_N_GenomeWideSNP_6_F06_771634	2	14620958	14623507	6	0.646
DUNGS_p_TCGA_b84_115_SNP_N_GenomeWideSNP_6_F06_771634	2	14623720	17085320	1810	0.0251
DUNGS_p_TCGA_b84_115_SNP_N_GenomeWideSNP_6_F06_771634	2	17085466	17085483	2	1.3113
DUNGS_p_TCGA_b84_115_SNP_N_GenomeWideSNP_6_F06_771634	2	17085531	21095010	2990	0.0266
DUNGS_p_TCGA_b84_115_SNP_N_GenomeWideSNP_6_F06_771634	2	21095249	21098112	2	1.0582
DUNGS_p_TCGA_b84_115_SNP_N_GenomeWideSNP_6_F06_771634	2	21098302	24452708	2095	0.0305
DUNGS_p_TCGA_b84_115_SNP_N_GenomeWideSNP_6_F06_771634	2	24452747	24455284	4	0.9769
DUNGS_p_TCGA_b84_115_SNP_N_GenomeWideSNP_6_F06_771634	2	24455310	34544573	6171	0.0256
DUNGS_p_TCGA_b84_115_SNP_N_GenomeWideSNP_6_F06_771634	2	34552819	34555175	5	-2.8795
DUNGS_p_TCGA_b84_115_SNP_N_GenomeWideSNP_6_F06_771634	2	34555239	34571412	24	-1.2705
DUNGS_p_TCGA_b84_115_SNP_N_GenomeWideSNP_6_F06_771634	2	34571478	34590561	17	-2.7929
DUNGS_p_TCGA_b84_115_SNP_N_GenomeWideSNP_6_F06_771634	2	34590667	35820889	876	0.0197
DUNGS_p_TCGA_b84_115_SNP_N_GenomeWideSNP_6_F06_771634	2	35821540	35841451	9	0.8036
DUNGS_p_TCGA_b84_115_SNP_N_GenomeWideSNP_6_F06_771634	2	35850977	36185762	272	0.0305
DUNGS_p_TCGA_b84_115_SNP_N_GenomeWideSNP_6_F06_771634	2	36189099	36189110	8	1.1102
DUNGS_p_TCGA_b84_115_SNP_N_GenomeWideSNP_6_F06_771634	2	36190123	52590687	11883	0.0316
DUNGS_p_TCGA_b84_115_SNP_N_GenomeWideSNP_6_F06_771634	2	52591516	52635046	48	0.31
DUNGS_p_TCGA_b84_115_SNP_N_GenomeWideSNP_6_F06_771634	2	52641453	53217010	479	0.033
DUNGS_p_TCGA_b84_115_SNP_N_GenomeWideSNP_6_F06_771634	2	53217682	53223772	4	0.9436
DUNGS_p_TCGA_b84_115_SNP_N_GenomeWideSNP_6_F06_771634	2	53225264	54187076	687	0.0254
DUNGS_p_TCGA_b84_115_SNP_N_GenomeWideSNP_6_F06_771634	2	54187233	54264810	60	0.3079
DUNGS_p_TCGA_b84_115_SNP_N_GenomeWideSNP_6_F06_771634	2	54271461	54532205	201	0.0077
DUNGS_p_TCGA_b84_115_SNP_N_GenomeWideSNP_6_F06_771634	2	54532755	54553650	22	0.3749
DUNGS_p_TCGA_b84_115_SNP_N_GenomeWideSNP_6_F06_771634	2	54553677	74409673	12531	0.032
DUNGS_p_TCGA_b84_115_SNP_N_GenomeWideSNP_6_F06_771634	2	74413510	74550862	64	0.3395
DUNGS_p_TCGA_b84_115_SNP_N_GenomeWideSNP_6_F06_771634	2	74560566	75701472	851	0.0418
DUNGS_p_TCGA_b84_115_SNP_N_GenomeWideSNP_6_F06_771634	2	75702187	75704227	3	-0.9275
DUNGS_p_TCGA_b84_115_SNP_N_GenomeWideSNP_6_F06_771634	2	75704243	86785668	7062	0.032
DUNGS_p_TCGA_b84_115_SNP_N_GenomeWideSNP_6_F06_771634	2	86788256	86823917	6	-0.5761
DUNGS_p_TCGA_b84_115_SNP_N_GenomeWideSNP_6_F06_771634	2	86825256	87166780	79	0.0572
DUNGS_p_TCGA_b84_115_SNP_N_GenomeWideSNP_6_F06_771634	2	87167636	87827736	196	0.5905
DUNGS_p_TCGA_b84_115_SNP_N_GenomeWideSNP_6_F06_771634	2	87833445	97520697	1874	0.0623
DUNGS_p_TCGA_b84_115_SNP_N_GenomeWideSNP_6_F06_771634	2	97523704	97528142	3	-1.4783
DUNGS_p_TCGA_b84_115_SNP_N_GenomeWideSNP_6_F06_771634	2	97528621	106249661	5588	0.0278
DUNGS_p_TCGA_b84_115_SNP_N_GenomeWideSNP_6_F06_771634	2	106249763	106251789	7	-2.2487
DUNGS_p_TCGA_b84_115_SNP_N_GenomeWideSNP_6_F06_771634	2	106253687	110579363	2213	0.0314
DUNGS_p_TCGA_b84_115_SNP_N_GenomeWideSNP_6_F06_771634	2	110603665	111113237	5	1.1274
DUNGS_p_TCGA_b84_115_SNP_N_GenomeWideSNP_6_F06_771634	2	111114271	114078485	1628	0.0457
DUNGS_p_TCGA_b84_115_SNP_N_GenomeWideSNP_6_F06_771634	2	114078884	114097291	3	-1.0088
DUNGS_p_TCGA_b84_115_SNP_N_GenomeWideSNP_6_F06_771634	2	114100022	129354548	9619	0.0284
DUNGS_p_TCGA_b84_115_SNP_N_GenomeWideSNP_6_F06_771634	2	129354948	129356799	16	0.5048
DUNGS_p_TCGA_b84_115_SNP_N_GenomeWideSNP_6_F06_771634	2	129362918	130928181	994	0.0171
DUNGS_p_TCGA_b84_115_SNP_N_GenomeWideSNP_6_F06_771634	2	130929316	131108215	8	0.6408
DUNGS_p_TCGA_b84_115_SNP_N_GenomeWideSNP_6_F06_771634	2	131123659	133000479	789	0.0398
DUNGS_p_TCGA_b84_115_SNP_N_GenomeWideSNP_6_F06_771634	2	133000736	133018837	25	0.4367
DUNGS_p_TCGA_b84_115_SNP_N_GenomeWideSNP_6_F06_771634	2	133019045	146580874	8677	0.0288
DUNGS_p_TCGA_b84_115_SNP_N_GenomeWideSNP_6_F06_771634	2	146580899	146583404	23	0.8735
DUNGS_p_TCGA_b84_115_SNP_N_GenomeWideSNP_6_F06_771634	2	146594276	153490577	4205	0.0284
DUNGS_p_TCGA_b84_115_SNP_N_GenomeWideSNP_6_F06_771634	2	153494690	153509020	8	0.5535
DUNGS_p_TCGA_b84_115_SNP_N_GenomeWideSNP_6_F06_771634	2	153509514	157880099	2509	0.1078
DUNGS_p_TCGA_b84_115_SNP_N_GenomeWideSNP_6_F06_771634	2	157886537	157998555	51	0.4259
DUNGS_p_TCGA_b84_115_SNP_N_GenomeWideSNP_6_F06_771634	2	157998670	179763873	13538	0.0347
DUNGS_p_TCGA_b84_115_SNP_N_GenomeWideSNP_6_F06_771634	2	179764102	179791874	8	0.547
DUNGS_p_TCGA_b84_115_SNP_N_GenomeWideSNP_6_F06_771634	2	179793981	180117521	207	0.002
DUNGS_p_TCGA_b84_115_SNP_N_GenomeWideSNP_6_F06_771634	2	180117715	180130366	38	0.2827
DUNGS_p_TCGA_b84_115_SNP_N_GenomeWideSNP_6_F06_771634	2	180130382	180648297	387	0.0019
DUNGS_p_TCGA_b84_115_SNP_N_GenomeWideSNP_6_F06_771634	2	180648946	180649047	2	-1.1789
DUNGS_p_TCGA_b84_115_SNP_N_GenomeWideSNP_6_F06_771634	2	180649731	182834271	1378	0.042
DUNGS_p_TCGA_b84_115_SNP_N_GenomeWideSNP_6_F06_771634	2	182837202	182840213	2	-1.2106
DUNGS_p_TCGA_b84_115_SNP_N_GenomeWideSNP_6_F06_771634	2	182840603	183793698	555	0.0029
DUNGS_p_TCGA_b84_115_SNP_N_GenomeWideSNP_6_F06_771634	2	183794033	183797969	9	-1.4919
DUNGS_p_TCGA_b84_115_SNP_N_GenomeWideSNP_6_F06_771634	2	183802243	184502045	429	0.0271
DUNGS_p_TCGA_b84_115_SNP_N_GenomeWideSNP_6_F06_771634	2	184502096	184510686	18	-0.3606
DUNGS_p_TCGA_b84_115_SNP_N_GenomeWideSNP_6_F06_771634	2	184516834	193421595	5129	0.1455
DUNGS_p_TCGA_b84_115_SNP_N_GenomeWideSNP_6_F06_771634	2	193427122	193432388	4	-0.8832
DUNGS_p_TCGA_b84_115_SNP_N_GenomeWideSNP_6_F06_771634	2	193432666	206836536	7782	0.1418
DUNGS_p_TCGA_b84_115_SNP_N_GenomeWideSNP_6_F06_771634	2	206836558	206842062	2	1.2293
DUNGS_p_TCGA_b84_115_SNP_N_GenomeWideSNP_6_F06_771634	2	206844075	208063200	767	0.1316
DUNGS_p_TCGA_b84_115_SNP_N_GenomeWideSNP_6_F06_771634	2	208063423	208067581	16	-0.9427
DUNGS_p_TCGA_b84_115_SNP_N_GenomeWideSNP_6_F06_771634	2	208067721	227948442	12941	0.1383
DUNGS_p_TCGA_b84_115_SNP_N_GenomeWideSNP_6_F06_771634	2	227954773	227962472	5	1.0216
DUNGS_p_TCGA_b84_115_SNP_N_GenomeWideSNP_6_F06_771634	2	227962516	230896066	1916	0.1397
DUNGS_p_TCGA_b84_115_SNP_N_GenomeWideSNP_6_F06_771634	2	230897291	230907719	4	0.9658
DUNGS_p_TCGA_b84_115_SNP_N_GenomeWideSNP_6_F06_771634	2	230917017	239983692	5814	0.1164
DUNGS_p_TCGA_b84_115_SNP_N_GenomeWideSNP_6_F06_771634	2	239984027	239994583	6	0.7754
DUNGS_p_TCGA_b84_115_SNP_N_GenomeWideSNP_6_F06_771634	2	239996326	242327571	1318	0.1138
DUNGS_p_TCGA_b84_115_SNP_N_GenomeWideSNP_6_F06_771634	2	242344573	242421368	12	0.6954
DUNGS_p_TCGA_b84_115_SNP_N_GenomeWideSNP_6_F06_771634	2	242422053	242607480	57	0.2541
DUNGS_p_TCGA_b84_115_SNP_N_GenomeWideSNP_6_F06_771634	2	242608697	242608702	2	1.6348
DUNGS_p_TCGA_b84_115_SNP_N_GenomeWideSNP_6_F06_771634	2	242608717	242738129	89	0.1435
DUNGS_p_TCGA_b84_115_SNP_N_GenomeWideSNP_6_F06_771634	3	35345	5778401	5074	-0.1396
DUNGS_p_TCGA_b84_115_SNP_N_GenomeWideSNP_6_F06_771634	3	5778603	5779627	4	0.9623
DUNGS_p_TCGA_b84_115_SNP_N_GenomeWideSNP_6_F06_771634	3	5779710	10167882	3567	-0.1456
DUNGS_p_TCGA_b84_115_SNP_N_GenomeWideSNP_6_F06_771634	3	10167929	10168631	4	1.264
DUNGS_p_TCGA_b84_115_SNP_N_GenomeWideSNP_6_F06_771634	3	10170674	12645841	1892	-0.1341
DUNGS_p_TCGA_b84_115_SNP_N_GenomeWideSNP_6_F06_771634	3	12648339	12689370	54	0.1986
DUNGS_p_TCGA_b84_115_SNP_N_GenomeWideSNP_6_F06_771634	3	12691587	13967650	873	-0.1463
DUNGS_p_TCGA_b84_115_SNP_N_GenomeWideSNP_6_F06_771634	3	13969234	13974318	4	-0.994
DUNGS_p_TCGA_b84_115_SNP_N_GenomeWideSNP_6_F06_771634	3	13979702	16214067	1486	-0.1426
DUNGS_p_TCGA_b84_115_SNP_N_GenomeWideSNP_6_F06_771634	3	16215560	16216183	6	-0.8955
DUNGS_p_TCGA_b84_115_SNP_N_GenomeWideSNP_6_F06_771634	3	16216329	22093946	3753	-0.1485
DUNGS_p_TCGA_b84_115_SNP_N_GenomeWideSNP_6_F06_771634	3	22096999	22105396	10	0.4151
DUNGS_p_TCGA_b84_115_SNP_N_GenomeWideSNP_6_F06_771634	3	22105768	22150939	43	-0.0759
DUNGS_p_TCGA_b84_115_SNP_N_GenomeWideSNP_6_F06_771634	3	22156177	22156186	2	1.3001
DUNGS_p_TCGA_b84_115_SNP_N_GenomeWideSNP_6_F06_771634	3	22156450	23954307	1166	-0.1472
DUNGS_p_TCGA_b84_115_SNP_N_GenomeWideSNP_6_F06_771634	3	23956433	23957332	2	-1.2895
DUNGS_p_TCGA_b84_115_SNP_N_GenomeWideSNP_6_F06_771634	3	23957334	26570813	2134	-0.1332
DUNGS_p_TCGA_b84_115_SNP_N_GenomeWideSNP_6_F06_771634	3	26573892	26590953	28	0.2623
DUNGS_p_TCGA_b84_115_SNP_N_GenomeWideSNP_6_F06_771634	3	26590974	41704580	10156	-0.1433
DUNGS_p_TCGA_b84_115_SNP_N_GenomeWideSNP_6_F06_771634	3	41707272	41708337	2	-1.4406
DUNGS_p_TCGA_b84_115_SNP_N_GenomeWideSNP_6_F06_771634	3	41709697	42182509	217	-0.1134
DUNGS_p_TCGA_b84_115_SNP_N_GenomeWideSNP_6_F06_771634	3	42182543	42183667	2	0.9528
DUNGS_p_TCGA_b84_115_SNP_N_GenomeWideSNP_6_F06_771634	3	42185622	46024840	2321	-0.1521
DUNGS_p_TCGA_b84_115_SNP_N_GenomeWideSNP_6_F06_771634	3	46026717	46026747	2	-1.4669
DUNGS_p_TCGA_b84_115_SNP_N_GenomeWideSNP_6_F06_771634	3	46028585	52997448	3013	-0.1605
DUNGS_p_TCGA_b84_115_SNP_N_GenomeWideSNP_6_F06_771634	3	52997907	53016539	51	0.16
DUNGS_p_TCGA_b84_115_SNP_N_GenomeWideSNP_6_F06_771634	3	53016559	65152367	9554	-0.1397
DUNGS_p_TCGA_b84_115_SNP_N_GenomeWideSNP_6_F06_771634	3	65154946	65192696	71	0.1657
DUNGS_p_TCGA_b84_115_SNP_N_GenomeWideSNP_6_F06_771634	3	65193449	66827027	1018	-0.145
DUNGS_p_TCGA_b84_115_SNP_N_GenomeWideSNP_6_F06_771634	3	66827089	66827580	2	-1.7385
DUNGS_p_TCGA_b84_115_SNP_N_GenomeWideSNP_6_F06_771634	3	66827628	74717787	5890	-0.1426
DUNGS_p_TCGA_b84_115_SNP_N_GenomeWideSNP_6_F06_771634	3	74729582	74729957	2	-1.5444
DUNGS_p_TCGA_b84_115_SNP_N_GenomeWideSNP_6_F06_771634	3	74731875	100427979	11504	-0.118
DUNGS_p_TCGA_b84_115_SNP_N_GenomeWideSNP_6_F06_771634	3	100427989	100434073	27	0.3783
DUNGS_p_TCGA_b84_115_SNP_N_GenomeWideSNP_6_F06_771634	3	100434524	104973509	2563	-0.0189
DUNGS_p_TCGA_b84_115_SNP_N_GenomeWideSNP_6_F06_771634	3	104975277	104992935	6	-0.745
DUNGS_p_TCGA_b84_115_SNP_N_GenomeWideSNP_6_F06_771634	3	104996289	127195029	13825	-0.0252
DUNGS_p_TCGA_b84_115_SNP_N_GenomeWideSNP_6_F06_771634	3	127195253	127204044	22	0.3668
DUNGS_p_TCGA_b84_115_SNP_N_GenomeWideSNP_6_F06_771634	3	127204146	131245549	2344	-0.0246
DUNGS_p_TCGA_b84_115_SNP_N_GenomeWideSNP_6_F06_771634	3	131246388	131288926	52	0.5344
DUNGS_p_TCGA_b84_115_SNP_N_GenomeWideSNP_6_F06_771634	3	131289614	133475427	1446	-0.0251
DUNGS_p_TCGA_b84_115_SNP_N_GenomeWideSNP_6_F06_771634	3	133475463	133478374	3	-1.511
DUNGS_p_TCGA_b84_115_SNP_N_GenomeWideSNP_6_F06_771634	3	133483167	137501789	2591	-0.0229
DUNGS_p_TCGA_b84_115_SNP_N_GenomeWideSNP_6_F06_771634	3	137505641	137508116	2	1.3823
DUNGS_p_TCGA_b84_115_SNP_N_GenomeWideSNP_6_F06_771634	3	137521231	163706527	16087	-0.0205
DUNGS_p_TCGA_b84_115_SNP_N_GenomeWideSNP_6_F06_771634	3	163706628	163706659	2	1.2097
DUNGS_p_TCGA_b84_115_SNP_N_GenomeWideSNP_6_F06_771634	3	163709339	163995786	181	-0.0721
DUNGS_p_TCGA_b84_115_SNP_N_GenomeWideSNP_6_F06_771634	3	163995843	164028410	20	-0.4715
DUNGS_p_TCGA_b84_115_SNP_N_GenomeWideSNP_6_F06_771634	3	164028923	164106591	45	0.0401
DUNGS_p_TCGA_b84_115_SNP_N_GenomeWideSNP_6_F06_771634	3	164108674	164108689	2	-1.2841
DUNGS_p_TCGA_b84_115_SNP_N_GenomeWideSNP_6_F06_771634	3	164109266	165841226	989	-0.0497
DUNGS_p_TCGA_b84_115_SNP_N_GenomeWideSNP_6_F06_771634	3	165841945	165844401	2	-1.3656
DUNGS_p_TCGA_b84_115_SNP_N_GenomeWideSNP_6_F06_771634	3	165844553	174924587	5520	-0.0226
DUNGS_p_TCGA_b84_115_SNP_N_GenomeWideSNP_6_F06_771634	3	174924725	174925383	3	0.8795
DUNGS_p_TCGA_b84_115_SNP_N_GenomeWideSNP_6_F06_771634	3	174926901	175072908	100	-0.054
DUNGS_p_TCGA_b84_115_SNP_N_GenomeWideSNP_6_F06_771634	3	175073187	175075782	2	1.0132
DUNGS_p_TCGA_b84_115_SNP_N_GenomeWideSNP_6_F06_771634	3	175076357	176563305	1053	-0.0286
DUNGS_p_TCGA_b84_115_SNP_N_GenomeWideSNP_6_F06_771634	3	176563441	176563597	2	-1.8231
DUNGS_p_TCGA_b84_115_SNP_N_GenomeWideSNP_6_F06_771634	3	176563674	178185895	1054	-0.0263
DUNGS_p_TCGA_b84_115_SNP_N_GenomeWideSNP_6_F06_771634	3	178188663	178191023	6	0.8658
DUNGS_p_TCGA_b84_115_SNP_N_GenomeWideSNP_6_F06_771634	3	178191349	184736064	3840	-0.0767
DUNGS_p_TCGA_b84_115_SNP_N_GenomeWideSNP_6_F06_771634	3	184736138	184748099	6	0.3624
DUNGS_p_TCGA_b84_115_SNP_N_GenomeWideSNP_6_F06_771634	3	184748995	186367200	826	-0.0233
DUNGS_p_TCGA_b84_115_SNP_N_GenomeWideSNP_6_F06_771634	3	186370387	186373384	10	-0.814
DUNGS_p_TCGA_b84_115_SNP_N_GenomeWideSNP_6_F06_771634	3	186375580	194090912	5603	-0.0436
DUNGS_p_TCGA_b84_115_SNP_N_GenomeWideSNP_6_F06_771634	3	194090999	194091245	3	1.2613
DUNGS_p_TCGA_b84_115_SNP_N_GenomeWideSNP_6_F06_771634	3	194091292	196907473	1708	-0.0223
DUNGS_p_TCGA_b84_115_SNP_N_GenomeWideSNP_6_F06_771634	3	196914788	196949986	32	-0.3965
DUNGS_p_TCGA_b84_115_SNP_N_GenomeWideSNP_6_F06_771634	3	196950178	199220718	1077	0.0833
DUNGS_p_TCGA_b84_115_SNP_N_GenomeWideSNP_6_F06_771634	3	199221317	199222215	2	-1.1557
DUNGS_p_TCGA_b84_115_SNP_N_GenomeWideSNP_6_F06_771634	3	199222308	199318155	60	0.0344
DUNGS_p_TCGA_b84_115_SNP_N_GenomeWideSNP_6_F06_771634	3	199318195	199320282	16	0.606
DUNGS_p_TCGA_b84_115_SNP_N_GenomeWideSNP_6_F06_771634	3	199322610	199333056	13	0.091
DUNGS_p_TCGA_b84_115_SNP_N_GenomeWideSNP_6_F06_771634	3	199333211	199380515	11	0.6485
DUNGS_p_TCGA_b84_115_SNP_N_GenomeWideSNP_6_F06_771634	4	2281	9074070	5257	-0.1097
DUNGS_p_TCGA_b84_115_SNP_N_GenomeWideSNP_6_F06_771634	4	9079832	9088443	6	0.9254
DUNGS_p_TCGA_b84_115_SNP_N_GenomeWideSNP_6_F06_771634	4	9095185	9819488	546	-0.079
DUNGS_p_TCGA_b84_115_SNP_N_GenomeWideSNP_6_F06_771634	4	9823258	9840596	29	-1.5231
DUNGS_p_TCGA_b84_115_SNP_N_GenomeWideSNP_6_F06_771634	4	9843312	34455449	17014	-0.1057
DUNGS_p_TCGA_b84_115_SNP_N_GenomeWideSNP_6_F06_771634	4	34462895	34500578	37	0.6145
DUNGS_p_TCGA_b84_115_SNP_N_GenomeWideSNP_6_F06_771634	4	34501120	47834889	8387	-0.0977
DUNGS_p_TCGA_b84_115_SNP_N_GenomeWideSNP_6_F06_771634	4	47835154	47835214	4	0.5734
DUNGS_p_TCGA_b84_115_SNP_N_GenomeWideSNP_6_F06_771634	4	47835245	47963155	241	0.0173
DUNGS_p_TCGA_b84_115_SNP_N_GenomeWideSNP_6_F06_771634	4	47963176	47996448	15	0.4416
DUNGS_p_TCGA_b84_115_SNP_N_GenomeWideSNP_6_F06_771634	4	48000162	48864703	343	-0.0691
DUNGS_p_TCGA_b84_115_SNP_N_GenomeWideSNP_6_F06_771634	4	48874613	49353369	31	0.6166
DUNGS_p_TCGA_b84_115_SNP_N_GenomeWideSNP_6_F06_771634	4	52380456	64380064	7589	-0.0991
DUNGS_p_TCGA_b84_115_SNP_N_GenomeWideSNP_6_F06_771634	4	64380112	64390803	26	0.3211
DUNGS_p_TCGA_b84_115_SNP_N_GenomeWideSNP_6_F06_771634	4	64390818	68902978	2857	-0.1026
DUNGS_p_TCGA_b84_115_SNP_N_GenomeWideSNP_6_F06_771634	4	68909443	68942668	5	0.8318
DUNGS_p_TCGA_b84_115_SNP_N_GenomeWideSNP_6_F06_771634	4	68943146	69027207	16	-0.1672
DUNGS_p_TCGA_b84_115_SNP_N_GenomeWideSNP_6_F06_771634	4	69043083	69219747	74	0.6929
DUNGS_p_TCGA_b84_115_SNP_N_GenomeWideSNP_6_F06_771634	4	69222620	70183466	341	-0.1005
DUNGS_p_TCGA_b84_115_SNP_N_GenomeWideSNP_6_F06_771634	4	70183746	70259439	33	-0.8408
DUNGS_p_TCGA_b84_115_SNP_N_GenomeWideSNP_6_F06_771634	4	70261488	70424075	117	-0.0628
DUNGS_p_TCGA_b84_115_SNP_N_GenomeWideSNP_6_F06_771634	4	70424305	70425368	3	1.1265
DUNGS_p_TCGA_b84_115_SNP_N_GenomeWideSNP_6_F06_771634	4	70426477	78006228	4508	-0.0914
DUNGS_p_TCGA_b84_115_SNP_N_GenomeWideSNP_6_F06_771634	4	78010243	78010550	4	0.8616
DUNGS_p_TCGA_b84_115_SNP_N_GenomeWideSNP_6_F06_771634	4	78011216	104428619	16053	-0.0887
DUNGS_p_TCGA_b84_115_SNP_N_GenomeWideSNP_6_F06_771634	4	104428633	104464197	46	0.2128
DUNGS_p_TCGA_b84_115_SNP_N_GenomeWideSNP_6_F06_771634	4	104467383	115393105	6660	-0.0927
DUNGS_p_TCGA_b84_115_SNP_N_GenomeWideSNP_6_F06_771634	4	115393149	115403678	25	0.7609
DUNGS_p_TCGA_b84_115_SNP_N_GenomeWideSNP_6_F06_771634	4	115403701	116383909	607	-0.0977
DUNGS_p_TCGA_b84_115_SNP_N_GenomeWideSNP_6_F06_771634	4	116385169	116402394	37	0.189
DUNGS_p_TCGA_b84_115_SNP_N_GenomeWideSNP_6_F06_771634	4	116404951	118425500	1189	-0.0831
DUNGS_p_TCGA_b84_115_SNP_N_GenomeWideSNP_6_F06_771634	4	118434418	118434527	2	-1.7379
DUNGS_p_TCGA_b84_115_SNP_N_GenomeWideSNP_6_F06_771634	4	118447346	138311870	11436	-0.0947
DUNGS_p_TCGA_b84_115_SNP_N_GenomeWideSNP_6_F06_771634	4	138311966	138312193	5	-0.9554
DUNGS_p_TCGA_b84_115_SNP_N_GenomeWideSNP_6_F06_771634	4	138312207	144429494	4067	-0.0979
DUNGS_p_TCGA_b84_115_SNP_N_GenomeWideSNP_6_F06_771634	4	144429612	144834375	252	0.1343
DUNGS_p_TCGA_b84_115_SNP_N_GenomeWideSNP_6_F06_771634	4	144834942	152232551	4182	-0.0862
DUNGS_p_TCGA_b84_115_SNP_N_GenomeWideSNP_6_F06_771634	4	152233432	152240564	3	-1.2563
DUNGS_p_TCGA_b84_115_SNP_N_GenomeWideSNP_6_F06_771634	4	152243776	157096970	3111	-0.0943
DUNGS_p_TCGA_b84_115_SNP_N_GenomeWideSNP_6_F06_771634	4	157098371	157099214	11	0.5061
DUNGS_p_TCGA_b84_115_SNP_N_GenomeWideSNP_6_F06_771634	4	157099379	161282419	2549	-0.0889
DUNGS_p_TCGA_b84_115_SNP_N_GenomeWideSNP_6_F06_771634	4	161282435	161282705	3	1.0078
DUNGS_p_TCGA_b84_115_SNP_N_GenomeWideSNP_6_F06_771634	4	161282985	162099591	617	-0.0946
DUNGS_p_TCGA_b84_115_SNP_N_GenomeWideSNP_6_F06_771634	4	162099647	162104050	17	-0.9186
DUNGS_p_TCGA_b84_115_SNP_N_GenomeWideSNP_6_F06_771634	4	162104358	162104628	10	0.354
DUNGS_p_TCGA_b84_115_SNP_N_GenomeWideSNP_6_F06_771634	4	162104712	172605921	6673	-0.1221
DUNGS_p_TCGA_b84_115_SNP_N_GenomeWideSNP_6_F06_771634	4	172611459	172614285	10	-1.176
DUNGS_p_TCGA_b84_115_SNP_N_GenomeWideSNP_6_F06_771634	4	172614299	173224503	399	-0.2748
DUNGS_p_TCGA_b84_115_SNP_N_GenomeWideSNP_6_F06_771634	4	173225723	173232554	13	0.5414
DUNGS_p_TCGA_b84_115_SNP_N_GenomeWideSNP_6_F06_771634	4	173233468	189458224	10956	-0.2478
DUNGS_p_TCGA_b84_115_SNP_N_GenomeWideSNP_6_F06_771634	4	189458252	189458369	3	-1.5979
DUNGS_p_TCGA_b84_115_SNP_N_GenomeWideSNP_6_F06_771634	4	189458418	191158725	1169	-0.1909
DUNGS_p_TCGA_b84_115_SNP_N_GenomeWideSNP_6_F06_771634	4	191168189	191261904	11	0.4135
DUNGS_p_TCGA_b84_115_SNP_N_GenomeWideSNP_6_F06_771634	5	68532	720450	299	0.3627
DUNGS_p_TCGA_b84_115_SNP_N_GenomeWideSNP_6_F06_771634	5	720485	919370	70	0.711
DUNGS_p_TCGA_b84_115_SNP_N_GenomeWideSNP_6_F06_771634	5	919430	16177245	12106	0.2886
DUNGS_p_TCGA_b84_115_SNP_N_GenomeWideSNP_6_F06_771634	5	16178128	16178214	3	-0.9888
DUNGS_p_TCGA_b84_115_SNP_N_GenomeWideSNP_6_F06_771634	5	16180544	34543330	11431	0.1525
DUNGS_p_TCGA_b84_115_SNP_N_GenomeWideSNP_6_F06_771634	5	34543873	34544236	4	-1.1221
DUNGS_p_TCGA_b84_115_SNP_N_GenomeWideSNP_6_F06_771634	5	34551142	46306865	6925	0.0822
DUNGS_p_TCGA_b84_115_SNP_N_GenomeWideSNP_6_F06_771634	5	46307687	46309259	6	-1.9657
DUNGS_p_TCGA_b84_115_SNP_N_GenomeWideSNP_6_F06_771634	5	46313969	51255259	887	0.0981
DUNGS_p_TCGA_b84_115_SNP_N_GenomeWideSNP_6_F06_771634	5	51255455	57365890	4210	-0.1631
DUNGS_p_TCGA_b84_115_SNP_N_GenomeWideSNP_6_F06_771634	5	57366076	57367817	7	0.0892
DUNGS_p_TCGA_b84_115_SNP_N_GenomeWideSNP_6_F06_771634	5	57367832	57368273	6	0.5444
DUNGS_p_TCGA_b84_115_SNP_N_GenomeWideSNP_6_F06_771634	5	57368311	69153891	7320	-0.1668
DUNGS_p_TCGA_b84_115_SNP_N_GenomeWideSNP_6_F06_771634	5	69269183	70689828	21	0.2815
DUNGS_p_TCGA_b84_115_SNP_N_GenomeWideSNP_6_F06_771634	5	70696507	117416731	28982	-0.1649
DUNGS_p_TCGA_b84_115_SNP_N_GenomeWideSNP_6_F06_771634	5	117416794	117416984	4	-1.1404
DUNGS_p_TCGA_b84_115_SNP_N_GenomeWideSNP_6_F06_771634	5	117432239	121205005	2482	-0.1625
DUNGS_p_TCGA_b84_115_SNP_N_GenomeWideSNP_6_F06_771634	5	121205413	121205457	2	-1.6171
DUNGS_p_TCGA_b84_115_SNP_N_GenomeWideSNP_6_F06_771634	5	121205653	123168121	1233	-0.1691
DUNGS_p_TCGA_b84_115_SNP_N_GenomeWideSNP_6_F06_771634	5	123168920	123170370	5	0.6183
DUNGS_p_TCGA_b84_115_SNP_N_GenomeWideSNP_6_F06_771634	5	123174109	133159611	6113	-0.1643
DUNGS_p_TCGA_b84_115_SNP_N_GenomeWideSNP_6_F06_771634	5	133162976	133163465	2	-1.4351
DUNGS_p_TCGA_b84_115_SNP_N_GenomeWideSNP_6_F06_771634	5	133165964	137764510	2906	-0.1695
DUNGS_p_TCGA_b84_115_SNP_N_GenomeWideSNP_6_F06_771634	5	137764954	137768536	5	0.5711
DUNGS_p_TCGA_b84_115_SNP_N_GenomeWideSNP_6_F06_771634	5	137773776	140187227	1095	-0.1687
DUNGS_p_TCGA_b84_115_SNP_N_GenomeWideSNP_6_F06_771634	5	140197978	140204020	4	1.0785
DUNGS_p_TCGA_b84_115_SNP_N_GenomeWideSNP_6_F06_771634	5	140211705	155404711	10237	-0.159
DUNGS_p_TCGA_b84_115_SNP_N_GenomeWideSNP_6_F06_771634	5	155407677	155427837	22	0.3069
DUNGS_p_TCGA_b84_115_SNP_N_GenomeWideSNP_6_F06_771634	5	155433570	177098746	14833	-0.1684
DUNGS_p_TCGA_b84_115_SNP_N_GenomeWideSNP_6_F06_771634	5	177100569	177131055	3	1.2974
DUNGS_p_TCGA_b84_115_SNP_N_GenomeWideSNP_6_F06_771634	5	177160157	180647077	2004	-0.1518
DUNGS_p_TCGA_b84_115_SNP_N_GenomeWideSNP_6_F06_771634	5	180647715	180722926	3	0.3032
DUNGS_p_TCGA_b84_115_SNP_N_GenomeWideSNP_6_F06_771634	6	94661	5971210	4865	0.0121
DUNGS_p_TCGA_b84_115_SNP_N_GenomeWideSNP_6_F06_771634	6	5978930	5979435	3	-3.2192
DUNGS_p_TCGA_b84_115_SNP_N_GenomeWideSNP_6_F06_771634	6	5982044	9103624	2542	0.0056
DUNGS_p_TCGA_b84_115_SNP_N_GenomeWideSNP_6_F06_771634	6	9119775	9122876	2	1.4438
DUNGS_p_TCGA_b84_115_SNP_N_GenomeWideSNP_6_F06_771634	6	9141797	9189309	5	-0.5044
DUNGS_p_TCGA_b84_115_SNP_N_GenomeWideSNP_6_F06_771634	6	9282778	26796475	12868	0.0113
DUNGS_p_TCGA_b84_115_SNP_N_GenomeWideSNP_6_F06_771634	6	26799621	26959777	73	0.2867
DUNGS_p_TCGA_b84_115_SNP_N_GenomeWideSNP_6_F06_771634	6	26969017	29945051	1409	0.0412
DUNGS_p_TCGA_b84_115_SNP_N_GenomeWideSNP_6_F06_771634	6	29945166	30024465	44	0.4203
DUNGS_p_TCGA_b84_115_SNP_N_GenomeWideSNP_6_F06_771634	6	30024484	30026432	6	0.043
DUNGS_p_TCGA_b84_115_SNP_N_GenomeWideSNP_6_F06_771634	6	30026517	30029106	4	-0.8242
DUNGS_p_TCGA_b84_115_SNP_N_GenomeWideSNP_6_F06_771634	6	30029202	30045083	4	0.7699
DUNGS_p_TCGA_b84_115_SNP_N_GenomeWideSNP_6_F06_771634	6	30045241	31317024	578	0.008
DUNGS_p_TCGA_b84_115_SNP_N_GenomeWideSNP_6_F06_771634	6	31317489	31318195	2	0.7014
DUNGS_p_TCGA_b84_115_SNP_N_GenomeWideSNP_6_F06_771634	6	31318845	31337623	4	-0.8895
DUNGS_p_TCGA_b84_115_SNP_N_GenomeWideSNP_6_F06_771634	6	31338646	31385665	47	0.0399
DUNGS_p_TCGA_b84_115_SNP_N_GenomeWideSNP_6_F06_771634	6	31388802	31403932	9	1.3779
DUNGS_p_TCGA_b84_115_SNP_N_GenomeWideSNP_6_F06_771634	6	31403966	31456179	51	-0.0132
DUNGS_p_TCGA_b84_115_SNP_N_GenomeWideSNP_6_F06_771634	6	31456449	31456627	3	1.6708
DUNGS_p_TCGA_b84_115_SNP_N_GenomeWideSNP_6_F06_771634	6	31459014	31573469	107	0.0327
DUNGS_p_TCGA_b84_115_SNP_N_GenomeWideSNP_6_F06_771634	6	31573774	31582667	2	-1.3872
DUNGS_p_TCGA_b84_115_SNP_N_GenomeWideSNP_6_F06_771634	6	31588251	49038824	10846	0.0408
DUNGS_p_TCGA_b84_115_SNP_N_GenomeWideSNP_6_F06_771634	6	49039688	49042934	3	-1.3616
DUNGS_p_TCGA_b84_115_SNP_N_GenomeWideSNP_6_F06_771634	6	49043038	54039234	3325	0.0437
DUNGS_p_TCGA_b84_115_SNP_N_GenomeWideSNP_6_F06_771634	6	54039339	54039814	4	-1.2673
DUNGS_p_TCGA_b84_115_SNP_N_GenomeWideSNP_6_F06_771634	6	54043307	65393663	4359	0.0467
DUNGS_p_TCGA_b84_115_SNP_N_GenomeWideSNP_6_F06_771634	6	65404265	65405713	2	1.6935
DUNGS_p_TCGA_b84_115_SNP_N_GenomeWideSNP_6_F06_771634	6	65407497	74648586	6170	-0.0511
DUNGS_p_TCGA_b84_115_SNP_N_GenomeWideSNP_6_F06_771634	6	74648953	74658138	10	-0.6265
DUNGS_p_TCGA_b84_115_SNP_N_GenomeWideSNP_6_F06_771634	6	74660283	75590185	611	-0.04
DUNGS_p_TCGA_b84_115_SNP_N_GenomeWideSNP_6_F06_771634	6	75590232	75591301	5	0.7521
DUNGS_p_TCGA_b84_115_SNP_N_GenomeWideSNP_6_F06_771634	6	75595040	77073797	864	-0.0713
DUNGS_p_TCGA_b84_115_SNP_N_GenomeWideSNP_6_F06_771634	6	77078698	77080308	2	-1.3298
DUNGS_p_TCGA_b84_115_SNP_N_GenomeWideSNP_6_F06_771634	6	77080517	77471874	269	-0.0301
DUNGS_p_TCGA_b84_115_SNP_N_GenomeWideSNP_6_F06_771634	6	77472552	77525342	46	0.2613
DUNGS_p_TCGA_b84_115_SNP_N_GenomeWideSNP_6_F06_771634	6	77525357	79018783	968	-0.0629
DUNGS_p_TCGA_b84_115_SNP_N_GenomeWideSNP_6_F06_771634	6	79018944	79083307	105	-0.3154
DUNGS_p_TCGA_b84_115_SNP_N_GenomeWideSNP_6_F06_771634	6	79083405	81346253	1481	-0.0558
DUNGS_p_TCGA_b84_115_SNP_N_GenomeWideSNP_6_F06_771634	6	81351060	81355973	10	0.4807
DUNGS_p_TCGA_b84_115_SNP_N_GenomeWideSNP_6_F06_771634	6	81356181	81607216	176	-0.0815
DUNGS_p_TCGA_b84_115_SNP_N_GenomeWideSNP_6_F06_771634	6	81610205	81610324	2	-1.394
DUNGS_p_TCGA_b84_115_SNP_N_GenomeWideSNP_6_F06_771634	6	81610683	93632602	7598	-0.0711
DUNGS_p_TCGA_b84_115_SNP_N_GenomeWideSNP_6_F06_771634	6	93632640	93634869	23	0.5062
DUNGS_p_TCGA_b84_115_SNP_N_GenomeWideSNP_6_F06_771634	6	93635018	95267763	1133	-0.0829
DUNGS_p_TCGA_b84_115_SNP_N_GenomeWideSNP_6_F06_771634	6	95270527	95283864	9	0.6027
DUNGS_p_TCGA_b84_115_SNP_N_GenomeWideSNP_6_F06_771634	6	95284434	102805818	4489	-0.0671
DUNGS_p_TCGA_b84_115_SNP_N_GenomeWideSNP_6_F06_771634	6	102810819	102811920	2	-1.3501
DUNGS_p_TCGA_b84_115_SNP_N_GenomeWideSNP_6_F06_771634	6	102813156	103837246	591	-0.0916
DUNGS_p_TCGA_b84_115_SNP_N_GenomeWideSNP_6_F06_771634	6	103840867	103841522	6	0.2687
DUNGS_p_TCGA_b84_115_SNP_N_GenomeWideSNP_6_F06_771634	6	103844669	103868742	45	0.7409
DUNGS_p_TCGA_b84_115_SNP_N_GenomeWideSNP_6_F06_771634	6	103868754	132751050	17971	-0.0664
DUNGS_p_TCGA_b84_115_SNP_N_GenomeWideSNP_6_F06_771634	6	132754000	132754119	2	-1.9189
DUNGS_p_TCGA_b84_115_SNP_N_GenomeWideSNP_6_F06_771634	6	132754618	134307961	1134	-0.0694
DUNGS_p_TCGA_b84_115_SNP_N_GenomeWideSNP_6_F06_771634	6	134310764	134311325	2	0.9689
DUNGS_p_TCGA_b84_115_SNP_N_GenomeWideSNP_6_F06_771634	6	134313765	134677543	235	-0.0818
DUNGS_p_TCGA_b84_115_SNP_N_GenomeWideSNP_6_F06_771634	6	134678177	134682660	4	0.4539
DUNGS_p_TCGA_b84_115_SNP_N_GenomeWideSNP_6_F06_771634	6	134685257	134738708	41	-0.0932
DUNGS_p_TCGA_b84_115_SNP_N_GenomeWideSNP_6_F06_771634	6	134739070	134739133	2	-1.1339
DUNGS_p_TCGA_b84_115_SNP_N_GenomeWideSNP_6_F06_771634	6	134739689	135377122	441	-0.0693
DUNGS_p_TCGA_b84_115_SNP_N_GenomeWideSNP_6_F06_771634	6	135383947	135384931	2	-1.1162
DUNGS_p_TCGA_b84_115_SNP_N_GenomeWideSNP_6_F06_771634	6	135391263	137136862	1235	-0.0654
DUNGS_p_TCGA_b84_115_SNP_N_GenomeWideSNP_6_F06_771634	6	137137341	137147093	8	0.509
DUNGS_p_TCGA_b84_115_SNP_N_GenomeWideSNP_6_F06_771634	6	137147614	139110942	1381	-0.0473
DUNGS_p_TCGA_b84_115_SNP_N_GenomeWideSNP_6_F06_771634	6	139115973	139327789	150	2.1967
DUNGS_p_TCGA_b84_115_SNP_N_GenomeWideSNP_6_F06_771634	6	139337594	139413658	60	1.0726
DUNGS_p_TCGA_b84_115_SNP_N_GenomeWideSNP_6_F06_771634	6	139413991	139429230	12	1.9614
DUNGS_p_TCGA_b84_115_SNP_N_GenomeWideSNP_6_F06_771634	6	139434326	139483793	38	0.6878
DUNGS_p_TCGA_b84_115_SNP_N_GenomeWideSNP_6_F06_771634	6	139492531	139647020	89	1.0547
DUNGS_p_TCGA_b84_115_SNP_N_GenomeWideSNP_6_F06_771634	6	139647450	139826416	118	2.4982
DUNGS_p_TCGA_b84_115_SNP_N_GenomeWideSNP_6_F06_771634	6	139827992	140217128	257	2.1374
DUNGS_p_TCGA_b84_115_SNP_N_GenomeWideSNP_6_F06_771634	6	140218159	140276990	39	2.4585
DUNGS_p_TCGA_b84_115_SNP_N_GenomeWideSNP_6_F06_771634	6	140277635	140378271	53	2.0117
DUNGS_p_TCGA_b84_115_SNP_N_GenomeWideSNP_6_F06_771634	6	140380205	140401888	11	2.7002
DUNGS_p_TCGA_b84_115_SNP_N_GenomeWideSNP_6_F06_771634	6	140406235	140881017	206	0.7403
DUNGS_p_TCGA_b84_115_SNP_N_GenomeWideSNP_6_F06_771634	6	140886025	157699483	11349	-0.0658
DUNGS_p_TCGA_b84_115_SNP_N_GenomeWideSNP_6_F06_771634	6	157701252	157716064	3	1.0109
DUNGS_p_TCGA_b84_115_SNP_N_GenomeWideSNP_6_F06_771634	6	157716982	164876474	5257	-0.0694
DUNGS_p_TCGA_b84_115_SNP_N_GenomeWideSNP_6_F06_771634	6	164877910	165305007	297	0.6664
DUNGS_p_TCGA_b84_115_SNP_N_GenomeWideSNP_6_F06_771634	6	165308144	170892930	3888	-0.0637
DUNGS_p_TCGA_b84_115_SNP_N_GenomeWideSNP_6_F06_771634	7	52911	5874199	3068	0.1888
DUNGS_p_TCGA_b84_115_SNP_N_GenomeWideSNP_6_F06_771634	7	5877817	6005427	32	0.5809
DUNGS_p_TCGA_b84_115_SNP_N_GenomeWideSNP_6_F06_771634	7	6005606	22401305	13020	0.2035
DUNGS_p_TCGA_b84_115_SNP_N_GenomeWideSNP_6_F06_771634	7	22401997	22403012	2	1.7859
DUNGS_p_TCGA_b84_115_SNP_N_GenomeWideSNP_6_F06_771634	7	22405279	62103428	24776	0.207
DUNGS_p_TCGA_b84_115_SNP_N_GenomeWideSNP_6_F06_771634	7	62103603	62103843	3	-0.9236
DUNGS_p_TCGA_b84_115_SNP_N_GenomeWideSNP_6_F06_771634	7	62104452	64204392	860	0.1738
DUNGS_p_TCGA_b84_115_SNP_N_GenomeWideSNP_6_F06_771634	7	64206287	64233133	7	-0.5843
DUNGS_p_TCGA_b84_115_SNP_N_GenomeWideSNP_6_F06_771634	7	64274563	64527222	131	0.1412
DUNGS_p_TCGA_b84_115_SNP_N_GenomeWideSNP_6_F06_771634	7	64527577	64799617	100	0.3947
DUNGS_p_TCGA_b84_115_SNP_N_GenomeWideSNP_6_F06_771634	7	64811154	66263678	513	0.1347
DUNGS_p_TCGA_b84_115_SNP_N_GenomeWideSNP_6_F06_771634	7	66266675	66336369	25	0.4707
DUNGS_p_TCGA_b84_115_SNP_N_GenomeWideSNP_6_F06_771634	7	66337219	97223869	18256	0.1344
DUNGS_p_TCGA_b84_115_SNP_N_GenomeWideSNP_6_F06_771634	7	97223906	97242449	22	0.5447
DUNGS_p_TCGA_b84_115_SNP_N_GenomeWideSNP_6_F06_771634	7	97242615	97255546	16	0.0223
DUNGS_p_TCGA_b84_115_SNP_N_GenomeWideSNP_6_F06_771634	7	97258585	97258588	3	1.6443
DUNGS_p_TCGA_b84_115_SNP_N_GenomeWideSNP_6_F06_771634	7	97259026	104899725	3763	0.1263
DUNGS_p_TCGA_b84_115_SNP_N_GenomeWideSNP_6_F06_771634	7	104903678	104907982	2	1.635
DUNGS_p_TCGA_b84_115_SNP_N_GenomeWideSNP_6_F06_771634	7	104908934	104937491	18	0.1893
DUNGS_p_TCGA_b84_115_SNP_N_GenomeWideSNP_6_F06_771634	7	104937799	104953756	9	0.6817
DUNGS_p_TCGA_b84_115_SNP_N_GenomeWideSNP_6_F06_771634	7	104954012	109221034	2823	0.1308
DUNGS_p_TCGA_b84_115_SNP_N_GenomeWideSNP_6_F06_771634	7	109224328	109241146	35	0.6577
DUNGS_p_TCGA_b84_115_SNP_N_GenomeWideSNP_6_F06_771634	7	109241218	110852528	1092	0.1381
DUNGS_p_TCGA_b84_115_SNP_N_GenomeWideSNP_6_F06_771634	7	110852730	110853895	5	-0.855
DUNGS_p_TCGA_b84_115_SNP_N_GenomeWideSNP_6_F06_771634	7	110856650	117812999	4148	0.1397
DUNGS_p_TCGA_b84_115_SNP_N_GenomeWideSNP_6_F06_771634	7	117816491	117819215	2	1.6181
DUNGS_p_TCGA_b84_115_SNP_N_GenomeWideSNP_6_F06_771634	7	117822529	125832792	4800	0.1373
DUNGS_p_TCGA_b84_115_SNP_N_GenomeWideSNP_6_F06_771634	7	125832887	125834113	12	-0.3367
DUNGS_p_TCGA_b84_115_SNP_N_GenomeWideSNP_6_F06_771634	7	125834114	126304897	317	0.0957
DUNGS_p_TCGA_b84_115_SNP_N_GenomeWideSNP_6_F06_771634	7	126308016	126320612	6	0.7981
DUNGS_p_TCGA_b84_115_SNP_N_GenomeWideSNP_6_F06_771634	7	126322570	134919751	5502	0.1385
DUNGS_p_TCGA_b84_115_SNP_N_GenomeWideSNP_6_F06_771634	7	134922810	134950276	9	-0.5002
DUNGS_p_TCGA_b84_115_SNP_N_GenomeWideSNP_6_F06_771634	7	134953186	141416529	4117	0.1306
DUNGS_p_TCGA_b84_115_SNP_N_GenomeWideSNP_6_F06_771634	7	141416598	141438377	37	0.5132
DUNGS_p_TCGA_b84_115_SNP_N_GenomeWideSNP_6_F06_771634	7	141438576	142154515	452	0.1426
DUNGS_p_TCGA_b84_115_SNP_N_GenomeWideSNP_6_F06_771634	7	142156294	142159298	8	-3.5975
DUNGS_p_TCGA_b84_115_SNP_N_GenomeWideSNP_6_F06_771634	7	142159383	142165614	19	-1.6682
DUNGS_p_TCGA_b84_115_SNP_N_GenomeWideSNP_6_F06_771634	7	142165684	143527185	841	0.1484
DUNGS_p_TCGA_b84_115_SNP_N_GenomeWideSNP_6_F06_771634	7	143535212	143681866	41	0.6254
DUNGS_p_TCGA_b84_115_SNP_N_GenomeWideSNP_6_F06_771634	7	143682164	154018058	6454	0.1298
DUNGS_p_TCGA_b84_115_SNP_N_GenomeWideSNP_6_F06_771634	7	154020828	154030546	5	0.989
DUNGS_p_TCGA_b84_115_SNP_N_GenomeWideSNP_6_F06_771634	7	154031763	155629049	1258	0.1227
DUNGS_p_TCGA_b84_115_SNP_N_GenomeWideSNP_6_F06_771634	7	155631368	155635556	5	-1.2871
DUNGS_p_TCGA_b84_115_SNP_N_GenomeWideSNP_6_F06_771634	7	155637212	158819765	1984	0.1339
DUNGS_p_TCGA_b84_115_SNP_N_GenomeWideSNP_6_F06_771634	8	21254	102796	3	0.6448
DUNGS_p_TCGA_b84_115_SNP_N_GenomeWideSNP_6_F06_771634	8	103380	583041	324	-0.1545
DUNGS_p_TCGA_b84_115_SNP_N_GenomeWideSNP_6_F06_771634	8	584944	585875	8	0.9737
DUNGS_p_TCGA_b84_115_SNP_N_GenomeWideSNP_6_F06_771634	8	585892	585908	2	3.8628
DUNGS_p_TCGA_b84_115_SNP_N_GenomeWideSNP_6_F06_771634	8	591043	956750	227	-0.2386
DUNGS_p_TCGA_b84_115_SNP_N_GenomeWideSNP_6_F06_771634	8	957549	975883	14	0.3563
DUNGS_p_TCGA_b84_115_SNP_N_GenomeWideSNP_6_F06_771634	8	976429	1347729	291	-0.2455
DUNGS_p_TCGA_b84_115_SNP_N_GenomeWideSNP_6_F06_771634	8	1347794	1348069	6	-1.0658
DUNGS_p_TCGA_b84_115_SNP_N_GenomeWideSNP_6_F06_771634	8	1348093	2067696	610	-0.2474
DUNGS_p_TCGA_b84_115_SNP_N_GenomeWideSNP_6_F06_771634	8	2067801	2070284	20	0.3483
DUNGS_p_TCGA_b84_115_SNP_N_GenomeWideSNP_6_F06_771634	8	2072585	2420020	345	-0.1878
DUNGS_p_TCGA_b84_115_SNP_N_GenomeWideSNP_6_F06_771634	8	2420886	2437135	11	0.3724
DUNGS_p_TCGA_b84_115_SNP_N_GenomeWideSNP_6_F06_771634	8	2437197	3755874	1567	-0.2356
DUNGS_p_TCGA_b84_115_SNP_N_GenomeWideSNP_6_F06_771634	8	3756064	3775513	26	0.141
DUNGS_p_TCGA_b84_115_SNP_N_GenomeWideSNP_6_F06_771634	8	3775659	3982175	325	-0.2669
DUNGS_p_TCGA_b84_115_SNP_N_GenomeWideSNP_6_F06_771634	8	3984068	3989637	16	0.3126
DUNGS_p_TCGA_b84_115_SNP_N_GenomeWideSNP_6_F06_771634	8	3989724	5414423	2071	-0.2134
DUNGS_p_TCGA_b84_115_SNP_N_GenomeWideSNP_6_F06_771634	8	5415029	5586172	236	0.0696
DUNGS_p_TCGA_b84_115_SNP_N_GenomeWideSNP_6_F06_771634	8	5586178	5591903	24	-1.1463
DUNGS_p_TCGA_b84_115_SNP_N_GenomeWideSNP_6_F06_771634	8	5594496	7213846	1735	0.0666
DUNGS_p_TCGA_b84_115_SNP_N_GenomeWideSNP_6_F06_771634	8	7225313	7847316	153	-0.468
DUNGS_p_TCGA_b84_115_SNP_N_GenomeWideSNP_6_F06_771634	8	7864332	8015597	45	0.3299
DUNGS_p_TCGA_b84_115_SNP_N_GenomeWideSNP_6_F06_771634	8	8027373	8941925	809	0.0564
DUNGS_p_TCGA_b84_115_SNP_N_GenomeWideSNP_6_F06_771634	8	8944704	11986960	2442	-0.2158
DUNGS_p_TCGA_b84_115_SNP_N_GenomeWideSNP_6_F06_771634	8	12025135	12072406	8	-1.0006
DUNGS_p_TCGA_b84_115_SNP_N_GenomeWideSNP_6_F06_771634	8	12207108	12242625	7	-0.1124
DUNGS_p_TCGA_b84_115_SNP_N_GenomeWideSNP_6_F06_771634	8	12260380	12291857	40	0.3282
DUNGS_p_TCGA_b84_115_SNP_N_GenomeWideSNP_6_F06_771634	8	12305298	12387984	29	-0.3537
DUNGS_p_TCGA_b84_115_SNP_N_GenomeWideSNP_6_F06_771634	8	12398101	12597222	63	0.0667
DUNGS_p_TCGA_b84_115_SNP_N_GenomeWideSNP_6_F06_771634	8	12599114	12883370	254	-0.2301
DUNGS_p_TCGA_b84_115_SNP_N_GenomeWideSNP_6_F06_771634	8	12883384	12884730	8	0.4543
DUNGS_p_TCGA_b84_115_SNP_N_GenomeWideSNP_6_F06_771634	8	12884785	15447431	2450	-0.2431
DUNGS_p_TCGA_b84_115_SNP_N_GenomeWideSNP_6_F06_771634	8	15450652	15457818	8	-1.288
DUNGS_p_TCGA_b84_115_SNP_N_GenomeWideSNP_6_F06_771634	8	15467641	18519634	2799	-0.2353
DUNGS_p_TCGA_b84_115_SNP_N_GenomeWideSNP_6_F06_771634	8	18519712	18519995	4	-1.4247
DUNGS_p_TCGA_b84_115_SNP_N_GenomeWideSNP_6_F06_771634	8	18520023	25030360	4886	-0.2308
DUNGS_p_TCGA_b84_115_SNP_N_GenomeWideSNP_6_F06_771634	8	25030393	25040250	26	0.7278
DUNGS_p_TCGA_b84_115_SNP_N_GenomeWideSNP_6_F06_771634	8	25047021	32798198	5453	-0.2393
DUNGS_p_TCGA_b84_115_SNP_N_GenomeWideSNP_6_F06_771634	8	32798211	32811912	17	0.1905
DUNGS_p_TCGA_b84_115_SNP_N_GenomeWideSNP_6_F06_771634	8	32815331	40301274	4226	-0.2287
DUNGS_p_TCGA_b84_115_SNP_N_GenomeWideSNP_6_F06_771634	8	40302954	40304096	15	0.3156
DUNGS_p_TCGA_b84_115_SNP_N_GenomeWideSNP_6_F06_771634	8	40304204	43871089	1979	-0.2213
DUNGS_p_TCGA_b84_115_SNP_N_GenomeWideSNP_6_F06_771634	8	43873895	47636177	190	0.1629
DUNGS_p_TCGA_b84_115_SNP_N_GenomeWideSNP_6_F06_771634	8	47640282	47665260	12	0.981
DUNGS_p_TCGA_b84_115_SNP_N_GenomeWideSNP_6_F06_771634	8	47666514	51194564	1813	0.1289
DUNGS_p_TCGA_b84_115_SNP_N_GenomeWideSNP_6_F06_771634	8	51194577	51195976	8	0.8173
DUNGS_p_TCGA_b84_115_SNP_N_GenomeWideSNP_6_F06_771634	8	51201131	58521151	4778	0.1324
DUNGS_p_TCGA_b84_115_SNP_N_GenomeWideSNP_6_F06_771634	8	58521174	58521522	3	1.1242
DUNGS_p_TCGA_b84_115_SNP_N_GenomeWideSNP_6_F06_771634	8	58521575	59477621	720	0.1393
DUNGS_p_TCGA_b84_115_SNP_N_GenomeWideSNP_6_F06_771634	8	59477652	59477680	2	1.0499
DUNGS_p_TCGA_b84_115_SNP_N_GenomeWideSNP_6_F06_771634	8	59477994	60204532	513	0.1496
DUNGS_p_TCGA_b84_115_SNP_N_GenomeWideSNP_6_F06_771634	8	60204564	60205684	5	-0.6126
DUNGS_p_TCGA_b84_115_SNP_N_GenomeWideSNP_6_F06_771634	8	60210406	61151921	521	0.1276
DUNGS_p_TCGA_b84_115_SNP_N_GenomeWideSNP_6_F06_771634	8	61151940	61166651	27	0.3848
DUNGS_p_TCGA_b84_115_SNP_N_GenomeWideSNP_6_F06_771634	8	61166770	65892903	2967	0.1337
DUNGS_p_TCGA_b84_115_SNP_N_GenomeWideSNP_6_F06_771634	8	65895192	65896700	2	-1.1958
DUNGS_p_TCGA_b84_115_SNP_N_GenomeWideSNP_6_F06_771634	8	65899229	73776211	4767	0.1349
DUNGS_p_TCGA_b84_115_SNP_N_GenomeWideSNP_6_F06_771634	8	73777193	73798415	46	0.401
DUNGS_p_TCGA_b84_115_SNP_N_GenomeWideSNP_6_F06_771634	8	73798455	83055634	5611	0.1321
DUNGS_p_TCGA_b84_115_SNP_N_GenomeWideSNP_6_F06_771634	8	83064667	83064905	2	-1.1891
DUNGS_p_TCGA_b84_115_SNP_N_GenomeWideSNP_6_F06_771634	8	83066954	86744665	2048	0.1323
DUNGS_p_TCGA_b84_115_SNP_N_GenomeWideSNP_6_F06_771634	8	86904673	87475939	374	0.4946
DUNGS_p_TCGA_b84_115_SNP_N_GenomeWideSNP_6_F06_771634	8	87480070	94415322	4033	0.1348
DUNGS_p_TCGA_b84_115_SNP_N_GenomeWideSNP_6_F06_771634	8	94417186	101094807	4105	0.4918
DUNGS_p_TCGA_b84_115_SNP_N_GenomeWideSNP_6_F06_771634	8	101100618	101755308	407	0.1373
DUNGS_p_TCGA_b84_115_SNP_N_GenomeWideSNP_6_F06_771634	8	101758287	107919417	3890	0.427
DUNGS_p_TCGA_b84_115_SNP_N_GenomeWideSNP_6_F06_771634	8	107919829	107931446	17	-0.2359
DUNGS_p_TCGA_b84_115_SNP_N_GenomeWideSNP_6_F06_771634	8	107931515	109848965	1275	0.3384
DUNGS_p_TCGA_b84_115_SNP_N_GenomeWideSNP_6_F06_771634	8	109849764	109850004	3	-0.5971
DUNGS_p_TCGA_b84_115_SNP_N_GenomeWideSNP_6_F06_771634	8	109856074	110018360	73	0.3108
DUNGS_p_TCGA_b84_115_SNP_N_GenomeWideSNP_6_F06_771634	8	110019169	110022274	3	-0.4918
DUNGS_p_TCGA_b84_115_SNP_N_GenomeWideSNP_6_F06_771634	8	110022437	112360670	1286	0.3294
DUNGS_p_TCGA_b84_115_SNP_N_GenomeWideSNP_6_F06_771634	8	112363455	112364436	10	1.6209
DUNGS_p_TCGA_b84_115_SNP_N_GenomeWideSNP_6_F06_771634	8	112369457	114109067	938	0.3359
DUNGS_p_TCGA_b84_115_SNP_N_GenomeWideSNP_6_F06_771634	8	114109717	114113826	3	-0.604
DUNGS_p_TCGA_b84_115_SNP_N_GenomeWideSNP_6_F06_771634	8	114117572	115492758	759	0.3295
DUNGS_p_TCGA_b84_115_SNP_N_GenomeWideSNP_6_F06_771634	8	115494024	115494177	2	1.43
DUNGS_p_TCGA_b84_115_SNP_N_GenomeWideSNP_6_F06_771634	8	115499229	115680772	108	0.3468
DUNGS_p_TCGA_b84_115_SNP_N_GenomeWideSNP_6_F06_771634	8	115681664	115719873	53	0.5982
DUNGS_p_TCGA_b84_115_SNP_N_GenomeWideSNP_6_F06_771634	8	115719963	131920881	11252	0.3342
DUNGS_p_TCGA_b84_115_SNP_N_GenomeWideSNP_6_F06_771634	8	131921797	131924374	2	-0.7584
DUNGS_p_TCGA_b84_115_SNP_N_GenomeWideSNP_6_F06_771634	8	131924906	133272026	994	0.3229
DUNGS_p_TCGA_b84_115_SNP_N_GenomeWideSNP_6_F06_771634	8	133272105	133277257	2	-0.843
DUNGS_p_TCGA_b84_115_SNP_N_GenomeWideSNP_6_F06_771634	8	133277560	134242468	823	0.337
DUNGS_p_TCGA_b84_115_SNP_N_GenomeWideSNP_6_F06_771634	8	134242670	134249320	19	0.6971
DUNGS_p_TCGA_b84_115_SNP_N_GenomeWideSNP_6_F06_771634	8	134249394	139494293	4291	0.3306
DUNGS_p_TCGA_b84_115_SNP_N_GenomeWideSNP_6_F06_771634	8	139498426	139501862	5	-0.5565
DUNGS_p_TCGA_b84_115_SNP_N_GenomeWideSNP_6_F06_771634	8	139503651	146106537	3607	0.3414
DUNGS_p_TCGA_b84_115_SNP_N_GenomeWideSNP_6_F06_771634	8	146107143	146268959	99	-0.1648
DUNGS_p_TCGA_b84_115_SNP_N_GenomeWideSNP_6_F06_771634	9	36587	58920	7	-0.2521
DUNGS_p_TCGA_b84_115_SNP_N_GenomeWideSNP_6_F06_771634	9	78030	6685986	6389	0.2407
DUNGS_p_TCGA_b84_115_SNP_N_GenomeWideSNP_6_F06_771634	9	6691145	6698357	7	-0.8855
DUNGS_p_TCGA_b84_115_SNP_N_GenomeWideSNP_6_F06_771634	9	6702314	43598079	25028	0.0513
DUNGS_p_TCGA_b84_115_SNP_N_GenomeWideSNP_6_F06_771634	9	43602904	43640874	8	-0.7235
DUNGS_p_TCGA_b84_115_SNP_N_GenomeWideSNP_6_F06_771634	9	43641834	44409324	61	0.168
DUNGS_p_TCGA_b84_115_SNP_N_GenomeWideSNP_6_F06_771634	9	44569219	44795733	37	-0.9356
DUNGS_p_TCGA_b84_115_SNP_N_GenomeWideSNP_6_F06_771634	9	44806024	69267842	374	0.316
DUNGS_p_TCGA_b84_115_SNP_N_GenomeWideSNP_6_F06_771634	9	70130415	87498826	12642	0.03
DUNGS_p_TCGA_b84_115_SNP_N_GenomeWideSNP_6_F06_771634	9	87502625	87527178	11	-0.5488
DUNGS_p_TCGA_b84_115_SNP_N_GenomeWideSNP_6_F06_771634	9	87530196	92652780	3650	0.0183
DUNGS_p_TCGA_b84_115_SNP_N_GenomeWideSNP_6_F06_771634	9	92652927	92661971	17	0.3939
DUNGS_p_TCGA_b84_115_SNP_N_GenomeWideSNP_6_F06_771634	9	92662105	97289908	3004	-0.0684
DUNGS_p_TCGA_b84_115_SNP_N_GenomeWideSNP_6_F06_771634	9	97290019	97290779	5	0.9574
DUNGS_p_TCGA_b84_115_SNP_N_GenomeWideSNP_6_F06_771634	9	97293475	104843493	5042	-0.1837
DUNGS_p_TCGA_b84_115_SNP_N_GenomeWideSNP_6_F06_771634	9	104843735	104852619	7	0.4794
DUNGS_p_TCGA_b84_115_SNP_N_GenomeWideSNP_6_F06_771634	9	104852719	114475022	7377	-0.1856
DUNGS_p_TCGA_b84_115_SNP_N_GenomeWideSNP_6_F06_771634	9	114475049	114483872	8	-0.8597
DUNGS_p_TCGA_b84_115_SNP_N_GenomeWideSNP_6_F06_771634	9	114485831	122100003	6124	-0.1931
DUNGS_p_TCGA_b84_115_SNP_N_GenomeWideSNP_6_F06_771634	9	122100143	123566354	892	0.0574
DUNGS_p_TCGA_b84_115_SNP_N_GenomeWideSNP_6_F06_771634	9	123567498	124554115	683	-0.2016
DUNGS_p_TCGA_b84_115_SNP_N_GenomeWideSNP_6_F06_771634	9	124555487	127391426	1622	0.0473
DUNGS_p_TCGA_b84_115_SNP_N_GenomeWideSNP_6_F06_771634	9	127395037	128015598	434	-0.2164
DUNGS_p_TCGA_b84_115_SNP_N_GenomeWideSNP_6_F06_771634	9	128015612	128015858	5	0.381
DUNGS_p_TCGA_b84_115_SNP_N_GenomeWideSNP_6_F06_771634	9	128015913	128117427	82	-0.2247
DUNGS_p_TCGA_b84_115_SNP_N_GenomeWideSNP_6_F06_771634	9	128118781	128558440	294	0.0336
DUNGS_p_TCGA_b84_115_SNP_N_GenomeWideSNP_6_F06_771634	9	128562633	128568449	5	0.7869
DUNGS_p_TCGA_b84_115_SNP_N_GenomeWideSNP_6_F06_771634	9	128575992	131345156	1364	0.0445
DUNGS_p_TCGA_b84_115_SNP_N_GenomeWideSNP_6_F06_771634	9	131349846	132931844	1000	-0.2187
DUNGS_p_TCGA_b84_115_SNP_N_GenomeWideSNP_6_F06_771634	9	132932665	134925006	1380	0.0254
DUNGS_p_TCGA_b84_115_SNP_N_GenomeWideSNP_6_F06_771634	9	134926833	134946443	10	0.5469
DUNGS_p_TCGA_b84_115_SNP_N_GenomeWideSNP_6_F06_771634	9	134947261	137351189	1302	0.0311
DUNGS_p_TCGA_b84_115_SNP_N_GenomeWideSNP_6_F06_771634	9	137353926	137366824	26	0.5156
DUNGS_p_TCGA_b84_115_SNP_N_GenomeWideSNP_6_F06_771634	9	137367156	139271561	650	0.0262
DUNGS_p_TCGA_b84_115_SNP_N_GenomeWideSNP_6_F06_771634	9	139284183	139372609	25	0.3873
DUNGS_p_TCGA_b84_115_SNP_N_GenomeWideSNP_6_F06_771634	9	139372768	140080712	313	0.0354
DUNGS_p_TCGA_b84_115_SNP_N_GenomeWideSNP_6_F06_771634	9	140082508	140211215	104	0.2795
DUNGS_p_TCGA_b84_115_SNP_N_GenomeWideSNP_6_F06_771634	10	62759	81732	4	-0.458
DUNGS_p_TCGA_b84_115_SNP_N_GenomeWideSNP_6_F06_771634	10	94198	17863977	14890	0.1595
DUNGS_p_TCGA_b84_115_SNP_N_GenomeWideSNP_6_F06_771634	10	17876598	17989863	8	-0.7669
DUNGS_p_TCGA_b84_115_SNP_N_GenomeWideSNP_6_F06_771634	10	18011822	19575665	1078	0.0833
DUNGS_p_TCGA_b84_115_SNP_N_GenomeWideSNP_6_F06_771634	10	19577049	19580082	3	0.8182
DUNGS_p_TCGA_b84_115_SNP_N_GenomeWideSNP_6_F06_771634	10	19580397	24415269	3281	0.122
DUNGS_p_TCGA_b84_115_SNP_N_GenomeWideSNP_6_F06_771634	10	24417680	24418957	13	0.955
DUNGS_p_TCGA_b84_115_SNP_N_GenomeWideSNP_6_F06_771634	10	24419013	45390058	12268	0.1418
DUNGS_p_TCGA_b84_115_SNP_N_GenomeWideSNP_6_F06_771634	10	45392878	45401367	8	-0.4912
DUNGS_p_TCGA_b84_115_SNP_N_GenomeWideSNP_6_F06_771634	10	45403177	46111486	62	0.2287
DUNGS_p_TCGA_b84_115_SNP_N_GenomeWideSNP_6_F06_771634	10	46337321	46363383	5	-0.8419
DUNGS_p_TCGA_b84_115_SNP_N_GenomeWideSNP_6_F06_771634	10	46366714	47241036	362	0.2439
DUNGS_p_TCGA_b84_115_SNP_N_GenomeWideSNP_6_F06_771634	10	47417400	47468066	4	-1.4752
DUNGS_p_TCGA_b84_115_SNP_N_GenomeWideSNP_6_F06_771634	10	47480482	48356772	290	0.1836
DUNGS_p_TCGA_b84_115_SNP_N_GenomeWideSNP_6_F06_771634	10	48391956	48457816	2	-1.4171
DUNGS_p_TCGA_b84_115_SNP_N_GenomeWideSNP_6_F06_771634	10	48460633	49033015	30	0.4749
DUNGS_p_TCGA_b84_115_SNP_N_GenomeWideSNP_6_F06_771634	10	49051617	58186409	6320	0.1544
DUNGS_p_TCGA_b84_115_SNP_N_GenomeWideSNP_6_F06_771634	10	58186527	58202995	42	-0.3899
DUNGS_p_TCGA_b84_115_SNP_N_GenomeWideSNP_6_F06_771634	10	58206058	58499701	241	0.1501
DUNGS_p_TCGA_b84_115_SNP_N_GenomeWideSNP_6_F06_771634	10	58500315	58500618	2	-1.4697
DUNGS_p_TCGA_b84_115_SNP_N_GenomeWideSNP_6_F06_771634	10	58504309	66976164	5876	0.1803
DUNGS_p_TCGA_b84_115_SNP_N_GenomeWideSNP_6_F06_771634	10	66976282	66996072	33	0.74
DUNGS_p_TCGA_b84_115_SNP_N_GenomeWideSNP_6_F06_771634	10	66996153	67393121	361	0.3087
DUNGS_p_TCGA_b84_115_SNP_N_GenomeWideSNP_6_F06_771634	10	67394037	70945369	2187	-0.0044
DUNGS_p_TCGA_b84_115_SNP_N_GenomeWideSNP_6_F06_771634	10	70945499	70952848	6	-0.8678
DUNGS_p_TCGA_b84_115_SNP_N_GenomeWideSNP_6_F06_771634	10	70961620	74619992	2491	-6e-04
DUNGS_p_TCGA_b84_115_SNP_N_GenomeWideSNP_6_F06_771634	10	74628782	80365131	3754	-0.2449
DUNGS_p_TCGA_b84_115_SNP_N_GenomeWideSNP_6_F06_771634	10	80365179	80367025	4	0.6112
DUNGS_p_TCGA_b84_115_SNP_N_GenomeWideSNP_6_F06_771634	10	80367081	105197652	15632	-0.2059
DUNGS_p_TCGA_b84_115_SNP_N_GenomeWideSNP_6_F06_771634	10	105205006	105206598	4	0.8125
DUNGS_p_TCGA_b84_115_SNP_N_GenomeWideSNP_6_F06_771634	10	105206837	124331524	13984	-0.1022
DUNGS_p_TCGA_b84_115_SNP_N_GenomeWideSNP_6_F06_771634	10	124333941	124341003	7	-0.9858
DUNGS_p_TCGA_b84_115_SNP_N_GenomeWideSNP_6_F06_771634	10	124346802	124442376	38	-0.0622
DUNGS_p_TCGA_b84_115_SNP_N_GenomeWideSNP_6_F06_771634	10	124442770	124445514	4	0.9036
DUNGS_p_TCGA_b84_115_SNP_N_GenomeWideSNP_6_F06_771634	10	124445574	135356694	7885	-0.1057
DUNGS_p_TCGA_b84_115_SNP_N_GenomeWideSNP_6_F06_771634	11	188510	4683016	2205	-0.0054
DUNGS_p_TCGA_b84_115_SNP_N_GenomeWideSNP_6_F06_771634	11	4683194	4683298	2	-1.353
DUNGS_p_TCGA_b84_115_SNP_N_GenomeWideSNP_6_F06_771634	11	4683333	5740499	1101	-0.0015
DUNGS_p_TCGA_b84_115_SNP_N_GenomeWideSNP_6_F06_771634	11	5743981	5766037	35	0.3415
DUNGS_p_TCGA_b84_115_SNP_N_GenomeWideSNP_6_F06_771634	11	5768936	18918314	9484	0.001
DUNGS_p_TCGA_b84_115_SNP_N_GenomeWideSNP_6_F06_771634	11	18918394	18927281	8	0.7317
DUNGS_p_TCGA_b84_115_SNP_N_GenomeWideSNP_6_F06_771634	11	18927324	34697789	11442	-0.0029
DUNGS_p_TCGA_b84_115_SNP_N_GenomeWideSNP_6_F06_771634	11	34697950	34706323	4	0.9072
DUNGS_p_TCGA_b84_115_SNP_N_GenomeWideSNP_6_F06_771634	11	34709582	42763620	5776	-0.0065
DUNGS_p_TCGA_b84_115_SNP_N_GenomeWideSNP_6_F06_771634	11	42769727	42773062	2	-1.1532
DUNGS_p_TCGA_b84_115_SNP_N_GenomeWideSNP_6_F06_771634	11	42774615	49809991	3952	-0.0025
DUNGS_p_TCGA_b84_115_SNP_N_GenomeWideSNP_6_F06_771634	11	49810018	49810215	4	0.7599
DUNGS_p_TCGA_b84_115_SNP_N_GenomeWideSNP_6_F06_771634	11	49816620	55149884	708	0.0834
DUNGS_p_TCGA_b84_115_SNP_N_GenomeWideSNP_6_F06_771634	11	55153217	55209585	36	-0.4477
DUNGS_p_TCGA_b84_115_SNP_N_GenomeWideSNP_6_F06_771634	11	55210152	58314939	1937	0.0236
DUNGS_p_TCGA_b84_115_SNP_N_GenomeWideSNP_6_F06_771634	11	58318994	58319222	2	-1.4821
DUNGS_p_TCGA_b84_115_SNP_N_GenomeWideSNP_6_F06_771634	11	58322952	67435033	4362	-0.0074
DUNGS_p_TCGA_b84_115_SNP_N_GenomeWideSNP_6_F06_771634	11	67435036	67526847	26	0.3955
DUNGS_p_TCGA_b84_115_SNP_N_GenomeWideSNP_6_F06_771634	11	67527168	89242221	13638	-0.0011
DUNGS_p_TCGA_b84_115_SNP_N_GenomeWideSNP_6_F06_771634	11	89250992	89299216	4	-0.8007
DUNGS_p_TCGA_b84_115_SNP_N_GenomeWideSNP_6_F06_771634	11	89335741	89449986	9	0.793
DUNGS_p_TCGA_b84_115_SNP_N_GenomeWideSNP_6_F06_771634	11	89457958	99070145	7023	0.0135
DUNGS_p_TCGA_b84_115_SNP_N_GenomeWideSNP_6_F06_771634	11	99070312	99070633	2	1.3508
DUNGS_p_TCGA_b84_115_SNP_N_GenomeWideSNP_6_F06_771634	11	99079757	134449982	25477	0.0021
DUNGS_p_TCGA_b84_115_SNP_N_GenomeWideSNP_6_F06_771634	12	20703	739459	420	-0.1061
DUNGS_p_TCGA_b84_115_SNP_N_GenomeWideSNP_6_F06_771634	12	739524	744290	16	-1.0224
DUNGS_p_TCGA_b84_115_SNP_N_GenomeWideSNP_6_F06_771634	12	745615	2102418	828	-0.0936
DUNGS_p_TCGA_b84_115_SNP_N_GenomeWideSNP_6_F06_771634	12	2104190	2105437	2	-1.5923
DUNGS_p_TCGA_b84_115_SNP_N_GenomeWideSNP_6_F06_771634	12	2105889	2122695	22	0.041
DUNGS_p_TCGA_b84_115_SNP_N_GenomeWideSNP_6_F06_771634	12	2122771	2123265	6	0.5324
DUNGS_p_TCGA_b84_115_SNP_N_GenomeWideSNP_6_F06_771634	12	2123308	7855296	4079	-0.122
DUNGS_p_TCGA_b84_115_SNP_N_GenomeWideSNP_6_F06_771634	12	7861988	8015167	65	0.4502
DUNGS_p_TCGA_b84_115_SNP_N_GenomeWideSNP_6_F06_771634	12	8022225	8248774	119	-0.1279
DUNGS_p_TCGA_b84_115_SNP_N_GenomeWideSNP_6_F06_771634	12	8253317	8269518	11	0.7532
DUNGS_p_TCGA_b84_115_SNP_N_GenomeWideSNP_6_F06_771634	12	8285095	8472408	77	0.1274
DUNGS_p_TCGA_b84_115_SNP_N_GenomeWideSNP_6_F06_771634	12	8475939	9334117	480	-0.1135
DUNGS_p_TCGA_b84_115_SNP_N_GenomeWideSNP_6_F06_771634	12	9345815	9359076	5	0.6654
DUNGS_p_TCGA_b84_115_SNP_N_GenomeWideSNP_6_F06_771634	12	9363632	9511376	76	-0.0675
DUNGS_p_TCGA_b84_115_SNP_N_GenomeWideSNP_6_F06_771634	12	9512800	9626237	31	0.2664
DUNGS_p_TCGA_b84_115_SNP_N_GenomeWideSNP_6_F06_771634	12	9626953	11395358	1187	-0.1011
DUNGS_p_TCGA_b84_115_SNP_N_GenomeWideSNP_6_F06_771634	12	11402844	11443869	34	0.6946
DUNGS_p_TCGA_b84_115_SNP_N_GenomeWideSNP_6_F06_771634	12	11444019	30131178	13149	-0.1025
DUNGS_p_TCGA_b84_115_SNP_N_GenomeWideSNP_6_F06_771634	12	30131313	30134842	13	-0.9344
DUNGS_p_TCGA_b84_115_SNP_N_GenomeWideSNP_6_F06_771634	12	30134857	31782200	1242	-0.1127
DUNGS_p_TCGA_b84_115_SNP_N_GenomeWideSNP_6_F06_771634	12	31782323	31785617	2	1.6292
DUNGS_p_TCGA_b84_115_SNP_N_GenomeWideSNP_6_F06_771634	12	31786278	32228923	363	-0.0981
DUNGS_p_TCGA_b84_115_SNP_N_GenomeWideSNP_6_F06_771634	12	32230019	32230185	4	0.6708
DUNGS_p_TCGA_b84_115_SNP_N_GenomeWideSNP_6_F06_771634	12	32230247	33192787	670	-0.1128
DUNGS_p_TCGA_b84_115_SNP_N_GenomeWideSNP_6_F06_771634	12	33192801	33194560	9	-0.9483
DUNGS_p_TCGA_b84_115_SNP_N_GenomeWideSNP_6_F06_771634	12	33194645	34122790	597	-0.0758
DUNGS_p_TCGA_b84_115_SNP_N_GenomeWideSNP_6_F06_771634	12	34131258	34136196	4	0.9393
DUNGS_p_TCGA_b84_115_SNP_N_GenomeWideSNP_6_F06_771634	12	34136212	36255461	254	-0.0626
DUNGS_p_TCGA_b84_115_SNP_N_GenomeWideSNP_6_F06_771634	12	36257898	36447719	49	0.4021
DUNGS_p_TCGA_b84_115_SNP_N_GenomeWideSNP_6_F06_771634	12	36448747	43929013	4576	-0.0859
DUNGS_p_TCGA_b84_115_SNP_N_GenomeWideSNP_6_F06_771634	12	43931073	43933010	3	0.9597
DUNGS_p_TCGA_b84_115_SNP_N_GenomeWideSNP_6_F06_771634	12	43935354	44192107	166	-0.1008
DUNGS_p_TCGA_b84_115_SNP_N_GenomeWideSNP_6_F06_771634	12	44195007	44195804	2	-2.952
DUNGS_p_TCGA_b84_115_SNP_N_GenomeWideSNP_6_F06_771634	12	44199559	47011309	1720	-0.0909
DUNGS_p_TCGA_b84_115_SNP_N_GenomeWideSNP_6_F06_771634	12	47011506	47011682	3	-1.8716
DUNGS_p_TCGA_b84_115_SNP_N_GenomeWideSNP_6_F06_771634	12	47016303	62206256	8940	-0.1092
DUNGS_p_TCGA_b84_115_SNP_N_GenomeWideSNP_6_F06_771634	12	62206852	62211072	3	-1.1172
DUNGS_p_TCGA_b84_115_SNP_N_GenomeWideSNP_6_F06_771634	12	62219230	67499098	3419	-0.0927
DUNGS_p_TCGA_b84_115_SNP_N_GenomeWideSNP_6_F06_771634	12	67499922	68369481	633	2.9891
DUNGS_p_TCGA_b84_115_SNP_N_GenomeWideSNP_6_F06_771634	12	68370301	68519366	72	3.1785
DUNGS_p_TCGA_b84_115_SNP_N_GenomeWideSNP_6_F06_771634	12	68520077	80539897	7568	-0.102
DUNGS_p_TCGA_b84_115_SNP_N_GenomeWideSNP_6_F06_771634	12	80540483	80540673	2	-1.2481
DUNGS_p_TCGA_b84_115_SNP_N_GenomeWideSNP_6_F06_771634	12	80550479	98296192	11408	-0.0967
DUNGS_p_TCGA_b84_115_SNP_N_GenomeWideSNP_6_F06_771634	12	98299668	98322851	41	0.263
DUNGS_p_TCGA_b84_115_SNP_N_GenomeWideSNP_6_F06_771634	12	98322865	125384975	17537	-0.1036
DUNGS_p_TCGA_b84_115_SNP_N_GenomeWideSNP_6_F06_771634	12	125388364	125388569	4	0.8224
DUNGS_p_TCGA_b84_115_SNP_N_GenomeWideSNP_6_F06_771634	12	125388598	127361418	1752	-0.1015
DUNGS_p_TCGA_b84_115_SNP_N_GenomeWideSNP_6_F06_771634	12	127361433	127375244	16	0.401
DUNGS_p_TCGA_b84_115_SNP_N_GenomeWideSNP_6_F06_771634	12	127375289	127385466	21	-0.1172
DUNGS_p_TCGA_b84_115_SNP_N_GenomeWideSNP_6_F06_771634	12	127385798	127387330	4	0.947
DUNGS_p_TCGA_b84_115_SNP_N_GenomeWideSNP_6_F06_771634	12	127387407	130299350	2492	-0.0968
DUNGS_p_TCGA_b84_115_SNP_N_GenomeWideSNP_6_F06_771634	12	130299436	130315525	26	0.314
DUNGS_p_TCGA_b84_115_SNP_N_GenomeWideSNP_6_F06_771634	12	130315590	130698756	359	-0.1012
DUNGS_p_TCGA_b84_115_SNP_N_GenomeWideSNP_6_F06_771634	12	130699028	130699263	6	0.7505
DUNGS_p_TCGA_b84_115_SNP_N_GenomeWideSNP_6_F06_771634	12	130699275	132288262	574	-0.0993
DUNGS_p_TCGA_b84_115_SNP_N_GenomeWideSNP_6_F06_771634	13	17924949	18021495	9	0.2425
DUNGS_p_TCGA_b84_115_SNP_N_GenomeWideSNP_6_F06_771634	13	18033291	18160112	36	0.7973
DUNGS_p_TCGA_b84_115_SNP_N_GenomeWideSNP_6_F06_771634	13	18162827	24412640	4352	0.0424
DUNGS_p_TCGA_b84_115_SNP_N_GenomeWideSNP_6_F06_771634	13	24413343	24414291	2	-1.6047
DUNGS_p_TCGA_b84_115_SNP_N_GenomeWideSNP_6_F06_771634	13	24414817	56647274	21748	0.0326
DUNGS_p_TCGA_b84_115_SNP_N_GenomeWideSNP_6_F06_771634	13	56647684	56687715	40	0.4612
DUNGS_p_TCGA_b84_115_SNP_N_GenomeWideSNP_6_F06_771634	13	56688010	74575073	11353	0.0223
DUNGS_p_TCGA_b84_115_SNP_N_GenomeWideSNP_6_F06_771634	13	74576669	74580792	3	1.1185
DUNGS_p_TCGA_b84_115_SNP_N_GenomeWideSNP_6_F06_771634	13	74582241	75509750	713	0.0302
DUNGS_p_TCGA_b84_115_SNP_N_GenomeWideSNP_6_F06_771634	13	75509851	75509863	2	1.0814
DUNGS_p_TCGA_b84_115_SNP_N_GenomeWideSNP_6_F06_771634	13	75510226	76522973	757	0.0322
DUNGS_p_TCGA_b84_115_SNP_N_GenomeWideSNP_6_F06_771634	13	76523145	76523481	2	1.2027
DUNGS_p_TCGA_b84_115_SNP_N_GenomeWideSNP_6_F06_771634	13	76524039	88583741	7423	0.0285
DUNGS_p_TCGA_b84_115_SNP_N_GenomeWideSNP_6_F06_771634	13	88584289	88587549	5	0.8361
DUNGS_p_TCGA_b84_115_SNP_N_GenomeWideSNP_6_F06_771634	13	88590485	113855620	17809	0.0276
DUNGS_p_TCGA_b84_115_SNP_N_GenomeWideSNP_6_F06_771634	13	113855809	113855828	2	1.6142
DUNGS_p_TCGA_b84_115_SNP_N_GenomeWideSNP_6_F06_771634	13	113855859	114126499	125	-0.0443
DUNGS_p_TCGA_b84_115_SNP_N_GenomeWideSNP_6_F06_771634	14	18072124	18866184	60	-0.0831
DUNGS_p_TCGA_b84_115_SNP_N_GenomeWideSNP_6_F06_771634	14	18871755	19080913	13	0.5225
DUNGS_p_TCGA_b84_115_SNP_N_GenomeWideSNP_6_F06_771634	14	19107146	23558236	2883	0.0786
DUNGS_p_TCGA_b84_115_SNP_N_GenomeWideSNP_6_F06_771634	14	23558249	23558859	6	0.8571
DUNGS_p_TCGA_b84_115_SNP_N_GenomeWideSNP_6_F06_771634	14	23559005	25265452	1181	0.0976
DUNGS_p_TCGA_b84_115_SNP_N_GenomeWideSNP_6_F06_771634	14	25265917	25269773	3	-0.6562
DUNGS_p_TCGA_b84_115_SNP_N_GenomeWideSNP_6_F06_771634	14	25270000	25660180	247	0.1597
DUNGS_p_TCGA_b84_115_SNP_N_GenomeWideSNP_6_F06_771634	14	25660450	25661436	2	-0.604
DUNGS_p_TCGA_b84_115_SNP_N_GenomeWideSNP_6_F06_771634	14	25665691	25849482	171	0.1508
DUNGS_p_TCGA_b84_115_SNP_N_GenomeWideSNP_6_F06_771634	14	25853743	25853758	8	1.1333
DUNGS_p_TCGA_b84_115_SNP_N_GenomeWideSNP_6_F06_771634	14	25854753	32860957	4214	0.1475
DUNGS_p_TCGA_b84_115_SNP_N_GenomeWideSNP_6_F06_771634	14	32861738	32865564	2	-1.3859
DUNGS_p_TCGA_b84_115_SNP_N_GenomeWideSNP_6_F06_771634	14	32865761	34496525	1223	0.2001
DUNGS_p_TCGA_b84_115_SNP_N_GenomeWideSNP_6_F06_771634	14	34498746	34499112	2	-0.9484
DUNGS_p_TCGA_b84_115_SNP_N_GenomeWideSNP_6_F06_771634	14	34499497	37198782	1682	0.2678
DUNGS_p_TCGA_b84_115_SNP_N_GenomeWideSNP_6_F06_771634	14	37204330	37207318	3	1.0541
DUNGS_p_TCGA_b84_115_SNP_N_GenomeWideSNP_6_F06_771634	14	37207927	40680246	2151	0.2158
DUNGS_p_TCGA_b84_115_SNP_N_GenomeWideSNP_6_F06_771634	14	40680440	40727099	14	0.7065
DUNGS_p_TCGA_b84_115_SNP_N_GenomeWideSNP_6_F06_771634	14	40739852	42056327	849	0.0637
DUNGS_p_TCGA_b84_115_SNP_N_GenomeWideSNP_6_F06_771634	14	42057255	42062184	4	-0.8905
DUNGS_p_TCGA_b84_115_SNP_N_GenomeWideSNP_6_F06_771634	14	42065261	44947680	1594	0.0422
DUNGS_p_TCGA_b84_115_SNP_N_GenomeWideSNP_6_F06_771634	14	44947795	44967080	9	0.6047
DUNGS_p_TCGA_b84_115_SNP_N_GenomeWideSNP_6_F06_771634	14	44967161	50222537	3065	-0.0297
DUNGS_p_TCGA_b84_115_SNP_N_GenomeWideSNP_6_F06_771634	14	50224243	50225285	2	-1.3068
DUNGS_p_TCGA_b84_115_SNP_N_GenomeWideSNP_6_F06_771634	14	50226910	61283201	7476	-0.0299
DUNGS_p_TCGA_b84_115_SNP_N_GenomeWideSNP_6_F06_771634	14	61289758	61301095	5	-0.809
DUNGS_p_TCGA_b84_115_SNP_N_GenomeWideSNP_6_F06_771634	14	61301495	62836597	1043	-0.024
DUNGS_p_TCGA_b84_115_SNP_N_GenomeWideSNP_6_F06_771634	14	62836739	62845355	3	0.9214
DUNGS_p_TCGA_b84_115_SNP_N_GenomeWideSNP_6_F06_771634	14	62845437	69083711	3816	-0.0375
DUNGS_p_TCGA_b84_115_SNP_N_GenomeWideSNP_6_F06_771634	14	69083732	69088121	3	0.6837
DUNGS_p_TCGA_b84_115_SNP_N_GenomeWideSNP_6_F06_771634	14	69088431	69092697	10	0.3323
DUNGS_p_TCGA_b84_115_SNP_N_GenomeWideSNP_6_F06_771634	14	69098300	98338799	19876	-0.0457
DUNGS_p_TCGA_b84_115_SNP_N_GenomeWideSNP_6_F06_771634	14	98341330	98346471	6	0.6125
DUNGS_p_TCGA_b84_115_SNP_N_GenomeWideSNP_6_F06_771634	14	98348139	105169806	3448	-0.0694
DUNGS_p_TCGA_b84_115_SNP_N_GenomeWideSNP_6_F06_771634	14	105170380	105270421	16	0.6244
DUNGS_p_TCGA_b84_115_SNP_N_GenomeWideSNP_6_F06_771634	14	105289630	105598011	123	-0.0557
DUNGS_p_TCGA_b84_115_SNP_N_GenomeWideSNP_6_F06_771634	14	105601409	105640508	19	0.81
DUNGS_p_TCGA_b84_115_SNP_N_GenomeWideSNP_6_F06_771634	14	105645163	106313435	394	0.0573
DUNGS_p_TCGA_b84_115_SNP_N_GenomeWideSNP_6_F06_771634	14	106317891	106356482	22	-0.4297
DUNGS_p_TCGA_b84_115_SNP_N_GenomeWideSNP_6_F06_771634	15	18276341	18491920	50	0.0737
DUNGS_p_TCGA_b84_115_SNP_N_GenomeWideSNP_6_F06_771634	15	18506386	18838435	48	-0.8845
DUNGS_p_TCGA_b84_115_SNP_N_GenomeWideSNP_6_F06_771634	15	18841465	18841578	7	1.0089
DUNGS_p_TCGA_b84_115_SNP_N_GenomeWideSNP_6_F06_771634	15	18846002	18846971	12	-0.4948
DUNGS_p_TCGA_b84_115_SNP_N_GenomeWideSNP_6_F06_771634	15	18850041	18906589	28	-1.1251
DUNGS_p_TCGA_b84_115_SNP_N_GenomeWideSNP_6_F06_771634	15	18906699	19080173	11	0.0587
DUNGS_p_TCGA_b84_115_SNP_N_GenomeWideSNP_6_F06_771634	15	19090388	19438545	125	-0.9122
DUNGS_p_TCGA_b84_115_SNP_N_GenomeWideSNP_6_F06_771634	15	19451059	19764921	26	-0.2977
DUNGS_p_TCGA_b84_115_SNP_N_GenomeWideSNP_6_F06_771634	15	19781841	20088838	115	-0.7317
DUNGS_p_TCGA_b84_115_SNP_N_GenomeWideSNP_6_F06_771634	15	20224763	20687605	276	-0.0511
DUNGS_p_TCGA_b84_115_SNP_N_GenomeWideSNP_6_F06_771634	15	20687686	20758198	13	0.3969
DUNGS_p_TCGA_b84_115_SNP_N_GenomeWideSNP_6_F06_771634	15	20761081	21606530	328	-0.1231
DUNGS_p_TCGA_b84_115_SNP_N_GenomeWideSNP_6_F06_771634	15	21606585	21606712	2	1.1307
DUNGS_p_TCGA_b84_115_SNP_N_GenomeWideSNP_6_F06_771634	15	21606792	24991620	2364	-0.1335
DUNGS_p_TCGA_b84_115_SNP_N_GenomeWideSNP_6_F06_771634	15	24991777	24991854	3	1.0706
DUNGS_p_TCGA_b84_115_SNP_N_GenomeWideSNP_6_F06_771634	15	24992464	25678985	491	-0.1407
DUNGS_p_TCGA_b84_115_SNP_N_GenomeWideSNP_6_F06_771634	15	25680631	27907599	1035	0.12
DUNGS_p_TCGA_b84_115_SNP_N_GenomeWideSNP_6_F06_771634	15	27908866	28235887	173	-0.1216
DUNGS_p_TCGA_b84_115_SNP_N_GenomeWideSNP_6_F06_771634	15	28237336	28289183	10	0.4844
DUNGS_p_TCGA_b84_115_SNP_N_GenomeWideSNP_6_F06_771634	15	28289378	28517995	72	0.0043
DUNGS_p_TCGA_b84_115_SNP_N_GenomeWideSNP_6_F06_771634	15	28518409	28700879	25	0.355
DUNGS_p_TCGA_b84_115_SNP_N_GenomeWideSNP_6_F06_771634	15	28707916	30298847	1066	-0.1384
DUNGS_p_TCGA_b84_115_SNP_N_GenomeWideSNP_6_F06_771634	15	30298896	30586637	39	0.1532
DUNGS_p_TCGA_b84_115_SNP_N_GenomeWideSNP_6_F06_771634	15	30586669	32510868	1509	-0.1486
DUNGS_p_TCGA_b84_115_SNP_N_GenomeWideSNP_6_F06_771634	15	32514464	32597380	59	-0.4931
DUNGS_p_TCGA_b84_115_SNP_N_GenomeWideSNP_6_F06_771634	15	32600411	41682831	5710	-0.1434
DUNGS_p_TCGA_b84_115_SNP_N_GenomeWideSNP_6_F06_771634	15	41682932	41683554	3	1.0623
DUNGS_p_TCGA_b84_115_SNP_N_GenomeWideSNP_6_F06_771634	15	41702041	54574406	7985	-0.139
DUNGS_p_TCGA_b84_115_SNP_N_GenomeWideSNP_6_F06_771634	15	54574485	54600698	39	0.1395
DUNGS_p_TCGA_b84_115_SNP_N_GenomeWideSNP_6_F06_771634	15	54608203	56103226	1036	-0.1378
DUNGS_p_TCGA_b84_115_SNP_N_GenomeWideSNP_6_F06_771634	15	56107700	56111264	2	1.0611
DUNGS_p_TCGA_b84_115_SNP_N_GenomeWideSNP_6_F06_771634	15	56112795	57876344	1234	-0.1451
DUNGS_p_TCGA_b84_115_SNP_N_GenomeWideSNP_6_F06_771634	15	57878270	57891107	4	-1.5337
DUNGS_p_TCGA_b84_115_SNP_N_GenomeWideSNP_6_F06_771634	15	57891742	74665417	10489	-0.0684
DUNGS_p_TCGA_b84_115_SNP_N_GenomeWideSNP_6_F06_771634	15	74678296	74682119	12	0.7931
DUNGS_p_TCGA_b84_115_SNP_N_GenomeWideSNP_6_F06_771634	15	74682134	77338036	1455	-0.1358
DUNGS_p_TCGA_b84_115_SNP_N_GenomeWideSNP_6_F06_771634	15	77338150	77338703	4	0.8162
DUNGS_p_TCGA_b84_115_SNP_N_GenomeWideSNP_6_F06_771634	15	77338731	79835731	1863	-0.1444
DUNGS_p_TCGA_b84_115_SNP_N_GenomeWideSNP_6_F06_771634	15	79836922	79840850	3	-1.1317
DUNGS_p_TCGA_b84_115_SNP_N_GenomeWideSNP_6_F06_771634	15	79844062	82333889	1123	-0.138
DUNGS_p_TCGA_b84_115_SNP_N_GenomeWideSNP_6_F06_771634	15	82334254	82334554	4	-1.2243
DUNGS_p_TCGA_b84_115_SNP_N_GenomeWideSNP_6_F06_771634	15	82338281	82723942	191	-0.1498
DUNGS_p_TCGA_b84_115_SNP_N_GenomeWideSNP_6_F06_771634	15	82724304	82853875	12	0.4894
DUNGS_p_TCGA_b84_115_SNP_N_GenomeWideSNP_6_F06_771634	15	82854151	82907323	17	-0.1029
DUNGS_p_TCGA_b84_115_SNP_N_GenomeWideSNP_6_F06_771634	15	82907922	82915931	2	1.1029
DUNGS_p_TCGA_b84_115_SNP_N_GenomeWideSNP_6_F06_771634	15	82916806	85470295	1941	-0.1359
DUNGS_p_TCGA_b84_115_SNP_N_GenomeWideSNP_6_F06_771634	15	85472836	85475317	2	-1.6081
DUNGS_p_TCGA_b84_115_SNP_N_GenomeWideSNP_6_F06_771634	15	85475524	85706849	186	-0.1433
DUNGS_p_TCGA_b84_115_SNP_N_GenomeWideSNP_6_F06_771634	15	85706865	85707493	8	0.3644
DUNGS_p_TCGA_b84_115_SNP_N_GenomeWideSNP_6_F06_771634	15	85707562	100286563	10900	-0.0503
DUNGS_p_TCGA_b84_115_SNP_N_GenomeWideSNP_6_F06_771634	16	777	582362	246	-0.0794
DUNGS_p_TCGA_b84_115_SNP_N_GenomeWideSNP_6_F06_771634	16	582550	593334	38	0.212
DUNGS_p_TCGA_b84_115_SNP_N_GenomeWideSNP_6_F06_771634	16	593460	1469012	189	-0.0905
DUNGS_p_TCGA_b84_115_SNP_N_GenomeWideSNP_6_F06_771634	16	1469706	1477840	2	1.5133
DUNGS_p_TCGA_b84_115_SNP_N_GenomeWideSNP_6_F06_771634	16	1478693	4186983	1258	0.0122
DUNGS_p_TCGA_b84_115_SNP_N_GenomeWideSNP_6_F06_771634	16	4187576	4188850	3	1.0003
DUNGS_p_TCGA_b84_115_SNP_N_GenomeWideSNP_6_F06_771634	16	4188952	6368382	1869	0.0558
DUNGS_p_TCGA_b84_115_SNP_N_GenomeWideSNP_6_F06_771634	16	6370370	6470552	111	1.1075
DUNGS_p_TCGA_b84_115_SNP_N_GenomeWideSNP_6_F06_771634	16	6471125	8971762	2803	0.0741
DUNGS_p_TCGA_b84_115_SNP_N_GenomeWideSNP_6_F06_771634	16	8981332	9015055	21	0.4475
DUNGS_p_TCGA_b84_115_SNP_N_GenomeWideSNP_6_F06_771634	16	9015599	10579679	1455	0.0349
DUNGS_p_TCGA_b84_115_SNP_N_GenomeWideSNP_6_F06_771634	16	10584602	10823929	170	0.421
DUNGS_p_TCGA_b84_115_SNP_N_GenomeWideSNP_6_F06_771634	16	10825507	11164808	262	0.0339
DUNGS_p_TCGA_b84_115_SNP_N_GenomeWideSNP_6_F06_771634	16	11169269	11476955	257	1.068
DUNGS_p_TCGA_b84_115_SNP_N_GenomeWideSNP_6_F06_771634	16	11478794	13693460	1787	0.0466
DUNGS_p_TCGA_b84_115_SNP_N_GenomeWideSNP_6_F06_771634	16	13695484	13810248	136	1.1123
DUNGS_p_TCGA_b84_115_SNP_N_GenomeWideSNP_6_F06_771634	16	13812226	14688155	522	0.0427
DUNGS_p_TCGA_b84_115_SNP_N_GenomeWideSNP_6_F06_771634	16	14742568	15032942	82	0.503
DUNGS_p_TCGA_b84_115_SNP_N_GenomeWideSNP_6_F06_771634	16	15034391	15211599	43	0.1263
DUNGS_p_TCGA_b84_115_SNP_N_GenomeWideSNP_6_F06_771634	16	15224190	15324011	10	1.3804
DUNGS_p_TCGA_b84_115_SNP_N_GenomeWideSNP_6_F06_771634	16	15389435	15719163	171	0.3754
DUNGS_p_TCGA_b84_115_SNP_N_GenomeWideSNP_6_F06_771634	16	15721134	15945462	145	0.6099
DUNGS_p_TCGA_b84_115_SNP_N_GenomeWideSNP_6_F06_771634	16	15947726	18607357	1263	0.1066
DUNGS_p_TCGA_b84_115_SNP_N_GenomeWideSNP_6_F06_771634	16	18611693	18634733	6	-0.8241
DUNGS_p_TCGA_b84_115_SNP_N_GenomeWideSNP_6_F06_771634	16	18649611	18902176	101	0.0829
DUNGS_p_TCGA_b84_115_SNP_N_GenomeWideSNP_6_F06_771634	16	18902305	18907513	4	0.8387
DUNGS_p_TCGA_b84_115_SNP_N_GenomeWideSNP_6_F06_771634	16	18910682	19851864	588	0.0562
DUNGS_p_TCGA_b84_115_SNP_N_GenomeWideSNP_6_F06_771634	16	19853151	19873333	27	-0.702
DUNGS_p_TCGA_b84_115_SNP_N_GenomeWideSNP_6_F06_771634	16	19873376	21453782	920	0.0687
DUNGS_p_TCGA_b84_115_SNP_N_GenomeWideSNP_6_F06_771634	16	21471605	21535898	33	0.3501
DUNGS_p_TCGA_b84_115_SNP_N_GenomeWideSNP_6_F06_771634	16	21538199	21649686	75	0.0596
DUNGS_p_TCGA_b84_115_SNP_N_GenomeWideSNP_6_F06_771634	16	21650043	21746841	20	0.548
DUNGS_p_TCGA_b84_115_SNP_N_GenomeWideSNP_6_F06_771634	16	21853559	22336146	247	0.135
DUNGS_p_TCGA_b84_115_SNP_N_GenomeWideSNP_6_F06_771634	16	22338871	22485091	8	0.8391
DUNGS_p_TCGA_b84_115_SNP_N_GenomeWideSNP_6_F06_771634	16	22485104	54354095	12481	-0.0471
DUNGS_p_TCGA_b84_115_SNP_N_GenomeWideSNP_6_F06_771634	16	54355723	54356280	3	2.3045
DUNGS_p_TCGA_b84_115_SNP_N_GenomeWideSNP_6_F06_771634	16	54361849	54366967	7	0.3469
DUNGS_p_TCGA_b84_115_SNP_N_GenomeWideSNP_6_F06_771634	16	54367522	69439485	9082	-0.1561
DUNGS_p_TCGA_b84_115_SNP_N_GenomeWideSNP_6_F06_771634	16	69441027	69469260	29	0.1083
DUNGS_p_TCGA_b84_115_SNP_N_GenomeWideSNP_6_F06_771634	16	69470111	69471152	2	-1.4856
DUNGS_p_TCGA_b84_115_SNP_N_GenomeWideSNP_6_F06_771634	16	69472111	76929109	5416	-0.1447
DUNGS_p_TCGA_b84_115_SNP_N_GenomeWideSNP_6_F06_771634	16	76929941	76940641	15	-2.1293
DUNGS_p_TCGA_b84_115_SNP_N_GenomeWideSNP_6_F06_771634	16	76942239	88815036	10652	-0.1562
DUNGS_p_TCGA_b84_115_SNP_N_GenomeWideSNP_6_F06_771634	17	526	9913434	5796	-0.1816
DUNGS_p_TCGA_b84_115_SNP_N_GenomeWideSNP_6_F06_771634	17	9917302	9920564	3	1.0577
DUNGS_p_TCGA_b84_115_SNP_N_GenomeWideSNP_6_F06_771634	17	9921654	10254416	278	-0.2488
DUNGS_p_TCGA_b84_115_SNP_N_GenomeWideSNP_6_F06_771634	17	10256197	11188751	678	0.322
DUNGS_p_TCGA_b84_115_SNP_N_GenomeWideSNP_6_F06_771634	17	11188789	11189096	2	-0.8234
DUNGS_p_TCGA_b84_115_SNP_N_GenomeWideSNP_6_F06_771634	17	11196805	11283786	96	0.3353
DUNGS_p_TCGA_b84_115_SNP_N_GenomeWideSNP_6_F06_771634	17	11286850	11289191	3	1.1062
DUNGS_p_TCGA_b84_115_SNP_N_GenomeWideSNP_6_F06_771634	17	11289350	11868155	398	0.367
DUNGS_p_TCGA_b84_115_SNP_N_GenomeWideSNP_6_F06_771634	17	11868951	17401093	3728	0.0433
DUNGS_p_TCGA_b84_115_SNP_N_GenomeWideSNP_6_F06_771634	17	17401399	17404739	3	0.8884
DUNGS_p_TCGA_b84_115_SNP_N_GenomeWideSNP_6_F06_771634	17	17406939	18223934	443	0.0169
DUNGS_p_TCGA_b84_115_SNP_N_GenomeWideSNP_6_F06_771634	17	18224022	18224438	7	0.5466
DUNGS_p_TCGA_b84_115_SNP_N_GenomeWideSNP_6_F06_771634	17	18229719	18299674	19	0.1198
DUNGS_p_TCGA_b84_115_SNP_N_GenomeWideSNP_6_F06_771634	17	18302411	18381685	18	0.7333
DUNGS_p_TCGA_b84_115_SNP_N_GenomeWideSNP_6_F06_771634	17	18382033	18891592	182	0.0527
DUNGS_p_TCGA_b84_115_SNP_N_GenomeWideSNP_6_F06_771634	17	18905947	19089956	15	0.5713
DUNGS_p_TCGA_b84_115_SNP_N_GenomeWideSNP_6_F06_771634	17	19092695	20310045	631	0.0301
DUNGS_p_TCGA_b84_115_SNP_N_GenomeWideSNP_6_F06_771634	17	20311088	20326447	7	0.7553
DUNGS_p_TCGA_b84_115_SNP_N_GenomeWideSNP_6_F06_771634	17	20332671	21250022	390	0.0306
DUNGS_p_TCGA_b84_115_SNP_N_GenomeWideSNP_6_F06_771634	17	21252241	21271209	4	0.6632
DUNGS_p_TCGA_b84_115_SNP_N_GenomeWideSNP_6_F06_771634	17	21274753	21796177	172	0.1775
DUNGS_p_TCGA_b84_115_SNP_N_GenomeWideSNP_6_F06_771634	17	21796834	21825882	15	0.5831
DUNGS_p_TCGA_b84_115_SNP_N_GenomeWideSNP_6_F06_771634	17	21833965	29927988	4583	0.0253
DUNGS_p_TCGA_b84_115_SNP_N_GenomeWideSNP_6_F06_771634	17	29928593	29935304	3	-1.2446
DUNGS_p_TCGA_b84_115_SNP_N_GenomeWideSNP_6_F06_771634	17	29935944	31509204	968	0.0207
DUNGS_p_TCGA_b84_115_SNP_N_GenomeWideSNP_6_F06_771634	17	31552238	31997139	96	0.2458
DUNGS_p_TCGA_b84_115_SNP_N_GenomeWideSNP_6_F06_771634	17	31997155	33310452	892	0.005
DUNGS_p_TCGA_b84_115_SNP_N_GenomeWideSNP_6_F06_771634	17	33316961	33734136	28	0.4073
DUNGS_p_TCGA_b84_115_SNP_N_GenomeWideSNP_6_F06_771634	17	33741930	34349861	305	0.1204
DUNGS_p_TCGA_b84_115_SNP_N_GenomeWideSNP_6_F06_771634	17	34352590	35102071	317	0.3603
DUNGS_p_TCGA_b84_115_SNP_N_GenomeWideSNP_6_F06_771634	17	35102129	35105170	8	1.1497
DUNGS_p_TCGA_b84_115_SNP_N_GenomeWideSNP_6_F06_771634	17	35105367	35136481	68	0.4149
DUNGS_p_TCGA_b84_115_SNP_N_GenomeWideSNP_6_F06_771634	17	35136518	36676616	838	0.0537
DUNGS_p_TCGA_b84_115_SNP_N_GenomeWideSNP_6_F06_771634	17	36676629	36684057	19	-0.901
DUNGS_p_TCGA_b84_115_SNP_N_GenomeWideSNP_6_F06_771634	17	36686250	36686792	9	0.3401
DUNGS_p_TCGA_b84_115_SNP_N_GenomeWideSNP_6_F06_771634	17	36686838	36764438	66	1e-04
DUNGS_p_TCGA_b84_115_SNP_N_GenomeWideSNP_6_F06_771634	17	36766982	36779946	31	0.3587
DUNGS_p_TCGA_b84_115_SNP_N_GenomeWideSNP_6_F06_771634	17	36780086	38522476	954	0.0157
DUNGS_p_TCGA_b84_115_SNP_N_GenomeWideSNP_6_F06_771634	17	38522779	38523776	8	0.6095
DUNGS_p_TCGA_b84_115_SNP_N_GenomeWideSNP_6_F06_771634	17	38523868	38787791	42	-0.0308
DUNGS_p_TCGA_b84_115_SNP_N_GenomeWideSNP_6_F06_771634	17	38794116	38795447	3	-1.2733
DUNGS_p_TCGA_b84_115_SNP_N_GenomeWideSNP_6_F06_771634	17	38799230	41500209	1384	0.0203
DUNGS_p_TCGA_b84_115_SNP_N_GenomeWideSNP_6_F06_771634	17	41501423	42107462	188	0.3789
DUNGS_p_TCGA_b84_115_SNP_N_GenomeWideSNP_6_F06_771634	17	42107479	51516008	5817	0.0195
DUNGS_p_TCGA_b84_115_SNP_N_GenomeWideSNP_6_F06_771634	17	51516050	51519934	10	-0.8104
DUNGS_p_TCGA_b84_115_SNP_N_GenomeWideSNP_6_F06_771634	17	51520028	51525743	11	-0.2189
DUNGS_p_TCGA_b84_115_SNP_N_GenomeWideSNP_6_F06_771634	17	51525758	53042488	1179	0.0141
DUNGS_p_TCGA_b84_115_SNP_N_GenomeWideSNP_6_F06_771634	17	53043332	53043992	2	-1.3035
DUNGS_p_TCGA_b84_115_SNP_N_GenomeWideSNP_6_F06_771634	17	53046992	72879732	11751	0.097
DUNGS_p_TCGA_b84_115_SNP_N_GenomeWideSNP_6_F06_771634	17	72882063	72883417	3	1.1105
DUNGS_p_TCGA_b84_115_SNP_N_GenomeWideSNP_6_F06_771634	17	72883569	73788078	524	0.0945
DUNGS_p_TCGA_b84_115_SNP_N_GenomeWideSNP_6_F06_771634	17	73792963	73798338	4	1.1005
DUNGS_p_TCGA_b84_115_SNP_N_GenomeWideSNP_6_F06_771634	17	73799603	74182633	252	0.1276
DUNGS_p_TCGA_b84_115_SNP_N_GenomeWideSNP_6_F06_771634	17	74184013	74185592	2	1.5266
DUNGS_p_TCGA_b84_115_SNP_N_GenomeWideSNP_6_F06_771634	17	74185828	78643088	2083	0.0852
DUNGS_p_TCGA_b84_115_SNP_N_GenomeWideSNP_6_F06_771634	18	1543	190576	48	-0.1737
DUNGS_p_TCGA_b84_115_SNP_N_GenomeWideSNP_6_F06_771634	18	194866	1614684	1070	0.1446
DUNGS_p_TCGA_b84_115_SNP_N_GenomeWideSNP_6_F06_771634	18	1625083	1629537	9	-1.311
DUNGS_p_TCGA_b84_115_SNP_N_GenomeWideSNP_6_F06_771634	18	1636207	1903316	196	0.0517
DUNGS_p_TCGA_b84_115_SNP_N_GenomeWideSNP_6_F06_771634	18	1904400	1906608	2	-1.1402
DUNGS_p_TCGA_b84_115_SNP_N_GenomeWideSNP_6_F06_771634	18	1910119	3161473	909	0.138
DUNGS_p_TCGA_b84_115_SNP_N_GenomeWideSNP_6_F06_771634	18	3166040	3174518	7	0.57
DUNGS_p_TCGA_b84_115_SNP_N_GenomeWideSNP_6_F06_771634	18	3178164	8555267	4016	0.2726
DUNGS_p_TCGA_b84_115_SNP_N_GenomeWideSNP_6_F06_771634	18	8556679	8747887	145	0.5288
DUNGS_p_TCGA_b84_115_SNP_N_GenomeWideSNP_6_F06_771634	18	8748973	13794043	3456	-0.0538
DUNGS_p_TCGA_b84_115_SNP_N_GenomeWideSNP_6_F06_771634	18	13794305	13794510	2	1.1985
DUNGS_p_TCGA_b84_115_SNP_N_GenomeWideSNP_6_F06_771634	18	13794678	14134900	228	-0.0581
DUNGS_p_TCGA_b84_115_SNP_N_GenomeWideSNP_6_F06_771634	18	14139483	14341375	50	0.1939
DUNGS_p_TCGA_b84_115_SNP_N_GenomeWideSNP_6_F06_771634	18	14341752	24440879	4983	-0.0458
DUNGS_p_TCGA_b84_115_SNP_N_GenomeWideSNP_6_F06_771634	18	24441487	24447534	12	-0.3565
DUNGS_p_TCGA_b84_115_SNP_N_GenomeWideSNP_6_F06_771634	18	24449765	24450128	4	-1.7327
DUNGS_p_TCGA_b84_115_SNP_N_GenomeWideSNP_6_F06_771634	18	24450630	25159312	429	-0.0654
DUNGS_p_TCGA_b84_115_SNP_N_GenomeWideSNP_6_F06_771634	18	25161898	25161910	2	0.8279
DUNGS_p_TCGA_b84_115_SNP_N_GenomeWideSNP_6_F06_771634	18	25162495	31087782	3728	-0.0608
DUNGS_p_TCGA_b84_115_SNP_N_GenomeWideSNP_6_F06_771634	18	31088093	32274907	742	0.2323
DUNGS_p_TCGA_b84_115_SNP_N_GenomeWideSNP_6_F06_771634	18	32275026	35218493	2011	-0.0558
DUNGS_p_TCGA_b84_115_SNP_N_GenomeWideSNP_6_F06_771634	18	35219982	35220474	3	-1.1184
DUNGS_p_TCGA_b84_115_SNP_N_GenomeWideSNP_6_F06_771634	18	35220609	36512725	813	-0.0662
DUNGS_p_TCGA_b84_115_SNP_N_GenomeWideSNP_6_F06_771634	18	36514418	36519387	19	0.4688
DUNGS_p_TCGA_b84_115_SNP_N_GenomeWideSNP_6_F06_771634	18	36522022	36925992	250	-0.0576
DUNGS_p_TCGA_b84_115_SNP_N_GenomeWideSNP_6_F06_771634	18	36926284	36926763	8	0.5342
DUNGS_p_TCGA_b84_115_SNP_N_GenomeWideSNP_6_F06_771634	18	36926793	38165021	846	-0.0555
DUNGS_p_TCGA_b84_115_SNP_N_GenomeWideSNP_6_F06_771634	18	38165901	38182603	10	0.4491
DUNGS_p_TCGA_b84_115_SNP_N_GenomeWideSNP_6_F06_771634	18	38183491	59028741	14346	-0.0473
DUNGS_p_TCGA_b84_115_SNP_N_GenomeWideSNP_6_F06_771634	18	59029609	59030779	4	-1.5007
DUNGS_p_TCGA_b84_115_SNP_N_GenomeWideSNP_6_F06_771634	18	59031276	60237511	956	-0.0505
DUNGS_p_TCGA_b84_115_SNP_N_GenomeWideSNP_6_F06_771634	18	60239781	60244460	4	0.8371
DUNGS_p_TCGA_b84_115_SNP_N_GenomeWideSNP_6_F06_771634	18	60252055	61878525	1107	-0.0504
DUNGS_p_TCGA_b84_115_SNP_N_GenomeWideSNP_6_F06_771634	18	61878579	61878834	6	-0.8292
DUNGS_p_TCGA_b84_115_SNP_N_GenomeWideSNP_6_F06_771634	18	61878869	62057846	152	-0.0618
DUNGS_p_TCGA_b84_115_SNP_N_GenomeWideSNP_6_F06_771634	18	62058414	62062569	10	-1.1837
DUNGS_p_TCGA_b84_115_SNP_N_GenomeWideSNP_6_F06_771634	18	62062856	63101073	654	-0.0533
DUNGS_p_TCGA_b84_115_SNP_N_GenomeWideSNP_6_F06_771634	18	63101101	63104629	9	0.3515
DUNGS_p_TCGA_b84_115_SNP_N_GenomeWideSNP_6_F06_771634	18	63110187	63118245	21	-0.8013
DUNGS_p_TCGA_b84_115_SNP_N_GenomeWideSNP_6_F06_771634	18	63118698	69099314	4465	-0.0585
DUNGS_p_TCGA_b84_115_SNP_N_GenomeWideSNP_6_F06_771634	18	69099329	69101276	16	0.4208
DUNGS_p_TCGA_b84_115_SNP_N_GenomeWideSNP_6_F06_771634	18	69101835	75367515	4742	-0.0636
DUNGS_p_TCGA_b84_115_SNP_N_GenomeWideSNP_6_F06_771634	18	75367745	75389443	7	0.6547
DUNGS_p_TCGA_b84_115_SNP_N_GenomeWideSNP_6_F06_771634	18	75389520	76116029	372	0.0011
DUNGS_p_TCGA_b84_115_SNP_N_GenomeWideSNP_6_F06_771634	19	41910	5457457	1599	-0.0933
DUNGS_p_TCGA_b84_115_SNP_N_GenomeWideSNP_6_F06_771634	19	5457659	5461653	4	-1.4491
DUNGS_p_TCGA_b84_115_SNP_N_GenomeWideSNP_6_F06_771634	19	5461700	8240939	1334	-0.1027
DUNGS_p_TCGA_b84_115_SNP_N_GenomeWideSNP_6_F06_771634	19	8256197	8257971	6	0.7203
DUNGS_p_TCGA_b84_115_SNP_N_GenomeWideSNP_6_F06_771634	19	8257988	15237832	3451	-0.0945
DUNGS_p_TCGA_b84_115_SNP_N_GenomeWideSNP_6_F06_771634	19	15238603	15694724	283	0.3181
DUNGS_p_TCGA_b84_115_SNP_N_GenomeWideSNP_6_F06_771634	19	15694923	15694958	2	-0.6855
DUNGS_p_TCGA_b84_115_SNP_N_GenomeWideSNP_6_F06_771634	19	15696740	24148147	4527	0.1757
DUNGS_p_TCGA_b84_115_SNP_N_GenomeWideSNP_6_F06_771634	19	24149151	24256797	50	0.4101
DUNGS_p_TCGA_b84_115_SNP_N_GenomeWideSNP_6_F06_771634	19	24279522	24299012	13	-0.0812
DUNGS_p_TCGA_b84_115_SNP_N_GenomeWideSNP_6_F06_771634	19	24374417	40547289	5573	0.2071
DUNGS_p_TCGA_b84_115_SNP_N_GenomeWideSNP_6_F06_771634	19	40547883	40553688	19	-0.3031
DUNGS_p_TCGA_b84_115_SNP_N_GenomeWideSNP_6_F06_771634	19	40558584	46030675	2792	0.1964
DUNGS_p_TCGA_b84_115_SNP_N_GenomeWideSNP_6_F06_771634	19	46031709	46036998	2	-0.9908
DUNGS_p_TCGA_b84_115_SNP_N_GenomeWideSNP_6_F06_771634	19	46040709	55947123	4731	0.2063
DUNGS_p_TCGA_b84_115_SNP_N_GenomeWideSNP_6_F06_771634	19	55949062	55957851	5	-0.8867
DUNGS_p_TCGA_b84_115_SNP_N_GenomeWideSNP_6_F06_771634	19	55958964	56823448	584	0.2096
DUNGS_p_TCGA_b84_115_SNP_N_GenomeWideSNP_6_F06_771634	19	56823545	56849227	21	0.6221
DUNGS_p_TCGA_b84_115_SNP_N_GenomeWideSNP_6_F06_771634	19	56849249	59410780	1746	0.2151
DUNGS_p_TCGA_b84_115_SNP_N_GenomeWideSNP_6_F06_771634	19	59410817	59445152	20	0.7164
DUNGS_p_TCGA_b84_115_SNP_N_GenomeWideSNP_6_F06_771634	19	59445289	62166718	1615	0.2956
DUNGS_p_TCGA_b84_115_SNP_N_GenomeWideSNP_6_F06_771634	19	62169083	62171294	5	-0.9828
DUNGS_p_TCGA_b84_115_SNP_N_GenomeWideSNP_6_F06_771634	19	62173404	63089483	609	0.3022
DUNGS_p_TCGA_b84_115_SNP_N_GenomeWideSNP_6_F06_771634	19	63090768	63775167	378	0.0023
DUNGS_p_TCGA_b84_115_SNP_N_GenomeWideSNP_6_F06_771634	19	63776713	63789666	8	-0.538
DUNGS_p_TCGA_b84_115_SNP_N_GenomeWideSNP_6_F06_771634	20	9305	9675	10	0.5787
DUNGS_p_TCGA_b84_115_SNP_N_GenomeWideSNP_6_F06_771634	20	9690	215325	155	0.175
DUNGS_p_TCGA_b84_115_SNP_N_GenomeWideSNP_6_F06_771634	20	217006	217703	3	-0.8343
DUNGS_p_TCGA_b84_115_SNP_N_GenomeWideSNP_6_F06_771634	20	219037	1508951	1038	0.1223
DUNGS_p_TCGA_b84_115_SNP_N_GenomeWideSNP_6_F06_771634	20	1508999	1538534	40	1.2923
DUNGS_p_TCGA_b84_115_SNP_N_GenomeWideSNP_6_F06_771634	20	1541849	3307303	1328	0.0733
DUNGS_p_TCGA_b84_115_SNP_N_GenomeWideSNP_6_F06_771634	20	3307655	3308392	2	-1.2274
DUNGS_p_TCGA_b84_115_SNP_N_GenomeWideSNP_6_F06_771634	20	3310525	12837747	7396	0.1041
DUNGS_p_TCGA_b84_115_SNP_N_GenomeWideSNP_6_F06_771634	20	12837863	12837864	2	1.7311
DUNGS_p_TCGA_b84_115_SNP_N_GenomeWideSNP_6_F06_771634	20	12838043	14740812	1218	0.0986
DUNGS_p_TCGA_b84_115_SNP_N_GenomeWideSNP_6_F06_771634	20	14740834	14740838	2	-1.2883
DUNGS_p_TCGA_b84_115_SNP_N_GenomeWideSNP_6_F06_771634	20	14741415	15092268	346	0.1195
DUNGS_p_TCGA_b84_115_SNP_N_GenomeWideSNP_6_F06_771634	20	15092676	15092763	2	1.3062
DUNGS_p_TCGA_b84_115_SNP_N_GenomeWideSNP_6_F06_771634	20	15098730	38637691	13822	0.1491
DUNGS_p_TCGA_b84_115_SNP_N_GenomeWideSNP_6_F06_771634	20	38641593	38643898	3	-0.5812
DUNGS_p_TCGA_b84_115_SNP_N_GenomeWideSNP_6_F06_771634	20	38646897	39386153	475	0.3135
DUNGS_p_TCGA_b84_115_SNP_N_GenomeWideSNP_6_F06_771634	20	39388906	50237167	7788	-0.0093
DUNGS_p_TCGA_b84_115_SNP_N_GenomeWideSNP_6_F06_771634	20	50245500	60557354	8171	0.3859
DUNGS_p_TCGA_b84_115_SNP_N_GenomeWideSNP_6_F06_771634	20	60562767	62426597	730	0.792
DUNGS_p_TCGA_b84_115_SNP_N_GenomeWideSNP_6_F06_771634	21	9758742	13375624	132	0.3126
DUNGS_p_TCGA_b84_115_SNP_N_GenomeWideSNP_6_F06_771634	21	13378287	13613183	97	-0.4882
DUNGS_p_TCGA_b84_115_SNP_N_GenomeWideSNP_6_F06_771634	21	13613507	14009824	170	-0.7701
DUNGS_p_TCGA_b84_115_SNP_N_GenomeWideSNP_6_F06_771634	21	14009905	14022175	13	0.0285
DUNGS_p_TCGA_b84_115_SNP_N_GenomeWideSNP_6_F06_771634	21	14022186	14066363	17	-0.5968
DUNGS_p_TCGA_b84_115_SNP_N_GenomeWideSNP_6_F06_771634	21	14069323	14143685	25	0.3155
DUNGS_p_TCGA_b84_115_SNP_N_GenomeWideSNP_6_F06_771634	21	14144743	14207324	4	-0.6955
DUNGS_p_TCGA_b84_115_SNP_N_GenomeWideSNP_6_F06_771634	21	14207725	18549169	2956	0.1233
DUNGS_p_TCGA_b84_115_SNP_N_GenomeWideSNP_6_F06_771634	21	18551031	18551101	2	1.3661
DUNGS_p_TCGA_b84_115_SNP_N_GenomeWideSNP_6_F06_771634	21	18551465	22573005	3059	0.108
DUNGS_p_TCGA_b84_115_SNP_N_GenomeWideSNP_6_F06_771634	21	22577771	22586529	9	-0.7857
DUNGS_p_TCGA_b84_115_SNP_N_GenomeWideSNP_6_F06_771634	21	22588870	36471986	10266	0.1265
DUNGS_p_TCGA_b84_115_SNP_N_GenomeWideSNP_6_F06_771634	21	36472166	36475859	5	0.9059
DUNGS_p_TCGA_b84_115_SNP_N_GenomeWideSNP_6_F06_771634	21	36476211	37558144	664	0.1092
DUNGS_p_TCGA_b84_115_SNP_N_GenomeWideSNP_6_F06_771634	21	37559595	43634047	5139	-0.123
DUNGS_p_TCGA_b84_115_SNP_N_GenomeWideSNP_6_F06_771634	21	43634605	43661787	22	0.4978
DUNGS_p_TCGA_b84_115_SNP_N_GenomeWideSNP_6_F06_771634	21	43666240	46921385	1854	-0.135
DUNGS_p_TCGA_b84_115_SNP_N_GenomeWideSNP_6_F06_771634	22	14432528	14532033	17	-0.8771
DUNGS_p_TCGA_b84_115_SNP_N_GenomeWideSNP_6_F06_771634	22	14532061	14628706	22	-0.2246
DUNGS_p_TCGA_b84_115_SNP_N_GenomeWideSNP_6_F06_771634	22	14661201	14790795	21	-1.1054
DUNGS_p_TCGA_b84_115_SNP_N_GenomeWideSNP_6_F06_771634	22	14805145	17004771	1131	0.0333
DUNGS_p_TCGA_b84_115_SNP_N_GenomeWideSNP_6_F06_771634	22	17006129	17009153	8	-1.065
DUNGS_p_TCGA_b84_115_SNP_N_GenomeWideSNP_6_F06_771634	22	17010060	20798619	2103	0.1156
DUNGS_p_TCGA_b84_115_SNP_N_GenomeWideSNP_6_F06_771634	22	20803918	20804613	6	-2.0929
DUNGS_p_TCGA_b84_115_SNP_N_GenomeWideSNP_6_F06_771634	22	20811498	34903263	10584	0.0262
DUNGS_p_TCGA_b84_115_SNP_N_GenomeWideSNP_6_F06_771634	22	34903876	34912508	10	0.5814
DUNGS_p_TCGA_b84_115_SNP_N_GenomeWideSNP_6_F06_771634	22	34914659	34944256	26	0.0259
DUNGS_p_TCGA_b84_115_SNP_N_GenomeWideSNP_6_F06_771634	22	34951655	34952768	3	-0.8347
DUNGS_p_TCGA_b84_115_SNP_N_GenomeWideSNP_6_F06_771634	22	34956013	37658664	1573	0.003
DUNGS_p_TCGA_b84_115_SNP_N_GenomeWideSNP_6_F06_771634	22	37659539	37668087	10	-0.4888
DUNGS_p_TCGA_b84_115_SNP_N_GenomeWideSNP_6_F06_771634	22	37671438	37701848	32	0.1173
DUNGS_p_TCGA_b84_115_SNP_N_GenomeWideSNP_6_F06_771634	22	37704323	37725244	11	0.4871
DUNGS_p_TCGA_b84_115_SNP_N_GenomeWideSNP_6_F06_771634	22	37725327	37938139	86	0.0051
DUNGS_p_TCGA_b84_115_SNP_N_GenomeWideSNP_6_F06_771634	22	37938679	37953998	10	0.4985
DUNGS_p_TCGA_b84_115_SNP_N_GenomeWideSNP_6_F06_771634	22	37954885	40629873	1477	-0.0133
DUNGS_p_TCGA_b84_115_SNP_N_GenomeWideSNP_6_F06_771634	22	40644359	40683669	20	0.4195
DUNGS_p_TCGA_b84_115_SNP_N_GenomeWideSNP_6_F06_771634	22	40685606	41219617	291	0.022
DUNGS_p_TCGA_b84_115_SNP_N_GenomeWideSNP_6_F06_771634	22	41220689	41222540	5	0.7657
DUNGS_p_TCGA_b84_115_SNP_N_GenomeWideSNP_6_F06_771634	22	41227226	43509065	1657	-0.0086
DUNGS_p_TCGA_b84_115_SNP_N_GenomeWideSNP_6_F06_771634	22	43509130	43525479	8	0.5667
DUNGS_p_TCGA_b84_115_SNP_N_GenomeWideSNP_6_F06_771634	22	43528867	47889947	3459	0.003
DUNGS_p_TCGA_b84_115_SNP_N_GenomeWideSNP_6_F06_771634	22	47890260	47890711	3	1.1609
DUNGS_p_TCGA_b84_115_SNP_N_GenomeWideSNP_6_F06_771634	22	47891009	49374459	903	0.0528
DUNGS_p_TCGA_b84_115_SNP_N_GenomeWideSNP_6_F06_771634	22	49374509	49374751	2	1.7969
DUNGS_p_TCGA_b84_115_SNP_N_GenomeWideSNP_6_F06_771634	22	49377615	49581321	105	0.1397
DUNGS_p_TCGA_b84_115_SNP_N_GenomeWideSNP_6_F06_771634	X	108477	4686159	1508	-0.0361
DUNGS_p_TCGA_b84_115_SNP_N_GenomeWideSNP_6_F06_771634	X	4686515	4687567	4	-1.3781
DUNGS_p_TCGA_b84_115_SNP_N_GenomeWideSNP_6_F06_771634	X	4687732	6596217	1599	-0.0424
DUNGS_p_TCGA_b84_115_SNP_N_GenomeWideSNP_6_F06_771634	X	6598631	6599515	2	-1.9372
DUNGS_p_TCGA_b84_115_SNP_N_GenomeWideSNP_6_F06_771634	X	6599969	9494582	2169	-0.0133
DUNGS_p_TCGA_b84_115_SNP_N_GenomeWideSNP_6_F06_771634	X	9494854	9496162	2	-1.8114
DUNGS_p_TCGA_b84_115_SNP_N_GenomeWideSNP_6_F06_771634	X	9496854	15637161	4442	-0.0031
DUNGS_p_TCGA_b84_115_SNP_N_GenomeWideSNP_6_F06_771634	X	15637898	15641261	3	-1.9652
DUNGS_p_TCGA_b84_115_SNP_N_GenomeWideSNP_6_F06_771634	X	15644806	24505335	5336	-0.0244
DUNGS_p_TCGA_b84_115_SNP_N_GenomeWideSNP_6_F06_771634	X	24505562	24505668	3	1.292
DUNGS_p_TCGA_b84_115_SNP_N_GenomeWideSNP_6_F06_771634	X	24507870	28194922	2295	-0.0256
DUNGS_p_TCGA_b84_115_SNP_N_GenomeWideSNP_6_F06_771634	X	28196434	28197327	3	1.0777
DUNGS_p_TCGA_b84_115_SNP_N_GenomeWideSNP_6_F06_771634	X	28199028	29092123	550	-0.0178
DUNGS_p_TCGA_b84_115_SNP_N_GenomeWideSNP_6_F06_771634	X	29092204	29092234	3	-1.319
DUNGS_p_TCGA_b84_115_SNP_N_GenomeWideSNP_6_F06_771634	X	29092325	34496770	3826	-0.0393
DUNGS_p_TCGA_b84_115_SNP_N_GenomeWideSNP_6_F06_771634	X	34499522	34499821	2	1.9829
DUNGS_p_TCGA_b84_115_SNP_N_GenomeWideSNP_6_F06_771634	X	34505643	37685553	1780	-0.0143
DUNGS_p_TCGA_b84_115_SNP_N_GenomeWideSNP_6_F06_771634	X	37691366	37691397	2	-1.7255
DUNGS_p_TCGA_b84_115_SNP_N_GenomeWideSNP_6_F06_771634	X	37691412	43333222	3292	-0.0131
DUNGS_p_TCGA_b84_115_SNP_N_GenomeWideSNP_6_F06_771634	X	43337841	43344119	2	-3.1609
DUNGS_p_TCGA_b84_115_SNP_N_GenomeWideSNP_6_F06_771634	X	43346007	85788827	18321	0.0204
DUNGS_p_TCGA_b84_115_SNP_N_GenomeWideSNP_6_F06_771634	X	85794288	85794436	2	-3.899
DUNGS_p_TCGA_b84_115_SNP_N_GenomeWideSNP_6_F06_771634	X	85799136	145991841	34424	0.0299
DUNGS_p_TCGA_b84_115_SNP_N_GenomeWideSNP_6_F06_771634	X	145991875	145994523	13	0.6479
DUNGS_p_TCGA_b84_115_SNP_N_GenomeWideSNP_6_F06_771634	X	145995370	146542062	431	0.0453
DUNGS_p_TCGA_b84_115_SNP_N_GenomeWideSNP_6_F06_771634	X	146542089	146549025	2	-1.68
DUNGS_p_TCGA_b84_115_SNP_N_GenomeWideSNP_6_F06_771634	X	146549243	148696264	1391	0.0578
DUNGS_p_TCGA_b84_115_SNP_N_GenomeWideSNP_6_F06_771634	X	148696339	148696695	2	-1.9291
DUNGS_p_TCGA_b84_115_SNP_N_GenomeWideSNP_6_F06_771634	X	148696752	154582692	3248	0.0519
DUNGS_p_TCGA_b84_115_SNP_N_GenomeWideSNP_6_F06_771634	X	154617249	154835548	18	-0.1749
DUNGS_p_TCGA_b84_115_SNP_N_GenomeWideSNP_6_F06_771634	Y	2710438	8671794	2194	-1.3753
DUNGS_p_TCGA_b84_115_SNP_N_GenomeWideSNP_6_F06_771634	Y	8675140	8676189	2	1.0137
DUNGS_p_TCGA_b84_115_SNP_N_GenomeWideSNP_6_F06_771634	Y	8676436	27136450	6357	-1.4205
DUNGS_p_TCGA_b84_115_SNP_N_GenomeWideSNP_6_F06_771634	Y	27137074	27141310	2	0.6509
DUNGS_p_TCGA_b84_115_SNP_N_GenomeWideSNP_6_F06_771634	Y	27142489	57427647	35	-1.3385
