Sample	Chromosome	Start	End	Num_Probes	Segment_Mean
DUNGS_p_TCGA_b84_115_SNP_N_GenomeWideSNP_6_A01_771652	1	3208470	238145728	124748	-0.0322
DUNGS_p_TCGA_b84_115_SNP_N_GenomeWideSNP_6_A01_771652	1	238147730	238182010	27	-1.2368
DUNGS_p_TCGA_b84_115_SNP_N_GenomeWideSNP_6_A01_771652	1	238184344	245880329	4370	0.0783
DUNGS_p_TCGA_b84_115_SNP_N_GenomeWideSNP_6_A01_771652	2	474222	22472042	14125	0.0669
DUNGS_p_TCGA_b84_115_SNP_N_GenomeWideSNP_6_A01_771652	2	22474119	22474801	2	-1.1259
DUNGS_p_TCGA_b84_115_SNP_N_GenomeWideSNP_6_A01_771652	2	22475341	159413855	69634	0.0463
DUNGS_p_TCGA_b84_115_SNP_N_GenomeWideSNP_6_A01_771652	2	159418942	159434736	6	-0.7433
DUNGS_p_TCGA_b84_115_SNP_N_GenomeWideSNP_6_A01_771652	2	159438339	242124735	47602	-0.0134
DUNGS_p_TCGA_b84_115_SNP_N_GenomeWideSNP_6_A01_771652	3	526235	81354922	46604	-0.1127
DUNGS_p_TCGA_b84_115_SNP_N_GenomeWideSNP_6_A01_771652	3	81356674	81538347	106	0.114
DUNGS_p_TCGA_b84_115_SNP_N_GenomeWideSNP_6_A01_771652	3	81539322	112202684	13311	-0.1241
DUNGS_p_TCGA_b84_115_SNP_N_GenomeWideSNP_6_A01_771652	3	112206557	112211099	2	-1.3672
DUNGS_p_TCGA_b84_115_SNP_N_GenomeWideSNP_6_A01_771652	3	112214198	169710570	31232	-0.1282
DUNGS_p_TCGA_b84_115_SNP_N_GenomeWideSNP_6_A01_771652	3	169713168	171055890	839	0.2501
DUNGS_p_TCGA_b84_115_SNP_N_GenomeWideSNP_6_A01_771652	3	171059069	199023074	14340	-0.1264
DUNGS_p_TCGA_b84_115_SNP_N_GenomeWideSNP_6_A01_771652	4	1043934	22320054	13489	-0.0166
DUNGS_p_TCGA_b84_115_SNP_N_GenomeWideSNP_6_A01_771652	4	22320167	22320176	2	-1.3856
DUNGS_p_TCGA_b84_115_SNP_N_GenomeWideSNP_6_A01_771652	4	22324128	84133755	32216	-0.0809
DUNGS_p_TCGA_b84_115_SNP_N_GenomeWideSNP_6_A01_771652	4	84136390	84136490	2	-1.5356
DUNGS_p_TCGA_b84_115_SNP_N_GenomeWideSNP_6_A01_771652	4	84146013	189836143	57080	-0.1459
DUNGS_p_TCGA_b84_115_SNP_N_GenomeWideSNP_6_A01_771652	5	967233	63430870	33753	-0.0062
DUNGS_p_TCGA_b84_115_SNP_N_GenomeWideSNP_6_A01_771652	5	63431545	63445066	2	-1.229
DUNGS_p_TCGA_b84_115_SNP_N_GenomeWideSNP_6_A01_771652	5	63448248	83969979	11253	-0.0236
DUNGS_p_TCGA_b84_115_SNP_N_GenomeWideSNP_6_A01_771652	5	83970229	83971354	2	-1.4079
DUNGS_p_TCGA_b84_115_SNP_N_GenomeWideSNP_6_A01_771652	5	83971611	180293075	55543	-0.0221
DUNGS_p_TCGA_b84_115_SNP_N_GenomeWideSNP_6_A01_771652	6	959281	170745844	96530	-0.014
DUNGS_p_TCGA_b84_115_SNP_N_GenomeWideSNP_6_A01_771652	7	671810	12098488	4901	-0.0121
DUNGS_p_TCGA_b84_115_SNP_N_GenomeWideSNP_6_A01_771652	7	12098942	12220043	108	0.611
DUNGS_p_TCGA_b84_115_SNP_N_GenomeWideSNP_6_A01_771652	7	12221464	158077879	76353	-0.003
DUNGS_p_TCGA_b84_115_SNP_N_GenomeWideSNP_6_A01_771652	8	607667	47580110	24775	-0.0276
DUNGS_p_TCGA_b84_115_SNP_N_GenomeWideSNP_6_A01_771652	8	47583027	120748439	41457	0.3438
DUNGS_p_TCGA_b84_115_SNP_N_GenomeWideSNP_6_A01_771652	8	120750871	120750913	2	-0.854
DUNGS_p_TCGA_b84_115_SNP_N_GenomeWideSNP_6_A01_771652	8	120757827	123204230	1496	0.3866
DUNGS_p_TCGA_b84_115_SNP_N_GenomeWideSNP_6_A01_771652	8	123204602	123207837	3	-0.4336
DUNGS_p_TCGA_b84_115_SNP_N_GenomeWideSNP_6_A01_771652	8	123208549	129574694	4461	0.4032
DUNGS_p_TCGA_b84_115_SNP_N_GenomeWideSNP_6_A01_771652	8	129576119	129639181	55	0.8903
DUNGS_p_TCGA_b84_115_SNP_N_GenomeWideSNP_6_A01_771652	8	129639246	145304484	9325	0.5352
DUNGS_p_TCGA_b84_115_SNP_N_GenomeWideSNP_6_A01_771652	9	779932	34251918	20624	-0.23
DUNGS_p_TCGA_b84_115_SNP_N_GenomeWideSNP_6_A01_771652	9	34253965	37341348	1708	0.1097
DUNGS_p_TCGA_b84_115_SNP_N_GenomeWideSNP_6_A01_771652	9	37342290	38737064	1012	-0.2228
DUNGS_p_TCGA_b84_115_SNP_N_GenomeWideSNP_6_A01_771652	9	38737688	74701870	3222	0.1105
DUNGS_p_TCGA_b84_115_SNP_N_GenomeWideSNP_6_A01_771652	9	74701947	74702120	3	-0.8059
DUNGS_p_TCGA_b84_115_SNP_N_GenomeWideSNP_6_A01_771652	9	74703392	140058573	41477	-0.0218
DUNGS_p_TCGA_b84_115_SNP_N_GenomeWideSNP_6_A01_771652	10	405240	127314484	76553	0.068
DUNGS_p_TCGA_b84_115_SNP_N_GenomeWideSNP_6_A01_771652	10	127318981	127319669	3	-1.0179
DUNGS_p_TCGA_b84_115_SNP_N_GenomeWideSNP_6_A01_771652	10	127323637	135075077	4353	0.0581
DUNGS_p_TCGA_b84_115_SNP_N_GenomeWideSNP_6_A01_771652	11	446120	88103921	47670	0.1173
DUNGS_p_TCGA_b84_115_SNP_N_GenomeWideSNP_6_A01_771652	11	88104072	116415029	17765	-0.1249
DUNGS_p_TCGA_b84_115_SNP_N_GenomeWideSNP_6_A01_771652	11	116416175	116417754	2	-1.3414
DUNGS_p_TCGA_b84_115_SNP_N_GenomeWideSNP_6_A01_771652	11	116418214	120709006	2932	-0.1297
DUNGS_p_TCGA_b84_115_SNP_N_GenomeWideSNP_6_A01_771652	11	120709384	120732596	23	0.2382
DUNGS_p_TCGA_b84_115_SNP_N_GenomeWideSNP_6_A01_771652	11	120735218	124758838	2891	-0.1331
DUNGS_p_TCGA_b84_115_SNP_N_GenomeWideSNP_6_A01_771652	11	124759000	124762356	4	-0.8272
DUNGS_p_TCGA_b84_115_SNP_N_GenomeWideSNP_6_A01_771652	11	124762571	133647740	6013	-0.1423
DUNGS_p_TCGA_b84_115_SNP_N_GenomeWideSNP_6_A01_771652	12	760163	2409568	635	0.0857
DUNGS_p_TCGA_b84_115_SNP_N_GenomeWideSNP_6_A01_771652	12	2411269	2411394	2	1.0177
DUNGS_p_TCGA_b84_115_SNP_N_GenomeWideSNP_6_A01_771652	12	2414385	131671419	73347	0.0759
DUNGS_p_TCGA_b84_115_SNP_N_GenomeWideSNP_6_A01_771652	13	18348806	114005560	56681	-0.013
DUNGS_p_TCGA_b84_115_SNP_N_GenomeWideSNP_6_A01_771652	14	19571208	98709864	46563	-0.0184
DUNGS_p_TCGA_b84_115_SNP_N_GenomeWideSNP_6_A01_771652	14	98712539	98712725	2	-1.2979
DUNGS_p_TCGA_b84_115_SNP_N_GenomeWideSNP_6_A01_771652	14	98713688	105059083	2908	-0.0265
DUNGS_p_TCGA_b84_115_SNP_N_GenomeWideSNP_6_A01_771652	15	21238778	38635643	8588	0.0653
DUNGS_p_TCGA_b84_115_SNP_N_GenomeWideSNP_6_A01_771652	15	38636990	38637120	2	-1.1713
DUNGS_p_TCGA_b84_115_SNP_N_GenomeWideSNP_6_A01_771652	15	38639047	99701830	35963	0.0727
DUNGS_p_TCGA_b84_115_SNP_N_GenomeWideSNP_6_A01_771652	16	593460	87907437	40882	0.0634
DUNGS_p_TCGA_b84_115_SNP_N_GenomeWideSNP_6_A01_771652	17	933971	28717960	12718	-0.1004
DUNGS_p_TCGA_b84_115_SNP_N_GenomeWideSNP_6_A01_771652	17	28719887	28721331	3	0.8914
DUNGS_p_TCGA_b84_115_SNP_N_GenomeWideSNP_6_A01_771652	17	28721903	78510305	24283	0.0116
DUNGS_p_TCGA_b84_115_SNP_N_GenomeWideSNP_6_A01_771652	18	319586	75210228	42689	-0.0012
DUNGS_p_TCGA_b84_115_SNP_N_GenomeWideSNP_6_A01_771652	19	235018	11024689	3732	-0.1199
DUNGS_p_TCGA_b84_115_SNP_N_GenomeWideSNP_6_A01_771652	19	11029662	11030052	2	-1.4705
DUNGS_p_TCGA_b84_115_SNP_N_GenomeWideSNP_6_A01_771652	19	11038408	14766086	1523	-0.1171
DUNGS_p_TCGA_b84_115_SNP_N_GenomeWideSNP_6_A01_771652	19	14766520	14768680	2	0.9052
DUNGS_p_TCGA_b84_115_SNP_N_GenomeWideSNP_6_A01_771652	19	14768953	40372030	8896	0.0294
DUNGS_p_TCGA_b84_115_SNP_N_GenomeWideSNP_6_A01_771652	19	40372147	40376924	4	-0.5072
DUNGS_p_TCGA_b84_115_SNP_N_GenomeWideSNP_6_A01_771652	19	40376955	47905699	3470	0.2278
DUNGS_p_TCGA_b84_115_SNP_N_GenomeWideSNP_6_A01_771652	19	47907168	49160452	322	-0.1029
DUNGS_p_TCGA_b84_115_SNP_N_GenomeWideSNP_6_A01_771652	19	49160763	49181882	19	0.2761
DUNGS_p_TCGA_b84_115_SNP_N_GenomeWideSNP_6_A01_771652	19	49181943	49187075	18	-0.0852
DUNGS_p_TCGA_b84_115_SNP_N_GenomeWideSNP_6_A01_771652	19	49190992	51700261	1153	0.253
DUNGS_p_TCGA_b84_115_SNP_N_GenomeWideSNP_6_A01_771652	19	51703586	63570038	4821	-0.0929
DUNGS_p_TCGA_b84_115_SNP_N_GenomeWideSNP_6_A01_771652	20	403764	61690281	37298	0.055
DUNGS_p_TCGA_b84_115_SNP_N_GenomeWideSNP_6_A01_771652	21	14269492	46503202	20594	-0.085
DUNGS_p_TCGA_b84_115_SNP_N_GenomeWideSNP_6_A01_771652	22	15803930	31912803	6991	-0.1228
DUNGS_p_TCGA_b84_115_SNP_N_GenomeWideSNP_6_A01_771652	22	31913233	31913237	2	-1.8846
DUNGS_p_TCGA_b84_115_SNP_N_GenomeWideSNP_6_A01_771652	22	31916339	47717016	9945	-0.1232
DUNGS_p_TCGA_b84_115_SNP_N_GenomeWideSNP_6_A01_771652	X	3167107	80077977	30563	0.0079
DUNGS_p_TCGA_b84_115_SNP_N_GenomeWideSNP_6_A01_771652	X	80078639	80078646	2	-1.9799
DUNGS_p_TCGA_b84_115_SNP_N_GenomeWideSNP_6_A01_771652	X	80084519	143877485	28487	0.0081
DUNGS_p_TCGA_b84_115_SNP_N_GenomeWideSNP_6_A01_771652	X	143879726	143882203	2	-1.4087
DUNGS_p_TCGA_b84_115_SNP_N_GenomeWideSNP_6_A01_771652	X	143883734	154558783	4751	7e-04
