Sample	Chromosome	Start	End	Num_Probes	Segment_Mean
DUNGS_p_TCGA_b84_115_SNP_N_GenomeWideSNP_6_C05_771576	1	51598	16782196	8743	0.007
DUNGS_p_TCGA_b84_115_SNP_N_GenomeWideSNP_6_C05_771576	1	16794306	16955178	76	0.4386
DUNGS_p_TCGA_b84_115_SNP_N_GenomeWideSNP_6_C05_771576	1	16959879	17062591	20	0.0527
DUNGS_p_TCGA_b84_115_SNP_N_GenomeWideSNP_6_C05_771576	1	17063449	17134834	62	-0.5803
DUNGS_p_TCGA_b84_115_SNP_N_GenomeWideSNP_6_C05_771576	1	17148828	25202339	5083	0.0017
DUNGS_p_TCGA_b84_115_SNP_N_GenomeWideSNP_6_C05_771576	1	25202365	25202578	2	-1.1324
DUNGS_p_TCGA_b84_115_SNP_N_GenomeWideSNP_6_C05_771576	1	25204172	25455928	192	0.0488
DUNGS_p_TCGA_b84_115_SNP_N_GenomeWideSNP_6_C05_771576	1	25465715	25519331	26	-0.4822
DUNGS_p_TCGA_b84_115_SNP_N_GenomeWideSNP_6_C05_771576	1	25519533	72535958	28798	0.0085
DUNGS_p_TCGA_b84_115_SNP_N_GenomeWideSNP_6_C05_771576	1	72541006	72583736	48	-1.3359
DUNGS_p_TCGA_b84_115_SNP_N_GenomeWideSNP_6_C05_771576	1	72584492	74963370	1448	0.0115
DUNGS_p_TCGA_b84_115_SNP_N_GenomeWideSNP_6_C05_771576	1	74965623	74971878	3	0.9099
DUNGS_p_TCGA_b84_115_SNP_N_GenomeWideSNP_6_C05_771576	1	74972372	75823432	482	0.0317
DUNGS_p_TCGA_b84_115_SNP_N_GenomeWideSNP_6_C05_771576	1	75827351	75827442	2	1.1443
DUNGS_p_TCGA_b84_115_SNP_N_GenomeWideSNP_6_C05_771576	1	75832097	81661044	3858	0.0101
DUNGS_p_TCGA_b84_115_SNP_N_GenomeWideSNP_6_C05_771576	1	81661190	81661255	3	1.1127
DUNGS_p_TCGA_b84_115_SNP_N_GenomeWideSNP_6_C05_771576	1	81661269	103958840	14315	0.0064
DUNGS_p_TCGA_b84_115_SNP_N_GenomeWideSNP_6_C05_771576	1	103958859	104058504	24	0.3858
DUNGS_p_TCGA_b84_115_SNP_N_GenomeWideSNP_6_C05_771576	1	104058619	105820728	928	0.0103
DUNGS_p_TCGA_b84_115_SNP_N_GenomeWideSNP_6_C05_771576	1	105820759	105823898	16	-2.6006
DUNGS_p_TCGA_b84_115_SNP_N_GenomeWideSNP_6_C05_771576	1	105825578	110029023	2671	0.0104
DUNGS_p_TCGA_b84_115_SNP_N_GenomeWideSNP_6_C05_771576	1	110029038	110035933	10	0.5048
DUNGS_p_TCGA_b84_115_SNP_N_GenomeWideSNP_6_C05_771576	1	110036078	112497716	1970	0.0089
DUNGS_p_TCGA_b84_115_SNP_N_GenomeWideSNP_6_C05_771576	1	112497796	112498764	20	0.3691
DUNGS_p_TCGA_b84_115_SNP_N_GenomeWideSNP_6_C05_771576	1	112498899	143863085	5403	0.0067
DUNGS_p_TCGA_b84_115_SNP_N_GenomeWideSNP_6_C05_771576	1	143863316	143867755	10	0.5685
DUNGS_p_TCGA_b84_115_SNP_N_GenomeWideSNP_6_C05_771576	1	143867819	147509696	1090	0.0502
DUNGS_p_TCGA_b84_115_SNP_N_GenomeWideSNP_6_C05_771576	1	147509865	147516071	17	0.6327
DUNGS_p_TCGA_b84_115_SNP_N_GenomeWideSNP_6_C05_771576	1	147520953	147788464	35	0.0349
DUNGS_p_TCGA_b84_115_SNP_N_GenomeWideSNP_6_C05_771576	1	147788470	147815350	5	0.7105
DUNGS_p_TCGA_b84_115_SNP_N_GenomeWideSNP_6_C05_771576	1	147845346	150822151	1492	0.0206
DUNGS_p_TCGA_b84_115_SNP_N_GenomeWideSNP_6_C05_771576	1	150822330	150853200	34	1.0294
DUNGS_p_TCGA_b84_115_SNP_N_GenomeWideSNP_6_C05_771576	1	150853218	151028881	178	0.028
DUNGS_p_TCGA_b84_115_SNP_N_GenomeWideSNP_6_C05_771576	1	151028909	151034488	21	-0.4678
DUNGS_p_TCGA_b84_115_SNP_N_GenomeWideSNP_6_C05_771576	1	151034508	153447090	1355	0.0025
DUNGS_p_TCGA_b84_115_SNP_N_GenomeWideSNP_6_C05_771576	1	153455784	153467688	11	1.2472
DUNGS_p_TCGA_b84_115_SNP_N_GenomeWideSNP_6_C05_771576	1	153478291	157226199	2334	0.0097
DUNGS_p_TCGA_b84_115_SNP_N_GenomeWideSNP_6_C05_771576	1	157228663	157229420	2	-1.0421
DUNGS_p_TCGA_b84_115_SNP_N_GenomeWideSNP_6_C05_771576	1	157233488	159203644	1332	0.0127
DUNGS_p_TCGA_b84_115_SNP_N_GenomeWideSNP_6_C05_771576	1	159204588	159206145	2	-1.5588
DUNGS_p_TCGA_b84_115_SNP_N_GenomeWideSNP_6_C05_771576	1	159206656	167483561	6327	0.0072
DUNGS_p_TCGA_b84_115_SNP_N_GenomeWideSNP_6_C05_771576	1	167500598	167508390	7	0.8317
DUNGS_p_TCGA_b84_115_SNP_N_GenomeWideSNP_6_C05_771576	1	167509025	171025802	2430	0.0124
DUNGS_p_TCGA_b84_115_SNP_N_GenomeWideSNP_6_C05_771576	1	171028373	171028464	2	-1.3461
DUNGS_p_TCGA_b84_115_SNP_N_GenomeWideSNP_6_C05_771576	1	171031205	177590361	4194	0.0022
DUNGS_p_TCGA_b84_115_SNP_N_GenomeWideSNP_6_C05_771576	1	177597151	177599938	4	-0.9933
DUNGS_p_TCGA_b84_115_SNP_N_GenomeWideSNP_6_C05_771576	1	177605829	191422415	9181	0.0093
DUNGS_p_TCGA_b84_115_SNP_N_GenomeWideSNP_6_C05_771576	1	191422902	191422955	3	1.0635
DUNGS_p_TCGA_b84_115_SNP_N_GenomeWideSNP_6_C05_771576	1	191422971	192714857	948	0.0241
DUNGS_p_TCGA_b84_115_SNP_N_GenomeWideSNP_6_C05_771576	1	192718034	192721641	2	1.4361
DUNGS_p_TCGA_b84_115_SNP_N_GenomeWideSNP_6_C05_771576	1	192723639	194997658	1457	0.0176
DUNGS_p_TCGA_b84_115_SNP_N_GenomeWideSNP_6_C05_771576	1	194998233	194998709	2	-1.7046
DUNGS_p_TCGA_b84_115_SNP_N_GenomeWideSNP_6_C05_771576	1	195005246	195024743	33	0.5366
DUNGS_p_TCGA_b84_115_SNP_N_GenomeWideSNP_6_C05_771576	1	195024772	195025911	4	-0.882
DUNGS_p_TCGA_b84_115_SNP_N_GenomeWideSNP_6_C05_771576	1	195028443	195079130	53	0.2166
DUNGS_p_TCGA_b84_115_SNP_N_GenomeWideSNP_6_C05_771576	1	195079153	195082414	2	3.0627
DUNGS_p_TCGA_b84_115_SNP_N_GenomeWideSNP_6_C05_771576	1	195083353	195112291	35	0.0563
DUNGS_p_TCGA_b84_115_SNP_N_GenomeWideSNP_6_C05_771576	1	195114034	195131150	9	-0.5193
DUNGS_p_TCGA_b84_115_SNP_N_GenomeWideSNP_6_C05_771576	1	195131717	205764453	6847	0.0097
DUNGS_p_TCGA_b84_115_SNP_N_GenomeWideSNP_6_C05_771576	1	205779471	205801489	4	1.0317
DUNGS_p_TCGA_b84_115_SNP_N_GenomeWideSNP_6_C05_771576	1	205813276	209719689	3006	0.0013
DUNGS_p_TCGA_b84_115_SNP_N_GenomeWideSNP_6_C05_771576	1	209722861	209722892	2	-1.1466
DUNGS_p_TCGA_b84_115_SNP_N_GenomeWideSNP_6_C05_771576	1	209724090	216271369	4642	0.01
DUNGS_p_TCGA_b84_115_SNP_N_GenomeWideSNP_6_C05_771576	1	216275565	216275584	2	-1.3538
DUNGS_p_TCGA_b84_115_SNP_N_GenomeWideSNP_6_C05_771576	1	216275700	216484875	150	0.0058
DUNGS_p_TCGA_b84_115_SNP_N_GenomeWideSNP_6_C05_771576	1	216484957	216489684	5	-0.8735
DUNGS_p_TCGA_b84_115_SNP_N_GenomeWideSNP_6_C05_771576	1	216490103	240151920	16700	0.01
DUNGS_p_TCGA_b84_115_SNP_N_GenomeWideSNP_6_C05_771576	1	240152223	240152711	2	-1.3573
DUNGS_p_TCGA_b84_115_SNP_N_GenomeWideSNP_6_C05_771576	1	240153642	245886610	3859	0.0166
DUNGS_p_TCGA_b84_115_SNP_N_GenomeWideSNP_6_C05_771576	1	245894591	246229811	248	0.6429
DUNGS_p_TCGA_b84_115_SNP_N_GenomeWideSNP_6_C05_771576	1	246232325	246238199	2	-0.6815
DUNGS_p_TCGA_b84_115_SNP_N_GenomeWideSNP_6_C05_771576	1	246240076	246346107	65	0.5614
DUNGS_p_TCGA_b84_115_SNP_N_GenomeWideSNP_6_C05_771576	1	246353458	246701763	203	0.0038
DUNGS_p_TCGA_b84_115_SNP_N_GenomeWideSNP_6_C05_771576	1	246703887	246863745	59	0.317
DUNGS_p_TCGA_b84_115_SNP_N_GenomeWideSNP_6_C05_771576	1	246863836	247191011	145	0.0027
DUNGS_p_TCGA_b84_115_SNP_N_GenomeWideSNP_6_C05_771576	2	2784	17197662	12973	0.0032
DUNGS_p_TCGA_b84_115_SNP_N_GenomeWideSNP_6_C05_771576	2	17205455	17206269	4	-0.8711
DUNGS_p_TCGA_b84_115_SNP_N_GenomeWideSNP_6_C05_771576	2	17207798	26226628	5868	0.0017
DUNGS_p_TCGA_b84_115_SNP_N_GenomeWideSNP_6_C05_771576	2	26230008	26238171	6	-0.8202
DUNGS_p_TCGA_b84_115_SNP_N_GenomeWideSNP_6_C05_771576	2	26239131	34544573	5285	0.0072
DUNGS_p_TCGA_b84_115_SNP_N_GenomeWideSNP_6_C05_771576	2	34552819	34591060	48	0.4981
DUNGS_p_TCGA_b84_115_SNP_N_GenomeWideSNP_6_C05_771576	2	34591536	37831624	2449	0.0218
DUNGS_p_TCGA_b84_115_SNP_N_GenomeWideSNP_6_C05_771576	2	37831712	37855842	27	-0.3114
DUNGS_p_TCGA_b84_115_SNP_N_GenomeWideSNP_6_C05_771576	2	37856361	38807999	728	0.0324
DUNGS_p_TCGA_b84_115_SNP_N_GenomeWideSNP_6_C05_771576	2	38809370	38834551	12	0.5751
DUNGS_p_TCGA_b84_115_SNP_N_GenomeWideSNP_6_C05_771576	2	38835066	52393072	9683	0.011
DUNGS_p_TCGA_b84_115_SNP_N_GenomeWideSNP_6_C05_771576	2	52393412	52394230	3	-1.2637
DUNGS_p_TCGA_b84_115_SNP_N_GenomeWideSNP_6_C05_771576	2	52403046	52608065	156	0.0558
DUNGS_p_TCGA_b84_115_SNP_N_GenomeWideSNP_6_C05_771576	2	52608232	52608369	2	-2.1338
DUNGS_p_TCGA_b84_115_SNP_N_GenomeWideSNP_6_C05_771576	2	52608385	71200071	12317	0.004
DUNGS_p_TCGA_b84_115_SNP_N_GenomeWideSNP_6_C05_771576	2	71200125	71200900	6	-0.9779
DUNGS_p_TCGA_b84_115_SNP_N_GenomeWideSNP_6_C05_771576	2	71203551	89597067	10630	0.0071
DUNGS_p_TCGA_b84_115_SNP_N_GenomeWideSNP_6_C05_771576	2	89604131	89632342	4	0.9489
DUNGS_p_TCGA_b84_115_SNP_N_GenomeWideSNP_6_C05_771576	2	89636367	97484644	1191	0.0049
DUNGS_p_TCGA_b84_115_SNP_N_GenomeWideSNP_6_C05_771576	2	97507179	97528621	9	-0.7996
DUNGS_p_TCGA_b84_115_SNP_N_GenomeWideSNP_6_C05_771576	2	97533310	106240929	5580	0.0064
DUNGS_p_TCGA_b84_115_SNP_N_GenomeWideSNP_6_C05_771576	2	106241081	106253687	15	-0.4415
DUNGS_p_TCGA_b84_115_SNP_N_GenomeWideSNP_6_C05_771576	2	106253840	113560781	3596	6e-04
DUNGS_p_TCGA_b84_115_SNP_N_GenomeWideSNP_6_C05_771576	2	113560852	113560946	2	-1.2511
DUNGS_p_TCGA_b84_115_SNP_N_GenomeWideSNP_6_C05_771576	2	113561202	114078485	247	-5e-04
DUNGS_p_TCGA_b84_115_SNP_N_GenomeWideSNP_6_C05_771576	2	114078884	114078886	2	-2.1893
DUNGS_p_TCGA_b84_115_SNP_N_GenomeWideSNP_6_C05_771576	2	114097291	130510326	10514	0.0149
DUNGS_p_TCGA_b84_115_SNP_N_GenomeWideSNP_6_C05_771576	2	130510353	130542812	11	-0.5254
DUNGS_p_TCGA_b84_115_SNP_N_GenomeWideSNP_6_C05_771576	2	130565707	146581053	9608	0.0077
DUNGS_p_TCGA_b84_115_SNP_N_GenomeWideSNP_6_C05_771576	2	146581549	146583404	19	0.8652
DUNGS_p_TCGA_b84_115_SNP_N_GenomeWideSNP_6_C05_771576	2	146594276	159666866	7804	0.0096
DUNGS_p_TCGA_b84_115_SNP_N_GenomeWideSNP_6_C05_771576	2	159668589	159669219	2	1.2847
DUNGS_p_TCGA_b84_115_SNP_N_GenomeWideSNP_6_C05_771576	2	159671533	185814289	16373	0.0062
DUNGS_p_TCGA_b84_115_SNP_N_GenomeWideSNP_6_C05_771576	2	185814309	185816303	2	1.2363
DUNGS_p_TCGA_b84_115_SNP_N_GenomeWideSNP_6_C05_771576	2	185818761	192288137	3641	0.0119
DUNGS_p_TCGA_b84_115_SNP_N_GenomeWideSNP_6_C05_771576	2	192289174	192289374	2	-1.422
DUNGS_p_TCGA_b84_115_SNP_N_GenomeWideSNP_6_C05_771576	2	192289779	195022515	1419	0.0225
DUNGS_p_TCGA_b84_115_SNP_N_GenomeWideSNP_6_C05_771576	2	195022967	195034089	8	-0.8641
DUNGS_p_TCGA_b84_115_SNP_N_GenomeWideSNP_6_C05_771576	2	195038497	199913748	2866	0.0113
DUNGS_p_TCGA_b84_115_SNP_N_GenomeWideSNP_6_C05_771576	2	199917680	199920782	3	-1.1452
DUNGS_p_TCGA_b84_115_SNP_N_GenomeWideSNP_6_C05_771576	2	199921912	242738129	27088	0.0047
DUNGS_p_TCGA_b84_115_SNP_N_GenomeWideSNP_6_C05_771576	3	35345	1888098	1683	0.0557
DUNGS_p_TCGA_b84_115_SNP_N_GenomeWideSNP_6_C05_771576	3	1888371	1900851	17	-1.0476
DUNGS_p_TCGA_b84_115_SNP_N_GenomeWideSNP_6_C05_771576	3	1901105	174686959	107772	0.0098
DUNGS_p_TCGA_b84_115_SNP_N_GenomeWideSNP_6_C05_771576	3	174692386	174698428	11	-0.9641
DUNGS_p_TCGA_b84_115_SNP_N_GenomeWideSNP_6_C05_771576	3	174701486	174723329	14	0.1804
DUNGS_p_TCGA_b84_115_SNP_N_GenomeWideSNP_6_C05_771576	3	174730173	174772374	23	0.6735
DUNGS_p_TCGA_b84_115_SNP_N_GenomeWideSNP_6_C05_771576	3	174782887	187074740	7366	0.0133
DUNGS_p_TCGA_b84_115_SNP_N_GenomeWideSNP_6_C05_771576	3	187078142	187080518	3	-1.0305
DUNGS_p_TCGA_b84_115_SNP_N_GenomeWideSNP_6_C05_771576	3	187081246	187888639	700	0.0049
DUNGS_p_TCGA_b84_115_SNP_N_GenomeWideSNP_6_C05_771576	3	187888817	187888832	2	-1.1664
DUNGS_p_TCGA_b84_115_SNP_N_GenomeWideSNP_6_C05_771576	3	187895555	190843448	2234	0.0125
DUNGS_p_TCGA_b84_115_SNP_N_GenomeWideSNP_6_C05_771576	3	190846372	190847332	11	-0.9802
DUNGS_p_TCGA_b84_115_SNP_N_GenomeWideSNP_6_C05_771576	3	190853682	194285953	2435	0.009
DUNGS_p_TCGA_b84_115_SNP_N_GenomeWideSNP_6_C05_771576	3	194286656	194294099	5	-0.7847
DUNGS_p_TCGA_b84_115_SNP_N_GenomeWideSNP_6_C05_771576	3	194294915	194360596	60	-0.1226
DUNGS_p_TCGA_b84_115_SNP_N_GenomeWideSNP_6_C05_771576	3	194360656	194361700	6	1.9135
DUNGS_p_TCGA_b84_115_SNP_N_GenomeWideSNP_6_C05_771576	3	194363167	194365597	13	0.9772
DUNGS_p_TCGA_b84_115_SNP_N_GenomeWideSNP_6_C05_771576	3	194369129	196914788	1498	0.0081
DUNGS_p_TCGA_b84_115_SNP_N_GenomeWideSNP_6_C05_771576	3	196914881	196964365	37	-0.3507
DUNGS_p_TCGA_b84_115_SNP_N_GenomeWideSNP_6_C05_771576	3	196964532	199380515	1173	0.0206
DUNGS_p_TCGA_b84_115_SNP_N_GenomeWideSNP_6_C05_771576	4	2281	7456268	4292	0.0116
DUNGS_p_TCGA_b84_115_SNP_N_GenomeWideSNP_6_C05_771576	4	7456500	7458313	2	-1.1838
DUNGS_p_TCGA_b84_115_SNP_N_GenomeWideSNP_6_C05_771576	4	7460787	8277388	610	0.0133
DUNGS_p_TCGA_b84_115_SNP_N_GenomeWideSNP_6_C05_771576	4	8278539	8278725	3	-2.3357
DUNGS_p_TCGA_b84_115_SNP_N_GenomeWideSNP_6_C05_771576	4	8279334	8979788	286	0.0125
DUNGS_p_TCGA_b84_115_SNP_N_GenomeWideSNP_6_C05_771576	4	8981401	9070328	62	0.4726
DUNGS_p_TCGA_b84_115_SNP_N_GenomeWideSNP_6_C05_771576	4	9073635	9823258	555	0.0067
DUNGS_p_TCGA_b84_115_SNP_N_GenomeWideSNP_6_C05_771576	4	9832514	9843312	29	0.414
DUNGS_p_TCGA_b84_115_SNP_N_GenomeWideSNP_6_C05_771576	4	9843364	20981101	8222	0.0053
DUNGS_p_TCGA_b84_115_SNP_N_GenomeWideSNP_6_C05_771576	4	20981137	20985949	14	-0.7194
DUNGS_p_TCGA_b84_115_SNP_N_GenomeWideSNP_6_C05_771576	4	20992838	29858681	6085	0.0108
DUNGS_p_TCGA_b84_115_SNP_N_GenomeWideSNP_6_C05_771576	4	29858748	29858877	2	-1.2564
DUNGS_p_TCGA_b84_115_SNP_N_GenomeWideSNP_6_C05_771576	4	29872370	34455435	2689	0.0157
DUNGS_p_TCGA_b84_115_SNP_N_GenomeWideSNP_6_C05_771576	4	34455449	34506399	44	0.5144
DUNGS_p_TCGA_b84_115_SNP_N_GenomeWideSNP_6_C05_771576	4	34508213	48529494	8870	0.0152
DUNGS_p_TCGA_b84_115_SNP_N_GenomeWideSNP_6_C05_771576	4	48535453	48537987	2	-1.2964
DUNGS_p_TCGA_b84_115_SNP_N_GenomeWideSNP_6_C05_771576	4	48538023	48962605	119	0.0263
DUNGS_p_TCGA_b84_115_SNP_N_GenomeWideSNP_6_C05_771576	4	48985949	48986112	2	-1.6417
DUNGS_p_TCGA_b84_115_SNP_N_GenomeWideSNP_6_C05_771576	4	48991977	49285413	13	0.1087
DUNGS_p_TCGA_b84_115_SNP_N_GenomeWideSNP_6_C05_771576	4	49315642	49353369	9	-0.7001
DUNGS_p_TCGA_b84_115_SNP_N_GenomeWideSNP_6_C05_771576	4	52380456	54914242	1613	0.0136
DUNGS_p_TCGA_b84_115_SNP_N_GenomeWideSNP_6_C05_771576	4	54914287	54915112	8	-1.1568
DUNGS_p_TCGA_b84_115_SNP_N_GenomeWideSNP_6_C05_771576	4	54916167	58629733	2647	0.0023
DUNGS_p_TCGA_b84_115_SNP_N_GenomeWideSNP_6_C05_771576	4	58630147	58630174	2	1.1872
DUNGS_p_TCGA_b84_115_SNP_N_GenomeWideSNP_6_C05_771576	4	58634754	64376535	3318	0.0177
DUNGS_p_TCGA_b84_115_SNP_N_GenomeWideSNP_6_C05_771576	4	64380064	64386888	7	-0.7208
DUNGS_p_TCGA_b84_115_SNP_N_GenomeWideSNP_6_C05_771576	4	64387751	64388346	13	-0.079
DUNGS_p_TCGA_b84_115_SNP_N_GenomeWideSNP_6_C05_771576	4	64388380	64390853	9	-0.7255
DUNGS_p_TCGA_b84_115_SNP_N_GenomeWideSNP_6_C05_771576	4	64399026	68943146	2861	0.0174
DUNGS_p_TCGA_b84_115_SNP_N_GenomeWideSNP_6_C05_771576	4	68943659	68970737	6	-1.1431
DUNGS_p_TCGA_b84_115_SNP_N_GenomeWideSNP_6_C05_771576	4	68977394	70158099	409	0.0309
DUNGS_p_TCGA_b84_115_SNP_N_GenomeWideSNP_6_C05_771576	4	70162233	70266611	55	-0.557
DUNGS_p_TCGA_b84_115_SNP_N_GenomeWideSNP_6_C05_771576	4	70266713	104420468	20676	0.0098
DUNGS_p_TCGA_b84_115_SNP_N_GenomeWideSNP_6_C05_771576	4	104426263	104467383	49	-0.9777
DUNGS_p_TCGA_b84_115_SNP_N_GenomeWideSNP_6_C05_771576	4	104468854	104964950	336	0.0288
DUNGS_p_TCGA_b84_115_SNP_N_GenomeWideSNP_6_C05_771576	4	104965020	104971086	6	0.7457
DUNGS_p_TCGA_b84_115_SNP_N_GenomeWideSNP_6_C05_771576	4	104971093	115394807	6321	0.0058
DUNGS_p_TCGA_b84_115_SNP_N_GenomeWideSNP_6_C05_771576	4	115394828	115401359	19	-0.3733
DUNGS_p_TCGA_b84_115_SNP_N_GenomeWideSNP_6_C05_771576	4	115401624	127063329	6989	0.0139
DUNGS_p_TCGA_b84_115_SNP_N_GenomeWideSNP_6_C05_771576	4	127065066	127066833	2	1.2153
DUNGS_p_TCGA_b84_115_SNP_N_GenomeWideSNP_6_C05_771576	4	127069001	134392794	4139	0.0139
DUNGS_p_TCGA_b84_115_SNP_N_GenomeWideSNP_6_C05_771576	4	134393657	134400634	5	-1.0166
DUNGS_p_TCGA_b84_115_SNP_N_GenomeWideSNP_6_C05_771576	4	134415234	152095801	10562	0.0084
DUNGS_p_TCGA_b84_115_SNP_N_GenomeWideSNP_6_C05_771576	4	152095856	152103748	21	-0.8967
DUNGS_p_TCGA_b84_115_SNP_N_GenomeWideSNP_6_C05_771576	4	152103750	158946478	4389	0.0088
DUNGS_p_TCGA_b84_115_SNP_N_GenomeWideSNP_6_C05_771576	4	158948887	158950824	11	-0.685
DUNGS_p_TCGA_b84_115_SNP_N_GenomeWideSNP_6_C05_771576	4	158955899	166340107	4748	0.0154
DUNGS_p_TCGA_b84_115_SNP_N_GenomeWideSNP_6_C05_771576	4	166344930	166345646	2	-1.1549
DUNGS_p_TCGA_b84_115_SNP_N_GenomeWideSNP_6_C05_771576	4	166349755	169517019	1925	0.0158
DUNGS_p_TCGA_b84_115_SNP_N_GenomeWideSNP_6_C05_771576	4	169518573	169518930	5	-0.7565
DUNGS_p_TCGA_b84_115_SNP_N_GenomeWideSNP_6_C05_771576	4	169525097	172605921	1975	0.0059
DUNGS_p_TCGA_b84_115_SNP_N_GenomeWideSNP_6_C05_771576	4	172611459	172614351	12	0.9365
DUNGS_p_TCGA_b84_115_SNP_N_GenomeWideSNP_6_C05_771576	4	172616946	173659097	641	0.01
DUNGS_p_TCGA_b84_115_SNP_N_GenomeWideSNP_6_C05_771576	4	173661522	173665218	7	0.8546
DUNGS_p_TCGA_b84_115_SNP_N_GenomeWideSNP_6_C05_771576	4	173677707	186684564	8790	0.0135
DUNGS_p_TCGA_b84_115_SNP_N_GenomeWideSNP_6_C05_771576	4	186686645	186686837	2	-1.4373
DUNGS_p_TCGA_b84_115_SNP_N_GenomeWideSNP_6_C05_771576	4	186687775	189458252	1927	0.0142
DUNGS_p_TCGA_b84_115_SNP_N_GenomeWideSNP_6_C05_771576	4	189458354	189458433	4	2.3296
DUNGS_p_TCGA_b84_115_SNP_N_GenomeWideSNP_6_C05_771576	4	189459807	191261904	1178	0.039
DUNGS_p_TCGA_b84_115_SNP_N_GenomeWideSNP_6_C05_771576	5	68532	99793	16	-0.0327
DUNGS_p_TCGA_b84_115_SNP_N_GenomeWideSNP_6_C05_771576	5	101785	135148	17	-0.3588
DUNGS_p_TCGA_b84_115_SNP_N_GenomeWideSNP_6_C05_771576	5	135595	738504	274	-0.0126
DUNGS_p_TCGA_b84_115_SNP_N_GenomeWideSNP_6_C05_771576	5	738748	916797	61	0.7321
DUNGS_p_TCGA_b84_115_SNP_N_GenomeWideSNP_6_C05_771576	5	919370	17863895	13220	0.0094
DUNGS_p_TCGA_b84_115_SNP_N_GenomeWideSNP_6_C05_771576	5	17864610	17864626	2	-1.7782
DUNGS_p_TCGA_b84_115_SNP_N_GenomeWideSNP_6_C05_771576	5	17865544	21412601	2153	0.0135
DUNGS_p_TCGA_b84_115_SNP_N_GenomeWideSNP_6_C05_771576	5	21413596	21413610	2	-1.785
DUNGS_p_TCGA_b84_115_SNP_N_GenomeWideSNP_6_C05_771576	5	21421823	26004771	2707	0.0132
DUNGS_p_TCGA_b84_115_SNP_N_GenomeWideSNP_6_C05_771576	5	26008662	26009105	2	-2.6451
DUNGS_p_TCGA_b84_115_SNP_N_GenomeWideSNP_6_C05_771576	5	26009877	26825253	502	0.0202
DUNGS_p_TCGA_b84_115_SNP_N_GenomeWideSNP_6_C05_771576	5	26833517	26833601	2	-1.6612
DUNGS_p_TCGA_b84_115_SNP_N_GenomeWideSNP_6_C05_771576	5	26839641	27796664	517	-0.0033
DUNGS_p_TCGA_b84_115_SNP_N_GenomeWideSNP_6_C05_771576	5	27797953	27798587	2	-1.1889
DUNGS_p_TCGA_b84_115_SNP_N_GenomeWideSNP_6_C05_771576	5	27799336	29055161	728	0.0135
DUNGS_p_TCGA_b84_115_SNP_N_GenomeWideSNP_6_C05_771576	5	29055845	29056374	4	-0.9047
DUNGS_p_TCGA_b84_115_SNP_N_GenomeWideSNP_6_C05_771576	5	29059061	34635804	3780	0.0127
DUNGS_p_TCGA_b84_115_SNP_N_GenomeWideSNP_6_C05_771576	5	34635829	34635839	2	-1.2829
DUNGS_p_TCGA_b84_115_SNP_N_GenomeWideSNP_6_C05_771576	5	34636020	46227641	6828	0.0104
DUNGS_p_TCGA_b84_115_SNP_N_GenomeWideSNP_6_C05_771576	5	46231640	46235192	4	-1.5645
DUNGS_p_TCGA_b84_115_SNP_N_GenomeWideSNP_6_C05_771576	5	46245056	46306865	15	0.0377
DUNGS_p_TCGA_b84_115_SNP_N_GenomeWideSNP_6_C05_771576	5	46307687	46309259	6	1.0494
DUNGS_p_TCGA_b84_115_SNP_N_GenomeWideSNP_6_C05_771576	5	46313969	57364872	5089	0.008
DUNGS_p_TCGA_b84_115_SNP_N_GenomeWideSNP_6_C05_771576	5	57365287	57369290	28	-0.6246
DUNGS_p_TCGA_b84_115_SNP_N_GenomeWideSNP_6_C05_771576	5	57374114	68882059	7308	0.0078
DUNGS_p_TCGA_b84_115_SNP_N_GenomeWideSNP_6_C05_771576	5	68903050	69153891	5	1.0546
DUNGS_p_TCGA_b84_115_SNP_N_GenomeWideSNP_6_C05_771576	5	69269183	75197651	2904	0.0091
DUNGS_p_TCGA_b84_115_SNP_N_GenomeWideSNP_6_C05_771576	5	75198777	75200048	2	-1.3397
DUNGS_p_TCGA_b84_115_SNP_N_GenomeWideSNP_6_C05_771576	5	75200123	75479106	239	-0.0068
DUNGS_p_TCGA_b84_115_SNP_N_GenomeWideSNP_6_C05_771576	5	75479125	75486244	18	0.3961
DUNGS_p_TCGA_b84_115_SNP_N_GenomeWideSNP_6_C05_771576	5	75486315	81473414	3758	0.0076
DUNGS_p_TCGA_b84_115_SNP_N_GenomeWideSNP_6_C05_771576	5	81473900	81474203	2	-1.4509
DUNGS_p_TCGA_b84_115_SNP_N_GenomeWideSNP_6_C05_771576	5	81478123	90830729	5261	0.0115
DUNGS_p_TCGA_b84_115_SNP_N_GenomeWideSNP_6_C05_771576	5	90836625	90838021	3	-1.0312
DUNGS_p_TCGA_b84_115_SNP_N_GenomeWideSNP_6_C05_771576	5	90838717	115562847	15354	0.0184
DUNGS_p_TCGA_b84_115_SNP_N_GenomeWideSNP_6_C05_771576	5	115565294	115565301	2	-1.3406
DUNGS_p_TCGA_b84_115_SNP_N_GenomeWideSNP_6_C05_771576	5	115565331	141995377	16366	0.011
DUNGS_p_TCGA_b84_115_SNP_N_GenomeWideSNP_6_C05_771576	5	141998044	142000197	7	-0.876
DUNGS_p_TCGA_b84_115_SNP_N_GenomeWideSNP_6_C05_771576	5	142002286	144629945	1815	4e-04
DUNGS_p_TCGA_b84_115_SNP_N_GenomeWideSNP_6_C05_771576	5	144630590	144632031	2	-2.6575
DUNGS_p_TCGA_b84_115_SNP_N_GenomeWideSNP_6_C05_771576	5	144632606	150182398	3710	0.0084
DUNGS_p_TCGA_b84_115_SNP_N_GenomeWideSNP_6_C05_771576	5	150185693	150198797	8	-3.4425
DUNGS_p_TCGA_b84_115_SNP_N_GenomeWideSNP_6_C05_771576	5	150203580	154156411	2749	0.0122
DUNGS_p_TCGA_b84_115_SNP_N_GenomeWideSNP_6_C05_771576	5	154157941	154157959	2	-1.1527
DUNGS_p_TCGA_b84_115_SNP_N_GenomeWideSNP_6_C05_771576	5	154158217	171700720	12273	0.0055
DUNGS_p_TCGA_b84_115_SNP_N_GenomeWideSNP_6_C05_771576	5	171702201	171702896	2	-1.2147
DUNGS_p_TCGA_b84_115_SNP_N_GenomeWideSNP_6_C05_771576	5	171703797	175306114	2728	0.0042
DUNGS_p_TCGA_b84_115_SNP_N_GenomeWideSNP_6_C05_771576	5	175320152	175402113	15	0.6535
DUNGS_p_TCGA_b84_115_SNP_N_GenomeWideSNP_6_C05_771576	5	175402930	177100569	727	0.016
DUNGS_p_TCGA_b84_115_SNP_N_GenomeWideSNP_6_C05_771576	5	177130561	177160157	3	-0.7477
DUNGS_p_TCGA_b84_115_SNP_N_GenomeWideSNP_6_C05_771576	5	177161185	177165211	2	1.8817
DUNGS_p_TCGA_b84_115_SNP_N_GenomeWideSNP_6_C05_771576	5	177187571	180722926	2004	0.0216
DUNGS_p_TCGA_b84_115_SNP_N_GenomeWideSNP_6_C05_771576	6	94661	79019608	50119	0.0094
DUNGS_p_TCGA_b84_115_SNP_N_GenomeWideSNP_6_C05_771576	6	79025784	79089036	108	0.4467
DUNGS_p_TCGA_b84_115_SNP_N_GenomeWideSNP_6_C05_771576	6	79089311	86592871	4765	0.0107
DUNGS_p_TCGA_b84_115_SNP_N_GenomeWideSNP_6_C05_771576	6	86595776	86639469	10	-0.5347
DUNGS_p_TCGA_b84_115_SNP_N_GenomeWideSNP_6_C05_771576	6	86649081	97573649	6930	0.0088
DUNGS_p_TCGA_b84_115_SNP_N_GenomeWideSNP_6_C05_771576	6	97575615	97576111	3	-0.9092
DUNGS_p_TCGA_b84_115_SNP_N_GenomeWideSNP_6_C05_771576	6	97577860	98006665	237	-0.0025
DUNGS_p_TCGA_b84_115_SNP_N_GenomeWideSNP_6_C05_771576	6	98007257	98009305	3	-1.159
DUNGS_p_TCGA_b84_115_SNP_N_GenomeWideSNP_6_C05_771576	6	98010954	103858031	3581	0.005
DUNGS_p_TCGA_b84_115_SNP_N_GenomeWideSNP_6_C05_771576	6	103858257	103866697	23	-0.424
DUNGS_p_TCGA_b84_115_SNP_N_GenomeWideSNP_6_C05_771576	6	103866740	115485768	7331	0.0081
DUNGS_p_TCGA_b84_115_SNP_N_GenomeWideSNP_6_C05_771576	6	115485853	115514666	3	-1.4704
DUNGS_p_TCGA_b84_115_SNP_N_GenomeWideSNP_6_C05_771576	6	115515264	116217828	367	-0.0169
DUNGS_p_TCGA_b84_115_SNP_N_GenomeWideSNP_6_C05_771576	6	116218334	116218421	2	1.2106
DUNGS_p_TCGA_b84_115_SNP_N_GenomeWideSNP_6_C05_771576	6	116218990	128266638	7284	0.0076
DUNGS_p_TCGA_b84_115_SNP_N_GenomeWideSNP_6_C05_771576	6	128268468	128277333	5	-0.8254
DUNGS_p_TCGA_b84_115_SNP_N_GenomeWideSNP_6_C05_771576	6	128277605	138467553	7026	0.0068
DUNGS_p_TCGA_b84_115_SNP_N_GenomeWideSNP_6_C05_771576	6	138467725	138467764	3	-1.0433
DUNGS_p_TCGA_b84_115_SNP_N_GenomeWideSNP_6_C05_771576	6	138468116	138760216	204	0.0204
DUNGS_p_TCGA_b84_115_SNP_N_GenomeWideSNP_6_C05_771576	6	138760687	138764510	3	-1.7662
DUNGS_p_TCGA_b84_115_SNP_N_GenomeWideSNP_6_C05_771576	6	138769371	146681536	4791	0.0143
DUNGS_p_TCGA_b84_115_SNP_N_GenomeWideSNP_6_C05_771576	6	146685873	146685885	4	-1.037
DUNGS_p_TCGA_b84_115_SNP_N_GenomeWideSNP_6_C05_771576	6	146688667	153999063	5291	0.0052
DUNGS_p_TCGA_b84_115_SNP_N_GenomeWideSNP_6_C05_771576	6	154002479	154003112	2	-2.8706
DUNGS_p_TCGA_b84_115_SNP_N_GenomeWideSNP_6_C05_771576	6	154003592	160822780	4593	0.0049
DUNGS_p_TCGA_b84_115_SNP_N_GenomeWideSNP_6_C05_771576	6	160823612	160827124	4	-0.9665
DUNGS_p_TCGA_b84_115_SNP_N_GenomeWideSNP_6_C05_771576	6	160828441	166414243	4359	0.0036
DUNGS_p_TCGA_b84_115_SNP_N_GenomeWideSNP_6_C05_771576	6	166417621	166418850	3	-1.8412
DUNGS_p_TCGA_b84_115_SNP_N_GenomeWideSNP_6_C05_771576	6	166425374	169805579	2528	0.0199
DUNGS_p_TCGA_b84_115_SNP_N_GenomeWideSNP_6_C05_771576	6	169806500	169806768	2	1.3456
DUNGS_p_TCGA_b84_115_SNP_N_GenomeWideSNP_6_C05_771576	6	169812648	170892930	483	0.024
DUNGS_p_TCGA_b84_115_SNP_N_GenomeWideSNP_6_C05_771576	7	52911	6089211	3150	0.0162
DUNGS_p_TCGA_b84_115_SNP_N_GenomeWideSNP_6_C05_771576	7	6091907	6102444	7	-1.0693
DUNGS_p_TCGA_b84_115_SNP_N_GenomeWideSNP_6_C05_771576	7	6103389	6803593	289	0.0262
DUNGS_p_TCGA_b84_115_SNP_N_GenomeWideSNP_6_C05_771576	7	6805249	6833603	7	-0.9135
DUNGS_p_TCGA_b84_115_SNP_N_GenomeWideSNP_6_C05_771576	7	6834167	7110569	137	0.0208
DUNGS_p_TCGA_b84_115_SNP_N_GenomeWideSNP_6_C05_771576	7	7112368	7116832	3	-0.8959
DUNGS_p_TCGA_b84_115_SNP_N_GenomeWideSNP_6_C05_771576	7	7118703	8814530	1532	0.0188
DUNGS_p_TCGA_b84_115_SNP_N_GenomeWideSNP_6_C05_771576	7	8815264	8822065	6	-0.6417
DUNGS_p_TCGA_b84_115_SNP_N_GenomeWideSNP_6_C05_771576	7	8822599	16731818	6380	0.0142
DUNGS_p_TCGA_b84_115_SNP_N_GenomeWideSNP_6_C05_771576	7	16732646	16732773	2	-1.7492
DUNGS_p_TCGA_b84_115_SNP_N_GenomeWideSNP_6_C05_771576	7	16733121	22401305	4607	0.0243
DUNGS_p_TCGA_b84_115_SNP_N_GenomeWideSNP_6_C05_771576	7	22401997	22403012	2	-2.8673
DUNGS_p_TCGA_b84_115_SNP_N_GenomeWideSNP_6_C05_771576	7	22405279	25098283	1988	0.0059
DUNGS_p_TCGA_b84_115_SNP_N_GenomeWideSNP_6_C05_771576	7	25098708	25098904	3	-1.0558
DUNGS_p_TCGA_b84_115_SNP_N_GenomeWideSNP_6_C05_771576	7	25102308	27473074	1666	0.0134
DUNGS_p_TCGA_b84_115_SNP_N_GenomeWideSNP_6_C05_771576	7	27474358	27480413	3	-0.9535
DUNGS_p_TCGA_b84_115_SNP_N_GenomeWideSNP_6_C05_771576	7	27482454	54347867	18834	0.0073
DUNGS_p_TCGA_b84_115_SNP_N_GenomeWideSNP_6_C05_771576	7	54353999	54354011	6	2.7233
DUNGS_p_TCGA_b84_115_SNP_N_GenomeWideSNP_6_C05_771576	7	54360982	119484707	35030	0.0113
DUNGS_p_TCGA_b84_115_SNP_N_GenomeWideSNP_6_C05_771576	7	119487744	119507256	19	-0.9661
DUNGS_p_TCGA_b84_115_SNP_N_GenomeWideSNP_6_C05_771576	7	119509614	122646578	1897	0.0105
DUNGS_p_TCGA_b84_115_SNP_N_GenomeWideSNP_6_C05_771576	7	122648881	122657308	3	-1.3083
DUNGS_p_TCGA_b84_115_SNP_N_GenomeWideSNP_6_C05_771576	7	122657405	133435880	6683	0.0068
DUNGS_p_TCGA_b84_115_SNP_N_GenomeWideSNP_6_C05_771576	7	133435917	133440983	21	0.645
DUNGS_p_TCGA_b84_115_SNP_N_GenomeWideSNP_6_C05_771576	7	133446174	140459941	4593	0.0072
DUNGS_p_TCGA_b84_115_SNP_N_GenomeWideSNP_6_C05_771576	7	140462309	140463020	3	-1.5099
DUNGS_p_TCGA_b84_115_SNP_N_GenomeWideSNP_6_C05_771576	7	140465246	141428263	635	-0.0016
DUNGS_p_TCGA_b84_115_SNP_N_GenomeWideSNP_6_C05_771576	7	141428579	141430926	7	0.4462
DUNGS_p_TCGA_b84_115_SNP_N_GenomeWideSNP_6_C05_771576	7	141430965	141433319	2	-1.4533
DUNGS_p_TCGA_b84_115_SNP_N_GenomeWideSNP_6_C05_771576	7	141433599	141436446	12	0.4732
DUNGS_p_TCGA_b84_115_SNP_N_GenomeWideSNP_6_C05_771576	7	141436548	142159383	465	0.0211
DUNGS_p_TCGA_b84_115_SNP_N_GenomeWideSNP_6_C05_771576	7	142162927	142165614	18	-0.5429
DUNGS_p_TCGA_b84_115_SNP_N_GenomeWideSNP_6_C05_771576	7	142165684	158819765	10588	0.0064
DUNGS_p_TCGA_b84_115_SNP_N_GenomeWideSNP_6_C05_771576	8	21254	227498	79	-0.1329
DUNGS_p_TCGA_b84_115_SNP_N_GenomeWideSNP_6_C05_771576	8	227671	227740	3	1.0052
DUNGS_p_TCGA_b84_115_SNP_N_GenomeWideSNP_6_C05_771576	8	228516	584973	247	0.0075
DUNGS_p_TCGA_b84_115_SNP_N_GenomeWideSNP_6_C05_771576	8	585220	585875	6	1.0171
DUNGS_p_TCGA_b84_115_SNP_N_GenomeWideSNP_6_C05_771576	8	585892	585908	2	3.844
DUNGS_p_TCGA_b84_115_SNP_N_GenomeWideSNP_6_C05_771576	8	591043	2310208	1429	0.0199
DUNGS_p_TCGA_b84_115_SNP_N_GenomeWideSNP_6_C05_771576	8	2318174	2327058	2	1.8186
DUNGS_p_TCGA_b84_115_SNP_N_GenomeWideSNP_6_C05_771576	8	2330937	6812946	5955	0.0288
DUNGS_p_TCGA_b84_115_SNP_N_GenomeWideSNP_6_C05_771576	8	6813086	6863552	23	-0.4596
DUNGS_p_TCGA_b84_115_SNP_N_GenomeWideSNP_6_C05_771576	8	6865598	7011977	80	-0.0388
DUNGS_p_TCGA_b84_115_SNP_N_GenomeWideSNP_6_C05_771576	8	7017400	7225429	37	-0.4311
DUNGS_p_TCGA_b84_115_SNP_N_GenomeWideSNP_6_C05_771576	8	7237790	7825372	146	0.1721
DUNGS_p_TCGA_b84_115_SNP_N_GenomeWideSNP_6_C05_771576	8	7836168	7869055	8	-0.7133
DUNGS_p_TCGA_b84_115_SNP_N_GenomeWideSNP_6_C05_771576	8	7869464	9752885	1523	0.0327
DUNGS_p_TCGA_b84_115_SNP_N_GenomeWideSNP_6_C05_771576	8	9755481	9755688	2	-1.8259
DUNGS_p_TCGA_b84_115_SNP_N_GenomeWideSNP_6_C05_771576	8	9756666	12207151	1778	0.0029
DUNGS_p_TCGA_b84_115_SNP_N_GenomeWideSNP_6_C05_771576	8	12225652	12286886	29	0.342
DUNGS_p_TCGA_b84_115_SNP_N_GenomeWideSNP_6_C05_771576	8	12286894	12325492	30	-0.1064
DUNGS_p_TCGA_b84_115_SNP_N_GenomeWideSNP_6_C05_771576	8	12348483	12349027	3	-1.0816
DUNGS_p_TCGA_b84_115_SNP_N_GenomeWideSNP_6_C05_771576	8	12355055	13059649	520	0.0192
DUNGS_p_TCGA_b84_115_SNP_N_GenomeWideSNP_6_C05_771576	8	13063130	13063566	2	-1.1859
DUNGS_p_TCGA_b84_115_SNP_N_GenomeWideSNP_6_C05_771576	8	13065257	16241562	3003	0.0128
DUNGS_p_TCGA_b84_115_SNP_N_GenomeWideSNP_6_C05_771576	8	16251325	16251483	7	-1.6899
DUNGS_p_TCGA_b84_115_SNP_N_GenomeWideSNP_6_C05_771576	8	16251494	17341697	903	0.0082
DUNGS_p_TCGA_b84_115_SNP_N_GenomeWideSNP_6_C05_771576	8	17342024	17342064	2	-1.2792
DUNGS_p_TCGA_b84_115_SNP_N_GenomeWideSNP_6_C05_771576	8	17342129	17685258	400	0.0049
DUNGS_p_TCGA_b84_115_SNP_N_GenomeWideSNP_6_C05_771576	8	17685509	17685521	2	-1.04
DUNGS_p_TCGA_b84_115_SNP_N_GenomeWideSNP_6_C05_771576	8	17685617	23458253	4498	0.0127
DUNGS_p_TCGA_b84_115_SNP_N_GenomeWideSNP_6_C05_771576	8	23463685	23463816	5	-1.0959
DUNGS_p_TCGA_b84_115_SNP_N_GenomeWideSNP_6_C05_771576	8	23463850	25030494	1145	-0.004
DUNGS_p_TCGA_b84_115_SNP_N_GenomeWideSNP_6_C05_771576	8	25031417	25034454	8	-0.5403
DUNGS_p_TCGA_b84_115_SNP_N_GenomeWideSNP_6_C05_771576	8	25035202	29640434	3370	0.0093
DUNGS_p_TCGA_b84_115_SNP_N_GenomeWideSNP_6_C05_771576	8	29643502	29643874	2	-1.12
DUNGS_p_TCGA_b84_115_SNP_N_GenomeWideSNP_6_C05_771576	8	29644198	39349816	5691	0.0062
DUNGS_p_TCGA_b84_115_SNP_N_GenomeWideSNP_6_C05_771576	8	39354760	39506122	59	0.6367
DUNGS_p_TCGA_b84_115_SNP_N_GenomeWideSNP_6_C05_771576	8	39507456	40891153	1075	0.0171
DUNGS_p_TCGA_b84_115_SNP_N_GenomeWideSNP_6_C05_771576	8	40897009	40897628	2	-2.2795
DUNGS_p_TCGA_b84_115_SNP_N_GenomeWideSNP_6_C05_771576	8	40902837	47487019	1632	0.0103
DUNGS_p_TCGA_b84_115_SNP_N_GenomeWideSNP_6_C05_771576	8	47501966	47517423	7	-1.1643
DUNGS_p_TCGA_b84_115_SNP_N_GenomeWideSNP_6_C05_771576	8	47530476	112363642	39371	0.0108
DUNGS_p_TCGA_b84_115_SNP_N_GenomeWideSNP_6_C05_771576	8	112363822	112364436	7	-1.5964
DUNGS_p_TCGA_b84_115_SNP_N_GenomeWideSNP_6_C05_771576	8	112369457	114024906	892	0.0173
DUNGS_p_TCGA_b84_115_SNP_N_GenomeWideSNP_6_C05_771576	8	114027546	114028803	2	-1.1551
DUNGS_p_TCGA_b84_115_SNP_N_GenomeWideSNP_6_C05_771576	8	114028803	119543720	3543	0.0102
DUNGS_p_TCGA_b84_115_SNP_N_GenomeWideSNP_6_C05_771576	8	119544808	119548517	4	-1.0306
DUNGS_p_TCGA_b84_115_SNP_N_GenomeWideSNP_6_C05_771576	8	119552017	122588023	2075	0.0016
DUNGS_p_TCGA_b84_115_SNP_N_GenomeWideSNP_6_C05_771576	8	122592919	122593274	2	-1.1468
DUNGS_p_TCGA_b84_115_SNP_N_GenomeWideSNP_6_C05_771576	8	122594792	129658792	5060	0.0104
DUNGS_p_TCGA_b84_115_SNP_N_GenomeWideSNP_6_C05_771576	8	129661343	129700132	30	-0.8849
DUNGS_p_TCGA_b84_115_SNP_N_GenomeWideSNP_6_C05_771576	8	129700723	130209128	293	-0.0117
DUNGS_p_TCGA_b84_115_SNP_N_GenomeWideSNP_6_C05_771576	8	130211860	130213048	3	-1.3263
DUNGS_p_TCGA_b84_115_SNP_N_GenomeWideSNP_6_C05_771576	8	130213708	140324026	8033	0.0026
DUNGS_p_TCGA_b84_115_SNP_N_GenomeWideSNP_6_C05_771576	8	140327434	140328379	5	-1.0558
DUNGS_p_TCGA_b84_115_SNP_N_GenomeWideSNP_6_C05_771576	8	140328602	146268959	3015	0.0109
DUNGS_p_TCGA_b84_115_SNP_N_GenomeWideSNP_6_C05_771576	9	36587	631751	574	-0.0041
DUNGS_p_TCGA_b84_115_SNP_N_GenomeWideSNP_6_C05_771576	9	636036	636656	5	-1.0333
DUNGS_p_TCGA_b84_115_SNP_N_GenomeWideSNP_6_C05_771576	9	638732	5528263	5058	0.0322
DUNGS_p_TCGA_b84_115_SNP_N_GenomeWideSNP_6_C05_771576	9	5531877	5534405	2	-1.5306
DUNGS_p_TCGA_b84_115_SNP_N_GenomeWideSNP_6_C05_771576	9	5535198	20077885	12448	0.0201
DUNGS_p_TCGA_b84_115_SNP_N_GenomeWideSNP_6_C05_771576	9	20078455	20081810	2	-1.4674
DUNGS_p_TCGA_b84_115_SNP_N_GenomeWideSNP_6_C05_771576	9	20083432	29959969	7386	0.0193
DUNGS_p_TCGA_b84_115_SNP_N_GenomeWideSNP_6_C05_771576	9	29960411	29962111	2	1.4951
DUNGS_p_TCGA_b84_115_SNP_N_GenomeWideSNP_6_C05_771576	9	29962177	41942516	5907	0.008
DUNGS_p_TCGA_b84_115_SNP_N_GenomeWideSNP_6_C05_771576	9	41962506	41968375	2	1.4672
DUNGS_p_TCGA_b84_115_SNP_N_GenomeWideSNP_6_C05_771576	9	41975187	44409324	114	-0.0305
DUNGS_p_TCGA_b84_115_SNP_N_GenomeWideSNP_6_C05_771576	9	44569219	44806024	38	0.3564
DUNGS_p_TCGA_b84_115_SNP_N_GenomeWideSNP_6_C05_771576	9	44813196	45596355	48	-0.0955
DUNGS_p_TCGA_b84_115_SNP_N_GenomeWideSNP_6_C05_771576	9	45596440	45639014	3	-1.1199
DUNGS_p_TCGA_b84_115_SNP_N_GenomeWideSNP_6_C05_771576	9	45639104	46289277	38	0.0071
DUNGS_p_TCGA_b84_115_SNP_N_GenomeWideSNP_6_C05_771576	9	46290679	66415964	21	-0.4239
DUNGS_p_TCGA_b84_115_SNP_N_GenomeWideSNP_6_C05_771576	9	66425848	75255324	4005	-0.004
DUNGS_p_TCGA_b84_115_SNP_N_GenomeWideSNP_6_C05_771576	9	75257832	75268983	10	-1.0567
DUNGS_p_TCGA_b84_115_SNP_N_GenomeWideSNP_6_C05_771576	9	75277972	86186516	7873	0.0089
DUNGS_p_TCGA_b84_115_SNP_N_GenomeWideSNP_6_C05_771576	9	86189521	86190103	2	-1.2378
DUNGS_p_TCGA_b84_115_SNP_N_GenomeWideSNP_6_C05_771576	9	86190291	89206593	2153	-0.003
DUNGS_p_TCGA_b84_115_SNP_N_GenomeWideSNP_6_C05_771576	9	89208185	89208253	2	-1.2224
DUNGS_p_TCGA_b84_115_SNP_N_GenomeWideSNP_6_C05_771576	9	89208596	89744039	482	6e-04
DUNGS_p_TCGA_b84_115_SNP_N_GenomeWideSNP_6_C05_771576	9	89747777	89748986	4	-1.0945
DUNGS_p_TCGA_b84_115_SNP_N_GenomeWideSNP_6_C05_771576	9	89752315	97266180	4962	0.0063
DUNGS_p_TCGA_b84_115_SNP_N_GenomeWideSNP_6_C05_771576	9	97266224	97266521	2	-1.5203
DUNGS_p_TCGA_b84_115_SNP_N_GenomeWideSNP_6_C05_771576	9	97266571	122053821	18633	0.0083
DUNGS_p_TCGA_b84_115_SNP_N_GenomeWideSNP_6_C05_771576	9	122056729	122058210	2	-1.2443
DUNGS_p_TCGA_b84_115_SNP_N_GenomeWideSNP_6_C05_771576	9	122060527	139372768	9795	0.0111
DUNGS_p_TCGA_b84_115_SNP_N_GenomeWideSNP_6_C05_771576	9	139375463	139375654	3	1.6471
DUNGS_p_TCGA_b84_115_SNP_N_GenomeWideSNP_6_C05_771576	9	139392824	140211215	413	0.0238
DUNGS_p_TCGA_b84_115_SNP_N_GenomeWideSNP_6_C05_771576	10	62759	25634799	20088	0.009
DUNGS_p_TCGA_b84_115_SNP_N_GenomeWideSNP_6_C05_771576	10	25635379	25640214	3	-1.9913
DUNGS_p_TCGA_b84_115_SNP_N_GenomeWideSNP_6_C05_771576	10	25641039	45963863	11519	0.0042
DUNGS_p_TCGA_b84_115_SNP_N_GenomeWideSNP_6_C05_771576	10	46005056	46337321	6	-0.3929
DUNGS_p_TCGA_b84_115_SNP_N_GenomeWideSNP_6_C05_771576	10	46338190	46363383	4	-1.3011
DUNGS_p_TCGA_b84_115_SNP_N_GenomeWideSNP_6_C05_771576	10	46366714	47012100	172	-0.4283
DUNGS_p_TCGA_b84_115_SNP_N_GenomeWideSNP_6_C05_771576	10	47015694	47173229	179	-0.9638
DUNGS_p_TCGA_b84_115_SNP_N_GenomeWideSNP_6_C05_771576	10	47173241	47525233	20	-0.5207
DUNGS_p_TCGA_b84_115_SNP_N_GenomeWideSNP_6_C05_771576	10	47556577	48460633	288	0.0339
DUNGS_p_TCGA_b84_115_SNP_N_GenomeWideSNP_6_C05_771576	10	48503408	48651258	9	-1.5462
DUNGS_p_TCGA_b84_115_SNP_N_GenomeWideSNP_6_C05_771576	10	48665687	66976282	12502	0.013
DUNGS_p_TCGA_b84_115_SNP_N_GenomeWideSNP_6_C05_771576	10	66977929	66984248	25	0.3821
DUNGS_p_TCGA_b84_115_SNP_N_GenomeWideSNP_6_C05_771576	10	66984407	77922857	6811	0.0112
DUNGS_p_TCGA_b84_115_SNP_N_GenomeWideSNP_6_C05_771576	10	77927067	77927616	2	-2.0179
DUNGS_p_TCGA_b84_115_SNP_N_GenomeWideSNP_6_C05_771576	10	77931273	82715245	3254	0.0134
DUNGS_p_TCGA_b84_115_SNP_N_GenomeWideSNP_6_C05_771576	10	82715453	82732637	5	-0.7421
DUNGS_p_TCGA_b84_115_SNP_N_GenomeWideSNP_6_C05_771576	10	82737765	108798363	16984	0.0102
DUNGS_p_TCGA_b84_115_SNP_N_GenomeWideSNP_6_C05_771576	10	108798470	108799514	2	-1.2171
DUNGS_p_TCGA_b84_115_SNP_N_GenomeWideSNP_6_C05_771576	10	108799609	122753665	9941	0.0124
DUNGS_p_TCGA_b84_115_SNP_N_GenomeWideSNP_6_C05_771576	10	122760653	122779532	21	-0.6567
DUNGS_p_TCGA_b84_115_SNP_N_GenomeWideSNP_6_C05_771576	10	122779554	135225684	9305	0.0108
DUNGS_p_TCGA_b84_115_SNP_N_GenomeWideSNP_6_C05_771576	10	135227259	135239886	7	-0.7382
DUNGS_p_TCGA_b84_115_SNP_N_GenomeWideSNP_6_C05_771576	10	135246274	135284541	27	0.0778
DUNGS_p_TCGA_b84_115_SNP_N_GenomeWideSNP_6_C05_771576	10	135299347	135356694	5	-0.8597
DUNGS_p_TCGA_b84_115_SNP_N_GenomeWideSNP_6_C05_771576	11	188510	4219149	1799	0.0243
DUNGS_p_TCGA_b84_115_SNP_N_GenomeWideSNP_6_C05_771576	11	4225196	4257952	12	-1.0291
DUNGS_p_TCGA_b84_115_SNP_N_GenomeWideSNP_6_C05_771576	11	4257967	4923952	667	0.0186
DUNGS_p_TCGA_b84_115_SNP_N_GenomeWideSNP_6_C05_771576	11	4923972	4926943	10	0.3518
DUNGS_p_TCGA_b84_115_SNP_N_GenomeWideSNP_6_C05_771576	11	4928581	4930186	10	0.9475
DUNGS_p_TCGA_b84_115_SNP_N_GenomeWideSNP_6_C05_771576	11	4930294	4932281	11	0.5692
DUNGS_p_TCGA_b84_115_SNP_N_GenomeWideSNP_6_C05_771576	11	4932833	5829007	903	0.0172
DUNGS_p_TCGA_b84_115_SNP_N_GenomeWideSNP_6_C05_771576	11	5832443	5839893	5	-3.6508
DUNGS_p_TCGA_b84_115_SNP_N_GenomeWideSNP_6_C05_771576	11	5842287	6814495	665	0.007
DUNGS_p_TCGA_b84_115_SNP_N_GenomeWideSNP_6_C05_771576	11	6815231	6815317	2	-0.9897
DUNGS_p_TCGA_b84_115_SNP_N_GenomeWideSNP_6_C05_771576	11	6815324	7422932	506	0.0191
DUNGS_p_TCGA_b84_115_SNP_N_GenomeWideSNP_6_C05_771576	11	7423847	7426001	2	-1.2316
DUNGS_p_TCGA_b84_115_SNP_N_GenomeWideSNP_6_C05_771576	11	7428019	25562420	13504	0.0121
DUNGS_p_TCGA_b84_115_SNP_N_GenomeWideSNP_6_C05_771576	11	25565122	25581317	23	-0.9536
DUNGS_p_TCGA_b84_115_SNP_N_GenomeWideSNP_6_C05_771576	11	25590159	25658813	56	0.0126
DUNGS_p_TCGA_b84_115_SNP_N_GenomeWideSNP_6_C05_771576	11	25658909	25675557	26	-0.5893
DUNGS_p_TCGA_b84_115_SNP_N_GenomeWideSNP_6_C05_771576	11	25678654	30132282	2950	0.0104
DUNGS_p_TCGA_b84_115_SNP_N_GenomeWideSNP_6_C05_771576	11	30132364	30132430	2	1.1121
DUNGS_p_TCGA_b84_115_SNP_N_GenomeWideSNP_6_C05_771576	11	30132597	31349870	785	0.008
DUNGS_p_TCGA_b84_115_SNP_N_GenomeWideSNP_6_C05_771576	11	31350844	31354783	3	0.798
DUNGS_p_TCGA_b84_115_SNP_N_GenomeWideSNP_6_C05_771576	11	31355308	35801506	3345	0.0064
DUNGS_p_TCGA_b84_115_SNP_N_GenomeWideSNP_6_C05_771576	11	35802136	35805978	2	-1.0126
DUNGS_p_TCGA_b84_115_SNP_N_GenomeWideSNP_6_C05_771576	11	35809045	50703802	9021	0.0095
DUNGS_p_TCGA_b84_115_SNP_N_GenomeWideSNP_6_C05_771576	11	50707300	51040482	13	-0.6164
DUNGS_p_TCGA_b84_115_SNP_N_GenomeWideSNP_6_C05_771576	11	51049446	55130764	381	0.0477
DUNGS_p_TCGA_b84_115_SNP_N_GenomeWideSNP_6_C05_771576	11	55130779	55209585	56	0.5402
DUNGS_p_TCGA_b84_115_SNP_N_GenomeWideSNP_6_C05_771576	11	55210152	60722052	3410	0.0159
DUNGS_p_TCGA_b84_115_SNP_N_GenomeWideSNP_6_C05_771576	11	60741036	60772382	3	-1.7391
DUNGS_p_TCGA_b84_115_SNP_N_GenomeWideSNP_6_C05_771576	11	60772824	76245483	7642	0.0121
DUNGS_p_TCGA_b84_115_SNP_N_GenomeWideSNP_6_C05_771576	11	76245571	76246550	2	-1.1828
DUNGS_p_TCGA_b84_115_SNP_N_GenomeWideSNP_6_C05_771576	11	76247231	76349291	46	0.0014
DUNGS_p_TCGA_b84_115_SNP_N_GenomeWideSNP_6_C05_771576	11	76352273	76352501	2	-1.4365
DUNGS_p_TCGA_b84_115_SNP_N_GenomeWideSNP_6_C05_771576	11	76358731	89127597	8845	0.0131
DUNGS_p_TCGA_b84_115_SNP_N_GenomeWideSNP_6_C05_771576	11	89132526	89169255	5	-0.7253
DUNGS_p_TCGA_b84_115_SNP_N_GenomeWideSNP_6_C05_771576	11	89175116	89207189	8	0.4951
DUNGS_p_TCGA_b84_115_SNP_N_GenomeWideSNP_6_C05_771576	11	89220000	90204692	558	0.0088
DUNGS_p_TCGA_b84_115_SNP_N_GenomeWideSNP_6_C05_771576	11	90206161	90210686	5	-0.791
DUNGS_p_TCGA_b84_115_SNP_N_GenomeWideSNP_6_C05_771576	11	90211812	134449982	31954	0.0105
DUNGS_p_TCGA_b84_115_SNP_N_GenomeWideSNP_6_C05_771576	12	20703	65570	12	-0.3376
DUNGS_p_TCGA_b84_115_SNP_N_GenomeWideSNP_6_C05_771576	12	66701	226103	103	0.0417
DUNGS_p_TCGA_b84_115_SNP_N_GenomeWideSNP_6_C05_771576	12	226700	227572	2	1.5108
DUNGS_p_TCGA_b84_115_SNP_N_GenomeWideSNP_6_C05_771576	12	227580	8447960	5507	0.0185
DUNGS_p_TCGA_b84_115_SNP_N_GenomeWideSNP_6_C05_771576	12	8449755	8449903	2	2.6577
DUNGS_p_TCGA_b84_115_SNP_N_GenomeWideSNP_6_C05_771576	12	8450059	9521823	585	0.0145
DUNGS_p_TCGA_b84_115_SNP_N_GenomeWideSNP_6_C05_771576	12	9525137	9619559	24	1.0875
DUNGS_p_TCGA_b84_115_SNP_N_GenomeWideSNP_6_C05_771576	12	9626236	30131009	14371	0.0113
DUNGS_p_TCGA_b84_115_SNP_N_GenomeWideSNP_6_C05_771576	12	30131178	30134898	17	0.3943
DUNGS_p_TCGA_b84_115_SNP_N_GenomeWideSNP_6_C05_771576	12	30134932	33192673	2276	0.0151
DUNGS_p_TCGA_b84_115_SNP_N_GenomeWideSNP_6_C05_771576	12	33192693	33199627	27	0.3811
DUNGS_p_TCGA_b84_115_SNP_N_GenomeWideSNP_6_C05_771576	12	33199654	34098276	564	0.037
DUNGS_p_TCGA_b84_115_SNP_N_GenomeWideSNP_6_C05_771576	12	34099623	34107572	7	-0.8503
DUNGS_p_TCGA_b84_115_SNP_N_GenomeWideSNP_6_C05_771576	12	34108767	37924643	1044	0.0236
DUNGS_p_TCGA_b84_115_SNP_N_GenomeWideSNP_6_C05_771576	12	37928322	37946195	5	-0.7203
DUNGS_p_TCGA_b84_115_SNP_N_GenomeWideSNP_6_C05_771576	12	37948141	71528383	20756	0.0082
DUNGS_p_TCGA_b84_115_SNP_N_GenomeWideSNP_6_C05_771576	12	71531671	71540153	4	0.9487
DUNGS_p_TCGA_b84_115_SNP_N_GenomeWideSNP_6_C05_771576	12	71540830	74471775	1799	0.0104
DUNGS_p_TCGA_b84_115_SNP_N_GenomeWideSNP_6_C05_771576	12	74480712	74487127	2	-1.2893
DUNGS_p_TCGA_b84_115_SNP_N_GenomeWideSNP_6_C05_771576	12	74487921	82687318	5130	0.004
DUNGS_p_TCGA_b84_115_SNP_N_GenomeWideSNP_6_C05_771576	12	82687421	82687479	2	-2.2696
DUNGS_p_TCGA_b84_115_SNP_N_GenomeWideSNP_6_C05_771576	12	82689372	89762445	4137	0.0034
DUNGS_p_TCGA_b84_115_SNP_N_GenomeWideSNP_6_C05_771576	12	89767187	89768041	3	-1.0317
DUNGS_p_TCGA_b84_115_SNP_N_GenomeWideSNP_6_C05_771576	12	89769513	132288262	28782	0.0092
DUNGS_p_TCGA_b84_115_SNP_N_GenomeWideSNP_6_C05_771576	13	17924949	23566972	3737	0.0167
DUNGS_p_TCGA_b84_115_SNP_N_GenomeWideSNP_6_C05_771576	13	23569601	23570222	3	-0.9736
DUNGS_p_TCGA_b84_115_SNP_N_GenomeWideSNP_6_C05_771576	13	23571104	24053126	436	0.0031
DUNGS_p_TCGA_b84_115_SNP_N_GenomeWideSNP_6_C05_771576	13	24061220	24071506	6	-0.9646
DUNGS_p_TCGA_b84_115_SNP_N_GenomeWideSNP_6_C05_771576	13	24075122	31430622	5474	0.0103
DUNGS_p_TCGA_b84_115_SNP_N_GenomeWideSNP_6_C05_771576	13	31430727	31436423	17	-0.8133
DUNGS_p_TCGA_b84_115_SNP_N_GenomeWideSNP_6_C05_771576	13	31438047	48429552	11968	0.0051
DUNGS_p_TCGA_b84_115_SNP_N_GenomeWideSNP_6_C05_771576	13	48431716	48434505	2	-3.5043
DUNGS_p_TCGA_b84_115_SNP_N_GenomeWideSNP_6_C05_771576	13	48435706	56649097	4509	0.0205
DUNGS_p_TCGA_b84_115_SNP_N_GenomeWideSNP_6_C05_771576	13	56656271	56676381	34	-0.584
DUNGS_p_TCGA_b84_115_SNP_N_GenomeWideSNP_6_C05_771576	13	56687715	87965004	19876	0.0149
DUNGS_p_TCGA_b84_115_SNP_N_GenomeWideSNP_6_C05_771576	13	87965338	87968996	2	-1.2458
DUNGS_p_TCGA_b84_115_SNP_N_GenomeWideSNP_6_C05_771576	13	87969047	104723555	11810	0.0093
DUNGS_p_TCGA_b84_115_SNP_N_GenomeWideSNP_6_C05_771576	13	104725433	104725948	3	-1.2707
DUNGS_p_TCGA_b84_115_SNP_N_GenomeWideSNP_6_C05_771576	13	104731011	114126499	6504	0.0092
DUNGS_p_TCGA_b84_115_SNP_N_GenomeWideSNP_6_C05_771576	14	18072124	19492423	189	-0.2506
DUNGS_p_TCGA_b84_115_SNP_N_GenomeWideSNP_6_C05_771576	14	19493212	19620380	94	0.025
DUNGS_p_TCGA_b84_115_SNP_N_GenomeWideSNP_6_C05_771576	14	19623124	19625036	2	1.9261
DUNGS_p_TCGA_b84_115_SNP_N_GenomeWideSNP_6_C05_771576	14	19627107	26178424	4470	0.0207
DUNGS_p_TCGA_b84_115_SNP_N_GenomeWideSNP_6_C05_771576	14	26180064	26184477	4	-0.8997
DUNGS_p_TCGA_b84_115_SNP_N_GenomeWideSNP_6_C05_771576	14	26186362	40677384	9090	0.0091
DUNGS_p_TCGA_b84_115_SNP_N_GenomeWideSNP_6_C05_771576	14	40678108	40746430	21	0.4314
DUNGS_p_TCGA_b84_115_SNP_N_GenomeWideSNP_6_C05_771576	14	40746446	43827867	1882	0.0153
DUNGS_p_TCGA_b84_115_SNP_N_GenomeWideSNP_6_C05_771576	14	43828790	43828793	2	-1.4898
DUNGS_p_TCGA_b84_115_SNP_N_GenomeWideSNP_6_C05_771576	14	43828946	47579600	2196	0.0151
DUNGS_p_TCGA_b84_115_SNP_N_GenomeWideSNP_6_C05_771576	14	47580327	47580340	2	-1.3022
DUNGS_p_TCGA_b84_115_SNP_N_GenomeWideSNP_6_C05_771576	14	47582687	99490749	34566	0.0074
DUNGS_p_TCGA_b84_115_SNP_N_GenomeWideSNP_6_C05_771576	14	99498172	99498969	2	-2.2189
DUNGS_p_TCGA_b84_115_SNP_N_GenomeWideSNP_6_C05_771576	14	99501209	100540326	540	-0.0269
DUNGS_p_TCGA_b84_115_SNP_N_GenomeWideSNP_6_C05_771576	14	100540605	100544735	5	-0.6099
DUNGS_p_TCGA_b84_115_SNP_N_GenomeWideSNP_6_C05_771576	14	100545459	105618359	2156	0.0195
DUNGS_p_TCGA_b84_115_SNP_N_GenomeWideSNP_6_C05_771576	14	105618552	105624231	6	1.0434
DUNGS_p_TCGA_b84_115_SNP_N_GenomeWideSNP_6_C05_771576	14	105626966	105867070	107	-0.0195
DUNGS_p_TCGA_b84_115_SNP_N_GenomeWideSNP_6_C05_771576	14	105867273	105873098	6	-0.9337
DUNGS_p_TCGA_b84_115_SNP_N_GenomeWideSNP_6_C05_771576	14	105886988	106238011	227	0.0518
DUNGS_p_TCGA_b84_115_SNP_N_GenomeWideSNP_6_C05_771576	14	106238632	106245617	4	0.9089
DUNGS_p_TCGA_b84_115_SNP_N_GenomeWideSNP_6_C05_771576	14	106247258	106356482	77	-0.0592
DUNGS_p_TCGA_b84_115_SNP_N_GenomeWideSNP_6_C05_771576	15	18276341	18466953	48	-0.0513
DUNGS_p_TCGA_b84_115_SNP_N_GenomeWideSNP_6_C05_771576	15	18476969	18652835	12	0.5247
DUNGS_p_TCGA_b84_115_SNP_N_GenomeWideSNP_6_C05_771576	15	18655543	18700552	8	-0.0563
DUNGS_p_TCGA_b84_115_SNP_N_GenomeWideSNP_6_C05_771576	15	18706152	18841578	37	-0.4997
DUNGS_p_TCGA_b84_115_SNP_N_GenomeWideSNP_6_C05_771576	15	18846002	18846971	12	0.3963
DUNGS_p_TCGA_b84_115_SNP_N_GenomeWideSNP_6_C05_771576	15	18850041	18906699	29	-0.3543
DUNGS_p_TCGA_b84_115_SNP_N_GenomeWideSNP_6_C05_771576	15	18977400	19080173	10	0.5591
DUNGS_p_TCGA_b84_115_SNP_N_GenomeWideSNP_6_C05_771576	15	19090388	19233131	52	-0.2906
DUNGS_p_TCGA_b84_115_SNP_N_GenomeWideSNP_6_C05_771576	15	19234784	19314127	28	-0.8224
DUNGS_p_TCGA_b84_115_SNP_N_GenomeWideSNP_6_C05_771576	15	19334428	19438545	45	-0.349
DUNGS_p_TCGA_b84_115_SNP_N_GenomeWideSNP_6_C05_771576	15	19451059	19456870	4	-1.5284
DUNGS_p_TCGA_b84_115_SNP_N_GenomeWideSNP_6_C05_771576	15	19456985	19787133	25	-0.2799
DUNGS_p_TCGA_b84_115_SNP_N_GenomeWideSNP_6_C05_771576	15	19788634	19792388	2	2.2823
DUNGS_p_TCGA_b84_115_SNP_N_GenomeWideSNP_6_C05_771576	15	19794591	20088838	110	-0.5617
DUNGS_p_TCGA_b84_115_SNP_N_GenomeWideSNP_6_C05_771576	15	20224763	20817792	306	0.003
DUNGS_p_TCGA_b84_115_SNP_N_GenomeWideSNP_6_C05_771576	15	20828889	21033802	11	-0.9348
DUNGS_p_TCGA_b84_115_SNP_N_GenomeWideSNP_6_C05_771576	15	21038898	21922844	550	-0.0019
DUNGS_p_TCGA_b84_115_SNP_N_GenomeWideSNP_6_C05_771576	15	21923705	21923747	3	-0.9288
DUNGS_p_TCGA_b84_115_SNP_N_GenomeWideSNP_6_C05_771576	15	21925938	22044737	66	0.0843
DUNGS_p_TCGA_b84_115_SNP_N_GenomeWideSNP_6_C05_771576	15	22052504	22065713	8	0.7486
DUNGS_p_TCGA_b84_115_SNP_N_GenomeWideSNP_6_C05_771576	15	22065947	22220838	62	-5e-04
DUNGS_p_TCGA_b84_115_SNP_N_GenomeWideSNP_6_C05_771576	15	22225844	22284333	45	-0.5271
DUNGS_p_TCGA_b84_115_SNP_N_GenomeWideSNP_6_C05_771576	15	22288371	23295257	646	0.0144
DUNGS_p_TCGA_b84_115_SNP_N_GenomeWideSNP_6_C05_771576	15	23298101	23298364	2	-1.0274
DUNGS_p_TCGA_b84_115_SNP_N_GenomeWideSNP_6_C05_771576	15	23298670	25593092	1697	0.0143
DUNGS_p_TCGA_b84_115_SNP_N_GenomeWideSNP_6_C05_771576	15	25593858	25601401	12	-0.932
DUNGS_p_TCGA_b84_115_SNP_N_GenomeWideSNP_6_C05_771576	15	25602389	28157323	1272	0.0179
DUNGS_p_TCGA_b84_115_SNP_N_GenomeWideSNP_6_C05_771576	15	28173703	28237661	7	-1.1266
DUNGS_p_TCGA_b84_115_SNP_N_GenomeWideSNP_6_C05_771576	15	28278679	28688170	104	-0.3881
DUNGS_p_TCGA_b84_115_SNP_N_GenomeWideSNP_6_C05_771576	15	28700879	30258798	1055	0.0096
DUNGS_p_TCGA_b84_115_SNP_N_GenomeWideSNP_6_C05_771576	15	30259023	30690275	65	-0.2619
DUNGS_p_TCGA_b84_115_SNP_N_GenomeWideSNP_6_C05_771576	15	30691907	31545438	744	0.0103
DUNGS_p_TCGA_b84_115_SNP_N_GenomeWideSNP_6_C05_771576	15	31547408	31549078	2	1.1282
DUNGS_p_TCGA_b84_115_SNP_N_GenomeWideSNP_6_C05_771576	15	31550349	100252532	45029	0.0103
DUNGS_p_TCGA_b84_115_SNP_N_GenomeWideSNP_6_C05_771576	15	100258445	100286563	4	-1.333
DUNGS_p_TCGA_b84_115_SNP_N_GenomeWideSNP_6_C05_771576	16	777	595263	290	3e-04
DUNGS_p_TCGA_b84_115_SNP_N_GenomeWideSNP_6_C05_771576	16	608968	608986	3	-1.3697
DUNGS_p_TCGA_b84_115_SNP_N_GenomeWideSNP_6_C05_771576	16	617855	19853309	13251	0.0175
DUNGS_p_TCGA_b84_115_SNP_N_GenomeWideSNP_6_C05_771576	16	19853400	19873376	26	-0.8302
DUNGS_p_TCGA_b84_115_SNP_N_GenomeWideSNP_6_C05_771576	16	19874863	21422575	910	-0.0036
DUNGS_p_TCGA_b84_115_SNP_N_GenomeWideSNP_6_C05_771576	16	21422589	21493532	18	-0.4575
DUNGS_p_TCGA_b84_115_SNP_N_GenomeWideSNP_6_C05_771576	16	21494225	22465433	370	0.0294
DUNGS_p_TCGA_b84_115_SNP_N_GenomeWideSNP_6_C05_771576	16	22465812	22612021	71	-0.2875
DUNGS_p_TCGA_b84_115_SNP_N_GenomeWideSNP_6_C05_771576	16	22618243	28539086	4061	0.0107
DUNGS_p_TCGA_b84_115_SNP_N_GenomeWideSNP_6_C05_771576	16	28539522	28556704	2	-1.3589
DUNGS_p_TCGA_b84_115_SNP_N_GenomeWideSNP_6_C05_771576	16	28615700	54354011	8349	0.0049
DUNGS_p_TCGA_b84_115_SNP_N_GenomeWideSNP_6_C05_771576	16	54354076	54379898	19	-0.7835
DUNGS_p_TCGA_b84_115_SNP_N_GenomeWideSNP_6_C05_771576	16	54379945	76929109	14522	0.0099
DUNGS_p_TCGA_b84_115_SNP_N_GenomeWideSNP_6_C05_771576	16	76929941	76942938	19	0.7343
DUNGS_p_TCGA_b84_115_SNP_N_GenomeWideSNP_6_C05_771576	16	76942983	77611235	899	0.0329
DUNGS_p_TCGA_b84_115_SNP_N_GenomeWideSNP_6_C05_771576	16	77611280	77611361	2	-1.2359
DUNGS_p_TCGA_b84_115_SNP_N_GenomeWideSNP_6_C05_771576	16	77611413	80392610	2889	0.0037
DUNGS_p_TCGA_b84_115_SNP_N_GenomeWideSNP_6_C05_771576	16	80395347	80398185	5	0.9562
DUNGS_p_TCGA_b84_115_SNP_N_GenomeWideSNP_6_C05_771576	16	80399286	88815036	6853	0.0136
DUNGS_p_TCGA_b84_115_SNP_N_GenomeWideSNP_6_C05_771576	17	526	551669	298	0.0323
DUNGS_p_TCGA_b84_115_SNP_N_GenomeWideSNP_6_C05_771576	17	551739	778927	125	0.554
DUNGS_p_TCGA_b84_115_SNP_N_GenomeWideSNP_6_C05_771576	17	778970	8183635	4135	0.0026
DUNGS_p_TCGA_b84_115_SNP_N_GenomeWideSNP_6_C05_771576	17	8188272	8188458	2	-2.4159
DUNGS_p_TCGA_b84_115_SNP_N_GenomeWideSNP_6_C05_771576	17	8190183	8524185	200	0.0019
DUNGS_p_TCGA_b84_115_SNP_N_GenomeWideSNP_6_C05_771576	17	8524543	8524684	2	-1.3682
DUNGS_p_TCGA_b84_115_SNP_N_GenomeWideSNP_6_C05_771576	17	8525188	16595026	5755	0.0112
DUNGS_p_TCGA_b84_115_SNP_N_GenomeWideSNP_6_C05_771576	17	16598056	16663526	10	-0.7186
DUNGS_p_TCGA_b84_115_SNP_N_GenomeWideSNP_6_C05_771576	17	16676257	18230648	917	0.0045
DUNGS_p_TCGA_b84_115_SNP_N_GenomeWideSNP_6_C05_771576	17	18234152	18260587	7	-0.4817
DUNGS_p_TCGA_b84_115_SNP_N_GenomeWideSNP_6_C05_771576	17	18296117	18394162	26	0.7609
DUNGS_p_TCGA_b84_115_SNP_N_GenomeWideSNP_6_C05_771576	17	18399997	18530191	31	-0.0357
DUNGS_p_TCGA_b84_115_SNP_N_GenomeWideSNP_6_C05_771576	17	18539508	18543257	4	-0.9943
DUNGS_p_TCGA_b84_115_SNP_N_GenomeWideSNP_6_C05_771576	17	18550361	20279050	784	0.0168
DUNGS_p_TCGA_b84_115_SNP_N_GenomeWideSNP_6_C05_771576	17	20294465	20304914	3	0.9777
DUNGS_p_TCGA_b84_115_SNP_N_GenomeWideSNP_6_C05_771576	17	20310045	23803180	1512	0.0064
DUNGS_p_TCGA_b84_115_SNP_N_GenomeWideSNP_6_C05_771576	17	23805468	23806446	2	1.2549
DUNGS_p_TCGA_b84_115_SNP_N_GenomeWideSNP_6_C05_771576	17	23813398	31460821	4592	0.0183
DUNGS_p_TCGA_b84_115_SNP_N_GenomeWideSNP_6_C05_771576	17	31461241	31509204	37	1.0445
DUNGS_p_TCGA_b84_115_SNP_N_GenomeWideSNP_6_C05_771576	17	31552238	36675234	2547	0.0186
DUNGS_p_TCGA_b84_115_SNP_N_GenomeWideSNP_6_C05_771576	17	36676540	36684057	24	1.1726
DUNGS_p_TCGA_b84_115_SNP_N_GenomeWideSNP_6_C05_771576	17	36686250	41010873	2169	0.0126
DUNGS_p_TCGA_b84_115_SNP_N_GenomeWideSNP_6_C05_771576	17	41012163	41015209	6	-0.9638
DUNGS_p_TCGA_b84_115_SNP_N_GenomeWideSNP_6_C05_771576	17	41020476	41610190	416	7e-04
DUNGS_p_TCGA_b84_115_SNP_N_GenomeWideSNP_6_C05_771576	17	41610271	41647935	28	-0.54
DUNGS_p_TCGA_b84_115_SNP_N_GenomeWideSNP_6_C05_771576	17	41648396	41719947	19	-0.2704
DUNGS_p_TCGA_b84_115_SNP_N_GenomeWideSNP_6_C05_771576	17	41750187	42120174	49	0.3534
DUNGS_p_TCGA_b84_115_SNP_N_GenomeWideSNP_6_C05_771576	17	42139835	76566982	20861	0.0109
DUNGS_p_TCGA_b84_115_SNP_N_GenomeWideSNP_6_C05_771576	17	76577476	76577540	3	-1.1367
DUNGS_p_TCGA_b84_115_SNP_N_GenomeWideSNP_6_C05_771576	17	76581510	78643088	772	0.008
DUNGS_p_TCGA_b84_115_SNP_N_GenomeWideSNP_6_C05_771576	18	1543	36514478	22870	0.0054
DUNGS_p_TCGA_b84_115_SNP_N_GenomeWideSNP_6_C05_771576	18	36514488	36519375	13	0.6146
DUNGS_p_TCGA_b84_115_SNP_N_GenomeWideSNP_6_C05_771576	18	36519387	38310599	1219	0.0111
DUNGS_p_TCGA_b84_115_SNP_N_GenomeWideSNP_6_C05_771576	18	38310635	38312393	24	0.3427
DUNGS_p_TCGA_b84_115_SNP_N_GenomeWideSNP_6_C05_771576	18	38314935	61353956	15909	0.0061
DUNGS_p_TCGA_b84_115_SNP_N_GenomeWideSNP_6_C05_771576	18	61353975	61355499	11	-0.4833
DUNGS_p_TCGA_b84_115_SNP_N_GenomeWideSNP_6_C05_771576	18	61355514	63110203	1202	0.0223
DUNGS_p_TCGA_b84_115_SNP_N_GenomeWideSNP_6_C05_771576	18	63110303	63118245	19	-0.7436
DUNGS_p_TCGA_b84_115_SNP_N_GenomeWideSNP_6_C05_771576	18	63118698	76116029	9602	0.0209
DUNGS_p_TCGA_b84_115_SNP_N_GenomeWideSNP_6_C05_771576	19	41910	16588129	7219	0.0113
DUNGS_p_TCGA_b84_115_SNP_N_GenomeWideSNP_6_C05_771576	19	16589605	16592906	3	-1.2001
DUNGS_p_TCGA_b84_115_SNP_N_GenomeWideSNP_6_C05_771576	19	16593479	47982613	13374	0.0099
DUNGS_p_TCGA_b84_115_SNP_N_GenomeWideSNP_6_C05_771576	19	47986230	48234671	118	-0.8092
DUNGS_p_TCGA_b84_115_SNP_N_GenomeWideSNP_6_C05_771576	19	48240854	48389173	71	-0.0463
DUNGS_p_TCGA_b84_115_SNP_N_GenomeWideSNP_6_C05_771576	19	48394873	48458499	23	-0.7467
DUNGS_p_TCGA_b84_115_SNP_N_GenomeWideSNP_6_C05_771576	19	48458852	48503651	24	-0.149
DUNGS_p_TCGA_b84_115_SNP_N_GenomeWideSNP_6_C05_771576	19	48509277	48509714	4	-1.1928
DUNGS_p_TCGA_b84_115_SNP_N_GenomeWideSNP_6_C05_771576	19	48509835	55244706	3270	0.0149
DUNGS_p_TCGA_b84_115_SNP_N_GenomeWideSNP_6_C05_771576	19	55250351	55250949	3	-2.7912
DUNGS_p_TCGA_b84_115_SNP_N_GenomeWideSNP_6_C05_771576	19	55255078	56836402	875	0.0021
DUNGS_p_TCGA_b84_115_SNP_N_GenomeWideSNP_6_C05_771576	19	56836958	56840009	6	-0.859
DUNGS_p_TCGA_b84_115_SNP_N_GenomeWideSNP_6_C05_771576	19	56846717	58192278	931	0.0123
DUNGS_p_TCGA_b84_115_SNP_N_GenomeWideSNP_6_C05_771576	19	58197624	58197733	4	-0.9707
DUNGS_p_TCGA_b84_115_SNP_N_GenomeWideSNP_6_C05_771576	19	58198058	58848256	511	-0.0023
DUNGS_p_TCGA_b84_115_SNP_N_GenomeWideSNP_6_C05_771576	19	58849393	58851184	2	-2.0154
DUNGS_p_TCGA_b84_115_SNP_N_GenomeWideSNP_6_C05_771576	19	58852981	59372574	265	0.0261
DUNGS_p_TCGA_b84_115_SNP_N_GenomeWideSNP_6_C05_771576	19	59373410	59374089	2	1.2479
DUNGS_p_TCGA_b84_115_SNP_N_GenomeWideSNP_6_C05_771576	19	59374323	59414087	39	0.0245
DUNGS_p_TCGA_b84_115_SNP_N_GenomeWideSNP_6_C05_771576	19	59422014	59433131	17	0.5333
DUNGS_p_TCGA_b84_115_SNP_N_GenomeWideSNP_6_C05_771576	19	59445152	60963955	759	0.0194
DUNGS_p_TCGA_b84_115_SNP_N_GenomeWideSNP_6_C05_771576	19	60964869	60974347	5	-1.7094
DUNGS_p_TCGA_b84_115_SNP_N_GenomeWideSNP_6_C05_771576	19	60974841	63789666	1852	0.0223
DUNGS_p_TCGA_b84_115_SNP_N_GenomeWideSNP_6_C05_771576	20	9305	1530092	1242	0.0225
DUNGS_p_TCGA_b84_115_SNP_N_GenomeWideSNP_6_C05_771576	20	1530207	1541893	6	-1.181
DUNGS_p_TCGA_b84_115_SNP_N_GenomeWideSNP_6_C05_771576	20	1545946	5557793	2918	0.0161
DUNGS_p_TCGA_b84_115_SNP_N_GenomeWideSNP_6_C05_771576	20	5557830	5558737	3	-0.9261
DUNGS_p_TCGA_b84_115_SNP_N_GenomeWideSNP_6_C05_771576	20	5565677	20077883	11769	0.0118
DUNGS_p_TCGA_b84_115_SNP_N_GenomeWideSNP_6_C05_771576	20	20084493	20086513	2	-1.1571
DUNGS_p_TCGA_b84_115_SNP_N_GenomeWideSNP_6_C05_771576	20	20087181	23113015	2129	0.0053
DUNGS_p_TCGA_b84_115_SNP_N_GenomeWideSNP_6_C05_771576	20	23118731	23122394	7	-0.7644
DUNGS_p_TCGA_b84_115_SNP_N_GenomeWideSNP_6_C05_771576	20	23124512	30919900	2837	0.0038
DUNGS_p_TCGA_b84_115_SNP_N_GenomeWideSNP_6_C05_771576	20	30923005	30924743	4	-0.9183
DUNGS_p_TCGA_b84_115_SNP_N_GenomeWideSNP_6_C05_771576	20	30925993	52920646	14869	3e-04
DUNGS_p_TCGA_b84_115_SNP_N_GenomeWideSNP_6_C05_771576	20	52924924	52925517	6	-0.6908
DUNGS_p_TCGA_b84_115_SNP_N_GenomeWideSNP_6_C05_771576	20	52926695	62426597	6739	0.0134
DUNGS_p_TCGA_b84_115_SNP_N_GenomeWideSNP_6_C05_771576	21	9758742	13378287	133	-0.0911
DUNGS_p_TCGA_b84_115_SNP_N_GenomeWideSNP_6_C05_771576	21	13386250	13471836	15	-0.6993
DUNGS_p_TCGA_b84_115_SNP_N_GenomeWideSNP_6_C05_771576	21	13482581	14009920	253	-0.0139
DUNGS_p_TCGA_b84_115_SNP_N_GenomeWideSNP_6_C05_771576	21	14012499	14022585	13	-0.4833
DUNGS_p_TCGA_b84_115_SNP_N_GenomeWideSNP_6_C05_771576	21	14022656	46921385	24020	0.01
DUNGS_p_TCGA_b84_115_SNP_N_GenomeWideSNP_6_C05_771576	22	14432528	17285606	1264	-0.012
DUNGS_p_TCGA_b84_115_SNP_N_GenomeWideSNP_6_C05_771576	22	17288641	17289276	3	-1.1329
DUNGS_p_TCGA_b84_115_SNP_N_GenomeWideSNP_6_C05_771576	22	17296856	19795493	1584	0.0198
DUNGS_p_TCGA_b84_115_SNP_N_GenomeWideSNP_6_C05_771576	22	19795630	20038030	11	-0.6951
DUNGS_p_TCGA_b84_115_SNP_N_GenomeWideSNP_6_C05_771576	22	20038108	22601536	1725	0.0148
DUNGS_p_TCGA_b84_115_SNP_N_GenomeWideSNP_6_C05_771576	22	22601611	22662625	34	0.3619
DUNGS_p_TCGA_b84_115_SNP_N_GenomeWideSNP_6_C05_771576	22	22662933	22674422	4	-0.8225
DUNGS_p_TCGA_b84_115_SNP_N_GenomeWideSNP_6_C05_771576	22	22680529	22726814	19	-1.7764
DUNGS_p_TCGA_b84_115_SNP_N_GenomeWideSNP_6_C05_771576	22	22731529	23197882	248	0.006
DUNGS_p_TCGA_b84_115_SNP_N_GenomeWideSNP_6_C05_771576	22	23201783	23207292	4	-0.8114
DUNGS_p_TCGA_b84_115_SNP_N_GenomeWideSNP_6_C05_771576	22	23207776	23993985	571	0.0016
DUNGS_p_TCGA_b84_115_SNP_N_GenomeWideSNP_6_C05_771576	22	23994249	23996235	4	0.7093
DUNGS_p_TCGA_b84_115_SNP_N_GenomeWideSNP_6_C05_771576	22	23999569	24175842	170	-0.0432
DUNGS_p_TCGA_b84_115_SNP_N_GenomeWideSNP_6_C05_771576	22	24175937	24176998	3	-1.0387
DUNGS_p_TCGA_b84_115_SNP_N_GenomeWideSNP_6_C05_771576	22	24179902	34774134	8153	0.0075
DUNGS_p_TCGA_b84_115_SNP_N_GenomeWideSNP_6_C05_771576	22	34774265	34775538	4	-1.2707
DUNGS_p_TCGA_b84_115_SNP_N_GenomeWideSNP_6_C05_771576	22	34778293	43512004	5304	0.0135
DUNGS_p_TCGA_b84_115_SNP_N_GenomeWideSNP_6_C05_771576	22	43514470	43525479	6	-0.8968
DUNGS_p_TCGA_b84_115_SNP_N_GenomeWideSNP_6_C05_771576	22	43528867	43826633	239	0.0287
DUNGS_p_TCGA_b84_115_SNP_N_GenomeWideSNP_6_C05_771576	22	43826849	43827434	2	-1.7003
DUNGS_p_TCGA_b84_115_SNP_N_GenomeWideSNP_6_C05_771576	22	43827774	47872695	3203	0.0084
DUNGS_p_TCGA_b84_115_SNP_N_GenomeWideSNP_6_C05_771576	22	47873132	47873421	5	-1.2271
DUNGS_p_TCGA_b84_115_SNP_N_GenomeWideSNP_6_C05_771576	22	47874929	49581321	1023	0.017
DUNGS_p_TCGA_b84_115_SNP_N_GenomeWideSNP_6_C05_771576	X	108477	307725	12	-0.3384
DUNGS_p_TCGA_b84_115_SNP_N_GenomeWideSNP_6_C05_771576	X	307744	307775	3	-1.6857
DUNGS_p_TCGA_b84_115_SNP_N_GenomeWideSNP_6_C05_771576	X	321522	551236	47	-0.3676
DUNGS_p_TCGA_b84_115_SNP_N_GenomeWideSNP_6_C05_771576	X	556365	12054573	7031	0.0244
DUNGS_p_TCGA_b84_115_SNP_N_GenomeWideSNP_6_C05_771576	X	12054688	12054773	2	-5.7409
DUNGS_p_TCGA_b84_115_SNP_N_GenomeWideSNP_6_C05_771576	X	12054869	31149403	12181	0.0217
DUNGS_p_TCGA_b84_115_SNP_N_GenomeWideSNP_6_C05_771576	X	31150661	31150826	3	-1.5069
DUNGS_p_TCGA_b84_115_SNP_N_GenomeWideSNP_6_C05_771576	X	31150947	31437250	208	0.0048
DUNGS_p_TCGA_b84_115_SNP_N_GenomeWideSNP_6_C05_771576	X	31437309	31443937	3	-1.3044
DUNGS_p_TCGA_b84_115_SNP_N_GenomeWideSNP_6_C05_771576	X	31444038	41145591	6175	0.0191
DUNGS_p_TCGA_b84_115_SNP_N_GenomeWideSNP_6_C05_771576	X	41145881	41150722	3	-1.9048
DUNGS_p_TCGA_b84_115_SNP_N_GenomeWideSNP_6_C05_771576	X	41153377	53496367	5739	0.0064
DUNGS_p_TCGA_b84_115_SNP_N_GenomeWideSNP_6_C05_771576	X	53497421	53505282	4	-2.8672
DUNGS_p_TCGA_b84_115_SNP_N_GenomeWideSNP_6_C05_771576	X	53513593	56673193	1424	0.0079
DUNGS_p_TCGA_b84_115_SNP_N_GenomeWideSNP_6_C05_771576	X	56678637	56689430	3	-1.5323
DUNGS_p_TCGA_b84_115_SNP_N_GenomeWideSNP_6_C05_771576	X	56695636	65662393	2444	-0.0063
DUNGS_p_TCGA_b84_115_SNP_N_GenomeWideSNP_6_C05_771576	X	65663185	65663804	2	-1.3271
DUNGS_p_TCGA_b84_115_SNP_N_GenomeWideSNP_6_C05_771576	X	65664897	69421394	1897	-0.0032
DUNGS_p_TCGA_b84_115_SNP_N_GenomeWideSNP_6_C05_771576	X	69421489	69421512	2	1.4323
DUNGS_p_TCGA_b84_115_SNP_N_GenomeWideSNP_6_C05_771576	X	69423244	71933119	1051	0.0114
DUNGS_p_TCGA_b84_115_SNP_N_GenomeWideSNP_6_C05_771576	X	71941087	71941665	2	1.9417
DUNGS_p_TCGA_b84_115_SNP_N_GenomeWideSNP_6_C05_771576	X	71978319	73081297	406	-0.0241
DUNGS_p_TCGA_b84_115_SNP_N_GenomeWideSNP_6_C05_771576	X	73083436	73085075	2	-1.4635
DUNGS_p_TCGA_b84_115_SNP_N_GenomeWideSNP_6_C05_771576	X	73090690	76404727	1539	0.0188
DUNGS_p_TCGA_b84_115_SNP_N_GenomeWideSNP_6_C05_771576	X	76430520	76440325	3	-0.98
DUNGS_p_TCGA_b84_115_SNP_N_GenomeWideSNP_6_C05_771576	X	76461534	78842160	993	0.0197
DUNGS_p_TCGA_b84_115_SNP_N_GenomeWideSNP_6_C05_771576	X	78842177	78844761	4	-0.9642
DUNGS_p_TCGA_b84_115_SNP_N_GenomeWideSNP_6_C05_771576	X	78845241	79364692	421	0.0176
DUNGS_p_TCGA_b84_115_SNP_N_GenomeWideSNP_6_C05_771576	X	79364941	79365000	2	1.3535
DUNGS_p_TCGA_b84_115_SNP_N_GenomeWideSNP_6_C05_771576	X	79365251	84717255	2744	0.0187
DUNGS_p_TCGA_b84_115_SNP_N_GenomeWideSNP_6_C05_771576	X	84717552	84717562	2	-1.6899
DUNGS_p_TCGA_b84_115_SNP_N_GenomeWideSNP_6_C05_771576	X	84717968	85975955	928	0.0097
DUNGS_p_TCGA_b84_115_SNP_N_GenomeWideSNP_6_C05_771576	X	85976721	85976967	2	-3.1481
DUNGS_p_TCGA_b84_115_SNP_N_GenomeWideSNP_6_C05_771576	X	85977805	100520908	7856	0.0021
DUNGS_p_TCGA_b84_115_SNP_N_GenomeWideSNP_6_C05_771576	X	100523784	100523854	2	-1.4782
DUNGS_p_TCGA_b84_115_SNP_N_GenomeWideSNP_6_C05_771576	X	100524236	110183856	5028	0.0065
DUNGS_p_TCGA_b84_115_SNP_N_GenomeWideSNP_6_C05_771576	X	110183929	110187315	4	1.128
DUNGS_p_TCGA_b84_115_SNP_N_GenomeWideSNP_6_C05_771576	X	110187683	110712051	278	-3e-04
DUNGS_p_TCGA_b84_115_SNP_N_GenomeWideSNP_6_C05_771576	X	110715474	110716028	2	-1.9322
DUNGS_p_TCGA_b84_115_SNP_N_GenomeWideSNP_6_C05_771576	X	110716064	115047709	2414	0.0133
DUNGS_p_TCGA_b84_115_SNP_N_GenomeWideSNP_6_C05_771576	X	115051983	115056558	4	-1.3154
DUNGS_p_TCGA_b84_115_SNP_N_GenomeWideSNP_6_C05_771576	X	115059365	116452472	917	0.0018
DUNGS_p_TCGA_b84_115_SNP_N_GenomeWideSNP_6_C05_771576	X	116452857	116453165	2	1.7402
DUNGS_p_TCGA_b84_115_SNP_N_GenomeWideSNP_6_C05_771576	X	116454149	116865378	284	0.0293
DUNGS_p_TCGA_b84_115_SNP_N_GenomeWideSNP_6_C05_771576	X	116867595	116868092	3	-1.2846
DUNGS_p_TCGA_b84_115_SNP_N_GenomeWideSNP_6_C05_771576	X	116869230	120801922	2305	0.0158
DUNGS_p_TCGA_b84_115_SNP_N_GenomeWideSNP_6_C05_771576	X	120804678	120805364	4	-4.9849
DUNGS_p_TCGA_b84_115_SNP_N_GenomeWideSNP_6_C05_771576	X	120808335	134676593	7814	0.0097
DUNGS_p_TCGA_b84_115_SNP_N_GenomeWideSNP_6_C05_771576	X	134682595	134707740	8	1.0287
DUNGS_p_TCGA_b84_115_SNP_N_GenomeWideSNP_6_C05_771576	X	134719314	134757352	33	0.0584
DUNGS_p_TCGA_b84_115_SNP_N_GenomeWideSNP_6_C05_771576	X	134775053	134775578	3	-1.6374
DUNGS_p_TCGA_b84_115_SNP_N_GenomeWideSNP_6_C05_771576	X	134775661	139320991	2766	0.0071
DUNGS_p_TCGA_b84_115_SNP_N_GenomeWideSNP_6_C05_771576	X	139324076	139328860	6	-1.9188
DUNGS_p_TCGA_b84_115_SNP_N_GenomeWideSNP_6_C05_771576	X	139332400	142112185	1878	0.0241
DUNGS_p_TCGA_b84_115_SNP_N_GenomeWideSNP_6_C05_771576	X	142112190	142116982	3	-1.8338
DUNGS_p_TCGA_b84_115_SNP_N_GenomeWideSNP_6_C05_771576	X	142118156	146170047	2824	0.0204
DUNGS_p_TCGA_b84_115_SNP_N_GenomeWideSNP_6_C05_771576	X	146171319	146174537	4	-1.3096
DUNGS_p_TCGA_b84_115_SNP_N_GenomeWideSNP_6_C05_771576	X	146180864	147989321	1288	0.031
DUNGS_p_TCGA_b84_115_SNP_N_GenomeWideSNP_6_C05_771576	X	147991721	148001059	3	-1.1907
DUNGS_p_TCGA_b84_115_SNP_N_GenomeWideSNP_6_C05_771576	X	148003969	148308435	194	0.0136
DUNGS_p_TCGA_b84_115_SNP_N_GenomeWideSNP_6_C05_771576	X	148308784	148308849	2	-1.4711
DUNGS_p_TCGA_b84_115_SNP_N_GenomeWideSNP_6_C05_771576	X	148309208	150043556	1030	0.0148
DUNGS_p_TCGA_b84_115_SNP_N_GenomeWideSNP_6_C05_771576	X	150044592	150046117	2	-1.2554
DUNGS_p_TCGA_b84_115_SNP_N_GenomeWideSNP_6_C05_771576	X	150047213	150627411	406	0.027
DUNGS_p_TCGA_b84_115_SNP_N_GenomeWideSNP_6_C05_771576	X	150628200	150628868	4	-3.177
DUNGS_p_TCGA_b84_115_SNP_N_GenomeWideSNP_6_C05_771576	X	150629313	154835548	2022	0.0164
DUNGS_p_TCGA_b84_115_SNP_N_GenomeWideSNP_6_C05_771576	Y	2710438	6846056	1090	-1.362
DUNGS_p_TCGA_b84_115_SNP_N_GenomeWideSNP_6_C05_771576	Y	6848077	6848648	2	0.1679
DUNGS_p_TCGA_b84_115_SNP_N_GenomeWideSNP_6_C05_771576	Y	6849721	20721953	5702	-1.3866
DUNGS_p_TCGA_b84_115_SNP_N_GenomeWideSNP_6_C05_771576	Y	20725977	20875471	7	-2.4501
DUNGS_p_TCGA_b84_115_SNP_N_GenomeWideSNP_6_C05_771576	Y	20898745	57427647	1789	-1.4113
