Sample	Chromosome	Start	End	Num_Probes	Segment_Mean
DUNGS_p_TCGA_b84_115_SNP_N_GenomeWideSNP_6_B03_771640	1	3208470	228860509	118135	0.104
DUNGS_p_TCGA_b84_115_SNP_N_GenomeWideSNP_6_B03_771640	1	228860849	228860985	2	-0.9835
DUNGS_p_TCGA_b84_115_SNP_N_GenomeWideSNP_6_B03_771640	1	228862264	245880329	11008	0.1716
DUNGS_p_TCGA_b84_115_SNP_N_GenomeWideSNP_6_B03_771640	2	474222	52450481	30836	0.018
DUNGS_p_TCGA_b84_115_SNP_N_GenomeWideSNP_6_B03_771640	2	52452864	52453472	2	-1.1441
DUNGS_p_TCGA_b84_115_SNP_N_GenomeWideSNP_6_B03_771640	2	52513140	242124735	100531	0.1316
DUNGS_p_TCGA_b84_115_SNP_N_GenomeWideSNP_6_B03_771640	3	526235	175115585	94132	-0.1282
DUNGS_p_TCGA_b84_115_SNP_N_GenomeWideSNP_6_B03_771640	3	175120085	175933692	543	0.2093
DUNGS_p_TCGA_b84_115_SNP_N_GenomeWideSNP_6_B03_771640	3	175935935	185775132	4585	-0.127
DUNGS_p_TCGA_b84_115_SNP_N_GenomeWideSNP_6_B03_771640	3	185776463	185777635	2	-1.1807
DUNGS_p_TCGA_b84_115_SNP_N_GenomeWideSNP_6_B03_771640	3	185780999	196445500	6680	-0.1317
DUNGS_p_TCGA_b84_115_SNP_N_GenomeWideSNP_6_B03_771640	3	196446138	196455081	3	-0.9641
DUNGS_p_TCGA_b84_115_SNP_N_GenomeWideSNP_6_B03_771640	3	196456360	199023074	489	-0.1212
DUNGS_p_TCGA_b84_115_SNP_N_GenomeWideSNP_6_B03_771640	4	1043934	9520970	4434	0.017
DUNGS_p_TCGA_b84_115_SNP_N_GenomeWideSNP_6_B03_771640	4	9521199	9524948	4	0.6669
DUNGS_p_TCGA_b84_115_SNP_N_GenomeWideSNP_6_B03_771640	4	9525278	83496785	40896	0.0398
DUNGS_p_TCGA_b84_115_SNP_N_GenomeWideSNP_6_B03_771640	4	83497817	83498427	2	-1.1371
DUNGS_p_TCGA_b84_115_SNP_N_GenomeWideSNP_6_B03_771640	4	83503184	189836143	57453	0.0414
DUNGS_p_TCGA_b84_115_SNP_N_GenomeWideSNP_6_B03_771640	5	967233	51591197	26706	0.1804
DUNGS_p_TCGA_b84_115_SNP_N_GenomeWideSNP_6_B03_771640	5	51598167	162076427	62966	-0.1323
DUNGS_p_TCGA_b84_115_SNP_N_GenomeWideSNP_6_B03_771640	5	162082070	180293075	10881	0.1733
DUNGS_p_TCGA_b84_115_SNP_N_GenomeWideSNP_6_B03_771640	6	959281	31251490	19206	-0.1357
DUNGS_p_TCGA_b84_115_SNP_N_GenomeWideSNP_6_B03_771640	6	31251561	31251879	3	-1.4648
DUNGS_p_TCGA_b84_115_SNP_N_GenomeWideSNP_6_B03_771640	6	31253899	51000687	10704	-0.1389
DUNGS_p_TCGA_b84_115_SNP_N_GenomeWideSNP_6_B03_771640	6	51001210	51001250	2	0.9933
DUNGS_p_TCGA_b84_115_SNP_N_GenomeWideSNP_6_B03_771640	6	51007232	112206227	31825	-0.1279
DUNGS_p_TCGA_b84_115_SNP_N_GenomeWideSNP_6_B03_771640	6	112208468	112208700	2	-1.2025
DUNGS_p_TCGA_b84_115_SNP_N_GenomeWideSNP_6_B03_771640	6	112210335	170745844	34788	-0.1296
DUNGS_p_TCGA_b84_115_SNP_N_GenomeWideSNP_6_B03_771640	7	671810	158077879	81362	0.034
DUNGS_p_TCGA_b84_115_SNP_N_GenomeWideSNP_6_B03_771640	8	607667	9493798	3896	-0.1407
DUNGS_p_TCGA_b84_115_SNP_N_GenomeWideSNP_6_B03_771640	8	9496549	9806983	159	0.1706
DUNGS_p_TCGA_b84_115_SNP_N_GenomeWideSNP_6_B03_771640	8	9811609	11633846	982	-0.15
DUNGS_p_TCGA_b84_115_SNP_N_GenomeWideSNP_6_B03_771640	8	11634455	11686478	42	0.1454
DUNGS_p_TCGA_b84_115_SNP_N_GenomeWideSNP_6_B03_771640	8	12606826	36804601	16198	-0.135
DUNGS_p_TCGA_b84_115_SNP_N_GenomeWideSNP_6_B03_771640	8	36805271	37031434	137	0.1832
DUNGS_p_TCGA_b84_115_SNP_N_GenomeWideSNP_6_B03_771640	8	37037594	40365711	1724	-0.1447
DUNGS_p_TCGA_b84_115_SNP_N_GenomeWideSNP_6_B03_771640	8	40372717	40435848	47	0.1722
DUNGS_p_TCGA_b84_115_SNP_N_GenomeWideSNP_6_B03_771640	8	40436036	42373214	1300	-0.161
DUNGS_p_TCGA_b84_115_SNP_N_GenomeWideSNP_6_B03_771640	8	42373537	57624394	5617	0.1794
DUNGS_p_TCGA_b84_115_SNP_N_GenomeWideSNP_6_B03_771640	8	57629413	57816124	120	-0.1046
DUNGS_p_TCGA_b84_115_SNP_N_GenomeWideSNP_6_B03_771640	8	57816930	145304484	51352	0.1821
DUNGS_p_TCGA_b84_115_SNP_N_GenomeWideSNP_6_B03_771640	9	779932	21365182	13145	-0.1347
DUNGS_p_TCGA_b84_115_SNP_N_GenomeWideSNP_6_B03_771640	9	21369466	21545226	129	-0.5652
DUNGS_p_TCGA_b84_115_SNP_N_GenomeWideSNP_6_B03_771640	9	21552757	21616573	52	-0.1311
DUNGS_p_TCGA_b84_115_SNP_N_GenomeWideSNP_6_B03_771640	9	21692086	22455257	489	-0.5067
DUNGS_p_TCGA_b84_115_SNP_N_GenomeWideSNP_6_B03_771640	9	22502435	140058573	54231	-0.1397
DUNGS_p_TCGA_b84_115_SNP_N_GenomeWideSNP_6_B03_771640	10	405240	30279385	20771	0.393
DUNGS_p_TCGA_b84_115_SNP_N_GenomeWideSNP_6_B03_771640	10	30279489	115737987	47595	0.1227
DUNGS_p_TCGA_b84_115_SNP_N_GenomeWideSNP_6_B03_771640	10	115738323	115738602	2	1.0643
DUNGS_p_TCGA_b84_115_SNP_N_GenomeWideSNP_6_B03_771640	10	115738651	135075077	12541	0.1025
DUNGS_p_TCGA_b84_115_SNP_N_GenomeWideSNP_6_B03_771640	11	446120	133647740	77300	0.0931
DUNGS_p_TCGA_b84_115_SNP_N_GenomeWideSNP_6_B03_771640	12	760163	1004525	121	0.4331
DUNGS_p_TCGA_b84_115_SNP_N_GenomeWideSNP_6_B03_771640	12	1013574	20543378	11214	-0.1325
DUNGS_p_TCGA_b84_115_SNP_N_GenomeWideSNP_6_B03_771640	12	20543952	20543989	2	-1.3596
DUNGS_p_TCGA_b84_115_SNP_N_GenomeWideSNP_6_B03_771640	12	20548232	51305661	15649	-0.1264
DUNGS_p_TCGA_b84_115_SNP_N_GenomeWideSNP_6_B03_771640	12	51306178	51307048	2	-1.3597
DUNGS_p_TCGA_b84_115_SNP_N_GenomeWideSNP_6_B03_771640	12	51308009	76796637	15178	-0.1264
DUNGS_p_TCGA_b84_115_SNP_N_GenomeWideSNP_6_B03_771640	12	76798399	76798556	2	-1.2432
DUNGS_p_TCGA_b84_115_SNP_N_GenomeWideSNP_6_B03_771640	12	76798556	131671419	31816	-0.1348
DUNGS_p_TCGA_b84_115_SNP_N_GenomeWideSNP_6_B03_771640	13	18348806	21160612	1146	-0.1184
DUNGS_p_TCGA_b84_115_SNP_N_GenomeWideSNP_6_B03_771640	13	21161875	21162263	3	-1.2008
DUNGS_p_TCGA_b84_115_SNP_N_GenomeWideSNP_6_B03_771640	13	21163564	96335776	44116	-0.1263
DUNGS_p_TCGA_b84_115_SNP_N_GenomeWideSNP_6_B03_771640	13	96335847	96335865	2	-1.2985
DUNGS_p_TCGA_b84_115_SNP_N_GenomeWideSNP_6_B03_771640	13	96336821	114005560	11414	-0.1392
DUNGS_p_TCGA_b84_115_SNP_N_GenomeWideSNP_6_B03_771640	14	19571208	105059083	49473	-0.1343
DUNGS_p_TCGA_b84_115_SNP_N_GenomeWideSNP_6_B03_771640	15	21238778	99701830	44553	-0.0129
DUNGS_p_TCGA_b84_115_SNP_N_GenomeWideSNP_6_B03_771640	16	593460	1965679	356	-0.0245
DUNGS_p_TCGA_b84_115_SNP_N_GenomeWideSNP_6_B03_771640	16	1966443	1972056	2	-0.9721
DUNGS_p_TCGA_b84_115_SNP_N_GenomeWideSNP_6_B03_771640	16	1976049	7319340	2383	-0.0178
DUNGS_p_TCGA_b84_115_SNP_N_GenomeWideSNP_6_B03_771640	16	7321107	7642811	326	-0.3632
DUNGS_p_TCGA_b84_115_SNP_N_GenomeWideSNP_6_B03_771640	16	7644204	72757900	27668	-0.0501
DUNGS_p_TCGA_b84_115_SNP_N_GenomeWideSNP_6_B03_771640	16	72758474	72758755	2	0.9975
DUNGS_p_TCGA_b84_115_SNP_N_GenomeWideSNP_6_B03_771640	16	72763186	74003176	583	-0.0556
DUNGS_p_TCGA_b84_115_SNP_N_GenomeWideSNP_6_B03_771640	16	74005159	74005454	2	-0.9122
DUNGS_p_TCGA_b84_115_SNP_N_GenomeWideSNP_6_B03_771640	16	74011905	74080467	29	-0.111
DUNGS_p_TCGA_b84_115_SNP_N_GenomeWideSNP_6_B03_771640	16	74080899	74080913	2	-1.3739
DUNGS_p_TCGA_b84_115_SNP_N_GenomeWideSNP_6_B03_771640	16	74082210	86140754	9107	-0.0731
DUNGS_p_TCGA_b84_115_SNP_N_GenomeWideSNP_6_B03_771640	16	86143805	86143949	2	-1.4442
DUNGS_p_TCGA_b84_115_SNP_N_GenomeWideSNP_6_B03_771640	16	86144135	87907437	420	-0.0684
DUNGS_p_TCGA_b84_115_SNP_N_GenomeWideSNP_6_B03_771640	17	933971	38529388	16912	-0.1422
DUNGS_p_TCGA_b84_115_SNP_N_GenomeWideSNP_6_B03_771640	17	38534505	78510305	20092	0.1742
DUNGS_p_TCGA_b84_115_SNP_N_GenomeWideSNP_6_B03_771640	18	319586	25401953	13233	0.1417
DUNGS_p_TCGA_b84_115_SNP_N_GenomeWideSNP_6_B03_771640	18	25409222	75210228	29456	-0.133
DUNGS_p_TCGA_b84_115_SNP_N_GenomeWideSNP_6_B03_771640	19	235018	626513	65	-0.3194
DUNGS_p_TCGA_b84_115_SNP_N_GenomeWideSNP_6_B03_771640	19	626533	1297631	118	0.3419
DUNGS_p_TCGA_b84_115_SNP_N_GenomeWideSNP_6_B03_771640	19	1308302	1415416	39	0.0238
DUNGS_p_TCGA_b84_115_SNP_N_GenomeWideSNP_6_B03_771640	19	1415550	1458710	11	-0.4988
DUNGS_p_TCGA_b84_115_SNP_N_GenomeWideSNP_6_B03_771640	19	1465362	63570038	23729	0.0204
DUNGS_p_TCGA_b84_115_SNP_N_GenomeWideSNP_6_B03_771640	20	403764	51313195	30269	0.1221
DUNGS_p_TCGA_b84_115_SNP_N_GenomeWideSNP_6_B03_771640	20	51317028	51317983	2	-0.7915
DUNGS_p_TCGA_b84_115_SNP_N_GenomeWideSNP_6_B03_771640	20	51318420	51921429	342	0.1845
DUNGS_p_TCGA_b84_115_SNP_N_GenomeWideSNP_6_B03_771640	20	51925779	51929408	4	-0.8741
DUNGS_p_TCGA_b84_115_SNP_N_GenomeWideSNP_6_B03_771640	20	51933600	61690281	6681	0.1656
DUNGS_p_TCGA_b84_115_SNP_N_GenomeWideSNP_6_B03_771640	21	14269492	46503202	20594	-0.1358
DUNGS_p_TCGA_b84_115_SNP_N_GenomeWideSNP_6_B03_771640	22	15803930	47717016	16938	0.0063
DUNGS_p_TCGA_b84_115_SNP_N_GenomeWideSNP_6_B03_771640	X	3167107	68591053	26466	-0.047
DUNGS_p_TCGA_b84_115_SNP_N_GenomeWideSNP_6_B03_771640	X	68594593	68648371	27	-0.3303
DUNGS_p_TCGA_b84_115_SNP_N_GenomeWideSNP_6_B03_771640	X	68649390	93293693	9426	0.04
DUNGS_p_TCGA_b84_115_SNP_N_GenomeWideSNP_6_B03_771640	X	93300265	93300694	3	-0.7583
DUNGS_p_TCGA_b84_115_SNP_N_GenomeWideSNP_6_B03_771640	X	93302358	154558783	27883	0.0341
