Sample	Chromosome	Start	End	Num_Probes	Segment_Mean
DUNGS_p_TCGA_b84_115_SNP_N_GenomeWideSNP_6_B03_771640	1	61735	229075	20	0.2477
DUNGS_p_TCGA_b84_115_SNP_N_GenomeWideSNP_6_B03_771640	1	229158	229619	3	1.0968
DUNGS_p_TCGA_b84_115_SNP_N_GenomeWideSNP_6_B03_771640	1	229677	10367130	5177	0.0381
DUNGS_p_TCGA_b84_115_SNP_N_GenomeWideSNP_6_B03_771640	1	10367209	10381772	22	0.4483
DUNGS_p_TCGA_b84_115_SNP_N_GenomeWideSNP_6_B03_771640	1	10381788	12892309	1341	0.0487
DUNGS_p_TCGA_b84_115_SNP_N_GenomeWideSNP_6_B03_771640	1	12892508	13384258	28	0.4036
DUNGS_p_TCGA_b84_115_SNP_N_GenomeWideSNP_6_B03_771640	1	13384264	16149915	1833	0.0529
DUNGS_p_TCGA_b84_115_SNP_N_GenomeWideSNP_6_B03_771640	1	16153497	16154201	7	-2.3176
DUNGS_p_TCGA_b84_115_SNP_N_GenomeWideSNP_6_B03_771640	1	16154239	16155010	3	-0.9329
DUNGS_p_TCGA_b84_115_SNP_N_GenomeWideSNP_6_B03_771640	1	16165661	16970456	343	0.0621
DUNGS_p_TCGA_b84_115_SNP_N_GenomeWideSNP_6_B03_771640	1	17005734	17016880	20	-0.3312
DUNGS_p_TCGA_b84_115_SNP_N_GenomeWideSNP_6_B03_771640	1	17017078	17048479	18	-1.1526
DUNGS_p_TCGA_b84_115_SNP_N_GenomeWideSNP_6_B03_771640	1	17056457	17177965	22	0.405
DUNGS_p_TCGA_b84_115_SNP_N_GenomeWideSNP_6_B03_771640	1	17182437	17225225	15	0.0204
DUNGS_p_TCGA_b84_115_SNP_N_GenomeWideSNP_6_B03_771640	1	17225367	17228706	3	-0.8563
DUNGS_p_TCGA_b84_115_SNP_N_GenomeWideSNP_6_B03_771640	1	17235684	17260591	37	0.0397
DUNGS_p_TCGA_b84_115_SNP_N_GenomeWideSNP_6_B03_771640	1	17260618	17299983	22	-0.2722
DUNGS_p_TCGA_b84_115_SNP_N_GenomeWideSNP_6_B03_771640	1	17300173	22309874	3335	0.0591
DUNGS_p_TCGA_b84_115_SNP_N_GenomeWideSNP_6_B03_771640	1	22311908	22345093	14	-0.3228
DUNGS_p_TCGA_b84_115_SNP_N_GenomeWideSNP_6_B03_771640	1	22345578	25455535	1827	0.0613
DUNGS_p_TCGA_b84_115_SNP_N_GenomeWideSNP_6_B03_771640	1	25455892	25459354	7	0.6716
DUNGS_p_TCGA_b84_115_SNP_N_GenomeWideSNP_6_B03_771640	1	25459372	25601859	86	0.0773
DUNGS_p_TCGA_b84_115_SNP_N_GenomeWideSNP_6_B03_771640	1	25601972	25646946	20	-0.3193
DUNGS_p_TCGA_b84_115_SNP_N_GenomeWideSNP_6_B03_771640	1	25646986	37898668	6496	0.0555
DUNGS_p_TCGA_b84_115_SNP_N_GenomeWideSNP_6_B03_771640	1	37900173	37900415	2	-1.1812
DUNGS_p_TCGA_b84_115_SNP_N_GenomeWideSNP_6_B03_771640	1	37902135	41021036	1686	0.0637
DUNGS_p_TCGA_b84_115_SNP_N_GenomeWideSNP_6_B03_771640	1	41022076	41028210	4	-1.1713
DUNGS_p_TCGA_b84_115_SNP_N_GenomeWideSNP_6_B03_771640	1	41028926	72750353	20680	0.0698
DUNGS_p_TCGA_b84_115_SNP_N_GenomeWideSNP_6_B03_771640	1	72756113	72763370	9	-0.6317
DUNGS_p_TCGA_b84_115_SNP_N_GenomeWideSNP_6_B03_771640	1	72768418	76050844	1981	0.0843
DUNGS_p_TCGA_b84_115_SNP_N_GenomeWideSNP_6_B03_771640	1	76054763	76054854	2	-2.1855
DUNGS_p_TCGA_b84_115_SNP_N_GenomeWideSNP_6_B03_771640	1	76059509	95126701	12532	0.0757
DUNGS_p_TCGA_b84_115_SNP_N_GenomeWideSNP_6_B03_771640	1	95130678	95130807	5	0.7842
DUNGS_p_TCGA_b84_115_SNP_N_GenomeWideSNP_6_B03_771640	1	95130820	96155176	786	0.0715
DUNGS_p_TCGA_b84_115_SNP_N_GenomeWideSNP_6_B03_771640	1	96155716	96156066	2	-1.3104
DUNGS_p_TCGA_b84_115_SNP_N_GenomeWideSNP_6_B03_771640	1	96156216	102732441	4135	0.0783
DUNGS_p_TCGA_b84_115_SNP_N_GenomeWideSNP_6_B03_771640	1	102732690	102735279	2	1.0424
DUNGS_p_TCGA_b84_115_SNP_N_GenomeWideSNP_6_B03_771640	1	102735915	104103230	682	0.0796
DUNGS_p_TCGA_b84_115_SNP_N_GenomeWideSNP_6_B03_771640	1	104109238	104159384	27	0.6428
DUNGS_p_TCGA_b84_115_SNP_N_GenomeWideSNP_6_B03_771640	1	104163499	104225568	14	-0.1557
DUNGS_p_TCGA_b84_115_SNP_N_GenomeWideSNP_6_B03_771640	1	104239689	104303403	14	1.0861
DUNGS_p_TCGA_b84_115_SNP_N_GenomeWideSNP_6_B03_771640	1	104303501	105045884	414	0.0744
DUNGS_p_TCGA_b84_115_SNP_N_GenomeWideSNP_6_B03_771640	1	105050362	105054917	4	0.7275
DUNGS_p_TCGA_b84_115_SNP_N_GenomeWideSNP_6_B03_771640	1	105055075	106019205	502	0.0781
DUNGS_p_TCGA_b84_115_SNP_N_GenomeWideSNP_6_B03_771640	1	106019236	106022375	16	-2.7074
DUNGS_p_TCGA_b84_115_SNP_N_GenomeWideSNP_6_B03_771640	1	106024055	108766355	1965	0.0771
DUNGS_p_TCGA_b84_115_SNP_N_GenomeWideSNP_6_B03_771640	1	108769302	108817179	2	1.3153
DUNGS_p_TCGA_b84_115_SNP_N_GenomeWideSNP_6_B03_771640	1	108828957	110224384	691	0.0786
DUNGS_p_TCGA_b84_115_SNP_N_GenomeWideSNP_6_B03_771640	1	110224427	110225642	2	1.1665
DUNGS_p_TCGA_b84_115_SNP_N_GenomeWideSNP_6_B03_771640	1	110225920	112696553	1997	0.0735
DUNGS_p_TCGA_b84_115_SNP_N_GenomeWideSNP_6_B03_771640	1	112696572	112697390	16	0.5049
DUNGS_p_TCGA_b84_115_SNP_N_GenomeWideSNP_6_B03_771640	1	112705956	149229843	6494	0.1017
DUNGS_p_TCGA_b84_115_SNP_N_GenomeWideSNP_6_B03_771640	1	149242663	149248712	17	0.7775
DUNGS_p_TCGA_b84_115_SNP_N_GenomeWideSNP_6_B03_771640	1	149248727	152555527	1536	0.2034
DUNGS_p_TCGA_b84_115_SNP_N_GenomeWideSNP_6_B03_771640	1	152555706	152586278	32	-2.1768
DUNGS_p_TCGA_b84_115_SNP_N_GenomeWideSNP_6_B03_771640	1	152586540	152759678	174	0.1312
DUNGS_p_TCGA_b84_115_SNP_N_GenomeWideSNP_6_B03_771640	1	152761923	152768700	37	-0.2153
DUNGS_p_TCGA_b84_115_SNP_N_GenomeWideSNP_6_B03_771640	1	152773905	158866573	3625	0.1936
DUNGS_p_TCGA_b84_115_SNP_N_GenomeWideSNP_6_B03_771640	1	158868501	158869759	2	2.3564
DUNGS_p_TCGA_b84_115_SNP_N_GenomeWideSNP_6_B03_771640	1	158874818	161637956	1701	0.1919
DUNGS_p_TCGA_b84_115_SNP_N_GenomeWideSNP_6_B03_771640	1	161638201	161650621	8	0.8258
DUNGS_p_TCGA_b84_115_SNP_N_GenomeWideSNP_6_B03_771640	1	161652302	175469032	10032	0.196
DUNGS_p_TCGA_b84_115_SNP_N_GenomeWideSNP_6_B03_771640	1	175469202	175476069	7	-0.4097
DUNGS_p_TCGA_b84_115_SNP_N_GenomeWideSNP_6_B03_771640	1	175476197	178665858	2063	0.1863
DUNGS_p_TCGA_b84_115_SNP_N_GenomeWideSNP_6_B03_771640	1	178665870	178666293	8	0.7601
DUNGS_p_TCGA_b84_115_SNP_N_GenomeWideSNP_6_B03_771640	1	178668655	179120292	315	0.1924
DUNGS_p_TCGA_b84_115_SNP_N_GenomeWideSNP_6_B03_771640	1	179120481	179120676	4	-0.5015
DUNGS_p_TCGA_b84_115_SNP_N_GenomeWideSNP_6_B03_771640	1	179120743	179323738	220	0.1784
DUNGS_p_TCGA_b84_115_SNP_N_GenomeWideSNP_6_B03_771640	1	179330528	179339206	5	-0.7539
DUNGS_p_TCGA_b84_115_SNP_N_GenomeWideSNP_6_B03_771640	1	179339262	189376421	6649	0.194
DUNGS_p_TCGA_b84_115_SNP_N_GenomeWideSNP_6_B03_771640	1	189376995	189390228	9	0.6657
DUNGS_p_TCGA_b84_115_SNP_N_GenomeWideSNP_6_B03_771640	1	189390485	189975138	456	0.2228
DUNGS_p_TCGA_b84_115_SNP_N_GenomeWideSNP_6_B03_771640	1	189975477	189975498	3	1.0983
DUNGS_p_TCGA_b84_115_SNP_N_GenomeWideSNP_6_B03_771640	1	189975524	195832664	3892	0.2168
DUNGS_p_TCGA_b84_115_SNP_N_GenomeWideSNP_6_B03_771640	1	195836268	195836924	3	-1.2941
DUNGS_p_TCGA_b84_115_SNP_N_GenomeWideSNP_6_B03_771640	1	195837030	196732086	580	0.2285
DUNGS_p_TCGA_b84_115_SNP_N_GenomeWideSNP_6_B03_771640	1	196738623	196741316	11	-0.4638
DUNGS_p_TCGA_b84_115_SNP_N_GenomeWideSNP_6_B03_771640	1	196741367	199089280	1431	0.2173
DUNGS_p_TCGA_b84_115_SNP_N_GenomeWideSNP_6_B03_771640	1	199089394	199089422	3	1.137
DUNGS_p_TCGA_b84_115_SNP_N_GenomeWideSNP_6_B03_771640	1	199090061	210071062	7474	0.1896
DUNGS_p_TCGA_b84_115_SNP_N_GenomeWideSNP_6_B03_771640	1	210081613	210086552	4	1.0154
DUNGS_p_TCGA_b84_115_SNP_N_GenomeWideSNP_6_B03_771640	1	210093494	212999819	1950	0.1881
DUNGS_p_TCGA_b84_115_SNP_N_GenomeWideSNP_6_B03_771640	1	213004455	213010436	8	-0.7032
DUNGS_p_TCGA_b84_115_SNP_N_GenomeWideSNP_6_B03_771640	1	213014453	222366668	6667	0.1931
DUNGS_p_TCGA_b84_115_SNP_N_GenomeWideSNP_6_B03_771640	1	222374834	222377004	2	-0.9754
DUNGS_p_TCGA_b84_115_SNP_N_GenomeWideSNP_6_B03_771640	1	222382134	227425301	3066	0.1861
DUNGS_p_TCGA_b84_115_SNP_N_GenomeWideSNP_6_B03_771640	1	227426072	227426406	3	-1.0374
DUNGS_p_TCGA_b84_115_SNP_N_GenomeWideSNP_6_B03_771640	1	227429178	229811169	1380	0.1965
DUNGS_p_TCGA_b84_115_SNP_N_GenomeWideSNP_6_B03_771640	1	229816856	229820196	3	-3.9482
DUNGS_p_TCGA_b84_115_SNP_N_GenomeWideSNP_6_B03_771640	1	229820456	229821211	6	-0.2257
DUNGS_p_TCGA_b84_115_SNP_N_GenomeWideSNP_6_B03_771640	1	229821753	230793886	777	0.1947
DUNGS_p_TCGA_b84_115_SNP_N_GenomeWideSNP_6_B03_771640	1	230794226	230794362	2	-0.9657
DUNGS_p_TCGA_b84_115_SNP_N_GenomeWideSNP_6_B03_771640	1	230795641	240391740	7346	0.1913
DUNGS_p_TCGA_b84_115_SNP_N_GenomeWideSNP_6_B03_771640	1	240394015	240394139	6	0.9452
DUNGS_p_TCGA_b84_115_SNP_N_GenomeWideSNP_6_B03_771640	1	240396105	243063883	2123	0.1811
DUNGS_p_TCGA_b84_115_SNP_N_GenomeWideSNP_6_B03_771640	1	243063909	243065369	7	-0.61
DUNGS_p_TCGA_b84_115_SNP_N_GenomeWideSNP_6_B03_771640	1	243078263	248635140	3601	0.1931
DUNGS_p_TCGA_b84_115_SNP_N_GenomeWideSNP_6_B03_771640	1	248637264	248737447	27	-0.0421
DUNGS_p_TCGA_b84_115_SNP_N_GenomeWideSNP_6_B03_771640	1	248749194	248797213	33	-0.5865
DUNGS_p_TCGA_b84_115_SNP_N_GenomeWideSNP_6_B03_771640	1	248805339	249224388	145	0.2282
DUNGS_p_TCGA_b84_115_SNP_N_GenomeWideSNP_6_B03_771640	2	12784	4213864	2992	0.012
DUNGS_p_TCGA_b84_115_SNP_N_GenomeWideSNP_6_B03_771640	2	4214200	4222649	33	0.4468
DUNGS_p_TCGA_b84_115_SNP_N_GenomeWideSNP_6_B03_771640	2	4222703	6400019	1812	0.032
DUNGS_p_TCGA_b84_115_SNP_N_GenomeWideSNP_6_B03_771640	2	6401909	6402160	2	-1.2143
DUNGS_p_TCGA_b84_115_SNP_N_GenomeWideSNP_6_B03_771640	2	6402296	13200409	5179	0.0354
DUNGS_p_TCGA_b84_115_SNP_N_GenomeWideSNP_6_B03_771640	2	13202306	13280249	43	0.6174
DUNGS_p_TCGA_b84_115_SNP_N_GenomeWideSNP_6_B03_771640	2	13282840	13529853	140	0.0403
DUNGS_p_TCGA_b84_115_SNP_N_GenomeWideSNP_6_B03_771640	2	13534976	13537390	3	-1.2775
DUNGS_p_TCGA_b84_115_SNP_N_GenomeWideSNP_6_B03_771640	2	13537736	34520473	13833	0.0339
DUNGS_p_TCGA_b84_115_SNP_N_GenomeWideSNP_6_B03_771640	2	34523978	34525967	3	0.9955
DUNGS_p_TCGA_b84_115_SNP_N_GenomeWideSNP_6_B03_771640	2	34529017	34701394	96	0.0235
DUNGS_p_TCGA_b84_115_SNP_N_GenomeWideSNP_6_B03_771640	2	34701583	34736513	43	0.4814
DUNGS_p_TCGA_b84_115_SNP_N_GenomeWideSNP_6_B03_771640	2	34737057	36332258	1158	0.0532
DUNGS_p_TCGA_b84_115_SNP_N_GenomeWideSNP_6_B03_771640	2	36335595	36335606	8	-0.6455
DUNGS_p_TCGA_b84_115_SNP_N_GenomeWideSNP_6_B03_771640	2	36336619	52596977	11769	0.0462
DUNGS_p_TCGA_b84_115_SNP_N_GenomeWideSNP_6_B03_771640	2	52599360	52599968	2	-1.1262
DUNGS_p_TCGA_b84_115_SNP_N_GenomeWideSNP_6_B03_771640	2	52600309	52754881	126	0.057
DUNGS_p_TCGA_b84_115_SNP_N_GenomeWideSNP_6_B03_771640	2	52758753	52781542	33	0.8192
DUNGS_p_TCGA_b84_115_SNP_N_GenomeWideSNP_6_B03_771640	2	52787949	77976713	16332	0.0377
DUNGS_p_TCGA_b84_115_SNP_N_GenomeWideSNP_6_B03_771640	2	77976748	77986686	8	-0.8114
DUNGS_p_TCGA_b84_115_SNP_N_GenomeWideSNP_6_B03_771640	2	77989312	97773441	7693	0.0478
DUNGS_p_TCGA_b84_115_SNP_N_GenomeWideSNP_6_B03_771640	2	97776223	97805671	11	0.7161
DUNGS_p_TCGA_b84_115_SNP_N_GenomeWideSNP_6_B03_771640	2	97806832	98151534	66	0.1344
DUNGS_p_TCGA_b84_115_SNP_N_GenomeWideSNP_6_B03_771640	2	98154265	98241192	21	0.6512
DUNGS_p_TCGA_b84_115_SNP_N_GenomeWideSNP_6_B03_771640	2	98244174	115539594	10163	0.1736
DUNGS_p_TCGA_b84_115_SNP_N_GenomeWideSNP_6_B03_771640	2	115539605	115542018	9	0.7155
DUNGS_p_TCGA_b84_115_SNP_N_GenomeWideSNP_6_B03_771640	2	115542070	117504958	1164	0.1762
DUNGS_p_TCGA_b84_115_SNP_N_GenomeWideSNP_6_B03_771640	2	117505377	117506029	2	1.3327
DUNGS_p_TCGA_b84_115_SNP_N_GenomeWideSNP_6_B03_771640	2	117511052	130788774	8599	0.1707
DUNGS_p_TCGA_b84_115_SNP_N_GenomeWideSNP_6_B03_771640	2	130793856	130849304	14	-0.3808
DUNGS_p_TCGA_b84_115_SNP_N_GenomeWideSNP_6_B03_771640	2	130863959	146864443	9602	0.1794
DUNGS_p_TCGA_b84_115_SNP_N_GenomeWideSNP_6_B03_771640	2	146864457	146866934	21	-2.0873
DUNGS_p_TCGA_b84_115_SNP_N_GenomeWideSNP_6_B03_771640	2	146877806	154895975	4894	0.1807
DUNGS_p_TCGA_b84_115_SNP_N_GenomeWideSNP_6_B03_771640	2	154896482	154900325	3	1.0331
DUNGS_p_TCGA_b84_115_SNP_N_GenomeWideSNP_6_B03_771640	2	154902505	164636852	5711	0.1871
DUNGS_p_TCGA_b84_115_SNP_N_GenomeWideSNP_6_B03_771640	2	164643488	164646642	6	-1.0419
DUNGS_p_TCGA_b84_115_SNP_N_GenomeWideSNP_6_B03_771640	2	164648662	173550013	5500	0.1794
DUNGS_p_TCGA_b84_115_SNP_N_GenomeWideSNP_6_B03_771640	2	173550168	173556036	4	-0.8698
DUNGS_p_TCGA_b84_115_SNP_N_GenomeWideSNP_6_B03_771640	2	173559068	184085453	6771	0.175
DUNGS_p_TCGA_b84_115_SNP_N_GenomeWideSNP_6_B03_771640	2	184085788	184089724	9	-0.754
DUNGS_p_TCGA_b84_115_SNP_N_GenomeWideSNP_6_B03_771640	2	184093998	229262292	27755	0.183
DUNGS_p_TCGA_b84_115_SNP_N_GenomeWideSNP_6_B03_771640	2	229264414	229266374	2	-1.3418
DUNGS_p_TCGA_b84_115_SNP_N_GenomeWideSNP_6_B03_771640	2	229268856	233241903	2312	0.1717
DUNGS_p_TCGA_b84_115_SNP_N_GenomeWideSNP_6_B03_771640	2	233241978	233242343	4	-0.5791
DUNGS_p_TCGA_b84_115_SNP_N_GenomeWideSNP_6_B03_771640	2	233242357	237803366	3151	0.1586
DUNGS_p_TCGA_b84_115_SNP_N_GenomeWideSNP_6_B03_771640	2	237803533	237803934	4	-0.7085
DUNGS_p_TCGA_b84_115_SNP_N_GenomeWideSNP_6_B03_771640	2	237803982	241453879	2376	0.1607
DUNGS_p_TCGA_b84_115_SNP_N_GenomeWideSNP_6_B03_771640	2	241454052	241454195	3	-0.9189
DUNGS_p_TCGA_b84_115_SNP_N_GenomeWideSNP_6_B03_771640	2	241456233	242783396	564	0.1328
DUNGS_p_TCGA_b84_115_SNP_N_GenomeWideSNP_6_B03_771640	2	242915466	242953866	33	-1.3037
DUNGS_p_TCGA_b84_115_SNP_N_GenomeWideSNP_6_B03_771640	2	242958067	242972236	22	-0.6205
DUNGS_p_TCGA_b84_115_SNP_N_GenomeWideSNP_6_B03_771640	2	242972295	243014630	36	-1.3666
DUNGS_p_TCGA_b84_115_SNP_N_GenomeWideSNP_6_B03_771640	2	243017183	243034686	22	-0.7909
DUNGS_p_TCGA_b84_115_SNP_N_GenomeWideSNP_6_B03_771640	2	243037253	243089456	29	0.1892
DUNGS_p_TCGA_b84_115_SNP_N_GenomeWideSNP_6_B03_771640	3	60345	4293749	3842	-0.0964
DUNGS_p_TCGA_b84_115_SNP_N_GenomeWideSNP_6_B03_771640	3	4294275	4342353	35	0.2062
DUNGS_p_TCGA_b84_115_SNP_N_GenomeWideSNP_6_B03_771640	3	4344156	5405140	871	-0.1177
DUNGS_p_TCGA_b84_115_SNP_N_GenomeWideSNP_6_B03_771640	3	5408996	5413347	2	0.7422
DUNGS_p_TCGA_b84_115_SNP_N_GenomeWideSNP_6_B03_771640	3	5419894	5514020	91	-0.1025
DUNGS_p_TCGA_b84_115_SNP_N_GenomeWideSNP_6_B03_771640	3	5514909	5515732	2	-1.6541
DUNGS_p_TCGA_b84_115_SNP_N_GenomeWideSNP_6_B03_771640	3	5515770	6651471	1014	-0.1117
DUNGS_p_TCGA_b84_115_SNP_N_GenomeWideSNP_6_B03_771640	3	6651877	6653332	16	-0.5904
DUNGS_p_TCGA_b84_115_SNP_N_GenomeWideSNP_6_B03_771640	3	6655078	16239063	7084	-0.1233
DUNGS_p_TCGA_b84_115_SNP_N_GenomeWideSNP_6_B03_771640	3	16240556	16241384	8	-0.8842
DUNGS_p_TCGA_b84_115_SNP_N_GenomeWideSNP_6_B03_771640	3	16243596	53028375	22857	-0.1066
DUNGS_p_TCGA_b84_115_SNP_N_GenomeWideSNP_6_B03_771640	3	53031736	53032025	11	0.6452
DUNGS_p_TCGA_b84_115_SNP_N_GenomeWideSNP_6_B03_771640	3	53032038	68746164	12074	-0.1143
DUNGS_p_TCGA_b84_115_SNP_N_GenomeWideSNP_6_B03_771640	3	68746259	68747413	14	-1.8482
DUNGS_p_TCGA_b84_115_SNP_N_GenomeWideSNP_6_B03_771640	3	68748758	75421170	4880	-0.1116
DUNGS_p_TCGA_b84_115_SNP_N_GenomeWideSNP_6_B03_771640	3	75427107	75639507	76	-0.6776
DUNGS_p_TCGA_b84_115_SNP_N_GenomeWideSNP_6_B03_771640	3	75645384	75726925	23	-0.1432
DUNGS_p_TCGA_b84_115_SNP_N_GenomeWideSNP_6_B03_771640	3	75727056	75739363	3	0.8714
DUNGS_p_TCGA_b84_115_SNP_N_GenomeWideSNP_6_B03_771640	3	75741165	98937784	10985	-0.0957
DUNGS_p_TCGA_b84_115_SNP_N_GenomeWideSNP_6_B03_771640	3	98944458	98949314	37	0.2506
DUNGS_p_TCGA_b84_115_SNP_N_GenomeWideSNP_6_B03_771640	3	98949421	129762859	18763	-0.1099
DUNGS_p_TCGA_b84_115_SNP_N_GenomeWideSNP_6_B03_771640	3	129763698	129785940	6	-0.9087
DUNGS_p_TCGA_b84_115_SNP_N_GenomeWideSNP_6_B03_771640	3	129786209	129792841	29	-1.6203
DUNGS_p_TCGA_b84_115_SNP_N_GenomeWideSNP_6_B03_771640	3	129792861	129794804	8	-2.9031
DUNGS_p_TCGA_b84_115_SNP_N_GenomeWideSNP_6_B03_771640	3	129794970	129806236	9	-1.9758
DUNGS_p_TCGA_b84_115_SNP_N_GenomeWideSNP_6_B03_771640	3	129806924	134331874	2924	-0.1054
DUNGS_p_TCGA_b84_115_SNP_N_GenomeWideSNP_6_B03_771640	3	134331973	134336752	2	1.0479
DUNGS_p_TCGA_b84_115_SNP_N_GenomeWideSNP_6_B03_771640	3	134337526	145642511	6983	-0.1086
DUNGS_p_TCGA_b84_115_SNP_N_GenomeWideSNP_6_B03_771640	3	145644166	145655459	15	0.3126
DUNGS_p_TCGA_b84_115_SNP_N_GenomeWideSNP_6_B03_771640	3	145655788	146382994	490	-0.0939
DUNGS_p_TCGA_b84_115_SNP_N_GenomeWideSNP_6_B03_771640	3	146383136	146391984	4	-0.7814
DUNGS_p_TCGA_b84_115_SNP_N_GenomeWideSNP_6_B03_771640	3	146393075	158350118	7277	-0.1024
DUNGS_p_TCGA_b84_115_SNP_N_GenomeWideSNP_6_B03_771640	3	158350884	158351545	2	-1.5421
DUNGS_p_TCGA_b84_115_SNP_N_GenomeWideSNP_6_B03_771640	3	158358872	162508268	2611	-0.1153
DUNGS_p_TCGA_b84_115_SNP_N_GenomeWideSNP_6_B03_771640	3	162512657	162625995	70	-1.6626
DUNGS_p_TCGA_b84_115_SNP_N_GenomeWideSNP_6_B03_771640	3	162626572	173574764	6610	-0.0938
DUNGS_p_TCGA_b84_115_SNP_N_GenomeWideSNP_6_B03_771640	3	173575172	174450998	573	0.2276
DUNGS_p_TCGA_b84_115_SNP_N_GenomeWideSNP_6_B03_771640	3	174453241	175087617	498	-0.088
DUNGS_p_TCGA_b84_115_SNP_N_GenomeWideSNP_6_B03_771640	3	175087695	175091600	12	0.4196
DUNGS_p_TCGA_b84_115_SNP_N_GenomeWideSNP_6_B03_771640	3	175091997	195285664	13024	-0.109
DUNGS_p_TCGA_b84_115_SNP_N_GenomeWideSNP_6_B03_771640	3	195285898	195455956	36	0.4658
DUNGS_p_TCGA_b84_115_SNP_N_GenomeWideSNP_6_B03_771640	3	195456048	197838578	1166	-0.0912
DUNGS_p_TCGA_b84_115_SNP_N_GenomeWideSNP_6_B03_771640	3	197845216	197896118	20	-0.5798
DUNGS_p_TCGA_b84_115_SNP_N_GenomeWideSNP_6_B03_771640	4	12281	9456977	5254	0.035
DUNGS_p_TCGA_b84_115_SNP_N_GenomeWideSNP_6_B03_771640	4	9461230	9479206	8	0.9913
DUNGS_p_TCGA_b84_115_SNP_N_GenomeWideSNP_6_B03_771640	4	9479345	10210390	547	0.0236
DUNGS_p_TCGA_b84_115_SNP_N_GenomeWideSNP_6_B03_771640	4	10214160	10234266	31	-2.2324
DUNGS_p_TCGA_b84_115_SNP_N_GenomeWideSNP_6_B03_771640	4	10234608	10235182	4	-0.373
DUNGS_p_TCGA_b84_115_SNP_N_GenomeWideSNP_6_B03_771640	4	10235268	10398868	180	0.0566
DUNGS_p_TCGA_b84_115_SNP_N_GenomeWideSNP_6_B03_771640	4	10399275	10400668	8	0.5053
DUNGS_p_TCGA_b84_115_SNP_N_GenomeWideSNP_6_B03_771640	4	10402718	12378886	1612	0.0583
DUNGS_p_TCGA_b84_115_SNP_N_GenomeWideSNP_6_B03_771640	4	12378932	12380929	9	0.596
DUNGS_p_TCGA_b84_115_SNP_N_GenomeWideSNP_6_B03_771640	4	12380970	34779004	15196	0.0573
DUNGS_p_TCGA_b84_115_SNP_N_GenomeWideSNP_6_B03_771640	4	34779025	34831818	47	0.613
DUNGS_p_TCGA_b84_115_SNP_N_GenomeWideSNP_6_B03_771640	4	34831867	36845644	1323	0.0689
DUNGS_p_TCGA_b84_115_SNP_N_GenomeWideSNP_6_B03_771640	4	36846306	36851487	10	-0.817
DUNGS_p_TCGA_b84_115_SNP_N_GenomeWideSNP_6_B03_771640	4	36854893	64693940	15266	0.0596
DUNGS_p_TCGA_b84_115_SNP_N_GenomeWideSNP_6_B03_771640	4	64697469	64717026	31	-0.2754
DUNGS_p_TCGA_b84_115_SNP_N_GenomeWideSNP_6_B03_771640	4	64718043	66588458	1209	0.0781
DUNGS_p_TCGA_b84_115_SNP_N_GenomeWideSNP_6_B03_771640	4	66588535	66611856	16	0.4613
DUNGS_p_TCGA_b84_115_SNP_N_GenomeWideSNP_6_B03_771640	4	66611942	69205100	1614	0.0724
DUNGS_p_TCGA_b84_115_SNP_N_GenomeWideSNP_6_B03_771640	4	69206676	69206888	3	1.0518
DUNGS_p_TCGA_b84_115_SNP_N_GenomeWideSNP_6_B03_771640	4	69206942	69360489	39	0.2452
DUNGS_p_TCGA_b84_115_SNP_N_GenomeWideSNP_6_B03_771640	4	69367142	69505115	69	-0.2145
DUNGS_p_TCGA_b84_115_SNP_N_GenomeWideSNP_6_B03_771640	4	69506334	70134680	335	0.0833
DUNGS_p_TCGA_b84_115_SNP_N_GenomeWideSNP_6_B03_771640	4	70137957	70252416	58	0.3271
DUNGS_p_TCGA_b84_115_SNP_N_GenomeWideSNP_6_B03_771640	4	70258331	137939504	40562	0.0636
DUNGS_p_TCGA_b84_115_SNP_N_GenomeWideSNP_6_B03_771640	4	137939776	137946369	13	0.6084
DUNGS_p_TCGA_b84_115_SNP_N_GenomeWideSNP_6_B03_771640	4	137948899	138092195	96	0.0614
DUNGS_p_TCGA_b84_115_SNP_N_GenomeWideSNP_6_B03_771640	4	138092239	138095121	18	-0.6537
DUNGS_p_TCGA_b84_115_SNP_N_GenomeWideSNP_6_B03_771640	4	138108363	138182433	81	0.0568
DUNGS_p_TCGA_b84_115_SNP_N_GenomeWideSNP_6_B03_771640	4	138182481	138183298	21	0.3846
DUNGS_p_TCGA_b84_115_SNP_N_GenomeWideSNP_6_B03_771640	4	138183527	161874000	14681	0.0579
DUNGS_p_TCGA_b84_115_SNP_N_GenomeWideSNP_6_B03_771640	4	161880018	161880124	2	-1.2264
DUNGS_p_TCGA_b84_115_SNP_N_GenomeWideSNP_6_B03_771640	4	161880141	161884600	18	-2.8685
DUNGS_p_TCGA_b84_115_SNP_N_GenomeWideSNP_6_B03_771640	4	161884908	161885178	10	0.4903
DUNGS_p_TCGA_b84_115_SNP_N_GenomeWideSNP_6_B03_771640	4	161885262	165657912	2474	0.0711
DUNGS_p_TCGA_b84_115_SNP_N_GenomeWideSNP_6_B03_771640	4	165658642	165658643	2	-1.0886
DUNGS_p_TCGA_b84_115_SNP_N_GenomeWideSNP_6_B03_771640	4	165661151	168828532	1918	0.0639
DUNGS_p_TCGA_b84_115_SNP_N_GenomeWideSNP_6_B03_771640	4	168828547	168828558	2	1.0757
DUNGS_p_TCGA_b84_115_SNP_N_GenomeWideSNP_6_B03_771640	4	168828722	168965866	85	0.0479
DUNGS_p_TCGA_b84_115_SNP_N_GenomeWideSNP_6_B03_771640	4	168965890	168978811	14	0.4595
DUNGS_p_TCGA_b84_115_SNP_N_GenomeWideSNP_6_B03_771640	4	168979183	172369346	2179	0.0591
DUNGS_p_TCGA_b84_115_SNP_N_GenomeWideSNP_6_B03_771640	4	172374884	172377710	10	-1.3165
DUNGS_p_TCGA_b84_115_SNP_N_GenomeWideSNP_6_B03_771640	4	172377724	172987857	398	0.0711
DUNGS_p_TCGA_b84_115_SNP_N_GenomeWideSNP_6_B03_771640	4	172987928	172989533	13	0.6818
DUNGS_p_TCGA_b84_115_SNP_N_GenomeWideSNP_6_B03_771640	4	172995979	173422522	232	0.0943
DUNGS_p_TCGA_b84_115_SNP_N_GenomeWideSNP_6_B03_771640	4	173424947	173441132	8	0.6409
DUNGS_p_TCGA_b84_115_SNP_N_GenomeWideSNP_6_B03_771640	4	173453708	178596926	3097	0.0572
DUNGS_p_TCGA_b84_115_SNP_N_GenomeWideSNP_6_B03_771640	4	178597245	178597428	6	0.6105
DUNGS_p_TCGA_b84_115_SNP_N_GenomeWideSNP_6_B03_771640	4	178597776	180193431	1117	0.0804
DUNGS_p_TCGA_b84_115_SNP_N_GenomeWideSNP_6_B03_771640	4	180196562	180198660	3	-0.9156
DUNGS_p_TCGA_b84_115_SNP_N_GenomeWideSNP_6_B03_771640	4	180202382	183784453	2833	0.0617
DUNGS_p_TCGA_b84_115_SNP_N_GenomeWideSNP_6_B03_771640	4	183791275	183794948	8	-0.4983
DUNGS_p_TCGA_b84_115_SNP_N_GenomeWideSNP_6_B03_771640	4	183794979	185848787	1356	0.0572
DUNGS_p_TCGA_b84_115_SNP_N_GenomeWideSNP_6_B03_771640	4	185851471	185852255	2	-1.3541
DUNGS_p_TCGA_b84_115_SNP_N_GenomeWideSNP_6_B03_771640	4	185854936	190556078	3296	0.0668
DUNGS_p_TCGA_b84_115_SNP_N_GenomeWideSNP_6_B03_771640	4	190559644	190560239	2	-1.2304
DUNGS_p_TCGA_b84_115_SNP_N_GenomeWideSNP_6_B03_771640	4	190560378	191027923	179	0.0732
DUNGS_p_TCGA_b84_115_SNP_N_GenomeWideSNP_6_B03_771640	5	15532	12819978	10241	0.183
DUNGS_p_TCGA_b84_115_SNP_N_GenomeWideSNP_6_B03_771640	5	12820016	12892132	18	0.696
DUNGS_p_TCGA_b84_115_SNP_N_GenomeWideSNP_6_B03_771640	5	12894148	21376844	5486	0.2066
DUNGS_p_TCGA_b84_115_SNP_N_GenomeWideSNP_6_B03_771640	5	21377839	21377853	2	2.2086
DUNGS_p_TCGA_b84_115_SNP_N_GenomeWideSNP_6_B03_771640	5	21386066	21449276	45	0.2183
DUNGS_p_TCGA_b84_115_SNP_N_GenomeWideSNP_6_B03_771640	5	21451200	21452438	5	1.1237
DUNGS_p_TCGA_b84_115_SNP_N_GenomeWideSNP_6_B03_771640	5	21452496	27525907	3561	0.2164
DUNGS_p_TCGA_b84_115_SNP_N_GenomeWideSNP_6_B03_771640	5	27525916	27526020	7	0.9658
DUNGS_p_TCGA_b84_115_SNP_N_GenomeWideSNP_6_B03_771640	5	27527479	49665092	11570	0.2056
DUNGS_p_TCGA_b84_115_SNP_N_GenomeWideSNP_6_B03_771640	5	49678131	49701559	6	0.9077
DUNGS_p_TCGA_b84_115_SNP_N_GenomeWideSNP_6_B03_771640	5	49701976	51555440	974	0.2318
DUNGS_p_TCGA_b84_115_SNP_N_GenomeWideSNP_6_B03_771640	5	51562410	57326027	4013	-0.1108
DUNGS_p_TCGA_b84_115_SNP_N_GenomeWideSNP_6_B03_771640	5	57326163	57338357	32	-0.8042
DUNGS_p_TCGA_b84_115_SNP_N_GenomeWideSNP_6_B03_771640	5	57340073	63037322	3728	-0.1126
DUNGS_p_TCGA_b84_115_SNP_N_GenomeWideSNP_6_B03_771640	5	63037537	63044513	2	-1.3948
DUNGS_p_TCGA_b84_115_SNP_N_GenomeWideSNP_6_B03_771640	5	63045201	68846303	3577	-0.1131
DUNGS_p_TCGA_b84_115_SNP_N_GenomeWideSNP_6_B03_771640	5	68867294	69074977	2	-1.4663
DUNGS_p_TCGA_b84_115_SNP_N_GenomeWideSNP_6_B03_771640	5	69074991	98532010	16504	-0.1079
DUNGS_p_TCGA_b84_115_SNP_N_GenomeWideSNP_6_B03_771640	5	98543170	98566596	3	-1.0907
DUNGS_p_TCGA_b84_115_SNP_N_GenomeWideSNP_6_B03_771640	5	98572121	99555694	597	-0.0853
DUNGS_p_TCGA_b84_115_SNP_N_GenomeWideSNP_6_B03_771640	5	99555884	99559580	2	1.1381
DUNGS_p_TCGA_b84_115_SNP_N_GenomeWideSNP_6_B03_771640	5	99562565	106232864	3904	-0.0936
DUNGS_p_TCGA_b84_115_SNP_N_GenomeWideSNP_6_B03_771640	5	106232873	106233068	4	0.7975
DUNGS_p_TCGA_b84_115_SNP_N_GenomeWideSNP_6_B03_771640	5	106233084	118658731	8828	-0.1059
DUNGS_p_TCGA_b84_115_SNP_N_GenomeWideSNP_6_B03_771640	5	118658798	118660500	5	-0.8672
DUNGS_p_TCGA_b84_115_SNP_N_GenomeWideSNP_6_B03_771640	5	118660592	133131129	8998	-0.1119
DUNGS_p_TCGA_b84_115_SNP_N_GenomeWideSNP_6_B03_771640	5	133131473	133138065	5	-1.0551
DUNGS_p_TCGA_b84_115_SNP_N_GenomeWideSNP_6_B03_771640	5	133138196	162143849	18751	-0.1214
DUNGS_p_TCGA_b84_115_SNP_N_GenomeWideSNP_6_B03_771640	5	162149492	175460087	9623	0.1918
DUNGS_p_TCGA_b84_115_SNP_N_GenomeWideSNP_6_B03_771640	5	175465689	175477180	5	-1.2404
DUNGS_p_TCGA_b84_115_SNP_N_GenomeWideSNP_6_B03_771640	5	175524197	176233792	344	0.1684
DUNGS_p_TCGA_b84_115_SNP_N_GenomeWideSNP_6_B03_771640	5	176235075	176281169	23	-0.1959
DUNGS_p_TCGA_b84_115_SNP_N_GenomeWideSNP_6_B03_771640	5	176284713	177905470	679	0.192
DUNGS_p_TCGA_b84_115_SNP_N_GenomeWideSNP_6_B03_771640	5	177906089	177906494	2	-1.4907
DUNGS_p_TCGA_b84_115_SNP_N_GenomeWideSNP_6_B03_771640	5	177906538	180378888	1497	0.1949
DUNGS_p_TCGA_b84_115_SNP_N_GenomeWideSNP_6_B03_771640	5	180380203	180414465	12	0.9225
DUNGS_p_TCGA_b84_115_SNP_N_GenomeWideSNP_6_B03_771640	5	180417207	180790320	176	0.125
DUNGS_p_TCGA_b84_115_SNP_N_GenomeWideSNP_6_B03_771640	6	149661	19040119	14814	-0.1177
DUNGS_p_TCGA_b84_115_SNP_N_GenomeWideSNP_6_B03_771640	6	19042181	19044763	7	-1.1902
DUNGS_p_TCGA_b84_115_SNP_N_GenomeWideSNP_6_B03_771640	6	19044869	26732406	5480	-0.1128
DUNGS_p_TCGA_b84_115_SNP_N_GenomeWideSNP_6_B03_771640	6	26737032	26768569	25	-0.8175
DUNGS_p_TCGA_b84_115_SNP_N_GenomeWideSNP_6_B03_771640	6	26773063	29837188	1442	-0.1067
DUNGS_p_TCGA_b84_115_SNP_N_GenomeWideSNP_6_B03_771640	6	29837314	29837477	3	-2.1661
DUNGS_p_TCGA_b84_115_SNP_N_GenomeWideSNP_6_B03_771640	6	29837524	29969590	78	-0.4131
DUNGS_p_TCGA_b84_115_SNP_N_GenomeWideSNP_6_B03_771640	6	29970427	31143511	512	-0.1299
DUNGS_p_TCGA_b84_115_SNP_N_GenomeWideSNP_6_B03_771640	6	31143582	31143900	3	-1.4469
DUNGS_p_TCGA_b84_115_SNP_N_GenomeWideSNP_6_B03_771640	6	31145920	31280823	92	-0.1505
DUNGS_p_TCGA_b84_115_SNP_N_GenomeWideSNP_6_B03_771640	6	31286276	31296451	11	-1.8129
DUNGS_p_TCGA_b84_115_SNP_N_GenomeWideSNP_6_B03_771640	6	31309924	32581838	551	-0.1666
DUNGS_p_TCGA_b84_115_SNP_N_GenomeWideSNP_6_B03_771640	6	32581889	32602107	11	-1.0447
DUNGS_p_TCGA_b84_115_SNP_N_GenomeWideSNP_6_B03_771640	6	32602269	32686196	51	-0.0606
DUNGS_p_TCGA_b84_115_SNP_N_GenomeWideSNP_6_B03_771640	6	32688615	32688853	3	-1.5979
DUNGS_p_TCGA_b84_115_SNP_N_GenomeWideSNP_6_B03_771640	6	32689324	47564059	9559	-0.1253
DUNGS_p_TCGA_b84_115_SNP_N_GenomeWideSNP_6_B03_771640	6	47564304	47565489	2	-1.5192
DUNGS_p_TCGA_b84_115_SNP_N_GenomeWideSNP_6_B03_771640	6	47569557	48638481	651	-0.106
DUNGS_p_TCGA_b84_115_SNP_N_GenomeWideSNP_6_B03_771640	6	48638792	48639240	2	-1.18
DUNGS_p_TCGA_b84_115_SNP_N_GenomeWideSNP_6_B03_771640	6	48639814	50892728	1287	-0.095
DUNGS_p_TCGA_b84_115_SNP_N_GenomeWideSNP_6_B03_771640	6	50893251	50893291	2	1.0112
DUNGS_p_TCGA_b84_115_SNP_N_GenomeWideSNP_6_B03_771640	6	50899273	52625775	1227	-0.1132
DUNGS_p_TCGA_b84_115_SNP_N_GenomeWideSNP_6_B03_771640	6	52626269	52632313	15	-0.5066
DUNGS_p_TCGA_b84_115_SNP_N_GenomeWideSNP_6_B03_771640	6	52632603	53094861	329	-0.1216
DUNGS_p_TCGA_b84_115_SNP_N_GenomeWideSNP_6_B03_771640	6	53095440	53095806	3	-0.9686
DUNGS_p_TCGA_b84_115_SNP_N_GenomeWideSNP_6_B03_771640	6	53096682	53931151	640	-0.1163
DUNGS_p_TCGA_b84_115_SNP_N_GenomeWideSNP_6_B03_771640	6	53931230	53931855	6	-1.5404
DUNGS_p_TCGA_b84_115_SNP_N_GenomeWideSNP_6_B03_771640	6	53935348	65336942	4360	-0.1063
DUNGS_p_TCGA_b84_115_SNP_N_GenomeWideSNP_6_B03_771640	6	65347544	65348992	2	1.0844
DUNGS_p_TCGA_b84_115_SNP_N_GenomeWideSNP_6_B03_771640	6	65350776	65710729	239	-0.0845
DUNGS_p_TCGA_b84_115_SNP_N_GenomeWideSNP_6_B03_771640	6	65711399	65713792	3	-1.4887
DUNGS_p_TCGA_b84_115_SNP_N_GenomeWideSNP_6_B03_771640	6	65717384	67042715	901	-0.0954
DUNGS_p_TCGA_b84_115_SNP_N_GenomeWideSNP_6_B03_771640	6	67042746	67043358	6	0.5761
DUNGS_p_TCGA_b84_115_SNP_N_GenomeWideSNP_6_B03_771640	6	67043427	74591858	5020	-0.1047
DUNGS_p_TCGA_b84_115_SNP_N_GenomeWideSNP_6_B03_771640	6	74592225	74601410	10	0.6287
DUNGS_p_TCGA_b84_115_SNP_N_GenomeWideSNP_6_B03_771640	6	74603555	78980447	2802	-0.1006
DUNGS_p_TCGA_b84_115_SNP_N_GenomeWideSNP_6_B03_771640	6	78987486	79041773	87	0.3607
DUNGS_p_TCGA_b84_115_SNP_N_GenomeWideSNP_6_B03_771640	6	79041809	87814123	5469	-0.1064
DUNGS_p_TCGA_b84_115_SNP_N_GenomeWideSNP_6_B03_771640	6	87816905	87817326	2	-1.274
DUNGS_p_TCGA_b84_115_SNP_N_GenomeWideSNP_6_B03_771640	6	87818393	88450958	383	-0.1217
DUNGS_p_TCGA_b84_115_SNP_N_GenomeWideSNP_6_B03_771640	6	88451309	88455602	4	0.5524
DUNGS_p_TCGA_b84_115_SNP_N_GenomeWideSNP_6_B03_771640	6	88459585	103734174	9637	-0.107
DUNGS_p_TCGA_b84_115_SNP_N_GenomeWideSNP_6_B03_771640	6	103734645	103738039	7	0.5146
DUNGS_p_TCGA_b84_115_SNP_N_GenomeWideSNP_6_B03_771640	6	103738084	103762061	44	-0.4891
DUNGS_p_TCGA_b84_115_SNP_N_GenomeWideSNP_6_B03_771640	6	103765470	124431774	12717	-0.1066
DUNGS_p_TCGA_b84_115_SNP_N_GenomeWideSNP_6_B03_771640	6	124435941	124470365	20	0.3742
DUNGS_p_TCGA_b84_115_SNP_N_GenomeWideSNP_6_B03_771640	6	124470761	126182763	1180	-0.1127
DUNGS_p_TCGA_b84_115_SNP_N_GenomeWideSNP_6_B03_771640	6	126183692	126186776	3	-1.032
DUNGS_p_TCGA_b84_115_SNP_N_GenomeWideSNP_6_B03_771640	6	126188893	128428553	1198	-0.0959
DUNGS_p_TCGA_b84_115_SNP_N_GenomeWideSNP_6_B03_771640	6	128432430	128436415	7	-1.2048
DUNGS_p_TCGA_b84_115_SNP_N_GenomeWideSNP_6_B03_771640	6	128439814	132706261	2849	-0.1055
DUNGS_p_TCGA_b84_115_SNP_N_GenomeWideSNP_6_B03_771640	6	132709357	132713043	5	-0.8075
DUNGS_p_TCGA_b84_115_SNP_N_GenomeWideSNP_6_B03_771640	6	132719368	140995589	5586	-0.1079
DUNGS_p_TCGA_b84_115_SNP_N_GenomeWideSNP_6_B03_771640	6	140995864	141060406	26	0.2194
DUNGS_p_TCGA_b84_115_SNP_N_GenomeWideSNP_6_B03_771640	6	141061418	157779495	11255	-0.1115
DUNGS_p_TCGA_b84_115_SNP_N_GenomeWideSNP_6_B03_771640	6	157781264	157796076	3	-1.1238
DUNGS_p_TCGA_b84_115_SNP_N_GenomeWideSNP_6_B03_771640	6	157796994	158642134	496	-0.1442
DUNGS_p_TCGA_b84_115_SNP_N_GenomeWideSNP_6_B03_771640	6	158642150	158642566	3	-1.5399
DUNGS_p_TCGA_b84_115_SNP_N_GenomeWideSNP_6_B03_771640	6	158642580	167781194	6930	-0.1189
DUNGS_p_TCGA_b84_115_SNP_N_GenomeWideSNP_6_B03_771640	6	167781959	167791534	7	0.4733
DUNGS_p_TCGA_b84_115_SNP_N_GenomeWideSNP_6_B03_771640	6	167795824	171051005	2006	-0.15
DUNGS_p_TCGA_b84_115_SNP_N_GenomeWideSNP_6_B03_771640	7	43355	6837006	3443	0.0385
DUNGS_p_TCGA_b84_115_SNP_N_GenomeWideSNP_6_B03_771640	7	6837068	6862693	5	-0.7702
DUNGS_p_TCGA_b84_115_SNP_N_GenomeWideSNP_6_B03_771640	7	6864083	9010236	1835	0.0737
DUNGS_p_TCGA_b84_115_SNP_N_GenomeWideSNP_6_B03_771640	7	9010642	9017400	10	0.5945
DUNGS_p_TCGA_b84_115_SNP_N_GenomeWideSNP_6_B03_771640	7	9018275	9632207	480	0.092
DUNGS_p_TCGA_b84_115_SNP_N_GenomeWideSNP_6_B03_771640	7	9632551	9636999	5	-0.6113
DUNGS_p_TCGA_b84_115_SNP_N_GenomeWideSNP_6_B03_771640	7	9639344	11312984	1234	0.0822
DUNGS_p_TCGA_b84_115_SNP_N_GenomeWideSNP_6_B03_771640	7	11313001	11323023	25	0.3572
DUNGS_p_TCGA_b84_115_SNP_N_GenomeWideSNP_6_B03_771640	7	11323036	11742920	412	0.0535
DUNGS_p_TCGA_b84_115_SNP_N_GenomeWideSNP_6_B03_771640	7	11743030	11745514	2	1.2749
DUNGS_p_TCGA_b84_115_SNP_N_GenomeWideSNP_6_B03_771640	7	11747664	13119071	1067	0.0762
DUNGS_p_TCGA_b84_115_SNP_N_GenomeWideSNP_6_B03_771640	7	13119172	13119315	2	1.0993
DUNGS_p_TCGA_b84_115_SNP_N_GenomeWideSNP_6_B03_771640	7	13119442	16377435	2674	0.0692
DUNGS_p_TCGA_b84_115_SNP_N_GenomeWideSNP_6_B03_771640	7	16377531	16382334	3	-0.8101
DUNGS_p_TCGA_b84_115_SNP_N_GenomeWideSNP_6_B03_771640	7	16382521	19677547	2837	0.0722
DUNGS_p_TCGA_b84_115_SNP_N_GenomeWideSNP_6_B03_771640	7	19678469	19682148	3	-0.8818
DUNGS_p_TCGA_b84_115_SNP_N_GenomeWideSNP_6_B03_771640	7	19682677	38322918	13446	0.0546
DUNGS_p_TCGA_b84_115_SNP_N_GenomeWideSNP_6_B03_771640	7	38323485	38328740	18	-0.3886
DUNGS_p_TCGA_b84_115_SNP_N_GenomeWideSNP_6_B03_771640	7	38328897	38386812	85	0.0449
DUNGS_p_TCGA_b84_115_SNP_N_GenomeWideSNP_6_B03_771640	7	38387443	38398047	6	0.6619
DUNGS_p_TCGA_b84_115_SNP_N_GenomeWideSNP_6_B03_771640	7	38400957	53222388	10171	0.0505
DUNGS_p_TCGA_b84_115_SNP_N_GenomeWideSNP_6_B03_771640	7	53222714	53224225	2	-1.1058
DUNGS_p_TCGA_b84_115_SNP_N_GenomeWideSNP_6_B03_771640	7	53224572	54380373	847	0.0678
DUNGS_p_TCGA_b84_115_SNP_N_GenomeWideSNP_6_B03_771640	7	54386505	54386517	6	1.8359
DUNGS_p_TCGA_b84_115_SNP_N_GenomeWideSNP_6_B03_771640	7	54393488	64568852	3140	0.0559
DUNGS_p_TCGA_b84_115_SNP_N_GenomeWideSNP_6_B03_771640	7	64594065	64637128	7	-1.5099
DUNGS_p_TCGA_b84_115_SNP_N_GenomeWideSNP_6_B03_771640	7	64638157	65084562	220	0.0881
DUNGS_p_TCGA_b84_115_SNP_N_GenomeWideSNP_6_B03_771640	7	65087606	65162182	10	0.5809
DUNGS_p_TCGA_b84_115_SNP_N_GenomeWideSNP_6_B03_771640	7	65173719	72455684	4140	0.0413
DUNGS_p_TCGA_b84_115_SNP_N_GenomeWideSNP_6_B03_771640	7	72455743	72458513	3	0.9766
DUNGS_p_TCGA_b84_115_SNP_N_GenomeWideSNP_6_B03_771640	7	72458587	86932765	8033	0.0601
DUNGS_p_TCGA_b84_115_SNP_N_GenomeWideSNP_6_B03_771640	7	86940803	86948227	4	-0.7862
DUNGS_p_TCGA_b84_115_SNP_N_GenomeWideSNP_6_B03_771640	7	86951809	97385933	6619	0.06
DUNGS_p_TCGA_b84_115_SNP_N_GenomeWideSNP_6_B03_771640	7	97385970	97402475	17	-0.8554
DUNGS_p_TCGA_b84_115_SNP_N_GenomeWideSNP_6_B03_771640	7	97404240	97417610	21	0.167
DUNGS_p_TCGA_b84_115_SNP_N_GenomeWideSNP_6_B03_771640	7	97420649	97421672	8	-0.5218
DUNGS_p_TCGA_b84_115_SNP_N_GenomeWideSNP_6_B03_771640	7	97437628	97614363	83	0.0888
DUNGS_p_TCGA_b84_115_SNP_N_GenomeWideSNP_6_B03_771640	7	97615821	97615835	2	1.1768
DUNGS_p_TCGA_b84_115_SNP_N_GenomeWideSNP_6_B03_771640	7	97620691	100321138	1171	0.0372
DUNGS_p_TCGA_b84_115_SNP_N_GenomeWideSNP_6_B03_771640	7	100324274	100329265	4	0.7504
DUNGS_p_TCGA_b84_115_SNP_N_GenomeWideSNP_6_B03_771640	7	100332842	102098899	763	0.0373
DUNGS_p_TCGA_b84_115_SNP_N_GenomeWideSNP_6_B03_771640	7	102101306	102358404	41	0.331
DUNGS_p_TCGA_b84_115_SNP_N_GenomeWideSNP_6_B03_771640	7	102373011	104475567	1355	0.0587
DUNGS_p_TCGA_b84_115_SNP_N_GenomeWideSNP_6_B03_771640	7	104476485	104476535	4	1.057
DUNGS_p_TCGA_b84_115_SNP_N_GenomeWideSNP_6_B03_771640	7	104478492	109430050	3184	0.0601
DUNGS_p_TCGA_b84_115_SNP_N_GenomeWideSNP_6_B03_771640	7	109433747	109433798	4	1.0697
DUNGS_p_TCGA_b84_115_SNP_N_GenomeWideSNP_6_B03_771640	7	109437092	109437100	7	0.2793
DUNGS_p_TCGA_b84_115_SNP_N_GenomeWideSNP_6_B03_771640	7	109437101	109453819	26	-0.443
DUNGS_p_TCGA_b84_115_SNP_N_GenomeWideSNP_6_B03_771640	7	109453858	122821092	8062	0.0606
DUNGS_p_TCGA_b84_115_SNP_N_GenomeWideSNP_6_B03_771640	7	122824251	122826811	8	-0.5351
DUNGS_p_TCGA_b84_115_SNP_N_GenomeWideSNP_6_B03_771640	7	122839445	126044974	1978	0.0647
DUNGS_p_TCGA_b84_115_SNP_N_GenomeWideSNP_6_B03_771640	7	126045482	126046876	13	-1.479
DUNGS_p_TCGA_b84_115_SNP_N_GenomeWideSNP_6_B03_771640	7	126046877	133778652	4708	0.0477
DUNGS_p_TCGA_b84_115_SNP_N_GenomeWideSNP_6_B03_771640	7	133785177	133785899	14	0.6285
DUNGS_p_TCGA_b84_115_SNP_N_GenomeWideSNP_6_B03_771640	7	133786943	133789506	7	0.0474
DUNGS_p_TCGA_b84_115_SNP_N_GenomeWideSNP_6_B03_771640	7	133789965	133795634	6	0.9315
DUNGS_p_TCGA_b84_115_SNP_N_GenomeWideSNP_6_B03_771640	7	133795665	135496670	1221	0.0632
DUNGS_p_TCGA_b84_115_SNP_N_GenomeWideSNP_6_B03_771640	7	135497224	135508122	10	-0.3679
DUNGS_p_TCGA_b84_115_SNP_N_GenomeWideSNP_6_B03_771640	7	135508244	139737221	2649	0.0537
DUNGS_p_TCGA_b84_115_SNP_N_GenomeWideSNP_6_B03_771640	7	139739580	139753757	7	-0.6475
DUNGS_p_TCGA_b84_115_SNP_N_GenomeWideSNP_6_B03_771640	7	139754819	141002552	837	0.0528
DUNGS_p_TCGA_b84_115_SNP_N_GenomeWideSNP_6_B03_771640	7	141003045	141004310	3	-0.8642
DUNGS_p_TCGA_b84_115_SNP_N_GenomeWideSNP_6_B03_771640	7	141004466	142476719	981	0.0537
DUNGS_p_TCGA_b84_115_SNP_N_GenomeWideSNP_6_B03_771640	7	142476764	142486045	26	0.52
DUNGS_p_TCGA_b84_115_SNP_N_GenomeWideSNP_6_B03_771640	7	142486115	150285104	4740	0.0543
DUNGS_p_TCGA_b84_115_SNP_N_GenomeWideSNP_6_B03_771640	7	150285801	150314686	16	-0.4148
DUNGS_p_TCGA_b84_115_SNP_N_GenomeWideSNP_6_B03_771640	7	150318801	153399074	1930	0.0403
DUNGS_p_TCGA_b84_115_SNP_N_GenomeWideSNP_6_B03_771640	7	153399165	153399388	2	-1.4187
DUNGS_p_TCGA_b84_115_SNP_N_GenomeWideSNP_6_B03_771640	7	153399420	158955239	3788	0.0362
DUNGS_p_TCGA_b84_115_SNP_N_GenomeWideSNP_6_B03_771640	7	158957934	158965047	3	-1.0932
DUNGS_p_TCGA_b84_115_SNP_N_GenomeWideSNP_6_B03_771640	7	158971159	159117398	91	0.0694
DUNGS_p_TCGA_b84_115_SNP_N_GenomeWideSNP_6_B03_771640	7	159117446	159117641	5	-0.6855
DUNGS_p_TCGA_b84_115_SNP_N_GenomeWideSNP_6_B03_771640	7	159117893	159127004	12	-0.046
DUNGS_p_TCGA_b84_115_SNP_N_GenomeWideSNP_6_B03_771640	8	31254	1367068	903	-0.1601
DUNGS_p_TCGA_b84_115_SNP_N_GenomeWideSNP_6_B03_771640	8	1367362	1367602	3	-1.635
DUNGS_p_TCGA_b84_115_SNP_N_GenomeWideSNP_6_B03_771640	8	1367688	2247094	741	-0.1326
DUNGS_p_TCGA_b84_115_SNP_N_GenomeWideSNP_6_B03_771640	8	2247158	2259358	16	-0.7813
DUNGS_p_TCGA_b84_115_SNP_N_GenomeWideSNP_6_B03_771640	8	2270328	2701934	460	-0.1252
DUNGS_p_TCGA_b84_115_SNP_N_GenomeWideSNP_6_B03_771640	8	2703533	2703899	7	-1.3259
DUNGS_p_TCGA_b84_115_SNP_N_GenomeWideSNP_6_B03_771640	8	2707171	6840297	5613	-0.1073
DUNGS_p_TCGA_b84_115_SNP_N_GenomeWideSNP_6_B03_771640	8	6858815	6876142	4	0.958
DUNGS_p_TCGA_b84_115_SNP_N_GenomeWideSNP_6_B03_771640	8	6878188	7214810	96	-0.1391
DUNGS_p_TCGA_b84_115_SNP_N_GenomeWideSNP_6_B03_771640	8	7214845	7250380	22	-1.3213
DUNGS_p_TCGA_b84_115_SNP_N_GenomeWideSNP_6_B03_771640	8	7254291	7759593	121	-0.4579
DUNGS_p_TCGA_b84_115_SNP_N_GenomeWideSNP_6_B03_771640	8	7771562	7832054	33	-1.0933
DUNGS_p_TCGA_b84_115_SNP_N_GenomeWideSNP_6_B03_771640	8	7838543	7858019	12	0.1935
DUNGS_p_TCGA_b84_115_SNP_N_GenomeWideSNP_6_B03_771640	8	7860795	8072303	50	-0.4151
DUNGS_p_TCGA_b84_115_SNP_N_GenomeWideSNP_6_B03_771640	8	8087144	8385797	288	-0.0853
DUNGS_p_TCGA_b84_115_SNP_N_GenomeWideSNP_6_B03_771640	8	8386150	8386442	4	0.5838
DUNGS_p_TCGA_b84_115_SNP_N_GenomeWideSNP_6_B03_771640	8	8388307	9071033	647	-0.1185
DUNGS_p_TCGA_b84_115_SNP_N_GenomeWideSNP_6_B03_771640	8	9071416	9072933	3	-1.1561
DUNGS_p_TCGA_b84_115_SNP_N_GenomeWideSNP_6_B03_771640	8	9073858	9456388	364	-0.1187
DUNGS_p_TCGA_b84_115_SNP_N_GenomeWideSNP_6_B03_771640	8	9459139	9769573	195	0.2046
DUNGS_p_TCGA_b84_115_SNP_N_GenomeWideSNP_6_B03_771640	8	9774199	11596437	1518	-0.1443
DUNGS_p_TCGA_b84_115_SNP_N_GenomeWideSNP_6_B03_771640	8	11597046	11949551	209	0.1726
DUNGS_p_TCGA_b84_115_SNP_N_GenomeWideSNP_6_B03_771640	8	11987726	12001123	6	-1.3283
DUNGS_p_TCGA_b84_115_SNP_N_GenomeWideSNP_6_B03_771640	8	12034307	12241505	29	0.649
DUNGS_p_TCGA_b84_115_SNP_N_GenomeWideSNP_6_B03_771640	8	12241813	12243179	11	-0.0808
DUNGS_p_TCGA_b84_115_SNP_N_GenomeWideSNP_6_B03_771640	8	12245192	12247486	9	0.4748
DUNGS_p_TCGA_b84_115_SNP_N_GenomeWideSNP_6_B03_771640	8	12260927	12839659	349	-0.1191
DUNGS_p_TCGA_b84_115_SNP_N_GenomeWideSNP_6_B03_771640	8	12839728	12839792	2	-1.7983
DUNGS_p_TCGA_b84_115_SNP_N_GenomeWideSNP_6_B03_771640	8	12839852	13504177	650	-0.1192
DUNGS_p_TCGA_b84_115_SNP_N_GenomeWideSNP_6_B03_771640	8	13508729	13523595	14	0.4898
DUNGS_p_TCGA_b84_115_SNP_N_GenomeWideSNP_6_B03_771640	8	13523817	13654756	178	-0.0444
DUNGS_p_TCGA_b84_115_SNP_N_GenomeWideSNP_6_B03_771640	8	13655402	13655709	4	-1.137
DUNGS_p_TCGA_b84_115_SNP_N_GenomeWideSNP_6_B03_771640	8	13656961	14509568	829	-0.1078
DUNGS_p_TCGA_b84_115_SNP_N_GenomeWideSNP_6_B03_771640	8	14510032	14510074	3	-1.3968
DUNGS_p_TCGA_b84_115_SNP_N_GenomeWideSNP_6_B03_771640	8	14510396	18264491	3372	-0.1041
DUNGS_p_TCGA_b84_115_SNP_N_GenomeWideSNP_6_B03_771640	8	18265154	18271387	6	0.6692
DUNGS_p_TCGA_b84_115_SNP_N_GenomeWideSNP_6_B03_771640	8	18271948	24974522	5097	-0.1214
DUNGS_p_TCGA_b84_115_SNP_N_GenomeWideSNP_6_B03_771640	8	24974577	24991274	28	0.4726
DUNGS_p_TCGA_b84_115_SNP_N_GenomeWideSNP_6_B03_771640	8	24991289	36685443	7670	-0.1148
DUNGS_p_TCGA_b84_115_SNP_N_GenomeWideSNP_6_B03_771640	8	36686113	36912276	137	0.2008
DUNGS_p_TCGA_b84_115_SNP_N_GenomeWideSNP_6_B03_771640	8	36918436	38317049	760	-0.1222
DUNGS_p_TCGA_b84_115_SNP_N_GenomeWideSNP_6_B03_771640	8	38317067	38317082	2	0.7949
DUNGS_p_TCGA_b84_115_SNP_N_GenomeWideSNP_6_B03_771640	8	38317174	38621298	197	-0.1378
DUNGS_p_TCGA_b84_115_SNP_N_GenomeWideSNP_6_B03_771640	8	38626931	38631146	3	-1.0618
DUNGS_p_TCGA_b84_115_SNP_N_GenomeWideSNP_6_B03_771640	8	38635429	39226349	273	-0.1064
DUNGS_p_TCGA_b84_115_SNP_N_GenomeWideSNP_6_B03_771640	8	39230183	39230325	2	-0.9938
DUNGS_p_TCGA_b84_115_SNP_N_GenomeWideSNP_6_B03_771640	8	39230659	39386965	60	0.6226
DUNGS_p_TCGA_b84_115_SNP_N_GenomeWideSNP_6_B03_771640	8	39388299	40253560	674	-0.1206
DUNGS_p_TCGA_b84_115_SNP_N_GenomeWideSNP_6_B03_771640	8	40253865	40316691	54	0.2368
DUNGS_p_TCGA_b84_115_SNP_N_GenomeWideSNP_6_B03_771640	8	40316879	40767484	345	-0.1482
DUNGS_p_TCGA_b84_115_SNP_N_GenomeWideSNP_6_B03_771640	8	40771513	40778471	4	0.5576
DUNGS_p_TCGA_b84_115_SNP_N_GenomeWideSNP_6_B03_771640	8	40783680	42254057	980	-0.142
DUNGS_p_TCGA_b84_115_SNP_N_GenomeWideSNP_6_B03_771640	8	42254380	51032011	2541	0.1999
DUNGS_p_TCGA_b84_115_SNP_N_GenomeWideSNP_6_B03_771640	8	51032024	51033423	8	0.8858
DUNGS_p_TCGA_b84_115_SNP_N_GenomeWideSNP_6_B03_771640	8	51038578	52853886	1135	0.2146
DUNGS_p_TCGA_b84_115_SNP_N_GenomeWideSNP_6_B03_771640	8	52854218	52878958	8	0.6723
DUNGS_p_TCGA_b84_115_SNP_N_GenomeWideSNP_6_B03_771640	8	52886777	57461840	3022	0.2022
DUNGS_p_TCGA_b84_115_SNP_N_GenomeWideSNP_6_B03_771640	8	57466859	57653570	126	-0.087
DUNGS_p_TCGA_b84_115_SNP_N_GenomeWideSNP_6_B03_771640	8	57654376	60999098	2255	0.2015
DUNGS_p_TCGA_b84_115_SNP_N_GenomeWideSNP_6_B03_771640	8	60999488	61000026	6	-0.6095
DUNGS_p_TCGA_b84_115_SNP_N_GenomeWideSNP_6_B03_771640	8	61002575	103716991	25771	0.2011
DUNGS_p_TCGA_b84_115_SNP_N_GenomeWideSNP_6_B03_771640	8	103719596	103727429	10	-0.7145
DUNGS_p_TCGA_b84_115_SNP_N_GenomeWideSNP_6_B03_771640	8	103728568	136000478	21709	0.206
DUNGS_p_TCGA_b84_115_SNP_N_GenomeWideSNP_6_B03_771640	8	136005606	136008453	5	-0.7316
DUNGS_p_TCGA_b84_115_SNP_N_GenomeWideSNP_6_B03_771640	8	136009494	144309998	5765	0.1805
DUNGS_p_TCGA_b84_115_SNP_N_GenomeWideSNP_6_B03_771640	8	144310013	144310602	4	-0.5895
DUNGS_p_TCGA_b84_115_SNP_N_GenomeWideSNP_6_B03_771640	8	144310617	146298155	635	0.2127
DUNGS_p_TCGA_b84_115_SNP_N_GenomeWideSNP_6_B03_771640	9	46587	21375182	19131	-0.1138
DUNGS_p_TCGA_b84_115_SNP_N_GenomeWideSNP_6_B03_771640	9	21379466	21555226	129	-0.5474
DUNGS_p_TCGA_b84_115_SNP_N_GenomeWideSNP_6_B03_771640	9	21562757	21691487	108	-0.0942
DUNGS_p_TCGA_b84_115_SNP_N_GenomeWideSNP_6_B03_771640	9	21693409	22509658	536	-0.4898
DUNGS_p_TCGA_b84_115_SNP_N_GenomeWideSNP_6_B03_771640	9	22509998	23366282	582	-0.0961
DUNGS_p_TCGA_b84_115_SNP_N_GenomeWideSNP_6_B03_771640	9	23367169	23379719	7	-1.1692
DUNGS_p_TCGA_b84_115_SNP_N_GenomeWideSNP_6_B03_771640	9	23380445	29091097	4345	-0.1192
DUNGS_p_TCGA_b84_115_SNP_N_GenomeWideSNP_6_B03_771640	9	29094549	29097680	3	-1.1489
DUNGS_p_TCGA_b84_115_SNP_N_GenomeWideSNP_6_B03_771640	9	29100799	30553483	1023	-0.0928
DUNGS_p_TCGA_b84_115_SNP_N_GenomeWideSNP_6_B03_771640	9	30555044	30558753	3	-1.2835
DUNGS_p_TCGA_b84_115_SNP_N_GenomeWideSNP_6_B03_771640	9	30560441	38490041	5100	-0.1161
DUNGS_p_TCGA_b84_115_SNP_N_GenomeWideSNP_6_B03_771640	9	38496889	38500226	4	-1.0009
DUNGS_p_TCGA_b84_115_SNP_N_GenomeWideSNP_6_B03_771640	9	38503825	41626836	399	-0.121
DUNGS_p_TCGA_b84_115_SNP_N_GenomeWideSNP_6_B03_771640	9	41626858	41692510	14	0.5481
DUNGS_p_TCGA_b84_115_SNP_N_GenomeWideSNP_6_B03_771640	9	41733629	44629223	125	0.0064
DUNGS_p_TCGA_b84_115_SNP_N_GenomeWideSNP_6_B03_771640	9	44727859	44795319	24	-0.7727
DUNGS_p_TCGA_b84_115_SNP_N_GenomeWideSNP_6_B03_771640	9	44795730	69153300	282	-0.0333
DUNGS_p_TCGA_b84_115_SNP_N_GenomeWideSNP_6_B03_771640	9	69166377	69492991	14	-0.3462
DUNGS_p_TCGA_b84_115_SNP_N_GenomeWideSNP_6_B03_771640	9	69492996	106566497	24984	-0.1196
DUNGS_p_TCGA_b84_115_SNP_N_GenomeWideSNP_6_B03_771640	9	106568696	106569290	2	-1.4332
DUNGS_p_TCGA_b84_115_SNP_N_GenomeWideSNP_6_B03_771640	9	106570702	117180734	8109	-0.113
DUNGS_p_TCGA_b84_115_SNP_N_GenomeWideSNP_6_B03_771640	9	117181190	117181237	2	-1.4104
DUNGS_p_TCGA_b84_115_SNP_N_GenomeWideSNP_6_B03_771640	9	117182478	139052984	14364	-0.1323
DUNGS_p_TCGA_b84_115_SNP_N_GenomeWideSNP_6_B03_771640	9	139053278	139058723	5	-1.2734
DUNGS_p_TCGA_b84_115_SNP_N_GenomeWideSNP_6_B03_771640	9	139059275	141091394	709	-0.1562
DUNGS_p_TCGA_b84_115_SNP_N_GenomeWideSNP_6_B03_771640	10	72759	4287070	3590	0.4026
DUNGS_p_TCGA_b84_115_SNP_N_GenomeWideSNP_6_B03_771640	10	4290814	4290924	3	-0.9645
DUNGS_p_TCGA_b84_115_SNP_N_GenomeWideSNP_6_B03_771640	10	4291016	5646540	1200	0.4182
DUNGS_p_TCGA_b84_115_SNP_N_GenomeWideSNP_6_B03_771640	10	5647078	5652754	15	0.0903
DUNGS_p_TCGA_b84_115_SNP_N_GenomeWideSNP_6_B03_771640	10	5665458	6410132	613	0.4064
DUNGS_p_TCGA_b84_115_SNP_N_GenomeWideSNP_6_B03_771640	10	6410287	6411481	14	-0.1216
DUNGS_p_TCGA_b84_115_SNP_N_GenomeWideSNP_6_B03_771640	10	6418754	17927554	9465	0.4072
DUNGS_p_TCGA_b84_115_SNP_N_GenomeWideSNP_6_B03_771640	10	17938208	17949857	2	-1.6594
DUNGS_p_TCGA_b84_115_SNP_N_GenomeWideSNP_6_B03_771640	10	17971816	18223647	17	0.6145
DUNGS_p_TCGA_b84_115_SNP_N_GenomeWideSNP_6_B03_771640	10	18230259	24375263	4344	0.4179
DUNGS_p_TCGA_b84_115_SNP_N_GenomeWideSNP_6_B03_771640	10	24377674	24378054	11	-2.4329
DUNGS_p_TCGA_b84_115_SNP_N_GenomeWideSNP_6_B03_771640	10	24378908	24378951	2	-0.7301
DUNGS_p_TCGA_b84_115_SNP_N_GenomeWideSNP_6_B03_771640	10	24379007	30239379	4277	0.4149
DUNGS_p_TCGA_b84_115_SNP_N_GenomeWideSNP_6_B03_771640	10	30239483	44806054	7071	0.1742
DUNGS_p_TCGA_b84_115_SNP_N_GenomeWideSNP_6_B03_771640	10	44809197	44810236	5	-1.0796
DUNGS_p_TCGA_b84_115_SNP_N_GenomeWideSNP_6_B03_771640	10	44810629	46070052	915	0.1379
DUNGS_p_TCGA_b84_115_SNP_N_GenomeWideSNP_6_B03_771640	10	46072872	46074186	3	-0.98
DUNGS_p_TCGA_b84_115_SNP_N_GenomeWideSNP_6_B03_771640	10	46074778	46527677	61	0.1636
DUNGS_p_TCGA_b84_115_SNP_N_GenomeWideSNP_6_B03_771640	10	46543857	47055711	86	0.3933
DUNGS_p_TCGA_b84_115_SNP_N_GenomeWideSNP_6_B03_771640	10	47058792	47059806	21	-0.5988
DUNGS_p_TCGA_b84_115_SNP_N_GenomeWideSNP_6_B03_771640	10	47059821	47067481	7	0.1573
DUNGS_p_TCGA_b84_115_SNP_N_GenomeWideSNP_6_B03_771640	10	47068227	47964192	265	0.6136
DUNGS_p_TCGA_b84_115_SNP_N_GenomeWideSNP_6_B03_771640	10	47964718	48902376	293	0.1072
DUNGS_p_TCGA_b84_115_SNP_N_GenomeWideSNP_6_B03_771640	10	48928791	48934756	2	-2.1135
DUNGS_p_TCGA_b84_115_SNP_N_GenomeWideSNP_6_B03_771640	10	48947018	48958519	3	1.0005
DUNGS_p_TCGA_b84_115_SNP_N_GenomeWideSNP_6_B03_771640	10	49031175	51136387	1367	0.1075
DUNGS_p_TCGA_b84_115_SNP_N_GenomeWideSNP_6_B03_771640	10	51197138	51397071	4	-0.9289
DUNGS_p_TCGA_b84_115_SNP_N_GenomeWideSNP_6_B03_771640	10	51449369	51830360	97	0.1732
DUNGS_p_TCGA_b84_115_SNP_N_GenomeWideSNP_6_B03_771640	10	51840984	51891920	4	-2.0742
DUNGS_p_TCGA_b84_115_SNP_N_GenomeWideSNP_6_B03_771640	10	51903768	53202786	896	0.1498
DUNGS_p_TCGA_b84_115_SNP_N_GenomeWideSNP_6_B03_771640	10	53205076	53211449	7	-0.9036
DUNGS_p_TCGA_b84_115_SNP_N_GenomeWideSNP_6_B03_771640	10	53217223	55434002	1787	0.1507
DUNGS_p_TCGA_b84_115_SNP_N_GenomeWideSNP_6_B03_771640	10	55434037	55434437	11	0.6825
DUNGS_p_TCGA_b84_115_SNP_N_GenomeWideSNP_6_B03_771640	10	55434498	58914841	2515	0.1541
DUNGS_p_TCGA_b84_115_SNP_N_GenomeWideSNP_6_B03_771640	10	58916149	58918699	4	-0.6627
DUNGS_p_TCGA_b84_115_SNP_N_GenomeWideSNP_6_B03_771640	10	58919226	67306276	5812	0.144
DUNGS_p_TCGA_b84_115_SNP_N_GenomeWideSNP_6_B03_771640	10	67307923	67314446	28	-2.038
DUNGS_p_TCGA_b84_115_SNP_N_GenomeWideSNP_6_B03_771640	10	67322795	72477186	3523	0.1337
DUNGS_p_TCGA_b84_115_SNP_N_GenomeWideSNP_6_B03_771640	10	72477232	72505546	31	-0.1898
DUNGS_p_TCGA_b84_115_SNP_N_GenomeWideSNP_6_B03_771640	10	72505992	81383874	5702	0.1299
DUNGS_p_TCGA_b84_115_SNP_N_GenomeWideSNP_6_B03_771640	10	81383884	81383885	2	1.0656
DUNGS_p_TCGA_b84_115_SNP_N_GenomeWideSNP_6_B03_771640	10	81385399	81997448	252	0.1641
DUNGS_p_TCGA_b84_115_SNP_N_GenomeWideSNP_6_B03_771640	10	81999491	82004289	3	-0.7
DUNGS_p_TCGA_b84_115_SNP_N_GenomeWideSNP_6_B03_771640	10	82008148	88785203	4915	0.1338
DUNGS_p_TCGA_b84_115_SNP_N_GenomeWideSNP_6_B03_771640	10	88793349	88794098	2	1.1347
DUNGS_p_TCGA_b84_115_SNP_N_GenomeWideSNP_6_B03_771640	10	88798115	89029243	57	0.1934
DUNGS_p_TCGA_b84_115_SNP_N_GenomeWideSNP_6_B03_771640	10	89029243	89046498	4	0.9269
DUNGS_p_TCGA_b84_115_SNP_N_GenomeWideSNP_6_B03_771640	10	89061261	90938673	1388	0.1547
DUNGS_p_TCGA_b84_115_SNP_N_GenomeWideSNP_6_B03_771640	10	90942967	90950094	13	-0.7326
DUNGS_p_TCGA_b84_115_SNP_N_GenomeWideSNP_6_B03_771640	10	90950406	94098578	2066	0.1304
DUNGS_p_TCGA_b84_115_SNP_N_GenomeWideSNP_6_B03_771640	10	94103867	94109791	4	0.8949
DUNGS_p_TCGA_b84_115_SNP_N_GenomeWideSNP_6_B03_771640	10	94112156	128514343	23468	0.1269
DUNGS_p_TCGA_b84_115_SNP_N_GenomeWideSNP_6_B03_771640	10	128514353	128515138	2	-0.9712
DUNGS_p_TCGA_b84_115_SNP_N_GenomeWideSNP_6_B03_771640	10	128515282	132270771	2921	0.116
DUNGS_p_TCGA_b84_115_SNP_N_GenomeWideSNP_6_B03_771640	10	132270842	132270895	2	-2.1576
DUNGS_p_TCGA_b84_115_SNP_N_GenomeWideSNP_6_B03_771640	10	132271141	135506704	2004	0.0795
DUNGS_p_TCGA_b84_115_SNP_N_GenomeWideSNP_6_B03_771640	11	198510	1644905	485	0.0799
DUNGS_p_TCGA_b84_115_SNP_N_GenomeWideSNP_6_B03_771640	11	1645966	1648648	4	-0.7353
DUNGS_p_TCGA_b84_115_SNP_N_GenomeWideSNP_6_B03_771640	11	1649887	4967396	1989	0.1005
DUNGS_p_TCGA_b84_115_SNP_N_GenomeWideSNP_6_B03_771640	11	4967650	4975705	30	-1.684
DUNGS_p_TCGA_b84_115_SNP_N_GenomeWideSNP_6_B03_771640	11	4976257	4976389	5	0.3415
DUNGS_p_TCGA_b84_115_SNP_N_GenomeWideSNP_6_B03_771640	11	4976493	4976907	9	-0.4976
DUNGS_p_TCGA_b84_115_SNP_N_GenomeWideSNP_6_B03_771640	11	4977011	5520975	540	0.1111
DUNGS_p_TCGA_b84_115_SNP_N_GenomeWideSNP_6_B03_771640	11	5522151	5522564	6	-1.0795
DUNGS_p_TCGA_b84_115_SNP_N_GenomeWideSNP_6_B03_771640	11	5523593	6032767	461	0.1368
DUNGS_p_TCGA_b84_115_SNP_N_GenomeWideSNP_6_B03_771640	11	6032941	6035889	5	-0.6602
DUNGS_p_TCGA_b84_115_SNP_N_GenomeWideSNP_6_B03_771640	11	6037455	6285201	152	0.1369
DUNGS_p_TCGA_b84_115_SNP_N_GenomeWideSNP_6_B03_771640	11	6285553	6287877	3	-0.7651
DUNGS_p_TCGA_b84_115_SNP_N_GenomeWideSNP_6_B03_771640	11	6288282	7813040	1158	0.1072
DUNGS_p_TCGA_b84_115_SNP_N_GenomeWideSNP_6_B03_771640	11	7813460	7832258	6	-0.6428
DUNGS_p_TCGA_b84_115_SNP_N_GenomeWideSNP_6_B03_771640	11	7837009	37133536	21449	0.1124
DUNGS_p_TCGA_b84_115_SNP_N_GenomeWideSNP_6_B03_771640	11	37133698	37134068	4	1.2371
DUNGS_p_TCGA_b84_115_SNP_N_GenomeWideSNP_6_B03_771640	11	37134158	37755416	415	0.1515
DUNGS_p_TCGA_b84_115_SNP_N_GenomeWideSNP_6_B03_771640	11	37767813	37834961	39	0.7838
DUNGS_p_TCGA_b84_115_SNP_N_GenomeWideSNP_6_B03_771640	11	37842577	48598422	6709	0.1071
DUNGS_p_TCGA_b84_115_SNP_N_GenomeWideSNP_6_B03_771640	11	48601434	48602676	2	-2.5507
DUNGS_p_TCGA_b84_115_SNP_N_GenomeWideSNP_6_B03_771640	11	48606318	71536872	9683	0.1053
DUNGS_p_TCGA_b84_115_SNP_N_GenomeWideSNP_6_B03_771640	11	71539003	71551602	6	-0.6303
DUNGS_p_TCGA_b84_115_SNP_N_GenomeWideSNP_6_B03_771640	11	71552665	74017319	1177	0.1172
DUNGS_p_TCGA_b84_115_SNP_N_GenomeWideSNP_6_B03_771640	11	74021779	74033066	9	0.5038
DUNGS_p_TCGA_b84_115_SNP_N_GenomeWideSNP_6_B03_771640	11	74033692	74234538	132	0.1001
DUNGS_p_TCGA_b84_115_SNP_N_GenomeWideSNP_6_B03_771640	11	74235491	74236893	2	-1.2174
DUNGS_p_TCGA_b84_115_SNP_N_GenomeWideSNP_6_B03_771640	11	74241851	80877842	4328	0.1113
DUNGS_p_TCGA_b84_115_SNP_N_GenomeWideSNP_6_B03_771640	11	80878180	80878596	10	0.5447
DUNGS_p_TCGA_b84_115_SNP_N_GenomeWideSNP_6_B03_771640	11	80878619	81497907	570	0.1235
DUNGS_p_TCGA_b84_115_SNP_N_GenomeWideSNP_6_B03_771640	11	81498805	81517158	12	-0.5512
DUNGS_p_TCGA_b84_115_SNP_N_GenomeWideSNP_6_B03_771640	11	81522632	107230719	17845	0.1213
DUNGS_p_TCGA_b84_115_SNP_N_GenomeWideSNP_6_B03_771640	11	107238656	107252362	8	-0.8662
DUNGS_p_TCGA_b84_115_SNP_N_GenomeWideSNP_6_B03_771640	11	107257165	118350005	7622	0.1109
DUNGS_p_TCGA_b84_115_SNP_N_GenomeWideSNP_6_B03_771640	11	118350027	118350122	5	-0.7601
DUNGS_p_TCGA_b84_115_SNP_N_GenomeWideSNP_6_B03_771640	11	118351101	131426411	9595	0.1089
DUNGS_p_TCGA_b84_115_SNP_N_GenomeWideSNP_6_B03_771640	11	131426800	131427037	3	1.0203
DUNGS_p_TCGA_b84_115_SNP_N_GenomeWideSNP_6_B03_771640	11	131430922	134601012	2464	0.0813
DUNGS_p_TCGA_b84_115_SNP_N_GenomeWideSNP_6_B03_771640	11	134601791	134614865	13	-0.5236
DUNGS_p_TCGA_b84_115_SNP_N_GenomeWideSNP_6_B03_771640	11	134615426	134944770	273	0.046
DUNGS_p_TCGA_b84_115_SNP_N_GenomeWideSNP_6_B03_771640	12	150442	223422	24	0.5303
DUNGS_p_TCGA_b84_115_SNP_N_GenomeWideSNP_6_B03_771640	12	224065	316372	63	0.2067
DUNGS_p_TCGA_b84_115_SNP_N_GenomeWideSNP_6_B03_771640	12	318707	865970	331	0.4592
DUNGS_p_TCGA_b84_115_SNP_N_GenomeWideSNP_6_B03_771640	12	869109	879990	37	0.7611
DUNGS_p_TCGA_b84_115_SNP_N_GenomeWideSNP_6_B03_771640	12	883178	1134264	149	0.465
DUNGS_p_TCGA_b84_115_SNP_N_GenomeWideSNP_6_B03_771640	12	1143313	8322838	4944	-0.1278
DUNGS_p_TCGA_b84_115_SNP_N_GenomeWideSNP_6_B03_771640	12	8325087	8436328	35	0.1227
DUNGS_p_TCGA_b84_115_SNP_N_GenomeWideSNP_6_B03_771640	12	8442285	8449217	3	-1.0921
DUNGS_p_TCGA_b84_115_SNP_N_GenomeWideSNP_6_B03_771640	12	8453466	9633870	625	-0.113
DUNGS_p_TCGA_b84_115_SNP_N_GenomeWideSNP_6_B03_771640	12	9637909	9728292	24	-1.9333
DUNGS_p_TCGA_b84_115_SNP_N_GenomeWideSNP_6_B03_771640	12	9734969	10566692	631	-0.0995
DUNGS_p_TCGA_b84_115_SNP_N_GenomeWideSNP_6_B03_771640	12	10567965	10595806	10	0.4907
DUNGS_p_TCGA_b84_115_SNP_N_GenomeWideSNP_6_B03_771640	12	10596720	16419405	4119	-0.1133
DUNGS_p_TCGA_b84_115_SNP_N_GenomeWideSNP_6_B03_771640	12	16420987	16421325	2	1.1527
DUNGS_p_TCGA_b84_115_SNP_N_GenomeWideSNP_6_B03_771640	12	16428557	20652111	2707	-0.1066
DUNGS_p_TCGA_b84_115_SNP_N_GenomeWideSNP_6_B03_771640	12	20652685	20652722	2	-1.3418
DUNGS_p_TCGA_b84_115_SNP_N_GenomeWideSNP_6_B03_771640	12	20656965	29218373	6151	-0.1039
DUNGS_p_TCGA_b84_115_SNP_N_GenomeWideSNP_6_B03_771640	12	29218538	29219921	4	-0.9703
DUNGS_p_TCGA_b84_115_SNP_N_GenomeWideSNP_6_B03_771640	12	29221662	30235581	737	-0.1142
DUNGS_p_TCGA_b84_115_SNP_N_GenomeWideSNP_6_B03_771640	12	30239267	30243575	19	-0.7792
DUNGS_p_TCGA_b84_115_SNP_N_GenomeWideSNP_6_B03_771640	12	30243590	33301406	2278	-0.117
DUNGS_p_TCGA_b84_115_SNP_N_GenomeWideSNP_6_B03_771640	12	33301426	33307374	26	-0.9848
DUNGS_p_TCGA_b84_115_SNP_N_GenomeWideSNP_6_B03_771640	12	33308360	45904438	5632	-0.1026
DUNGS_p_TCGA_b84_115_SNP_N_GenomeWideSNP_6_B03_771640	12	45905840	45909537	3	0.8845
DUNGS_p_TCGA_b84_115_SNP_N_GenomeWideSNP_6_B03_771640	12	45913292	53019394	4053	-0.1192
DUNGS_p_TCGA_b84_115_SNP_N_GenomeWideSNP_6_B03_771640	12	53019911	53020781	2	-1.3419
DUNGS_p_TCGA_b84_115_SNP_N_GenomeWideSNP_6_B03_771640	12	53021742	61584424	5029	-0.1081
DUNGS_p_TCGA_b84_115_SNP_N_GenomeWideSNP_6_B03_771640	12	61584480	61584776	2	0.9577
DUNGS_p_TCGA_b84_115_SNP_N_GenomeWideSNP_6_B03_771640	12	61584980	63919989	1576	-0.1073
DUNGS_p_TCGA_b84_115_SNP_N_GenomeWideSNP_6_B03_771640	12	63920585	63924805	3	-1.8283
DUNGS_p_TCGA_b84_115_SNP_N_GenomeWideSNP_6_B03_771640	12	63932963	70871858	4546	-0.1138
DUNGS_p_TCGA_b84_115_SNP_N_GenomeWideSNP_6_B03_771640	12	70872675	70879385	10	-1.0704
DUNGS_p_TCGA_b84_115_SNP_N_GenomeWideSNP_6_B03_771640	12	70879433	78272506	4756	-0.1022
DUNGS_p_TCGA_b84_115_SNP_N_GenomeWideSNP_6_B03_771640	12	78274268	78274425	2	-1.2253
DUNGS_p_TCGA_b84_115_SNP_N_GenomeWideSNP_6_B03_771640	12	78274425	111972279	21666	-0.1095
DUNGS_p_TCGA_b84_115_SNP_N_GenomeWideSNP_6_B03_771640	12	111978144	111979997	3	-1.9237
DUNGS_p_TCGA_b84_115_SNP_N_GenomeWideSNP_6_B03_771640	12	111984707	130964718	13431	-0.1348
DUNGS_p_TCGA_b84_115_SNP_N_GenomeWideSNP_6_B03_771640	12	130967846	130971710	2	-1.448
DUNGS_p_TCGA_b84_115_SNP_N_GenomeWideSNP_6_B03_771640	12	130973189	133778189	1516	-0.1534
DUNGS_p_TCGA_b84_115_SNP_N_GenomeWideSNP_6_B03_771640	13	19026949	38075965	13583	-0.1182
DUNGS_p_TCGA_b84_115_SNP_N_GenomeWideSNP_6_B03_771640	13	38076267	38088330	13	-0.8795
DUNGS_p_TCGA_b84_115_SNP_N_GenomeWideSNP_6_B03_771640	13	38088374	39052811	700	-0.0957
DUNGS_p_TCGA_b84_115_SNP_N_GenomeWideSNP_6_B03_771640	13	39057572	39058056	2	-1.6456
DUNGS_p_TCGA_b84_115_SNP_N_GenomeWideSNP_6_B03_771640	13	39065057	49531551	7341	-0.1064
DUNGS_p_TCGA_b84_115_SNP_N_GenomeWideSNP_6_B03_771640	13	49533715	49536504	2	-1.3149
DUNGS_p_TCGA_b84_115_SNP_N_GenomeWideSNP_6_B03_771640	13	49537705	50854083	618	-0.0902
DUNGS_p_TCGA_b84_115_SNP_N_GenomeWideSNP_6_B03_771640	13	50855023	50855283	3	0.8034
DUNGS_p_TCGA_b84_115_SNP_N_GenomeWideSNP_6_B03_771640	13	50857495	51243400	253	-0.0801
DUNGS_p_TCGA_b84_115_SNP_N_GenomeWideSNP_6_B03_771640	13	51243906	51245376	3	-2.0176
DUNGS_p_TCGA_b84_115_SNP_N_GenomeWideSNP_6_B03_771640	13	51247210	53094799	1000	-0.1014
DUNGS_p_TCGA_b84_115_SNP_N_GenomeWideSNP_6_B03_771640	13	53097984	53105785	3	-1.4064
DUNGS_p_TCGA_b84_115_SNP_N_GenomeWideSNP_6_B03_771640	13	53117879	57693454	2603	-0.1058
DUNGS_p_TCGA_b84_115_SNP_N_GenomeWideSNP_6_B03_771640	13	57694271	57713366	18	0.2957
DUNGS_p_TCGA_b84_115_SNP_N_GenomeWideSNP_6_B03_771640	13	57749024	64254856	3870	-0.0963
DUNGS_p_TCGA_b84_115_SNP_N_GenomeWideSNP_6_B03_771640	13	64255393	64264246	4	0.7839
DUNGS_p_TCGA_b84_115_SNP_N_GenomeWideSNP_6_B03_771640	13	64264260	69260035	3103	-0.0983
DUNGS_p_TCGA_b84_115_SNP_N_GenomeWideSNP_6_B03_771640	13	69260496	69260734	2	1.0821
DUNGS_p_TCGA_b84_115_SNP_N_GenomeWideSNP_6_B03_771640	13	69261153	70749984	978	-0.095
DUNGS_p_TCGA_b84_115_SNP_N_GenomeWideSNP_6_B03_771640	13	70753940	70762936	9	0.4845
DUNGS_p_TCGA_b84_115_SNP_N_GenomeWideSNP_6_B03_771640	13	70763262	72476988	1088	-0.1087
DUNGS_p_TCGA_b84_115_SNP_N_GenomeWideSNP_6_B03_771640	13	72477555	72480556	4	1.2541
DUNGS_p_TCGA_b84_115_SNP_N_GenomeWideSNP_6_B03_771640	13	72480605	97537775	16336	-0.1062
DUNGS_p_TCGA_b84_115_SNP_N_GenomeWideSNP_6_B03_771640	13	97537846	97537864	2	-1.2807
DUNGS_p_TCGA_b84_115_SNP_N_GenomeWideSNP_6_B03_771640	13	97538820	115108397	12839	-0.1233
DUNGS_p_TCGA_b84_115_SNP_N_GenomeWideSNP_6_B03_771640	14	19002124	19170412	17	0.0228
DUNGS_p_TCGA_b84_115_SNP_N_GenomeWideSNP_6_B03_771640	14	19171044	20423372	173	-0.5058
DUNGS_p_TCGA_b84_115_SNP_N_GenomeWideSNP_6_B03_771640	14	20424926	41610496	13659	-0.1135
DUNGS_p_TCGA_b84_115_SNP_N_GenomeWideSNP_6_B03_771640	14	41610690	41653977	12	0.4411
DUNGS_p_TCGA_b84_115_SNP_N_GenomeWideSNP_6_B03_771640	14	41657249	73995774	20506	-0.1127
DUNGS_p_TCGA_b84_115_SNP_N_GenomeWideSNP_6_B03_771640	14	74001123	74029900	10	-1.9208
DUNGS_p_TCGA_b84_115_SNP_N_GenomeWideSNP_6_B03_771640	14	74029915	106099335	20695	-0.1217
DUNGS_p_TCGA_b84_115_SNP_N_GenomeWideSNP_6_B03_771640	14	106103033	106116861	2	-1.3112
DUNGS_p_TCGA_b84_115_SNP_N_GenomeWideSNP_6_B03_771640	14	106119639	106530364	137	-0.2135
DUNGS_p_TCGA_b84_115_SNP_N_GenomeWideSNP_6_B03_771640	14	106530687	106561441	16	0.5205
DUNGS_p_TCGA_b84_115_SNP_N_GenomeWideSNP_6_B03_771640	14	106567100	106720594	69	-0.2112
DUNGS_p_TCGA_b84_115_SNP_N_GenomeWideSNP_6_B03_771640	14	106722071	106727469	6	0.5378
DUNGS_p_TCGA_b84_115_SNP_N_GenomeWideSNP_6_B03_771640	14	106728162	106796228	30	-0.1591
DUNGS_p_TCGA_b84_115_SNP_N_GenomeWideSNP_6_B03_771640	14	106796697	106821736	9	1.2838
DUNGS_p_TCGA_b84_115_SNP_N_GenomeWideSNP_6_B03_771640	14	106825916	107285437	304	-0.0943
DUNGS_p_TCGA_b84_115_SNP_N_GenomeWideSNP_6_B03_771640	15	20016328	20265978	55	-0.0115
DUNGS_p_TCGA_b84_115_SNP_N_GenomeWideSNP_6_B03_771640	15	20267862	20581564	50	-1.2276
DUNGS_p_TCGA_b84_115_SNP_N_GenomeWideSNP_6_B03_771640	15	20585988	20590042	14	-2.6659
DUNGS_p_TCGA_b84_115_SNP_N_GenomeWideSNP_6_B03_771640	15	20590160	20646575	26	-1.3416
DUNGS_p_TCGA_b84_115_SNP_N_GenomeWideSNP_6_B03_771640	15	20646685	20820159	11	-0.5093
DUNGS_p_TCGA_b84_115_SNP_N_GenomeWideSNP_6_B03_771640	15	20830374	21073525	68	-1.286
DUNGS_p_TCGA_b84_115_SNP_N_GenomeWideSNP_6_B03_771640	15	21073540	21086324	7	-2.2318
DUNGS_p_TCGA_b84_115_SNP_N_GenomeWideSNP_6_B03_771640	15	21089814	21148201	27	-1.4308
DUNGS_p_TCGA_b84_115_SNP_N_GenomeWideSNP_6_B03_771640	15	21150155	21192108	12	-0.6092
DUNGS_p_TCGA_b84_115_SNP_N_GenomeWideSNP_6_B03_771640	15	21192211	21929862	31	-1.2923
DUNGS_p_TCGA_b84_115_SNP_N_GenomeWideSNP_6_B03_771640	15	21930553	22539959	105	-0.7091
DUNGS_p_TCGA_b84_115_SNP_N_GenomeWideSNP_6_B03_771640	15	22543492	22587474	16	-1.1489
DUNGS_p_TCGA_b84_115_SNP_N_GenomeWideSNP_6_B03_771640	15	22673399	23459202	315	0.0169
DUNGS_p_TCGA_b84_115_SNP_N_GenomeWideSNP_6_B03_771640	15	23478049	23482361	2	-1.2572
DUNGS_p_TCGA_b84_115_SNP_N_GenomeWideSNP_6_B03_771640	15	23487457	24055699	303	-0.0313
DUNGS_p_TCGA_b84_115_SNP_N_GenomeWideSNP_6_B03_771640	15	24057977	24065693	17	0.3793
DUNGS_p_TCGA_b84_115_SNP_N_GenomeWideSNP_6_B03_771640	15	24067595	24376622	236	0.0146
DUNGS_p_TCGA_b84_115_SNP_N_GenomeWideSNP_6_B03_771640	15	24376697	24434532	34	-0.7569
DUNGS_p_TCGA_b84_115_SNP_N_GenomeWideSNP_6_B03_771640	15	24442219	24566076	62	-0.0683
DUNGS_p_TCGA_b84_115_SNP_N_GenomeWideSNP_6_B03_771640	15	24571349	24778891	102	0.576
DUNGS_p_TCGA_b84_115_SNP_N_GenomeWideSNP_6_B03_771640	15	24782267	26560192	1313	0.0049
DUNGS_p_TCGA_b84_115_SNP_N_GenomeWideSNP_6_B03_771640	15	26562152	26563588	3	-0.768
DUNGS_p_TCGA_b84_115_SNP_N_GenomeWideSNP_6_B03_771640	15	26565036	26850410	220	-0.0278
DUNGS_p_TCGA_b84_115_SNP_N_GenomeWideSNP_6_B03_771640	15	26851106	26856704	4	0.8926
DUNGS_p_TCGA_b84_115_SNP_N_GenomeWideSNP_6_B03_771640	15	26857125	30546013	2113	-0.0115
DUNGS_p_TCGA_b84_115_SNP_N_GenomeWideSNP_6_B03_771640	15	30552145	30561567	2	1.2398
DUNGS_p_TCGA_b84_115_SNP_N_GenomeWideSNP_6_B03_771640	15	30562770	34004605	2185	0.0072
DUNGS_p_TCGA_b84_115_SNP_N_GenomeWideSNP_6_B03_771640	15	34007379	34007427	3	0.9362
DUNGS_p_TCGA_b84_115_SNP_N_GenomeWideSNP_6_B03_771640	15	34010415	34723576	493	0.0078
DUNGS_p_TCGA_b84_115_SNP_N_GenomeWideSNP_6_B03_771640	15	34727172	34789804	52	0.2704
DUNGS_p_TCGA_b84_115_SNP_N_GenomeWideSNP_6_B03_771640	15	34794922	56787803	13708	0.0071
DUNGS_p_TCGA_b84_115_SNP_N_GenomeWideSNP_6_B03_771640	15	56789455	56791024	12	0.5164
DUNGS_p_TCGA_b84_115_SNP_N_GenomeWideSNP_6_B03_771640	15	56791075	76878362	12786	0.0067
DUNGS_p_TCGA_b84_115_SNP_N_GenomeWideSNP_6_B03_771640	15	76891241	76891511	2	-1.1398
DUNGS_p_TCGA_b84_115_SNP_N_GenomeWideSNP_6_B03_771640	15	76891627	76895344	13	-2.6398
DUNGS_p_TCGA_b84_115_SNP_N_GenomeWideSNP_6_B03_771640	15	76895767	76895775	7	-1.0849
DUNGS_p_TCGA_b84_115_SNP_N_GenomeWideSNP_6_B03_771640	15	76902179	79551693	1451	-0.0148
DUNGS_p_TCGA_b84_115_SNP_N_GenomeWideSNP_6_B03_771640	15	79551778	79552255	3	0.7703
DUNGS_p_TCGA_b84_115_SNP_N_GenomeWideSNP_6_B03_771640	15	79552272	82895028	2206	0.0117
DUNGS_p_TCGA_b84_115_SNP_N_GenomeWideSNP_6_B03_771640	15	82895362	83068590	7	0.5947
DUNGS_p_TCGA_b84_115_SNP_N_GenomeWideSNP_6_B03_771640	15	83083151	83169549	5	-0.6528
DUNGS_p_TCGA_b84_115_SNP_N_GenomeWideSNP_6_B03_771640	15	83169571	83551383	246	-0.0167
DUNGS_p_TCGA_b84_115_SNP_N_GenomeWideSNP_6_B03_771640	15	83557883	83558071	3	-1.0195
DUNGS_p_TCGA_b84_115_SNP_N_GenomeWideSNP_6_B03_771640	15	83559421	89240778	3848	0.0011
DUNGS_p_TCGA_b84_115_SNP_N_GenomeWideSNP_6_B03_771640	15	89245172	89246759	2	-1.39
DUNGS_p_TCGA_b84_115_SNP_N_GenomeWideSNP_6_B03_771640	15	89247354	102469040	9929	-0.0015
DUNGS_p_TCGA_b84_115_SNP_N_GenomeWideSNP_6_B03_771640	16	60777	158511	60	-0.2278
DUNGS_p_TCGA_b84_115_SNP_N_GenomeWideSNP_6_B03_771640	16	159464	5162491	2146	-9e-04
DUNGS_p_TCGA_b84_115_SNP_N_GenomeWideSNP_6_B03_771640	16	5164694	5181708	4	0.8662
DUNGS_p_TCGA_b84_115_SNP_N_GenomeWideSNP_6_B03_771640	16	5184911	7030497	2152	-0.0145
DUNGS_p_TCGA_b84_115_SNP_N_GenomeWideSNP_6_B03_771640	16	7030590	7033748	4	-0.8718
DUNGS_p_TCGA_b84_115_SNP_N_GenomeWideSNP_6_B03_771640	16	7034268	7379339	461	-0.0063
DUNGS_p_TCGA_b84_115_SNP_N_GenomeWideSNP_6_B03_771640	16	7381106	7702810	405	-0.35
DUNGS_p_TCGA_b84_115_SNP_N_GenomeWideSNP_6_B03_771640	16	7704203	15054358	5939	-0.0096
DUNGS_p_TCGA_b84_115_SNP_N_GenomeWideSNP_6_B03_771640	16	15058358	15059748	5	0.6479
DUNGS_p_TCGA_b84_115_SNP_N_GenomeWideSNP_6_B03_771640	16	15060414	15080139	12	0.1948
DUNGS_p_TCGA_b84_115_SNP_N_GenomeWideSNP_6_B03_771640	16	15080368	15085684	4	0.7815
DUNGS_p_TCGA_b84_115_SNP_N_GenomeWideSNP_6_B03_771640	16	15087171	18198717	1620	-0.001
DUNGS_p_TCGA_b84_115_SNP_N_GenomeWideSNP_6_B03_771640	16	18228118	18242726	3	1.3082
DUNGS_p_TCGA_b84_115_SNP_N_GenomeWideSNP_6_B03_771640	16	18243036	18429385	11	0.0027
DUNGS_p_TCGA_b84_115_SNP_N_GenomeWideSNP_6_B03_771640	16	18551587	18635804	11	0.568
DUNGS_p_TCGA_b84_115_SNP_N_GenomeWideSNP_6_B03_771640	16	18643217	29272604	6328	-4e-04
DUNGS_p_TCGA_b84_115_SNP_N_GenomeWideSNP_6_B03_771640	16	29276794	29281765	6	-1.1585
DUNGS_p_TCGA_b84_115_SNP_N_GenomeWideSNP_6_B03_771640	16	29283704	49521308	3376	-0.0364
DUNGS_p_TCGA_b84_115_SNP_N_GenomeWideSNP_6_B03_771640	16	49522434	49535656	3	-0.8873
DUNGS_p_TCGA_b84_115_SNP_N_GenomeWideSNP_6_B03_771640	16	49536023	55795214	4797	-0.0558
DUNGS_p_TCGA_b84_115_SNP_N_GenomeWideSNP_6_B03_771640	16	55796389	55816646	18	-2.9044
DUNGS_p_TCGA_b84_115_SNP_N_GenomeWideSNP_6_B03_771640	16	55816705	55842354	7	-0.6286
DUNGS_p_TCGA_b84_115_SNP_N_GenomeWideSNP_6_B03_771640	16	55842382	55858793	13	0.8584
DUNGS_p_TCGA_b84_115_SNP_N_GenomeWideSNP_6_B03_771640	16	55868439	90287535	25093	-0.0537
DUNGS_p_TCGA_b84_115_SNP_N_GenomeWideSNP_6_B03_771640	17	526	16653252	10517	-0.1307
DUNGS_p_TCGA_b84_115_SNP_N_GenomeWideSNP_6_B03_771640	17	16654301	16741528	16	0.4872
DUNGS_p_TCGA_b84_115_SNP_N_GenomeWideSNP_6_B03_771640	17	16741784	18358949	922	-0.1514
DUNGS_p_TCGA_b84_115_SNP_N_GenomeWideSNP_6_B03_771640	17	18361686	18381811	10	-2.3776
DUNGS_p_TCGA_b84_115_SNP_N_GenomeWideSNP_6_B03_771640	17	18386623	18453437	13	-1.3893
DUNGS_p_TCGA_b84_115_SNP_N_GenomeWideSNP_6_B03_771640	17	18459272	34904985	7050	-0.1302
DUNGS_p_TCGA_b84_115_SNP_N_GenomeWideSNP_6_B03_771640	17	34908914	34911201	7	0.4327
DUNGS_p_TCGA_b84_115_SNP_N_GenomeWideSNP_6_B03_771640	17	34911997	39414647	2450	-0.1166
DUNGS_p_TCGA_b84_115_SNP_N_GenomeWideSNP_6_B03_771640	17	39418372	39430531	27	-0.9391
DUNGS_p_TCGA_b84_115_SNP_N_GenomeWideSNP_6_B03_771640	17	39432724	41415522	1102	-0.1125
DUNGS_p_TCGA_b84_115_SNP_N_GenomeWideSNP_6_B03_771640	17	41418287	41863840	276	0.209
DUNGS_p_TCGA_b84_115_SNP_N_GenomeWideSNP_6_B03_771640	17	41864701	41864914	2	1.1381
DUNGS_p_TCGA_b84_115_SNP_N_GenomeWideSNP_6_B03_771640	17	41868311	43655090	789	0.1907
DUNGS_p_TCGA_b84_115_SNP_N_GenomeWideSNP_6_B03_771640	17	43656380	43664693	7	0.8088
DUNGS_p_TCGA_b84_115_SNP_N_GenomeWideSNP_6_B03_771640	17	43675229	44163098	337	0.1673
DUNGS_p_TCGA_b84_115_SNP_N_GenomeWideSNP_6_B03_771640	17	44165803	44362363	124	0.9049
DUNGS_p_TCGA_b84_115_SNP_N_GenomeWideSNP_6_B03_771640	17	44364170	44784678	52	-0.2464
DUNGS_p_TCGA_b84_115_SNP_N_GenomeWideSNP_6_B03_771640	17	44784982	51712032	4070	0.1955
DUNGS_p_TCGA_b84_115_SNP_N_GenomeWideSNP_6_B03_771640	17	51714419	51727181	7	0.8085
DUNGS_p_TCGA_b84_115_SNP_N_GenomeWideSNP_6_B03_771640	17	51728544	55687489	2938	0.1957
DUNGS_p_TCGA_b84_115_SNP_N_GenomeWideSNP_6_B03_771640	17	55688333	55688993	2	-1.8408
DUNGS_p_TCGA_b84_115_SNP_N_GenomeWideSNP_6_B03_771640	17	55691993	63927250	4194	0.1982
DUNGS_p_TCGA_b84_115_SNP_N_GenomeWideSNP_6_B03_771640	17	63927745	63936932	2	-1.2354
DUNGS_p_TCGA_b84_115_SNP_N_GenomeWideSNP_6_B03_771640	17	63937207	78601416	9433	0.182
DUNGS_p_TCGA_b84_115_SNP_N_GenomeWideSNP_6_B03_771640	17	78604201	78613507	13	0.8631
DUNGS_p_TCGA_b84_115_SNP_N_GenomeWideSNP_6_B03_771640	17	78614824	81049726	976	0.1863
DUNGS_p_TCGA_b84_115_SNP_N_GenomeWideSNP_6_B03_771640	18	11543	136240	15	-0.1003
DUNGS_p_TCGA_b84_115_SNP_N_GenomeWideSNP_6_B03_771640	18	136305	2276468	1616	0.1729
DUNGS_p_TCGA_b84_115_SNP_N_GenomeWideSNP_6_B03_771640	18	2276757	2276912	2	-2.9293
DUNGS_p_TCGA_b84_115_SNP_N_GenomeWideSNP_6_B03_771640	18	2278775	6561798	3038	0.1679
DUNGS_p_TCGA_b84_115_SNP_N_GenomeWideSNP_6_B03_771640	18	6562228	6562237	2	1.435
DUNGS_p_TCGA_b84_115_SNP_N_GenomeWideSNP_6_B03_771640	18	6564219	27147955	11013	0.1569
DUNGS_p_TCGA_b84_115_SNP_N_GenomeWideSNP_6_B03_771640	18	27155224	38260448	7181	-0.1122
DUNGS_p_TCGA_b84_115_SNP_N_GenomeWideSNP_6_B03_771640	18	38260470	38265389	16	0.7556
DUNGS_p_TCGA_b84_115_SNP_N_GenomeWideSNP_6_B03_771640	18	38268024	51524201	9151	-0.1194
DUNGS_p_TCGA_b84_115_SNP_N_GenomeWideSNP_6_B03_771640	18	51524842	51525152	3	-1.0521
DUNGS_p_TCGA_b84_115_SNP_N_GenomeWideSNP_6_B03_771640	18	51528368	62086531	7266	-0.1156
DUNGS_p_TCGA_b84_115_SNP_N_GenomeWideSNP_6_B03_771640	18	62088801	62090971	3	-1.4451
DUNGS_p_TCGA_b84_115_SNP_N_GenomeWideSNP_6_B03_771640	18	62093480	66147352	2906	-0.0956
DUNGS_p_TCGA_b84_115_SNP_N_GenomeWideSNP_6_B03_771640	18	66148416	66150799	4	0.8655
DUNGS_p_TCGA_b84_115_SNP_N_GenomeWideSNP_6_B03_771640	18	66151007	66742276	424	-0.1149
DUNGS_p_TCGA_b84_115_SNP_N_GenomeWideSNP_6_B03_771640	18	66742417	66751045	19	0.3289
DUNGS_p_TCGA_b84_115_SNP_N_GenomeWideSNP_6_B03_771640	18	66751084	72139662	4120	-0.0956
DUNGS_p_TCGA_b84_115_SNP_N_GenomeWideSNP_6_B03_771640	18	72140107	72142125	6	-0.8693
DUNGS_p_TCGA_b84_115_SNP_N_GenomeWideSNP_6_B03_771640	18	72142598	72651359	298	-0.0896
DUNGS_p_TCGA_b84_115_SNP_N_GenomeWideSNP_6_B03_771640	18	72653281	72665753	5	0.4478
DUNGS_p_TCGA_b84_115_SNP_N_GenomeWideSNP_6_B03_771640	18	72668562	74028305	1145	-0.1224
DUNGS_p_TCGA_b84_115_SNP_N_GenomeWideSNP_6_B03_771640	18	74028578	74028600	2	-1.3243
DUNGS_p_TCGA_b84_115_SNP_N_GenomeWideSNP_6_B03_771640	18	74029741	78015057	2631	-0.1398
DUNGS_p_TCGA_b84_115_SNP_N_GenomeWideSNP_6_B03_771640	19	90910	114299	3	0.2184
DUNGS_p_TCGA_b84_115_SNP_N_GenomeWideSNP_6_B03_771640	19	232496	665896	133	-0.3893
DUNGS_p_TCGA_b84_115_SNP_N_GenomeWideSNP_6_B03_771640	19	669363	1318009	147	0.34
DUNGS_p_TCGA_b84_115_SNP_N_GenomeWideSNP_6_B03_771640	19	1319332	1464416	46	0.0604
DUNGS_p_TCGA_b84_115_SNP_N_GenomeWideSNP_6_B03_771640	19	1464550	1507710	11	-0.4809
DUNGS_p_TCGA_b84_115_SNP_N_GenomeWideSNP_6_B03_771640	19	1514362	8351988	2604	0.0282
DUNGS_p_TCGA_b84_115_SNP_N_GenomeWideSNP_6_B03_771640	19	8352027	8365042	2	1.2173
DUNGS_p_TCGA_b84_115_SNP_N_GenomeWideSNP_6_B03_771640	19	8365067	12692001	2133	0.0427
DUNGS_p_TCGA_b84_115_SNP_N_GenomeWideSNP_6_B03_771640	19	12697366	12698102	2	-1.6729
DUNGS_p_TCGA_b84_115_SNP_N_GenomeWideSNP_6_B03_771640	19	12700523	24385424	6148	0.0458
DUNGS_p_TCGA_b84_115_SNP_N_GenomeWideSNP_6_B03_771640	19	24402242	24433197	8	0.7939
DUNGS_p_TCGA_b84_115_SNP_N_GenomeWideSNP_6_B03_771640	19	24436648	35849322	5601	0.0368
DUNGS_p_TCGA_b84_115_SNP_N_GenomeWideSNP_6_B03_771640	19	35849493	35866801	25	-0.6397
DUNGS_p_TCGA_b84_115_SNP_N_GenomeWideSNP_6_B03_771640	19	35866954	36827683	438	0.0631
DUNGS_p_TCGA_b84_115_SNP_N_GenomeWideSNP_6_B03_771640	19	36830311	36846150	3	0.9904
DUNGS_p_TCGA_b84_115_SNP_N_GenomeWideSNP_6_B03_771640	19	36846190	42058025	2760	0.0332
DUNGS_p_TCGA_b84_115_SNP_N_GenomeWideSNP_6_B03_771640	19	42059850	42061853	4	-1.3194
DUNGS_p_TCGA_b84_115_SNP_N_GenomeWideSNP_6_B03_771640	19	42062238	43729944	729	0.0505
DUNGS_p_TCGA_b84_115_SNP_N_GenomeWideSNP_6_B03_771640	19	43730229	43734410	2	1.2323
DUNGS_p_TCGA_b84_115_SNP_N_GenomeWideSNP_6_B03_771640	19	43735745	51373190	3652	0.0374
DUNGS_p_TCGA_b84_115_SNP_N_GenomeWideSNP_6_B03_771640	19	51374047	51374592	3	-0.9218
DUNGS_p_TCGA_b84_115_SNP_N_GenomeWideSNP_6_B03_771640	19	51374967	52131813	524	0.0469
DUNGS_p_TCGA_b84_115_SNP_N_GenomeWideSNP_6_B03_771640	19	52142352	52148197	11	1.1385
DUNGS_p_TCGA_b84_115_SNP_N_GenomeWideSNP_6_B03_771640	19	52154905	53413131	876	0.0562
DUNGS_p_TCGA_b84_115_SNP_N_GenomeWideSNP_6_B03_771640	19	53416169	53432335	6	0.7612
DUNGS_p_TCGA_b84_115_SNP_N_GenomeWideSNP_6_B03_771640	19	53432633	58027503	2908	0.0405
DUNGS_p_TCGA_b84_115_SNP_N_GenomeWideSNP_6_B03_771640	19	58027752	58035229	3	0.9565
DUNGS_p_TCGA_b84_115_SNP_N_GenomeWideSNP_6_B03_771640	19	58038110	59097854	594	0.0321
DUNGS_p_TCGA_b84_115_SNP_N_GenomeWideSNP_6_B03_771640	20	61305	1552503	1186	0.0868
DUNGS_p_TCGA_b84_115_SNP_N_GenomeWideSNP_6_B03_771640	20	1557190	1570737	30	-0.9024
DUNGS_p_TCGA_b84_115_SNP_N_GenomeWideSNP_6_B03_771640	20	1570752	1570804	4	0.5842
DUNGS_p_TCGA_b84_115_SNP_N_GenomeWideSNP_6_B03_771640	20	1571103	1582207	23	-0.7023
DUNGS_p_TCGA_b84_115_SNP_N_GenomeWideSNP_6_B03_771640	20	1590257	1593893	5	0.8651
DUNGS_p_TCGA_b84_115_SNP_N_GenomeWideSNP_6_B03_771640	20	1597946	4001283	1670	0.0862
DUNGS_p_TCGA_b84_115_SNP_N_GenomeWideSNP_6_B03_771640	20	4003709	4020945	8	0.4844
DUNGS_p_TCGA_b84_115_SNP_N_GenomeWideSNP_6_B03_771640	20	4021135	4022410	2	-1.211
DUNGS_p_TCGA_b84_115_SNP_N_GenomeWideSNP_6_B03_771640	20	4023655	14788767	8266	0.0964
DUNGS_p_TCGA_b84_115_SNP_N_GenomeWideSNP_6_B03_771640	20	14792812	14795616	6	-0.3746
DUNGS_p_TCGA_b84_115_SNP_N_GenomeWideSNP_6_B03_771640	20	14795629	14795753	4	0.8552
DUNGS_p_TCGA_b84_115_SNP_N_GenomeWideSNP_6_B03_771640	20	14797572	15144763	341	0.1056
DUNGS_p_TCGA_b84_115_SNP_N_GenomeWideSNP_6_B03_771640	20	15150730	15150783	2	1.1542
DUNGS_p_TCGA_b84_115_SNP_N_GenomeWideSNP_6_B03_771640	20	15151112	16568062	1358	0.0931
DUNGS_p_TCGA_b84_115_SNP_N_GenomeWideSNP_6_B03_771640	20	16575407	16575417	2	0.975
DUNGS_p_TCGA_b84_115_SNP_N_GenomeWideSNP_6_B03_771640	20	16575475	16586067	24	0.13
DUNGS_p_TCGA_b84_115_SNP_N_GenomeWideSNP_6_B03_771640	20	16586169	16586556	3	0.8786
DUNGS_p_TCGA_b84_115_SNP_N_GenomeWideSNP_6_B03_771640	20	16586634	23720422	5582	0.1588
DUNGS_p_TCGA_b84_115_SNP_N_GenomeWideSNP_6_B03_771640	20	23720550	23763313	30	-0.1067
DUNGS_p_TCGA_b84_115_SNP_N_GenomeWideSNP_6_B03_771640	20	23763450	52488022	16340	0.1685
DUNGS_p_TCGA_b84_115_SNP_N_GenomeWideSNP_6_B03_771640	20	52492372	52496001	4	-0.8562
DUNGS_p_TCGA_b84_115_SNP_N_GenomeWideSNP_6_B03_771640	20	52500193	62956153	7644	0.1795
DUNGS_p_TCGA_b84_115_SNP_N_GenomeWideSNP_6_B03_771640	21	10736871	10829682	4	0.8467
DUNGS_p_TCGA_b84_115_SNP_N_GenomeWideSNP_6_B03_771640	21	10865941	40145642	18749	-0.1078
DUNGS_p_TCGA_b84_115_SNP_N_GenomeWideSNP_6_B03_771640	21	40146540	40149642	3	-1.0548
DUNGS_p_TCGA_b84_115_SNP_N_GenomeWideSNP_6_B03_771640	21	40151203	44717198	3749	-0.1377
DUNGS_p_TCGA_b84_115_SNP_N_GenomeWideSNP_6_B03_771640	21	44726980	44733280	6	-0.9171
DUNGS_p_TCGA_b84_115_SNP_N_GenomeWideSNP_6_B03_771640	21	44739048	46890771	1215	-0.1393
DUNGS_p_TCGA_b84_115_SNP_N_GenomeWideSNP_6_B03_771640	21	46891566	46922758	15	-0.6242
DUNGS_p_TCGA_b84_115_SNP_N_GenomeWideSNP_6_B03_771640	21	46924193	48096957	692	-0.1405
DUNGS_p_TCGA_b84_115_SNP_N_GenomeWideSNP_6_B03_771640	22	16052528	24344422	4625	0.0218
DUNGS_p_TCGA_b84_115_SNP_N_GenomeWideSNP_6_B03_771640	22	24350529	24396814	19	-1.9629
DUNGS_p_TCGA_b84_115_SNP_N_GenomeWideSNP_6_B03_771640	22	24401529	25736677	880	0.0129
DUNGS_p_TCGA_b84_115_SNP_N_GenomeWideSNP_6_B03_771640	22	25736678	25745967	4	1.1069
DUNGS_p_TCGA_b84_115_SNP_N_GenomeWideSNP_6_B03_771640	22	25746042	51234455	18055	0.0198
DUNGS_p_TCGA_b84_115_SNP_N_GenomeWideSNP_6_B03_771640	X	168477	5158364	1912	-0.0431
DUNGS_p_TCGA_b84_115_SNP_N_GenomeWideSNP_6_B03_771640	X	5160947	5162224	2	-1.5019
DUNGS_p_TCGA_b84_115_SNP_N_GenomeWideSNP_6_B03_771640	X	5165812	34120887	19494	-0.0565
DUNGS_p_TCGA_b84_115_SNP_N_GenomeWideSNP_6_B03_771640	X	34121232	34133725	26	0.3681
DUNGS_p_TCGA_b84_115_SNP_N_GenomeWideSNP_6_B03_771640	X	34133919	68674328	15303	0.006
DUNGS_p_TCGA_b84_115_SNP_N_GenomeWideSNP_6_B03_771640	X	68677868	68731646	27	-0.3124
DUNGS_p_TCGA_b84_115_SNP_N_GenomeWideSNP_6_B03_771640	X	68732665	76349873	3414	0.0595
DUNGS_p_TCGA_b84_115_SNP_N_GenomeWideSNP_6_B03_771640	X	76353650	76378656	3	1.2137
DUNGS_p_TCGA_b84_115_SNP_N_GenomeWideSNP_6_B03_771640	X	76378658	76514148	13	0.0756
DUNGS_p_TCGA_b84_115_SNP_N_GenomeWideSNP_6_B03_771640	X	76517352	76523952	2	1.539
DUNGS_p_TCGA_b84_115_SNP_N_GenomeWideSNP_6_B03_771640	X	76545159	93419610	8826	0.0646
DUNGS_p_TCGA_b84_115_SNP_N_GenomeWideSNP_6_B03_771640	X	93423195	93426347	4	-1.784
DUNGS_p_TCGA_b84_115_SNP_N_GenomeWideSNP_6_B03_771640	X	93428751	94572230	690	0.0447
DUNGS_p_TCGA_b84_115_SNP_N_GenomeWideSNP_6_B03_771640	X	94572256	94576350	4	0.9765
DUNGS_p_TCGA_b84_115_SNP_N_GenomeWideSNP_6_B03_771640	X	94578373	115137955	11132	0.0598
DUNGS_p_TCGA_b84_115_SNP_N_GenomeWideSNP_6_B03_771640	X	115138403	115150638	6	-1.0548
DUNGS_p_TCGA_b84_115_SNP_N_GenomeWideSNP_6_B03_771640	X	115156419	140673745	14802	0.053
DUNGS_p_TCGA_b84_115_SNP_N_GenomeWideSNP_6_B03_771640	X	140681794	140805635	79	0.4313
DUNGS_p_TCGA_b84_115_SNP_N_GenomeWideSNP_6_B03_771640	X	140807611	141469912	562	0.0473
DUNGS_p_TCGA_b84_115_SNP_N_GenomeWideSNP_6_B03_771640	X	141469976	141470826	7	0.6328
DUNGS_p_TCGA_b84_115_SNP_N_GenomeWideSNP_6_B03_771640	X	141470847	146119443	3187	0.0553
DUNGS_p_TCGA_b84_115_SNP_N_GenomeWideSNP_6_B03_771640	X	146120035	146120342	4	0.9377
DUNGS_p_TCGA_b84_115_SNP_N_GenomeWideSNP_6_B03_771640	X	146123741	146362355	209	0.0323
DUNGS_p_TCGA_b84_115_SNP_N_GenomeWideSNP_6_B03_771640	X	146363627	146366845	4	0.9383
DUNGS_p_TCGA_b84_115_SNP_N_GenomeWideSNP_6_B03_771640	X	146373172	150193459	2409	0.0376
DUNGS_p_TCGA_b84_115_SNP_N_GenomeWideSNP_6_B03_771640	X	150193478	150193794	3	-0.8127
DUNGS_p_TCGA_b84_115_SNP_N_GenomeWideSNP_6_B03_771640	X	150193819	150779686	422	0.0553
DUNGS_p_TCGA_b84_115_SNP_N_GenomeWideSNP_6_B03_771640	X	150783728	150791294	3	1.0862
DUNGS_p_TCGA_b84_115_SNP_N_GenomeWideSNP_6_B03_771640	X	150791868	155182354	2113	0.0445
DUNGS_p_TCGA_b84_115_SNP_N_GenomeWideSNP_6_B03_771640	Y	2650438	2879609	114	-3.1342
DUNGS_p_TCGA_b84_115_SNP_N_GenomeWideSNP_6_B03_771640	Y	2883369	2892421	5	-5.0519
DUNGS_p_TCGA_b84_115_SNP_N_GenomeWideSNP_6_B03_771640	Y	2893230	2985595	33	-3.1488
DUNGS_p_TCGA_b84_115_SNP_N_GenomeWideSNP_6_B03_771640	Y	2985939	5944602	653	-2.5049
DUNGS_p_TCGA_b84_115_SNP_N_GenomeWideSNP_6_B03_771640	Y	5944603	6101425	67	-2.9633
DUNGS_p_TCGA_b84_115_SNP_N_GenomeWideSNP_6_B03_771640	Y	6107901	6281935	78	-4.1512
DUNGS_p_TCGA_b84_115_SNP_N_GenomeWideSNP_6_B03_771640	Y	6282097	7399842	475	-3.0398
DUNGS_p_TCGA_b84_115_SNP_N_GenomeWideSNP_6_B03_771640	Y	7400746	7418121	8	-4.7481
DUNGS_p_TCGA_b84_115_SNP_N_GenomeWideSNP_6_B03_771640	Y	7418484	7449497	23	-3.1526
DUNGS_p_TCGA_b84_115_SNP_N_GenomeWideSNP_6_B03_771640	Y	7454037	7472222	18	-4.2507
DUNGS_p_TCGA_b84_115_SNP_N_GenomeWideSNP_6_B03_771640	Y	7473079	7635058	80	-3.0007
DUNGS_p_TCGA_b84_115_SNP_N_GenomeWideSNP_6_B03_771640	Y	7638901	7643394	5	-6.3644
DUNGS_p_TCGA_b84_115_SNP_N_GenomeWideSNP_6_B03_771640	Y	7646694	9375572	903	-3.34
DUNGS_p_TCGA_b84_115_SNP_N_GenomeWideSNP_6_B03_771640	Y	9376008	9387994	7	-5.6318
DUNGS_p_TCGA_b84_115_SNP_N_GenomeWideSNP_6_B03_771640	Y	9388262	9759564	159	-3.6183
DUNGS_p_TCGA_b84_115_SNP_N_GenomeWideSNP_6_B03_771640	Y	9774614	9908437	74	-2.9342
DUNGS_p_TCGA_b84_115_SNP_N_GenomeWideSNP_6_B03_771640	Y	9908724	10076242	48	-2.3865
DUNGS_p_TCGA_b84_115_SNP_N_GenomeWideSNP_6_B03_771640	Y	13134531	14651819	403	-3.0992
DUNGS_p_TCGA_b84_115_SNP_N_GenomeWideSNP_6_B03_771640	Y	14652444	14665856	10	-4.3167
DUNGS_p_TCGA_b84_115_SNP_N_GenomeWideSNP_6_B03_771640	Y	14679674	14797466	59	-2.9931
DUNGS_p_TCGA_b84_115_SNP_N_GenomeWideSNP_6_B03_771640	Y	14801663	14806006	4	-5.6678
DUNGS_p_TCGA_b84_115_SNP_N_GenomeWideSNP_6_B03_771640	Y	14809887	15028275	101	-3.2955
DUNGS_p_TCGA_b84_115_SNP_N_GenomeWideSNP_6_B03_771640	Y	15030066	15030817	3	-6.5193
DUNGS_p_TCGA_b84_115_SNP_N_GenomeWideSNP_6_B03_771640	Y	15032288	15590276	249	-3.1503
DUNGS_p_TCGA_b84_115_SNP_N_GenomeWideSNP_6_B03_771640	Y	15590342	15594523	3	-6.9446
DUNGS_p_TCGA_b84_115_SNP_N_GenomeWideSNP_6_B03_771640	Y	15594889	18281489	1442	-3.1839
DUNGS_p_TCGA_b84_115_SNP_N_GenomeWideSNP_6_B03_771640	Y	18287987	18353535	25	-3.5928
DUNGS_p_TCGA_b84_115_SNP_N_GenomeWideSNP_6_B03_771640	Y	18356029	18365816	6	-5.6619
DUNGS_p_TCGA_b84_115_SNP_N_GenomeWideSNP_6_B03_771640	Y	18368244	18529108	58	-3.88
DUNGS_p_TCGA_b84_115_SNP_N_GenomeWideSNP_6_B03_771640	Y	18529489	18737863	129	-3.0304
DUNGS_p_TCGA_b84_115_SNP_N_GenomeWideSNP_6_B03_771640	Y	18746652	18759669	6	-4.6282
DUNGS_p_TCGA_b84_115_SNP_N_GenomeWideSNP_6_B03_771640	Y	18762398	19168137	216	-3.0945
DUNGS_p_TCGA_b84_115_SNP_N_GenomeWideSNP_6_B03_771640	Y	19168670	19185349	7	-5.5276
DUNGS_p_TCGA_b84_115_SNP_N_GenomeWideSNP_6_B03_771640	Y	19185790	19574890	194	-3.1984
DUNGS_p_TCGA_b84_115_SNP_N_GenomeWideSNP_6_B03_771640	Y	19576544	21024613	671	-3.9088
DUNGS_p_TCGA_b84_115_SNP_N_GenomeWideSNP_6_B03_771640	Y	21025062	23653771	1010	-3.2641
DUNGS_p_TCGA_b84_115_SNP_N_GenomeWideSNP_6_B03_771640	Y	23683731	23690350	2	-9.0304
DUNGS_p_TCGA_b84_115_SNP_N_GenomeWideSNP_6_B03_771640	Y	23715701	23782662	43	-3.5807
DUNGS_p_TCGA_b84_115_SNP_N_GenomeWideSNP_6_B03_771640	Y	23785045	23880233	38	-2.6975
DUNGS_p_TCGA_b84_115_SNP_N_GenomeWideSNP_6_B03_771640	Y	23882903	24359931	104	-3.9455
DUNGS_p_TCGA_b84_115_SNP_N_GenomeWideSNP_6_B03_771640	Y	24361272	24510518	78	-3.0755
DUNGS_p_TCGA_b84_115_SNP_N_GenomeWideSNP_6_B03_771640	Y	24514859	24964952	81	-4.2542
DUNGS_p_TCGA_b84_115_SNP_N_GenomeWideSNP_6_B03_771640	Y	24979518	25965334	139	-3.5897
DUNGS_p_TCGA_b84_115_SNP_N_GenomeWideSNP_6_B03_771640	Y	25967790	26078453	48	-4.664
DUNGS_p_TCGA_b84_115_SNP_N_GenomeWideSNP_6_B03_771640	Y	26087049	26170261	40	-3.6671
DUNGS_p_TCGA_b84_115_SNP_N_GenomeWideSNP_6_B03_771640	Y	26172823	26190025	8	-4.9526
DUNGS_p_TCGA_b84_115_SNP_N_GenomeWideSNP_6_B03_771640	Y	26193050	26438049	65	-3.4762
DUNGS_p_TCGA_b84_115_SNP_N_GenomeWideSNP_6_B03_771640	Y	26440459	26467113	12	-1.9161
DUNGS_p_TCGA_b84_115_SNP_N_GenomeWideSNP_6_B03_771640	Y	26469059	26619135	19	-3.1706
DUNGS_p_TCGA_b84_115_SNP_N_GenomeWideSNP_6_B03_771640	Y	26630929	26771355	26	-4.5829
DUNGS_p_TCGA_b84_115_SNP_N_GenomeWideSNP_6_B03_771640	Y	26771848	26776515	3	-6.8524
DUNGS_p_TCGA_b84_115_SNP_N_GenomeWideSNP_6_B03_771640	Y	26802327	26825375	10	-4.6605
DUNGS_p_TCGA_b84_115_SNP_N_GenomeWideSNP_6_B03_771640	Y	26921276	27022389	27	-3.6768
DUNGS_p_TCGA_b84_115_SNP_N_GenomeWideSNP_6_B03_771640	Y	27041129	27240184	14	-4.7546
DUNGS_p_TCGA_b84_115_SNP_N_GenomeWideSNP_6_B03_771640	Y	27254679	27535030	41	-2.8167
DUNGS_p_TCGA_b84_115_SNP_N_GenomeWideSNP_6_B03_771640	Y	27535710	27609288	25	-3.5694
DUNGS_p_TCGA_b84_115_SNP_N_GenomeWideSNP_6_B03_771640	Y	27609970	27721084	33	-2.7612
DUNGS_p_TCGA_b84_115_SNP_N_GenomeWideSNP_6_B03_771640	Y	27721117	28052736	137	-4.0343
DUNGS_p_TCGA_b84_115_SNP_N_GenomeWideSNP_6_B03_771640	Y	28054028	28114308	30	-2.9222
DUNGS_p_TCGA_b84_115_SNP_N_GenomeWideSNP_6_B03_771640	Y	28117880	28423938	83	-4.0688
DUNGS_p_TCGA_b84_115_SNP_N_GenomeWideSNP_6_B03_771640	Y	28438116	28611826	75	-2.7718
DUNGS_p_TCGA_b84_115_SNP_N_GenomeWideSNP_6_B03_771640	Y	28612306	28612890	3	-5.771
DUNGS_p_TCGA_b84_115_SNP_N_GenomeWideSNP_6_B03_771640	Y	28616631	28772427	92	-2.7763
DUNGS_p_TCGA_b84_115_SNP_N_GenomeWideSNP_6_B03_771640	Y	28773322	28776730	3	-4.5422
DUNGS_p_TCGA_b84_115_SNP_N_GenomeWideSNP_6_B03_771640	Y	28777706	59018259	10	-2.6426
