Sample	Chromosome	Start	End	Num_Probes	Segment_Mean
DUNGS_p_TCGA_b84_115_SNP_N_GenomeWideSNP_6_B04_771540	1	61735	404171	30	-0.1335
DUNGS_p_TCGA_b84_115_SNP_N_GenomeWideSNP_6_B04_771540	1	534551	625470	4	-1.3158
DUNGS_p_TCGA_b84_115_SNP_N_GenomeWideSNP_6_B04_771540	1	707099	16869363	8701	-0.2107
DUNGS_p_TCGA_b84_115_SNP_N_GenomeWideSNP_6_B04_771540	1	16871278	17262232	165	-0.4799
DUNGS_p_TCGA_b84_115_SNP_N_GenomeWideSNP_6_B04_771540	1	17262247	34656303	9938	-0.2291
DUNGS_p_TCGA_b84_115_SNP_N_GenomeWideSNP_6_B04_771540	1	34656384	34657303	3	-1.0776
DUNGS_p_TCGA_b84_115_SNP_N_GenomeWideSNP_6_B04_771540	1	34661652	35091674	336	-0.2271
DUNGS_p_TCGA_b84_115_SNP_N_GenomeWideSNP_6_B04_771540	1	35102654	35103036	6	-3.0213
DUNGS_p_TCGA_b84_115_SNP_N_GenomeWideSNP_6_B04_771540	1	35103142	35103827	5	-0.8787
DUNGS_p_TCGA_b84_115_SNP_N_GenomeWideSNP_6_B04_771540	1	35103864	35104491	9	-3.4458
DUNGS_p_TCGA_b84_115_SNP_N_GenomeWideSNP_6_B04_771540	1	35114268	72750353	23874	-0.0591
DUNGS_p_TCGA_b84_115_SNP_N_GenomeWideSNP_6_B04_771540	1	72756113	72763370	9	-1.0109
DUNGS_p_TCGA_b84_115_SNP_N_GenomeWideSNP_6_B04_771540	1	72768418	75269284	1556	-0.059
DUNGS_p_TCGA_b84_115_SNP_N_GenomeWideSNP_6_B04_771540	1	75271072	75273866	2	-1.549
DUNGS_p_TCGA_b84_115_SNP_N_GenomeWideSNP_6_B04_771540	1	75273987	104163499	18597	-0.0588
DUNGS_p_TCGA_b84_115_SNP_N_GenomeWideSNP_6_B04_771540	1	104163787	104239986	15	-0.9398
DUNGS_p_TCGA_b84_115_SNP_N_GenomeWideSNP_6_B04_771540	1	104256880	106001606	927	-0.031
DUNGS_p_TCGA_b84_115_SNP_N_GenomeWideSNP_6_B04_771540	1	106002144	106022344	19	-0.4245
DUNGS_p_TCGA_b84_115_SNP_N_GenomeWideSNP_6_B04_771540	1	106022360	110224384	2660	-0.0573
DUNGS_p_TCGA_b84_115_SNP_N_GenomeWideSNP_6_B04_771540	1	110224427	110233571	21	-0.6057
DUNGS_p_TCGA_b84_115_SNP_N_GenomeWideSNP_6_B04_771540	1	110234231	110234628	4	-1.9996
DUNGS_p_TCGA_b84_115_SNP_N_GenomeWideSNP_6_B04_771540	1	110235032	110242953	7	-0.9283
DUNGS_p_TCGA_b84_115_SNP_N_GenomeWideSNP_6_B04_771540	1	110244998	112690326	1958	-0.0578
DUNGS_p_TCGA_b84_115_SNP_N_GenomeWideSNP_6_B04_771540	1	112695965	112706205	36	-0.3846
DUNGS_p_TCGA_b84_115_SNP_N_GenomeWideSNP_6_B04_771540	1	112706213	121089508	5095	-0.047
DUNGS_p_TCGA_b84_115_SNP_N_GenomeWideSNP_6_B04_771540	1	121120602	121127900	2	-1.2655
DUNGS_p_TCGA_b84_115_SNP_N_GenomeWideSNP_6_B04_771540	1	121129349	152555527	2939	0.1029
DUNGS_p_TCGA_b84_115_SNP_N_GenomeWideSNP_6_B04_771540	1	152555706	152586594	35	1.3504
DUNGS_p_TCGA_b84_115_SNP_N_GenomeWideSNP_6_B04_771540	1	152590494	153325130	653	0.2123
DUNGS_p_TCGA_b84_115_SNP_N_GenomeWideSNP_6_B04_771540	1	153325156	153371085	37	0.4406
DUNGS_p_TCGA_b84_115_SNP_N_GenomeWideSNP_6_B04_771540	1	153371601	158959575	3207	0.1885
DUNGS_p_TCGA_b84_115_SNP_N_GenomeWideSNP_6_B04_771540	1	158962039	158962796	2	-0.8586
DUNGS_p_TCGA_b84_115_SNP_N_GenomeWideSNP_6_B04_771540	1	158966864	169216937	7661	0.1962
DUNGS_p_TCGA_b84_115_SNP_N_GenomeWideSNP_6_B04_771540	1	169233974	169241766	7	1.2097
DUNGS_p_TCGA_b84_115_SNP_N_GenomeWideSNP_6_B04_771540	1	169242401	175575592	4106	0.2064
DUNGS_p_TCGA_b84_115_SNP_N_GenomeWideSNP_6_B04_771540	1	175576828	175596902	25	0.4774
DUNGS_p_TCGA_b84_115_SNP_N_GenomeWideSNP_6_B04_771540	1	175600532	179439630	2572	0.2043
DUNGS_p_TCGA_b84_115_SNP_N_GenomeWideSNP_6_B04_771540	1	179446133	179447543	3	-0.6539
DUNGS_p_TCGA_b84_115_SNP_N_GenomeWideSNP_6_B04_771540	1	179450913	189307394	6532	0.2022
DUNGS_p_TCGA_b84_115_SNP_N_GenomeWideSNP_6_B04_771540	1	189310205	189311245	3	-0.7083
DUNGS_p_TCGA_b84_115_SNP_N_GenomeWideSNP_6_B04_771540	1	189313245	193156279	2571	0.2083
DUNGS_p_TCGA_b84_115_SNP_N_GenomeWideSNP_6_B04_771540	1	193156317	193156332	2	-0.9321
DUNGS_p_TCGA_b84_115_SNP_N_GenomeWideSNP_6_B04_771540	1	193156348	194448234	948	0.2135
DUNGS_p_TCGA_b84_115_SNP_N_GenomeWideSNP_6_B04_771540	1	194451411	194455018	2	-1.1629
DUNGS_p_TCGA_b84_115_SNP_N_GenomeWideSNP_6_B04_771540	1	194457016	196714873	1455	0.2338
DUNGS_p_TCGA_b84_115_SNP_N_GenomeWideSNP_6_B04_771540	1	196727850	196771280	47	0.614
DUNGS_p_TCGA_b84_115_SNP_N_GenomeWideSNP_6_B04_771540	1	196783626	196812507	47	0.2858
DUNGS_p_TCGA_b84_115_SNP_N_GenomeWideSNP_6_B04_771540	1	196812530	196815791	2	1.6924
DUNGS_p_TCGA_b84_115_SNP_N_GenomeWideSNP_6_B04_771540	1	196816730	199111521	1383	0.2171
DUNGS_p_TCGA_b84_115_SNP_N_GenomeWideSNP_6_B04_771540	1	199111690	199113840	6	-0.4348
DUNGS_p_TCGA_b84_115_SNP_N_GenomeWideSNP_6_B04_771540	1	199114238	199542563	304	0.2064
DUNGS_p_TCGA_b84_115_SNP_N_GenomeWideSNP_6_B04_771540	1	199542956	199545705	5	-0.5939
DUNGS_p_TCGA_b84_115_SNP_N_GenomeWideSNP_6_B04_771540	1	199546187	202042364	1725	0.1919
DUNGS_p_TCGA_b84_115_SNP_N_GenomeWideSNP_6_B04_771540	1	202042872	202051984	3	-0.6796
DUNGS_p_TCGA_b84_115_SNP_N_GenomeWideSNP_6_B04_771540	1	202052013	222366668	14030	0.1468
DUNGS_p_TCGA_b84_115_SNP_N_GenomeWideSNP_6_B04_771540	1	222374834	222377004	2	-4.2034
DUNGS_p_TCGA_b84_115_SNP_N_GenomeWideSNP_6_B04_771540	1	222382134	239466051	11835	0.0196
DUNGS_p_TCGA_b84_115_SNP_N_GenomeWideSNP_6_B04_771540	1	239466136	239466287	2	-1.237
DUNGS_p_TCGA_b84_115_SNP_N_GenomeWideSNP_6_B04_771540	1	239466347	240391740	746	0.0107
DUNGS_p_TCGA_b84_115_SNP_N_GenomeWideSNP_6_B04_771540	1	240394015	240394124	5	-0.7593
DUNGS_p_TCGA_b84_115_SNP_N_GenomeWideSNP_6_B04_771540	1	240394139	248163188	5463	0.1585
DUNGS_p_TCGA_b84_115_SNP_N_GenomeWideSNP_6_B04_771540	1	248165702	248171576	2	-1.2691
DUNGS_p_TCGA_b84_115_SNP_N_GenomeWideSNP_6_B04_771540	1	248173453	249224388	472	0.2347
DUNGS_p_TCGA_b84_115_SNP_N_GenomeWideSNP_6_B04_771540	2	12784	10140995	7720	0.035
DUNGS_p_TCGA_b84_115_SNP_N_GenomeWideSNP_6_B04_771540	2	10141191	10154972	4	1.1029
DUNGS_p_TCGA_b84_115_SNP_N_GenomeWideSNP_6_B04_771540	2	10157774	11032320	670	0.0395
DUNGS_p_TCGA_b84_115_SNP_N_GenomeWideSNP_6_B04_771540	2	11033225	11033567	2	1.1916
DUNGS_p_TCGA_b84_115_SNP_N_GenomeWideSNP_6_B04_771540	2	11033580	34520473	15641	0.0278
DUNGS_p_TCGA_b84_115_SNP_N_GenomeWideSNP_6_B04_771540	2	34523978	34525580	2	-1.8334
DUNGS_p_TCGA_b84_115_SNP_N_GenomeWideSNP_6_B04_771540	2	34525967	34691069	95	0.0017
DUNGS_p_TCGA_b84_115_SNP_N_GenomeWideSNP_6_B04_771540	2	34699315	34727851	43	-0.3552
DUNGS_p_TCGA_b84_115_SNP_N_GenomeWideSNP_6_B04_771540	2	34727867	37703367	2248	0.0191
DUNGS_p_TCGA_b84_115_SNP_N_GenomeWideSNP_6_B04_771540	2	37703705	37708906	3	1.0131
DUNGS_p_TCGA_b84_115_SNP_N_GenomeWideSNP_6_B04_771540	2	37709653	51536804	9989	0.0305
DUNGS_p_TCGA_b84_115_SNP_N_GenomeWideSNP_6_B04_771540	2	51538436	51547151	5	-0.7232
DUNGS_p_TCGA_b84_115_SNP_N_GenomeWideSNP_6_B04_771540	2	51548025	52741737	812	0.0297
DUNGS_p_TCGA_b84_115_SNP_N_GenomeWideSNP_6_B04_771540	2	52743925	52754881	8	-0.939
DUNGS_p_TCGA_b84_115_SNP_N_GenomeWideSNP_6_B04_771540	2	52758753	86937687	21995	0.0316
DUNGS_p_TCGA_b84_115_SNP_N_GenomeWideSNP_6_B04_771540	2	86953070	86953854	2	-1.9162
DUNGS_p_TCGA_b84_115_SNP_N_GenomeWideSNP_6_B04_771540	2	86970406	87487152	164	-0.0603
DUNGS_p_TCGA_b84_115_SNP_N_GenomeWideSNP_6_B04_771540	2	87487945	87488239	2	-1.906
DUNGS_p_TCGA_b84_115_SNP_N_GenomeWideSNP_6_B04_771540	2	87488538	87513287	15	0.0419
DUNGS_p_TCGA_b84_115_SNP_N_GenomeWideSNP_6_B04_771540	2	87514379	87514390	2	-1.607
DUNGS_p_TCGA_b84_115_SNP_N_GenomeWideSNP_6_B04_771540	2	87520356	90267086	915	0.0329
DUNGS_p_TCGA_b84_115_SNP_N_GenomeWideSNP_6_B04_771540	2	90267103	91839064	63	-0.3948
DUNGS_p_TCGA_b84_115_SNP_N_GenomeWideSNP_6_B04_771540	2	91849290	91972202	25	-0.007
DUNGS_p_TCGA_b84_115_SNP_N_GenomeWideSNP_6_B04_771540	2	91981540	92087217	8	-0.5181
DUNGS_p_TCGA_b84_115_SNP_N_GenomeWideSNP_6_B04_771540	2	92090885	97821837	889	0.0214
DUNGS_p_TCGA_b84_115_SNP_N_GenomeWideSNP_6_B04_771540	2	97822825	97857927	20	-0.3617
DUNGS_p_TCGA_b84_115_SNP_N_GenomeWideSNP_6_B04_771540	2	97865337	98025647	36	0.0249
DUNGS_p_TCGA_b84_115_SNP_N_GenomeWideSNP_6_B04_771540	2	98063372	98162189	12	-0.8956
DUNGS_p_TCGA_b84_115_SNP_N_GenomeWideSNP_6_B04_771540	2	98166878	106874006	5579	0.0287
DUNGS_p_TCGA_b84_115_SNP_N_GenomeWideSNP_6_B04_771540	2	106874497	106887870	18	0.4293
DUNGS_p_TCGA_b84_115_SNP_N_GenomeWideSNP_6_B04_771540	2	106887928	113694948	3430	0.0333
DUNGS_p_TCGA_b84_115_SNP_N_GenomeWideSNP_6_B04_771540	2	113695120	113731754	41	-0.274
DUNGS_p_TCGA_b84_115_SNP_N_GenomeWideSNP_6_B04_771540	2	113733619	180413371	41057	0.0292
DUNGS_p_TCGA_b84_115_SNP_N_GenomeWideSNP_6_B04_771540	2	180418211	180421906	28	-0.7033
DUNGS_p_TCGA_b84_115_SNP_N_GenomeWideSNP_6_B04_771540	2	180422121	184571310	2615	0.0314
DUNGS_p_TCGA_b84_115_SNP_N_GenomeWideSNP_6_B04_771540	2	184571325	184571445	3	-0.9506
DUNGS_p_TCGA_b84_115_SNP_N_GenomeWideSNP_6_B04_771540	2	184571790	208354912	13849	0.0248
DUNGS_p_TCGA_b84_115_SNP_N_GenomeWideSNP_6_B04_771540	2	208354955	208359336	17	-0.652
DUNGS_p_TCGA_b84_115_SNP_N_GenomeWideSNP_6_B04_771540	2	208359476	213181322	3045	0.0247
DUNGS_p_TCGA_b84_115_SNP_N_GenomeWideSNP_6_B04_771540	2	213186549	213191825	25	-0.6014
DUNGS_p_TCGA_b84_115_SNP_N_GenomeWideSNP_6_B04_771540	2	213192126	215722785	1621	0.0269
DUNGS_p_TCGA_b84_115_SNP_N_GenomeWideSNP_6_B04_771540	2	215722992	215730821	4	-0.9278
DUNGS_p_TCGA_b84_115_SNP_N_GenomeWideSNP_6_B04_771540	2	215731190	242497284	17279	0.0787
DUNGS_p_TCGA_b84_115_SNP_N_GenomeWideSNP_6_B04_771540	2	242497383	242585616	19	0.6231
DUNGS_p_TCGA_b84_115_SNP_N_GenomeWideSNP_6_B04_771540	2	242589861	243089456	171	0.258
DUNGS_p_TCGA_b84_115_SNP_N_GenomeWideSNP_6_B04_771540	3	60345	6510190	5762	0.0389
DUNGS_p_TCGA_b84_115_SNP_N_GenomeWideSNP_6_B04_771540	3	6510358	6510567	2	1.2884
DUNGS_p_TCGA_b84_115_SNP_N_GenomeWideSNP_6_B04_771540	3	6510734	19271846	8978	0.0395
DUNGS_p_TCGA_b84_115_SNP_N_GenomeWideSNP_6_B04_771540	3	19272422	20313125	579	-0.2126
DUNGS_p_TCGA_b84_115_SNP_N_GenomeWideSNP_6_B04_771540	3	20315122	20316083	2	-1.3428
DUNGS_p_TCGA_b84_115_SNP_N_GenomeWideSNP_6_B04_771540	3	20328081	26613201	4770	-0.2177
DUNGS_p_TCGA_b84_115_SNP_N_GenomeWideSNP_6_B04_771540	3	26614974	26614985	8	-0.9171
DUNGS_p_TCGA_b84_115_SNP_N_GenomeWideSNP_6_B04_771540	3	26615949	28762058	1395	-0.211
DUNGS_p_TCGA_b84_115_SNP_N_GenomeWideSNP_6_B04_771540	3	28772311	31203172	1890	-0.5199
DUNGS_p_TCGA_b84_115_SNP_N_GenomeWideSNP_6_B04_771540	3	31204868	68746164	24521	-0.2082
DUNGS_p_TCGA_b84_115_SNP_N_GenomeWideSNP_6_B04_771540	3	68746259	68747413	14	0.3697
DUNGS_p_TCGA_b84_115_SNP_N_GenomeWideSNP_6_B04_771540	3	68748758	75862649	5018	-0.2192
DUNGS_p_TCGA_b84_115_SNP_N_GenomeWideSNP_6_B04_771540	3	75865731	75902909	12	-0.7031
DUNGS_p_TCGA_b84_115_SNP_N_GenomeWideSNP_6_B04_771540	3	75912351	81957984	3529	-0.2231
DUNGS_p_TCGA_b84_115_SNP_N_GenomeWideSNP_6_B04_771540	3	81959104	89174152	3873	0.0442
DUNGS_p_TCGA_b84_115_SNP_N_GenomeWideSNP_6_B04_771540	3	89175371	89175570	3	-0.9257
DUNGS_p_TCGA_b84_115_SNP_N_GenomeWideSNP_6_B04_771540	3	89186289	102967549	5810	0.0374
DUNGS_p_TCGA_b84_115_SNP_N_GenomeWideSNP_6_B04_771540	3	102967804	102980751	7	-0.8472
DUNGS_p_TCGA_b84_115_SNP_N_GenomeWideSNP_6_B04_771540	3	102982565	129762859	16515	0.0831
DUNGS_p_TCGA_b84_115_SNP_N_GenomeWideSNP_6_B04_771540	3	129763698	129806236	52	-1.4234
DUNGS_p_TCGA_b84_115_SNP_N_GenomeWideSNP_6_B04_771540	3	129806924	136019099	4040	0.2511
DUNGS_p_TCGA_b84_115_SNP_N_GenomeWideSNP_6_B04_771540	3	136022951	136025426	2	1.4601
DUNGS_p_TCGA_b84_115_SNP_N_GenomeWideSNP_6_B04_771540	3	136038541	136407364	131	0.2229
DUNGS_p_TCGA_b84_115_SNP_N_GenomeWideSNP_6_B04_771540	3	136410188	136415138	2	-0.9787
DUNGS_p_TCGA_b84_115_SNP_N_GenomeWideSNP_6_B04_771540	3	136415386	137033060	338	0.1827
DUNGS_p_TCGA_b84_115_SNP_N_GenomeWideSNP_6_B04_771540	3	137033260	137033433	11	-0.2826
DUNGS_p_TCGA_b84_115_SNP_N_GenomeWideSNP_6_B04_771540	3	137041493	139271970	1171	0.2606
DUNGS_p_TCGA_b84_115_SNP_N_GenomeWideSNP_6_B04_771540	3	139272917	139272957	2	-0.8696
DUNGS_p_TCGA_b84_115_SNP_N_GenomeWideSNP_6_B04_771540	3	139273222	145479123	4075	0.2589
DUNGS_p_TCGA_b84_115_SNP_N_GenomeWideSNP_6_B04_771540	3	145479235	145479562	2	-1.0635
DUNGS_p_TCGA_b84_115_SNP_N_GenomeWideSNP_6_B04_771540	3	145480765	162512739	10536	0.2499
DUNGS_p_TCGA_b84_115_SNP_N_GenomeWideSNP_6_B04_771540	3	162513092	162524858	10	0.7937
DUNGS_p_TCGA_b84_115_SNP_N_GenomeWideSNP_6_B04_771540	3	162528630	162532950	4	-0.5343
DUNGS_p_TCGA_b84_115_SNP_N_GenomeWideSNP_6_B04_771540	3	162534730	162536583	2	-2.542
DUNGS_p_TCGA_b84_115_SNP_N_GenomeWideSNP_6_B04_771540	3	162536823	162540490	4	-0.4317
DUNGS_p_TCGA_b84_115_SNP_N_GenomeWideSNP_6_B04_771540	3	162545716	162623897	46	0.8213
DUNGS_p_TCGA_b84_115_SNP_N_GenomeWideSNP_6_B04_771540	3	162625980	162714517	74	0.2091
DUNGS_p_TCGA_b84_115_SNP_N_GenomeWideSNP_6_B04_771540	3	162717727	162719562	2	-2.8423
DUNGS_p_TCGA_b84_115_SNP_N_GenomeWideSNP_6_B04_771540	3	162726159	191980896	18504	0.1805
DUNGS_p_TCGA_b84_115_SNP_N_GenomeWideSNP_6_B04_771540	3	191985175	191988056	3	-1.0557
DUNGS_p_TCGA_b84_115_SNP_N_GenomeWideSNP_6_B04_771540	3	191989019	192874747	630	0.1568
DUNGS_p_TCGA_b84_115_SNP_N_GenomeWideSNP_6_B04_771540	3	192877902	192882903	20	-1.087
DUNGS_p_TCGA_b84_115_SNP_N_GenomeWideSNP_6_B04_771540	3	192886435	195167114	1459	0.3478
DUNGS_p_TCGA_b84_115_SNP_N_GenomeWideSNP_6_B04_771540	3	195176072	195430789	43	0.6088
DUNGS_p_TCGA_b84_115_SNP_N_GenomeWideSNP_6_B04_771540	3	195430864	195460696	23	0.2351
DUNGS_p_TCGA_b84_115_SNP_N_GenomeWideSNP_6_B04_771540	3	195462316	195501404	18	0.8171
DUNGS_p_TCGA_b84_115_SNP_N_GenomeWideSNP_6_B04_771540	3	195501971	196662154	532	0.3852
DUNGS_p_TCGA_b84_115_SNP_N_GenomeWideSNP_6_B04_771540	3	196662275	196677409	14	0.796
DUNGS_p_TCGA_b84_115_SNP_N_GenomeWideSNP_6_B04_771540	3	196678335	197896118	619	0.3161
DUNGS_p_TCGA_b84_115_SNP_N_GenomeWideSNP_6_B04_771540	4	12281	66719	58	-0.5095
DUNGS_p_TCGA_b84_115_SNP_N_GenomeWideSNP_6_B04_771540	4	68821	9456977	5196	-0.1976
DUNGS_p_TCGA_b84_115_SNP_N_GenomeWideSNP_6_B04_771540	4	9461230	9464972	3	-1.8912
DUNGS_p_TCGA_b84_115_SNP_N_GenomeWideSNP_6_B04_771540	4	9470734	10204933	537	-0.1896
DUNGS_p_TCGA_b84_115_SNP_N_GenomeWideSNP_6_B04_771540	4	10204970	10247512	62	0.0559
DUNGS_p_TCGA_b84_115_SNP_N_GenomeWideSNP_6_B04_771540	4	10248174	34415056	16753	-0.2232
DUNGS_p_TCGA_b84_115_SNP_N_GenomeWideSNP_6_B04_771540	4	34417040	34418903	3	-1.3648
DUNGS_p_TCGA_b84_115_SNP_N_GenomeWideSNP_6_B04_771540	4	34418942	36927629	1669	-0.2408
DUNGS_p_TCGA_b84_115_SNP_N_GenomeWideSNP_6_B04_771540	4	36943046	40700573	2501	0.2354
DUNGS_p_TCGA_b84_115_SNP_N_GenomeWideSNP_6_B04_771540	4	40704011	40704145	2	1.1851
DUNGS_p_TCGA_b84_115_SNP_N_GenomeWideSNP_6_B04_771540	4	40704192	40763796	36	0.2419
DUNGS_p_TCGA_b84_115_SNP_N_GenomeWideSNP_6_B04_771540	4	40764419	40764759	2	1.51
DUNGS_p_TCGA_b84_115_SNP_N_GenomeWideSNP_6_B04_771540	4	40770510	49089374	5046	0.2429
DUNGS_p_TCGA_b84_115_SNP_N_GenomeWideSNP_6_B04_771540	4	49093786	49589148	29	-0.346
DUNGS_p_TCGA_b84_115_SNP_N_GenomeWideSNP_6_B04_771540	4	49590333	69360489	10510	0.0381
DUNGS_p_TCGA_b84_115_SNP_N_GenomeWideSNP_6_B04_771540	4	69367142	69374955	4	-0.5115
DUNGS_p_TCGA_b84_115_SNP_N_GenomeWideSNP_6_B04_771540	4	69375160	69392223	7	-2.6247
DUNGS_p_TCGA_b84_115_SNP_N_GenomeWideSNP_6_B04_771540	4	69395924	69480923	49	-1.2211
DUNGS_p_TCGA_b84_115_SNP_N_GenomeWideSNP_6_B04_771540	4	69480937	69485979	7	-2.325
DUNGS_p_TCGA_b84_115_SNP_N_GenomeWideSNP_6_B04_771540	4	69489335	70143374	341	0.0191
DUNGS_p_TCGA_b84_115_SNP_N_GenomeWideSNP_6_B04_771540	4	70143806	70239989	47	0.3513
DUNGS_p_TCGA_b84_115_SNP_N_GenomeWideSNP_6_B04_771540	4	70242029	98353604	17340	0.0295
DUNGS_p_TCGA_b84_115_SNP_N_GenomeWideSNP_6_B04_771540	4	98357434	98358305	2	-1.1526
DUNGS_p_TCGA_b84_115_SNP_N_GenomeWideSNP_6_B04_771540	4	98360786	104745571	3719	0.0409
DUNGS_p_TCGA_b84_115_SNP_N_GenomeWideSNP_6_B04_771540	4	104751630	104761264	30	-0.2606
DUNGS_p_TCGA_b84_115_SNP_N_GenomeWideSNP_6_B04_771540	4	104762857	115175323	6294	0.0334
DUNGS_p_TCGA_b84_115_SNP_N_GenomeWideSNP_6_B04_771540	4	115175344	115184229	23	0.5531
DUNGS_p_TCGA_b84_115_SNP_N_GenomeWideSNP_6_B04_771540	4	115184252	115184380	5	-0.5616
DUNGS_p_TCGA_b84_115_SNP_N_GenomeWideSNP_6_B04_771540	4	115184390	116165793	604	0.03
DUNGS_p_TCGA_b84_115_SNP_N_GenomeWideSNP_6_B04_771540	4	116165807	116172611	4	-0.3563
DUNGS_p_TCGA_b84_115_SNP_N_GenomeWideSNP_6_B04_771540	4	116172948	116173042	4	1.0848
DUNGS_p_TCGA_b84_115_SNP_N_GenomeWideSNP_6_B04_771540	4	116173117	130062751	8129	0.0428
DUNGS_p_TCGA_b84_115_SNP_N_GenomeWideSNP_6_B04_771540	4	130067546	130068160	2	1.2554
DUNGS_p_TCGA_b84_115_SNP_N_GenomeWideSNP_6_B04_771540	4	130072563	131171096	772	0.0408
DUNGS_p_TCGA_b84_115_SNP_N_GenomeWideSNP_6_B04_771540	4	131171114	131171505	8	0.6682
DUNGS_p_TCGA_b84_115_SNP_N_GenomeWideSNP_6_B04_771540	4	131171827	172377273	25253	0.0361
DUNGS_p_TCGA_b84_115_SNP_N_GenomeWideSNP_6_B04_771540	4	172377288	172377710	4	-1.7313
DUNGS_p_TCGA_b84_115_SNP_N_GenomeWideSNP_6_B04_771540	4	172377724	179953542	4677	0.0303
DUNGS_p_TCGA_b84_115_SNP_N_GenomeWideSNP_6_B04_771540	4	179957924	179962747	10	-0.6096
DUNGS_p_TCGA_b84_115_SNP_N_GenomeWideSNP_6_B04_771540	4	179967787	185012101	3760	0.0252
DUNGS_p_TCGA_b84_115_SNP_N_GenomeWideSNP_6_B04_771540	4	185012209	185078373	61	0.2643
DUNGS_p_TCGA_b84_115_SNP_N_GenomeWideSNP_6_B04_771540	4	185079288	189221258	2861	0.044
DUNGS_p_TCGA_b84_115_SNP_N_GenomeWideSNP_6_B04_771540	4	189221360	189221424	3	1.8552
DUNGS_p_TCGA_b84_115_SNP_N_GenomeWideSNP_6_B04_771540	4	189221439	191015201	1175	0.0376
DUNGS_p_TCGA_b84_115_SNP_N_GenomeWideSNP_6_B04_771540	4	191016164	191027923	3	-1.5515
DUNGS_p_TCGA_b84_115_SNP_N_GenomeWideSNP_6_B04_771540	5	15532	21451277	15794	0.2076
DUNGS_p_TCGA_b84_115_SNP_N_GenomeWideSNP_6_B04_771540	5	21451964	21451998	2	-2.7898
DUNGS_p_TCGA_b84_115_SNP_N_GenomeWideSNP_6_B04_771540	5	21452438	27524452	3559	0.2025
DUNGS_p_TCGA_b84_115_SNP_N_GenomeWideSNP_6_B04_771540	5	27525390	27526020	10	-0.5714
DUNGS_p_TCGA_b84_115_SNP_N_GenomeWideSNP_6_B04_771540	5	27527479	27568671	26	0.1718
DUNGS_p_TCGA_b84_115_SNP_N_GenomeWideSNP_6_B04_771540	5	27575344	27579645	2	-0.7534
DUNGS_p_TCGA_b84_115_SNP_N_GenomeWideSNP_6_B04_771540	5	27583046	39808632	8135	0.2016
DUNGS_p_TCGA_b84_115_SNP_N_GenomeWideSNP_6_B04_771540	5	39808954	39808969	2	-1.8431
DUNGS_p_TCGA_b84_115_SNP_N_GenomeWideSNP_6_B04_771540	5	39808985	57321646	8397	0.0798
DUNGS_p_TCGA_b84_115_SNP_N_GenomeWideSNP_6_B04_771540	5	57326027	57333533	32	1.412
DUNGS_p_TCGA_b84_115_SNP_N_GenomeWideSNP_6_B04_771540	5	57338357	68867294	7309	0.0277
DUNGS_p_TCGA_b84_115_SNP_N_GenomeWideSNP_6_B04_771540	5	69074977	70391253	25	-0.5302
DUNGS_p_TCGA_b84_115_SNP_N_GenomeWideSNP_6_B04_771540	5	70654072	76989203	4244	0.0245
DUNGS_p_TCGA_b84_115_SNP_N_GenomeWideSNP_6_B04_771540	5	76992488	76996063	2	-1.116
DUNGS_p_TCGA_b84_115_SNP_N_GenomeWideSNP_6_B04_771540	5	76996525	128643629	31987	-0.0045
DUNGS_p_TCGA_b84_115_SNP_N_GenomeWideSNP_6_B04_771540	5	128643798	128645070	3	-1.5131
DUNGS_p_TCGA_b84_115_SNP_N_GenomeWideSNP_6_B04_771540	5	128645154	137511717	5399	0.0254
DUNGS_p_TCGA_b84_115_SNP_N_GenomeWideSNP_6_B04_771540	5	137511723	151514171	8763	0.4319
DUNGS_p_TCGA_b84_115_SNP_N_GenomeWideSNP_6_B04_771540	5	151515386	151518351	14	-1.0212
DUNGS_p_TCGA_b84_115_SNP_N_GenomeWideSNP_6_B04_771540	5	151520271	155472055	2658	0.355
DUNGS_p_TCGA_b84_115_SNP_N_GenomeWideSNP_6_B04_771540	5	155472133	155482729	19	-0.5727
DUNGS_p_TCGA_b84_115_SNP_N_GenomeWideSNP_6_B04_771540	5	155495250	175367879	14096	0.3686
DUNGS_p_TCGA_b84_115_SNP_N_GenomeWideSNP_6_B04_771540	5	175372411	175469507	17	-0.1199
DUNGS_p_TCGA_b84_115_SNP_N_GenomeWideSNP_6_B04_771540	5	175470324	176909698	650	0.3956
DUNGS_p_TCGA_b84_115_SNP_N_GenomeWideSNP_6_B04_771540	5	176913018	176913220	2	-0.5283
DUNGS_p_TCGA_b84_115_SNP_N_GenomeWideSNP_6_B04_771540	5	176926115	177114462	65	0.4031
DUNGS_p_TCGA_b84_115_SNP_N_GenomeWideSNP_6_B04_771540	5	177132443	177227551	13	-0.2783
DUNGS_p_TCGA_b84_115_SNP_N_GenomeWideSNP_6_B04_771540	5	177228579	179085845	1073	0.3746
DUNGS_p_TCGA_b84_115_SNP_N_GenomeWideSNP_6_B04_771540	5	179086103	179086245	2	-0.9281
DUNGS_p_TCGA_b84_115_SNP_N_GenomeWideSNP_6_B04_771540	5	179086494	179096136	6	0.6686
DUNGS_p_TCGA_b84_115_SNP_N_GenomeWideSNP_6_B04_771540	5	179096243	179104600	12	-0.075
DUNGS_p_TCGA_b84_115_SNP_N_GenomeWideSNP_6_B04_771540	5	179105007	180193779	620	0.3894
DUNGS_p_TCGA_b84_115_SNP_N_GenomeWideSNP_6_B04_771540	5	180194185	180195522	3	-0.6597
DUNGS_p_TCGA_b84_115_SNP_N_GenomeWideSNP_6_B04_771540	5	180196816	180374523	100	0.3893
DUNGS_p_TCGA_b84_115_SNP_N_GenomeWideSNP_6_B04_771540	5	180378710	180418103	19	-2.0816
DUNGS_p_TCGA_b84_115_SNP_N_GenomeWideSNP_6_B04_771540	5	180433225	180790320	171	0.4162
DUNGS_p_TCGA_b84_115_SNP_N_GenomeWideSNP_6_B04_771540	6	149661	294837	124	-0.0268
DUNGS_p_TCGA_b84_115_SNP_N_GenomeWideSNP_6_B04_771540	6	302306	380821	77	0.5037
DUNGS_p_TCGA_b84_115_SNP_N_GenomeWideSNP_6_B04_771540	6	381149	26681921	20079	0.0089
DUNGS_p_TCGA_b84_115_SNP_N_GenomeWideSNP_6_B04_771540	6	26681941	26682323	2	-1.2957
DUNGS_p_TCGA_b84_115_SNP_N_GenomeWideSNP_6_B04_771540	6	26688449	27667622	436	-3e-04
DUNGS_p_TCGA_b84_115_SNP_N_GenomeWideSNP_6_B04_771540	6	27668286	27668936	4	-0.7561
DUNGS_p_TCGA_b84_115_SNP_N_GenomeWideSNP_6_B04_771540	6	27669028	29829407	1026	0.01
DUNGS_p_TCGA_b84_115_SNP_N_GenomeWideSNP_6_B04_771540	6	29829412	29916486	62	0.3526
DUNGS_p_TCGA_b84_115_SNP_N_GenomeWideSNP_6_B04_771540	6	29916505	31280823	646	0.0382
DUNGS_p_TCGA_b84_115_SNP_N_GenomeWideSNP_6_B04_771540	6	31286276	31309924	12	-1.0759
DUNGS_p_TCGA_b84_115_SNP_N_GenomeWideSNP_6_B04_771540	6	31317347	32481987	517	0.0815
DUNGS_p_TCGA_b84_115_SNP_N_GenomeWideSNP_6_B04_771540	6	32482969	32570365	23	-0.2685
DUNGS_p_TCGA_b84_115_SNP_N_GenomeWideSNP_6_B04_771540	6	32573771	32624304	30	0.1932
DUNGS_p_TCGA_b84_115_SNP_N_GenomeWideSNP_6_B04_771540	6	32624591	32625937	4	-1.2624
DUNGS_p_TCGA_b84_115_SNP_N_GenomeWideSNP_6_B04_771540	6	32626618	32686196	38	-0.0072
DUNGS_p_TCGA_b84_115_SNP_N_GenomeWideSNP_6_B04_771540	6	32688615	32690027	8	0.6725
DUNGS_p_TCGA_b84_115_SNP_N_GenomeWideSNP_6_B04_771540	6	32690797	32690830	3	1.975
DUNGS_p_TCGA_b84_115_SNP_N_GenomeWideSNP_6_B04_771540	6	32692227	53931151	13709	0.0223
DUNGS_p_TCGA_b84_115_SNP_N_GenomeWideSNP_6_B04_771540	6	53931230	53931855	6	-1.4356
DUNGS_p_TCGA_b84_115_SNP_N_GenomeWideSNP_6_B04_771540	6	53935348	77436532	12312	0.0272
DUNGS_p_TCGA_b84_115_SNP_N_GenomeWideSNP_6_B04_771540	6	77439868	77452757	21	-0.4392
DUNGS_p_TCGA_b84_115_SNP_N_GenomeWideSNP_6_B04_771540	6	77461073	78962874	979	0.0197
DUNGS_p_TCGA_b84_115_SNP_N_GenomeWideSNP_6_B04_771540	6	78962889	79014118	66	0.3331
DUNGS_p_TCGA_b84_115_SNP_N_GenomeWideSNP_6_B04_771540	6	79014340	79035185	48	0.5854
DUNGS_p_TCGA_b84_115_SNP_N_GenomeWideSNP_6_B04_771540	6	79039234	88442275	5854	0.0307
DUNGS_p_TCGA_b84_115_SNP_N_GenomeWideSNP_6_B04_771540	6	88447481	113684429	15995	-0.2287
DUNGS_p_TCGA_b84_115_SNP_N_GenomeWideSNP_6_B04_771540	6	113684786	113685481	3	-2.1368
DUNGS_p_TCGA_b84_115_SNP_N_GenomeWideSNP_6_B04_771540	6	113688937	167212209	35554	-0.1587
DUNGS_p_TCGA_b84_115_SNP_N_GenomeWideSNP_6_B04_771540	6	167213030	170919495	2431	0.0874
DUNGS_p_TCGA_b84_115_SNP_N_GenomeWideSNP_6_B04_771540	6	170982327	171051005	4	-1.1756
DUNGS_p_TCGA_b84_115_SNP_N_GenomeWideSNP_6_B04_771540	7	43355	4674458	2526	0.0835
DUNGS_p_TCGA_b84_115_SNP_N_GenomeWideSNP_6_B04_771540	7	4683776	4683874	3	-2.2097
DUNGS_p_TCGA_b84_115_SNP_N_GenomeWideSNP_6_B04_771540	7	4685128	5936900	551	0.0545
DUNGS_p_TCGA_b84_115_SNP_N_GenomeWideSNP_6_B04_771540	7	5940039	5999577	10	-0.8783
DUNGS_p_TCGA_b84_115_SNP_N_GenomeWideSNP_6_B04_771540	7	6003613	6837068	354	0.0379
DUNGS_p_TCGA_b84_115_SNP_N_GenomeWideSNP_6_B04_771540	7	6838724	6855323	3	1.2121
DUNGS_p_TCGA_b84_115_SNP_N_GenomeWideSNP_6_B04_771540	7	6862693	9105028	1932	0.0569
DUNGS_p_TCGA_b84_115_SNP_N_GenomeWideSNP_6_B04_771540	7	9105572	9114048	4	-0.9702
DUNGS_p_TCGA_b84_115_SNP_N_GenomeWideSNP_6_B04_771540	7	9114398	22434780	10737	0.0473
DUNGS_p_TCGA_b84_115_SNP_N_GenomeWideSNP_6_B04_771540	7	22435472	22436487	2	1.3974
DUNGS_p_TCGA_b84_115_SNP_N_GenomeWideSNP_6_B04_771540	7	22438754	54380373	22490	0.05
DUNGS_p_TCGA_b84_115_SNP_N_GenomeWideSNP_6_B04_771540	7	54386505	54386517	6	1.1605
DUNGS_p_TCGA_b84_115_SNP_N_GenomeWideSNP_6_B04_771540	7	54393488	64565585	3138	0.0318
DUNGS_p_TCGA_b84_115_SNP_N_GenomeWideSNP_6_B04_771540	7	64566957	64595698	8	0.7507
DUNGS_p_TCGA_b84_115_SNP_N_GenomeWideSNP_6_B04_771540	7	64637128	66725817	779	0.033
DUNGS_p_TCGA_b84_115_SNP_N_GenomeWideSNP_6_B04_771540	7	66726274	66780841	12	-0.4333
DUNGS_p_TCGA_b84_115_SNP_N_GenomeWideSNP_6_B04_771540	7	66785029	70420438	2364	0.0153
DUNGS_p_TCGA_b84_115_SNP_N_GenomeWideSNP_6_B04_771540	7	70423250	70426141	2	1.6494
DUNGS_p_TCGA_b84_115_SNP_N_GenomeWideSNP_6_B04_771540	7	70428243	102405433	17994	0.0294
DUNGS_p_TCGA_b84_115_SNP_N_GenomeWideSNP_6_B04_771540	7	102406444	102406570	2	-1.3027
DUNGS_p_TCGA_b84_115_SNP_N_GenomeWideSNP_6_B04_771540	7	102406680	109437099	4540	0.0337
DUNGS_p_TCGA_b84_115_SNP_N_GenomeWideSNP_6_B04_771540	7	109437100	109441244	19	-0.3701
DUNGS_p_TCGA_b84_115_SNP_N_GenomeWideSNP_6_B04_771540	7	109441629	109453910	10	-2.3485
DUNGS_p_TCGA_b84_115_SNP_N_GenomeWideSNP_6_B04_771540	7	109453982	111294896	1209	0.0447
DUNGS_p_TCGA_b84_115_SNP_N_GenomeWideSNP_6_B04_771540	7	111295913	111309794	3	1.0139
DUNGS_p_TCGA_b84_115_SNP_N_GenomeWideSNP_6_B04_771540	7	111310159	126046543	8844	0.0359
DUNGS_p_TCGA_b84_115_SNP_N_GenomeWideSNP_6_B04_771540	7	126046600	126046876	3	1.1527
DUNGS_p_TCGA_b84_115_SNP_N_GenomeWideSNP_6_B04_771540	7	126046877	141763124	9949	0.0311
DUNGS_p_TCGA_b84_115_SNP_N_GenomeWideSNP_6_B04_771540	7	141769643	141792107	42	-0.5826
DUNGS_p_TCGA_b84_115_SNP_N_GenomeWideSNP_6_B04_771540	7	141795281	142044047	187	0.0774
DUNGS_p_TCGA_b84_115_SNP_N_GenomeWideSNP_6_B04_771540	7	142044060	142099968	12	-0.3999
DUNGS_p_TCGA_b84_115_SNP_N_GenomeWideSNP_6_B04_771540	7	142099988	142474939	252	0.1198
DUNGS_p_TCGA_b84_115_SNP_N_GenomeWideSNP_6_B04_771540	7	142476719	142486560	31	0.6434
DUNGS_p_TCGA_b84_115_SNP_N_GenomeWideSNP_6_B04_771540	7	142488688	143218408	464	0.0182
DUNGS_p_TCGA_b84_115_SNP_N_GenomeWideSNP_6_B04_771540	7	143218858	143524206	87	-0.183
DUNGS_p_TCGA_b84_115_SNP_N_GenomeWideSNP_6_B04_771540	7	143524324	143904279	285	0.0716
DUNGS_p_TCGA_b84_115_SNP_N_GenomeWideSNP_6_B04_771540	7	143909235	144050933	40	-0.7071
DUNGS_p_TCGA_b84_115_SNP_N_GenomeWideSNP_6_B04_771540	7	144051231	150285104	3860	0.0238
DUNGS_p_TCGA_b84_115_SNP_N_GenomeWideSNP_6_B04_771540	7	150285801	150312161	11	-0.8344
DUNGS_p_TCGA_b84_115_SNP_N_GenomeWideSNP_6_B04_771540	7	150312649	155464029	3507	0.0382
DUNGS_p_TCGA_b84_115_SNP_N_GenomeWideSNP_6_B04_771540	7	155465863	155466938	2	1.3373
DUNGS_p_TCGA_b84_115_SNP_N_GenomeWideSNP_6_B04_771540	7	155469636	156521894	764	0.0469
DUNGS_p_TCGA_b84_115_SNP_N_GenomeWideSNP_6_B04_771540	7	156523709	156524010	2	-1.1414
DUNGS_p_TCGA_b84_115_SNP_N_GenomeWideSNP_6_B04_771540	7	156525458	159127004	1561	0.0613
DUNGS_p_TCGA_b84_115_SNP_N_GenomeWideSNP_6_B04_771540	8	31254	2874353	2302	-0.1833
DUNGS_p_TCGA_b84_115_SNP_N_GenomeWideSNP_6_B04_771540	8	2889892	2890763	3	-1.205
DUNGS_p_TCGA_b84_115_SNP_N_GenomeWideSNP_6_B04_771540	8	2896524	3647660	954	-0.234
DUNGS_p_TCGA_b84_115_SNP_N_GenomeWideSNP_6_B04_771540	8	3647787	3649591	4	-1.1494
DUNGS_p_TCGA_b84_115_SNP_N_GenomeWideSNP_6_B04_771540	8	3650710	5598764	2840	-0.2219
DUNGS_p_TCGA_b84_115_SNP_N_GenomeWideSNP_6_B04_771540	8	5598770	5604327	23	-1.1206
DUNGS_p_TCGA_b84_115_SNP_N_GenomeWideSNP_6_B04_771540	8	5604495	15413447	8051	-0.2182
DUNGS_p_TCGA_b84_115_SNP_N_GenomeWideSNP_6_B04_771540	8	15423270	15433683	17	-1.1222
DUNGS_p_TCGA_b84_115_SNP_N_GenomeWideSNP_6_B04_771540	8	15440586	24723726	7471	-0.2188
DUNGS_p_TCGA_b84_115_SNP_N_GenomeWideSNP_6_B04_771540	8	24723795	24740791	23	0.1247
DUNGS_p_TCGA_b84_115_SNP_N_GenomeWideSNP_6_B04_771540	8	24741725	24974443	178	-0.2633
DUNGS_p_TCGA_b84_115_SNP_N_GenomeWideSNP_6_B04_771540	8	24974476	24984333	26	-2.0841
DUNGS_p_TCGA_b84_115_SNP_N_GenomeWideSNP_6_B04_771540	8	24991104	32668851	5449	-0.2307
DUNGS_p_TCGA_b84_115_SNP_N_GenomeWideSNP_6_B04_771540	8	32669272	32692338	20	0.1667
DUNGS_p_TCGA_b84_115_SNP_N_GenomeWideSNP_6_B04_771540	8	32692356	39230659	3580	-0.2317
DUNGS_p_TCGA_b84_115_SNP_N_GenomeWideSNP_6_B04_771540	8	39235603	39385194	58	0.4197
DUNGS_p_TCGA_b84_115_SNP_N_GenomeWideSNP_6_B04_771540	8	39386965	42517443	2181	-0.2162
DUNGS_p_TCGA_b84_115_SNP_N_GenomeWideSNP_6_B04_771540	8	42518768	47738554	706	0.0521
DUNGS_p_TCGA_b84_115_SNP_N_GenomeWideSNP_6_B04_771540	8	47742007	47742804	3	-1.1065
DUNGS_p_TCGA_b84_115_SNP_N_GenomeWideSNP_6_B04_771540	8	47743262	55209048	4384	0.0365
DUNGS_p_TCGA_b84_115_SNP_N_GenomeWideSNP_6_B04_771540	8	55209121	55211118	6	-0.5658
DUNGS_p_TCGA_b84_115_SNP_N_GenomeWideSNP_6_B04_771540	8	55211213	72212365	10650	0.0327
DUNGS_p_TCGA_b84_115_SNP_N_GenomeWideSNP_6_B04_771540	8	72215311	72216599	9	-2.6207
DUNGS_p_TCGA_b84_115_SNP_N_GenomeWideSNP_6_B04_771540	8	72219863	107891861	21552	0.0284
DUNGS_p_TCGA_b84_115_SNP_N_GenomeWideSNP_6_B04_771540	8	107898607	107899446	2	-1.3863
DUNGS_p_TCGA_b84_115_SNP_N_GenomeWideSNP_6_B04_771540	8	107900978	112294294	2598	0.0334
DUNGS_p_TCGA_b84_115_SNP_N_GenomeWideSNP_6_B04_771540	8	112294466	112295260	8	-1.745
DUNGS_p_TCGA_b84_115_SNP_N_GenomeWideSNP_6_B04_771540	8	112300281	115635080	1837	0.0374
DUNGS_p_TCGA_b84_115_SNP_N_GenomeWideSNP_6_B04_771540	8	115635120	115650697	29	-0.4634
DUNGS_p_TCGA_b84_115_SNP_N_GenomeWideSNP_6_B04_771540	8	115650787	120152010	3112	0.0298
DUNGS_p_TCGA_b84_115_SNP_N_GenomeWideSNP_6_B04_771540	8	120154784	120159446	4	-2.6929
DUNGS_p_TCGA_b84_115_SNP_N_GenomeWideSNP_6_B04_771540	8	120162854	140603502	15309	0.0305
DUNGS_p_TCGA_b84_115_SNP_N_GenomeWideSNP_6_B04_771540	8	140604336	140604622	3	1.0811
DUNGS_p_TCGA_b84_115_SNP_N_GenomeWideSNP_6_B04_771540	8	140604643	146298155	2665	0.0887
DUNGS_p_TCGA_b84_115_SNP_N_GenomeWideSNP_6_B04_771540	9	46587	1115998	1080	-0.2357
DUNGS_p_TCGA_b84_115_SNP_N_GenomeWideSNP_6_B04_771540	9	1116044	1117295	2	-1.8371
DUNGS_p_TCGA_b84_115_SNP_N_GenomeWideSNP_6_B04_771540	9	1117506	1387505	322	-0.1657
DUNGS_p_TCGA_b84_115_SNP_N_GenomeWideSNP_6_B04_771540	9	1387954	1388730	2	-2.5277
DUNGS_p_TCGA_b84_115_SNP_N_GenomeWideSNP_6_B04_771540	9	1388781	1771831	536	-0.2115
DUNGS_p_TCGA_b84_115_SNP_N_GenomeWideSNP_6_B04_771540	9	1772011	1772159	3	-1.3569
DUNGS_p_TCGA_b84_115_SNP_N_GenomeWideSNP_6_B04_771540	9	1773621	6684955	4445	-0.2124
DUNGS_p_TCGA_b84_115_SNP_N_GenomeWideSNP_6_B04_771540	9	6685029	6687217	2	-1.6009
DUNGS_p_TCGA_b84_115_SNP_N_GenomeWideSNP_6_B04_771540	9	6689722	10403105	3604	-0.2168
DUNGS_p_TCGA_b84_115_SNP_N_GenomeWideSNP_6_B04_771540	9	10404138	10404986	2	1.0455
DUNGS_p_TCGA_b84_115_SNP_N_GenomeWideSNP_6_B04_771540	9	10407943	21157095	8953	-0.2156
DUNGS_p_TCGA_b84_115_SNP_N_GenomeWideSNP_6_B04_771540	9	21157695	23207852	1434	-0.5225
DUNGS_p_TCGA_b84_115_SNP_N_GenomeWideSNP_6_B04_771540	9	23208053	32335242	6757	-0.2074
DUNGS_p_TCGA_b84_115_SNP_N_GenomeWideSNP_6_B04_771540	9	32335598	36457446	2423	0.034
DUNGS_p_TCGA_b84_115_SNP_N_GenomeWideSNP_6_B04_771540	9	36461855	43187967	1854	-0.2274
DUNGS_p_TCGA_b84_115_SNP_N_GenomeWideSNP_6_B04_771540	9	43315670	43776918	38	-0.8859
DUNGS_p_TCGA_b84_115_SNP_N_GenomeWideSNP_6_B04_771540	9	43780909	44424451	49	-0.0504
DUNGS_p_TCGA_b84_115_SNP_N_GenomeWideSNP_6_B04_771540	9	44446136	44733188	7	-0.5646
DUNGS_p_TCGA_b84_115_SNP_N_GenomeWideSNP_6_B04_771540	9	44735085	44837527	30	0.3603
DUNGS_p_TCGA_b84_115_SNP_N_GenomeWideSNP_6_B04_771540	9	44840918	45471390	40	-0.1439
DUNGS_p_TCGA_b84_115_SNP_N_GenomeWideSNP_6_B04_771540	9	45471402	45556354	7	-0.9572
DUNGS_p_TCGA_b84_115_SNP_N_GenomeWideSNP_6_B04_771540	9	45556541	69492996	240	-0.0648
DUNGS_p_TCGA_b84_115_SNP_N_GenomeWideSNP_6_B04_771540	9	69505946	69519629	8	-1.2708
DUNGS_p_TCGA_b84_115_SNP_N_GenomeWideSNP_6_B04_771540	9	69522698	69966492	71	-0.2537
DUNGS_p_TCGA_b84_115_SNP_N_GenomeWideSNP_6_B04_771540	9	69966833	90522594	14274	0.0324
DUNGS_p_TCGA_b84_115_SNP_N_GenomeWideSNP_6_B04_771540	9	90554151	90554219	2	-1.9049
DUNGS_p_TCGA_b84_115_SNP_N_GenomeWideSNP_6_B04_771540	9	90557957	97323987	4368	0.0327
DUNGS_p_TCGA_b84_115_SNP_N_GenomeWideSNP_6_B04_771540	9	97325998	97366400	35	-0.2749
DUNGS_p_TCGA_b84_115_SNP_N_GenomeWideSNP_6_B04_771540	9	97366464	105667203	5592	0.037
DUNGS_p_TCGA_b84_115_SNP_N_GenomeWideSNP_6_B04_771540	9	105668413	105715464	35	0.3193
DUNGS_p_TCGA_b84_115_SNP_N_GenomeWideSNP_6_B04_771540	9	105717550	141091394	23789	0.0378
DUNGS_p_TCGA_b84_115_SNP_N_GenomeWideSNP_6_B04_771540	10	72759	4287070	3590	0.0557
DUNGS_p_TCGA_b84_115_SNP_N_GenomeWideSNP_6_B04_771540	10	4290814	4290924	3	-0.8366
DUNGS_p_TCGA_b84_115_SNP_N_GenomeWideSNP_6_B04_771540	10	4291016	6410902	1834	0.0445
DUNGS_p_TCGA_b84_115_SNP_N_GenomeWideSNP_6_B04_771540	10	6411034	6411481	8	-0.5767
DUNGS_p_TCGA_b84_115_SNP_N_GenomeWideSNP_6_B04_771540	10	6418754	13049600	5513	0.0418
DUNGS_p_TCGA_b84_115_SNP_N_GenomeWideSNP_6_B04_771540	10	13049656	13050170	7	-0.6936
DUNGS_p_TCGA_b84_115_SNP_N_GenomeWideSNP_6_B04_771540	10	13050428	17927554	3945	0.0247
DUNGS_p_TCGA_b84_115_SNP_N_GenomeWideSNP_6_B04_771540	10	17938208	17971816	3	-1.1034
DUNGS_p_TCGA_b84_115_SNP_N_GenomeWideSNP_6_B04_771540	10	18029825	18083562	5	-0.2951
DUNGS_p_TCGA_b84_115_SNP_N_GenomeWideSNP_6_B04_771540	10	18106443	18199813	10	0.6348
DUNGS_p_TCGA_b84_115_SNP_N_GenomeWideSNP_6_B04_771540	10	18223647	21133182	2407	0.03
DUNGS_p_TCGA_b84_115_SNP_N_GenomeWideSNP_6_B04_771540	10	21135430	21136860	4	-0.7117
DUNGS_p_TCGA_b84_115_SNP_N_GenomeWideSNP_6_B04_771540	10	21137746	23076235	1066	0.0298
DUNGS_p_TCGA_b84_115_SNP_N_GenomeWideSNP_6_B04_771540	10	23082730	23086231	3	-0.794
DUNGS_p_TCGA_b84_115_SNP_N_GenomeWideSNP_6_B04_771540	10	23086785	25595373	1690	0.0482
DUNGS_p_TCGA_b84_115_SNP_N_GenomeWideSNP_6_B04_771540	10	25597308	25600208	2	-1.9646
DUNGS_p_TCGA_b84_115_SNP_N_GenomeWideSNP_6_B04_771540	10	25601033	31246510	4233	0.0341
DUNGS_p_TCGA_b84_115_SNP_N_GenomeWideSNP_6_B04_771540	10	31251334	31251738	10	-0.7386
DUNGS_p_TCGA_b84_115_SNP_N_GenomeWideSNP_6_B04_771540	10	31251779	42525124	4897	0.0326
DUNGS_p_TCGA_b84_115_SNP_N_GenomeWideSNP_6_B04_771540	10	42614436	42783494	29	-0.2466
DUNGS_p_TCGA_b84_115_SNP_N_GenomeWideSNP_6_B04_771540	10	42786973	42920884	61	0.0105
DUNGS_p_TCGA_b84_115_SNP_N_GenomeWideSNP_6_B04_771540	10	42921666	42925722	3	-0.8929
DUNGS_p_TCGA_b84_115_SNP_N_GenomeWideSNP_6_B04_771540	10	42926743	46691480	2291	0.0292
DUNGS_p_TCGA_b84_115_SNP_N_GenomeWideSNP_6_B04_771540	10	46917315	46943377	5	-1.2607
DUNGS_p_TCGA_b84_115_SNP_N_GenomeWideSNP_6_B04_771540	10	46946708	53346264	3197	0.0275
DUNGS_p_TCGA_b84_115_SNP_N_GenomeWideSNP_6_B04_771540	10	53347934	53480628	92	-0.2451
DUNGS_p_TCGA_b84_115_SNP_N_GenomeWideSNP_6_B04_771540	10	53484074	58532765	3761	0.017
DUNGS_p_TCGA_b84_115_SNP_N_GenomeWideSNP_6_B04_771540	10	58532989	58536052	2	-1.228
DUNGS_p_TCGA_b84_115_SNP_N_GenomeWideSNP_6_B04_771540	10	58536063	67307923	6119	0.0118
DUNGS_p_TCGA_b84_115_SNP_N_GenomeWideSNP_6_B04_771540	10	67307936	67322795	28	0.4121
DUNGS_p_TCGA_b84_115_SNP_N_GenomeWideSNP_6_B04_771540	10	67322926	68147459	670	0.0016
DUNGS_p_TCGA_b84_115_SNP_N_GenomeWideSNP_6_B04_771540	10	68152745	68281117	87	-0.8361
DUNGS_p_TCGA_b84_115_SNP_N_GenomeWideSNP_6_B04_771540	10	68282862	71275493	1795	0.0127
DUNGS_p_TCGA_b84_115_SNP_N_GenomeWideSNP_6_B04_771540	10	71282472	71282842	5	-0.8492
DUNGS_p_TCGA_b84_115_SNP_N_GenomeWideSNP_6_B04_771540	10	71291614	135506704	43801	0.0165
DUNGS_p_TCGA_b84_115_SNP_N_GenomeWideSNP_6_B04_771540	11	198510	2518637	838	-0.182
DUNGS_p_TCGA_b84_115_SNP_N_GenomeWideSNP_6_B04_771540	11	2521914	2620203	52	0.076
DUNGS_p_TCGA_b84_115_SNP_N_GenomeWideSNP_6_B04_771540	11	2621574	4336067	929	-0.2296
DUNGS_p_TCGA_b84_115_SNP_N_GenomeWideSNP_6_B04_771540	11	4336529	4358809	4	-0.9736
DUNGS_p_TCGA_b84_115_SNP_N_GenomeWideSNP_6_B04_771540	11	4359056	4967396	655	-0.1929
DUNGS_p_TCGA_b84_115_SNP_N_GenomeWideSNP_6_B04_771540	11	4967650	4975164	28	0.4605
DUNGS_p_TCGA_b84_115_SNP_N_GenomeWideSNP_6_B04_771540	11	4975675	4994686	27	-0.0975
DUNGS_p_TCGA_b84_115_SNP_N_GenomeWideSNP_6_B04_771540	11	4994996	4995448	3	0.6553
DUNGS_p_TCGA_b84_115_SNP_N_GenomeWideSNP_6_B04_771540	11	4995989	5787405	772	-0.2366
DUNGS_p_TCGA_b84_115_SNP_N_GenomeWideSNP_6_B04_771540	11	5788080	5809338	33	-1.2309
DUNGS_p_TCGA_b84_115_SNP_N_GenomeWideSNP_6_B04_771540	11	5809461	7832258	1512	-0.2149
DUNGS_p_TCGA_b84_115_SNP_N_GenomeWideSNP_6_B04_771540	11	7837009	10624215	1823	0.0131
DUNGS_p_TCGA_b84_115_SNP_N_GenomeWideSNP_6_B04_771540	11	10625146	10625563	2	1.1922
DUNGS_p_TCGA_b84_115_SNP_N_GenomeWideSNP_6_B04_771540	11	10628786	48598422	26791	0.0244
DUNGS_p_TCGA_b84_115_SNP_N_GenomeWideSNP_6_B04_771540	11	48601434	48606318	3	-1.7382
DUNGS_p_TCGA_b84_115_SNP_N_GenomeWideSNP_6_B04_771540	11	48608157	48666036	35	-0.0645
DUNGS_p_TCGA_b84_115_SNP_N_GenomeWideSNP_6_B04_771540	11	48674943	48709743	6	0.713
DUNGS_p_TCGA_b84_115_SNP_N_GenomeWideSNP_6_B04_771540	11	48710424	65436888	6675	0.023
DUNGS_p_TCGA_b84_115_SNP_N_GenomeWideSNP_6_B04_771540	11	65437098	65466796	15	-0.368
DUNGS_p_TCGA_b84_115_SNP_N_GenomeWideSNP_6_B04_771540	11	65471641	68537012	1218	0.0137
DUNGS_p_TCGA_b84_115_SNP_N_GenomeWideSNP_6_B04_771540	11	68539068	71527696	1730	0.3336
DUNGS_p_TCGA_b84_115_SNP_N_GenomeWideSNP_6_B04_771540	11	71527711	79967513	4916	-0.2279
DUNGS_p_TCGA_b84_115_SNP_N_GenomeWideSNP_6_B04_771540	11	79967548	79967564	2	-4.1616
DUNGS_p_TCGA_b84_115_SNP_N_GenomeWideSNP_6_B04_771540	11	79967686	81498805	1320	-0.233
DUNGS_p_TCGA_b84_115_SNP_N_GenomeWideSNP_6_B04_771540	11	81503468	81523981	13	-0.6366
DUNGS_p_TCGA_b84_115_SNP_N_GenomeWideSNP_6_B04_771540	11	81524661	83668182	1412	-0.2255
DUNGS_p_TCGA_b84_115_SNP_N_GenomeWideSNP_6_B04_771540	11	83668185	83670320	2	-1.4246
DUNGS_p_TCGA_b84_115_SNP_N_GenomeWideSNP_6_B04_771540	11	83670325	86305813	1765	-0.2175
DUNGS_p_TCGA_b84_115_SNP_N_GenomeWideSNP_6_B04_771540	11	86305817	86306054	4	-1.2949
DUNGS_p_TCGA_b84_115_SNP_N_GenomeWideSNP_6_B04_771540	11	86315174	88392662	1473	-0.2153
DUNGS_p_TCGA_b84_115_SNP_N_GenomeWideSNP_6_B04_771540	11	88393840	88396467	5	-0.8516
DUNGS_p_TCGA_b84_115_SNP_N_GenomeWideSNP_6_B04_771540	11	88396950	89611344	658	-0.2122
DUNGS_p_TCGA_b84_115_SNP_N_GenomeWideSNP_6_B04_771540	11	89636197	89727683	6	-0.9201
DUNGS_p_TCGA_b84_115_SNP_N_GenomeWideSNP_6_B04_771540	11	89759430	101594384	8703	-0.2229
DUNGS_p_TCGA_b84_115_SNP_N_GenomeWideSNP_6_B04_771540	11	101597860	101597964	4	0.751
DUNGS_p_TCGA_b84_115_SNP_N_GenomeWideSNP_6_B04_771540	11	101598212	107914293	4277	-0.2139
DUNGS_p_TCGA_b84_115_SNP_N_GenomeWideSNP_6_B04_771540	11	107914480	107915411	3	-1.2517
DUNGS_p_TCGA_b84_115_SNP_N_GenomeWideSNP_6_B04_771540	11	107916916	107934186	11	0.0609
DUNGS_p_TCGA_b84_115_SNP_N_GenomeWideSNP_6_B04_771540	11	107936320	133118468	18157	-0.2242
DUNGS_p_TCGA_b84_115_SNP_N_GenomeWideSNP_6_B04_771540	11	133119503	133127345	6	-0.9256
DUNGS_p_TCGA_b84_115_SNP_N_GenomeWideSNP_6_B04_771540	11	133139712	134944770	1340	-0.1833
DUNGS_p_TCGA_b84_115_SNP_N_GenomeWideSNP_6_B04_771540	12	150442	261929	61	0.112
DUNGS_p_TCGA_b84_115_SNP_N_GenomeWideSNP_6_B04_771540	12	263839	287936	10	0.5717
DUNGS_p_TCGA_b84_115_SNP_N_GenomeWideSNP_6_B04_771540	12	290706	8412062	5504	0.0452
DUNGS_p_TCGA_b84_115_SNP_N_GenomeWideSNP_6_B04_771540	12	8417979	8584672	71	-0.2276
DUNGS_p_TCGA_b84_115_SNP_N_GenomeWideSNP_6_B04_771540	12	8594894	9633870	565	0.0453
DUNGS_p_TCGA_b84_115_SNP_N_GenomeWideSNP_6_B04_771540	12	9637909	9728292	24	-1.3926
DUNGS_p_TCGA_b84_115_SNP_N_GenomeWideSNP_6_B04_771540	12	9734969	10573000	634	0.0476
DUNGS_p_TCGA_b84_115_SNP_N_GenomeWideSNP_6_B04_771540	12	10578777	10588525	6	-0.6666
DUNGS_p_TCGA_b84_115_SNP_N_GenomeWideSNP_6_B04_771540	12	10595806	11219423	404	0.0244
DUNGS_p_TCGA_b84_115_SNP_N_GenomeWideSNP_6_B04_771540	12	11220724	11241532	12	0.7052
DUNGS_p_TCGA_b84_115_SNP_N_GenomeWideSNP_6_B04_771540	12	11251874	31906658	14580	0.0372
DUNGS_p_TCGA_b84_115_SNP_N_GenomeWideSNP_6_B04_771540	12	31906672	31909908	5	-0.8905
DUNGS_p_TCGA_b84_115_SNP_N_GenomeWideSNP_6_B04_771540	12	31917220	33301406	1019	0.0201
DUNGS_p_TCGA_b84_115_SNP_N_GenomeWideSNP_6_B04_771540	12	33301426	33308542	31	-0.429
DUNGS_p_TCGA_b84_115_SNP_N_GenomeWideSNP_6_B04_771540	12	33308589	119983825	53128	0.0213
DUNGS_p_TCGA_b84_115_SNP_N_GenomeWideSNP_6_B04_771540	12	119988887	119990748	15	-0.8002
DUNGS_p_TCGA_b84_115_SNP_N_GenomeWideSNP_6_B04_771540	12	119990761	128281697	5119	0.0112
DUNGS_p_TCGA_b84_115_SNP_N_GenomeWideSNP_6_B04_771540	12	128282650	128292511	8	-0.5245
DUNGS_p_TCGA_b84_115_SNP_N_GenomeWideSNP_6_B04_771540	12	128297027	128333614	28	0.0377
DUNGS_p_TCGA_b84_115_SNP_N_GenomeWideSNP_6_B04_771540	12	128334271	128340270	10	0.5178
DUNGS_p_TCGA_b84_115_SNP_N_GenomeWideSNP_6_B04_771540	12	128343202	128498114	129	-0.0026
DUNGS_p_TCGA_b84_115_SNP_N_GenomeWideSNP_6_B04_771540	12	128498362	128502963	4	0.7279
DUNGS_p_TCGA_b84_115_SNP_N_GenomeWideSNP_6_B04_771540	12	128503824	133778189	3786	0.0564
DUNGS_p_TCGA_b84_115_SNP_N_GenomeWideSNP_6_B04_771540	13	19026949	20365681	680	-0.2337
DUNGS_p_TCGA_b84_115_SNP_N_GenomeWideSNP_6_B04_771540	13	20367749	20409931	17	0.216
DUNGS_p_TCGA_b84_115_SNP_N_GenomeWideSNP_6_B04_771540	13	20410556	22592606	1410	-0.2221
DUNGS_p_TCGA_b84_115_SNP_N_GenomeWideSNP_6_B04_771540	13	22598158	22601070	3	-1.3259
DUNGS_p_TCGA_b84_115_SNP_N_GenomeWideSNP_6_B04_771540	13	22601735	32518071	7521	-0.2123
DUNGS_p_TCGA_b84_115_SNP_N_GenomeWideSNP_6_B04_771540	13	32520583	38071135	3948	0.023
DUNGS_p_TCGA_b84_115_SNP_N_GenomeWideSNP_6_B04_771540	13	38072036	38075965	4	-0.7232
DUNGS_p_TCGA_b84_115_SNP_N_GenomeWideSNP_6_B04_771540	13	38076267	38084757	12	-2.672
DUNGS_p_TCGA_b84_115_SNP_N_GenomeWideSNP_6_B04_771540	13	38088330	39052811	701	0.0349
DUNGS_p_TCGA_b84_115_SNP_N_GenomeWideSNP_6_B04_771540	13	39057572	39058056	2	1.31
DUNGS_p_TCGA_b84_115_SNP_N_GenomeWideSNP_6_B04_771540	13	39065057	53076705	9216	0.0243
DUNGS_p_TCGA_b84_115_SNP_N_GenomeWideSNP_6_B04_771540	13	53079344	53105785	7	0.6005
DUNGS_p_TCGA_b84_115_SNP_N_GenomeWideSNP_6_B04_771540	13	53117879	56289613	1924	-0.0417
DUNGS_p_TCGA_b84_115_SNP_N_GenomeWideSNP_6_B04_771540	13	56290247	56293732	3	0.6719
DUNGS_p_TCGA_b84_115_SNP_N_GenomeWideSNP_6_B04_771540	13	56294299	56788514	248	0.0148
DUNGS_p_TCGA_b84_115_SNP_N_GenomeWideSNP_6_B04_771540	13	56789028	57713228	443	-0.2255
DUNGS_p_TCGA_b84_115_SNP_N_GenomeWideSNP_6_B04_771540	13	57713233	57749683	7	-0.6515
DUNGS_p_TCGA_b84_115_SNP_N_GenomeWideSNP_6_B04_771540	13	57749719	57766900	28	0.1253
DUNGS_p_TCGA_b84_115_SNP_N_GenomeWideSNP_6_B04_771540	13	57767183	58583350	429	-0.2043
DUNGS_p_TCGA_b84_115_SNP_N_GenomeWideSNP_6_B04_771540	13	58584790	58702174	80	0.1065
DUNGS_p_TCGA_b84_115_SNP_N_GenomeWideSNP_6_B04_771540	13	58707028	58960763	141	-0.2172
DUNGS_p_TCGA_b84_115_SNP_N_GenomeWideSNP_6_B04_771540	13	58965618	78474094	12662	0.0281
DUNGS_p_TCGA_b84_115_SNP_N_GenomeWideSNP_6_B04_771540	13	78475313	78475481	2	-1.3219
DUNGS_p_TCGA_b84_115_SNP_N_GenomeWideSNP_6_B04_771540	13	78475561	83788144	3422	0.0213
DUNGS_p_TCGA_b84_115_SNP_N_GenomeWideSNP_6_B04_771540	13	83788288	83792214	8	-0.9354
DUNGS_p_TCGA_b84_115_SNP_N_GenomeWideSNP_6_B04_771540	13	83792808	115108397	21459	0.0286
DUNGS_p_TCGA_b84_115_SNP_N_GenomeWideSNP_6_B04_771540	14	19002124	20426704	196	-0.2759
DUNGS_p_TCGA_b84_115_SNP_N_GenomeWideSNP_6_B04_771540	14	20426742	22590877	1523	0.0451
DUNGS_p_TCGA_b84_115_SNP_N_GenomeWideSNP_6_B04_771540	14	22590996	22592994	4	-0.3443
DUNGS_p_TCGA_b84_115_SNP_N_GenomeWideSNP_6_B04_771540	14	22594446	22791071	195	0.1677
DUNGS_p_TCGA_b84_115_SNP_N_GenomeWideSNP_6_B04_771540	14	22793143	22795174	5	-0.4499
DUNGS_p_TCGA_b84_115_SNP_N_GenomeWideSNP_6_B04_771540	14	22795572	23209022	327	0.2611
DUNGS_p_TCGA_b84_115_SNP_N_GenomeWideSNP_6_B04_771540	14	23212089	23229760	13	0.657
DUNGS_p_TCGA_b84_115_SNP_N_GenomeWideSNP_6_B04_771540	14	23229974	26783913	2306	0.2384
DUNGS_p_TCGA_b84_115_SNP_N_GenomeWideSNP_6_B04_771540	14	26783914	26783918	5	0.9267
DUNGS_p_TCGA_b84_115_SNP_N_GenomeWideSNP_6_B04_771540	14	26784913	35027042	5236	0.2426
DUNGS_p_TCGA_b84_115_SNP_N_GenomeWideSNP_6_B04_771540	14	35027127	35058816	25	-0.0533
DUNGS_p_TCGA_b84_115_SNP_N_GenomeWideSNP_6_B04_771540	14	35060998	38117508	1855	0.2337
DUNGS_p_TCGA_b84_115_SNP_N_GenomeWideSNP_6_B04_771540	14	38117984	38137567	9	-0.2913
DUNGS_p_TCGA_b84_115_SNP_N_GenomeWideSNP_6_B04_771540	14	38138176	41608358	2149	0.253
DUNGS_p_TCGA_b84_115_SNP_N_GenomeWideSNP_6_B04_771540	14	41610496	41657349	15	0.7393
DUNGS_p_TCGA_b84_115_SNP_N_GenomeWideSNP_6_B04_771540	14	41670102	48784772	4246	0.2537
DUNGS_p_TCGA_b84_115_SNP_N_GenomeWideSNP_6_B04_771540	14	48784801	48818687	19	-0.1375
DUNGS_p_TCGA_b84_115_SNP_N_GenomeWideSNP_6_B04_771540	14	48820897	51849171	1751	0.237
DUNGS_p_TCGA_b84_115_SNP_N_GenomeWideSNP_6_B04_771540	14	51849207	51850519	2	1.2068
DUNGS_p_TCGA_b84_115_SNP_N_GenomeWideSNP_6_B04_771540	14	51851633	73995774	14486	0.1661
DUNGS_p_TCGA_b84_115_SNP_N_GenomeWideSNP_6_B04_771540	14	74001123	74029900	10	-1.4179
DUNGS_p_TCGA_b84_115_SNP_N_GenomeWideSNP_6_B04_771540	14	74029915	74331409	147	-0.0173
DUNGS_p_TCGA_b84_115_SNP_N_GenomeWideSNP_6_B04_771540	14	74335608	74336339	2	-0.9949
DUNGS_p_TCGA_b84_115_SNP_N_GenomeWideSNP_6_B04_771540	14	74338549	79076952	3169	0.0108
DUNGS_p_TCGA_b84_115_SNP_N_GenomeWideSNP_6_B04_771540	14	79078824	79079959	4	-0.7339
DUNGS_p_TCGA_b84_115_SNP_N_GenomeWideSNP_6_B04_771540	14	79083576	88403450	6221	0.0127
DUNGS_p_TCGA_b84_115_SNP_N_GenomeWideSNP_6_B04_771540	14	88403756	88403774	2	1.0783
DUNGS_p_TCGA_b84_115_SNP_N_GenomeWideSNP_6_B04_771540	14	88403885	99274745	7699	0.0274
DUNGS_p_TCGA_b84_115_SNP_N_GenomeWideSNP_6_B04_771540	14	99276470	99276718	2	0.9776
DUNGS_p_TCGA_b84_115_SNP_N_GenomeWideSNP_6_B04_771540	14	99278386	102715656	2120	0.0347
DUNGS_p_TCGA_b84_115_SNP_N_GenomeWideSNP_6_B04_771540	14	102719695	102720628	2	-1.1333
DUNGS_p_TCGA_b84_115_SNP_N_GenomeWideSNP_6_B04_771540	14	102723593	106796228	1587	0.0301
DUNGS_p_TCGA_b84_115_SNP_N_GenomeWideSNP_6_B04_771540	14	106796697	106821736	9	-2.4854
DUNGS_p_TCGA_b84_115_SNP_N_GenomeWideSNP_6_B04_771540	14	106825916	107285437	304	0.0233
DUNGS_p_TCGA_b84_115_SNP_N_GenomeWideSNP_6_B04_771540	15	20016328	20246372	51	0.0222
DUNGS_p_TCGA_b84_115_SNP_N_GenomeWideSNP_6_B04_771540	15	20247155	20262236	2	-1.7633
DUNGS_p_TCGA_b84_115_SNP_N_GenomeWideSNP_6_B04_771540	15	20264286	21173886	214	0.0602
DUNGS_p_TCGA_b84_115_SNP_N_GenomeWideSNP_6_B04_771540	15	21186400	21276955	22	0.568
DUNGS_p_TCGA_b84_115_SNP_N_GenomeWideSNP_6_B04_771540	15	21284276	23253980	438	-0.0333
DUNGS_p_TCGA_b84_115_SNP_N_GenomeWideSNP_6_B04_771540	15	23266351	23459202	10	-0.7825
DUNGS_p_TCGA_b84_115_SNP_N_GenomeWideSNP_6_B04_771540	15	23478049	30913587	4478	-0.003
DUNGS_p_TCGA_b84_115_SNP_N_GenomeWideSNP_6_B04_771540	15	30920624	30930500	3	-1.253
DUNGS_p_TCGA_b84_115_SNP_N_GenomeWideSNP_6_B04_771540	15	30933522	47513253	10316	-0.0073
DUNGS_p_TCGA_b84_115_SNP_N_GenomeWideSNP_6_B04_771540	15	47518807	47519554	6	-1.0075
DUNGS_p_TCGA_b84_115_SNP_N_GenomeWideSNP_6_B04_771540	15	47525661	56790855	6057	-0.0075
DUNGS_p_TCGA_b84_115_SNP_N_GenomeWideSNP_6_B04_771540	15	56790880	56800977	21	-0.607
DUNGS_p_TCGA_b84_115_SNP_N_GenomeWideSNP_6_B04_771540	15	56801623	76860210	12765	-0.0096
DUNGS_p_TCGA_b84_115_SNP_N_GenomeWideSNP_6_B04_771540	15	76868227	76902179	27	0.5855
DUNGS_p_TCGA_b84_115_SNP_N_GenomeWideSNP_6_B04_771540	15	76902194	84540738	4436	-0.0036
DUNGS_p_TCGA_b84_115_SNP_N_GenomeWideSNP_6_B04_771540	15	84542885	84543550	5	-0.9944
DUNGS_p_TCGA_b84_115_SNP_N_GenomeWideSNP_6_B04_771540	15	84547277	84861346	182	0.0026
DUNGS_p_TCGA_b84_115_SNP_N_GenomeWideSNP_6_B04_771540	15	84861411	84915125	2	-1.3605
DUNGS_p_TCGA_b84_115_SNP_N_GenomeWideSNP_6_B04_771540	15	84915273	85052871	19	-0.0604
DUNGS_p_TCGA_b84_115_SNP_N_GenomeWideSNP_6_B04_771540	15	85053147	85084484	3	-0.9652
DUNGS_p_TCGA_b84_115_SNP_N_GenomeWideSNP_6_B04_771540	15	85085485	92805123	5694	-0.0055
DUNGS_p_TCGA_b84_115_SNP_N_GenomeWideSNP_6_B04_771540	15	92805289	92806450	21	-0.38
DUNGS_p_TCGA_b84_115_SNP_N_GenomeWideSNP_6_B04_771540	15	92806473	102469040	7337	0.0081
DUNGS_p_TCGA_b84_115_SNP_N_GenomeWideSNP_6_B04_771540	16	60777	2594038	879	0.0999
DUNGS_p_TCGA_b84_115_SNP_N_GenomeWideSNP_6_B04_771540	16	2621148	2639896	6	0.6959
DUNGS_p_TCGA_b84_115_SNP_N_GenomeWideSNP_6_B04_771540	16	2643308	3101639	167	0.0485
DUNGS_p_TCGA_b84_115_SNP_N_GenomeWideSNP_6_B04_771540	16	3102176	3123686	14	0.4177
DUNGS_p_TCGA_b84_115_SNP_N_GenomeWideSNP_6_B04_771540	16	3127653	5603241	1530	0.0361
DUNGS_p_TCGA_b84_115_SNP_N_GenomeWideSNP_6_B04_771540	16	5603247	5606184	16	-0.3324
DUNGS_p_TCGA_b84_115_SNP_N_GenomeWideSNP_6_B04_771540	16	5606197	5607890	18	0.1482
DUNGS_p_TCGA_b84_115_SNP_N_GenomeWideSNP_6_B04_771540	16	5608089	5608151	2	-1.5922
DUNGS_p_TCGA_b84_115_SNP_N_GenomeWideSNP_6_B04_771540	16	5608337	21746953	11969	0.0335
DUNGS_p_TCGA_b84_115_SNP_N_GenomeWideSNP_6_B04_771540	16	21761466	21947787	19	-0.3821
DUNGS_p_TCGA_b84_115_SNP_N_GenomeWideSNP_6_B04_771540	16	21948770	28631585	4379	0.0348
DUNGS_p_TCGA_b84_115_SNP_N_GenomeWideSNP_6_B04_771540	16	28632021	28649203	2	1.2869
DUNGS_p_TCGA_b84_115_SNP_N_GenomeWideSNP_6_B04_771540	16	28708199	32588622	1180	0.0398
DUNGS_p_TCGA_b84_115_SNP_N_GenomeWideSNP_6_B04_771540	16	32588901	32588909	5	0.9809
DUNGS_p_TCGA_b84_115_SNP_N_GenomeWideSNP_6_B04_771540	16	32609274	32640972	16	0.0468
DUNGS_p_TCGA_b84_115_SNP_N_GenomeWideSNP_6_B04_771540	16	32642429	32840338	22	-0.3713
DUNGS_p_TCGA_b84_115_SNP_N_GenomeWideSNP_6_B04_771540	16	32840397	70139542	15916	0.0209
DUNGS_p_TCGA_b84_115_SNP_N_GenomeWideSNP_6_B04_771540	16	70151527	70245925	20	-0.6912
DUNGS_p_TCGA_b84_115_SNP_N_GenomeWideSNP_6_B04_771540	16	70246333	74364849	2422	0.0249
DUNGS_p_TCGA_b84_115_SNP_N_GenomeWideSNP_6_B04_771540	16	74368691	74407379	11	-0.7047
DUNGS_p_TCGA_b84_115_SNP_N_GenomeWideSNP_6_B04_771540	16	74452036	78371608	3215	0.0258
DUNGS_p_TCGA_b84_115_SNP_N_GenomeWideSNP_6_B04_771540	16	78372440	78385001	18	0.8595
DUNGS_p_TCGA_b84_115_SNP_N_GenomeWideSNP_6_B04_771540	16	78385437	85952745	7845	0.0378
DUNGS_p_TCGA_b84_115_SNP_N_GenomeWideSNP_6_B04_771540	16	85952929	85953682	4	0.8275
DUNGS_p_TCGA_b84_115_SNP_N_GenomeWideSNP_6_B04_771540	16	85954287	88110422	1950	0.0298
DUNGS_p_TCGA_b84_115_SNP_N_GenomeWideSNP_6_B04_771540	16	88113663	88115391	4	-0.948
DUNGS_p_TCGA_b84_115_SNP_N_GenomeWideSNP_6_B04_771540	16	88116130	90287535	849	0.1512
DUNGS_p_TCGA_b84_115_SNP_N_GenomeWideSNP_6_B04_771540	17	526	15482515	10028	-0.222
DUNGS_p_TCGA_b84_115_SNP_N_GenomeWideSNP_6_B04_771540	17	15483621	15484871	2	-1.7318
DUNGS_p_TCGA_b84_115_SNP_N_GenomeWideSNP_6_B04_771540	17	15490100	15583977	26	-0.2047
DUNGS_p_TCGA_b84_115_SNP_N_GenomeWideSNP_6_B04_771540	17	15586150	15658895	18	-0.6042
DUNGS_p_TCGA_b84_115_SNP_N_GenomeWideSNP_6_B04_771540	17	15658979	16662914	446	-0.2161
DUNGS_p_TCGA_b84_115_SNP_N_GenomeWideSNP_6_B04_771540	17	16663051	16735532	9	0.3303
DUNGS_p_TCGA_b84_115_SNP_N_GenomeWideSNP_6_B04_771540	17	16738160	18355392	924	-0.2377
DUNGS_p_TCGA_b84_115_SNP_N_GenomeWideSNP_6_B04_771540	17	18358946	18453437	25	-1.3967
DUNGS_p_TCGA_b84_115_SNP_N_GenomeWideSNP_6_B04_771540	17	18459272	18874720	148	-0.2632
DUNGS_p_TCGA_b84_115_SNP_N_GenomeWideSNP_6_B04_771540	17	18876466	21336622	1079	0.014
DUNGS_p_TCGA_b84_115_SNP_N_GenomeWideSNP_6_B04_771540	17	21341312	21347949	3	-0.9303
DUNGS_p_TCGA_b84_115_SNP_N_GenomeWideSNP_6_B04_771540	17	21348488	33702927	5258	0.0396
DUNGS_p_TCGA_b84_115_SNP_N_GenomeWideSNP_6_B04_771540	17	33705189	33727127	9	0.5254
DUNGS_p_TCGA_b84_115_SNP_N_GenomeWideSNP_6_B04_771540	17	33727147	34436532	430	0.0216
DUNGS_p_TCGA_b84_115_SNP_N_GenomeWideSNP_6_B04_771540	17	34436708	34535651	40	0.4223
DUNGS_p_TCGA_b84_115_SNP_N_GenomeWideSNP_6_B04_771540	17	34543343	39421708	2543	0.0231
DUNGS_p_TCGA_b84_115_SNP_N_GenomeWideSNP_6_B04_771540	17	39423014	39430531	24	-0.7815
DUNGS_p_TCGA_b84_115_SNP_N_GenomeWideSNP_6_B04_771540	17	39432724	43574921	2163	0.0257
DUNGS_p_TCGA_b84_115_SNP_N_GenomeWideSNP_6_B04_771540	17	43586097	43688322	16	-0.4136
DUNGS_p_TCGA_b84_115_SNP_N_GenomeWideSNP_6_B04_771540	17	43693538	44165803	335	0.1623
DUNGS_p_TCGA_b84_115_SNP_N_GenomeWideSNP_6_B04_771540	17	44166270	44213204	35	-0.2484
DUNGS_p_TCGA_b84_115_SNP_N_GenomeWideSNP_6_B04_771540	17	44213712	44364170	89	0.1662
DUNGS_p_TCGA_b84_115_SNP_N_GenomeWideSNP_6_B04_771540	17	44394412	44394420	3	-1.1683
DUNGS_p_TCGA_b84_115_SNP_N_GenomeWideSNP_6_B04_771540	17	44401067	59854170	9198	0.0738
DUNGS_p_TCGA_b84_115_SNP_N_GenomeWideSNP_6_B04_771540	17	59855281	59863113	6	0.7297
DUNGS_p_TCGA_b84_115_SNP_N_GenomeWideSNP_6_B04_771540	17	59863615	65333386	3045	0.423
DUNGS_p_TCGA_b84_115_SNP_N_GenomeWideSNP_6_B04_771540	17	65340470	65345097	4	-0.2428
DUNGS_p_TCGA_b84_115_SNP_N_GenomeWideSNP_6_B04_771540	17	65345963	65441480	54	0.4007
DUNGS_p_TCGA_b84_115_SNP_N_GenomeWideSNP_6_B04_771540	17	65441493	65441917	2	1.6017
DUNGS_p_TCGA_b84_115_SNP_N_GenomeWideSNP_6_B04_771540	17	65444493	81049726	9374	0.4361
DUNGS_p_TCGA_b84_115_SNP_N_GenomeWideSNP_6_B04_771540	18	11543	15099162	10399	-0.0321
DUNGS_p_TCGA_b84_115_SNP_N_GenomeWideSNP_6_B04_771540	18	15102421	15249179	37	-0.3647
DUNGS_p_TCGA_b84_115_SNP_N_GenomeWideSNP_6_B04_771540	18	15272498	36960763	11610	-0.1091
DUNGS_p_TCGA_b84_115_SNP_N_GenomeWideSNP_6_B04_771540	18	36964398	36970991	7	-0.621
DUNGS_p_TCGA_b84_115_SNP_N_GenomeWideSNP_6_B04_771540	18	36976070	37920118	528	-0.0396
DUNGS_p_TCGA_b84_115_SNP_N_GenomeWideSNP_6_B04_771540	18	37924667	37927316	4	0.6406
DUNGS_p_TCGA_b84_115_SNP_N_GenomeWideSNP_6_B04_771540	18	37927373	38260448	282	-0.0372
DUNGS_p_TCGA_b84_115_SNP_N_GenomeWideSNP_6_B04_771540	18	38260470	38268024	17	0.4359
DUNGS_p_TCGA_b84_115_SNP_N_GenomeWideSNP_6_B04_771540	18	38269498	39375265	757	-0.0372
DUNGS_p_TCGA_b84_115_SNP_N_GenomeWideSNP_6_B04_771540	18	39377518	39558586	146	-0.2584
DUNGS_p_TCGA_b84_115_SNP_N_GenomeWideSNP_6_B04_771540	18	39559122	39593847	26	0.0239
DUNGS_p_TCGA_b84_115_SNP_N_GenomeWideSNP_6_B04_771540	18	39596367	41012939	903	-0.2151
DUNGS_p_TCGA_b84_115_SNP_N_GenomeWideSNP_6_B04_771540	18	41013160	41020098	5	0.4777
DUNGS_p_TCGA_b84_115_SNP_N_GenomeWideSNP_6_B04_771540	18	41021213	51266861	7148	-0.2187
DUNGS_p_TCGA_b84_115_SNP_N_GenomeWideSNP_6_B04_771540	18	51267097	51267392	6	0.6031
DUNGS_p_TCGA_b84_115_SNP_N_GenomeWideSNP_6_B04_771540	18	51268184	56391311	3263	-0.2222
DUNGS_p_TCGA_b84_115_SNP_N_GenomeWideSNP_6_B04_771540	18	56393793	56407088	3	-1.3173
DUNGS_p_TCGA_b84_115_SNP_N_GenomeWideSNP_6_B04_771540	18	56409002	69235461	9270	-0.2148
DUNGS_p_TCGA_b84_115_SNP_N_GenomeWideSNP_6_B04_771540	18	69238455	69238528	2	-1.5484
DUNGS_p_TCGA_b84_115_SNP_N_GenomeWideSNP_6_B04_771540	18	69242685	78015057	6453	-0.2102
DUNGS_p_TCGA_b84_115_SNP_N_GenomeWideSNP_6_B04_771540	19	90910	2385363	537	0.0647
DUNGS_p_TCGA_b84_115_SNP_N_GenomeWideSNP_6_B04_771540	19	2389784	2465171	26	0.3264
DUNGS_p_TCGA_b84_115_SNP_N_GenomeWideSNP_6_B04_771540	19	2465503	24456824	10681	0.0434
DUNGS_p_TCGA_b84_115_SNP_N_GenomeWideSNP_6_B04_771540	19	24456957	24464957	11	-0.5751
DUNGS_p_TCGA_b84_115_SNP_N_GenomeWideSNP_6_B04_771540	19	24487682	29839853	1382	0.0498
DUNGS_p_TCGA_b84_115_SNP_N_GenomeWideSNP_6_B04_771540	19	29845792	29849562	3	-0.9378
DUNGS_p_TCGA_b84_115_SNP_N_GenomeWideSNP_6_B04_771540	19	29850711	35855449	4201	0.0399
DUNGS_p_TCGA_b84_115_SNP_N_GenomeWideSNP_6_B04_771540	19	35856043	35861669	17	-0.4946
DUNGS_p_TCGA_b84_115_SNP_N_GenomeWideSNP_6_B04_771540	19	35861779	38005161	1053	0.0245
DUNGS_p_TCGA_b84_115_SNP_N_GenomeWideSNP_6_B04_771540	19	38011586	38017582	5	-0.7474
DUNGS_p_TCGA_b84_115_SNP_N_GenomeWideSNP_6_B04_771540	19	38027790	52131813	7062	0.0315
DUNGS_p_TCGA_b84_115_SNP_N_GenomeWideSNP_6_B04_771540	19	52142352	52148197	11	0.6199
DUNGS_p_TCGA_b84_115_SNP_N_GenomeWideSNP_6_B04_771540	19	52154905	54722275	1754	0.0208
DUNGS_p_TCGA_b84_115_SNP_N_GenomeWideSNP_6_B04_771540	19	54730202	54741319	17	-0.8782
DUNGS_p_TCGA_b84_115_SNP_N_GenomeWideSNP_6_B04_771540	19	54753340	54849399	39	0.2473
DUNGS_p_TCGA_b84_115_SNP_N_GenomeWideSNP_6_B04_771540	19	54849463	55252385	244	0.0353
DUNGS_p_TCGA_b84_115_SNP_N_GenomeWideSNP_6_B04_771540	19	55283843	55347342	29	-0.5316
DUNGS_p_TCGA_b84_115_SNP_N_GenomeWideSNP_6_B04_771540	19	55347674	55360538	4	-2.8041
DUNGS_p_TCGA_b84_115_SNP_N_GenomeWideSNP_6_B04_771540	19	55363524	55378699	14	-0.5311
DUNGS_p_TCGA_b84_115_SNP_N_GenomeWideSNP_6_B04_771540	19	55379455	56706514	757	0.0395
DUNGS_p_TCGA_b84_115_SNP_N_GenomeWideSNP_6_B04_771540	19	56709265	56732984	19	0.7057
DUNGS_p_TCGA_b84_115_SNP_N_GenomeWideSNP_6_B04_771540	19	56736372	59097854	1510	0.0592
DUNGS_p_TCGA_b84_115_SNP_N_GenomeWideSNP_6_B04_771540	20	61305	1560999	1207	-0.0381
DUNGS_p_TCGA_b84_115_SNP_N_GenomeWideSNP_6_B04_771540	20	1561580	1598336	44	1.0663
DUNGS_p_TCGA_b84_115_SNP_N_GenomeWideSNP_6_B04_771540	20	1599002	29428523	18829	-0.0326
DUNGS_p_TCGA_b84_115_SNP_N_GenomeWideSNP_6_B04_771540	20	29436802	29498271	18	-0.6546
DUNGS_p_TCGA_b84_115_SNP_N_GenomeWideSNP_6_B04_771540	20	29505830	62956153	22436	0.0733
DUNGS_p_TCGA_b84_115_SNP_N_GenomeWideSNP_6_B04_771540	21	10736871	11018107	78	-0.041
DUNGS_p_TCGA_b84_115_SNP_N_GenomeWideSNP_6_B04_771540	21	11039219	11175912	35	-0.5114
DUNGS_p_TCGA_b84_115_SNP_N_GenomeWideSNP_6_B04_771540	21	14345669	23651134	6362	-0.011
DUNGS_p_TCGA_b84_115_SNP_N_GenomeWideSNP_6_B04_771540	21	23655900	23664658	9	-1.1651
DUNGS_p_TCGA_b84_115_SNP_N_GenomeWideSNP_6_B04_771540	21	23666999	47969686	17827	-0.0063
DUNGS_p_TCGA_b84_115_SNP_N_GenomeWideSNP_6_B04_771540	21	47970581	48018141	48	0.2065
DUNGS_p_TCGA_b84_115_SNP_N_GenomeWideSNP_6_B04_771540	21	48018260	48096957	74	-0.055
DUNGS_p_TCGA_b84_115_SNP_N_GenomeWideSNP_6_B04_771540	22	16052528	19912123	1902	0.0594
DUNGS_p_TCGA_b84_115_SNP_N_GenomeWideSNP_6_B04_771540	22	19913383	19936604	19	-0.1805
DUNGS_p_TCGA_b84_115_SNP_N_GenomeWideSNP_6_B04_771540	22	19937533	20397856	230	0.2121
DUNGS_p_TCGA_b84_115_SNP_N_GenomeWideSNP_6_B04_771540	22	20470610	20499111	4	1.28
DUNGS_p_TCGA_b84_115_SNP_N_GenomeWideSNP_6_B04_771540	22	20662706	21269236	491	0.1291
DUNGS_p_TCGA_b84_115_SNP_N_GenomeWideSNP_6_B04_771540	22	21274983	21302320	54	-0.1684
DUNGS_p_TCGA_b84_115_SNP_N_GenomeWideSNP_6_B04_771540	22	21302362	21595178	159	0.1305
DUNGS_p_TCGA_b84_115_SNP_N_GenomeWideSNP_6_B04_771540	22	21607084	21726099	8	0.8322
DUNGS_p_TCGA_b84_115_SNP_N_GenomeWideSNP_6_B04_771540	22	21726510	24330218	1751	0.0968
DUNGS_p_TCGA_b84_115_SNP_N_GenomeWideSNP_6_B04_771540	22	24330269	24332933	4	-2.0604
DUNGS_p_TCGA_b84_115_SNP_N_GenomeWideSNP_6_B04_771540	22	24337307	24401529	23	0.7012
DUNGS_p_TCGA_b84_115_SNP_N_GenomeWideSNP_6_B04_771540	22	24402321	25088811	364	0.0645
DUNGS_p_TCGA_b84_115_SNP_N_GenomeWideSNP_6_B04_771540	22	25088846	25106411	25	0.4385
DUNGS_p_TCGA_b84_115_SNP_N_GenomeWideSNP_6_B04_771540	22	25110876	25736345	485	0.0545
DUNGS_p_TCGA_b84_115_SNP_N_GenomeWideSNP_6_B04_771540	22	25736672	25736676	4	0.7433
DUNGS_p_TCGA_b84_115_SNP_N_GenomeWideSNP_6_B04_771540	22	25736677	25752221	16	-0.0309
DUNGS_p_TCGA_b84_115_SNP_N_GenomeWideSNP_6_B04_771540	22	25752233	25773396	41	0.2826
DUNGS_p_TCGA_b84_115_SNP_N_GenomeWideSNP_6_B04_771540	22	25773418	25810971	48	0.0218
DUNGS_p_TCGA_b84_115_SNP_N_GenomeWideSNP_6_B04_771540	22	25826486	25835198	2	1.1093
DUNGS_p_TCGA_b84_115_SNP_N_GenomeWideSNP_6_B04_771540	22	25835457	51234455	17953	0.0431
DUNGS_p_TCGA_b84_115_SNP_N_GenomeWideSNP_6_B04_771540	X	168477	2666353	95	-0.4669
DUNGS_p_TCGA_b84_115_SNP_N_GenomeWideSNP_6_B04_771540	X	2703391	2714756	16	-0.0211
DUNGS_p_TCGA_b84_115_SNP_N_GenomeWideSNP_6_B04_771540	X	2714965	2719111	10	-0.7444
DUNGS_p_TCGA_b84_115_SNP_N_GenomeWideSNP_6_B04_771540	X	2720702	105446431	55452	-0.1198
DUNGS_p_TCGA_b84_115_SNP_N_GenomeWideSNP_6_B04_771540	X	105447865	106222998	356	0.2566
DUNGS_p_TCGA_b84_115_SNP_N_GenomeWideSNP_6_B04_771540	X	106223036	106228540	4	-0.6889
DUNGS_p_TCGA_b84_115_SNP_N_GenomeWideSNP_6_B04_771540	X	106233538	115137955	4919	0.2727
DUNGS_p_TCGA_b84_115_SNP_N_GenomeWideSNP_6_B04_771540	X	115138403	115150638	6	-1.0631
DUNGS_p_TCGA_b84_115_SNP_N_GenomeWideSNP_6_B04_771540	X	115156419	116311325	737	0.2907
DUNGS_p_TCGA_b84_115_SNP_N_GenomeWideSNP_6_B04_771540	X	116312866	118653672	1477	-0.1302
DUNGS_p_TCGA_b84_115_SNP_N_GenomeWideSNP_6_B04_771540	X	118654039	118959084	174	0.2442
DUNGS_p_TCGA_b84_115_SNP_N_GenomeWideSNP_6_B04_771540	X	118964460	119137675	102	-0.1861
DUNGS_p_TCGA_b84_115_SNP_N_GenomeWideSNP_6_B04_771540	X	119138050	128132528	5286	0.2793
DUNGS_p_TCGA_b84_115_SNP_N_GenomeWideSNP_6_B04_771540	X	128132697	128347294	123	-0.1469
DUNGS_p_TCGA_b84_115_SNP_N_GenomeWideSNP_6_B04_771540	X	128352267	154929498	15887	0.2808
DUNGS_p_TCGA_b84_115_SNP_N_GenomeWideSNP_6_B04_771540	X	154964055	155182354	18	-0.1916
DUNGS_p_TCGA_b84_115_SNP_N_GenomeWideSNP_6_B04_771540	Y	2650438	9371915	2460	-1.4488
DUNGS_p_TCGA_b84_115_SNP_N_GenomeWideSNP_6_B04_771540	Y	9372145	9387994	9	-2.17
DUNGS_p_TCGA_b84_115_SNP_N_GenomeWideSNP_6_B04_771540	Y	9388262	16095528	1332	-1.4654
DUNGS_p_TCGA_b84_115_SNP_N_GenomeWideSNP_6_B04_771540	Y	16095763	16171281	29	-1.0921
DUNGS_p_TCGA_b84_115_SNP_N_GenomeWideSNP_6_B04_771540	Y	16171712	16298311	92	-0.7763
DUNGS_p_TCGA_b84_115_SNP_N_GenomeWideSNP_6_B04_771540	Y	16299746	22243052	2916	-1.498
DUNGS_p_TCGA_b84_115_SNP_N_GenomeWideSNP_6_B04_771540	Y	22262565	22312733	7	-2.2727
DUNGS_p_TCGA_b84_115_SNP_N_GenomeWideSNP_6_B04_771540	Y	22466083	59018259	1790	-1.5776
