Sample	Chromosome	Start	End	Num_Probes	Segment_Mean
DUNGS_p_TCGA_b84_115_SNP_N_GenomeWideSNP_6_A08_771552	1	61735	16149915	8424	-0.0011
DUNGS_p_TCGA_b84_115_SNP_N_GenomeWideSNP_6_A08_771552	1	16153497	16153925	6	-0.7731
DUNGS_p_TCGA_b84_115_SNP_N_GenomeWideSNP_6_A08_771552	1	16154201	16869363	305	-0.0026
DUNGS_p_TCGA_b84_115_SNP_N_GenomeWideSNP_6_A08_771552	1	16871278	17210652	109	-0.3806
DUNGS_p_TCGA_b84_115_SNP_N_GenomeWideSNP_6_A08_771552	1	17212714	17262247	57	-0.6869
DUNGS_p_TCGA_b84_115_SNP_N_GenomeWideSNP_6_A08_771552	1	17276241	21743013	3023	-0.002
DUNGS_p_TCGA_b84_115_SNP_N_GenomeWideSNP_6_A08_771552	1	21743460	21794061	16	-0.3573
DUNGS_p_TCGA_b84_115_SNP_N_GenomeWideSNP_6_A08_771552	1	21797892	22320515	313	-0.0086
DUNGS_p_TCGA_b84_115_SNP_N_GenomeWideSNP_6_A08_771552	1	22323157	22338125	7	-1.1581
DUNGS_p_TCGA_b84_115_SNP_N_GenomeWideSNP_6_A08_771552	1	22342389	25583341	1916	-0.0196
DUNGS_p_TCGA_b84_115_SNP_N_GenomeWideSNP_6_A08_771552	1	25593128	25646946	27	0.2714
DUNGS_p_TCGA_b84_115_SNP_N_GenomeWideSNP_6_A08_771552	1	25646986	28504168	1224	-0.0278
DUNGS_p_TCGA_b84_115_SNP_N_GenomeWideSNP_6_A08_771552	1	28508518	28509805	2	-1.1806
DUNGS_p_TCGA_b84_115_SNP_N_GenomeWideSNP_6_A08_771552	1	28512505	46382895	10035	-0.0093
DUNGS_p_TCGA_b84_115_SNP_N_GenomeWideSNP_6_A08_771552	1	46383002	46383019	2	-0.9608
DUNGS_p_TCGA_b84_115_SNP_N_GenomeWideSNP_6_A08_771552	1	46386319	76050844	19595	0.0047
DUNGS_p_TCGA_b84_115_SNP_N_GenomeWideSNP_6_A08_771552	1	76054763	76054854	2	1.2584
DUNGS_p_TCGA_b84_115_SNP_N_GenomeWideSNP_6_A08_771552	1	76059509	104155643	18163	-0.0069
DUNGS_p_TCGA_b84_115_SNP_N_GenomeWideSNP_6_A08_771552	1	104155731	104268222	35	-0.6636
DUNGS_p_TCGA_b84_115_SNP_N_GenomeWideSNP_6_A08_771552	1	104303403	106021219	927	0.0242
DUNGS_p_TCGA_b84_115_SNP_N_GenomeWideSNP_6_A08_771552	1	106021381	106022375	10	0.5187
DUNGS_p_TCGA_b84_115_SNP_N_GenomeWideSNP_6_A08_771552	1	106024055	108729759	1944	0.0052
DUNGS_p_TCGA_b84_115_SNP_N_GenomeWideSNP_6_A08_771552	1	108734235	108737496	3	-1.0746
DUNGS_p_TCGA_b84_115_SNP_N_GenomeWideSNP_6_A08_771552	1	108739104	110227515	725	-0.0381
DUNGS_p_TCGA_b84_115_SNP_N_GenomeWideSNP_6_A08_771552	1	110232974	110240178	17	0.2908
DUNGS_p_TCGA_b84_115_SNP_N_GenomeWideSNP_6_A08_771552	1	110242953	112690326	1959	-0.0473
DUNGS_p_TCGA_b84_115_SNP_N_GenomeWideSNP_6_A08_771552	1	112695965	112706205	36	0.2767
DUNGS_p_TCGA_b84_115_SNP_N_GenomeWideSNP_6_A08_771552	1	112706213	113652648	609	-0.0131
DUNGS_p_TCGA_b84_115_SNP_N_GenomeWideSNP_6_A08_771552	1	113654647	113657538	4	0.6574
DUNGS_p_TCGA_b84_115_SNP_N_GenomeWideSNP_6_A08_771552	1	113658887	120118304	4121	-0.013
DUNGS_p_TCGA_b84_115_SNP_N_GenomeWideSNP_6_A08_771552	1	120121803	120121938	2	0.9471
DUNGS_p_TCGA_b84_115_SNP_N_GenomeWideSNP_6_A08_771552	1	120122143	145151728	650	-0.0079
DUNGS_p_TCGA_b84_115_SNP_N_GenomeWideSNP_6_A08_771552	1	145151959	145152757	5	1.1201
DUNGS_p_TCGA_b84_115_SNP_N_GenomeWideSNP_6_A08_771552	1	145156301	149242663	1093	-0.0021
DUNGS_p_TCGA_b84_115_SNP_N_GenomeWideSNP_6_A08_771552	1	149242725	149246030	9	0.6518
DUNGS_p_TCGA_b84_115_SNP_N_GenomeWideSNP_6_A08_771552	1	149246275	149545372	47	0.1462
DUNGS_p_TCGA_b84_115_SNP_N_GenomeWideSNP_6_A08_771552	1	149545386	149548726	3	1.0671
DUNGS_p_TCGA_b84_115_SNP_N_GenomeWideSNP_6_A08_771552	1	149578722	149692388	14	0.1392
DUNGS_p_TCGA_b84_115_SNP_N_GenomeWideSNP_6_A08_771552	1	149701234	152555527	1479	-0.0364
DUNGS_p_TCGA_b84_115_SNP_N_GenomeWideSNP_6_A08_771552	1	152555706	152560541	9	-1.6161
DUNGS_p_TCGA_b84_115_SNP_N_GenomeWideSNP_6_A08_771552	1	152560868	152579825	19	-2.4133
DUNGS_p_TCGA_b84_115_SNP_N_GenomeWideSNP_6_A08_771552	1	152585718	152586594	7	-1.5822
DUNGS_p_TCGA_b84_115_SNP_N_GenomeWideSNP_6_A08_771552	1	152590494	152759678	171	-0.0157
DUNGS_p_TCGA_b84_115_SNP_N_GenomeWideSNP_6_A08_771552	1	152761923	152773905	38	-0.274
DUNGS_p_TCGA_b84_115_SNP_N_GenomeWideSNP_6_A08_771552	1	152776755	158866573	3624	-0.014
DUNGS_p_TCGA_b84_115_SNP_N_GenomeWideSNP_6_A08_771552	1	158868501	158869759	2	-1.7769
DUNGS_p_TCGA_b84_115_SNP_N_GenomeWideSNP_6_A08_771552	1	158874818	162864623	2701	-0.0242
DUNGS_p_TCGA_b84_115_SNP_N_GenomeWideSNP_6_A08_771552	1	162866194	162867776	13	-0.9078
DUNGS_p_TCGA_b84_115_SNP_N_GenomeWideSNP_6_A08_771552	1	162872112	165835364	2421	0.0248
DUNGS_p_TCGA_b84_115_SNP_N_GenomeWideSNP_6_A08_771552	1	165835548	165835690	3	0.9205
DUNGS_p_TCGA_b84_115_SNP_N_GenomeWideSNP_6_A08_771552	1	165837978	174796556	6123	-0.0264
DUNGS_p_TCGA_b84_115_SNP_N_GenomeWideSNP_6_A08_771552	1	174796699	174801840	15	-0.7892
DUNGS_p_TCGA_b84_115_SNP_N_GenomeWideSNP_6_A08_771552	1	174801854	196714873	14675	0.0066
DUNGS_p_TCGA_b84_115_SNP_N_GenomeWideSNP_6_A08_771552	1	196727850	196801655	87	-0.4609
DUNGS_p_TCGA_b84_115_SNP_N_GenomeWideSNP_6_A08_771552	1	196801784	198481651	971	-0.0381
DUNGS_p_TCGA_b84_115_SNP_N_GenomeWideSNP_6_A08_771552	1	198481669	198482356	9	-0.448
DUNGS_p_TCGA_b84_115_SNP_N_GenomeWideSNP_6_A08_771552	1	198482733	219399794	14379	-0.0034
DUNGS_p_TCGA_b84_115_SNP_N_GenomeWideSNP_6_A08_771552	1	219402427	219402765	3	-1.073
DUNGS_p_TCGA_b84_115_SNP_N_GenomeWideSNP_6_A08_771552	1	219405066	223020504	2443	0.0037
DUNGS_p_TCGA_b84_115_SNP_N_GenomeWideSNP_6_A08_771552	1	223022923	223026717	4	-0.9956
DUNGS_p_TCGA_b84_115_SNP_N_GenomeWideSNP_6_A08_771552	1	223027548	240391740	12241	-0.0053
DUNGS_p_TCGA_b84_115_SNP_N_GenomeWideSNP_6_A08_771552	1	240394015	240394139	6	0.8118
DUNGS_p_TCGA_b84_115_SNP_N_GenomeWideSNP_6_A08_771552	1	240396105	248753216	5762	0.0181
DUNGS_p_TCGA_b84_115_SNP_N_GenomeWideSNP_6_A08_771552	1	248753364	248809109	33	0.2915
DUNGS_p_TCGA_b84_115_SNP_N_GenomeWideSNP_6_A08_771552	1	248809369	249224388	141	0.0667
DUNGS_p_TCGA_b84_115_SNP_N_GenomeWideSNP_6_A08_771552	2	12784	34691069	24134	0.0117
DUNGS_p_TCGA_b84_115_SNP_N_GenomeWideSNP_6_A08_771552	2	34699315	34737057	46	0.5206
DUNGS_p_TCGA_b84_115_SNP_N_GenomeWideSNP_6_A08_771552	2	34737163	40164781	3927	0.0051
DUNGS_p_TCGA_b84_115_SNP_N_GenomeWideSNP_6_A08_771552	2	40165002	40194456	26	-0.9027
DUNGS_p_TCGA_b84_115_SNP_N_GenomeWideSNP_6_A08_771552	2	40199620	49533042	6815	-0.0023
DUNGS_p_TCGA_b84_115_SNP_N_GenomeWideSNP_6_A08_771552	2	49535768	49537795	3	-1.2502
DUNGS_p_TCGA_b84_115_SNP_N_GenomeWideSNP_6_A08_771552	2	49538645	52741737	2283	0.0359
DUNGS_p_TCGA_b84_115_SNP_N_GenomeWideSNP_6_A08_771552	2	52743925	52781542	41	0.7831
DUNGS_p_TCGA_b84_115_SNP_N_GenomeWideSNP_6_A08_771552	2	52787949	59622482	4789	0.017
DUNGS_p_TCGA_b84_115_SNP_N_GenomeWideSNP_6_A08_771552	2	59626657	59627152	4	-0.7629
DUNGS_p_TCGA_b84_115_SNP_N_GenomeWideSNP_6_A08_771552	2	59638256	76844466	10785	-0.0032
DUNGS_p_TCGA_b84_115_SNP_N_GenomeWideSNP_6_A08_771552	2	76845173	76847586	6	-0.8084
DUNGS_p_TCGA_b84_115_SNP_N_GenomeWideSNP_6_A08_771552	2	76847626	77202705	263	0.0107
DUNGS_p_TCGA_b84_115_SNP_N_GenomeWideSNP_6_A08_771552	2	77205032	77208476	9	0.3623
DUNGS_p_TCGA_b84_115_SNP_N_GenomeWideSNP_6_A08_771552	2	77208742	97838130	8204	0.0174
DUNGS_p_TCGA_b84_115_SNP_N_GenomeWideSNP_6_A08_771552	2	97846329	97876806	20	-0.3601
DUNGS_p_TCGA_b84_115_SNP_N_GenomeWideSNP_6_A08_771552	2	97877001	97949121	11	0.0406
DUNGS_p_TCGA_b84_115_SNP_N_GenomeWideSNP_6_A08_771552	2	98013814	98262465	48	0.4526
DUNGS_p_TCGA_b84_115_SNP_N_GenomeWideSNP_6_A08_771552	2	98264691	106883229	5563	-0.0098
DUNGS_p_TCGA_b84_115_SNP_N_GenomeWideSNP_6_A08_771552	2	106883331	106885357	7	0.6987
DUNGS_p_TCGA_b84_115_SNP_N_GenomeWideSNP_6_A08_771552	2	106887255	108440290	994	0.024
DUNGS_p_TCGA_b84_115_SNP_N_GenomeWideSNP_6_A08_771552	2	108440736	108480907	3	0.7453
DUNGS_p_TCGA_b84_115_SNP_N_GenomeWideSNP_6_A08_771552	2	108492088	114362015	2850	-0.0128
DUNGS_p_TCGA_b84_115_SNP_N_GenomeWideSNP_6_A08_771552	2	114362414	114362416	2	-2.0245
DUNGS_p_TCGA_b84_115_SNP_N_GenomeWideSNP_6_A08_771552	2	114380821	126441311	7661	0.0331
DUNGS_p_TCGA_b84_115_SNP_N_GenomeWideSNP_6_A08_771552	2	126441368	126441752	3	-0.9356
DUNGS_p_TCGA_b84_115_SNP_N_GenomeWideSNP_6_A08_771552	2	126442000	146862085	12459	0.0134
DUNGS_p_TCGA_b84_115_SNP_N_GenomeWideSNP_6_A08_771552	2	146864404	146866934	24	0.6051
DUNGS_p_TCGA_b84_115_SNP_N_GenomeWideSNP_6_A08_771552	2	146877806	152434786	3294	0.0076
DUNGS_p_TCGA_b84_115_SNP_N_GenomeWideSNP_6_A08_771552	2	152434825	152465513	3	-0.9588
DUNGS_p_TCGA_b84_115_SNP_N_GenomeWideSNP_6_A08_771552	2	152466325	162277301	6039	-0.0036
DUNGS_p_TCGA_b84_115_SNP_N_GenomeWideSNP_6_A08_771552	2	162278238	162278659	2	-1.4163
DUNGS_p_TCGA_b84_115_SNP_N_GenomeWideSNP_6_A08_771552	2	162283063	184569070	13839	-0.0122
DUNGS_p_TCGA_b84_115_SNP_N_GenomeWideSNP_6_A08_771552	2	184571310	184571790	5	0.7658
DUNGS_p_TCGA_b84_115_SNP_N_GenomeWideSNP_6_A08_771552	2	184573775	184793800	144	0
DUNGS_p_TCGA_b84_115_SNP_N_GenomeWideSNP_6_A08_771552	2	184793851	184802303	16	-0.7548
DUNGS_p_TCGA_b84_115_SNP_N_GenomeWideSNP_6_A08_771552	2	184802315	208354955	13689	-0.0075
DUNGS_p_TCGA_b84_115_SNP_N_GenomeWideSNP_6_A08_771552	2	208355178	208359336	16	-1.131
DUNGS_p_TCGA_b84_115_SNP_N_GenomeWideSNP_6_A08_771552	2	208359476	237803366	19075	0.0053
DUNGS_p_TCGA_b84_115_SNP_N_GenomeWideSNP_6_A08_771552	2	237803533	237803934	4	-0.7788
DUNGS_p_TCGA_b84_115_SNP_N_GenomeWideSNP_6_A08_771552	2	237803982	243089456	3085	-0.0144
DUNGS_p_TCGA_b84_115_SNP_N_GenomeWideSNP_6_A08_771552	3	60345	1256380	1004	0.1131
DUNGS_p_TCGA_b84_115_SNP_N_GenomeWideSNP_6_A08_771552	3	1256760	1256852	3	-0.7237
DUNGS_p_TCGA_b84_115_SNP_N_GenomeWideSNP_6_A08_771552	3	1259479	1740624	503	0.1102
DUNGS_p_TCGA_b84_115_SNP_N_GenomeWideSNP_6_A08_771552	3	1741942	1745861	5	-0.6425
DUNGS_p_TCGA_b84_115_SNP_N_GenomeWideSNP_6_A08_771552	3	1745934	5534893	3349	0.0405
DUNGS_p_TCGA_b84_115_SNP_N_GenomeWideSNP_6_A08_771552	3	5535582	5539114	2	-1.043
DUNGS_p_TCGA_b84_115_SNP_N_GenomeWideSNP_6_A08_771552	3	5539588	11408063	4727	0.0229
DUNGS_p_TCGA_b84_115_SNP_N_GenomeWideSNP_6_A08_771552	3	11412604	11413400	4	-1.1698
DUNGS_p_TCGA_b84_115_SNP_N_GenomeWideSNP_6_A08_771552	3	11417265	20307790	5723	-0.0117
DUNGS_p_TCGA_b84_115_SNP_N_GenomeWideSNP_6_A08_771552	3	20313125	20316083	3	-0.7351
DUNGS_p_TCGA_b84_115_SNP_N_GenomeWideSNP_6_A08_771552	3	20328081	20632072	216	0.025
DUNGS_p_TCGA_b84_115_SNP_N_GenomeWideSNP_6_A08_771552	3	20634719	20642753	5	-0.9454
DUNGS_p_TCGA_b84_115_SNP_N_GenomeWideSNP_6_A08_771552	3	20645600	26434124	4414	0.0449
DUNGS_p_TCGA_b84_115_SNP_N_GenomeWideSNP_6_A08_771552	3	26434295	26439343	4	-1.1863
DUNGS_p_TCGA_b84_115_SNP_N_GenomeWideSNP_6_A08_771552	3	26445973	26611497	117	0.0564
DUNGS_p_TCGA_b84_115_SNP_N_GenomeWideSNP_6_A08_771552	3	26611607	26611885	6	-1.451
DUNGS_p_TCGA_b84_115_SNP_N_GenomeWideSNP_6_A08_771552	3	26611898	26614977	11	-0.2076
DUNGS_p_TCGA_b84_115_SNP_N_GenomeWideSNP_6_A08_771552	3	26614978	26614982	3	-1.0754
DUNGS_p_TCGA_b84_115_SNP_N_GenomeWideSNP_6_A08_771552	3	26614984	33046856	4461	-0.0097
DUNGS_p_TCGA_b84_115_SNP_N_GenomeWideSNP_6_A08_771552	3	33047350	33048821	2	-1.0388
DUNGS_p_TCGA_b84_115_SNP_N_GenomeWideSNP_6_A08_771552	3	33050701	65188453	20867	0.0116
DUNGS_p_TCGA_b84_115_SNP_N_GenomeWideSNP_6_A08_771552	3	65189235	65210452	53	-0.6256
DUNGS_p_TCGA_b84_115_SNP_N_GenomeWideSNP_6_A08_771552	3	65216349	68746164	2425	0.0047
DUNGS_p_TCGA_b84_115_SNP_N_GenomeWideSNP_6_A08_771552	3	68746259	68747413	14	-1.7853
DUNGS_p_TCGA_b84_115_SNP_N_GenomeWideSNP_6_A08_771552	3	68748758	98936963	15966	0.0176
DUNGS_p_TCGA_b84_115_SNP_N_GenomeWideSNP_6_A08_771552	3	98937784	98953761	45	0.2409
DUNGS_p_TCGA_b84_115_SNP_N_GenomeWideSNP_6_A08_771552	3	98964877	110024924	6617	-0.0063
DUNGS_p_TCGA_b84_115_SNP_N_GenomeWideSNP_6_A08_771552	3	110024947	110024964	2	-0.9544
DUNGS_p_TCGA_b84_115_SNP_N_GenomeWideSNP_6_A08_771552	3	110027465	128399221	11505	-0.0061
DUNGS_p_TCGA_b84_115_SNP_N_GenomeWideSNP_6_A08_771552	3	128405171	128411778	6	0.5865
DUNGS_p_TCGA_b84_115_SNP_N_GenomeWideSNP_6_A08_771552	3	128412331	129762859	626	-0.0078
DUNGS_p_TCGA_b84_115_SNP_N_GenomeWideSNP_6_A08_771552	3	129763698	129806236	52	0.5013
DUNGS_p_TCGA_b84_115_SNP_N_GenomeWideSNP_6_A08_771552	3	129806924	131989330	1444	-0.0131
DUNGS_p_TCGA_b84_115_SNP_N_GenomeWideSNP_6_A08_771552	3	131989347	131995684	5	-0.6414
DUNGS_p_TCGA_b84_115_SNP_N_GenomeWideSNP_6_A08_771552	3	132000477	140542539	5294	0.0192
DUNGS_p_TCGA_b84_115_SNP_N_GenomeWideSNP_6_A08_771552	3	140545701	140564075	7	0.3334
DUNGS_p_TCGA_b84_115_SNP_N_GenomeWideSNP_6_A08_771552	3	140565847	143285765	1632	-0.0109
DUNGS_p_TCGA_b84_115_SNP_N_GenomeWideSNP_6_A08_771552	3	143285800	143285974	4	0.7096
DUNGS_p_TCGA_b84_115_SNP_N_GenomeWideSNP_6_A08_771552	3	143286801	162512739	11924	0.0089
DUNGS_p_TCGA_b84_115_SNP_N_GenomeWideSNP_6_A08_771552	3	162513092	162626603	70	0.6329
DUNGS_p_TCGA_b84_115_SNP_N_GenomeWideSNP_6_A08_771552	3	162628614	172273355	5743	0.0095
DUNGS_p_TCGA_b84_115_SNP_N_GenomeWideSNP_6_A08_771552	3	172274516	172276979	6	-0.553
DUNGS_p_TCGA_b84_115_SNP_N_GenomeWideSNP_6_A08_771552	3	172278000	195285664	14966	0.0081
DUNGS_p_TCGA_b84_115_SNP_N_GenomeWideSNP_6_A08_771552	3	195285898	195446922	29	-0.5286
DUNGS_p_TCGA_b84_115_SNP_N_GenomeWideSNP_6_A08_771552	3	195455508	195661533	98	0.0016
DUNGS_p_TCGA_b84_115_SNP_N_GenomeWideSNP_6_A08_771552	3	195661550	195718765	8	-0.6498
DUNGS_p_TCGA_b84_115_SNP_N_GenomeWideSNP_6_A08_771552	3	195725304	196731775	496	-0.0292
DUNGS_p_TCGA_b84_115_SNP_N_GenomeWideSNP_6_A08_771552	3	196733950	196742290	7	-0.5426
DUNGS_p_TCGA_b84_115_SNP_N_GenomeWideSNP_6_A08_771552	3	196749408	197896118	584	0.0025
DUNGS_p_TCGA_b84_115_SNP_N_GenomeWideSNP_6_A08_771552	4	12281	9456977	5254	0.0119
DUNGS_p_TCGA_b84_115_SNP_N_GenomeWideSNP_6_A08_771552	4	9461230	9464972	3	-1.1969
DUNGS_p_TCGA_b84_115_SNP_N_GenomeWideSNP_6_A08_771552	4	9470734	9859897	170	-0.0028
DUNGS_p_TCGA_b84_115_SNP_N_GenomeWideSNP_6_A08_771552	4	9859901	9864227	3	-1.6353
DUNGS_p_TCGA_b84_115_SNP_N_GenomeWideSNP_6_A08_771552	4	9865042	10210390	379	0.0095
DUNGS_p_TCGA_b84_115_SNP_N_GenomeWideSNP_6_A08_771552	4	10214160	10231249	28	-1.8577
DUNGS_p_TCGA_b84_115_SNP_N_GenomeWideSNP_6_A08_771552	4	10231498	10235268	8	-0.7309
DUNGS_p_TCGA_b84_115_SNP_N_GenomeWideSNP_6_A08_771552	4	10236142	34779004	17004	0.0188
DUNGS_p_TCGA_b84_115_SNP_N_GenomeWideSNP_6_A08_771552	4	34779025	34829872	42	0.5967
DUNGS_p_TCGA_b84_115_SNP_N_GenomeWideSNP_6_A08_771552	4	34829913	36013793	776	0.0186
DUNGS_p_TCGA_b84_115_SNP_N_GenomeWideSNP_6_A08_771552	4	36014412	36015226	4	-0.731
DUNGS_p_TCGA_b84_115_SNP_N_GenomeWideSNP_6_A08_771552	4	36015518	63667834	15260	0.0154
DUNGS_p_TCGA_b84_115_SNP_N_GenomeWideSNP_6_A08_771552	4	63669936	63671662	8	-0.7481
DUNGS_p_TCGA_b84_115_SNP_N_GenomeWideSNP_6_A08_771552	4	63679630	64693940	556	0.0395
DUNGS_p_TCGA_b84_115_SNP_N_GenomeWideSNP_6_A08_771552	4	64697469	64708258	29	-0.4469
DUNGS_p_TCGA_b84_115_SNP_N_GenomeWideSNP_6_A08_771552	4	64716431	65824158	670	0.0231
DUNGS_p_TCGA_b84_115_SNP_N_GenomeWideSNP_6_A08_771552	4	65824252	65824270	2	-0.9778
DUNGS_p_TCGA_b84_115_SNP_N_GenomeWideSNP_6_A08_771552	4	65824313	69244434	2185	0.0154
DUNGS_p_TCGA_b84_115_SNP_N_GenomeWideSNP_6_A08_771552	4	69255070	69261064	7	0.5807
DUNGS_p_TCGA_b84_115_SNP_N_GenomeWideSNP_6_A08_771552	4	69282205	69288142	5	-1.339
DUNGS_p_TCGA_b84_115_SNP_N_GenomeWideSNP_6_A08_771552	4	69294799	69470134	71	-0.0945
DUNGS_p_TCGA_b84_115_SNP_N_GenomeWideSNP_6_A08_771552	4	69472878	69480923	3	-0.9772
DUNGS_p_TCGA_b84_115_SNP_N_GenomeWideSNP_6_A08_771552	4	69480937	79993822	6596	0.008
DUNGS_p_TCGA_b84_115_SNP_N_GenomeWideSNP_6_A08_771552	4	79994037	80000781	2	-1.363
DUNGS_p_TCGA_b84_115_SNP_N_GenomeWideSNP_6_A08_771552	4	80001710	90428170	6408	-0.0052
DUNGS_p_TCGA_b84_115_SNP_N_GenomeWideSNP_6_A08_771552	4	90428199	90428264	2	-1.4446
DUNGS_p_TCGA_b84_115_SNP_N_GenomeWideSNP_6_A08_771552	4	90428494	96247390	3346	0.0186
DUNGS_p_TCGA_b84_115_SNP_N_GenomeWideSNP_6_A08_771552	4	96247478	96247596	5	0.5772
DUNGS_p_TCGA_b84_115_SNP_N_GenomeWideSNP_6_A08_771552	4	96248616	104210201	4720	-0.01
DUNGS_p_TCGA_b84_115_SNP_N_GenomeWideSNP_6_A08_771552	4	104214709	104224171	15	0.4033
DUNGS_p_TCGA_b84_115_SNP_N_GenomeWideSNP_6_A08_771552	4	104228943	117912648	8391	0.0049
DUNGS_p_TCGA_b84_115_SNP_N_GenomeWideSNP_6_A08_771552	4	117913454	117922439	4	-0.8765
DUNGS_p_TCGA_b84_115_SNP_N_GenomeWideSNP_6_A08_771552	4	117924974	125459405	4431	0
DUNGS_p_TCGA_b84_115_SNP_N_GenomeWideSNP_6_A08_771552	4	125460351	125462935	3	-1.1772
DUNGS_p_TCGA_b84_115_SNP_N_GenomeWideSNP_6_A08_771552	4	125463025	137938365	7029	0.0295
DUNGS_p_TCGA_b84_115_SNP_N_GenomeWideSNP_6_A08_771552	4	137938478	137963517	43	0.2558
DUNGS_p_TCGA_b84_115_SNP_N_GenomeWideSNP_6_A08_771552	4	137963565	138092239	79	0.024
DUNGS_p_TCGA_b84_115_SNP_N_GenomeWideSNP_6_A08_771552	4	138092420	138111659	23	0.3069
DUNGS_p_TCGA_b84_115_SNP_N_GenomeWideSNP_6_A08_771552	4	138112562	152875666	8991	0.0011
DUNGS_p_TCGA_b84_115_SNP_N_GenomeWideSNP_6_A08_771552	4	152879009	152918226	43	-1.0315
DUNGS_p_TCGA_b84_115_SNP_N_GenomeWideSNP_6_A08_771552	4	152925129	156968180	2661	-0.0036
DUNGS_p_TCGA_b84_115_SNP_N_GenomeWideSNP_6_A08_771552	4	156968283	156968298	2	-1.1808
DUNGS_p_TCGA_b84_115_SNP_N_GenomeWideSNP_6_A08_771552	4	156968473	161880197	3084	0.0185
DUNGS_p_TCGA_b84_115_SNP_N_GenomeWideSNP_6_A08_771552	4	161880303	161884908	17	-0.7838
DUNGS_p_TCGA_b84_115_SNP_N_GenomeWideSNP_6_A08_771552	4	161884919	171267944	5991	0.0212
DUNGS_p_TCGA_b84_115_SNP_N_GenomeWideSNP_6_A08_771552	4	171268082	171273158	7	-0.618
DUNGS_p_TCGA_b84_115_SNP_N_GenomeWideSNP_6_A08_771552	4	171274014	172369346	685	0.0085
DUNGS_p_TCGA_b84_115_SNP_N_GenomeWideSNP_6_A08_771552	4	172374884	172377724	11	-1.3009
DUNGS_p_TCGA_b84_115_SNP_N_GenomeWideSNP_6_A08_771552	4	172377776	172987928	398	0.0335
DUNGS_p_TCGA_b84_115_SNP_N_GenomeWideSNP_6_A08_771552	4	172989148	172989533	12	0.6959
DUNGS_p_TCGA_b84_115_SNP_N_GenomeWideSNP_6_A08_771552	4	172995979	181130555	5126	0.021
DUNGS_p_TCGA_b84_115_SNP_N_GenomeWideSNP_6_A08_771552	4	181137071	181137134	2	-0.9984
DUNGS_p_TCGA_b84_115_SNP_N_GenomeWideSNP_6_A08_771552	4	181137180	181615887	422	0.0285
DUNGS_p_TCGA_b84_115_SNP_N_GenomeWideSNP_6_A08_771552	4	181618819	181620422	2	-1.0116
DUNGS_p_TCGA_b84_115_SNP_N_GenomeWideSNP_6_A08_771552	4	181622912	184627810	2240	0.0527
DUNGS_p_TCGA_b84_115_SNP_N_GenomeWideSNP_6_A08_771552	4	184631838	184632529	2	-0.8212
DUNGS_p_TCGA_b84_115_SNP_N_GenomeWideSNP_6_A08_771552	4	184634741	187089542	1737	0.0132
DUNGS_p_TCGA_b84_115_SNP_N_GenomeWideSNP_6_A08_771552	4	187093988	187097398	2	0.9898
DUNGS_p_TCGA_b84_115_SNP_N_GenomeWideSNP_6_A08_771552	4	187106870	191027923	2606	0.0863
DUNGS_p_TCGA_b84_115_SNP_N_GenomeWideSNP_6_A08_771552	5	15532	685748	307	0.0615
DUNGS_p_TCGA_b84_115_SNP_N_GenomeWideSNP_6_A08_771552	5	698371	818541	46	0.3604
DUNGS_p_TCGA_b84_115_SNP_N_GenomeWideSNP_6_A08_771552	5	818755	12800889	9881	0.0397
DUNGS_p_TCGA_b84_115_SNP_N_GenomeWideSNP_6_A08_771552	5	12815780	12826650	11	-1.8933
DUNGS_p_TCGA_b84_115_SNP_N_GenomeWideSNP_6_A08_771552	5	12833857	27524452	9110	0.0291
DUNGS_p_TCGA_b84_115_SNP_N_GenomeWideSNP_6_A08_771552	5	27525390	27526020	10	-0.4538
DUNGS_p_TCGA_b84_115_SNP_N_GenomeWideSNP_6_A08_771552	5	27527479	32102731	3024	0.021
DUNGS_p_TCGA_b84_115_SNP_N_GenomeWideSNP_6_A08_771552	5	32107084	32158455	40	0.6751
DUNGS_p_TCGA_b84_115_SNP_N_GenomeWideSNP_6_A08_771552	5	32170287	53873836	11147	0.0048
DUNGS_p_TCGA_b84_115_SNP_N_GenomeWideSNP_6_A08_771552	5	53873994	53874176	2	-0.9354
DUNGS_p_TCGA_b84_115_SNP_N_GenomeWideSNP_6_A08_771552	5	53875569	57321646	2349	-0.022
DUNGS_p_TCGA_b84_115_SNP_N_GenomeWideSNP_6_A08_771552	5	57326027	57333533	32	1.0977
DUNGS_p_TCGA_b84_115_SNP_N_GenomeWideSNP_6_A08_771552	5	57338357	62995775	3699	0.009
DUNGS_p_TCGA_b84_115_SNP_N_GenomeWideSNP_6_A08_771552	5	62995938	63036898	28	0.2447
DUNGS_p_TCGA_b84_115_SNP_N_GenomeWideSNP_6_A08_771552	5	63037232	68846303	3581	-0.0131
DUNGS_p_TCGA_b84_115_SNP_N_GenomeWideSNP_6_A08_771552	5	68867294	69118135	5	-1.1129
DUNGS_p_TCGA_b84_115_SNP_N_GenomeWideSNP_6_A08_771552	5	69233427	70307385	16	0.1411
DUNGS_p_TCGA_b84_115_SNP_N_GenomeWideSNP_6_A08_771552	5	70307407	98836572	16644	-0.0071
DUNGS_p_TCGA_b84_115_SNP_N_GenomeWideSNP_6_A08_771552	5	98839874	98840626	2	-1.0101
DUNGS_p_TCGA_b84_115_SNP_N_GenomeWideSNP_6_A08_771552	5	98844337	103729262	2853	0.0204
DUNGS_p_TCGA_b84_115_SNP_N_GenomeWideSNP_6_A08_771552	5	103735105	103767876	19	-0.8867
DUNGS_p_TCGA_b84_115_SNP_N_GenomeWideSNP_6_A08_771552	5	103771766	103851221	46	0.0653
DUNGS_p_TCGA_b84_115_SNP_N_GenomeWideSNP_6_A08_771552	5	103860373	103860604	4	-1.0077
DUNGS_p_TCGA_b84_115_SNP_N_GenomeWideSNP_6_A08_771552	5	103861049	103952681	91	0.0398
DUNGS_p_TCGA_b84_115_SNP_N_GenomeWideSNP_6_A08_771552	5	103954722	103955254	7	-0.5247
DUNGS_p_TCGA_b84_115_SNP_N_GenomeWideSNP_6_A08_771552	5	103961296	121129499	11776	0.0111
DUNGS_p_TCGA_b84_115_SNP_N_GenomeWideSNP_6_A08_771552	5	121132937	121135476	3	-1.1669
DUNGS_p_TCGA_b84_115_SNP_N_GenomeWideSNP_6_A08_771552	5	121136126	151511057	18949	0.0011
DUNGS_p_TCGA_b84_115_SNP_N_GenomeWideSNP_6_A08_771552	5	151511648	151518223	21	0.2647
DUNGS_p_TCGA_b84_115_SNP_N_GenomeWideSNP_6_A08_771552	5	151518300	151676033	123	-0.0033
DUNGS_p_TCGA_b84_115_SNP_N_GenomeWideSNP_6_A08_771552	5	151676560	151676890	4	-0.635
DUNGS_p_TCGA_b84_115_SNP_N_GenomeWideSNP_6_A08_771552	5	151677550	177114462	17382	0.0146
DUNGS_p_TCGA_b84_115_SNP_N_GenomeWideSNP_6_A08_771552	5	177132443	177259415	17	-0.4169
DUNGS_p_TCGA_b84_115_SNP_N_GenomeWideSNP_6_A08_771552	5	177260330	180374523	1812	-0.0024
DUNGS_p_TCGA_b84_115_SNP_N_GenomeWideSNP_6_A08_771552	5	180378710	180418103	19	-2.1359
DUNGS_p_TCGA_b84_115_SNP_N_GenomeWideSNP_6_A08_771552	5	180433225	180790320	171	0.028
DUNGS_p_TCGA_b84_115_SNP_N_GenomeWideSNP_6_A08_771552	6	149661	254283	101	0.0697
DUNGS_p_TCGA_b84_115_SNP_N_GenomeWideSNP_6_A08_771552	6	257353	303121	26	-0.6697
DUNGS_p_TCGA_b84_115_SNP_N_GenomeWideSNP_6_A08_771552	6	314962	15855428	12275	-5e-04
DUNGS_p_TCGA_b84_115_SNP_N_GenomeWideSNP_6_A08_771552	6	15856619	15857131	2	-1.1078
DUNGS_p_TCGA_b84_115_SNP_N_GenomeWideSNP_6_A08_771552	6	15857249	29837188	9364	-0.0089
DUNGS_p_TCGA_b84_115_SNP_N_GenomeWideSNP_6_A08_771552	6	29837314	29849267	14	-1.1174
DUNGS_p_TCGA_b84_115_SNP_N_GenomeWideSNP_6_A08_771552	6	29850196	31280823	674	-0.047
DUNGS_p_TCGA_b84_115_SNP_N_GenomeWideSNP_6_A08_771552	6	31286276	31295953	8	0.955
DUNGS_p_TCGA_b84_115_SNP_N_GenomeWideSNP_6_A08_771552	6	31295987	32581889	555	-0.0899
DUNGS_p_TCGA_b84_115_SNP_N_GenomeWideSNP_6_A08_771552	6	32582203	32622194	18	0.2657
DUNGS_p_TCGA_b84_115_SNP_N_GenomeWideSNP_6_A08_771552	6	32624304	32626618	6	-1.0298
DUNGS_p_TCGA_b84_115_SNP_N_GenomeWideSNP_6_A08_771552	6	32650612	32690027	45	-0.1241
DUNGS_p_TCGA_b84_115_SNP_N_GenomeWideSNP_6_A08_771552	6	32690797	32692227	4	-0.6199
DUNGS_p_TCGA_b84_115_SNP_N_GenomeWideSNP_6_A08_771552	6	32700684	40302701	4869	-0.0193
DUNGS_p_TCGA_b84_115_SNP_N_GenomeWideSNP_6_A08_771552	6	40303336	40304703	3	-0.6035
DUNGS_p_TCGA_b84_115_SNP_N_GenomeWideSNP_6_A08_771552	6	40305093	77436532	21154	0.0073
DUNGS_p_TCGA_b84_115_SNP_N_GenomeWideSNP_6_A08_771552	6	77439868	77452673	19	-0.4896
DUNGS_p_TCGA_b84_115_SNP_N_GenomeWideSNP_6_A08_771552	6	77452689	78962889	982	0.0316
DUNGS_p_TCGA_b84_115_SNP_N_GenomeWideSNP_6_A08_771552	6	78969065	79035185	113	0.385
DUNGS_p_TCGA_b84_115_SNP_N_GenomeWideSNP_6_A08_771552	6	79039234	103738224	15509	0.0127
DUNGS_p_TCGA_b84_115_SNP_N_GenomeWideSNP_6_A08_771552	6	103738289	103752027	20	-0.3537
DUNGS_p_TCGA_b84_115_SNP_N_GenomeWideSNP_6_A08_771552	6	103752042	132994028	18230	-0.008
DUNGS_p_TCGA_b84_115_SNP_N_GenomeWideSNP_6_A08_771552	6	132995177	132995374	2	-1.3631
DUNGS_p_TCGA_b84_115_SNP_N_GenomeWideSNP_6_A08_771552	6	132996098	134256975	896	-0.0118
DUNGS_p_TCGA_b84_115_SNP_N_GenomeWideSNP_6_A08_771552	6	134257446	134272072	7	-0.5011
DUNGS_p_TCGA_b84_115_SNP_N_GenomeWideSNP_6_A08_771552	6	134278046	139601031	3696	-0.0307
DUNGS_p_TCGA_b84_115_SNP_N_GenomeWideSNP_6_A08_771552	6	139605327	139605757	2	-1.1167
DUNGS_p_TCGA_b84_115_SNP_N_GenomeWideSNP_6_A08_771552	6	139608603	147405624	4748	-0.0188
DUNGS_p_TCGA_b84_115_SNP_N_GenomeWideSNP_6_A08_771552	6	147408126	147408639	2	-0.9231
DUNGS_p_TCGA_b84_115_SNP_N_GenomeWideSNP_6_A08_771552	6	147408980	153957370	4755	0.0015
DUNGS_p_TCGA_b84_115_SNP_N_GenomeWideSNP_6_A08_771552	6	153960786	153965759	5	0.576
DUNGS_p_TCGA_b84_115_SNP_N_GenomeWideSNP_6_A08_771552	6	153967643	167607596	9843	0.0107
DUNGS_p_TCGA_b84_115_SNP_N_GenomeWideSNP_6_A08_771552	6	167608015	167613263	3	-0.924
DUNGS_p_TCGA_b84_115_SNP_N_GenomeWideSNP_6_A08_771552	6	167614104	171051005	2123	0.0634
DUNGS_p_TCGA_b84_115_SNP_N_GenomeWideSNP_6_A08_771552	7	43355	6928701	3471	0.0165
DUNGS_p_TCGA_b84_115_SNP_N_GenomeWideSNP_6_A08_771552	7	6929662	6940002	4	-0.8453
DUNGS_p_TCGA_b84_115_SNP_N_GenomeWideSNP_6_A08_771552	7	6941280	22434780	12645	0.0114
DUNGS_p_TCGA_b84_115_SNP_N_GenomeWideSNP_6_A08_771552	7	22435472	22436487	2	1.5987
DUNGS_p_TCGA_b84_115_SNP_N_GenomeWideSNP_6_A08_771552	7	22438754	26132290	2770	-0.0087
DUNGS_p_TCGA_b84_115_SNP_N_GenomeWideSNP_6_A08_771552	7	26142392	26145413	4	-0.8109
DUNGS_p_TCGA_b84_115_SNP_N_GenomeWideSNP_6_A08_771552	7	26147219	37185768	7738	0.0023
DUNGS_p_TCGA_b84_115_SNP_N_GenomeWideSNP_6_A08_771552	7	37185869	37192237	7	0.5347
DUNGS_p_TCGA_b84_115_SNP_N_GenomeWideSNP_6_A08_771552	7	37194792	54380373	11971	0.0181
DUNGS_p_TCGA_b84_115_SNP_N_GenomeWideSNP_6_A08_771552	7	54386505	54386512	4	-1.0162
DUNGS_p_TCGA_b84_115_SNP_N_GenomeWideSNP_6_A08_771552	7	54386514	86932765	15555	0.0281
DUNGS_p_TCGA_b84_115_SNP_N_GenomeWideSNP_6_A08_771552	7	86940803	86946888	3	-0.8654
DUNGS_p_TCGA_b84_115_SNP_N_GenomeWideSNP_6_A08_771552	7	86948227	97401932	6630	0.0129
DUNGS_p_TCGA_b84_115_SNP_N_GenomeWideSNP_6_A08_771552	7	97401959	97402475	7	-0.8121
DUNGS_p_TCGA_b84_115_SNP_N_GenomeWideSNP_6_A08_771552	7	97404240	109433798	6640	-0.0031
DUNGS_p_TCGA_b84_115_SNP_N_GenomeWideSNP_6_A08_771552	7	109437092	109437669	9	0.5647
DUNGS_p_TCGA_b84_115_SNP_N_GenomeWideSNP_6_A08_771552	7	109437673	109441212	15	0.1533
DUNGS_p_TCGA_b84_115_SNP_N_GenomeWideSNP_6_A08_771552	7	109441244	109453910	11	0.6272
DUNGS_p_TCGA_b84_115_SNP_N_GenomeWideSNP_6_A08_771552	7	109453982	133785177	14768	0.0071
DUNGS_p_TCGA_b84_115_SNP_N_GenomeWideSNP_6_A08_771552	7	133785195	133795634	26	0.64
DUNGS_p_TCGA_b84_115_SNP_N_GenomeWideSNP_6_A08_771552	7	133795665	141769643	5215	-0.0079
DUNGS_p_TCGA_b84_115_SNP_N_GenomeWideSNP_6_A08_771552	7	141769680	141787310	28	0.2763
DUNGS_p_TCGA_b84_115_SNP_N_GenomeWideSNP_6_A08_771552	7	141787362	142044929	204	0.0036
DUNGS_p_TCGA_b84_115_SNP_N_GenomeWideSNP_6_A08_771552	7	142047109	142047396	5	0.6459
DUNGS_p_TCGA_b84_115_SNP_N_GenomeWideSNP_6_A08_771552	7	142047648	142476719	256	-0.055
DUNGS_p_TCGA_b84_115_SNP_N_GenomeWideSNP_6_A08_771552	7	142476764	142486045	26	0.5199
DUNGS_p_TCGA_b84_115_SNP_N_GenomeWideSNP_6_A08_771552	7	142486115	142822210	240	-0.0232
DUNGS_p_TCGA_b84_115_SNP_N_GenomeWideSNP_6_A08_771552	7	142827954	142891721	33	-0.9213
DUNGS_p_TCGA_b84_115_SNP_N_GenomeWideSNP_6_A08_771552	7	142897770	143218858	196	-0.0073
DUNGS_p_TCGA_b84_115_SNP_N_GenomeWideSNP_6_A08_771552	7	143218968	143522663	84	0.1873
DUNGS_p_TCGA_b84_115_SNP_N_GenomeWideSNP_6_A08_771552	7	143523208	143909445	290	-0.0061
DUNGS_p_TCGA_b84_115_SNP_N_GenomeWideSNP_6_A08_771552	7	143911624	144049301	35	-0.4672
DUNGS_p_TCGA_b84_115_SNP_N_GenomeWideSNP_6_A08_771552	7	144049379	149957071	3656	0.0105
DUNGS_p_TCGA_b84_115_SNP_N_GenomeWideSNP_6_A08_771552	7	149964375	149988107	5	0.6803
DUNGS_p_TCGA_b84_115_SNP_N_GenomeWideSNP_6_A08_771552	7	149992098	154389895	2797	0.0174
DUNGS_p_TCGA_b84_115_SNP_N_GenomeWideSNP_6_A08_771552	7	154393171	154399613	4	-2.4758
DUNGS_p_TCGA_b84_115_SNP_N_GenomeWideSNP_6_A08_771552	7	154400830	158117595	2606	0.0307
DUNGS_p_TCGA_b84_115_SNP_N_GenomeWideSNP_6_A08_771552	7	158128588	158132165	2	1.3553
DUNGS_p_TCGA_b84_115_SNP_N_GenomeWideSNP_6_A08_771552	7	158136986	159127004	639	0.0838
DUNGS_p_TCGA_b84_115_SNP_N_GenomeWideSNP_6_A08_771552	8	31254	4188434	4251	0.0658
DUNGS_p_TCGA_b84_115_SNP_N_GenomeWideSNP_6_A08_771552	8	4188511	4190180	6	0.6923
DUNGS_p_TCGA_b84_115_SNP_N_GenomeWideSNP_6_A08_771552	8	4190312	6826263	3471	0.0657
DUNGS_p_TCGA_b84_115_SNP_N_GenomeWideSNP_6_A08_771552	8	6826290	6876142	19	-0.6625
DUNGS_p_TCGA_b84_115_SNP_N_GenomeWideSNP_6_A08_771552	8	6878188	7171097	90	0.0324
DUNGS_p_TCGA_b84_115_SNP_N_GenomeWideSNP_6_A08_771552	8	7186632	7186646	2	2.1319
DUNGS_p_TCGA_b84_115_SNP_N_GenomeWideSNP_6_A08_771552	8	7193821	7254328	28	0.1939
DUNGS_p_TCGA_b84_115_SNP_N_GenomeWideSNP_6_A08_771552	8	7254341	8287045	397	-0.0835
DUNGS_p_TCGA_b84_115_SNP_N_GenomeWideSNP_6_A08_771552	8	8287056	8291357	5	-0.8374
DUNGS_p_TCGA_b84_115_SNP_N_GenomeWideSNP_6_A08_771552	8	8291745	9315807	1026	0.0198
DUNGS_p_TCGA_b84_115_SNP_N_GenomeWideSNP_6_A08_771552	8	9318315	9318404	2	-1.2257
DUNGS_p_TCGA_b84_115_SNP_N_GenomeWideSNP_6_A08_771552	8	9318705	12234400	2037	0.02
DUNGS_p_TCGA_b84_115_SNP_N_GenomeWideSNP_6_A08_771552	8	12239835	12277278	43	-0.3902
DUNGS_p_TCGA_b84_115_SNP_N_GenomeWideSNP_6_A08_771552	8	12281121	13654756	1180	0.0396
DUNGS_p_TCGA_b84_115_SNP_N_GenomeWideSNP_6_A08_771552	8	13655402	13655709	4	-0.8442
DUNGS_p_TCGA_b84_115_SNP_N_GenomeWideSNP_6_A08_771552	8	13656961	14509568	829	-0.0017
DUNGS_p_TCGA_b84_115_SNP_N_GenomeWideSNP_6_A08_771552	8	14510032	14510476	6	0.6504
DUNGS_p_TCGA_b84_115_SNP_N_GenomeWideSNP_6_A08_771552	8	14510492	14577600	75	0.0148
DUNGS_p_TCGA_b84_115_SNP_N_GenomeWideSNP_6_A08_771552	8	14577611	14578709	8	-1.0126
DUNGS_p_TCGA_b84_115_SNP_N_GenomeWideSNP_6_A08_771552	8	14578805	24979554	8400	0.0166
DUNGS_p_TCGA_b84_115_SNP_N_GenomeWideSNP_6_A08_771552	8	24979904	24979987	7	-1.4691
DUNGS_p_TCGA_b84_115_SNP_N_GenomeWideSNP_6_A08_771552	8	24984069	25410206	324	0.0061
DUNGS_p_TCGA_b84_115_SNP_N_GenomeWideSNP_6_A08_771552	8	25415204	25415269	2	-1.2447
DUNGS_p_TCGA_b84_115_SNP_N_GenomeWideSNP_6_A08_771552	8	25415450	39226349	8726	0.0107
DUNGS_p_TCGA_b84_115_SNP_N_GenomeWideSNP_6_A08_771552	8	39230183	39386965	62	-0.2368
DUNGS_p_TCGA_b84_115_SNP_N_GenomeWideSNP_6_A08_771552	8	39388299	51032011	4598	0.0306
DUNGS_p_TCGA_b84_115_SNP_N_GenomeWideSNP_6_A08_771552	8	51032024	51033423	8	0.598
DUNGS_p_TCGA_b84_115_SNP_N_GenomeWideSNP_6_A08_771552	8	51038578	61002858	6557	0.019
DUNGS_p_TCGA_b84_115_SNP_N_GenomeWideSNP_6_A08_771552	8	61002964	61007734	21	0.2744
DUNGS_p_TCGA_b84_115_SNP_N_GenomeWideSNP_6_A08_771552	8	61007748	64848636	2489	0.0124
DUNGS_p_TCGA_b84_115_SNP_N_GenomeWideSNP_6_A08_771552	8	64848897	64849118	6	0.7319
DUNGS_p_TCGA_b84_115_SNP_N_GenomeWideSNP_6_A08_771552	8	64849510	68547459	1879	0.0114
DUNGS_p_TCGA_b84_115_SNP_N_GenomeWideSNP_6_A08_771552	8	68547527	68549421	24	0.3095
DUNGS_p_TCGA_b84_115_SNP_N_GenomeWideSNP_6_A08_771552	8	68549777	68939874	299	4e-04
DUNGS_p_TCGA_b84_115_SNP_N_GenomeWideSNP_6_A08_771552	8	68940822	68949568	3	-0.7958
DUNGS_p_TCGA_b84_115_SNP_N_GenomeWideSNP_6_A08_771552	8	68949670	72212365	2045	0.0176
DUNGS_p_TCGA_b84_115_SNP_N_GenomeWideSNP_6_A08_771552	8	72215311	72216599	9	-0.5543
DUNGS_p_TCGA_b84_115_SNP_N_GenomeWideSNP_6_A08_771552	8	72219863	112294466	24153	0.0104
DUNGS_p_TCGA_b84_115_SNP_N_GenomeWideSNP_6_A08_771552	8	112294646	112295260	7	-1.4597
DUNGS_p_TCGA_b84_115_SNP_N_GenomeWideSNP_6_A08_771552	8	112300281	115632043	1830	0.0191
DUNGS_p_TCGA_b84_115_SNP_N_GenomeWideSNP_6_A08_771552	8	115634487	115641483	30	-0.5014
DUNGS_p_TCGA_b84_115_SNP_N_GenomeWideSNP_6_A08_771552	8	115641517	129756266	9826	-0.0098
DUNGS_p_TCGA_b84_115_SNP_N_GenomeWideSNP_6_A08_771552	8	129763135	129764085	2	0.9326
DUNGS_p_TCGA_b84_115_SNP_N_GenomeWideSNP_6_A08_771552	8	129777454	136432487	5155	-0.003
DUNGS_p_TCGA_b84_115_SNP_N_GenomeWideSNP_6_A08_771552	8	136432631	136436278	3	-0.6259
DUNGS_p_TCGA_b84_115_SNP_N_GenomeWideSNP_6_A08_771552	8	136437975	146298155	6113	0.034
DUNGS_p_TCGA_b84_115_SNP_N_GenomeWideSNP_6_A08_771552	9	46587	2481455	2700	0.0385
DUNGS_p_TCGA_b84_115_SNP_N_GenomeWideSNP_6_A08_771552	9	2481651	2481683	2	-0.9457
DUNGS_p_TCGA_b84_115_SNP_N_GenomeWideSNP_6_A08_771552	9	2483527	4127906	1553	0.0022
DUNGS_p_TCGA_b84_115_SNP_N_GenomeWideSNP_6_A08_771552	9	4128024	4128256	2	0.8953
DUNGS_p_TCGA_b84_115_SNP_N_GenomeWideSNP_6_A08_771552	9	4128480	5081416	1002	-0.0015
DUNGS_p_TCGA_b84_115_SNP_N_GenomeWideSNP_6_A08_771552	9	5081528	5081766	7	-0.7129
DUNGS_p_TCGA_b84_115_SNP_N_GenomeWideSNP_6_A08_771552	9	5081852	5302749	177	-0.0267
DUNGS_p_TCGA_b84_115_SNP_N_GenomeWideSNP_6_A08_771552	9	5311567	5337707	13	-1.0356
DUNGS_p_TCGA_b84_115_SNP_N_GenomeWideSNP_6_A08_771552	9	5340984	5586956	215	-0.0483
DUNGS_p_TCGA_b84_115_SNP_N_GenomeWideSNP_6_A08_771552	9	5591850	5592739	3	-0.8393
DUNGS_p_TCGA_b84_115_SNP_N_GenomeWideSNP_6_A08_771552	9	5595841	22920820	14519	0.0275
DUNGS_p_TCGA_b84_115_SNP_N_GenomeWideSNP_6_A08_771552	9	22924982	22925244	3	-1.1001
DUNGS_p_TCGA_b84_115_SNP_N_GenomeWideSNP_6_A08_771552	9	22929988	24503816	1093	0.0305
DUNGS_p_TCGA_b84_115_SNP_N_GenomeWideSNP_6_A08_771552	9	24504125	24517682	19	-0.9094
DUNGS_p_TCGA_b84_115_SNP_N_GenomeWideSNP_6_A08_771552	9	24519684	26608592	1528	0.0346
DUNGS_p_TCGA_b84_115_SNP_N_GenomeWideSNP_6_A08_771552	9	26608724	26610116	3	0.8234
DUNGS_p_TCGA_b84_115_SNP_N_GenomeWideSNP_6_A08_771552	9	26617163	41733631	8547	0.0088
DUNGS_p_TCGA_b84_115_SNP_N_GenomeWideSNP_6_A08_771552	9	41842529	43790346	73	0.2405
DUNGS_p_TCGA_b84_115_SNP_N_GenomeWideSNP_6_A08_771552	9	43800186	68183981	241	-0.0529
DUNGS_p_TCGA_b84_115_SNP_N_GenomeWideSNP_6_A08_771552	9	68186051	68186056	3	-0.9063
DUNGS_p_TCGA_b84_115_SNP_N_GenomeWideSNP_6_A08_771552	9	68186057	69505946	128	-0.016
DUNGS_p_TCGA_b84_115_SNP_N_GenomeWideSNP_6_A08_771552	9	69507716	69515572	6	0.5644
DUNGS_p_TCGA_b84_115_SNP_N_GenomeWideSNP_6_A08_771552	9	69519629	76165166	3889	0.0014
DUNGS_p_TCGA_b84_115_SNP_N_GenomeWideSNP_6_A08_771552	9	76165394	76170389	4	-0.6783
DUNGS_p_TCGA_b84_115_SNP_N_GenomeWideSNP_6_A08_771552	9	76173939	102269427	18201	0.0031
DUNGS_p_TCGA_b84_115_SNP_N_GenomeWideSNP_6_A08_771552	9	102269482	102271662	2	-1.0589
DUNGS_p_TCGA_b84_115_SNP_N_GenomeWideSNP_6_A08_771552	9	102272161	117756645	11449	0.0162
DUNGS_p_TCGA_b84_115_SNP_N_GenomeWideSNP_6_A08_771552	9	117756793	117756853	2	-0.9003
DUNGS_p_TCGA_b84_115_SNP_N_GenomeWideSNP_6_A08_771552	9	117756998	119530032	1390	0.0293
DUNGS_p_TCGA_b84_115_SNP_N_GenomeWideSNP_6_A08_771552	9	119530048	119530563	4	-0.5838
DUNGS_p_TCGA_b84_115_SNP_N_GenomeWideSNP_6_A08_771552	9	119530586	136657451	11191	-0.0021
DUNGS_p_TCGA_b84_115_SNP_N_GenomeWideSNP_6_A08_771552	9	136657606	136657610	2	-1.7147
DUNGS_p_TCGA_b84_115_SNP_N_GenomeWideSNP_6_A08_771552	9	136665308	140255833	1620	8e-04
DUNGS_p_TCGA_b84_115_SNP_N_GenomeWideSNP_6_A08_771552	9	140273003	140273075	4	0.8791
DUNGS_p_TCGA_b84_115_SNP_N_GenomeWideSNP_6_A08_771552	9	140283341	141091394	409	0.0281
DUNGS_p_TCGA_b84_115_SNP_N_GenomeWideSNP_6_A08_771552	10	72759	1734473	1133	0.0635
DUNGS_p_TCGA_b84_115_SNP_N_GenomeWideSNP_6_A08_771552	10	1734599	1735619	2	1.0894
DUNGS_p_TCGA_b84_115_SNP_N_GenomeWideSNP_6_A08_771552	10	1736049	1919683	200	0.0438
DUNGS_p_TCGA_b84_115_SNP_N_GenomeWideSNP_6_A08_771552	10	1921040	1922296	4	-0.854
DUNGS_p_TCGA_b84_115_SNP_N_GenomeWideSNP_6_A08_771552	10	1923115	4290814	2252	0.015
DUNGS_p_TCGA_b84_115_SNP_N_GenomeWideSNP_6_A08_771552	10	4290838	4291016	3	0.9381
DUNGS_p_TCGA_b84_115_SNP_N_GenomeWideSNP_6_A08_771552	10	4294071	18173963	11321	-0.0119
DUNGS_p_TCGA_b84_115_SNP_N_GenomeWideSNP_6_A08_771552	10	18185123	18223647	4	-1.6913
DUNGS_p_TCGA_b84_115_SNP_N_GenomeWideSNP_6_A08_771552	10	18230259	20840874	2137	0.0167
DUNGS_p_TCGA_b84_115_SNP_N_GenomeWideSNP_6_A08_771552	10	20850112	20853534	6	-0.6276
DUNGS_p_TCGA_b84_115_SNP_N_GenomeWideSNP_6_A08_771552	10	20862427	24375263	2201	-0.006
DUNGS_p_TCGA_b84_115_SNP_N_GenomeWideSNP_6_A08_771552	10	24377674	24377675	2	-1.1292
DUNGS_p_TCGA_b84_115_SNP_N_GenomeWideSNP_6_A08_771552	10	24377676	24378054	9	-2.4883
DUNGS_p_TCGA_b84_115_SNP_N_GenomeWideSNP_6_A08_771552	10	24378908	27223903	1994	0.0166
DUNGS_p_TCGA_b84_115_SNP_N_GenomeWideSNP_6_A08_771552	10	27225904	27228473	13	0.4781
DUNGS_p_TCGA_b84_115_SNP_N_GenomeWideSNP_6_A08_771552	10	27229993	28603464	944	-0.0263
DUNGS_p_TCGA_b84_115_SNP_N_GenomeWideSNP_6_A08_771552	10	28604362	28604910	2	-1.1946
DUNGS_p_TCGA_b84_115_SNP_N_GenomeWideSNP_6_A08_771552	10	28606743	31246510	2096	0.001
DUNGS_p_TCGA_b84_115_SNP_N_GenomeWideSNP_6_A08_771552	10	31251334	31251779	11	-0.7305
DUNGS_p_TCGA_b84_115_SNP_N_GenomeWideSNP_6_A08_771552	10	31251822	32951737	1059	-0.0271
DUNGS_p_TCGA_b84_115_SNP_N_GenomeWideSNP_6_A08_771552	10	32952337	32952489	3	-0.7664
DUNGS_p_TCGA_b84_115_SNP_N_GenomeWideSNP_6_A08_771552	10	32952528	47897394	6586	0.018
DUNGS_p_TCGA_b84_115_SNP_N_GenomeWideSNP_6_A08_771552	10	47912899	47948060	3	-1.4569
DUNGS_p_TCGA_b84_115_SNP_N_GenomeWideSNP_6_A08_771552	10	47960476	49082570	306	0.0267
DUNGS_p_TCGA_b84_115_SNP_N_GenomeWideSNP_6_A08_771552	10	49212771	49212828	2	-1.1654
DUNGS_p_TCGA_b84_115_SNP_N_GenomeWideSNP_6_A08_771552	10	49241479	51197138	1360	0.0152
DUNGS_p_TCGA_b84_115_SNP_N_GenomeWideSNP_6_A08_771552	10	51231576	51397071	3	-0.912
DUNGS_p_TCGA_b84_115_SNP_N_GenomeWideSNP_6_A08_771552	10	51449369	58453680	4907	0.0201
DUNGS_p_TCGA_b84_115_SNP_N_GenomeWideSNP_6_A08_771552	10	58454558	58482756	19	0.2409
DUNGS_p_TCGA_b84_115_SNP_N_GenomeWideSNP_6_A08_771552	10	58485013	58511444	35	-0.0451
DUNGS_p_TCGA_b84_115_SNP_N_GenomeWideSNP_6_A08_771552	10	58511637	58525513	42	0.2423
DUNGS_p_TCGA_b84_115_SNP_N_GenomeWideSNP_6_A08_771552	10	58525608	64509391	4343	-0.0015
DUNGS_p_TCGA_b84_115_SNP_N_GenomeWideSNP_6_A08_771552	10	64513548	64518192	3	-0.7931
DUNGS_p_TCGA_b84_115_SNP_N_GenomeWideSNP_6_A08_771552	10	64521356	67306276	1784	0.0019
DUNGS_p_TCGA_b84_115_SNP_N_GenomeWideSNP_6_A08_771552	10	67307923	67314446	28	-0.4934
DUNGS_p_TCGA_b84_115_SNP_N_GenomeWideSNP_6_A08_771552	10	67322795	70002108	1789	0.0375
DUNGS_p_TCGA_b84_115_SNP_N_GenomeWideSNP_6_A08_771552	10	70002935	70004954	2	-1.3413
DUNGS_p_TCGA_b84_115_SNP_N_GenomeWideSNP_6_A08_771552	10	70004990	78252851	5016	-0.0063
DUNGS_p_TCGA_b84_115_SNP_N_GenomeWideSNP_6_A08_771552	10	78257061	78257610	2	-1.3094
DUNGS_p_TCGA_b84_115_SNP_N_GenomeWideSNP_6_A08_771552	10	78261267	81462017	2460	0.0112
DUNGS_p_TCGA_b84_115_SNP_N_GenomeWideSNP_6_A08_771552	10	81497471	81597779	23	-0.7686
DUNGS_p_TCGA_b84_115_SNP_N_GenomeWideSNP_6_A08_771552	10	81598055	81828410	109	0.0087
DUNGS_p_TCGA_b84_115_SNP_N_GenomeWideSNP_6_A08_771552	10	81829953	81831704	2	-1.0156
DUNGS_p_TCGA_b84_115_SNP_N_GenomeWideSNP_6_A08_771552	10	81832479	88976597	5081	0.0219
DUNGS_p_TCGA_b84_115_SNP_N_GenomeWideSNP_6_A08_771552	10	89018962	89061261	8	-0.8628
DUNGS_p_TCGA_b84_115_SNP_N_GenomeWideSNP_6_A08_771552	10	89069796	92459927	2493	-0.0253
DUNGS_p_TCGA_b84_115_SNP_N_GenomeWideSNP_6_A08_771552	10	92462715	92463291	4	-1.07
DUNGS_p_TCGA_b84_115_SNP_N_GenomeWideSNP_6_A08_771552	10	92471580	108808373	10062	0.0011
DUNGS_p_TCGA_b84_115_SNP_N_GenomeWideSNP_6_A08_771552	10	108808480	108809524	2	-0.9549
DUNGS_p_TCGA_b84_115_SNP_N_GenomeWideSNP_6_A08_771552	10	108809619	134710428	18975	0.0214
DUNGS_p_TCGA_b84_115_SNP_N_GenomeWideSNP_6_A08_771552	10	134714988	134715245	4	-0.6336
DUNGS_p_TCGA_b84_115_SNP_N_GenomeWideSNP_6_A08_771552	10	134720515	135506704	327	0.0611
DUNGS_p_TCGA_b84_115_SNP_N_GenomeWideSNP_6_A08_771552	11	198510	1653568	495	-0.0144
DUNGS_p_TCGA_b84_115_SNP_N_GenomeWideSNP_6_A08_771552	11	1654565	1654761	2	-2.1896
DUNGS_p_TCGA_b84_115_SNP_N_GenomeWideSNP_6_A08_771552	11	1657127	4970367	1990	-0.0041
DUNGS_p_TCGA_b84_115_SNP_N_GenomeWideSNP_6_A08_771552	11	4972005	4976878	33	0.5693
DUNGS_p_TCGA_b84_115_SNP_N_GenomeWideSNP_6_A08_771552	11	4976892	5520975	542	0.0197
DUNGS_p_TCGA_b84_115_SNP_N_GenomeWideSNP_6_A08_771552	11	5522151	5522564	6	-0.7349
DUNGS_p_TCGA_b84_115_SNP_N_GenomeWideSNP_6_A08_771552	11	5523593	5787405	240	0.0213
DUNGS_p_TCGA_b84_115_SNP_N_GenomeWideSNP_6_A08_771552	11	5788080	5809139	32	-0.7681
DUNGS_p_TCGA_b84_115_SNP_N_GenomeWideSNP_6_A08_771552	11	5809338	12055205	4667	-0.0043
DUNGS_p_TCGA_b84_115_SNP_N_GenomeWideSNP_6_A08_771552	11	12060976	12062988	3	0.8176
DUNGS_p_TCGA_b84_115_SNP_N_GenomeWideSNP_6_A08_771552	11	12063857	42813151	22044	0.0136
DUNGS_p_TCGA_b84_115_SNP_N_GenomeWideSNP_6_A08_771552	11	42816486	42818039	2	-3.2149
DUNGS_p_TCGA_b84_115_SNP_N_GenomeWideSNP_6_A08_771552	11	42820603	49708375	3858	5e-04
DUNGS_p_TCGA_b84_115_SNP_N_GenomeWideSNP_6_A08_771552	11	49710861	49760688	30	-0.7627
DUNGS_p_TCGA_b84_115_SNP_N_GenomeWideSNP_6_A08_771552	11	49766161	51176743	371	0.0556
DUNGS_p_TCGA_b84_115_SNP_N_GenomeWideSNP_6_A08_771552	11	51183575	51195051	5	-0.9717
DUNGS_p_TCGA_b84_115_SNP_N_GenomeWideSNP_6_A08_771552	11	51205141	54940342	167	0.0603
DUNGS_p_TCGA_b84_115_SNP_N_GenomeWideSNP_6_A08_771552	11	54965608	54982211	6	-0.7006
DUNGS_p_TCGA_b84_115_SNP_N_GenomeWideSNP_6_A08_771552	11	55009475	55376280	211	0.1092
DUNGS_p_TCGA_b84_115_SNP_N_GenomeWideSNP_6_A08_771552	11	55376498	55453009	51	0.5649
DUNGS_p_TCGA_b84_115_SNP_N_GenomeWideSNP_6_A08_771552	11	55453576	55880737	329	0.0896
DUNGS_p_TCGA_b84_115_SNP_N_GenomeWideSNP_6_A08_771552	11	55883379	55887530	3	-0.8913
DUNGS_p_TCGA_b84_115_SNP_N_GenomeWideSNP_6_A08_771552	11	55888493	55984067	55	0.1364
DUNGS_p_TCGA_b84_115_SNP_N_GenomeWideSNP_6_A08_771552	11	55988449	75964374	10295	-0.0155
DUNGS_p_TCGA_b84_115_SNP_N_GenomeWideSNP_6_A08_771552	11	75967971	75968227	2	-1.2933
DUNGS_p_TCGA_b84_115_SNP_N_GenomeWideSNP_6_A08_771552	11	75969520	89444975	9245	0.0174
DUNGS_p_TCGA_b84_115_SNP_N_GenomeWideSNP_6_A08_771552	11	89448487	89759430	44	0.219
DUNGS_p_TCGA_b84_115_SNP_N_GenomeWideSNP_6_A08_771552	11	89776846	89810338	5	-0.7404
DUNGS_p_TCGA_b84_115_SNP_N_GenomeWideSNP_6_A08_771552	11	89818310	95544420	4143	0.0158
DUNGS_p_TCGA_b84_115_SNP_N_GenomeWideSNP_6_A08_771552	11	95545280	95545340	2	-1.2263
DUNGS_p_TCGA_b84_115_SNP_N_GenomeWideSNP_6_A08_771552	11	95547144	128059483	22987	0.0052
DUNGS_p_TCGA_b84_115_SNP_N_GenomeWideSNP_6_A08_771552	11	128060429	128060798	2	-0.91
DUNGS_p_TCGA_b84_115_SNP_N_GenomeWideSNP_6_A08_771552	11	128061096	134601791	5076	0.037
DUNGS_p_TCGA_b84_115_SNP_N_GenomeWideSNP_6_A08_771552	11	134602280	134602946	2	-1.6125
DUNGS_p_TCGA_b84_115_SNP_N_GenomeWideSNP_6_A08_771552	11	134603992	134944770	283	0.1491
DUNGS_p_TCGA_b84_115_SNP_N_GenomeWideSNP_6_A08_771552	12	150442	8357507	5557	-6e-04
DUNGS_p_TCGA_b84_115_SNP_N_GenomeWideSNP_6_A08_771552	12	8362050	8436238	25	-0.3417
DUNGS_p_TCGA_b84_115_SNP_N_GenomeWideSNP_6_A08_771552	12	8436328	9673466	639	-0.0409
DUNGS_p_TCGA_b84_115_SNP_N_GenomeWideSNP_6_A08_771552	12	9685110	9715565	13	0.3493
DUNGS_p_TCGA_b84_115_SNP_N_GenomeWideSNP_6_A08_771552	12	9728292	10580460	637	-0.0605
DUNGS_p_TCGA_b84_115_SNP_N_GenomeWideSNP_6_A08_771552	12	10583367	10596720	6	-0.8672
DUNGS_p_TCGA_b84_115_SNP_N_GenomeWideSNP_6_A08_771552	12	10598802	10817611	135	-0.0591
DUNGS_p_TCGA_b84_115_SNP_N_GenomeWideSNP_6_A08_771552	12	10817657	10817860	3	0.8188
DUNGS_p_TCGA_b84_115_SNP_N_GenomeWideSNP_6_A08_771552	12	10817943	11226913	270	-0.0533
DUNGS_p_TCGA_b84_115_SNP_N_GenomeWideSNP_6_A08_771552	12	11231455	11241532	6	0.8129
DUNGS_p_TCGA_b84_115_SNP_N_GenomeWideSNP_6_A08_771552	12	11251874	30235581	13307	-0.0046
DUNGS_p_TCGA_b84_115_SNP_N_GenomeWideSNP_6_A08_771552	12	30239267	30243575	19	-0.5469
DUNGS_p_TCGA_b84_115_SNP_N_GenomeWideSNP_6_A08_771552	12	30243590	31257695	880	0.0283
DUNGS_p_TCGA_b84_115_SNP_N_GenomeWideSNP_6_A08_771552	12	31261698	31409879	94	0.5705
DUNGS_p_TCGA_b84_115_SNP_N_GenomeWideSNP_6_A08_771552	12	31410284	33281560	1289	0.006
DUNGS_p_TCGA_b84_115_SNP_N_GenomeWideSNP_6_A08_771552	12	33282226	33308360	42	0.2921
DUNGS_p_TCGA_b84_115_SNP_N_GenomeWideSNP_6_A08_771552	12	33308387	33308589	5	-0.4904
DUNGS_p_TCGA_b84_115_SNP_N_GenomeWideSNP_6_A08_771552	12	33308863	33379603	36	0.1566
DUNGS_p_TCGA_b84_115_SNP_N_GenomeWideSNP_6_A08_771552	12	33379925	33395418	9	0.656
DUNGS_p_TCGA_b84_115_SNP_N_GenomeWideSNP_6_A08_771552	12	33399053	34230940	528	0.0655
DUNGS_p_TCGA_b84_115_SNP_N_GenomeWideSNP_6_A08_771552	12	34231115	34231523	3	-0.9198
DUNGS_p_TCGA_b84_115_SNP_N_GenomeWideSNP_6_A08_771552	12	34239991	73090374	21718	-0.0093
DUNGS_p_TCGA_b84_115_SNP_N_GenomeWideSNP_6_A08_771552	12	73091097	73101115	8	0.4214
DUNGS_p_TCGA_b84_115_SNP_N_GenomeWideSNP_6_A08_771552	12	73103872	124460703	32902	0.0032
DUNGS_p_TCGA_b84_115_SNP_N_GenomeWideSNP_6_A08_771552	12	124460827	124462309	3	-0.7762
DUNGS_p_TCGA_b84_115_SNP_N_GenomeWideSNP_6_A08_771552	12	124464836	132120247	6432	0.058
DUNGS_p_TCGA_b84_115_SNP_N_GenomeWideSNP_6_A08_771552	12	132120586	132142331	16	0.3972
DUNGS_p_TCGA_b84_115_SNP_N_GenomeWideSNP_6_A08_771552	12	132142369	133778189	571	0.0156
DUNGS_p_TCGA_b84_115_SNP_N_GenomeWideSNP_6_A08_771552	13	19026949	19315173	71	0.0969
DUNGS_p_TCGA_b84_115_SNP_N_GenomeWideSNP_6_A08_771552	13	19318366	19395638	13	-0.4413
DUNGS_p_TCGA_b84_115_SNP_N_GenomeWideSNP_6_A08_771552	13	19398553	20121459	483	0.0598
DUNGS_p_TCGA_b84_115_SNP_N_GenomeWideSNP_6_A08_771552	13	20123895	20123910	2	-1.1452
DUNGS_p_TCGA_b84_115_SNP_N_GenomeWideSNP_6_A08_771552	13	20124501	25020277	3471	0.007
DUNGS_p_TCGA_b84_115_SNP_N_GenomeWideSNP_6_A08_771552	13	25022166	25040042	25	-0.4713
DUNGS_p_TCGA_b84_115_SNP_N_GenomeWideSNP_6_A08_771552	13	25040057	38075965	9518	7e-04
DUNGS_p_TCGA_b84_115_SNP_N_GenomeWideSNP_6_A08_771552	13	38076267	38078352	5	-0.7904
DUNGS_p_TCGA_b84_115_SNP_N_GenomeWideSNP_6_A08_771552	13	38078419	39052811	708	0.0072
DUNGS_p_TCGA_b84_115_SNP_N_GenomeWideSNP_6_A08_771552	13	39057572	39058056	2	-0.9587
DUNGS_p_TCGA_b84_115_SNP_N_GenomeWideSNP_6_A08_771552	13	39065057	43656443	3246	-0.0265
DUNGS_p_TCGA_b84_115_SNP_N_GenomeWideSNP_6_A08_771552	13	43656473	43666370	5	0.4885
DUNGS_p_TCGA_b84_115_SNP_N_GenomeWideSNP_6_A08_771552	13	43666520	47031713	2227	-0.0121
DUNGS_p_TCGA_b84_115_SNP_N_GenomeWideSNP_6_A08_771552	13	47034809	47036022	2	-1.1282
DUNGS_p_TCGA_b84_115_SNP_N_GenomeWideSNP_6_A08_771552	13	47047212	57758270	6373	-0.0113
DUNGS_p_TCGA_b84_115_SNP_N_GenomeWideSNP_6_A08_771552	13	57758289	57778380	33	-0.6709
DUNGS_p_TCGA_b84_115_SNP_N_GenomeWideSNP_6_A08_771552	13	57789714	72476988	9012	0.0274
DUNGS_p_TCGA_b84_115_SNP_N_GenomeWideSNP_6_A08_771552	13	72477555	72480556	4	-2.7911
DUNGS_p_TCGA_b84_115_SNP_N_GenomeWideSNP_6_A08_771552	13	72480605	115108397	29177	0.0143
DUNGS_p_TCGA_b84_115_SNP_N_GenomeWideSNP_6_A08_771552	14	19002124	19693249	50	0.0838
DUNGS_p_TCGA_b84_115_SNP_N_GenomeWideSNP_6_A08_771552	14	19697885	19877072	17	0.7738
DUNGS_p_TCGA_b84_115_SNP_N_GenomeWideSNP_6_A08_771552	14	19909264	20157843	14	0.3126
DUNGS_p_TCGA_b84_115_SNP_N_GenomeWideSNP_6_A08_771552	14	20200183	20423372	109	1.0158
DUNGS_p_TCGA_b84_115_SNP_N_GenomeWideSNP_6_A08_771552	14	20424926	27535434	4833	-0.0215
DUNGS_p_TCGA_b84_115_SNP_N_GenomeWideSNP_6_A08_771552	14	27536252	27536390	2	-0.9546
DUNGS_p_TCGA_b84_115_SNP_N_GenomeWideSNP_6_A08_771552	14	27538718	28487438	539	0.0385
DUNGS_p_TCGA_b84_115_SNP_N_GenomeWideSNP_6_A08_771552	14	28487876	28517301	16	0.3276
DUNGS_p_TCGA_b84_115_SNP_N_GenomeWideSNP_6_A08_771552	14	28517601	41476093	8127	0.0186
DUNGS_p_TCGA_b84_115_SNP_N_GenomeWideSNP_6_A08_771552	14	41476308	41476455	6	0.5613
DUNGS_p_TCGA_b84_115_SNP_N_GenomeWideSNP_6_A08_771552	14	41476495	41607529	133	0.0106
DUNGS_p_TCGA_b84_115_SNP_N_GenomeWideSNP_6_A08_771552	14	41607634	41657249	16	0.3854
DUNGS_p_TCGA_b84_115_SNP_N_GenomeWideSNP_6_A08_771552	14	41657349	44659943	1838	0.0275
DUNGS_p_TCGA_b84_115_SNP_N_GenomeWideSNP_6_A08_771552	14	44667334	44667764	4	-0.8413
DUNGS_p_TCGA_b84_115_SNP_N_GenomeWideSNP_6_A08_771552	14	44670094	48509850	2244	0.0362
DUNGS_p_TCGA_b84_115_SNP_N_GenomeWideSNP_6_A08_771552	14	48510577	48510590	2	-0.9424
DUNGS_p_TCGA_b84_115_SNP_N_GenomeWideSNP_6_A08_771552	14	48512937	70013979	13779	-0.0143
DUNGS_p_TCGA_b84_115_SNP_N_GenomeWideSNP_6_A08_771552	14	70018047	70022713	10	-0.8482
DUNGS_p_TCGA_b84_115_SNP_N_GenomeWideSNP_6_A08_771552	14	70022726	73995774	2628	-0.0043
DUNGS_p_TCGA_b84_115_SNP_N_GenomeWideSNP_6_A08_771552	14	74001123	74029900	10	-1.9873
DUNGS_p_TCGA_b84_115_SNP_N_GenomeWideSNP_6_A08_771552	14	74029915	79163076	3381	-0.0085
DUNGS_p_TCGA_b84_115_SNP_N_GenomeWideSNP_6_A08_771552	14	79165089	79165608	3	-1.2655
DUNGS_p_TCGA_b84_115_SNP_N_GenomeWideSNP_6_A08_771552	14	79166325	86451911	4899	0.0197
DUNGS_p_TCGA_b84_115_SNP_N_GenomeWideSNP_6_A08_771552	14	86460626	86488441	38	-0.9548
DUNGS_p_TCGA_b84_115_SNP_N_GenomeWideSNP_6_A08_771552	14	86490211	106535295	12516	-0.0103
DUNGS_p_TCGA_b84_115_SNP_N_GenomeWideSNP_6_A08_771552	14	106538062	106567100	14	0.8114
DUNGS_p_TCGA_b84_115_SNP_N_GenomeWideSNP_6_A08_771552	14	106569463	106868286	139	-0.0511
DUNGS_p_TCGA_b84_115_SNP_N_GenomeWideSNP_6_A08_771552	14	106868554	106872062	2	-1.3147
DUNGS_p_TCGA_b84_115_SNP_N_GenomeWideSNP_6_A08_771552	14	106874361	107160325	187	0.0519
DUNGS_p_TCGA_b84_115_SNP_N_GenomeWideSNP_6_A08_771552	14	107160399	107174572	12	0.5083
DUNGS_p_TCGA_b84_115_SNP_N_GenomeWideSNP_6_A08_771552	14	107176213	107285437	77	-0.0255
DUNGS_p_TCGA_b84_115_SNP_N_GenomeWideSNP_6_A08_771552	15	20016328	20412478	65	0.1153
DUNGS_p_TCGA_b84_115_SNP_N_GenomeWideSNP_6_A08_771552	15	20416237	20578421	33	0.6535
DUNGS_p_TCGA_b84_115_SNP_N_GenomeWideSNP_6_A08_771552	15	20581451	20581455	5	-0.0653
DUNGS_p_TCGA_b84_115_SNP_N_GenomeWideSNP_6_A08_771552	15	20581562	20624206	39	0.7334
DUNGS_p_TCGA_b84_115_SNP_N_GenomeWideSNP_6_A08_771552	15	20627008	22341689	185	0.4533
DUNGS_p_TCGA_b84_115_SNP_N_GenomeWideSNP_6_A08_771552	15	22350922	22587474	95	0.7149
DUNGS_p_TCGA_b84_115_SNP_N_GenomeWideSNP_6_A08_771552	15	22673399	24674887	1008	0.0484
DUNGS_p_TCGA_b84_115_SNP_N_GenomeWideSNP_6_A08_771552	15	24675133	24718173	37	-0.6287
DUNGS_p_TCGA_b84_115_SNP_N_GenomeWideSNP_6_A08_771552	15	24718596	26560192	1339	0.0461
DUNGS_p_TCGA_b84_115_SNP_N_GenomeWideSNP_6_A08_771552	15	26562152	26563156	2	-4.1153
DUNGS_p_TCGA_b84_115_SNP_N_GenomeWideSNP_6_A08_771552	15	26563588	31926592	3069	0.0422
DUNGS_p_TCGA_b84_115_SNP_N_GenomeWideSNP_6_A08_771552	15	31928183	31930217	2	0.7356
DUNGS_p_TCGA_b84_115_SNP_N_GenomeWideSNP_6_A08_771552	15	31930337	31975260	25	0.0216
DUNGS_p_TCGA_b84_115_SNP_N_GenomeWideSNP_6_A08_771552	15	31981961	32018731	8	-0.4308
DUNGS_p_TCGA_b84_115_SNP_N_GenomeWideSNP_6_A08_771552	15	32020253	32489253	363	0.0025
DUNGS_p_TCGA_b84_115_SNP_N_GenomeWideSNP_6_A08_771552	15	32504264	32509892	2	-1.169
DUNGS_p_TCGA_b84_115_SNP_N_GenomeWideSNP_6_A08_771552	15	32510092	34714123	1546	-0.0042
DUNGS_p_TCGA_b84_115_SNP_N_GenomeWideSNP_6_A08_771552	15	34719795	34818317	69	-0.7738
DUNGS_p_TCGA_b84_115_SNP_N_GenomeWideSNP_6_A08_771552	15	34830253	53785039	11665	-0.0087
DUNGS_p_TCGA_b84_115_SNP_N_GenomeWideSNP_6_A08_771552	15	53785153	53785279	4	-1.8305
DUNGS_p_TCGA_b84_115_SNP_N_GenomeWideSNP_6_A08_771552	15	53790247	69329815	10572	-0.0151
DUNGS_p_TCGA_b84_115_SNP_N_GenomeWideSNP_6_A08_771552	15	69331285	69331360	2	1.5851
DUNGS_p_TCGA_b84_115_SNP_N_GenomeWideSNP_6_A08_771552	15	69337675	73784801	2727	-0.0183
DUNGS_p_TCGA_b84_115_SNP_N_GenomeWideSNP_6_A08_771552	15	73792832	73793487	2	-0.9056
DUNGS_p_TCGA_b84_115_SNP_N_GenomeWideSNP_6_A08_771552	15	73795024	76891511	1525	-0.0278
DUNGS_p_TCGA_b84_115_SNP_N_GenomeWideSNP_6_A08_771552	15	76891627	76895774	19	0.6076
DUNGS_p_TCGA_b84_115_SNP_N_GenomeWideSNP_6_A08_771552	15	76895775	83548999	3917	-0.0071
DUNGS_p_TCGA_b84_115_SNP_N_GenomeWideSNP_6_A08_771552	15	83551296	83558071	5	-0.6456
DUNGS_p_TCGA_b84_115_SNP_N_GenomeWideSNP_6_A08_771552	15	83559421	86591170	1721	0.0096
DUNGS_p_TCGA_b84_115_SNP_N_GenomeWideSNP_6_A08_771552	15	86591847	86591871	2	-1.2768
DUNGS_p_TCGA_b84_115_SNP_N_GenomeWideSNP_6_A08_771552	15	86591925	88189136	1399	0.0246
DUNGS_p_TCGA_b84_115_SNP_N_GenomeWideSNP_6_A08_771552	15	88193726	88195639	2	-1.103
DUNGS_p_TCGA_b84_115_SNP_N_GenomeWideSNP_6_A08_771552	15	88196750	97260131	6829	0.0065
DUNGS_p_TCGA_b84_115_SNP_N_GenomeWideSNP_6_A08_771552	15	97261358	97264678	6	-1.0376
DUNGS_p_TCGA_b84_115_SNP_N_GenomeWideSNP_6_A08_771552	15	97269781	102469040	3820	0.0158
DUNGS_p_TCGA_b84_115_SNP_N_GenomeWideSNP_6_A08_771552	16	60777	5607890	2630	0.0066
DUNGS_p_TCGA_b84_115_SNP_N_GenomeWideSNP_6_A08_771552	16	5608089	5608151	2	0.9967
DUNGS_p_TCGA_b84_115_SNP_N_GenomeWideSNP_6_A08_771552	16	5608337	6774696	1421	0.0799
DUNGS_p_TCGA_b84_115_SNP_N_GenomeWideSNP_6_A08_771552	16	6774908	6776967	3	-0.5919
DUNGS_p_TCGA_b84_115_SNP_N_GenomeWideSNP_6_A08_771552	16	6777196	15258906	7189	0.0432
DUNGS_p_TCGA_b84_115_SNP_N_GenomeWideSNP_6_A08_771552	16	15260736	15265175	2	-1.0588
DUNGS_p_TCGA_b84_115_SNP_N_GenomeWideSNP_6_A08_771552	16	15265606	16294718	544	0.0056
DUNGS_p_TCGA_b84_115_SNP_N_GenomeWideSNP_6_A08_771552	16	16295807	16513638	11	-0.609
DUNGS_p_TCGA_b84_115_SNP_N_GenomeWideSNP_6_A08_771552	16	16529591	18198717	1010	0.0389
DUNGS_p_TCGA_b84_115_SNP_N_GenomeWideSNP_6_A08_771552	16	18228118	18238289	2	-1.2261
DUNGS_p_TCGA_b84_115_SNP_N_GenomeWideSNP_6_A08_771552	16	18242726	18678111	27	-0.0783
DUNGS_p_TCGA_b84_115_SNP_N_GenomeWideSNP_6_A08_771552	16	18699856	18716255	3	0.7379
DUNGS_p_TCGA_b84_115_SNP_N_GenomeWideSNP_6_A08_771552	16	18717305	19944363	697	0.015
DUNGS_p_TCGA_b84_115_SNP_N_GenomeWideSNP_6_A08_771552	16	19945650	19965875	28	-0.9188
DUNGS_p_TCGA_b84_115_SNP_N_GenomeWideSNP_6_A08_771552	16	19967362	19970490	3	-0.3579
DUNGS_p_TCGA_b84_115_SNP_N_GenomeWideSNP_6_A08_771552	16	19970818	20057900	66	0.0269
DUNGS_p_TCGA_b84_115_SNP_N_GenomeWideSNP_6_A08_771552	16	20058773	20059083	3	-0.8141
DUNGS_p_TCGA_b84_115_SNP_N_GenomeWideSNP_6_A08_771552	16	20059677	32146886	6472	-0.0015
DUNGS_p_TCGA_b84_115_SNP_N_GenomeWideSNP_6_A08_771552	16	32158852	32588622	68	-0.2797
DUNGS_p_TCGA_b84_115_SNP_N_GenomeWideSNP_6_A08_771552	16	32588901	32588909	5	-4.0483
DUNGS_p_TCGA_b84_115_SNP_N_GenomeWideSNP_6_A08_771552	16	32609274	33367935	85	-0.1011
DUNGS_p_TCGA_b84_115_SNP_N_GenomeWideSNP_6_A08_771552	16	33369764	33484562	25	-0.4853
DUNGS_p_TCGA_b84_115_SNP_N_GenomeWideSNP_6_A08_771552	16	33484574	33580261	30	-0.2242
DUNGS_p_TCGA_b84_115_SNP_N_GenomeWideSNP_6_A08_771552	16	33582583	33631830	26	-0.545
DUNGS_p_TCGA_b84_115_SNP_N_GenomeWideSNP_6_A08_771552	16	33643399	34466571	214	0.1009
DUNGS_p_TCGA_b84_115_SNP_N_GenomeWideSNP_6_A08_771552	16	34470704	34765093	170	0.5899
DUNGS_p_TCGA_b84_115_SNP_N_GenomeWideSNP_6_A08_771552	16	34765216	69977435	15369	0.021
DUNGS_p_TCGA_b84_115_SNP_N_GenomeWideSNP_6_A08_771552	16	69988386	70024589	2	-1.0676
DUNGS_p_TCGA_b84_115_SNP_N_GenomeWideSNP_6_A08_771552	16	70028693	78371608	5701	0.0212
DUNGS_p_TCGA_b84_115_SNP_N_GenomeWideSNP_6_A08_771552	16	78372440	78384765	17	-2.511
DUNGS_p_TCGA_b84_115_SNP_N_GenomeWideSNP_6_A08_771552	16	78385001	80252459	2300	0.0183
DUNGS_p_TCGA_b84_115_SNP_N_GenomeWideSNP_6_A08_771552	16	80252503	80253076	5	-0.7012
DUNGS_p_TCGA_b84_115_SNP_N_GenomeWideSNP_6_A08_771552	16	80253474	85301716	5128	0.0143
DUNGS_p_TCGA_b84_115_SNP_N_GenomeWideSNP_6_A08_771552	16	85302739	85303696	2	-1.0206
DUNGS_p_TCGA_b84_115_SNP_N_GenomeWideSNP_6_A08_771552	16	85306103	90287535	3218	0.0076
DUNGS_p_TCGA_b84_115_SNP_N_GenomeWideSNP_6_A08_771552	17	526	5299950	2780	-0.0063
DUNGS_p_TCGA_b84_115_SNP_N_GenomeWideSNP_6_A08_771552	17	5303987	5313871	3	-0.9734
DUNGS_p_TCGA_b84_115_SNP_N_GenomeWideSNP_6_A08_771552	17	5317008	5564485	156	-0.0066
DUNGS_p_TCGA_b84_115_SNP_N_GenomeWideSNP_6_A08_771552	17	5565426	5565463	2	-1.2498
DUNGS_p_TCGA_b84_115_SNP_N_GenomeWideSNP_6_A08_771552	17	5566089	5652597	69	-0.0132
DUNGS_p_TCGA_b84_115_SNP_N_GenomeWideSNP_6_A08_771552	17	5655182	5655216	2	-1.2485
DUNGS_p_TCGA_b84_115_SNP_N_GenomeWideSNP_6_A08_771552	17	5658315	15527156	7029	0.0176
DUNGS_p_TCGA_b84_115_SNP_N_GenomeWideSNP_6_A08_771552	17	15543161	15546790	3	-1.2475
DUNGS_p_TCGA_b84_115_SNP_N_GenomeWideSNP_6_A08_771552	17	15554278	16709547	480	-0.0362
DUNGS_p_TCGA_b84_115_SNP_N_GenomeWideSNP_6_A08_771552	17	16709740	16741528	9	0.4216
DUNGS_p_TCGA_b84_115_SNP_N_GenomeWideSNP_6_A08_771552	17	16741784	20395887	1779	-0.0132
DUNGS_p_TCGA_b84_115_SNP_N_GenomeWideSNP_6_A08_771552	17	20410231	20413446	2	-1.2908
DUNGS_p_TCGA_b84_115_SNP_N_GenomeWideSNP_6_A08_771552	17	20431180	39421708	8674	-0.0114
DUNGS_p_TCGA_b84_115_SNP_N_GenomeWideSNP_6_A08_771552	17	39423014	39430531	24	0.95
DUNGS_p_TCGA_b84_115_SNP_N_GenomeWideSNP_6_A08_771552	17	39432724	44163098	2513	-0.0247
DUNGS_p_TCGA_b84_115_SNP_N_GenomeWideSNP_6_A08_771552	17	44165803	44737622	168	0.293
DUNGS_p_TCGA_b84_115_SNP_N_GenomeWideSNP_6_A08_771552	17	44741425	52156997	4374	0.0077
DUNGS_p_TCGA_b84_115_SNP_N_GenomeWideSNP_6_A08_771552	17	52158793	52159075	2	-0.8801
DUNGS_p_TCGA_b84_115_SNP_N_GenomeWideSNP_6_A08_771552	17	52164612	59075614	4361	-0.0099
DUNGS_p_TCGA_b84_115_SNP_N_GenomeWideSNP_6_A08_771552	17	59079666	59079946	2	-1.103
DUNGS_p_TCGA_b84_115_SNP_N_GenomeWideSNP_6_A08_771552	17	59080196	69464275	6302	-0.0066
DUNGS_p_TCGA_b84_115_SNP_N_GenomeWideSNP_6_A08_771552	17	69468891	69468980	2	-0.9514
DUNGS_p_TCGA_b84_115_SNP_N_GenomeWideSNP_6_A08_771552	17	69469125	75173516	3600	0.0072
DUNGS_p_TCGA_b84_115_SNP_N_GenomeWideSNP_6_A08_771552	17	75174296	75174736	2	-1.0826
DUNGS_p_TCGA_b84_115_SNP_N_GenomeWideSNP_6_A08_771552	17	75175257	81049726	2998	-0.0256
DUNGS_p_TCGA_b84_115_SNP_N_GenomeWideSNP_6_A08_771552	18	11543	10013582	7323	0.027
DUNGS_p_TCGA_b84_115_SNP_N_GenomeWideSNP_6_A08_771552	18	10015383	10015490	2	-0.9447
DUNGS_p_TCGA_b84_115_SNP_N_GenomeWideSNP_6_A08_771552	18	10016088	26195767	7808	0.0203
DUNGS_p_TCGA_b84_115_SNP_N_GenomeWideSNP_6_A08_771552	18	26195995	26196130	3	-1.0029
DUNGS_p_TCGA_b84_115_SNP_N_GenomeWideSNP_6_A08_771552	18	26196632	38260470	7732	0.0233
DUNGS_p_TCGA_b84_115_SNP_N_GenomeWideSNP_6_A08_771552	18	38260480	38265363	13	0.6649
DUNGS_p_TCGA_b84_115_SNP_N_GenomeWideSNP_6_A08_771552	18	38265377	41974818	2369	0.0145
DUNGS_p_TCGA_b84_115_SNP_N_GenomeWideSNP_6_A08_771552	18	41976886	41978625	6	-0.9364
DUNGS_p_TCGA_b84_115_SNP_N_GenomeWideSNP_6_A08_771552	18	41982671	63202995	14778	0.0121
DUNGS_p_TCGA_b84_115_SNP_N_GenomeWideSNP_6_A08_771552	18	63203454	63207257	17	1.0872
DUNGS_p_TCGA_b84_115_SNP_N_GenomeWideSNP_6_A08_771552	18	63207273	63721579	359	0.075
DUNGS_p_TCGA_b84_115_SNP_N_GenomeWideSNP_6_A08_771552	18	63727492	63732828	16	0.4259
DUNGS_p_TCGA_b84_115_SNP_N_GenomeWideSNP_6_A08_771552	18	63732867	63762300	43	0.0462
DUNGS_p_TCGA_b84_115_SNP_N_GenomeWideSNP_6_A08_771552	18	63767140	63767288	2	0.8862
DUNGS_p_TCGA_b84_115_SNP_N_GenomeWideSNP_6_A08_771552	18	63767922	64950296	768	0.0094
DUNGS_p_TCGA_b84_115_SNP_N_GenomeWideSNP_6_A08_771552	18	64952870	64953172	2	-1.0698
DUNGS_p_TCGA_b84_115_SNP_N_GenomeWideSNP_6_A08_771552	18	64953271	66746541	1408	0.0257
DUNGS_p_TCGA_b84_115_SNP_N_GenomeWideSNP_6_A08_771552	18	66746557	66752325	24	0.2752
DUNGS_p_TCGA_b84_115_SNP_N_GenomeWideSNP_6_A08_771552	18	66752454	71920966	3909	0.0538
DUNGS_p_TCGA_b84_115_SNP_N_GenomeWideSNP_6_A08_771552	18	71924673	71924819	3	0.8756
DUNGS_p_TCGA_b84_115_SNP_N_GenomeWideSNP_6_A08_771552	18	71928629	78015057	4281	0.0222
DUNGS_p_TCGA_b84_115_SNP_N_GenomeWideSNP_6_A08_771552	19	90910	2405116	540	0.0017
DUNGS_p_TCGA_b84_115_SNP_N_GenomeWideSNP_6_A08_771552	19	2409865	2416945	9	-1.1067
DUNGS_p_TCGA_b84_115_SNP_N_GenomeWideSNP_6_A08_771552	19	2420094	35849221	16287	0.0013
DUNGS_p_TCGA_b84_115_SNP_N_GenomeWideSNP_6_A08_771552	19	35849309	35861848	24	-0.7396
DUNGS_p_TCGA_b84_115_SNP_N_GenomeWideSNP_6_A08_771552	19	35866744	44479495	4383	-0.0289
DUNGS_p_TCGA_b84_115_SNP_N_GenomeWideSNP_6_A08_771552	19	44479759	44479760	2	-1.2079
DUNGS_p_TCGA_b84_115_SNP_N_GenomeWideSNP_6_A08_771552	19	44482707	48476165	1907	-0.0175
DUNGS_p_TCGA_b84_115_SNP_N_GenomeWideSNP_6_A08_771552	19	48476900	48478067	9	-0.5296
DUNGS_p_TCGA_b84_115_SNP_N_GenomeWideSNP_6_A08_771552	19	48478110	52607087	2133	-0.0267
DUNGS_p_TCGA_b84_115_SNP_N_GenomeWideSNP_6_A08_771552	19	52607765	52607783	2	-1.1579
DUNGS_p_TCGA_b84_115_SNP_N_GenomeWideSNP_6_A08_771552	19	52610003	53261587	443	-0.0503
DUNGS_p_TCGA_b84_115_SNP_N_GenomeWideSNP_6_A08_771552	19	53263797	53270460	4	-0.6983
DUNGS_p_TCGA_b84_115_SNP_N_GenomeWideSNP_6_A08_771552	19	53270946	53332039	52	-0.0357
DUNGS_p_TCGA_b84_115_SNP_N_GenomeWideSNP_6_A08_771552	19	53332928	53334165	5	-0.6104
DUNGS_p_TCGA_b84_115_SNP_N_GenomeWideSNP_6_A08_771552	19	53334728	55252385	1243	-0.0488
DUNGS_p_TCGA_b84_115_SNP_N_GenomeWideSNP_6_A08_771552	19	55283843	55283928	2	-1.625
DUNGS_p_TCGA_b84_115_SNP_N_GenomeWideSNP_6_A08_771552	19	55297883	56282070	477	-0.0195
DUNGS_p_TCGA_b84_115_SNP_N_GenomeWideSNP_6_A08_771552	19	56282369	56283067	4	-0.9199
DUNGS_p_TCGA_b84_115_SNP_N_GenomeWideSNP_6_A08_771552	19	56286293	59097854	1850	-0.0258
DUNGS_p_TCGA_b84_115_SNP_N_GenomeWideSNP_6_A08_771552	20	61305	1560999	1207	-0.0145
DUNGS_p_TCGA_b84_115_SNP_N_GenomeWideSNP_6_A08_771552	20	1561580	1593893	41	1.8821
DUNGS_p_TCGA_b84_115_SNP_N_GenomeWideSNP_6_A08_771552	20	1597946	1994350	344	-0.0279
DUNGS_p_TCGA_b84_115_SNP_N_GenomeWideSNP_6_A08_771552	20	1996770	1997648	3	-0.8959
DUNGS_p_TCGA_b84_115_SNP_N_GenomeWideSNP_6_A08_771552	20	1999855	15301374	10065	0.0183
DUNGS_p_TCGA_b84_115_SNP_N_GenomeWideSNP_6_A08_771552	20	15301902	15302374	3	-3.9656
DUNGS_p_TCGA_b84_115_SNP_N_GenomeWideSNP_6_A08_771552	20	15305258	56551201	26633	0.0111
DUNGS_p_TCGA_b84_115_SNP_N_GenomeWideSNP_6_A08_771552	20	56551299	56551422	3	-0.7548
DUNGS_p_TCGA_b84_115_SNP_N_GenomeWideSNP_6_A08_771552	20	56551584	56669386	87	-0.0165
DUNGS_p_TCGA_b84_115_SNP_N_GenomeWideSNP_6_A08_771552	20	56669979	56670607	3	0.5395
DUNGS_p_TCGA_b84_115_SNP_N_GenomeWideSNP_6_A08_771552	20	56670829	62956153	4145	0.0161
DUNGS_p_TCGA_b84_115_SNP_N_GenomeWideSNP_6_A08_771552	21	10736871	10963904	48	0.0078
DUNGS_p_TCGA_b84_115_SNP_N_GenomeWideSNP_6_A08_771552	21	10963979	14369127	68	0.2941
DUNGS_p_TCGA_b84_115_SNP_N_GenomeWideSNP_6_A08_771552	21	14369207	15027369	239	0.0415
DUNGS_p_TCGA_b84_115_SNP_N_GenomeWideSNP_6_A08_771552	21	15033713	15033979	3	-0.888
DUNGS_p_TCGA_b84_115_SNP_N_GenomeWideSNP_6_A08_771552	21	15041207	43147374	21019	0.0116
DUNGS_p_TCGA_b84_115_SNP_N_GenomeWideSNP_6_A08_771552	21	43149896	43150588	4	-0.7874
DUNGS_p_TCGA_b84_115_SNP_N_GenomeWideSNP_6_A08_771552	21	43150854	44822257	1188	-0.0094
DUNGS_p_TCGA_b84_115_SNP_N_GenomeWideSNP_6_A08_771552	21	44827645	44831798	10	0.6154
DUNGS_p_TCGA_b84_115_SNP_N_GenomeWideSNP_6_A08_771552	21	44837359	46926551	1164	-0.0182
DUNGS_p_TCGA_b84_115_SNP_N_GenomeWideSNP_6_A08_771552	21	46931017	46931109	2	-1.1622
DUNGS_p_TCGA_b84_115_SNP_N_GenomeWideSNP_6_A08_771552	21	46931460	48096957	688	-0.0033
DUNGS_p_TCGA_b84_115_SNP_N_GenomeWideSNP_6_A08_771552	22	16052528	16606302	88	0.2769
DUNGS_p_TCGA_b84_115_SNP_N_GenomeWideSNP_6_A08_771552	22	16626797	22473918	3215	-0.0057
DUNGS_p_TCGA_b84_115_SNP_N_GenomeWideSNP_6_A08_771552	22	22474023	22474613	5	-0.9706
DUNGS_p_TCGA_b84_115_SNP_N_GenomeWideSNP_6_A08_771552	22	22481498	23574494	826	-0.0492
DUNGS_p_TCGA_b84_115_SNP_N_GenomeWideSNP_6_A08_771552	22	23577112	23577589	2	-1.3081
DUNGS_p_TCGA_b84_115_SNP_N_GenomeWideSNP_6_A08_771552	22	23581302	37742992	10575	0.006
DUNGS_p_TCGA_b84_115_SNP_N_GenomeWideSNP_6_A08_771552	22	37748729	37749946	4	-1.1071
DUNGS_p_TCGA_b84_115_SNP_N_GenomeWideSNP_6_A08_771552	22	37750667	48145937	6506	-0.0083
DUNGS_p_TCGA_b84_115_SNP_N_GenomeWideSNP_6_A08_771552	22	48146737	48147100	2	-1.0117
DUNGS_p_TCGA_b84_115_SNP_N_GenomeWideSNP_6_A08_771552	22	48149197	51234455	2360	0.0381
DUNGS_p_TCGA_b84_115_SNP_N_GenomeWideSNP_6_A08_771552	X	168477	5703638	2378	0.0094
DUNGS_p_TCGA_b84_115_SNP_N_GenomeWideSNP_6_A08_771552	X	5706907	5711237	3	-1.2148
DUNGS_p_TCGA_b84_115_SNP_N_GenomeWideSNP_6_A08_771552	X	5712133	24595336	12685	-0.0048
DUNGS_p_TCGA_b84_115_SNP_N_GenomeWideSNP_6_A08_771552	X	24595414	24595747	4	0.8551
DUNGS_p_TCGA_b84_115_SNP_N_GenomeWideSNP_6_A08_771552	X	24597949	51419858	15743	-0.0011
DUNGS_p_TCGA_b84_115_SNP_N_GenomeWideSNP_6_A08_771552	X	51428469	51434082	2	2.3423
DUNGS_p_TCGA_b84_115_SNP_N_GenomeWideSNP_6_A08_771552	X	51436545	89699899	16443	-0.0061
DUNGS_p_TCGA_b84_115_SNP_N_GenomeWideSNP_6_A08_771552	X	89700649	89703356	2	-1.1469
DUNGS_p_TCGA_b84_115_SNP_N_GenomeWideSNP_6_A08_771552	X	89703920	115138403	13593	0.0106
DUNGS_p_TCGA_b84_115_SNP_N_GenomeWideSNP_6_A08_771552	X	115141541	115145337	3	0.944
DUNGS_p_TCGA_b84_115_SNP_N_GenomeWideSNP_6_A08_771552	X	115145755	134844970	11333	-0.0012
DUNGS_p_TCGA_b84_115_SNP_N_GenomeWideSNP_6_A08_771552	X	134848927	134874379	6	0.5411
DUNGS_p_TCGA_b84_115_SNP_N_GenomeWideSNP_6_A08_771552	X	134874967	140673423	3463	0.0125
DUNGS_p_TCGA_b84_115_SNP_N_GenomeWideSNP_6_A08_771552	X	140673732	140690068	6	-1.1894
DUNGS_p_TCGA_b84_115_SNP_N_GenomeWideSNP_6_A08_771552	X	140692762	143227581	1849	0.0329
DUNGS_p_TCGA_b84_115_SNP_N_GenomeWideSNP_6_A08_771552	X	143242282	143257330	3	-0.8519
DUNGS_p_TCGA_b84_115_SNP_N_GenomeWideSNP_6_A08_771552	X	143257417	154385156	6904	0.0021
DUNGS_p_TCGA_b84_115_SNP_N_GenomeWideSNP_6_A08_771552	X	154392382	154417401	10	-2.1476
DUNGS_p_TCGA_b84_115_SNP_N_GenomeWideSNP_6_A08_771552	X	154418294	155182354	232	-0.0342
DUNGS_p_TCGA_b84_115_SNP_N_GenomeWideSNP_6_A08_771552	Y	2650438	59018259	8635	-1.0687
