Sample	Chromosome	Start	End	Num_Probes	Segment_Mean
DUNGS_p_TCGA_b84_115_SNP_N_GenomeWideSNP_6_A10_771628	1	61735	12892309	6563	0.0153
DUNGS_p_TCGA_b84_115_SNP_N_GenomeWideSNP_6_A10_771628	1	12892508	12927107	8	0.6586
DUNGS_p_TCGA_b84_115_SNP_N_GenomeWideSNP_6_A10_771628	1	12927856	13384632	24	0.1223
DUNGS_p_TCGA_b84_115_SNP_N_GenomeWideSNP_6_A10_771628	1	13431652	13717772	25	-0.262
DUNGS_p_TCGA_b84_115_SNP_N_GenomeWideSNP_6_A10_771628	1	13717824	16149915	1804	0.0157
DUNGS_p_TCGA_b84_115_SNP_N_GenomeWideSNP_6_A10_771628	1	16153497	16153925	6	-1.6728
DUNGS_p_TCGA_b84_115_SNP_N_GenomeWideSNP_6_A10_771628	1	16154201	17016880	367	-0.0222
DUNGS_p_TCGA_b84_115_SNP_N_GenomeWideSNP_6_A10_771628	1	17017078	17048479	18	-1.3074
DUNGS_p_TCGA_b84_115_SNP_N_GenomeWideSNP_6_A10_771628	1	17056457	17182437	23	0.1437
DUNGS_p_TCGA_b84_115_SNP_N_GenomeWideSNP_6_A10_771628	1	17190004	17217907	12	-0.1905
DUNGS_p_TCGA_b84_115_SNP_N_GenomeWideSNP_6_A10_771628	1	17224970	17228706	5	0.1651
DUNGS_p_TCGA_b84_115_SNP_N_GenomeWideSNP_6_A10_771628	1	17235684	17261797	43	-0.2108
DUNGS_p_TCGA_b84_115_SNP_N_GenomeWideSNP_6_A10_771628	1	17261888	25574471	5272	0.0189
DUNGS_p_TCGA_b84_115_SNP_N_GenomeWideSNP_6_A10_771628	1	25574707	25663310	38	-0.3699
DUNGS_p_TCGA_b84_115_SNP_N_GenomeWideSNP_6_A10_771628	1	25663344	41021036	8179	0.0198
DUNGS_p_TCGA_b84_115_SNP_N_GenomeWideSNP_6_A10_771628	1	41022076	41028210	4	-1.0073
DUNGS_p_TCGA_b84_115_SNP_N_GenomeWideSNP_6_A10_771628	1	41028926	72750353	20680	0.017
DUNGS_p_TCGA_b84_115_SNP_N_GenomeWideSNP_6_A10_771628	1	72756113	72763370	9	-1.2239
DUNGS_p_TCGA_b84_115_SNP_N_GenomeWideSNP_6_A10_771628	1	72768418	76050844	1981	0.0249
DUNGS_p_TCGA_b84_115_SNP_N_GenomeWideSNP_6_A10_771628	1	76054763	76054854	2	-2.2347
DUNGS_p_TCGA_b84_115_SNP_N_GenomeWideSNP_6_A10_771628	1	76059509	104103230	18144	0.0217
DUNGS_p_TCGA_b84_115_SNP_N_GenomeWideSNP_6_A10_771628	1	104109238	104159384	27	0.4806
DUNGS_p_TCGA_b84_115_SNP_N_GenomeWideSNP_6_A10_771628	1	104163499	104239986	16	-0.194
DUNGS_p_TCGA_b84_115_SNP_N_GenomeWideSNP_6_A10_771628	1	104256880	104303403	12	1.003
DUNGS_p_TCGA_b84_115_SNP_N_GenomeWideSNP_6_A10_771628	1	104303501	106019205	920	0.0199
DUNGS_p_TCGA_b84_115_SNP_N_GenomeWideSNP_6_A10_771628	1	106019236	106022375	16	-2.5295
DUNGS_p_TCGA_b84_115_SNP_N_GenomeWideSNP_6_A10_771628	1	106024055	145184943	10104	0.0202
DUNGS_p_TCGA_b84_115_SNP_N_GenomeWideSNP_6_A10_771628	1	145187149	145187915	3	-1.4735
DUNGS_p_TCGA_b84_115_SNP_N_GenomeWideSNP_6_A10_771628	1	145191217	149229086	1058	0.0201
DUNGS_p_TCGA_b84_115_SNP_N_GenomeWideSNP_6_A10_771628	1	149229808	149246030	12	0.6643
DUNGS_p_TCGA_b84_115_SNP_N_GenomeWideSNP_6_A10_771628	1	149246275	149373541	34	0.2049
DUNGS_p_TCGA_b84_115_SNP_N_GenomeWideSNP_6_A10_771628	1	149384897	149436842	10	0.5408
DUNGS_p_TCGA_b84_115_SNP_N_GenomeWideSNP_6_A10_771628	1	149521840	149644969	11	-0.356
DUNGS_p_TCGA_b84_115_SNP_N_GenomeWideSNP_6_A10_771628	1	149645033	152555706	1489	0.0214
DUNGS_p_TCGA_b84_115_SNP_N_GenomeWideSNP_6_A10_771628	1	152555767	152586238	30	-2.2559
DUNGS_p_TCGA_b84_115_SNP_N_GenomeWideSNP_6_A10_771628	1	152586278	152754630	168	0.0492
DUNGS_p_TCGA_b84_115_SNP_N_GenomeWideSNP_6_A10_771628	1	152756308	152768281	40	-0.2815
DUNGS_p_TCGA_b84_115_SNP_N_GenomeWideSNP_6_A10_771628	1	152768338	158866573	3629	0.0204
DUNGS_p_TCGA_b84_115_SNP_N_GenomeWideSNP_6_A10_771628	1	158868501	158869759	2	1.4853
DUNGS_p_TCGA_b84_115_SNP_N_GenomeWideSNP_6_A10_771628	1	158874818	179330528	14359	0.0227
DUNGS_p_TCGA_b84_115_SNP_N_GenomeWideSNP_6_A10_771628	1	179331382	179333315	3	-1.2893
DUNGS_p_TCGA_b84_115_SNP_N_GenomeWideSNP_6_A10_771628	1	179339206	196714873	11589	0.0221
DUNGS_p_TCGA_b84_115_SNP_N_GenomeWideSNP_6_A10_771628	1	196727850	196801784	88	-0.2852
DUNGS_p_TCGA_b84_115_SNP_N_GenomeWideSNP_6_A10_771628	1	196801805	210071062	8835	0.0244
DUNGS_p_TCGA_b84_115_SNP_N_GenomeWideSNP_6_A10_771628	1	210081613	210083984	3	1.0402
DUNGS_p_TCGA_b84_115_SNP_N_GenomeWideSNP_6_A10_771628	1	210086552	212999819	1951	0.0129
DUNGS_p_TCGA_b84_115_SNP_N_GenomeWideSNP_6_A10_771628	1	213004455	213010436	8	-1.0092
DUNGS_p_TCGA_b84_115_SNP_N_GenomeWideSNP_6_A10_771628	1	213014453	214003718	628	0.0116
DUNGS_p_TCGA_b84_115_SNP_N_GenomeWideSNP_6_A10_771628	1	214007190	214011905	3	-0.8361
DUNGS_p_TCGA_b84_115_SNP_N_GenomeWideSNP_6_A10_771628	1	214014136	217709890	2807	0.0152
DUNGS_p_TCGA_b84_115_SNP_N_GenomeWideSNP_6_A10_771628	1	217710533	217710560	2	-1.3903
DUNGS_p_TCGA_b84_115_SNP_N_GenomeWideSNP_6_A10_771628	1	217719563	222366668	3227	0.0196
DUNGS_p_TCGA_b84_115_SNP_N_GenomeWideSNP_6_A10_771628	1	222374834	222377004	2	-1.0975
DUNGS_p_TCGA_b84_115_SNP_N_GenomeWideSNP_6_A10_771628	1	222382134	227425301	3066	0.0158
DUNGS_p_TCGA_b84_115_SNP_N_GenomeWideSNP_6_A10_771628	1	227426072	227426406	3	-1.0179
DUNGS_p_TCGA_b84_115_SNP_N_GenomeWideSNP_6_A10_771628	1	227429178	229811169	1380	0.0119
DUNGS_p_TCGA_b84_115_SNP_N_GenomeWideSNP_6_A10_771628	1	229816856	229820196	3	-3.4459
DUNGS_p_TCGA_b84_115_SNP_N_GenomeWideSNP_6_A10_771628	1	229820456	248737447	13895	0.0169
DUNGS_p_TCGA_b84_115_SNP_N_GenomeWideSNP_6_A10_771628	1	248749194	248795289	30	-0.7697
DUNGS_p_TCGA_b84_115_SNP_N_GenomeWideSNP_6_A10_771628	1	248795852	249224388	148	0.0111
DUNGS_p_TCGA_b84_115_SNP_N_GenomeWideSNP_6_A10_771628	2	12784	13196075	10016	0.0148
DUNGS_p_TCGA_b84_115_SNP_N_GenomeWideSNP_6_A10_771628	2	13200142	13275797	41	0.6054
DUNGS_p_TCGA_b84_115_SNP_N_GenomeWideSNP_6_A10_771628	2	13275879	13529853	144	0.036
DUNGS_p_TCGA_b84_115_SNP_N_GenomeWideSNP_6_A10_771628	2	13534976	13537390	3	-1.0899
DUNGS_p_TCGA_b84_115_SNP_N_GenomeWideSNP_6_A10_771628	2	13537736	34519448	13832	0.0103
DUNGS_p_TCGA_b84_115_SNP_N_GenomeWideSNP_6_A10_771628	2	34520473	34525967	4	0.6882
DUNGS_p_TCGA_b84_115_SNP_N_GenomeWideSNP_6_A10_771628	2	34529017	34701394	96	0.0247
DUNGS_p_TCGA_b84_115_SNP_N_GenomeWideSNP_6_A10_771628	2	34701583	34737057	44	0.4154
DUNGS_p_TCGA_b84_115_SNP_N_GenomeWideSNP_6_A10_771628	2	34737163	52754881	13062	0.0154
DUNGS_p_TCGA_b84_115_SNP_N_GenomeWideSNP_6_A10_771628	2	52758753	52781542	33	0.6816
DUNGS_p_TCGA_b84_115_SNP_N_GenomeWideSNP_6_A10_771628	2	52787949	77976713	16332	0.0177
DUNGS_p_TCGA_b84_115_SNP_N_GenomeWideSNP_6_A10_771628	2	77976748	77977226	5	-0.8347
DUNGS_p_TCGA_b84_115_SNP_N_GenomeWideSNP_6_A10_771628	2	77986678	97857927	7730	0.0143
DUNGS_p_TCGA_b84_115_SNP_N_GenomeWideSNP_6_A10_771628	2	97865337	97898583	17	-0.5738
DUNGS_p_TCGA_b84_115_SNP_N_GenomeWideSNP_6_A10_771628	2	97898653	98118212	22	0.1015
DUNGS_p_TCGA_b84_115_SNP_N_GenomeWideSNP_6_A10_771628	2	98140747	98162189	9	0.7005
DUNGS_p_TCGA_b84_115_SNP_N_GenomeWideSNP_6_A10_771628	2	98166878	106880713	5584	0.0179
DUNGS_p_TCGA_b84_115_SNP_N_GenomeWideSNP_6_A10_771628	2	106881539	106885357	10	-0.4732
DUNGS_p_TCGA_b84_115_SNP_N_GenomeWideSNP_6_A10_771628	2	106887255	140361385	19954	0.012
DUNGS_p_TCGA_b84_115_SNP_N_GenomeWideSNP_6_A10_771628	2	140366091	140373334	2	-1.0185
DUNGS_p_TCGA_b84_115_SNP_N_GenomeWideSNP_6_A10_771628	2	140378548	146864443	4019	0.0184
DUNGS_p_TCGA_b84_115_SNP_N_GenomeWideSNP_6_A10_771628	2	146864457	146866934	21	-1.9144
DUNGS_p_TCGA_b84_115_SNP_N_GenomeWideSNP_6_A10_771628	2	146877806	164636852	10608	0.0177
DUNGS_p_TCGA_b84_115_SNP_N_GenomeWideSNP_6_A10_771628	2	164643488	164645126	5	-0.7591
DUNGS_p_TCGA_b84_115_SNP_N_GenomeWideSNP_6_A10_771628	2	164646642	173555401	5503	0.022
DUNGS_p_TCGA_b84_115_SNP_N_GenomeWideSNP_6_A10_771628	2	173555880	173556036	2	-1.1606
DUNGS_p_TCGA_b84_115_SNP_N_GenomeWideSNP_6_A10_771628	2	173559068	184085453	6771	0.0174
DUNGS_p_TCGA_b84_115_SNP_N_GenomeWideSNP_6_A10_771628	2	184085788	184089724	9	-1.0272
DUNGS_p_TCGA_b84_115_SNP_N_GenomeWideSNP_6_A10_771628	2	184093998	242783396	36171	0.0152
DUNGS_p_TCGA_b84_115_SNP_N_GenomeWideSNP_6_A10_771628	2	242915466	242953866	33	-1.0392
DUNGS_p_TCGA_b84_115_SNP_N_GenomeWideSNP_6_A10_771628	2	242958067	242972236	22	-0.5686
DUNGS_p_TCGA_b84_115_SNP_N_GenomeWideSNP_6_A10_771628	2	242972295	243034519	57	-0.9569
DUNGS_p_TCGA_b84_115_SNP_N_GenomeWideSNP_6_A10_771628	2	243034686	243089456	30	-0.1059
DUNGS_p_TCGA_b84_115_SNP_N_GenomeWideSNP_6_A10_771628	3	60345	2047129	1802	0.0339
DUNGS_p_TCGA_b84_115_SNP_N_GenomeWideSNP_6_A10_771628	3	2047417	2048351	3	-0.8957
DUNGS_p_TCGA_b84_115_SNP_N_GenomeWideSNP_6_A10_771628	3	2050726	6646543	4045	0.0267
DUNGS_p_TCGA_b84_115_SNP_N_GenomeWideSNP_6_A10_771628	3	6651128	6655078	24	-0.9112
DUNGS_p_TCGA_b84_115_SNP_N_GenomeWideSNP_6_A10_771628	3	6655248	16046901	6920	0.0167
DUNGS_p_TCGA_b84_115_SNP_N_GenomeWideSNP_6_A10_771628	3	16047064	16052298	3	-0.7969
DUNGS_p_TCGA_b84_115_SNP_N_GenomeWideSNP_6_A10_771628	3	16053335	16239063	160	0.0148
DUNGS_p_TCGA_b84_115_SNP_N_GenomeWideSNP_6_A10_771628	3	16240556	16241179	6	-0.5949
DUNGS_p_TCGA_b84_115_SNP_N_GenomeWideSNP_6_A10_771628	3	16241325	17540600	850	0.0224
DUNGS_p_TCGA_b84_115_SNP_N_GenomeWideSNP_6_A10_771628	3	17543202	17544013	2	-1.3169
DUNGS_p_TCGA_b84_115_SNP_N_GenomeWideSNP_6_A10_771628	3	17546438	22481346	3216	0.0203
DUNGS_p_TCGA_b84_115_SNP_N_GenomeWideSNP_6_A10_771628	3	22482089	22482105	2	-1.146
DUNGS_p_TCGA_b84_115_SNP_N_GenomeWideSNP_6_A10_771628	3	22482768	26426191	2924	0.0174
DUNGS_p_TCGA_b84_115_SNP_N_GenomeWideSNP_6_A10_771628	3	26434124	26439343	5	-0.868
DUNGS_p_TCGA_b84_115_SNP_N_GenomeWideSNP_6_A10_771628	3	26445973	26611649	119	0.046
DUNGS_p_TCGA_b84_115_SNP_N_GenomeWideSNP_6_A10_771628	3	26611667	26611885	4	-0.6211
DUNGS_p_TCGA_b84_115_SNP_N_GenomeWideSNP_6_A10_771628	3	26611898	26614974	9	0.0337
DUNGS_p_TCGA_b84_115_SNP_N_GenomeWideSNP_6_A10_771628	3	26614976	26614985	7	-0.5196
DUNGS_p_TCGA_b84_115_SNP_N_GenomeWideSNP_6_A10_771628	3	26615949	46049708	12698	0.0209
DUNGS_p_TCGA_b84_115_SNP_N_GenomeWideSNP_6_A10_771628	3	46049836	46051713	2	-1.2473
DUNGS_p_TCGA_b84_115_SNP_N_GenomeWideSNP_6_A10_771628	3	46051743	68746164	15106	0.0198
DUNGS_p_TCGA_b84_115_SNP_N_GenomeWideSNP_6_A10_771628	3	68746259	68747413	14	-1.7161
DUNGS_p_TCGA_b84_115_SNP_N_GenomeWideSNP_6_A10_771628	3	68748758	74635097	4479	0.0141
DUNGS_p_TCGA_b84_115_SNP_N_GenomeWideSNP_6_A10_771628	3	74646892	74647267	2	-1.0128
DUNGS_p_TCGA_b84_115_SNP_N_GenomeWideSNP_6_A10_771628	3	74649185	75421170	399	0.0207
DUNGS_p_TCGA_b84_115_SNP_N_GenomeWideSNP_6_A10_771628	3	75427107	75620895	74	-0.8708
DUNGS_p_TCGA_b84_115_SNP_N_GenomeWideSNP_6_A10_771628	3	75638741	98945299	11027	0.022
DUNGS_p_TCGA_b84_115_SNP_N_GenomeWideSNP_6_A10_771628	3	98945395	98949308	22	0.3562
DUNGS_p_TCGA_b84_115_SNP_N_GenomeWideSNP_6_A10_771628	3	98949314	129766586	18766	0.0187
DUNGS_p_TCGA_b84_115_SNP_N_GenomeWideSNP_6_A10_771628	3	129775858	129806236	50	-1.7938
DUNGS_p_TCGA_b84_115_SNP_N_GenomeWideSNP_6_A10_771628	3	129806924	137033060	4513	0.0222
DUNGS_p_TCGA_b84_115_SNP_N_GenomeWideSNP_6_A10_771628	3	137033260	137033263	3	0.9503
DUNGS_p_TCGA_b84_115_SNP_N_GenomeWideSNP_6_A10_771628	3	137033422	141473925	2754	0.017
DUNGS_p_TCGA_b84_115_SNP_N_GenomeWideSNP_6_A10_771628	3	141474351	141475956	3	-0.7421
DUNGS_p_TCGA_b84_115_SNP_N_GenomeWideSNP_6_A10_771628	3	141486180	143285765	1109	0.0224
DUNGS_p_TCGA_b84_115_SNP_N_GenomeWideSNP_6_A10_771628	3	143285800	143285974	4	0.6908
DUNGS_p_TCGA_b84_115_SNP_N_GenomeWideSNP_6_A10_771628	3	143286801	146379189	2027	0.0187
DUNGS_p_TCGA_b84_115_SNP_N_GenomeWideSNP_6_A10_771628	3	146382994	146386132	4	-0.7951
DUNGS_p_TCGA_b84_115_SNP_N_GenomeWideSNP_6_A10_771628	3	146391984	158350118	7278	0.0196
DUNGS_p_TCGA_b84_115_SNP_N_GenomeWideSNP_6_A10_771628	3	158350884	158351545	2	-1.626
DUNGS_p_TCGA_b84_115_SNP_N_GenomeWideSNP_6_A10_771628	3	158358872	162513149	2615	0.0211
DUNGS_p_TCGA_b84_115_SNP_N_GenomeWideSNP_6_A10_771628	3	162513459	162625995	66	-1.6398
DUNGS_p_TCGA_b84_115_SNP_N_GenomeWideSNP_6_A10_771628	3	162626572	168730180	3447	0.0244
DUNGS_p_TCGA_b84_115_SNP_N_GenomeWideSNP_6_A10_771628	3	168733402	168738628	2	-1.876
DUNGS_p_TCGA_b84_115_SNP_N_GenomeWideSNP_6_A10_771628	3	168739827	192878593	15767	0.0197
DUNGS_p_TCGA_b84_115_SNP_N_GenomeWideSNP_6_A10_771628	3	192878821	192879006	2	1.3653
DUNGS_p_TCGA_b84_115_SNP_N_GenomeWideSNP_6_A10_771628	3	192880473	195412212	1506	0.0137
DUNGS_p_TCGA_b84_115_SNP_N_GenomeWideSNP_6_A10_771628	3	195418263	195442582	18	0.7424
DUNGS_p_TCGA_b84_115_SNP_N_GenomeWideSNP_6_A10_771628	3	195446597	197838578	1177	0.0068
DUNGS_p_TCGA_b84_115_SNP_N_GenomeWideSNP_6_A10_771628	3	197845216	197896118	20	-0.4594
DUNGS_p_TCGA_b84_115_SNP_N_GenomeWideSNP_6_A10_771628	4	12281	9464972	5257	0.0131
DUNGS_p_TCGA_b84_115_SNP_N_GenomeWideSNP_6_A10_771628	4	9470734	9479206	5	0.666
DUNGS_p_TCGA_b84_115_SNP_N_GenomeWideSNP_6_A10_771628	4	9479345	9859976	167	-0.0245
DUNGS_p_TCGA_b84_115_SNP_N_GenomeWideSNP_6_A10_771628	4	9864227	9865042	2	-1.4125
DUNGS_p_TCGA_b84_115_SNP_N_GenomeWideSNP_6_A10_771628	4	9867502	10183611	325	0.0326
DUNGS_p_TCGA_b84_115_SNP_N_GenomeWideSNP_6_A10_771628	4	10183895	10193427	14	-0.2169
DUNGS_p_TCGA_b84_115_SNP_N_GenomeWideSNP_6_A10_771628	4	10193604	10210390	39	0.0165
DUNGS_p_TCGA_b84_115_SNP_N_GenomeWideSNP_6_A10_771628	4	10214160	10231249	28	-1.9941
DUNGS_p_TCGA_b84_115_SNP_N_GenomeWideSNP_6_A10_771628	4	10231498	10235268	8	-0.5419
DUNGS_p_TCGA_b84_115_SNP_N_GenomeWideSNP_6_A10_771628	4	10236142	34779054	17007	0.018
DUNGS_p_TCGA_b84_115_SNP_N_GenomeWideSNP_6_A10_771628	4	34786500	34824725	38	0.5882
DUNGS_p_TCGA_b84_115_SNP_N_GenomeWideSNP_6_A10_771628	4	34829872	36845644	1329	0.0222
DUNGS_p_TCGA_b84_115_SNP_N_GenomeWideSNP_6_A10_771628	4	36846306	36851487	10	-0.9548
DUNGS_p_TCGA_b84_115_SNP_N_GenomeWideSNP_6_A10_771628	4	36854893	49267848	7656	0.0157
DUNGS_p_TCGA_b84_115_SNP_N_GenomeWideSNP_6_A10_771628	4	49291192	49291355	2	1.1623
DUNGS_p_TCGA_b84_115_SNP_N_GenomeWideSNP_6_A10_771628	4	49297220	53654874	537	0.0169
DUNGS_p_TCGA_b84_115_SNP_N_GenomeWideSNP_6_A10_771628	4	53655155	53656693	2	-1.0669
DUNGS_p_TCGA_b84_115_SNP_N_GenomeWideSNP_6_A10_771628	4	53657577	64693940	7069	0.0224
DUNGS_p_TCGA_b84_115_SNP_N_GenomeWideSNP_6_A10_771628	4	64697469	64707605	23	-0.2766
DUNGS_p_TCGA_b84_115_SNP_N_GenomeWideSNP_6_A10_771628	4	64707754	64708258	6	-1.0316
DUNGS_p_TCGA_b84_115_SNP_N_GenomeWideSNP_6_A10_771628	4	64716431	69284591	2866	0.0247
DUNGS_p_TCGA_b84_115_SNP_N_GenomeWideSNP_6_A10_771628	4	69288138	69288142	3	0.8452
DUNGS_p_TCGA_b84_115_SNP_N_GenomeWideSNP_6_A10_771628	4	69294799	69485840	80	-0.1666
DUNGS_p_TCGA_b84_115_SNP_N_GenomeWideSNP_6_A10_771628	4	69485979	70132370	337	0.0221
DUNGS_p_TCGA_b84_115_SNP_N_GenomeWideSNP_6_A10_771628	4	70134680	70242896	54	0.3367
DUNGS_p_TCGA_b84_115_SNP_N_GenomeWideSNP_6_A10_771628	4	70244081	121974675	31559	0.0198
DUNGS_p_TCGA_b84_115_SNP_N_GenomeWideSNP_6_A10_771628	4	121980471	121980638	2	-1.1555
DUNGS_p_TCGA_b84_115_SNP_N_GenomeWideSNP_6_A10_771628	4	121982122	130175749	4656	0.0243
DUNGS_p_TCGA_b84_115_SNP_N_GenomeWideSNP_6_A10_771628	4	130176485	130179574	3	-0.7455
DUNGS_p_TCGA_b84_115_SNP_N_GenomeWideSNP_6_A10_771628	4	130180224	138092239	4457	0.0234
DUNGS_p_TCGA_b84_115_SNP_N_GenomeWideSNP_6_A10_771628	4	138092420	138093414	14	-0.703
DUNGS_p_TCGA_b84_115_SNP_N_GenomeWideSNP_6_A10_771628	4	138094958	161874000	14786	0.0179
DUNGS_p_TCGA_b84_115_SNP_N_GenomeWideSNP_6_A10_771628	4	161880018	161880141	3	-0.8573
DUNGS_p_TCGA_b84_115_SNP_N_GenomeWideSNP_6_A10_771628	4	161880197	161884600	17	-2.9934
DUNGS_p_TCGA_b84_115_SNP_N_GenomeWideSNP_6_A10_771628	4	161884908	161885178	10	0.4275
DUNGS_p_TCGA_b84_115_SNP_N_GenomeWideSNP_6_A10_771628	4	161885262	172368442	6672	0.0218
DUNGS_p_TCGA_b84_115_SNP_N_GenomeWideSNP_6_A10_771628	4	172368531	172377724	13	-1.0951
DUNGS_p_TCGA_b84_115_SNP_N_GenomeWideSNP_6_A10_771628	4	172377776	172987928	398	0.0275
DUNGS_p_TCGA_b84_115_SNP_N_GenomeWideSNP_6_A10_771628	4	172989148	172989533	12	0.6601
DUNGS_p_TCGA_b84_115_SNP_N_GenomeWideSNP_6_A10_771628	4	172995979	173422522	232	0.03
DUNGS_p_TCGA_b84_115_SNP_N_GenomeWideSNP_6_A10_771628	4	173424947	173428643	7	0.7676
DUNGS_p_TCGA_b84_115_SNP_N_GenomeWideSNP_6_A10_771628	4	173441132	185123766	7900	0.0189
DUNGS_p_TCGA_b84_115_SNP_N_GenomeWideSNP_6_A10_771628	4	185125235	185127194	3	-1.0831
DUNGS_p_TCGA_b84_115_SNP_N_GenomeWideSNP_6_A10_771628	4	185127748	191027923	3997	0.0143
DUNGS_p_TCGA_b84_115_SNP_N_GenomeWideSNP_6_A10_771628	5	15532	21376844	15745	0.014
DUNGS_p_TCGA_b84_115_SNP_N_GenomeWideSNP_6_A10_771628	5	21377839	21377853	2	1.3268
DUNGS_p_TCGA_b84_115_SNP_N_GenomeWideSNP_6_A10_771628	5	21386066	21451200	46	0.0302
DUNGS_p_TCGA_b84_115_SNP_N_GenomeWideSNP_6_A10_771628	5	21451277	21452496	5	0.649
DUNGS_p_TCGA_b84_115_SNP_N_GenomeWideSNP_6_A10_771628	5	21454939	34566860	8164	0.0189
DUNGS_p_TCGA_b84_115_SNP_N_GenomeWideSNP_6_A10_771628	5	34567310	34567367	3	-1.0375
DUNGS_p_TCGA_b84_115_SNP_N_GenomeWideSNP_6_A10_771628	5	34567382	34865602	225	-0.0113
DUNGS_p_TCGA_b84_115_SNP_N_GenomeWideSNP_6_A10_771628	5	34871586	34871932	2	-1.0362
DUNGS_p_TCGA_b84_115_SNP_N_GenomeWideSNP_6_A10_771628	5	34872544	57321646	11735	0.0173
DUNGS_p_TCGA_b84_115_SNP_N_GenomeWideSNP_6_A10_771628	5	57326027	57333533	32	-0.5862
DUNGS_p_TCGA_b84_115_SNP_N_GenomeWideSNP_6_A10_771628	5	57338357	68846303	7308	0.0161
DUNGS_p_TCGA_b84_115_SNP_N_GenomeWideSNP_6_A10_771628	5	68867294	69074977	2	-1.567
DUNGS_p_TCGA_b84_115_SNP_N_GenomeWideSNP_6_A10_771628	5	69074991	74181209	2376	0.0152
DUNGS_p_TCGA_b84_115_SNP_N_GenomeWideSNP_6_A10_771628	5	74183863	74186073	3	-1.1722
DUNGS_p_TCGA_b84_115_SNP_N_GenomeWideSNP_6_A10_771628	5	74192125	85126511	6748	0.0184
DUNGS_p_TCGA_b84_115_SNP_N_GenomeWideSNP_6_A10_771628	5	85127452	85129712	2	-1.3022
DUNGS_p_TCGA_b84_115_SNP_N_GenomeWideSNP_6_A10_771628	5	85130611	155475105	43970	0.0177
DUNGS_p_TCGA_b84_115_SNP_N_GenomeWideSNP_6_A10_771628	5	155476772	155495253	16	-0.535
DUNGS_p_TCGA_b84_115_SNP_N_GenomeWideSNP_6_A10_771628	5	155495257	164919132	6222	0.0179
DUNGS_p_TCGA_b84_115_SNP_N_GenomeWideSNP_6_A10_771628	5	164919804	164926850	2	-1.069
DUNGS_p_TCGA_b84_115_SNP_N_GenomeWideSNP_6_A10_771628	5	164927844	165816820	640	0.0167
DUNGS_p_TCGA_b84_115_SNP_N_GenomeWideSNP_6_A10_771628	5	165819822	165821335	3	-0.5825
DUNGS_p_TCGA_b84_115_SNP_N_GenomeWideSNP_6_A10_771628	5	165823317	168181632	1760	0.017
DUNGS_p_TCGA_b84_115_SNP_N_GenomeWideSNP_6_A10_771628	5	168182282	168182776	2	-1.0107
DUNGS_p_TCGA_b84_115_SNP_N_GenomeWideSNP_6_A10_771628	5	168186217	175460087	5480	0.012
DUNGS_p_TCGA_b84_115_SNP_N_GenomeWideSNP_6_A10_771628	5	175465689	175469507	2	-1.3618
DUNGS_p_TCGA_b84_115_SNP_N_GenomeWideSNP_6_A10_771628	5	175470324	178107822	1180	0.014
DUNGS_p_TCGA_b84_115_SNP_N_GenomeWideSNP_6_A10_771628	5	178109975	178118855	4	-0.8289
DUNGS_p_TCGA_b84_115_SNP_N_GenomeWideSNP_6_A10_771628	5	178119758	180374523	1362	0.013
DUNGS_p_TCGA_b84_115_SNP_N_GenomeWideSNP_6_A10_771628	5	180378710	180417207	15	0.6418
DUNGS_p_TCGA_b84_115_SNP_N_GenomeWideSNP_6_A10_771628	5	180417614	180790320	175	0.0098
DUNGS_p_TCGA_b84_115_SNP_N_GenomeWideSNP_6_A10_771628	6	149661	19040119	14814	0.0191
DUNGS_p_TCGA_b84_115_SNP_N_GenomeWideSNP_6_A10_771628	6	19042181	19042818	3	-1.176
DUNGS_p_TCGA_b84_115_SNP_N_GenomeWideSNP_6_A10_771628	6	19044702	26728859	5482	0.0209
DUNGS_p_TCGA_b84_115_SNP_N_GenomeWideSNP_6_A10_771628	6	26732391	26768569	27	-0.6325
DUNGS_p_TCGA_b84_115_SNP_N_GenomeWideSNP_6_A10_771628	6	26773063	29837188	1442	0.0278
DUNGS_p_TCGA_b84_115_SNP_N_GenomeWideSNP_6_A10_771628	6	29837314	29850196	15	-0.8842
DUNGS_p_TCGA_b84_115_SNP_N_GenomeWideSNP_6_A10_771628	6	29850274	31280823	673	0.0205
DUNGS_p_TCGA_b84_115_SNP_N_GenomeWideSNP_6_A10_771628	6	31286276	31295953	8	-1.6863
DUNGS_p_TCGA_b84_115_SNP_N_GenomeWideSNP_6_A10_771628	6	31295987	32595083	562	0.0208
DUNGS_p_TCGA_b84_115_SNP_N_GenomeWideSNP_6_A10_771628	6	32595232	32601317	2	-2.1623
DUNGS_p_TCGA_b84_115_SNP_N_GenomeWideSNP_6_A10_771628	6	32602107	32624591	11	-0.0165
DUNGS_p_TCGA_b84_115_SNP_N_GenomeWideSNP_6_A10_771628	6	32625095	32626618	4	0.7937
DUNGS_p_TCGA_b84_115_SNP_N_GenomeWideSNP_6_A10_771628	6	32650612	42875465	6631	0.0216
DUNGS_p_TCGA_b84_115_SNP_N_GenomeWideSNP_6_A10_771628	6	42880937	42891311	4	-1.0055
DUNGS_p_TCGA_b84_115_SNP_N_GenomeWideSNP_6_A10_771628	6	42895066	50892728	4906	0.0182
DUNGS_p_TCGA_b84_115_SNP_N_GenomeWideSNP_6_A10_771628	6	50893251	50893291	2	1.7779
DUNGS_p_TCGA_b84_115_SNP_N_GenomeWideSNP_6_A10_771628	6	50899273	53931151	2214	0.0219
DUNGS_p_TCGA_b84_115_SNP_N_GenomeWideSNP_6_A10_771628	6	53931230	53931855	6	-1.5576
DUNGS_p_TCGA_b84_115_SNP_N_GenomeWideSNP_6_A10_771628	6	53935348	55319485	887	0.0243
DUNGS_p_TCGA_b84_115_SNP_N_GenomeWideSNP_6_A10_771628	6	55319676	55320311	4	-0.9428
DUNGS_p_TCGA_b84_115_SNP_N_GenomeWideSNP_6_A10_771628	6	55320678	56295657	639	0.0227
DUNGS_p_TCGA_b84_115_SNP_N_GenomeWideSNP_6_A10_771628	6	56298479	56298924	2	-0.9853
DUNGS_p_TCGA_b84_115_SNP_N_GenomeWideSNP_6_A10_771628	6	56299317	65336942	2828	0.013
DUNGS_p_TCGA_b84_115_SNP_N_GenomeWideSNP_6_A10_771628	6	65347544	65348992	2	1.0536
DUNGS_p_TCGA_b84_115_SNP_N_GenomeWideSNP_6_A10_771628	6	65350776	65711399	240	0.0327
DUNGS_p_TCGA_b84_115_SNP_N_GenomeWideSNP_6_A10_771628	6	65713737	65717384	3	-0.9074
DUNGS_p_TCGA_b84_115_SNP_N_GenomeWideSNP_6_A10_771628	6	65731566	67037554	895	0.0323
DUNGS_p_TCGA_b84_115_SNP_N_GenomeWideSNP_6_A10_771628	6	67038021	67043192	9	0.5231
DUNGS_p_TCGA_b84_115_SNP_N_GenomeWideSNP_6_A10_771628	6	67043235	73218691	4171	0.029
DUNGS_p_TCGA_b84_115_SNP_N_GenomeWideSNP_6_A10_771628	6	73221841	73227795	3	-0.7103
DUNGS_p_TCGA_b84_115_SNP_N_GenomeWideSNP_6_A10_771628	6	73228324	74591858	848	0.0157
DUNGS_p_TCGA_b84_115_SNP_N_GenomeWideSNP_6_A10_771628	6	74592225	74597341	9	0.6144
DUNGS_p_TCGA_b84_115_SNP_N_GenomeWideSNP_6_A10_771628	6	74601410	78962889	2773	0.0156
DUNGS_p_TCGA_b84_115_SNP_N_GenomeWideSNP_6_A10_771628	6	78969065	79032317	108	0.3933
DUNGS_p_TCGA_b84_115_SNP_N_GenomeWideSNP_6_A10_771628	6	79032592	103747610	15524	0.0229
DUNGS_p_TCGA_b84_115_SNP_N_GenomeWideSNP_6_A10_771628	6	103747730	103762032	29	-0.2894
DUNGS_p_TCGA_b84_115_SNP_N_GenomeWideSNP_6_A10_771628	6	103762049	114221955	6685	0.0181
DUNGS_p_TCGA_b84_115_SNP_N_GenomeWideSNP_6_A10_771628	6	114224841	114225016	2	1.1873
DUNGS_p_TCGA_b84_115_SNP_N_GenomeWideSNP_6_A10_771628	6	114225811	124431774	6032	0.0253
DUNGS_p_TCGA_b84_115_SNP_N_GenomeWideSNP_6_A10_771628	6	124435941	124461689	19	0.5867
DUNGS_p_TCGA_b84_115_SNP_N_GenomeWideSNP_6_A10_771628	6	124470365	128428553	2382	0.0162
DUNGS_p_TCGA_b84_115_SNP_N_GenomeWideSNP_6_A10_771628	6	128432430	128436415	7	-0.9826
DUNGS_p_TCGA_b84_115_SNP_N_GenomeWideSNP_6_A10_771628	6	128439814	132706261	2849	0.0221
DUNGS_p_TCGA_b84_115_SNP_N_GenomeWideSNP_6_A10_771628	6	132709357	132712426	3	-0.9632
DUNGS_p_TCGA_b84_115_SNP_N_GenomeWideSNP_6_A10_771628	6	132712925	149989457	11413	0.0228
DUNGS_p_TCGA_b84_115_SNP_N_GenomeWideSNP_6_A10_771628	6	149996720	149996994	2	-1.7201
DUNGS_p_TCGA_b84_115_SNP_N_GenomeWideSNP_6_A10_771628	6	149999787	171051005	14899	0.0172
DUNGS_p_TCGA_b84_115_SNP_N_GenomeWideSNP_6_A10_771628	7	43355	6837006	3443	0.0167
DUNGS_p_TCGA_b84_115_SNP_N_GenomeWideSNP_6_A10_771628	7	6837068	7001607	53	-0.262
DUNGS_p_TCGA_b84_115_SNP_N_GenomeWideSNP_6_A10_771628	7	7002044	38303144	23976	0.0225
DUNGS_p_TCGA_b84_115_SNP_N_GenomeWideSNP_6_A10_771628	7	38303434	38358227	98	-0.1789
DUNGS_p_TCGA_b84_115_SNP_N_GenomeWideSNP_6_A10_771628	7	38358412	54380373	11042	0.0146
DUNGS_p_TCGA_b84_115_SNP_N_GenomeWideSNP_6_A10_771628	7	54386505	54386517	6	1.538
DUNGS_p_TCGA_b84_115_SNP_N_GenomeWideSNP_6_A10_771628	7	54393488	54684099	201	0.0453
DUNGS_p_TCGA_b84_115_SNP_N_GenomeWideSNP_6_A10_771628	7	54688844	54689416	3	-0.7708
DUNGS_p_TCGA_b84_115_SNP_N_GenomeWideSNP_6_A10_771628	7	54693856	56761500	1369	0.0015
DUNGS_p_TCGA_b84_115_SNP_N_GenomeWideSNP_6_A10_771628	7	56762113	56768814	3	-0.7985
DUNGS_p_TCGA_b84_115_SNP_N_GenomeWideSNP_6_A10_771628	7	56772166	64568852	1564	0.0049
DUNGS_p_TCGA_b84_115_SNP_N_GenomeWideSNP_6_A10_771628	7	64594065	64595118	5	-1.4149
DUNGS_p_TCGA_b84_115_SNP_N_GenomeWideSNP_6_A10_771628	7	64595698	69963613	2830	0.0058
DUNGS_p_TCGA_b84_115_SNP_N_GenomeWideSNP_6_A10_771628	7	69969106	69969400	2	-1.2692
DUNGS_p_TCGA_b84_115_SNP_N_GenomeWideSNP_6_A10_771628	7	69970854	86932765	9576	0.0172
DUNGS_p_TCGA_b84_115_SNP_N_GenomeWideSNP_6_A10_771628	7	86940803	86946888	3	-1.072
DUNGS_p_TCGA_b84_115_SNP_N_GenomeWideSNP_6_A10_771628	7	86948227	97395460	6622	0.0209
DUNGS_p_TCGA_b84_115_SNP_N_GenomeWideSNP_6_A10_771628	7	97395462	97402227	13	-0.6894
DUNGS_p_TCGA_b84_115_SNP_N_GenomeWideSNP_6_A10_771628	7	97402288	109441212	6666	0.0174
DUNGS_p_TCGA_b84_115_SNP_N_GenomeWideSNP_6_A10_771628	7	109441244	109453982	12	-0.6428
DUNGS_p_TCGA_b84_115_SNP_N_GenomeWideSNP_6_A10_771628	7	109454229	122821092	8059	0.0174
DUNGS_p_TCGA_b84_115_SNP_N_GenomeWideSNP_6_A10_771628	7	122824251	122826811	8	-1.1362
DUNGS_p_TCGA_b84_115_SNP_N_GenomeWideSNP_6_A10_771628	7	122839445	126044974	1978	0.0183
DUNGS_p_TCGA_b84_115_SNP_N_GenomeWideSNP_6_A10_771628	7	126045482	126046876	13	-0.9289
DUNGS_p_TCGA_b84_115_SNP_N_GenomeWideSNP_6_A10_771628	7	126046877	133785211	4711	0.0161
DUNGS_p_TCGA_b84_115_SNP_N_GenomeWideSNP_6_A10_771628	7	133785309	133795634	24	0.6476
DUNGS_p_TCGA_b84_115_SNP_N_GenomeWideSNP_6_A10_771628	7	133795665	142474939	5707	0.0198
DUNGS_p_TCGA_b84_115_SNP_N_GenomeWideSNP_6_A10_771628	7	142476719	142486115	28	0.4638
DUNGS_p_TCGA_b84_115_SNP_N_GenomeWideSNP_6_A10_771628	7	142486345	147713980	3291	0.019
DUNGS_p_TCGA_b84_115_SNP_N_GenomeWideSNP_6_A10_771628	7	147713993	147716165	6	-0.7024
DUNGS_p_TCGA_b84_115_SNP_N_GenomeWideSNP_6_A10_771628	7	147717262	159127004	7289	0.0144
DUNGS_p_TCGA_b84_115_SNP_N_GenomeWideSNP_6_A10_771628	8	31254	1360130	868	0.015
DUNGS_p_TCGA_b84_115_SNP_N_GenomeWideSNP_6_A10_771628	8	1360322	1367602	38	-0.3276
DUNGS_p_TCGA_b84_115_SNP_N_GenomeWideSNP_6_A10_771628	8	1367688	2247827	745	0.024
DUNGS_p_TCGA_b84_115_SNP_N_GenomeWideSNP_6_A10_771628	8	2254638	2256068	3	-1.5775
DUNGS_p_TCGA_b84_115_SNP_N_GenomeWideSNP_6_A10_771628	8	2256144	2259223	7	-0.4683
DUNGS_p_TCGA_b84_115_SNP_N_GenomeWideSNP_6_A10_771628	8	2259329	2701934	462	0.0512
DUNGS_p_TCGA_b84_115_SNP_N_GenomeWideSNP_6_A10_771628	8	2703533	2703899	7	-1.22
DUNGS_p_TCGA_b84_115_SNP_N_GenomeWideSNP_6_A10_771628	8	2707171	3461993	822	0.0291
DUNGS_p_TCGA_b84_115_SNP_N_GenomeWideSNP_6_A10_771628	8	3463138	3463339	2	-1.2399
DUNGS_p_TCGA_b84_115_SNP_N_GenomeWideSNP_6_A10_771628	8	3463445	3997559	834	0.0463
DUNGS_p_TCGA_b84_115_SNP_N_GenomeWideSNP_6_A10_771628	8	3997607	4002316	9	0.5291
DUNGS_p_TCGA_b84_115_SNP_N_GenomeWideSNP_6_A10_771628	8	4002653	6858815	3947	0.0349
DUNGS_p_TCGA_b84_115_SNP_N_GenomeWideSNP_6_A10_771628	8	6859406	6876142	3	0.8793
DUNGS_p_TCGA_b84_115_SNP_N_GenomeWideSNP_6_A10_771628	8	6878188	7215726	99	-0.0173
DUNGS_p_TCGA_b84_115_SNP_N_GenomeWideSNP_6_A10_771628	8	7215742	7238019	18	-1.3013
DUNGS_p_TCGA_b84_115_SNP_N_GenomeWideSNP_6_A10_771628	8	7250380	8055260	215	-0.2159
DUNGS_p_TCGA_b84_115_SNP_N_GenomeWideSNP_6_A10_771628	8	8070303	11949551	3230	0.023
DUNGS_p_TCGA_b84_115_SNP_N_GenomeWideSNP_6_A10_771628	8	11987726	12001123	6	-0.8359
DUNGS_p_TCGA_b84_115_SNP_N_GenomeWideSNP_6_A10_771628	8	12034307	12232281	12	0.1297
DUNGS_p_TCGA_b84_115_SNP_N_GenomeWideSNP_6_A10_771628	8	12232416	12247486	37	0.5349
DUNGS_p_TCGA_b84_115_SNP_N_GenomeWideSNP_6_A10_771628	8	12260927	13804535	1359	0.0099
DUNGS_p_TCGA_b84_115_SNP_N_GenomeWideSNP_6_A10_771628	8	13804598	13815237	12	-0.513
DUNGS_p_TCGA_b84_115_SNP_N_GenomeWideSNP_6_A10_771628	8	13815335	14509568	655	0.0279
DUNGS_p_TCGA_b84_115_SNP_N_GenomeWideSNP_6_A10_771628	8	14510032	14510074	3	-1.0226
DUNGS_p_TCGA_b84_115_SNP_N_GenomeWideSNP_6_A10_771628	8	14510396	24972187	8472	0.0197
DUNGS_p_TCGA_b84_115_SNP_N_GenomeWideSNP_6_A10_771628	8	24974443	24984333	27	0.6334
DUNGS_p_TCGA_b84_115_SNP_N_GenomeWideSNP_6_A10_771628	8	24991104	39230659	9049	0.017
DUNGS_p_TCGA_b84_115_SNP_N_GenomeWideSNP_6_A10_771628	8	39235603	39386965	59	0.6246
DUNGS_p_TCGA_b84_115_SNP_N_GenomeWideSNP_6_A10_771628	8	39388299	39830700	268	0.0392
DUNGS_p_TCGA_b84_115_SNP_N_GenomeWideSNP_6_A10_771628	8	39830957	39831647	3	-0.9694
DUNGS_p_TCGA_b84_115_SNP_N_GenomeWideSNP_6_A10_771628	8	39834819	40771513	803	0.0231
DUNGS_p_TCGA_b84_115_SNP_N_GenomeWideSNP_6_A10_771628	8	40771996	40778471	3	0.6568
DUNGS_p_TCGA_b84_115_SNP_N_GenomeWideSNP_6_A10_771628	8	40783680	41263641	293	0.0042
DUNGS_p_TCGA_b84_115_SNP_N_GenomeWideSNP_6_A10_771628	8	41264427	41267344	2	-0.9549
DUNGS_p_TCGA_b84_115_SNP_N_GenomeWideSNP_6_A10_771628	8	41267481	47385092	1340	0.003
DUNGS_p_TCGA_b84_115_SNP_N_GenomeWideSNP_6_A10_771628	8	47397089	47398258	4	-0.8553
DUNGS_p_TCGA_b84_115_SNP_N_GenomeWideSNP_6_A10_771628	8	47411311	47521117	58	0.0118
DUNGS_p_TCGA_b84_115_SNP_N_GenomeWideSNP_6_A10_771628	8	47525576	47536546	10	0.5351
DUNGS_p_TCGA_b84_115_SNP_N_GenomeWideSNP_6_A10_771628	8	47546095	51030772	1813	0.0178
DUNGS_p_TCGA_b84_115_SNP_N_GenomeWideSNP_6_A10_771628	8	51032011	51033423	9	0.5296
DUNGS_p_TCGA_b84_115_SNP_N_GenomeWideSNP_6_A10_771628	8	51038578	57919896	4477	0.0195
DUNGS_p_TCGA_b84_115_SNP_N_GenomeWideSNP_6_A10_771628	8	57921210	57924659	2	1.103
DUNGS_p_TCGA_b84_115_SNP_N_GenomeWideSNP_6_A10_771628	8	57925830	60999098	2067	0.0184
DUNGS_p_TCGA_b84_115_SNP_N_GenomeWideSNP_6_A10_771628	8	60999488	61002695	9	-0.5694
DUNGS_p_TCGA_b84_115_SNP_N_GenomeWideSNP_6_A10_771628	8	61002806	103716991	25768	0.0194
DUNGS_p_TCGA_b84_115_SNP_N_GenomeWideSNP_6_A10_771628	8	103719596	103727429	10	-1.0168
DUNGS_p_TCGA_b84_115_SNP_N_GenomeWideSNP_6_A10_771628	8	103728568	103992590	146	0.0283
DUNGS_p_TCGA_b84_115_SNP_N_GenomeWideSNP_6_A10_771628	8	103994911	103995823	2	-1.0266
DUNGS_p_TCGA_b84_115_SNP_N_GenomeWideSNP_6_A10_771628	8	103997435	136000478	21561	0.0203
DUNGS_p_TCGA_b84_115_SNP_N_GenomeWideSNP_6_A10_771628	8	136005606	136008453	5	-1.0759
DUNGS_p_TCGA_b84_115_SNP_N_GenomeWideSNP_6_A10_771628	8	136009494	146298155	6404	0.0112
DUNGS_p_TCGA_b84_115_SNP_N_GenomeWideSNP_6_A10_771628	9	46587	5081416	5259	0.0197
DUNGS_p_TCGA_b84_115_SNP_N_GenomeWideSNP_6_A10_771628	9	5081528	5081766	7	-0.8856
DUNGS_p_TCGA_b84_115_SNP_N_GenomeWideSNP_6_A10_771628	9	5081852	38771831	25957	0.0208
DUNGS_p_TCGA_b84_115_SNP_N_GenomeWideSNP_6_A10_771628	9	38787493	38796311	3	-0.8495
DUNGS_p_TCGA_b84_115_SNP_N_GenomeWideSNP_6_A10_771628	9	38805380	39330197	91	0.0749
DUNGS_p_TCGA_b84_115_SNP_N_GenomeWideSNP_6_A10_771628	9	39337293	39342825	3	-0.8723
DUNGS_p_TCGA_b84_115_SNP_N_GenomeWideSNP_6_A10_771628	9	39743166	44241817	168	0.0979
DUNGS_p_TCGA_b84_115_SNP_N_GenomeWideSNP_6_A10_771628	9	44243434	44396927	16	0.5424
DUNGS_p_TCGA_b84_115_SNP_N_GenomeWideSNP_6_A10_771628	9	44404912	46388030	122	-0.0722
DUNGS_p_TCGA_b84_115_SNP_N_GenomeWideSNP_6_A10_771628	9	46388197	46397841	8	-0.8099
DUNGS_p_TCGA_b84_115_SNP_N_GenomeWideSNP_6_A10_771628	9	46399281	90522594	14549	0.0167
DUNGS_p_TCGA_b84_115_SNP_N_GenomeWideSNP_6_A10_771628	9	90554151	90554219	2	-1.4939
DUNGS_p_TCGA_b84_115_SNP_N_GenomeWideSNP_6_A10_771628	9	90557957	138091244	32614	0.0165
DUNGS_p_TCGA_b84_115_SNP_N_GenomeWideSNP_6_A10_771628	9	138092805	138093089	2	-1.5561
DUNGS_p_TCGA_b84_115_SNP_N_GenomeWideSNP_6_A10_771628	9	138093761	139053278	490	0.0193
DUNGS_p_TCGA_b84_115_SNP_N_GenomeWideSNP_6_A10_771628	9	139053515	139058723	4	-0.7246
DUNGS_p_TCGA_b84_115_SNP_N_GenomeWideSNP_6_A10_771628	9	139059275	140252947	293	0.0078
DUNGS_p_TCGA_b84_115_SNP_N_GenomeWideSNP_6_A10_771628	9	140255642	140255833	3	-0.893
DUNGS_p_TCGA_b84_115_SNP_N_GenomeWideSNP_6_A10_771628	9	140273003	141091394	413	0.0021
DUNGS_p_TCGA_b84_115_SNP_N_GenomeWideSNP_6_A10_771628	10	72759	17894976	14899	0.021
DUNGS_p_TCGA_b84_115_SNP_N_GenomeWideSNP_6_A10_771628	10	17927554	17971816	4	-0.8587
DUNGS_p_TCGA_b84_115_SNP_N_GenomeWideSNP_6_A10_771628	10	18029825	24375263	4360	0.0166
DUNGS_p_TCGA_b84_115_SNP_N_GenomeWideSNP_6_A10_771628	10	24377674	24378054	11	-2.0451
DUNGS_p_TCGA_b84_115_SNP_N_GenomeWideSNP_6_A10_771628	10	24378908	24379039	4	-0.6168
DUNGS_p_TCGA_b84_115_SNP_N_GenomeWideSNP_6_A10_771628	10	24380660	27227765	1998	0.0099
DUNGS_p_TCGA_b84_115_SNP_N_GenomeWideSNP_6_A10_771628	10	27228350	27228439	3	-0.356
DUNGS_p_TCGA_b84_115_SNP_N_GenomeWideSNP_6_A10_771628	10	27228452	27228473	2	-1.1675
DUNGS_p_TCGA_b84_115_SNP_N_GenomeWideSNP_6_A10_771628	10	27229993	34483909	5261	0.0208
DUNGS_p_TCGA_b84_115_SNP_N_GenomeWideSNP_6_A10_771628	10	34488364	34488892	2	-1.0225
DUNGS_p_TCGA_b84_115_SNP_N_GenomeWideSNP_6_A10_771628	10	34489904	44806054	4080	0.0121
DUNGS_p_TCGA_b84_115_SNP_N_GenomeWideSNP_6_A10_771628	10	44809197	44810236	5	-1.1505
DUNGS_p_TCGA_b84_115_SNP_N_GenomeWideSNP_6_A10_771628	10	44810629	46070052	915	0.0192
DUNGS_p_TCGA_b84_115_SNP_N_GenomeWideSNP_6_A10_771628	10	46072872	46076235	5	-0.9716
DUNGS_p_TCGA_b84_115_SNP_N_GenomeWideSNP_6_A10_771628	10	46080336	47068227	174	0.157
DUNGS_p_TCGA_b84_115_SNP_N_GenomeWideSNP_6_A10_771628	10	47068243	47401341	64	0.3562
DUNGS_p_TCGA_b84_115_SNP_N_GenomeWideSNP_6_A10_771628	10	47414281	47948060	198	0.6053
DUNGS_p_TCGA_b84_115_SNP_N_GenomeWideSNP_6_A10_771628	10	47960476	48902376	295	-4e-04
DUNGS_p_TCGA_b84_115_SNP_N_GenomeWideSNP_6_A10_771628	10	48928791	48934756	2	-1.9638
DUNGS_p_TCGA_b84_115_SNP_N_GenomeWideSNP_6_A10_771628	10	48947018	51830360	1471	0.004
DUNGS_p_TCGA_b84_115_SNP_N_GenomeWideSNP_6_A10_771628	10	51840984	51891920	4	-2.4211
DUNGS_p_TCGA_b84_115_SNP_N_GenomeWideSNP_6_A10_771628	10	51903768	51910598	2	-0.9853
DUNGS_p_TCGA_b84_115_SNP_N_GenomeWideSNP_6_A10_771628	10	51937979	53202786	894	0.0347
DUNGS_p_TCGA_b84_115_SNP_N_GenomeWideSNP_6_A10_771628	10	53205076	53211449	7	-0.8292
DUNGS_p_TCGA_b84_115_SNP_N_GenomeWideSNP_6_A10_771628	10	53217223	67306276	10129	0.0222
DUNGS_p_TCGA_b84_115_SNP_N_GenomeWideSNP_6_A10_771628	10	67307923	67314446	28	-1.9664
DUNGS_p_TCGA_b84_115_SNP_N_GenomeWideSNP_6_A10_771628	10	67322795	71275493	2553	0.0236
DUNGS_p_TCGA_b84_115_SNP_N_GenomeWideSNP_6_A10_771628	10	71282472	71282842	5	-0.8416
DUNGS_p_TCGA_b84_115_SNP_N_GenomeWideSNP_6_A10_771628	10	71291614	90938673	13321	0.0185
DUNGS_p_TCGA_b84_115_SNP_N_GenomeWideSNP_6_A10_771628	10	90942967	90950094	13	-0.8521
DUNGS_p_TCGA_b84_115_SNP_N_GenomeWideSNP_6_A10_771628	10	90950406	135434551	30462	0.0153
DUNGS_p_TCGA_b84_115_SNP_N_GenomeWideSNP_6_A10_771628	10	135449357	135506704	5	-0.5263
DUNGS_p_TCGA_b84_115_SNP_N_GenomeWideSNP_6_A10_771628	11	198510	1647579	487	-3e-04
DUNGS_p_TCGA_b84_115_SNP_N_GenomeWideSNP_6_A10_771628	11	1648414	1648648	2	-1.2259
DUNGS_p_TCGA_b84_115_SNP_N_GenomeWideSNP_6_A10_771628	11	1649887	4967396	1989	0.022
DUNGS_p_TCGA_b84_115_SNP_N_GenomeWideSNP_6_A10_771628	11	4967650	4970367	9	-0.9037
DUNGS_p_TCGA_b84_115_SNP_N_GenomeWideSNP_6_A10_771628	11	4972005	4973733	12	-2.1801
DUNGS_p_TCGA_b84_115_SNP_N_GenomeWideSNP_6_A10_771628	11	4973748	4975705	9	-1.4464
DUNGS_p_TCGA_b84_115_SNP_N_GenomeWideSNP_6_A10_771628	11	4976257	4976389	5	-0.0975
DUNGS_p_TCGA_b84_115_SNP_N_GenomeWideSNP_6_A10_771628	11	4976493	4976892	8	-0.6576
DUNGS_p_TCGA_b84_115_SNP_N_GenomeWideSNP_6_A10_771628	11	4976907	5520975	541	0.0202
DUNGS_p_TCGA_b84_115_SNP_N_GenomeWideSNP_6_A10_771628	11	5522151	5522564	6	-0.6541
DUNGS_p_TCGA_b84_115_SNP_N_GenomeWideSNP_6_A10_771628	11	5523593	7813040	1779	0.0235
DUNGS_p_TCGA_b84_115_SNP_N_GenomeWideSNP_6_A10_771628	11	7813460	7832258	6	-0.6902
DUNGS_p_TCGA_b84_115_SNP_N_GenomeWideSNP_6_A10_771628	11	7837009	37755416	21868	0.0145
DUNGS_p_TCGA_b84_115_SNP_N_GenomeWideSNP_6_A10_771628	11	37767813	37834961	39	0.6467
DUNGS_p_TCGA_b84_115_SNP_N_GenomeWideSNP_6_A10_771628	11	37842577	42807044	3293	0.0154
DUNGS_p_TCGA_b84_115_SNP_N_GenomeWideSNP_6_A10_771628	11	42813151	42818039	3	-0.9221
DUNGS_p_TCGA_b84_115_SNP_N_GenomeWideSNP_6_A10_771628	11	42820603	48598422	3413	0.0205
DUNGS_p_TCGA_b84_115_SNP_N_GenomeWideSNP_6_A10_771628	11	48601434	48602676	2	-1.7079
DUNGS_p_TCGA_b84_115_SNP_N_GenomeWideSNP_6_A10_771628	11	48606318	51564427	985	0.0134
DUNGS_p_TCGA_b84_115_SNP_N_GenomeWideSNP_6_A10_771628	11	54701645	54720823	3	0.9184
DUNGS_p_TCGA_b84_115_SNP_N_GenomeWideSNP_6_A10_771628	11	54758291	55374188	240	0.0823
DUNGS_p_TCGA_b84_115_SNP_N_GenomeWideSNP_6_A10_771628	11	55374203	55460683	58	-0.3175
DUNGS_p_TCGA_b84_115_SNP_N_GenomeWideSNP_6_A10_771628	11	55460788	55572485	85	0.0777
DUNGS_p_TCGA_b84_115_SNP_N_GenomeWideSNP_6_A10_771628	11	55572545	55575801	2	-1.0721
DUNGS_p_TCGA_b84_115_SNP_N_GenomeWideSNP_6_A10_771628	11	55577591	81498805	14545	0.0176
DUNGS_p_TCGA_b84_115_SNP_N_GenomeWideSNP_6_A10_771628	11	81503468	81517158	11	-0.7235
DUNGS_p_TCGA_b84_115_SNP_N_GenomeWideSNP_6_A10_771628	11	81522632	101594384	14030	0.0178
DUNGS_p_TCGA_b84_115_SNP_N_GenomeWideSNP_6_A10_771628	11	101597860	101597964	4	0.9592
DUNGS_p_TCGA_b84_115_SNP_N_GenomeWideSNP_6_A10_771628	11	101598212	107238792	3815	0.0204
DUNGS_p_TCGA_b84_115_SNP_N_GenomeWideSNP_6_A10_771628	11	107238814	107239128	3	-1.1372
DUNGS_p_TCGA_b84_115_SNP_N_GenomeWideSNP_6_A10_771628	11	107252362	118349282	7619	0.0171
DUNGS_p_TCGA_b84_115_SNP_N_GenomeWideSNP_6_A10_771628	11	118349307	118356040	28	-0.2441
DUNGS_p_TCGA_b84_115_SNP_N_GenomeWideSNP_6_A10_771628	11	118357718	134944770	12329	0.0169
DUNGS_p_TCGA_b84_115_SNP_N_GenomeWideSNP_6_A10_771628	12	150442	9460534	6127	0.02
DUNGS_p_TCGA_b84_115_SNP_N_GenomeWideSNP_6_A10_771628	12	9461228	9467809	2	-1.0593
DUNGS_p_TCGA_b84_115_SNP_N_GenomeWideSNP_6_A10_771628	12	9472365	9633870	82	0.0299
DUNGS_p_TCGA_b84_115_SNP_N_GenomeWideSNP_6_A10_771628	12	9637909	9728292	24	-1.786
DUNGS_p_TCGA_b84_115_SNP_N_GenomeWideSNP_6_A10_771628	12	9734969	18926032	6309	0.0189
DUNGS_p_TCGA_b84_115_SNP_N_GenomeWideSNP_6_A10_771628	12	18935189	18935933	3	-0.764
DUNGS_p_TCGA_b84_115_SNP_N_GenomeWideSNP_6_A10_771628	12	18944388	20652111	1157	0.0296
DUNGS_p_TCGA_b84_115_SNP_N_GenomeWideSNP_6_A10_771628	12	20652685	20652722	2	-0.9438
DUNGS_p_TCGA_b84_115_SNP_N_GenomeWideSNP_6_A10_771628	12	20656965	29334049	6239	0.0175
DUNGS_p_TCGA_b84_115_SNP_N_GenomeWideSNP_6_A10_771628	12	29334128	29334138	2	-1.2152
DUNGS_p_TCGA_b84_115_SNP_N_GenomeWideSNP_6_A10_771628	12	29334152	30235581	651	0.0196
DUNGS_p_TCGA_b84_115_SNP_N_GenomeWideSNP_6_A10_771628	12	30239267	30243575	19	-0.5134
DUNGS_p_TCGA_b84_115_SNP_N_GenomeWideSNP_6_A10_771628	12	30243590	33294660	2277	0.0207
DUNGS_p_TCGA_b84_115_SNP_N_GenomeWideSNP_6_A10_771628	12	33301406	33307374	27	-0.5764
DUNGS_p_TCGA_b84_115_SNP_N_GenomeWideSNP_6_A10_771628	12	33308360	39477327	1515	0.0166
DUNGS_p_TCGA_b84_115_SNP_N_GenomeWideSNP_6_A10_771628	12	39481561	39483113	5	-0.8041
DUNGS_p_TCGA_b84_115_SNP_N_GenomeWideSNP_6_A10_771628	12	39488048	45904438	4112	0.0159
DUNGS_p_TCGA_b84_115_SNP_N_GenomeWideSNP_6_A10_771628	12	45905840	45909537	3	1.2547
DUNGS_p_TCGA_b84_115_SNP_N_GenomeWideSNP_6_A10_771628	12	45913292	63919989	10662	0.0228
DUNGS_p_TCGA_b84_115_SNP_N_GenomeWideSNP_6_A10_771628	12	63920585	63924805	3	-1.7047
DUNGS_p_TCGA_b84_115_SNP_N_GenomeWideSNP_6_A10_771628	12	63932963	70872675	4547	0.0257
DUNGS_p_TCGA_b84_115_SNP_N_GenomeWideSNP_6_A10_771628	12	70876314	70877750	4	-0.6662
DUNGS_p_TCGA_b84_115_SNP_N_GenomeWideSNP_6_A10_771628	12	70877765	73200357	1501	0.0125
DUNGS_p_TCGA_b84_115_SNP_N_GenomeWideSNP_6_A10_771628	12	73201599	73207967	5	-0.6279
DUNGS_p_TCGA_b84_115_SNP_N_GenomeWideSNP_6_A10_771628	12	73208048	86704130	8440	0.0205
DUNGS_p_TCGA_b84_115_SNP_N_GenomeWideSNP_6_A10_771628	12	86706371	86706657	2	-0.9926
DUNGS_p_TCGA_b84_115_SNP_N_GenomeWideSNP_6_A10_771628	12	86712801	111972279	16481	0.0172
DUNGS_p_TCGA_b84_115_SNP_N_GenomeWideSNP_6_A10_771628	12	111978144	111979997	3	-1.5029
DUNGS_p_TCGA_b84_115_SNP_N_GenomeWideSNP_6_A10_771628	12	111984707	133778189	14949	0.0132
DUNGS_p_TCGA_b84_115_SNP_N_GenomeWideSNP_6_A10_771628	13	19026949	20820781	908	0.009
DUNGS_p_TCGA_b84_115_SNP_N_GenomeWideSNP_6_A10_771628	13	20827251	20827940	2	-1.0207
DUNGS_p_TCGA_b84_115_SNP_N_GenomeWideSNP_6_A10_771628	13	20832547	24968825	3105	0.0199
DUNGS_p_TCGA_b84_115_SNP_N_GenomeWideSNP_6_A10_771628	13	24969694	24970708	2	-1.0487
DUNGS_p_TCGA_b84_115_SNP_N_GenomeWideSNP_6_A10_771628	13	24974844	30029818	3756	0.0185
DUNGS_p_TCGA_b84_115_SNP_N_GenomeWideSNP_6_A10_771628	13	30031562	30033228	2	-1.3828
DUNGS_p_TCGA_b84_115_SNP_N_GenomeWideSNP_6_A10_771628	13	30036193	39052811	6521	0.0178
DUNGS_p_TCGA_b84_115_SNP_N_GenomeWideSNP_6_A10_771628	13	39057572	39058056	2	-2.1266
DUNGS_p_TCGA_b84_115_SNP_N_GenomeWideSNP_6_A10_771628	13	39065057	46351891	5040	0.0211
DUNGS_p_TCGA_b84_115_SNP_N_GenomeWideSNP_6_A10_771628	13	46352637	46352639	2	-0.9877
DUNGS_p_TCGA_b84_115_SNP_N_GenomeWideSNP_6_A10_771628	13	46353786	53094799	4178	0.0238
DUNGS_p_TCGA_b84_115_SNP_N_GenomeWideSNP_6_A10_771628	13	53097984	53105785	3	-1.8657
DUNGS_p_TCGA_b84_115_SNP_N_GenomeWideSNP_6_A10_771628	13	53117879	65352131	7158	0.0225
DUNGS_p_TCGA_b84_115_SNP_N_GenomeWideSNP_6_A10_771628	13	65352251	65353495	2	-1.1543
DUNGS_p_TCGA_b84_115_SNP_N_GenomeWideSNP_6_A10_771628	13	65356283	72476988	4515	0.0252
DUNGS_p_TCGA_b84_115_SNP_N_GenomeWideSNP_6_A10_771628	13	72477555	72480556	4	1.191
DUNGS_p_TCGA_b84_115_SNP_N_GenomeWideSNP_6_A10_771628	13	72480605	83788063	7708	0.0182
DUNGS_p_TCGA_b84_115_SNP_N_GenomeWideSNP_6_A10_771628	13	83788118	83793526	14	-0.5208
DUNGS_p_TCGA_b84_115_SNP_N_GenomeWideSNP_6_A10_771628	13	83793582	115108397	21455	0.0185
DUNGS_p_TCGA_b84_115_SNP_N_GenomeWideSNP_6_A10_771628	14	19002124	19437987	32	-0.076
DUNGS_p_TCGA_b84_115_SNP_N_GenomeWideSNP_6_A10_771628	14	19438611	20423372	158	-0.4034
DUNGS_p_TCGA_b84_115_SNP_N_GenomeWideSNP_6_A10_771628	14	20424926	26779642	4376	0.0011
DUNGS_p_TCGA_b84_115_SNP_N_GenomeWideSNP_6_A10_771628	14	26783903	26783918	8	0.7281
DUNGS_p_TCGA_b84_115_SNP_N_GenomeWideSNP_6_A10_771628	14	26784913	41608358	9274	0.014
DUNGS_p_TCGA_b84_115_SNP_N_GenomeWideSNP_6_A10_771628	14	41610496	41657349	15	0.4693
DUNGS_p_TCGA_b84_115_SNP_N_GenomeWideSNP_6_A10_771628	14	41670102	41695013	14	0.0049
DUNGS_p_TCGA_b84_115_SNP_N_GenomeWideSNP_6_A10_771628	14	41695313	41699181	5	0.5496
DUNGS_p_TCGA_b84_115_SNP_N_GenomeWideSNP_6_A10_771628	14	41699359	42987866	833	0.0187
DUNGS_p_TCGA_b84_115_SNP_N_GenomeWideSNP_6_A10_771628	14	42992311	42992434	2	-0.9992
DUNGS_p_TCGA_b84_115_SNP_N_GenomeWideSNP_6_A10_771628	14	42995511	47156923	2353	0.0131
DUNGS_p_TCGA_b84_115_SNP_N_GenomeWideSNP_6_A10_771628	14	47160489	47161158	3	-0.7761
DUNGS_p_TCGA_b84_115_SNP_N_GenomeWideSNP_6_A10_771628	14	47162379	48509850	875	0.023
DUNGS_p_TCGA_b84_115_SNP_N_GenomeWideSNP_6_A10_771628	14	48510577	48510590	2	-1.0614
DUNGS_p_TCGA_b84_115_SNP_N_GenomeWideSNP_6_A10_771628	14	48512937	73995774	16417	0.019
DUNGS_p_TCGA_b84_115_SNP_N_GenomeWideSNP_6_A10_771628	14	74001123	74029915	11	-1.726
DUNGS_p_TCGA_b84_115_SNP_N_GenomeWideSNP_6_A10_771628	14	74030731	82470729	5568	0.0167
DUNGS_p_TCGA_b84_115_SNP_N_GenomeWideSNP_6_A10_771628	14	82471133	82474438	2	-0.9606
DUNGS_p_TCGA_b84_115_SNP_N_GenomeWideSNP_6_A10_771628	14	82475149	86983170	3098	0.0241
DUNGS_p_TCGA_b84_115_SNP_N_GenomeWideSNP_6_A10_771628	14	86983324	86987697	4	-0.6688
DUNGS_p_TCGA_b84_115_SNP_N_GenomeWideSNP_6_A10_771628	14	86987767	88561298	997	0.02
DUNGS_p_TCGA_b84_115_SNP_N_GenomeWideSNP_6_A10_771628	14	88567917	88575104	4	-0.5647
DUNGS_p_TCGA_b84_115_SNP_N_GenomeWideSNP_6_A10_771628	14	88576142	88731974	120	0.0076
DUNGS_p_TCGA_b84_115_SNP_N_GenomeWideSNP_6_A10_771628	14	88732774	88733691	2	-1.0476
DUNGS_p_TCGA_b84_115_SNP_N_GenomeWideSNP_6_A10_771628	14	88734104	106460902	11015	0.022
DUNGS_p_TCGA_b84_115_SNP_N_GenomeWideSNP_6_A10_771628	14	106479675	106479941	2	1.2233
DUNGS_p_TCGA_b84_115_SNP_N_GenomeWideSNP_6_A10_771628	14	106482128	106535295	24	-0.0064
DUNGS_p_TCGA_b84_115_SNP_N_GenomeWideSNP_6_A10_771628	14	106538062	106561441	13	0.8667
DUNGS_p_TCGA_b84_115_SNP_N_GenomeWideSNP_6_A10_771628	14	106567100	106796697	106	0.0516
DUNGS_p_TCGA_b84_115_SNP_N_GenomeWideSNP_6_A10_771628	14	106801355	106821736	8	1.4227
DUNGS_p_TCGA_b84_115_SNP_N_GenomeWideSNP_6_A10_771628	14	106825916	106918094	79	0.0417
DUNGS_p_TCGA_b84_115_SNP_N_GenomeWideSNP_6_A10_771628	14	106918108	106939788	9	-0.4529
DUNGS_p_TCGA_b84_115_SNP_N_GenomeWideSNP_6_A10_771628	14	106943522	107153042	123	0.0541
DUNGS_p_TCGA_b84_115_SNP_N_GenomeWideSNP_6_A10_771628	14	107153067	107160654	6	0.6254
DUNGS_p_TCGA_b84_115_SNP_N_GenomeWideSNP_6_A10_771628	14	107160761	107285437	87	0.0133
DUNGS_p_TCGA_b84_115_SNP_N_GenomeWideSNP_6_A10_771628	15	20016328	20264286	54	-0.017
DUNGS_p_TCGA_b84_115_SNP_N_GenomeWideSNP_6_A10_771628	15	20265978	20578421	44	-1.2769
DUNGS_p_TCGA_b84_115_SNP_N_GenomeWideSNP_6_A10_771628	15	20581451	20581564	7	-0.1713
DUNGS_p_TCGA_b84_115_SNP_N_GenomeWideSNP_6_A10_771628	15	20585988	20590042	14	-2.6278
DUNGS_p_TCGA_b84_115_SNP_N_GenomeWideSNP_6_A10_771628	15	20590160	20717386	28	-1.3654
DUNGS_p_TCGA_b84_115_SNP_N_GenomeWideSNP_6_A10_771628	15	20730465	20820159	9	-0.6128
DUNGS_p_TCGA_b84_115_SNP_N_GenomeWideSNP_6_A10_771628	15	20830374	21073540	69	-1.343
DUNGS_p_TCGA_b84_115_SNP_N_GenomeWideSNP_6_A10_771628	15	21084496	21086324	6	-2.5522
DUNGS_p_TCGA_b84_115_SNP_N_GenomeWideSNP_6_A10_771628	15	21089814	22280477	77	-1.2951
DUNGS_p_TCGA_b84_115_SNP_N_GenomeWideSNP_6_A10_771628	15	22284954	22571118	108	-0.7289
DUNGS_p_TCGA_b84_115_SNP_N_GenomeWideSNP_6_A10_771628	15	22571758	22582902	3	-1.438
DUNGS_p_TCGA_b84_115_SNP_N_GenomeWideSNP_6_A10_771628	15	22584431	24383030	879	0.0035
DUNGS_p_TCGA_b84_115_SNP_N_GenomeWideSNP_6_A10_771628	15	24384565	24434532	31	-0.8395
DUNGS_p_TCGA_b84_115_SNP_N_GenomeWideSNP_6_A10_771628	15	24442219	24472002	20	0.0603
DUNGS_p_TCGA_b84_115_SNP_N_GenomeWideSNP_6_A10_771628	15	24472230	24512035	16	-0.3608
DUNGS_p_TCGA_b84_115_SNP_N_GenomeWideSNP_6_A10_771628	15	24514620	24571349	27	0.0274
DUNGS_p_TCGA_b84_115_SNP_N_GenomeWideSNP_6_A10_771628	15	24574757	24778891	101	0.5502
DUNGS_p_TCGA_b84_115_SNP_N_GenomeWideSNP_6_A10_771628	15	24782267	30546013	3653	0.0126
DUNGS_p_TCGA_b84_115_SNP_N_GenomeWideSNP_6_A10_771628	15	30552145	30561567	2	1.1803
DUNGS_p_TCGA_b84_115_SNP_N_GenomeWideSNP_6_A10_771628	15	30562770	36139406	3630	0.0175
DUNGS_p_TCGA_b84_115_SNP_N_GenomeWideSNP_6_A10_771628	15	36139757	36139786	2	-1.1026
DUNGS_p_TCGA_b84_115_SNP_N_GenomeWideSNP_6_A10_771628	15	36141952	76878362	25607	0.0204
DUNGS_p_TCGA_b84_115_SNP_N_GenomeWideSNP_6_A10_771628	15	76891241	76892041	9	-2.7213
DUNGS_p_TCGA_b84_115_SNP_N_GenomeWideSNP_6_A10_771628	15	76892193	76895775	13	-1.466
DUNGS_p_TCGA_b84_115_SNP_N_GenomeWideSNP_6_A10_771628	15	76902179	102305717	17630	0.0153
DUNGS_p_TCGA_b84_115_SNP_N_GenomeWideSNP_6_A10_771628	15	102306510	102317949	6	-0.7112
DUNGS_p_TCGA_b84_115_SNP_N_GenomeWideSNP_6_A10_771628	15	102319333	102469040	64	-0.0227
DUNGS_p_TCGA_b84_115_SNP_N_GenomeWideSNP_6_A10_771628	16	60777	3716994	1365	0.01
DUNGS_p_TCGA_b84_115_SNP_N_GenomeWideSNP_6_A10_771628	16	3719344	3726636	2	-1.1917
DUNGS_p_TCGA_b84_115_SNP_N_GenomeWideSNP_6_A10_771628	16	3728110	11629784	7344	0.0198
DUNGS_p_TCGA_b84_115_SNP_N_GenomeWideSNP_6_A10_771628	16	11629933	11629948	2	-1.1104
DUNGS_p_TCGA_b84_115_SNP_N_GenomeWideSNP_6_A10_771628	16	11633482	15270218	2536	0.0188
DUNGS_p_TCGA_b84_115_SNP_N_GenomeWideSNP_6_A10_771628	16	15278818	15286687	2	-1.0642
DUNGS_p_TCGA_b84_115_SNP_N_GenomeWideSNP_6_A10_771628	16	15290769	16585264	557	0.0028
DUNGS_p_TCGA_b84_115_SNP_N_GenomeWideSNP_6_A10_771628	16	16592713	16837626	32	-0.2253
DUNGS_p_TCGA_b84_115_SNP_N_GenomeWideSNP_6_A10_771628	16	16855361	18198717	972	0.0414
DUNGS_p_TCGA_b84_115_SNP_N_GenomeWideSNP_6_A10_771628	16	18228118	18242726	3	1.1262
DUNGS_p_TCGA_b84_115_SNP_N_GenomeWideSNP_6_A10_771628	16	18243036	29272604	6350	0.0192
DUNGS_p_TCGA_b84_115_SNP_N_GenomeWideSNP_6_A10_771628	16	29276794	29281765	6	-0.9282
DUNGS_p_TCGA_b84_115_SNP_N_GenomeWideSNP_6_A10_771628	16	29283704	32588622	1010	0.02
DUNGS_p_TCGA_b84_115_SNP_N_GenomeWideSNP_6_A10_771628	16	32588901	32588909	5	0.5897
DUNGS_p_TCGA_b84_115_SNP_N_GenomeWideSNP_6_A10_771628	16	32609274	49544240	2371	0.0046
DUNGS_p_TCGA_b84_115_SNP_N_GenomeWideSNP_6_A10_771628	16	49544421	49545565	2	-1.4151
DUNGS_p_TCGA_b84_115_SNP_N_GenomeWideSNP_6_A10_771628	16	49546141	55795214	4788	0.0146
DUNGS_p_TCGA_b84_115_SNP_N_GenomeWideSNP_6_A10_771628	16	55796389	55816646	18	-2.5855
DUNGS_p_TCGA_b84_115_SNP_N_GenomeWideSNP_6_A10_771628	16	55816705	55842354	7	-0.1719
DUNGS_p_TCGA_b84_115_SNP_N_GenomeWideSNP_6_A10_771628	16	55842382	55858793	13	0.8346
DUNGS_p_TCGA_b84_115_SNP_N_GenomeWideSNP_6_A10_771628	16	55868439	75522966	11828	0.0173
DUNGS_p_TCGA_b84_115_SNP_N_GenomeWideSNP_6_A10_771628	16	75523398	75523412	2	-1.7081
DUNGS_p_TCGA_b84_115_SNP_N_GenomeWideSNP_6_A10_771628	16	75524709	90287535	13263	0.0175
DUNGS_p_TCGA_b84_115_SNP_N_GenomeWideSNP_6_A10_771628	17	526	7445393	4204	0.0141
DUNGS_p_TCGA_b84_115_SNP_N_GenomeWideSNP_6_A10_771628	17	7450911	7451037	2	-1.117
DUNGS_p_TCGA_b84_115_SNP_N_GenomeWideSNP_6_A10_771628	17	7453691	8242910	352	0.0281
DUNGS_p_TCGA_b84_115_SNP_N_GenomeWideSNP_6_A10_771628	17	8247547	8247733	2	-1.3195
DUNGS_p_TCGA_b84_115_SNP_N_GenomeWideSNP_6_A10_771628	17	8249458	15052048	5178	0.0173
DUNGS_p_TCGA_b84_115_SNP_N_GenomeWideSNP_6_A10_771628	17	15052063	15054388	4	-0.7581
DUNGS_p_TCGA_b84_115_SNP_N_GenomeWideSNP_6_A10_771628	17	15054466	16662914	778	0.016
DUNGS_p_TCGA_b84_115_SNP_N_GenomeWideSNP_6_A10_771628	17	16663051	16741784	14	0.5263
DUNGS_p_TCGA_b84_115_SNP_N_GenomeWideSNP_6_A10_771628	17	16757147	17460674	450	0.0259
DUNGS_p_TCGA_b84_115_SNP_N_GenomeWideSNP_6_A10_771628	17	17463799	17464014	2	0.9808
DUNGS_p_TCGA_b84_115_SNP_N_GenomeWideSNP_6_A10_771628	17	17466214	18319862	466	0.0113
DUNGS_p_TCGA_b84_115_SNP_N_GenomeWideSNP_6_A10_771628	17	18355392	18358949	3	-0.9876
DUNGS_p_TCGA_b84_115_SNP_N_GenomeWideSNP_6_A10_771628	17	18361686	18377278	8	-2.3448
DUNGS_p_TCGA_b84_115_SNP_N_GenomeWideSNP_6_A10_771628	17	18380394	18453437	15	-1.1428
DUNGS_p_TCGA_b84_115_SNP_N_GenomeWideSNP_6_A10_771628	17	18459272	18469197	4	-0.5023
DUNGS_p_TCGA_b84_115_SNP_N_GenomeWideSNP_6_A10_771628	17	18474646	34436708	6924	0.0113
DUNGS_p_TCGA_b84_115_SNP_N_GenomeWideSNP_6_A10_771628	17	34437128	34629696	42	-0.2114
DUNGS_p_TCGA_b84_115_SNP_N_GenomeWideSNP_6_A10_771628	17	34816256	39414647	2537	0.0209
DUNGS_p_TCGA_b84_115_SNP_N_GenomeWideSNP_6_A10_771628	17	39418372	39423077	7	-0.3915
DUNGS_p_TCGA_b84_115_SNP_N_GenomeWideSNP_6_A10_771628	17	39423090	39430531	20	-1.1044
DUNGS_p_TCGA_b84_115_SNP_N_GenomeWideSNP_6_A10_771628	17	39432724	43586097	2164	0.0148
DUNGS_p_TCGA_b84_115_SNP_N_GenomeWideSNP_6_A10_771628	17	43586409	43659426	11	0.547
DUNGS_p_TCGA_b84_115_SNP_N_GenomeWideSNP_6_A10_771628	17	43664693	44162284	335	0.0263
DUNGS_p_TCGA_b84_115_SNP_N_GenomeWideSNP_6_A10_771628	17	44162307	44364170	128	0.7035
DUNGS_p_TCGA_b84_115_SNP_N_GenomeWideSNP_6_A10_771628	17	44394412	44764994	49	-0.5622
DUNGS_p_TCGA_b84_115_SNP_N_GenomeWideSNP_6_A10_771628	17	44784652	55687489	7017	0.0196
DUNGS_p_TCGA_b84_115_SNP_N_GenomeWideSNP_6_A10_771628	17	55688333	55688993	2	-1.3815
DUNGS_p_TCGA_b84_115_SNP_N_GenomeWideSNP_6_A10_771628	17	55691993	78601416	13629	0.0226
DUNGS_p_TCGA_b84_115_SNP_N_GenomeWideSNP_6_A10_771628	17	78604201	78613507	13	0.6071
DUNGS_p_TCGA_b84_115_SNP_N_GenomeWideSNP_6_A10_771628	17	78614824	81049726	976	0.0268
DUNGS_p_TCGA_b84_115_SNP_N_GenomeWideSNP_6_A10_771628	18	11543	92133	9	-0.3316
DUNGS_p_TCGA_b84_115_SNP_N_GenomeWideSNP_6_A10_771628	18	97829	38260434	22857	0.0174
DUNGS_p_TCGA_b84_115_SNP_N_GenomeWideSNP_6_A10_771628	18	38260448	38268024	18	0.425
DUNGS_p_TCGA_b84_115_SNP_N_GenomeWideSNP_6_A10_771628	18	38269498	51524201	9150	0.0136
DUNGS_p_TCGA_b84_115_SNP_N_GenomeWideSNP_6_A10_771628	18	51524842	51525152	3	-1.0027
DUNGS_p_TCGA_b84_115_SNP_N_GenomeWideSNP_6_A10_771628	18	51528368	69905084	12862	0.0208
DUNGS_p_TCGA_b84_115_SNP_N_GenomeWideSNP_6_A10_771628	18	69907422	69907439	2	-1.04
DUNGS_p_TCGA_b84_115_SNP_N_GenomeWideSNP_6_A10_771628	18	69907724	78015057	5965	0.0132
DUNGS_p_TCGA_b84_115_SNP_N_GenomeWideSNP_6_A10_771628	19	90910	20746190	9082	0.0194
DUNGS_p_TCGA_b84_115_SNP_N_GenomeWideSNP_6_A10_771628	19	20759077	20759858	2	-2.357
DUNGS_p_TCGA_b84_115_SNP_N_GenomeWideSNP_6_A10_771628	19	20765130	20846413	57	0.0131
DUNGS_p_TCGA_b84_115_SNP_N_GenomeWideSNP_6_A10_771628	19	20848418	20851451	3	-0.7367
DUNGS_p_TCGA_b84_115_SNP_N_GenomeWideSNP_6_A10_771628	19	20851810	35849187	7691	0.0122
DUNGS_p_TCGA_b84_115_SNP_N_GenomeWideSNP_6_A10_771628	19	35849221	35861779	24	-0.4836
DUNGS_p_TCGA_b84_115_SNP_N_GenomeWideSNP_6_A10_771628	19	35861848	42058025	3205	0.0175
DUNGS_p_TCGA_b84_115_SNP_N_GenomeWideSNP_6_A10_771628	19	42059850	42062307	6	-0.9243
DUNGS_p_TCGA_b84_115_SNP_N_GenomeWideSNP_6_A10_771628	19	42063675	52131813	4908	0.0201
DUNGS_p_TCGA_b84_115_SNP_N_GenomeWideSNP_6_A10_771628	19	52142352	52148197	11	1.1189
DUNGS_p_TCGA_b84_115_SNP_N_GenomeWideSNP_6_A10_771628	19	52154905	59097854	4387	0.0104
DUNGS_p_TCGA_b84_115_SNP_N_GenomeWideSNP_6_A10_771628	20	61305	1552503	1186	0.0088
DUNGS_p_TCGA_b84_115_SNP_N_GenomeWideSNP_6_A10_771628	20	1557190	1568006	28	-0.7626
DUNGS_p_TCGA_b84_115_SNP_N_GenomeWideSNP_6_A10_771628	20	1568083	1582092	28	-0.3433
DUNGS_p_TCGA_b84_115_SNP_N_GenomeWideSNP_6_A10_771628	20	1582207	52488022	33644	0.0203
DUNGS_p_TCGA_b84_115_SNP_N_GenomeWideSNP_6_A10_771628	20	52492372	52496001	4	-1.2285
DUNGS_p_TCGA_b84_115_SNP_N_GenomeWideSNP_6_A10_771628	20	52500193	62956153	7644	0.0159
DUNGS_p_TCGA_b84_115_SNP_N_GenomeWideSNP_6_A10_771628	21	10736871	10954126	37	0.4053
DUNGS_p_TCGA_b84_115_SNP_N_GenomeWideSNP_6_A10_771628	21	10954181	48044363	24353	0.0203
DUNGS_p_TCGA_b84_115_SNP_N_GenomeWideSNP_6_A10_771628	21	48044595	48096957	43	-0.2114
DUNGS_p_TCGA_b84_115_SNP_N_GenomeWideSNP_6_A10_771628	22	16052528	21465835	2854	0.0041
DUNGS_p_TCGA_b84_115_SNP_N_GenomeWideSNP_6_A10_771628	22	21542615	21567231	2	-1.1608
DUNGS_p_TCGA_b84_115_SNP_N_GenomeWideSNP_6_A10_771628	22	21572214	22752462	793	0.0197
DUNGS_p_TCGA_b84_115_SNP_N_GenomeWideSNP_6_A10_771628	22	22752680	22752880	4	0.9287
DUNGS_p_TCGA_b84_115_SNP_N_GenomeWideSNP_6_A10_771628	22	22757321	24344422	972	0.031
DUNGS_p_TCGA_b84_115_SNP_N_GenomeWideSNP_6_A10_771628	22	24350529	24394015	18	-1.877
DUNGS_p_TCGA_b84_115_SNP_N_GenomeWideSNP_6_A10_771628	22	24396814	39290920	10840	0.0172
DUNGS_p_TCGA_b84_115_SNP_N_GenomeWideSNP_6_A10_771628	22	39295255	39299114	4	-0.9221
DUNGS_p_TCGA_b84_115_SNP_N_GenomeWideSNP_6_A10_771628	22	39300048	42878349	1948	0.021
DUNGS_p_TCGA_b84_115_SNP_N_GenomeWideSNP_6_A10_771628	22	42879055	42966699	41	-0.1992
DUNGS_p_TCGA_b84_115_SNP_N_GenomeWideSNP_6_A10_771628	22	42973201	45133340	1628	0.0217
DUNGS_p_TCGA_b84_115_SNP_N_GenomeWideSNP_6_A10_771628	22	45135806	45136906	4	-0.8869
DUNGS_p_TCGA_b84_115_SNP_N_GenomeWideSNP_6_A10_771628	22	45146425	49268700	3236	0.0122
DUNGS_p_TCGA_b84_115_SNP_N_GenomeWideSNP_6_A10_771628	22	49269923	49270542	2	-1.8057
DUNGS_p_TCGA_b84_115_SNP_N_GenomeWideSNP_6_A10_771628	22	49273291	49461751	172	-0.013
DUNGS_p_TCGA_b84_115_SNP_N_GenomeWideSNP_6_A10_771628	22	49461764	49461778	2	-1.4374
DUNGS_p_TCGA_b84_115_SNP_N_GenomeWideSNP_6_A10_771628	22	49462110	51234455	1063	-0.0099
DUNGS_p_TCGA_b84_115_SNP_N_GenomeWideSNP_6_A10_771628	X	168477	56791711	32909	0.0169
DUNGS_p_TCGA_b84_115_SNP_N_GenomeWideSNP_6_A10_771628	X	56797633	56803586	6	-0.6321
DUNGS_p_TCGA_b84_115_SNP_N_GenomeWideSNP_6_A10_771628	X	56807583	76349873	7263	0.0212
DUNGS_p_TCGA_b84_115_SNP_N_GenomeWideSNP_6_A10_771628	X	76353650	76546512	20	0.4967
DUNGS_p_TCGA_b84_115_SNP_N_GenomeWideSNP_6_A10_771628	X	76547479	88974207	6803	0.023
DUNGS_p_TCGA_b84_115_SNP_N_GenomeWideSNP_6_A10_771628	X	88976824	88981409	2	-1.0522
DUNGS_p_TCGA_b84_115_SNP_N_GenomeWideSNP_6_A10_771628	X	88983271	90139235	391	0.0397
DUNGS_p_TCGA_b84_115_SNP_N_GenomeWideSNP_6_A10_771628	X	90139580	90143888	5	0.7037
DUNGS_p_TCGA_b84_115_SNP_N_GenomeWideSNP_6_A10_771628	X	90144283	93407037	1610	0.0179
DUNGS_p_TCGA_b84_115_SNP_N_GenomeWideSNP_6_A10_771628	X	93413609	93414038	3	-0.7949
DUNGS_p_TCGA_b84_115_SNP_N_GenomeWideSNP_6_A10_771628	X	93415702	93419610	10	-0.0102
DUNGS_p_TCGA_b84_115_SNP_N_GenomeWideSNP_6_A10_771628	X	93423195	93426347	4	-2.0235
DUNGS_p_TCGA_b84_115_SNP_N_GenomeWideSNP_6_A10_771628	X	93428751	106222998	6903	0.0178
DUNGS_p_TCGA_b84_115_SNP_N_GenomeWideSNP_6_A10_771628	X	106223036	106223185	3	-0.7499
DUNGS_p_TCGA_b84_115_SNP_N_GenomeWideSNP_6_A10_771628	X	106228540	115133681	4919	0.0199
DUNGS_p_TCGA_b84_115_SNP_N_GenomeWideSNP_6_A10_771628	X	115137955	115150638	7	-1.1377
DUNGS_p_TCGA_b84_115_SNP_N_GenomeWideSNP_6_A10_771628	X	115156419	140681794	14803	0.0183
DUNGS_p_TCGA_b84_115_SNP_N_GenomeWideSNP_6_A10_771628	X	140683977	140799036	75	0.532
DUNGS_p_TCGA_b84_115_SNP_N_GenomeWideSNP_6_A10_771628	X	140801191	155182354	8926	0.0207
DUNGS_p_TCGA_b84_115_SNP_N_GenomeWideSNP_6_A10_771628	Y	2650438	2883369	115	-2.9382
DUNGS_p_TCGA_b84_115_SNP_N_GenomeWideSNP_6_A10_771628	Y	2887448	2893230	5	-4.8826
DUNGS_p_TCGA_b84_115_SNP_N_GenomeWideSNP_6_A10_771628	Y	2894042	2974832	28	-2.9861
DUNGS_p_TCGA_b84_115_SNP_N_GenomeWideSNP_6_A10_771628	Y	2974958	3157597	43	-2.1875
DUNGS_p_TCGA_b84_115_SNP_N_GenomeWideSNP_6_A10_771628	Y	3158073	3255255	21	-3.1891
DUNGS_p_TCGA_b84_115_SNP_N_GenomeWideSNP_6_A10_771628	Y	3257144	4243201	216	-2.3106
DUNGS_p_TCGA_b84_115_SNP_N_GenomeWideSNP_6_A10_771628	Y	4245859	4280612	7	-4.2447
DUNGS_p_TCGA_b84_115_SNP_N_GenomeWideSNP_6_A10_771628	Y	4283801	5944602	370	-2.3943
DUNGS_p_TCGA_b84_115_SNP_N_GenomeWideSNP_6_A10_771628	Y	5944603	6152058	91	-3.0198
DUNGS_p_TCGA_b84_115_SNP_N_GenomeWideSNP_6_A10_771628	Y	6152236	6190150	19	-4.838
DUNGS_p_TCGA_b84_115_SNP_N_GenomeWideSNP_6_A10_771628	Y	6195294	6212344	7	-2.4962
DUNGS_p_TCGA_b84_115_SNP_N_GenomeWideSNP_6_A10_771628	Y	6217750	6281935	28	-4.3031
DUNGS_p_TCGA_b84_115_SNP_N_GenomeWideSNP_6_A10_771628	Y	6282097	6532106	82	-2.9463
DUNGS_p_TCGA_b84_115_SNP_N_GenomeWideSNP_6_A10_771628	Y	6537454	6583358	10	-1.6898
DUNGS_p_TCGA_b84_115_SNP_N_GenomeWideSNP_6_A10_771628	Y	6588027	6992648	199	-2.9677
DUNGS_p_TCGA_b84_115_SNP_N_GenomeWideSNP_6_A10_771628	Y	6994405	7008631	4	-6.0568
DUNGS_p_TCGA_b84_115_SNP_N_GenomeWideSNP_6_A10_771628	Y	7011666	7399842	180	-2.84
DUNGS_p_TCGA_b84_115_SNP_N_GenomeWideSNP_6_A10_771628	Y	7400746	7418121	8	-4.1824
DUNGS_p_TCGA_b84_115_SNP_N_GenomeWideSNP_6_A10_771628	Y	7418484	7445239	20	-2.6867
DUNGS_p_TCGA_b84_115_SNP_N_GenomeWideSNP_6_A10_771628	Y	7446090	7518866	30	-3.8169
DUNGS_p_TCGA_b84_115_SNP_N_GenomeWideSNP_6_A10_771628	Y	7519201	7635058	71	-2.7963
DUNGS_p_TCGA_b84_115_SNP_N_GenomeWideSNP_6_A10_771628	Y	7638901	7643394	5	-6.039
DUNGS_p_TCGA_b84_115_SNP_N_GenomeWideSNP_6_A10_771628	Y	7646694	7835713	153	-3.0897
DUNGS_p_TCGA_b84_115_SNP_N_GenomeWideSNP_6_A10_771628	Y	7835840	7835847	2	-6.6576
DUNGS_p_TCGA_b84_115_SNP_N_GenomeWideSNP_6_A10_771628	Y	7836378	7964712	103	-3.2372
DUNGS_p_TCGA_b84_115_SNP_N_GenomeWideSNP_6_A10_771628	Y	7965120	8099000	64	-2.7202
DUNGS_p_TCGA_b84_115_SNP_N_GenomeWideSNP_6_A10_771628	Y	8099885	8558158	320	-3.2538
DUNGS_p_TCGA_b84_115_SNP_N_GenomeWideSNP_6_A10_771628	Y	8559121	8564279	3	-6.0949
DUNGS_p_TCGA_b84_115_SNP_N_GenomeWideSNP_6_A10_771628	Y	8566636	9143742	230	-3.1266
DUNGS_p_TCGA_b84_115_SNP_N_GenomeWideSNP_6_A10_771628	Y	9148882	9391884	39	-4.3481
DUNGS_p_TCGA_b84_115_SNP_N_GenomeWideSNP_6_A10_771628	Y	9392195	9747458	148	-3.4112
DUNGS_p_TCGA_b84_115_SNP_N_GenomeWideSNP_6_A10_771628	Y	9750085	9775211	9	-4.4289
DUNGS_p_TCGA_b84_115_SNP_N_GenomeWideSNP_6_A10_771628	Y	9784949	14792782	587	-2.8884
DUNGS_p_TCGA_b84_115_SNP_N_GenomeWideSNP_6_A10_771628	Y	14792998	14813991	13	-4.3587
DUNGS_p_TCGA_b84_115_SNP_N_GenomeWideSNP_6_A10_771628	Y	14814980	15028275	97	-3.1209
DUNGS_p_TCGA_b84_115_SNP_N_GenomeWideSNP_6_A10_771628	Y	15030066	15030817	3	-6.4249
DUNGS_p_TCGA_b84_115_SNP_N_GenomeWideSNP_6_A10_771628	Y	15032288	15590276	249	-2.9597
DUNGS_p_TCGA_b84_115_SNP_N_GenomeWideSNP_6_A10_771628	Y	15590342	15594523	3	-6.8117
DUNGS_p_TCGA_b84_115_SNP_N_GenomeWideSNP_6_A10_771628	Y	15594889	18271243	1435	-3.0213
DUNGS_p_TCGA_b84_115_SNP_N_GenomeWideSNP_6_A10_771628	Y	18274055	18534435	99	-3.6261
DUNGS_p_TCGA_b84_115_SNP_N_GenomeWideSNP_6_A10_771628	Y	18534603	18737863	126	-2.932
DUNGS_p_TCGA_b84_115_SNP_N_GenomeWideSNP_6_A10_771628	Y	18746652	18762398	7	-4.4452
DUNGS_p_TCGA_b84_115_SNP_N_GenomeWideSNP_6_A10_771628	Y	18762612	19059428	174	-2.9613
DUNGS_p_TCGA_b84_115_SNP_N_GenomeWideSNP_6_A10_771628	Y	19063565	19104059	15	-4.0636
DUNGS_p_TCGA_b84_115_SNP_N_GenomeWideSNP_6_A10_771628	Y	19106245	19168137	26	-3.0151
DUNGS_p_TCGA_b84_115_SNP_N_GenomeWideSNP_6_A10_771628	Y	19168670	19182271	6	-5.5726
DUNGS_p_TCGA_b84_115_SNP_N_GenomeWideSNP_6_A10_771628	Y	19185349	19571480	194	-3.0977
DUNGS_p_TCGA_b84_115_SNP_N_GenomeWideSNP_6_A10_771628	Y	19574890	20878410	595	-3.6203
DUNGS_p_TCGA_b84_115_SNP_N_GenomeWideSNP_6_A10_771628	Y	20879137	20924920	22	-4.7935
DUNGS_p_TCGA_b84_115_SNP_N_GenomeWideSNP_6_A10_771628	Y	20925848	20970746	32	-3.5745
DUNGS_p_TCGA_b84_115_SNP_N_GenomeWideSNP_6_A10_771628	Y	20971498	20972173	2	-8.3328
DUNGS_p_TCGA_b84_115_SNP_N_GenomeWideSNP_6_A10_771628	Y	20972409	21028957	23	-3.9704
DUNGS_p_TCGA_b84_115_SNP_N_GenomeWideSNP_6_A10_771628	Y	21029230	21807569	328	-3.0747
DUNGS_p_TCGA_b84_115_SNP_N_GenomeWideSNP_6_A10_771628	Y	21808680	21918647	46	-3.8734
DUNGS_p_TCGA_b84_115_SNP_N_GenomeWideSNP_6_A10_771628	Y	21919253	22900604	285	-3.0754
DUNGS_p_TCGA_b84_115_SNP_N_GenomeWideSNP_6_A10_771628	Y	22905194	22964903	36	-4.0568
DUNGS_p_TCGA_b84_115_SNP_N_GenomeWideSNP_6_A10_771628	Y	22967040	23243415	107	-3.0343
DUNGS_p_TCGA_b84_115_SNP_N_GenomeWideSNP_6_A10_771628	Y	23247790	23250862	5	-4.898
DUNGS_p_TCGA_b84_115_SNP_N_GenomeWideSNP_6_A10_771628	Y	23251469	23310985	31	-3.0488
DUNGS_p_TCGA_b84_115_SNP_N_GenomeWideSNP_6_A10_771628	Y	23326777	23350191	15	-2.1002
DUNGS_p_TCGA_b84_115_SNP_N_GenomeWideSNP_6_A10_771628	Y	23354161	23612660	132	-3.2006
DUNGS_p_TCGA_b84_115_SNP_N_GenomeWideSNP_6_A10_771628	Y	23626202	23631629	4	-5.5887
DUNGS_p_TCGA_b84_115_SNP_N_GenomeWideSNP_6_A10_771628	Y	23632664	23653771	19	-3.1097
DUNGS_p_TCGA_b84_115_SNP_N_GenomeWideSNP_6_A10_771628	Y	23683731	23690350	2	-8.8975
DUNGS_p_TCGA_b84_115_SNP_N_GenomeWideSNP_6_A10_771628	Y	23715701	23773090	36	-3.6991
DUNGS_p_TCGA_b84_115_SNP_N_GenomeWideSNP_6_A10_771628	Y	23773105	23859163	37	-2.511
DUNGS_p_TCGA_b84_115_SNP_N_GenomeWideSNP_6_A10_771628	Y	23859468	24017605	52	-3.2556
DUNGS_p_TCGA_b84_115_SNP_N_GenomeWideSNP_6_A10_771628	Y	24018367	24359931	60	-3.9445
DUNGS_p_TCGA_b84_115_SNP_N_GenomeWideSNP_6_A10_771628	Y	24361272	24514859	79	-3.071
DUNGS_p_TCGA_b84_115_SNP_N_GenomeWideSNP_6_A10_771628	Y	24515802	24985389	82	-4.2275
DUNGS_p_TCGA_b84_115_SNP_N_GenomeWideSNP_6_A10_771628	Y	25059391	25976129	143	-3.51
DUNGS_p_TCGA_b84_115_SNP_N_GenomeWideSNP_6_A10_771628	Y	25977694	26049630	27	-4.4895
DUNGS_p_TCGA_b84_115_SNP_N_GenomeWideSNP_6_A10_771628	Y	26049926	26059305	5	-6.4811
DUNGS_p_TCGA_b84_115_SNP_N_GenomeWideSNP_6_A10_771628	Y	26060553	26078453	10	-4.4799
DUNGS_p_TCGA_b84_115_SNP_N_GenomeWideSNP_6_A10_771628	Y	26087049	26170261	40	-3.4419
DUNGS_p_TCGA_b84_115_SNP_N_GenomeWideSNP_6_A10_771628	Y	26172823	26190025	8	-4.9948
DUNGS_p_TCGA_b84_115_SNP_N_GenomeWideSNP_6_A10_771628	Y	26193050	26408766	50	-2.9684
DUNGS_p_TCGA_b84_115_SNP_N_GenomeWideSNP_6_A10_771628	Y	26409789	26412603	3	-5.4366
DUNGS_p_TCGA_b84_115_SNP_N_GenomeWideSNP_6_A10_771628	Y	26417092	26433358	11	-3.4732
DUNGS_p_TCGA_b84_115_SNP_N_GenomeWideSNP_6_A10_771628	Y	26438049	26469059	14	-2.2165
DUNGS_p_TCGA_b84_115_SNP_N_GenomeWideSNP_6_A10_771628	Y	26473956	26630929	19	-3.227
DUNGS_p_TCGA_b84_115_SNP_N_GenomeWideSNP_6_A10_771628	Y	26631228	27315972	84	-4.3296
DUNGS_p_TCGA_b84_115_SNP_N_GenomeWideSNP_6_A10_771628	Y	27367487	27466078	15	-2.5068
DUNGS_p_TCGA_b84_115_SNP_N_GenomeWideSNP_6_A10_771628	Y	27467181	27481424	4	-4.2482
DUNGS_p_TCGA_b84_115_SNP_N_GenomeWideSNP_6_A10_771628	Y	27484559	27535030	17	-2.1163
DUNGS_p_TCGA_b84_115_SNP_N_GenomeWideSNP_6_A10_771628	Y	27535710	27609288	25	-3.6637
DUNGS_p_TCGA_b84_115_SNP_N_GenomeWideSNP_6_A10_771628	Y	27609970	27720551	32	-2.4402
DUNGS_p_TCGA_b84_115_SNP_N_GenomeWideSNP_6_A10_771628	Y	27721084	28054028	139	-3.9407
DUNGS_p_TCGA_b84_115_SNP_N_GenomeWideSNP_6_A10_771628	Y	28055102	28114308	29	-2.6914
DUNGS_p_TCGA_b84_115_SNP_N_GenomeWideSNP_6_A10_771628	Y	28117880	28322019	40	-4.5427
DUNGS_p_TCGA_b84_115_SNP_N_GenomeWideSNP_6_A10_771628	Y	28322083	28406470	28	-3.2689
DUNGS_p_TCGA_b84_115_SNP_N_GenomeWideSNP_6_A10_771628	Y	28407036	28410823	4	-5.1068
DUNGS_p_TCGA_b84_115_SNP_N_GenomeWideSNP_6_A10_771628	Y	28411318	28414701	5	-3.002
DUNGS_p_TCGA_b84_115_SNP_N_GenomeWideSNP_6_A10_771628	Y	28419632	28423938	6	-4.2225
DUNGS_p_TCGA_b84_115_SNP_N_GenomeWideSNP_6_A10_771628	Y	28438116	28611826	75	-2.7315
DUNGS_p_TCGA_b84_115_SNP_N_GenomeWideSNP_6_A10_771628	Y	28612306	28612890	3	-5.4825
DUNGS_p_TCGA_b84_115_SNP_N_GenomeWideSNP_6_A10_771628	Y	28616631	59018259	105	-2.6935
