Sample	Chromosome	Start	End	Num_Probes	Segment_Mean
DUNGS_p_TCGA_b84_115_SNP_N_GenomeWideSNP_6_D10_771548	1	51598	72033	9	-0.7552
DUNGS_p_TCGA_b84_115_SNP_N_GenomeWideSNP_6_D10_771548	1	72178	1861180	327	-0.0294
DUNGS_p_TCGA_b84_115_SNP_N_GenomeWideSNP_6_D10_771548	1	1861197	1869815	3	-0.9267
DUNGS_p_TCGA_b84_115_SNP_N_GenomeWideSNP_6_D10_771548	1	1878053	16026084	8086	0.002
DUNGS_p_TCGA_b84_115_SNP_N_GenomeWideSNP_6_D10_771548	1	16026123	16026512	5	-0.6924
DUNGS_p_TCGA_b84_115_SNP_N_GenomeWideSNP_6_D10_771548	1	16026788	16240720	90	-0.0146
DUNGS_p_TCGA_b84_115_SNP_N_GenomeWideSNP_6_D10_771548	1	16240990	16252003	5	0.7953
DUNGS_p_TCGA_b84_115_SNP_N_GenomeWideSNP_6_D10_771548	1	16262153	16987299	310	0.0187
DUNGS_p_TCGA_b84_115_SNP_N_GenomeWideSNP_6_D10_771548	1	17049632	17148828	67	-0.2062
DUNGS_p_TCGA_b84_115_SNP_N_GenomeWideSNP_6_D10_771548	1	17150527	25455928	5276	0.0057
DUNGS_p_TCGA_b84_115_SNP_N_GenomeWideSNP_6_D10_771548	1	25465715	25535897	32	-0.3694
DUNGS_p_TCGA_b84_115_SNP_N_GenomeWideSNP_6_D10_771548	1	25535931	28705510	1346	0.0048
DUNGS_p_TCGA_b84_115_SNP_N_GenomeWideSNP_6_D10_771548	1	28707006	28707395	2	-1.0801
DUNGS_p_TCGA_b84_115_SNP_N_GenomeWideSNP_6_D10_771548	1	28708974	30509960	1049	0.0093
DUNGS_p_TCGA_b84_115_SNP_N_GenomeWideSNP_6_D10_771548	1	30510942	30511943	6	-1.0336
DUNGS_p_TCGA_b84_115_SNP_N_GenomeWideSNP_6_D10_771548	1	30512383	62537637	19598	0.0085
DUNGS_p_TCGA_b84_115_SNP_N_GenomeWideSNP_6_D10_771548	1	62538049	62540556	6	-0.6798
DUNGS_p_TCGA_b84_115_SNP_N_GenomeWideSNP_6_D10_771548	1	62544788	70496114	5531	0.0104
DUNGS_p_TCGA_b84_115_SNP_N_GenomeWideSNP_6_D10_771548	1	70497732	70537592	19	0.3156
DUNGS_p_TCGA_b84_115_SNP_N_GenomeWideSNP_6_D10_771548	1	70540681	72522941	1226	0.0182
DUNGS_p_TCGA_b84_115_SNP_N_GenomeWideSNP_6_D10_771548	1	72528701	72535958	9	-0.9189
DUNGS_p_TCGA_b84_115_SNP_N_GenomeWideSNP_6_D10_771548	1	72541006	72583736	48	0.9761
DUNGS_p_TCGA_b84_115_SNP_N_GenomeWideSNP_6_D10_771548	1	72584492	75823432	1933	0.0135
DUNGS_p_TCGA_b84_115_SNP_N_GenomeWideSNP_6_D10_771548	1	75827351	75827442	2	1.1672
DUNGS_p_TCGA_b84_115_SNP_N_GenomeWideSNP_6_D10_771548	1	75832097	103904311	18151	0.0109
DUNGS_p_TCGA_b84_115_SNP_N_GenomeWideSNP_6_D10_771548	1	103904580	104069745	56	0.5173
DUNGS_p_TCGA_b84_115_SNP_N_GenomeWideSNP_6_D10_771548	1	104104926	105803129	916	0.0172
DUNGS_p_TCGA_b84_115_SNP_N_GenomeWideSNP_6_D10_771548	1	105803667	105823898	21	-0.3972
DUNGS_p_TCGA_b84_115_SNP_N_GenomeWideSNP_6_D10_771548	1	105825578	108531282	1944	0.0178
DUNGS_p_TCGA_b84_115_SNP_N_GenomeWideSNP_6_D10_771548	1	108535758	108539019	3	-3.5552
DUNGS_p_TCGA_b84_115_SNP_N_GenomeWideSNP_6_D10_771548	1	108540627	110025907	711	0.0299
DUNGS_p_TCGA_b84_115_SNP_N_GenomeWideSNP_6_D10_771548	1	110025950	110034497	15	-0.5437
DUNGS_p_TCGA_b84_115_SNP_N_GenomeWideSNP_6_D10_771548	1	110034560	110044476	17	-1.4149
DUNGS_p_TCGA_b84_115_SNP_N_GenomeWideSNP_6_D10_771548	1	110046521	112497610	1960	0.0109
DUNGS_p_TCGA_b84_115_SNP_N_GenomeWideSNP_6_D10_771548	1	112497716	112507663	30	0.3415
DUNGS_p_TCGA_b84_115_SNP_N_GenomeWideSNP_6_D10_771548	1	112507672	119822734	4652	0.0111
DUNGS_p_TCGA_b84_115_SNP_N_GenomeWideSNP_6_D10_771548	1	119822942	119825411	3	-0.9859
DUNGS_p_TCGA_b84_115_SNP_N_GenomeWideSNP_6_D10_771548	1	119825494	142719988	536	-0.0088
DUNGS_p_TCGA_b84_115_SNP_N_GenomeWideSNP_6_D10_771548	1	142724951	142788045	35	-0.3916
DUNGS_p_TCGA_b84_115_SNP_N_GenomeWideSNP_6_D10_771548	1	142792400	143968539	220	-0.0272
DUNGS_p_TCGA_b84_115_SNP_N_GenomeWideSNP_6_D10_771548	1	143968791	143999232	9	-0.7285
DUNGS_p_TCGA_b84_115_SNP_N_GenomeWideSNP_6_D10_771548	1	143999707	146297807	868	0.0327
DUNGS_p_TCGA_b84_115_SNP_N_GenomeWideSNP_6_D10_771548	1	146311414	147137024	42	-0.5493
DUNGS_p_TCGA_b84_115_SNP_N_GenomeWideSNP_6_D10_771548	1	147137561	147926514	193	-0.0223
DUNGS_p_TCGA_b84_115_SNP_N_GenomeWideSNP_6_D10_771548	1	147930665	147958370	6	-0.7239
DUNGS_p_TCGA_b84_115_SNP_N_GenomeWideSNP_6_D10_771548	1	147959012	150822330	1480	0.0079
DUNGS_p_TCGA_b84_115_SNP_N_GenomeWideSNP_6_D10_771548	1	150822391	150853218	34	-1.8761
DUNGS_p_TCGA_b84_115_SNP_N_GenomeWideSNP_6_D10_771548	1	150857118	185982477	23801	0.0114
DUNGS_p_TCGA_b84_115_SNP_N_GenomeWideSNP_6_D10_771548	1	185984183	185987992	2	-1.2319
DUNGS_p_TCGA_b84_115_SNP_N_GenomeWideSNP_6_D10_771548	1	185991233	189560363	2359	0.0292
DUNGS_p_TCGA_b84_115_SNP_N_GenomeWideSNP_6_D10_771548	1	189566106	189594916	18	0.568
DUNGS_p_TCGA_b84_115_SNP_N_GenomeWideSNP_6_D10_771548	1	189604317	191140521	977	0.0087
DUNGS_p_TCGA_b84_115_SNP_N_GenomeWideSNP_6_D10_771548	1	191141895	191161167	15	-0.7717
DUNGS_p_TCGA_b84_115_SNP_N_GenomeWideSNP_6_D10_771548	1	191163057	191422415	207	0.02
DUNGS_p_TCGA_b84_115_SNP_N_GenomeWideSNP_6_D10_771548	1	191422902	191422971	4	1.1309
DUNGS_p_TCGA_b84_115_SNP_N_GenomeWideSNP_6_D10_771548	1	191426346	194998709	2408	0.017
DUNGS_p_TCGA_b84_115_SNP_N_GenomeWideSNP_6_D10_771548	1	195005246	195082414	92	0.3567
DUNGS_p_TCGA_b84_115_SNP_N_GenomeWideSNP_6_D10_771548	1	195083353	225491924	20524	0.0104
DUNGS_p_TCGA_b84_115_SNP_N_GenomeWideSNP_6_D10_771548	1	225492695	225493029	3	-0.8213
DUNGS_p_TCGA_b84_115_SNP_N_GenomeWideSNP_6_D10_771548	1	225495801	228518035	1865	0.0091
DUNGS_p_TCGA_b84_115_SNP_N_GenomeWideSNP_6_D10_771548	1	228518946	228519075	2	1.0869
DUNGS_p_TCGA_b84_115_SNP_N_GenomeWideSNP_6_D10_771548	1	228520220	246838180	13429	0.0117
DUNGS_p_TCGA_b84_115_SNP_N_GenomeWideSNP_6_D10_771548	1	246839038	246841722	4	0.838
DUNGS_p_TCGA_b84_115_SNP_N_GenomeWideSNP_6_D10_771548	1	246846377	247191011	158	0.0075
DUNGS_p_TCGA_b84_115_SNP_N_GenomeWideSNP_6_D10_771548	2	2784	34544573	24136	0.0083
DUNGS_p_TCGA_b84_115_SNP_N_GenomeWideSNP_6_D10_771548	2	34552819	34555239	6	-3.0713
DUNGS_p_TCGA_b84_115_SNP_N_GenomeWideSNP_6_D10_771548	2	34562136	34571412	23	-1.5415
DUNGS_p_TCGA_b84_115_SNP_N_GenomeWideSNP_6_D10_771548	2	34571478	34590561	17	-2.8763
DUNGS_p_TCGA_b84_115_SNP_N_GenomeWideSNP_6_D10_771548	2	34590667	35829477	878	0.0461
DUNGS_p_TCGA_b84_115_SNP_N_GenomeWideSNP_6_D10_771548	2	35831294	35840412	5	0.9498
DUNGS_p_TCGA_b84_115_SNP_N_GenomeWideSNP_6_D10_771548	2	35841420	40269152	3273	0.0196
DUNGS_p_TCGA_b84_115_SNP_N_GenomeWideSNP_6_D10_771548	2	40269177	40269983	3	-0.8922
DUNGS_p_TCGA_b84_115_SNP_N_GenomeWideSNP_6_D10_771548	2	40270309	86791198	30904	0.0149
DUNGS_p_TCGA_b84_115_SNP_N_GenomeWideSNP_6_D10_771548	2	86806581	86807365	2	-1.9308
DUNGS_p_TCGA_b84_115_SNP_N_GenomeWideSNP_6_D10_771548	2	86823917	86977645	63	0.0398
DUNGS_p_TCGA_b84_115_SNP_N_GenomeWideSNP_6_D10_771548	2	86981712	86990896	3	-0.63
DUNGS_p_TCGA_b84_115_SNP_N_GenomeWideSNP_6_D10_771548	2	87015364	87191480	18	0.0492
DUNGS_p_TCGA_b84_115_SNP_N_GenomeWideSNP_6_D10_771548	2	87198249	87775756	189	0.3131
DUNGS_p_TCGA_b84_115_SNP_N_GenomeWideSNP_6_D10_771548	2	87777487	87962359	12	-0.4491
DUNGS_p_TCGA_b84_115_SNP_N_GenomeWideSNP_6_D10_771548	2	87973022	97517966	1864	-0.0093
DUNGS_p_TCGA_b84_115_SNP_N_GenomeWideSNP_6_D10_771548	2	97520697	97528142	4	-1.5198
DUNGS_p_TCGA_b84_115_SNP_N_GenomeWideSNP_6_D10_771548	2	97528621	106241154	5583	0.0052
DUNGS_p_TCGA_b84_115_SNP_N_GenomeWideSNP_6_D10_771548	2	106246527	106249661	5	-1.1546
DUNGS_p_TCGA_b84_115_SNP_N_GenomeWideSNP_6_D10_771548	2	106249763	106251789	7	-2.8339
DUNGS_p_TCGA_b84_115_SNP_N_GenomeWideSNP_6_D10_771548	2	106253687	107807168	995	0.0189
DUNGS_p_TCGA_b84_115_SNP_N_GenomeWideSNP_6_D10_771548	2	107813401	107847339	2	-1.2058
DUNGS_p_TCGA_b84_115_SNP_N_GenomeWideSNP_6_D10_771548	2	107858520	110125531	1122	0.0051
DUNGS_p_TCGA_b84_115_SNP_N_GenomeWideSNP_6_D10_771548	2	110147004	110182514	4	-0.9083
DUNGS_p_TCGA_b84_115_SNP_N_GenomeWideSNP_6_D10_771548	2	110182922	110579363	90	0.0241
DUNGS_p_TCGA_b84_115_SNP_N_GenomeWideSNP_6_D10_771548	2	110603665	110854188	3	1.1923
DUNGS_p_TCGA_b84_115_SNP_N_GenomeWideSNP_6_D10_771548	2	111105101	114078485	1630	0.0103
DUNGS_p_TCGA_b84_115_SNP_N_GenomeWideSNP_6_D10_771548	2	114078884	114078886	2	-2.9692
DUNGS_p_TCGA_b84_115_SNP_N_GenomeWideSNP_6_D10_771548	2	114097291	146580913	20131	0.0104
DUNGS_p_TCGA_b84_115_SNP_N_GenomeWideSNP_6_D10_771548	2	146580927	146594276	22	0.8429
DUNGS_p_TCGA_b84_115_SNP_N_GenomeWideSNP_6_D10_771548	2	146594865	180127998	20546	0.0084
DUNGS_p_TCGA_b84_115_SNP_N_GenomeWideSNP_6_D10_771548	2	180128688	180129649	8	0.548
DUNGS_p_TCGA_b84_115_SNP_N_GenomeWideSNP_6_D10_771548	2	180129671	183454702	2160	0.0179
DUNGS_p_TCGA_b84_115_SNP_N_GenomeWideSNP_6_D10_771548	2	183462648	183463575	4	-0.7091
DUNGS_p_TCGA_b84_115_SNP_N_GenomeWideSNP_6_D10_771548	2	183466460	183793698	169	-0.0019
DUNGS_p_TCGA_b84_115_SNP_N_GenomeWideSNP_6_D10_771548	2	183794033	183797969	9	-0.8094
DUNGS_p_TCGA_b84_115_SNP_N_GenomeWideSNP_6_D10_771548	2	183802243	184502096	430	0.0145
DUNGS_p_TCGA_b84_115_SNP_N_GenomeWideSNP_6_D10_771548	2	184502645	184510686	17	-0.7109
DUNGS_p_TCGA_b84_115_SNP_N_GenomeWideSNP_6_D10_771548	2	184516834	188451704	2200	0.0332
DUNGS_p_TCGA_b84_115_SNP_N_GenomeWideSNP_6_D10_771548	2	188453022	188453228	3	0.839
DUNGS_p_TCGA_b84_115_SNP_N_GenomeWideSNP_6_D10_771548	2	188454845	205820689	10025	0.0163
DUNGS_p_TCGA_b84_115_SNP_N_GenomeWideSNP_6_D10_771548	2	205824033	205826729	5	-0.618
DUNGS_p_TCGA_b84_115_SNP_N_GenomeWideSNP_6_D10_771548	2	205830439	208063200	1451	0.0024
DUNGS_p_TCGA_b84_115_SNP_N_GenomeWideSNP_6_D10_771548	2	208063423	208067194	13	-1.0117
DUNGS_p_TCGA_b84_115_SNP_N_GenomeWideSNP_6_D10_771548	2	208067270	215431237	4696	0.0163
DUNGS_p_TCGA_b84_115_SNP_N_GenomeWideSNP_6_D10_771548	2	215431551	215439435	4	-0.861
DUNGS_p_TCGA_b84_115_SNP_N_GenomeWideSNP_6_D10_771548	2	215439454	240609280	16428	0.006
DUNGS_p_TCGA_b84_115_SNP_N_GenomeWideSNP_6_D10_771548	2	240612322	240612611	2	-1.1064
DUNGS_p_TCGA_b84_115_SNP_N_GenomeWideSNP_6_D10_771548	2	240614358	242738129	1037	0.0107
DUNGS_p_TCGA_b84_115_SNP_N_GenomeWideSNP_6_D10_771548	3	35345	16214067	12958	0.0218
DUNGS_p_TCGA_b84_115_SNP_N_GenomeWideSNP_6_D10_771548	3	16215560	16215647	3	-0.8467
DUNGS_p_TCGA_b84_115_SNP_N_GenomeWideSNP_6_D10_771548	3	16215675	46024712	19838	0.0132
DUNGS_p_TCGA_b84_115_SNP_N_GenomeWideSNP_6_D10_771548	3	46024840	46026747	3	-1.2952
DUNGS_p_TCGA_b84_115_SNP_N_GenomeWideSNP_6_D10_771548	3	46028585	61101861	9189	0.0175
DUNGS_p_TCGA_b84_115_SNP_N_GenomeWideSNP_6_D10_771548	3	61102245	61103057	3	-0.9375
DUNGS_p_TCGA_b84_115_SNP_N_GenomeWideSNP_6_D10_771548	3	61105940	74717787	10407	0.0074
DUNGS_p_TCGA_b84_115_SNP_N_GenomeWideSNP_6_D10_771548	3	74729582	74729957	2	-1.1227
DUNGS_p_TCGA_b84_115_SNP_N_GenomeWideSNP_6_D10_771548	3	74731875	75579723	432	-0.0252
DUNGS_p_TCGA_b84_115_SNP_N_GenomeWideSNP_6_D10_771548	3	75582289	75773009	55	-0.3178
DUNGS_p_TCGA_b84_115_SNP_N_GenomeWideSNP_6_D10_771548	3	75778219	84782374	4987	0.0175
DUNGS_p_TCGA_b84_115_SNP_N_GenomeWideSNP_6_D10_771548	3	84782448	84784925	16	-0.4944
DUNGS_p_TCGA_b84_115_SNP_N_GenomeWideSNP_6_D10_771548	3	84785103	131269443	24812	0.0108
DUNGS_p_TCGA_b84_115_SNP_N_GenomeWideSNP_6_D10_771548	3	131269711	131281425	35	0.5513
DUNGS_p_TCGA_b84_115_SNP_N_GenomeWideSNP_6_D10_771548	3	131281471	133475427	1452	0.0014
DUNGS_p_TCGA_b84_115_SNP_N_GenomeWideSNP_6_D10_771548	3	133475463	133478374	3	-2.4191
DUNGS_p_TCGA_b84_115_SNP_N_GenomeWideSNP_6_D10_771548	3	133483167	147894903	8983	0.0119
DUNGS_p_TCGA_b84_115_SNP_N_GenomeWideSNP_6_D10_771548	3	147896337	147902213	3	-1.0445
DUNGS_p_TCGA_b84_115_SNP_N_GenomeWideSNP_6_D10_771548	3	147903746	159813745	7248	0.0167
DUNGS_p_TCGA_b84_115_SNP_N_GenomeWideSNP_6_D10_771548	3	159820459	159822235	2	-1.6261
DUNGS_p_TCGA_b84_115_SNP_N_GenomeWideSNP_6_D10_771548	3	159824316	164007552	2636	0.0228
DUNGS_p_TCGA_b84_115_SNP_N_GenomeWideSNP_6_D10_771548	3	164011324	164046201	17	-0.6541
DUNGS_p_TCGA_b84_115_SNP_N_GenomeWideSNP_6_D10_771548	3	164046490	176563286	7709	0.0198
DUNGS_p_TCGA_b84_115_SNP_N_GenomeWideSNP_6_D10_771548	3	176563305	176563920	5	-0.9644
DUNGS_p_TCGA_b84_115_SNP_N_GenomeWideSNP_6_D10_771548	3	176564019	186367200	5730	0.0178
DUNGS_p_TCGA_b84_115_SNP_N_GenomeWideSNP_6_D10_771548	3	186370387	186373384	10	-0.7569
DUNGS_p_TCGA_b84_115_SNP_N_GenomeWideSNP_6_D10_771548	3	186375580	194090444	5600	0.0128
DUNGS_p_TCGA_b84_115_SNP_N_GenomeWideSNP_6_D10_771548	3	194090667	194091245	6	0.6097
DUNGS_p_TCGA_b84_115_SNP_N_GenomeWideSNP_6_D10_771548	3	194091292	196875861	1700	0.0078
DUNGS_p_TCGA_b84_115_SNP_N_GenomeWideSNP_6_D10_771548	3	196884256	196960434	45	-0.4557
DUNGS_p_TCGA_b84_115_SNP_N_GenomeWideSNP_6_D10_771548	3	196964365	199380515	1174	0.0079
DUNGS_p_TCGA_b84_115_SNP_N_GenomeWideSNP_6_D10_771548	4	2281	56719	58	-0.2948
DUNGS_p_TCGA_b84_115_SNP_N_GenomeWideSNP_6_D10_771548	4	58821	4217419	1659	-0.0152
DUNGS_p_TCGA_b84_115_SNP_N_GenomeWideSNP_6_D10_771548	4	4217884	4218034	3	-1.4053
DUNGS_p_TCGA_b84_115_SNP_N_GenomeWideSNP_6_D10_771548	4	4222236	9073635	3536	0.0025
DUNGS_p_TCGA_b84_115_SNP_N_GenomeWideSNP_6_D10_771548	4	9074070	9087947	4	0.9075
DUNGS_p_TCGA_b84_115_SNP_N_GenomeWideSNP_6_D10_771548	4	9088133	9819488	549	-0.0034
DUNGS_p_TCGA_b84_115_SNP_N_GenomeWideSNP_6_D10_771548	4	9823258	9840596	29	-1.9951
DUNGS_p_TCGA_b84_115_SNP_N_GenomeWideSNP_6_D10_771548	4	9843312	9848395	11	-0.3175
DUNGS_p_TCGA_b84_115_SNP_N_GenomeWideSNP_6_D10_771548	4	9849761	11986840	1789	0.0033
DUNGS_p_TCGA_b84_115_SNP_N_GenomeWideSNP_6_D10_771548	4	11987033	11993648	32	0.255
DUNGS_p_TCGA_b84_115_SNP_N_GenomeWideSNP_6_D10_771548	4	11993998	14078015	1630	0.0082
DUNGS_p_TCGA_b84_115_SNP_N_GenomeWideSNP_6_D10_771548	4	14079201	14079425	3	-1.2663
DUNGS_p_TCGA_b84_115_SNP_N_GenomeWideSNP_6_D10_771548	4	14081732	34442092	13539	0.0128
DUNGS_p_TCGA_b84_115_SNP_N_GenomeWideSNP_6_D10_771548	4	34442166	34500578	47	0.5294
DUNGS_p_TCGA_b84_115_SNP_N_GenomeWideSNP_6_D10_771548	4	34501120	38452630	2821	0.0178
DUNGS_p_TCGA_b84_115_SNP_N_GenomeWideSNP_6_D10_771548	4	38452698	38466621	19	-0.3169
DUNGS_p_TCGA_b84_115_SNP_N_GenomeWideSNP_6_D10_771548	4	38468135	48784131	6140	0.0215
DUNGS_p_TCGA_b84_115_SNP_N_GenomeWideSNP_6_D10_771548	4	48788543	52380801	44	-0.2313
DUNGS_p_TCGA_b84_115_SNP_N_GenomeWideSNP_6_D10_771548	4	52380940	69054598	10493	0.0147
DUNGS_p_TCGA_b84_115_SNP_N_GenomeWideSNP_6_D10_771548	4	69057536	69187710	67	0.6366
DUNGS_p_TCGA_b84_115_SNP_N_GenomeWideSNP_6_D10_771548	4	69188929	69512426	13	-0.3639
DUNGS_p_TCGA_b84_115_SNP_N_GenomeWideSNP_6_D10_771548	4	69571393	70162241	319	0.0741
DUNGS_p_TCGA_b84_115_SNP_N_GenomeWideSNP_6_D10_771548	4	70163001	70266611	53	-0.4448
DUNGS_p_TCGA_b84_115_SNP_N_GenomeWideSNP_6_D10_771548	4	70266713	86862766	10210	0.0077
DUNGS_p_TCGA_b84_115_SNP_N_GenomeWideSNP_6_D10_771548	4	86862881	86863126	3	0.9139
DUNGS_p_TCGA_b84_115_SNP_N_GenomeWideSNP_6_D10_771548	4	86863154	88888960	1215	0.0109
DUNGS_p_TCGA_b84_115_SNP_N_GenomeWideSNP_6_D10_771548	4	88889507	88891638	13	0.4318
DUNGS_p_TCGA_b84_115_SNP_N_GenomeWideSNP_6_D10_771548	4	88891718	115393149	15944	0.0111
DUNGS_p_TCGA_b84_115_SNP_N_GenomeWideSNP_6_D10_771548	4	115394772	115403701	25	0.5975
DUNGS_p_TCGA_b84_115_SNP_N_GenomeWideSNP_6_D10_771548	4	115403715	117934801	1539	0.0195
DUNGS_p_TCGA_b84_115_SNP_N_GenomeWideSNP_6_D10_771548	4	117935581	117935831	3	-0.7642
DUNGS_p_TCGA_b84_115_SNP_N_GenomeWideSNP_6_D10_771548	4	117938683	118417338	288	0.0374
DUNGS_p_TCGA_b84_115_SNP_N_GenomeWideSNP_6_D10_771548	4	118419294	118434527	4	-0.7428
DUNGS_p_TCGA_b84_115_SNP_N_GenomeWideSNP_6_D10_771548	4	118447346	138311553	11433	0.0136
DUNGS_p_TCGA_b84_115_SNP_N_GenomeWideSNP_6_D10_771548	4	138311645	138327813	20	-0.6234
DUNGS_p_TCGA_b84_115_SNP_N_GenomeWideSNP_6_D10_771548	4	138327937	162099647	14784	0.0107
DUNGS_p_TCGA_b84_115_SNP_N_GenomeWideSNP_6_D10_771548	4	162099753	162104358	17	-0.6378
DUNGS_p_TCGA_b84_115_SNP_N_GenomeWideSNP_6_D10_771548	4	162104369	162104628	9	0.3944
DUNGS_p_TCGA_b84_115_SNP_N_GenomeWideSNP_6_D10_771548	4	162104712	170813823	5560	0.0218
DUNGS_p_TCGA_b84_115_SNP_N_GenomeWideSNP_6_D10_771548	4	170813991	170814482	2	-1.5896
DUNGS_p_TCGA_b84_115_SNP_N_GenomeWideSNP_6_D10_771548	4	170815103	172605921	1111	0.0054
DUNGS_p_TCGA_b84_115_SNP_N_GenomeWideSNP_6_D10_771548	4	172611459	172614285	10	-1.271
DUNGS_p_TCGA_b84_115_SNP_N_GenomeWideSNP_6_D10_771548	4	172614299	173224503	399	0.0423
DUNGS_p_TCGA_b84_115_SNP_N_GenomeWideSNP_6_D10_771548	4	173225723	173226108	12	0.7354
DUNGS_p_TCGA_b84_115_SNP_N_GenomeWideSNP_6_D10_771548	4	173232554	183968731	7268	0.0205
DUNGS_p_TCGA_b84_115_SNP_N_GenomeWideSNP_6_D10_771548	4	183968738	183975724	4	-0.7454
DUNGS_p_TCGA_b84_115_SNP_N_GenomeWideSNP_6_D10_771548	4	183978368	186267462	1526	0.012
DUNGS_p_TCGA_b84_115_SNP_N_GenomeWideSNP_6_D10_771548	4	186267962	186280841	6	-0.6417
DUNGS_p_TCGA_b84_115_SNP_N_GenomeWideSNP_6_D10_771548	4	186281132	189458252	2154	0.0189
DUNGS_p_TCGA_b84_115_SNP_N_GenomeWideSNP_6_D10_771548	4	189458354	189458369	2	-1.5318
DUNGS_p_TCGA_b84_115_SNP_N_GenomeWideSNP_6_D10_771548	4	189458418	191015086	1114	0.0434
DUNGS_p_TCGA_b84_115_SNP_N_GenomeWideSNP_6_D10_771548	4	191015260	191261904	66	-0.1412
DUNGS_p_TCGA_b84_115_SNP_N_GenomeWideSNP_6_D10_771548	5	68532	738748	308	-0.0508
DUNGS_p_TCGA_b84_115_SNP_N_GenomeWideSNP_6_D10_771548	5	751371	826190	27	0.4031
DUNGS_p_TCGA_b84_115_SNP_N_GenomeWideSNP_6_D10_771548	5	826547	3819628	2386	5e-04
DUNGS_p_TCGA_b84_115_SNP_N_GenomeWideSNP_6_D10_771548	5	3821493	3821938	2	-1.4825
DUNGS_p_TCGA_b84_115_SNP_N_GenomeWideSNP_6_D10_771548	5	3822282	16177245	9752	0.0095
DUNGS_p_TCGA_b84_115_SNP_N_GenomeWideSNP_6_D10_771548	5	16178128	16178214	3	-0.8739
DUNGS_p_TCGA_b84_115_SNP_N_GenomeWideSNP_6_D10_771548	5	16180544	46287063	18358	0.0144
DUNGS_p_TCGA_b84_115_SNP_N_GenomeWideSNP_6_D10_771548	5	46306765	46309259	8	-1.9402
DUNGS_p_TCGA_b84_115_SNP_N_GenomeWideSNP_6_D10_771548	5	46313969	68882059	12425	0.0105
DUNGS_p_TCGA_b84_115_SNP_N_GenomeWideSNP_6_D10_771548	5	68903050	69153891	5	-1.2461
DUNGS_p_TCGA_b84_115_SNP_N_GenomeWideSNP_6_D10_771548	5	69269183	117414516	28996	0.0147
DUNGS_p_TCGA_b84_115_SNP_N_GenomeWideSNP_6_D10_771548	5	117416321	117416984	11	-0.6595
DUNGS_p_TCGA_b84_115_SNP_N_GenomeWideSNP_6_D10_771548	5	117432239	125325128	5240	0.0155
DUNGS_p_TCGA_b84_115_SNP_N_GenomeWideSNP_6_D10_771548	5	125325146	125325249	2	-1.0071
DUNGS_p_TCGA_b84_115_SNP_N_GenomeWideSNP_6_D10_771548	5	125325911	133159611	4593	0.0034
DUNGS_p_TCGA_b84_115_SNP_N_GenomeWideSNP_6_D10_771548	5	133162976	133163465	2	-1.1289
DUNGS_p_TCGA_b84_115_SNP_N_GenomeWideSNP_6_D10_771548	5	133165964	137764510	2906	0.0028
DUNGS_p_TCGA_b84_115_SNP_N_GenomeWideSNP_6_D10_771548	5	137764954	137768253	4	0.9568
DUNGS_p_TCGA_b84_115_SNP_N_GenomeWideSNP_6_D10_771548	5	137768536	140176762	1092	0.0124
DUNGS_p_TCGA_b84_115_SNP_N_GenomeWideSNP_6_D10_771548	5	140177120	140223940	20	0.3978
DUNGS_p_TCGA_b84_115_SNP_N_GenomeWideSNP_6_D10_771548	5	140232347	177131055	25083	0.0059
DUNGS_p_TCGA_b84_115_SNP_N_GenomeWideSNP_6_D10_771548	5	177160157	177192021	5	-0.6552
DUNGS_p_TCGA_b84_115_SNP_N_GenomeWideSNP_6_D10_771548	5	177192936	180330877	1818	0.0056
DUNGS_p_TCGA_b84_115_SNP_N_GenomeWideSNP_6_D10_771548	5	180331979	180350709	13	-0.49
DUNGS_p_TCGA_b84_115_SNP_N_GenomeWideSNP_6_D10_771548	5	180365831	180722926	171	-0.0319
DUNGS_p_TCGA_b84_115_SNP_N_GenomeWideSNP_6_D10_771548	6	94661	5971210	4865	0.0144
DUNGS_p_TCGA_b84_115_SNP_N_GenomeWideSNP_6_D10_771548	6	5978930	5979435	3	-2.1901
DUNGS_p_TCGA_b84_115_SNP_N_GenomeWideSNP_6_D10_771548	6	5982044	28129248	16062	0.0111
DUNGS_p_TCGA_b84_115_SNP_N_GenomeWideSNP_6_D10_771548	6	28129568	28129612	2	-1.528
DUNGS_p_TCGA_b84_115_SNP_N_GenomeWideSNP_6_D10_771548	6	28131730	31318195	1473	0.0195
DUNGS_p_TCGA_b84_115_SNP_N_GenomeWideSNP_6_D10_771548	6	31318845	31337623	4	-0.9615
DUNGS_p_TCGA_b84_115_SNP_N_GenomeWideSNP_6_D10_771548	6	31338646	31388802	48	0.0681
DUNGS_p_TCGA_b84_115_SNP_N_GenomeWideSNP_6_D10_771548	6	31394255	31403932	8	0.9899
DUNGS_p_TCGA_b84_115_SNP_N_GenomeWideSNP_6_D10_771548	6	31403966	32733073	574	0.0312
DUNGS_p_TCGA_b84_115_SNP_N_GenomeWideSNP_6_D10_771548	6	32733866	32733915	2	-1.7473
DUNGS_p_TCGA_b84_115_SNP_N_GenomeWideSNP_6_D10_771548	6	32734596	51000687	11543	0.0112
DUNGS_p_TCGA_b84_115_SNP_N_GenomeWideSNP_6_D10_771548	6	51001210	51001250	2	1.007
DUNGS_p_TCGA_b84_115_SNP_N_GenomeWideSNP_6_D10_771548	6	51007232	54039234	2216	0.0066
DUNGS_p_TCGA_b84_115_SNP_N_GenomeWideSNP_6_D10_771548	6	54039339	54039814	4	-1.3772
DUNGS_p_TCGA_b84_115_SNP_N_GenomeWideSNP_6_D10_771548	6	54043307	65393663	4359	0.021
DUNGS_p_TCGA_b84_115_SNP_N_GenomeWideSNP_6_D10_771548	6	65404265	65405713	2	1.4948
DUNGS_p_TCGA_b84_115_SNP_N_GenomeWideSNP_6_D10_771548	6	65407497	74651482	6177	0.0129
DUNGS_p_TCGA_b84_115_SNP_N_GenomeWideSNP_6_D10_771548	6	74654017	74658138	3	-1.279
DUNGS_p_TCGA_b84_115_SNP_N_GenomeWideSNP_6_D10_771548	6	74660283	77474189	1753	0.0206
DUNGS_p_TCGA_b84_115_SNP_N_GenomeWideSNP_6_D10_771548	6	77474806	77509476	39	0.3465
DUNGS_p_TCGA_b84_115_SNP_N_GenomeWideSNP_6_D10_771548	6	77517792	79025784	981	0.0194
DUNGS_p_TCGA_b84_115_SNP_N_GenomeWideSNP_6_D10_771548	6	79025824	79089311	108	-0.3737
DUNGS_p_TCGA_b84_115_SNP_N_GenomeWideSNP_6_D10_771548	6	79091659	102805442	14908	0.0187
DUNGS_p_TCGA_b84_115_SNP_N_GenomeWideSNP_6_D10_771548	6	102805686	102811920	4	-0.7348
DUNGS_p_TCGA_b84_115_SNP_N_GenomeWideSNP_6_D10_771548	6	102813156	103841518	596	0.0243
DUNGS_p_TCGA_b84_115_SNP_N_GenomeWideSNP_6_D10_771548	6	103841522	103868754	47	0.6943
DUNGS_p_TCGA_b84_115_SNP_N_GenomeWideSNP_6_D10_771548	6	103872163	115425715	7313	0.0125
DUNGS_p_TCGA_b84_115_SNP_N_GenomeWideSNP_6_D10_771548	6	115431200	115514666	17	0.3878
DUNGS_p_TCGA_b84_115_SNP_N_GenomeWideSNP_6_D10_771548	6	115515264	151270585	22918	0.0123
DUNGS_p_TCGA_b84_115_SNP_N_GenomeWideSNP_6_D10_771548	6	151270700	151270705	2	-1.0468
DUNGS_p_TCGA_b84_115_SNP_N_GenomeWideSNP_6_D10_771548	6	151270716	152013380	515	0.0144
DUNGS_p_TCGA_b84_115_SNP_N_GenomeWideSNP_6_D10_771548	6	152017329	152017466	2	-0.9439
DUNGS_p_TCGA_b84_115_SNP_N_GenomeWideSNP_6_D10_771548	6	152018915	157699483	4072	0.0091
DUNGS_p_TCGA_b84_115_SNP_N_GenomeWideSNP_6_D10_771548	6	157701252	157716064	3	0.8545
DUNGS_p_TCGA_b84_115_SNP_N_GenomeWideSNP_6_D10_771548	6	157716982	160952079	2162	0.0046
DUNGS_p_TCGA_b84_115_SNP_N_GenomeWideSNP_6_D10_771548	6	160952093	160988032	10	-0.4856
DUNGS_p_TCGA_b84_115_SNP_N_GenomeWideSNP_6_D10_771548	6	160988098	170892930	7270	0.0104
DUNGS_p_TCGA_b84_115_SNP_N_GenomeWideSNP_6_D10_771548	7	52911	26098815	18893	0.0204
DUNGS_p_TCGA_b84_115_SNP_N_GenomeWideSNP_6_D10_771548	7	26108917	26111938	4	-0.9853
DUNGS_p_TCGA_b84_115_SNP_N_GenomeWideSNP_6_D10_771548	7	26113744	38291966	8592	0.0153
DUNGS_p_TCGA_b84_115_SNP_N_GenomeWideSNP_6_D10_771548	7	38292303	38353968	100	-0.3086
DUNGS_p_TCGA_b84_115_SNP_N_GenomeWideSNP_6_D10_771548	7	38357890	54347867	11027	0.009
DUNGS_p_TCGA_b84_115_SNP_N_GenomeWideSNP_6_D10_771548	7	54353999	54354011	6	-0.7996
DUNGS_p_TCGA_b84_115_SNP_N_GenomeWideSNP_6_D10_771548	7	54360982	55083316	566	0.0198
DUNGS_p_TCGA_b84_115_SNP_N_GenomeWideSNP_6_D10_771548	7	55083634	55083963	3	-0.9027
DUNGS_p_TCGA_b84_115_SNP_N_GenomeWideSNP_6_D10_771548	7	55084049	64206287	2571	-0.0071
DUNGS_p_TCGA_b84_115_SNP_N_GenomeWideSNP_6_D10_771548	7	64231500	64233133	6	-2.0881
DUNGS_p_TCGA_b84_115_SNP_N_GenomeWideSNP_6_D10_771548	7	64274563	66917690	1155	-0.0046
DUNGS_p_TCGA_b84_115_SNP_N_GenomeWideSNP_6_D10_771548	7	66919567	66921541	3	-0.9478
DUNGS_p_TCGA_b84_115_SNP_N_GenomeWideSNP_6_D10_771548	7	66926001	70057754	1995	0.0059
DUNGS_p_TCGA_b84_115_SNP_N_GenomeWideSNP_6_D10_771548	7	70058374	70064077	3	-1.148
DUNGS_p_TCGA_b84_115_SNP_N_GenomeWideSNP_6_D10_771548	7	70066179	78485551	3847	0.0024
DUNGS_p_TCGA_b84_115_SNP_N_GenomeWideSNP_6_D10_771548	7	78487446	78487728	2	-1.2993
DUNGS_p_TCGA_b84_115_SNP_N_GenomeWideSNP_6_D10_771548	7	78491530	101889169	14091	0.0178
DUNGS_p_TCGA_b84_115_SNP_N_GenomeWideSNP_6_D10_771548	7	102022781	102127842	17	-0.3263
DUNGS_p_TCGA_b84_115_SNP_N_GenomeWideSNP_6_D10_771548	7	102127845	102144834	16	0.0455
DUNGS_p_TCGA_b84_115_SNP_N_GenomeWideSNP_6_D10_771548	7	102145001	102145396	2	-0.9573
DUNGS_p_TCGA_b84_115_SNP_N_GenomeWideSNP_6_D10_771548	7	102145531	109221034	4550	0.015
DUNGS_p_TCGA_b84_115_SNP_N_GenomeWideSNP_6_D10_771548	7	109224328	109224909	10	0.6696
DUNGS_p_TCGA_b84_115_SNP_N_GenomeWideSNP_6_D10_771548	7	109224911	109228480	15	-0.0165
DUNGS_p_TCGA_b84_115_SNP_N_GenomeWideSNP_6_D10_771548	7	109228865	109241507	13	0.5129
DUNGS_p_TCGA_b84_115_SNP_N_GenomeWideSNP_6_D10_771548	7	109245626	110848021	1088	0.0291
DUNGS_p_TCGA_b84_115_SNP_N_GenomeWideSNP_6_D10_771548	7	110852528	110853895	6	-0.8379
DUNGS_p_TCGA_b84_115_SNP_N_GenomeWideSNP_6_D10_771548	7	110856650	125832887	8951	0.0174
DUNGS_p_TCGA_b84_115_SNP_N_GenomeWideSNP_6_D10_771548	7	125832922	125833851	9	-1.1759
DUNGS_p_TCGA_b84_115_SNP_N_GenomeWideSNP_6_D10_771548	7	125834112	133429192	4708	0.0074
DUNGS_p_TCGA_b84_115_SNP_N_GenomeWideSNP_6_D10_771548	7	133435717	133446381	30	-0.2691
DUNGS_p_TCGA_b84_115_SNP_N_GenomeWideSNP_6_D10_771548	7	133448593	142154515	5704	0.0052
DUNGS_p_TCGA_b84_115_SNP_N_GenomeWideSNP_6_D10_771548	7	142156294	142165614	27	-2.4565
DUNGS_p_TCGA_b84_115_SNP_N_GenomeWideSNP_6_D10_771548	7	142165684	143540378	845	0.0101
DUNGS_p_TCGA_b84_115_SNP_N_GenomeWideSNP_6_D10_771548	7	143542557	143645161	28	0.4127
DUNGS_p_TCGA_b84_115_SNP_N_GenomeWideSNP_6_D10_771548	7	143648242	155629049	7726	0.0048
DUNGS_p_TCGA_b84_115_SNP_N_GenomeWideSNP_6_D10_771548	7	155631368	155637212	6	-0.9038
DUNGS_p_TCGA_b84_115_SNP_N_GenomeWideSNP_6_D10_771548	7	155644089	158819765	1983	-0.0123
DUNGS_p_TCGA_b84_115_SNP_N_GenomeWideSNP_6_D10_771548	8	21254	583041	327	0.0181
DUNGS_p_TCGA_b84_115_SNP_N_GenomeWideSNP_6_D10_771548	8	584944	585875	8	0.8467
DUNGS_p_TCGA_b84_115_SNP_N_GenomeWideSNP_6_D10_771548	8	585892	585908	2	3.8054
DUNGS_p_TCGA_b84_115_SNP_N_GenomeWideSNP_6_D10_771548	8	591043	1347537	531	-0.0063
DUNGS_p_TCGA_b84_115_SNP_N_GenomeWideSNP_6_D10_771548	8	1347729	1348197	11	-0.5521
DUNGS_p_TCGA_b84_115_SNP_N_GenomeWideSNP_6_D10_771548	8	1348219	1354475	24	-0.1947
DUNGS_p_TCGA_b84_115_SNP_N_GenomeWideSNP_6_D10_771548	8	1354769	1355009	3	-1.7342
DUNGS_p_TCGA_b84_115_SNP_N_GenomeWideSNP_6_D10_771548	8	1355095	5586194	5198	0.0338
DUNGS_p_TCGA_b84_115_SNP_N_GenomeWideSNP_6_D10_771548	8	5586204	5591735	21	-0.7304
DUNGS_p_TCGA_b84_115_SNP_N_GenomeWideSNP_6_D10_771548	8	5591903	6026584	555	0.0793
DUNGS_p_TCGA_b84_115_SNP_N_GenomeWideSNP_6_D10_771548	8	6027513	6028216	4	0.57
DUNGS_p_TCGA_b84_115_SNP_N_GenomeWideSNP_6_D10_771548	8	6029483	7213846	1177	-0.0173
DUNGS_p_TCGA_b84_115_SNP_N_GenomeWideSNP_6_D10_771548	8	7225313	7869464	157	-0.6119
DUNGS_p_TCGA_b84_115_SNP_N_GenomeWideSNP_6_D10_771548	8	7875953	7876259	5	0.4932
DUNGS_p_TCGA_b84_115_SNP_N_GenomeWideSNP_6_D10_771548	8	7877130	8015420	33	-0.2137
DUNGS_p_TCGA_b84_115_SNP_N_GenomeWideSNP_6_D10_771548	8	8015466	8015597	3	0.4078
DUNGS_p_TCGA_b84_115_SNP_N_GenomeWideSNP_6_D10_771548	8	8027373	8055340	12	-0.6829
DUNGS_p_TCGA_b84_115_SNP_N_GenomeWideSNP_6_D10_771548	8	8055341	11986960	3239	0.0133
DUNGS_p_TCGA_b84_115_SNP_N_GenomeWideSNP_6_D10_771548	8	12025135	12072406	8	-1.2475
DUNGS_p_TCGA_b84_115_SNP_N_GenomeWideSNP_6_D10_771548	8	12207108	12291857	47	0.0603
DUNGS_p_TCGA_b84_115_SNP_N_GenomeWideSNP_6_D10_771548	8	12305298	12595053	84	-0.4338
DUNGS_p_TCGA_b84_115_SNP_N_GenomeWideSNP_6_D10_771548	8	12595139	15445549	2719	0.0214
DUNGS_p_TCGA_b84_115_SNP_N_GenomeWideSNP_6_D10_771548	8	15447431	15457818	9	-0.7937
DUNGS_p_TCGA_b84_115_SNP_N_GenomeWideSNP_6_D10_771548	8	15467641	16963457	1334	0.0344
DUNGS_p_TCGA_b84_115_SNP_N_GenomeWideSNP_6_D10_771548	8	16963495	16964039	2	-1.1051
DUNGS_p_TCGA_b84_115_SNP_N_GenomeWideSNP_6_D10_771548	8	16969068	18309434	1253	0.0111
DUNGS_p_TCGA_b84_115_SNP_N_GenomeWideSNP_6_D10_771548	8	18310437	18315465	4	0.7565
DUNGS_p_TCGA_b84_115_SNP_N_GenomeWideSNP_6_D10_771548	8	18315667	18519634	206	0.0095
DUNGS_p_TCGA_b84_115_SNP_N_GenomeWideSNP_6_D10_771548	8	18519712	18520023	5	-1.1619
DUNGS_p_TCGA_b84_115_SNP_N_GenomeWideSNP_6_D10_771548	8	18523437	25030393	4886	0.015
DUNGS_p_TCGA_b84_115_SNP_N_GenomeWideSNP_6_D10_771548	8	25030439	25040250	25	0.7335
DUNGS_p_TCGA_b84_115_SNP_N_GenomeWideSNP_6_D10_771548	8	25047021	36382681	7450	0.0078
DUNGS_p_TCGA_b84_115_SNP_N_GenomeWideSNP_6_D10_771548	8	36399349	36436525	20	0.3365
DUNGS_p_TCGA_b84_115_SNP_N_GenomeWideSNP_6_D10_771548	8	36436916	47636177	4410	0.0024
DUNGS_p_TCGA_b84_115_SNP_N_GenomeWideSNP_6_D10_771548	8	47640282	47655711	11	0.8865
DUNGS_p_TCGA_b84_115_SNP_N_GenomeWideSNP_6_D10_771548	8	47665260	51194564	1814	0.0134
DUNGS_p_TCGA_b84_115_SNP_N_GenomeWideSNP_6_D10_771548	8	51194577	51195976	8	0.6657
DUNGS_p_TCGA_b84_115_SNP_N_GenomeWideSNP_6_D10_771548	8	51201131	67199127	10209	0.0092
DUNGS_p_TCGA_b84_115_SNP_N_GenomeWideSNP_6_D10_771548	8	67199664	67200018	2	-1.3241
DUNGS_p_TCGA_b84_115_SNP_N_GenomeWideSNP_6_D10_771548	8	67201943	83055634	9751	0.0095
DUNGS_p_TCGA_b84_115_SNP_N_GenomeWideSNP_6_D10_771548	8	83064667	83064905	2	-1.7967
DUNGS_p_TCGA_b84_115_SNP_N_GenomeWideSNP_6_D10_771548	8	83066954	107921682	14860	0.0128
DUNGS_p_TCGA_b84_115_SNP_N_GenomeWideSNP_6_D10_771548	8	107927695	107929316	6	-0.6059
DUNGS_p_TCGA_b84_115_SNP_N_GenomeWideSNP_6_D10_771548	8	107929349	107960877	51	-0.1017
DUNGS_p_TCGA_b84_115_SNP_N_GenomeWideSNP_6_D10_771548	8	107961037	107976755	6	-0.407
DUNGS_p_TCGA_b84_115_SNP_N_GenomeWideSNP_6_D10_771548	8	107977379	109848965	1226	0.0137
DUNGS_p_TCGA_b84_115_SNP_N_GenomeWideSNP_6_D10_771548	8	109849764	109850004	3	-0.7637
DUNGS_p_TCGA_b84_115_SNP_N_GenomeWideSNP_6_D10_771548	8	109856074	112360670	1362	0.0141
DUNGS_p_TCGA_b84_115_SNP_N_GenomeWideSNP_6_D10_771548	8	112363455	112364436	10	1.4243
DUNGS_p_TCGA_b84_115_SNP_N_GenomeWideSNP_6_D10_771548	8	112369457	139494293	19246	0.0134
DUNGS_p_TCGA_b84_115_SNP_N_GenomeWideSNP_6_D10_771548	8	139498426	139501842	4	-0.9637
DUNGS_p_TCGA_b84_115_SNP_N_GenomeWideSNP_6_D10_771548	8	139501862	146268959	3707	-0.0097
DUNGS_p_TCGA_b84_115_SNP_N_GenomeWideSNP_6_D10_771548	9	36587	58920	7	-0.6143
DUNGS_p_TCGA_b84_115_SNP_N_GenomeWideSNP_6_D10_771548	9	78030	4258731	4419	0.0197
DUNGS_p_TCGA_b84_115_SNP_N_GenomeWideSNP_6_D10_771548	9	4258785	4260669	2	-1.2205
DUNGS_p_TCGA_b84_115_SNP_N_GenomeWideSNP_6_D10_771548	9	4260682	6332855	1704	0.017
DUNGS_p_TCGA_b84_115_SNP_N_GenomeWideSNP_6_D10_771548	9	6337610	6341834	3	-0.7507
DUNGS_p_TCGA_b84_115_SNP_N_GenomeWideSNP_6_D10_771548	9	6342353	6685986	261	0.0539
DUNGS_p_TCGA_b84_115_SNP_N_GenomeWideSNP_6_D10_771548	9	6691145	6698357	7	-0.8419
DUNGS_p_TCGA_b84_115_SNP_N_GenomeWideSNP_6_D10_771548	9	6702314	9889302	3091	0.0356
DUNGS_p_TCGA_b84_115_SNP_N_GenomeWideSNP_6_D10_771548	9	9890132	9898821	18	0.3892
DUNGS_p_TCGA_b84_115_SNP_N_GenomeWideSNP_6_D10_771548	9	9899203	22482889	10384	0.023
DUNGS_p_TCGA_b84_115_SNP_N_GenomeWideSNP_6_D10_771548	9	22491913	22492699	2	-3.986
DUNGS_p_TCGA_b84_115_SNP_N_GenomeWideSNP_6_D10_771548	9	22499340	23368488	591	0.0038
DUNGS_p_TCGA_b84_115_SNP_N_GenomeWideSNP_6_D10_771548	9	23369719	23370834	3	-0.7898
DUNGS_p_TCGA_b84_115_SNP_N_GenomeWideSNP_6_D10_771548	9	23370965	25652416	1669	0.0173
DUNGS_p_TCGA_b84_115_SNP_N_GenomeWideSNP_6_D10_771548	9	25652882	25653376	2	-0.9762
DUNGS_p_TCGA_b84_115_SNP_N_GenomeWideSNP_6_D10_771548	9	25654643	41723631	9215	0.0239
DUNGS_p_TCGA_b84_115_SNP_N_GenomeWideSNP_6_D10_771548	9	41832529	44409324	122	-0.3593
DUNGS_p_TCGA_b84_115_SNP_N_GenomeWideSNP_6_D10_771548	9	44569219	44795733	37	-1.523
DUNGS_p_TCGA_b84_115_SNP_N_GenomeWideSNP_6_D10_771548	9	44806024	46280707	84	-0.187
DUNGS_p_TCGA_b84_115_SNP_N_GenomeWideSNP_6_D10_771548	9	46280755	46290679	7	-0.9848
DUNGS_p_TCGA_b84_115_SNP_N_GenomeWideSNP_6_D10_771548	9	46324233	71998782	1803	-0.0018
DUNGS_p_TCGA_b84_115_SNP_N_GenomeWideSNP_6_D10_771548	9	72000806	72002574	2	-1.4444
DUNGS_p_TCGA_b84_115_SNP_N_GenomeWideSNP_6_D10_771548	9	72003501	85702703	9719	0.0049
DUNGS_p_TCGA_b84_115_SNP_N_GenomeWideSNP_6_D10_771548	9	85702776	85706814	9	0.4901
DUNGS_p_TCGA_b84_115_SNP_N_GenomeWideSNP_6_D10_771548	9	85707360	89703935	3011	0.0073
DUNGS_p_TCGA_b84_115_SNP_N_GenomeWideSNP_6_D10_771548	9	89712414	89744039	3	-0.9246
DUNGS_p_TCGA_b84_115_SNP_N_GenomeWideSNP_6_D10_771548	9	89747777	140131051	33777	0.0115
DUNGS_p_TCGA_b84_115_SNP_N_GenomeWideSNP_6_D10_771548	9	140131238	140211215	37	-0.2341
DUNGS_p_TCGA_b84_115_SNP_N_GenomeWideSNP_6_D10_771548	10	62759	4280814	3591	0.0209
DUNGS_p_TCGA_b84_115_SNP_N_GenomeWideSNP_6_D10_771548	10	4280838	4280924	2	-1.1472
DUNGS_p_TCGA_b84_115_SNP_N_GenomeWideSNP_6_D10_771548	10	4281016	17934982	11306	0.0126
DUNGS_p_TCGA_b84_115_SNP_N_GenomeWideSNP_6_D10_771548	10	17967560	17989863	3	-1.7777
DUNGS_p_TCGA_b84_115_SNP_N_GenomeWideSNP_6_D10_771548	10	18011822	24417681	4364	0.0132
DUNGS_p_TCGA_b84_115_SNP_N_GenomeWideSNP_6_D10_771548	10	24417682	24417927	8	0.7629
DUNGS_p_TCGA_b84_115_SNP_N_GenomeWideSNP_6_D10_771548	10	24418060	27627537	2206	0.0135
DUNGS_p_TCGA_b84_115_SNP_N_GenomeWideSNP_6_D10_771548	10	27633433	27637444	2	-1.504
DUNGS_p_TCGA_b84_115_SNP_N_GenomeWideSNP_6_D10_771548	10	27647191	27719555	55	0.0468
DUNGS_p_TCGA_b84_115_SNP_N_GenomeWideSNP_6_D10_771548	10	27719971	27726162	16	-0.3137
DUNGS_p_TCGA_b84_115_SNP_N_GenomeWideSNP_6_D10_771548	10	27728413	32991743	3841	0.0096
DUNGS_p_TCGA_b84_115_SNP_N_GenomeWideSNP_6_D10_771548	10	32992343	32993374	12	0.4
DUNGS_p_TCGA_b84_115_SNP_N_GenomeWideSNP_6_D10_771548	10	32993403	41845130	3825	0.0109
DUNGS_p_TCGA_b84_115_SNP_N_GenomeWideSNP_6_D10_771548	10	41934442	42080059	25	-0.4651
DUNGS_p_TCGA_b84_115_SNP_N_GenomeWideSNP_6_D10_771548	10	42083236	45390058	2289	0.012
DUNGS_p_TCGA_b84_115_SNP_N_GenomeWideSNP_6_D10_771548	10	45392878	45396241	5	-0.7619
DUNGS_p_TCGA_b84_115_SNP_N_GenomeWideSNP_6_D10_771548	10	45400342	45905767	55	0.044
DUNGS_p_TCGA_b84_115_SNP_N_GenomeWideSNP_6_D10_771548	10	45926794	46366714	16	-0.6554
DUNGS_p_TCGA_b84_115_SNP_N_GenomeWideSNP_6_D10_771548	10	46366738	47241036	361	-0.0491
DUNGS_p_TCGA_b84_115_SNP_N_GenomeWideSNP_6_D10_771548	10	47417400	47433407	3	-2.3262
DUNGS_p_TCGA_b84_115_SNP_N_GenomeWideSNP_6_D10_771548	10	47468066	51329450	1734	0.0085
DUNGS_p_TCGA_b84_115_SNP_N_GenomeWideSNP_6_D10_771548	10	51405657	51474879	25	-0.3351
DUNGS_p_TCGA_b84_115_SNP_N_GenomeWideSNP_6_D10_771548	10	51474955	58182861	4882	0.0314
DUNGS_p_TCGA_b84_115_SNP_N_GenomeWideSNP_6_D10_771548	10	58186381	58202995	44	-0.6636
DUNGS_p_TCGA_b84_115_SNP_N_GenomeWideSNP_6_D10_771548	10	58206058	65110034	4837	0.0078
DUNGS_p_TCGA_b84_115_SNP_N_GenomeWideSNP_6_D10_771548	10	65110637	65111042	2	-0.9598
DUNGS_p_TCGA_b84_115_SNP_N_GenomeWideSNP_6_D10_771548	10	65113673	66976085	1279	0.0118
DUNGS_p_TCGA_b84_115_SNP_N_GenomeWideSNP_6_D10_771548	10	66976164	66996700	37	0.3349
DUNGS_p_TCGA_b84_115_SNP_N_GenomeWideSNP_6_D10_771548	10	66997173	107047028	25747	0.0095
DUNGS_p_TCGA_b84_115_SNP_N_GenomeWideSNP_6_D10_771548	10	107047608	107049160	2	-1.3127
DUNGS_p_TCGA_b84_115_SNP_N_GenomeWideSNP_6_D10_771548	10	107052466	124324003	12670	0.0091
DUNGS_p_TCGA_b84_115_SNP_N_GenomeWideSNP_6_D10_771548	10	124331524	124341003	8	-1.1388
DUNGS_p_TCGA_b84_115_SNP_N_GenomeWideSNP_6_D10_771548	10	124346802	132160761	5921	0.0045
DUNGS_p_TCGA_b84_115_SNP_N_GenomeWideSNP_6_D10_771548	10	132160832	132160885	2	1.1995
DUNGS_p_TCGA_b84_115_SNP_N_GenomeWideSNP_6_D10_771548	10	132161131	135237857	1969	3e-04
DUNGS_p_TCGA_b84_115_SNP_N_GenomeWideSNP_6_D10_771548	10	135237865	135239886	3	-0.962
DUNGS_p_TCGA_b84_115_SNP_N_GenomeWideSNP_6_D10_771548	10	135246274	135356694	32	-0.0938
DUNGS_p_TCGA_b84_115_SNP_N_GenomeWideSNP_6_D10_771548	11	188510	4683016	2205	-0.0061
DUNGS_p_TCGA_b84_115_SNP_N_GenomeWideSNP_6_D10_771548	11	4683194	4683467	5	-1.1116
DUNGS_p_TCGA_b84_115_SNP_N_GenomeWideSNP_6_D10_771548	11	4685710	4930294	289	0.0384
DUNGS_p_TCGA_b84_115_SNP_N_GenomeWideSNP_6_D10_771548	11	4930309	4932848	12	-0.4138
DUNGS_p_TCGA_b84_115_SNP_N_GenomeWideSNP_6_D10_771548	11	4932910	15705830	8156	0.0147
DUNGS_p_TCGA_b84_115_SNP_N_GenomeWideSNP_6_D10_771548	11	15706767	15707618	4	-0.7611
DUNGS_p_TCGA_b84_115_SNP_N_GenomeWideSNP_6_D10_771548	11	15708269	18555208	1860	0.0064
DUNGS_p_TCGA_b84_115_SNP_N_GenomeWideSNP_6_D10_771548	11	18555704	18562128	2	0.9096
DUNGS_p_TCGA_b84_115_SNP_N_GenomeWideSNP_6_D10_771548	11	18562214	18906449	250	0.0015
DUNGS_p_TCGA_b84_115_SNP_N_GenomeWideSNP_6_D10_771548	11	18906832	18917673	30	-0.2892
DUNGS_p_TCGA_b84_115_SNP_N_GenomeWideSNP_6_D10_771548	11	18917754	21148554	2062	0.0014
DUNGS_p_TCGA_b84_115_SNP_N_GenomeWideSNP_6_D10_771548	11	21148722	21152756	10	0.4636
DUNGS_p_TCGA_b84_115_SNP_N_GenomeWideSNP_6_D10_771548	11	21152811	55132599	19820	0.0135
DUNGS_p_TCGA_b84_115_SNP_N_GenomeWideSNP_6_D10_771548	11	55132812	55198894	43	-0.2844
DUNGS_p_TCGA_b84_115_SNP_N_GenomeWideSNP_6_D10_771548	11	55200787	58310318	1947	0.0261
DUNGS_p_TCGA_b84_115_SNP_N_GenomeWideSNP_6_D10_771548	11	58314939	58319222	3	-1.4292
DUNGS_p_TCGA_b84_115_SNP_N_GenomeWideSNP_6_D10_771548	11	58322952	73701905	7646	0.0035
DUNGS_p_TCGA_b84_115_SNP_N_GenomeWideSNP_6_D10_771548	11	73702937	73710714	6	-0.5679
DUNGS_p_TCGA_b84_115_SNP_N_GenomeWideSNP_6_D10_771548	11	73711340	81404945	5218	0.0108
DUNGS_p_TCGA_b84_115_SNP_N_GenomeWideSNP_6_D10_771548	11	81409408	81410035	2	-1.246
DUNGS_p_TCGA_b84_115_SNP_N_GenomeWideSNP_6_D10_771548	11	81410643	89082707	5114	0.0136
DUNGS_p_TCGA_b84_115_SNP_N_GenomeWideSNP_6_D10_771548	11	89083077	89084402	3	-1.1111
DUNGS_p_TCGA_b84_115_SNP_N_GenomeWideSNP_6_D10_771548	11	89084623	89242221	37	0.0047
DUNGS_p_TCGA_b84_115_SNP_N_GenomeWideSNP_6_D10_771548	11	89250992	89275845	2	-2.0992
DUNGS_p_TCGA_b84_115_SNP_N_GenomeWideSNP_6_D10_771548	11	89295887	134107001	32228	0.0108
DUNGS_p_TCGA_b84_115_SNP_N_GenomeWideSNP_6_D10_771548	11	134107490	134108156	2	-1.4145
DUNGS_p_TCGA_b84_115_SNP_N_GenomeWideSNP_6_D10_771548	11	134109202	134339442	205	0.039
DUNGS_p_TCGA_b84_115_SNP_N_GenomeWideSNP_6_D10_771548	11	134340824	134449982	78	-0.152
DUNGS_p_TCGA_b84_115_SNP_N_GenomeWideSNP_6_D10_771548	12	20703	739459	420	0.0037
DUNGS_p_TCGA_b84_115_SNP_N_GenomeWideSNP_6_D10_771548	12	739524	745615	17	-0.8159
DUNGS_p_TCGA_b84_115_SNP_N_GenomeWideSNP_6_D10_771548	12	746507	7899806	4947	0.0119
DUNGS_p_TCGA_b84_115_SNP_N_GenomeWideSNP_6_D10_771548	12	7902864	8015167	54	0.5715
DUNGS_p_TCGA_b84_115_SNP_N_GenomeWideSNP_6_D10_771548	12	8022225	8248774	119	-0.0044
DUNGS_p_TCGA_b84_115_SNP_N_GenomeWideSNP_6_D10_771548	12	8253317	8264024	10	0.7398
DUNGS_p_TCGA_b84_115_SNP_N_GenomeWideSNP_6_D10_771548	12	8269518	8475939	79	-0.1897
DUNGS_p_TCGA_b84_115_SNP_N_GenomeWideSNP_6_D10_771548	12	8486161	9544665	573	0.0164
DUNGS_p_TCGA_b84_115_SNP_N_GenomeWideSNP_6_D10_771548	12	9551985	9585645	8	0.5421
DUNGS_p_TCGA_b84_115_SNP_N_GenomeWideSNP_6_D10_771548	12	9587822	11110690	1053	0.0229
DUNGS_p_TCGA_b84_115_SNP_N_GenomeWideSNP_6_D10_771548	12	11111991	11132555	11	-0.4124
DUNGS_p_TCGA_b84_115_SNP_N_GenomeWideSNP_6_D10_771548	12	11132799	11403759	136	0.0521
DUNGS_p_TCGA_b84_115_SNP_N_GenomeWideSNP_6_D10_771548	12	11403798	11434673	29	0.5173
DUNGS_p_TCGA_b84_115_SNP_N_GenomeWideSNP_6_D10_771548	12	11443459	12612565	991	0.0091
DUNGS_p_TCGA_b84_115_SNP_N_GenomeWideSNP_6_D10_771548	12	12612783	12612799	2	-1.0064
DUNGS_p_TCGA_b84_115_SNP_N_GenomeWideSNP_6_D10_771548	12	12616322	30126848	12152	0.0146
DUNGS_p_TCGA_b84_115_SNP_N_GenomeWideSNP_6_D10_771548	12	30130534	30134842	19	-0.4843
DUNGS_p_TCGA_b84_115_SNP_N_GenomeWideSNP_6_D10_771548	12	30134857	33192693	2280	0.0104
DUNGS_p_TCGA_b84_115_SNP_N_GenomeWideSNP_6_D10_771548	12	33192787	33198641	25	-0.382
DUNGS_p_TCGA_b84_115_SNP_N_GenomeWideSNP_6_D10_771548	12	33199627	42224943	4484	0.0281
DUNGS_p_TCGA_b84_115_SNP_N_GenomeWideSNP_6_D10_771548	12	42225579	42244314	8	0.4599
DUNGS_p_TCGA_b84_115_SNP_N_GenomeWideSNP_6_D10_771548	12	42245463	44190705	1141	0.0069
DUNGS_p_TCGA_b84_115_SNP_N_GenomeWideSNP_6_D10_771548	12	44192107	44195804	3	-1.6408
DUNGS_p_TCGA_b84_115_SNP_N_GenomeWideSNP_6_D10_771548	12	44199559	47011309	1720	0.0161
DUNGS_p_TCGA_b84_115_SNP_N_GenomeWideSNP_6_D10_771548	12	47011506	47011682	3	-1.5994
DUNGS_p_TCGA_b84_115_SNP_N_GenomeWideSNP_6_D10_771548	12	47016303	132288262	54877	0.0091
DUNGS_p_TCGA_b84_115_SNP_N_GenomeWideSNP_6_D10_771548	13	17924949	18072634	13	0.1787
DUNGS_p_TCGA_b84_115_SNP_N_GenomeWideSNP_6_D10_771548	13	18073175	18159300	31	0.4714
DUNGS_p_TCGA_b84_115_SNP_N_GenomeWideSNP_6_D10_771548	13	18160112	21317414	1915	0.0176
DUNGS_p_TCGA_b84_115_SNP_N_GenomeWideSNP_6_D10_771548	13	21318004	21320360	3	0.8121
DUNGS_p_TCGA_b84_115_SNP_N_GenomeWideSNP_6_D10_771548	13	21320460	22530876	941	0.0139
DUNGS_p_TCGA_b84_115_SNP_N_GenomeWideSNP_6_D10_771548	13	22530906	22531131	4	-0.3003
DUNGS_p_TCGA_b84_115_SNP_N_GenomeWideSNP_6_D10_771548	13	22531148	22531279	3	-0.8472
DUNGS_p_TCGA_b84_115_SNP_N_GenomeWideSNP_6_D10_771548	13	22531501	24407506	1483	0.0345
DUNGS_p_TCGA_b84_115_SNP_N_GenomeWideSNP_6_D10_771548	13	24407846	24414291	6	-0.645
DUNGS_p_TCGA_b84_115_SNP_N_GenomeWideSNP_6_D10_771548	13	24414817	54367888	20612	0.0166
DUNGS_p_TCGA_b84_115_SNP_N_GenomeWideSNP_6_D10_771548	13	54368391	54368459	3	0.9152
DUNGS_p_TCGA_b84_115_SNP_N_GenomeWideSNP_6_D10_771548	13	54369057	61099298	3885	0.02
DUNGS_p_TCGA_b84_115_SNP_N_GenomeWideSNP_6_D10_771548	13	61099946	61102247	2	-1.0936
DUNGS_p_TCGA_b84_115_SNP_N_GenomeWideSNP_6_D10_771548	13	61105529	73414319	7791	0.0278
DUNGS_p_TCGA_b84_115_SNP_N_GenomeWideSNP_6_D10_771548	13	73414341	73417275	2	1.1405
DUNGS_p_TCGA_b84_115_SNP_N_GenomeWideSNP_6_D10_771548	13	73420062	94737887	13981	0.0145
DUNGS_p_TCGA_b84_115_SNP_N_GenomeWideSNP_6_D10_771548	13	94737932	94740821	3	-0.851
DUNGS_p_TCGA_b84_115_SNP_N_GenomeWideSNP_6_D10_771548	13	94741732	114126499	13703	0.0087
DUNGS_p_TCGA_b84_115_SNP_N_GenomeWideSNP_6_D10_771548	14	18072124	19492423	189	-0.3783
DUNGS_p_TCGA_b84_115_SNP_N_GenomeWideSNP_6_D10_771548	14	19493212	32860957	8599	0.0078
DUNGS_p_TCGA_b84_115_SNP_N_GenomeWideSNP_6_D10_771548	14	32861738	32865564	2	-1.6552
DUNGS_p_TCGA_b84_115_SNP_N_GenomeWideSNP_6_D10_771548	14	32865761	105153634	46282	0.0134
DUNGS_p_TCGA_b84_115_SNP_N_GenomeWideSNP_6_D10_771548	14	105169391	105269033	17	0.4396
DUNGS_p_TCGA_b84_115_SNP_N_GenomeWideSNP_6_D10_771548	14	105270421	105606340	128	-0.0035
DUNGS_p_TCGA_b84_115_SNP_N_GenomeWideSNP_6_D10_771548	14	105609107	105638145	14	0.8209
DUNGS_p_TCGA_b84_115_SNP_N_GenomeWideSNP_6_D10_771548	14	105640508	106356482	417	0.005
DUNGS_p_TCGA_b84_115_SNP_N_GenomeWideSNP_6_D10_771548	15	18276341	18466953	48	-0.1018
DUNGS_p_TCGA_b84_115_SNP_N_GenomeWideSNP_6_D10_771548	15	18476969	18522250	5	-1.7504
DUNGS_p_TCGA_b84_115_SNP_N_GenomeWideSNP_6_D10_771548	15	18524300	20224763	370	-0.6784
DUNGS_p_TCGA_b84_115_SNP_N_GenomeWideSNP_6_D10_771548	15	20232440	32501415	7399	0.0174
DUNGS_p_TCGA_b84_115_SNP_N_GenomeWideSNP_6_D10_771548	15	32507087	32605609	69	-0.6941
DUNGS_p_TCGA_b84_115_SNP_N_GenomeWideSNP_6_D10_771548	15	32617545	57876344	16005	0.0103
DUNGS_p_TCGA_b84_115_SNP_N_GenomeWideSNP_6_D10_771548	15	57878270	57889673	3	-1.3586
DUNGS_p_TCGA_b84_115_SNP_N_GenomeWideSNP_6_D10_771548	15	57891107	64669062	4578	0.0132
DUNGS_p_TCGA_b84_115_SNP_N_GenomeWideSNP_6_D10_771548	15	64669462	64670856	2	-1.1167
DUNGS_p_TCGA_b84_115_SNP_N_GenomeWideSNP_6_D10_771548	15	64672003	74678566	5912	0.0103
DUNGS_p_TCGA_b84_115_SNP_N_GenomeWideSNP_6_D10_771548	15	74678682	74682119	10	0.781
DUNGS_p_TCGA_b84_115_SNP_N_GenomeWideSNP_6_D10_771548	15	74682134	74807461	75	0.0594
DUNGS_p_TCGA_b84_115_SNP_N_GenomeWideSNP_6_D10_771548	15	74809482	74811007	2	-1.6001
DUNGS_p_TCGA_b84_115_SNP_N_GenomeWideSNP_6_D10_771548	15	74811522	82331721	4369	0.0067
DUNGS_p_TCGA_b84_115_SNP_N_GenomeWideSNP_6_D10_771548	15	82331742	82334554	6	-1.2318
DUNGS_p_TCGA_b84_115_SNP_N_GenomeWideSNP_6_D10_771548	15	82338281	90606982	5911	0.0211
DUNGS_p_TCGA_b84_115_SNP_N_GenomeWideSNP_6_D10_771548	15	90606997	90607130	4	-0.6866
DUNGS_p_TCGA_b84_115_SNP_N_GenomeWideSNP_6_D10_771548	15	90607159	96333545	4442	0.021
DUNGS_p_TCGA_b84_115_SNP_N_GenomeWideSNP_6_D10_771548	15	96336898	96369790	11	-0.535
DUNGS_p_TCGA_b84_115_SNP_N_GenomeWideSNP_6_D10_771548	15	96370231	100286563	2891	0.0136
DUNGS_p_TCGA_b84_115_SNP_N_GenomeWideSNP_6_D10_771548	16	777	18611693	12844	0.016
DUNGS_p_TCGA_b84_115_SNP_N_GenomeWideSNP_6_D10_771548	16	18623756	18633537	4	-1.4242
DUNGS_p_TCGA_b84_115_SNP_N_GenomeWideSNP_6_D10_771548	16	18634733	19040665	188	-0.0058
DUNGS_p_TCGA_b84_115_SNP_N_GenomeWideSNP_6_D10_771548	16	19041376	19046150	4	-0.6403
DUNGS_p_TCGA_b84_115_SNP_N_GenomeWideSNP_6_D10_771548	16	19050751	19851864	502	0.0099
DUNGS_p_TCGA_b84_115_SNP_N_GenomeWideSNP_6_D10_771548	16	19853151	19873376	28	-0.8763
DUNGS_p_TCGA_b84_115_SNP_N_GenomeWideSNP_6_D10_771548	16	19874863	54354095	13783	0.0055
DUNGS_p_TCGA_b84_115_SNP_N_GenomeWideSNP_6_D10_771548	16	54355723	54356280	3	2.0719
DUNGS_p_TCGA_b84_115_SNP_N_GenomeWideSNP_6_D10_771548	16	54361849	54400016	21	0.0485
DUNGS_p_TCGA_b84_115_SNP_N_GenomeWideSNP_6_D10_771548	16	54401019	54413855	8	-0.4699
DUNGS_p_TCGA_b84_115_SNP_N_GenomeWideSNP_6_D10_771548	16	54414361	68534910	8721	0.0125
DUNGS_p_TCGA_b84_115_SNP_N_GenomeWideSNP_6_D10_771548	16	68534936	68582090	3	-0.8749
DUNGS_p_TCGA_b84_115_SNP_N_GenomeWideSNP_6_D10_771548	16	68586194	68709028	34	-0.0098
DUNGS_p_TCGA_b84_115_SNP_N_GenomeWideSNP_6_D10_771548	16	68709061	68755268	12	-0.5628
DUNGS_p_TCGA_b84_115_SNP_N_GenomeWideSNP_6_D10_771548	16	68755831	76929109	5737	0.0117
DUNGS_p_TCGA_b84_115_SNP_N_GenomeWideSNP_6_D10_771548	16	76929941	76940641	15	-2.3337
DUNGS_p_TCGA_b84_115_SNP_N_GenomeWideSNP_6_D10_771548	16	76942239	78978442	2502	0.0167
DUNGS_p_TCGA_b84_115_SNP_N_GenomeWideSNP_6_D10_771548	16	78980884	78980916	2	-1.1379
DUNGS_p_TCGA_b84_115_SNP_N_GenomeWideSNP_6_D10_771548	16	78981224	79533704	544	0.0105
DUNGS_p_TCGA_b84_115_SNP_N_GenomeWideSNP_6_D10_771548	16	79533722	79544047	8	-0.5977
DUNGS_p_TCGA_b84_115_SNP_N_GenomeWideSNP_6_D10_771548	16	79544102	85124993	5572	0.0111
DUNGS_p_TCGA_b84_115_SNP_N_GenomeWideSNP_6_D10_771548	16	85125675	85126325	2	-1.2179
DUNGS_p_TCGA_b84_115_SNP_N_GenomeWideSNP_6_D10_771548	16	85126871	88815036	2022	-0.0016
DUNGS_p_TCGA_b84_115_SNP_N_GenomeWideSNP_6_D10_771548	17	526	4487396	2447	0.0108
DUNGS_p_TCGA_b84_115_SNP_N_GenomeWideSNP_6_D10_771548	17	4491080	4491300	3	-1.3053
DUNGS_p_TCGA_b84_115_SNP_N_GenomeWideSNP_6_D10_771548	17	4493928	8183635	2108	0.0039
DUNGS_p_TCGA_b84_115_SNP_N_GenomeWideSNP_6_D10_771548	17	8188272	8188458	2	-2.8135
DUNGS_p_TCGA_b84_115_SNP_N_GenomeWideSNP_6_D10_771548	17	8190183	10174075	1466	0.0125
DUNGS_p_TCGA_b84_115_SNP_N_GenomeWideSNP_6_D10_771548	17	10175316	10231122	41	-0.9699
DUNGS_p_TCGA_b84_115_SNP_N_GenomeWideSNP_6_D10_771548	17	10232556	16595026	4450	0.0224
DUNGS_p_TCGA_b84_115_SNP_N_GenomeWideSNP_6_D10_771548	17	16598056	16680995	13	-0.4716
DUNGS_p_TCGA_b84_115_SNP_N_GenomeWideSNP_6_D10_771548	17	16682240	18257838	917	0.0146
DUNGS_p_TCGA_b84_115_SNP_N_GenomeWideSNP_6_D10_771548	17	18257906	18352648	21	0.3435
DUNGS_p_TCGA_b84_115_SNP_N_GenomeWideSNP_6_D10_771548	17	18353283	20336479	843	0.0076
DUNGS_p_TCGA_b84_115_SNP_N_GenomeWideSNP_6_D10_771548	17	20350823	20354038	2	-1.4501
DUNGS_p_TCGA_b84_115_SNP_N_GenomeWideSNP_6_D10_771548	17	20371772	31461241	6093	0.0118
DUNGS_p_TCGA_b84_115_SNP_N_GenomeWideSNP_6_D10_771548	17	31464091	31501716	35	-0.3549
DUNGS_p_TCGA_b84_115_SNP_N_GenomeWideSNP_6_D10_771548	17	31509204	31559764	3	0.6895
DUNGS_p_TCGA_b84_115_SNP_N_GenomeWideSNP_6_D10_771548	17	31567456	31653809	3	-1.4062
DUNGS_p_TCGA_b84_115_SNP_N_GenomeWideSNP_6_D10_771548	17	31890369	36676540	2543	0.0149
DUNGS_p_TCGA_b84_115_SNP_N_GenomeWideSNP_6_D10_771548	17	36676552	36684057	23	-0.9822
DUNGS_p_TCGA_b84_115_SNP_N_GenomeWideSNP_6_D10_771548	17	36686250	38782474	1109	0.0089
DUNGS_p_TCGA_b84_115_SNP_N_GenomeWideSNP_6_D10_771548	17	38787791	38795447	4	-1.144
DUNGS_p_TCGA_b84_115_SNP_N_GenomeWideSNP_6_D10_771548	17	38799230	41518916	1400	-0.0122
DUNGS_p_TCGA_b84_115_SNP_N_GenomeWideSNP_6_D10_771548	17	41521621	42107479	173	0.3662
DUNGS_p_TCGA_b84_115_SNP_N_GenomeWideSNP_6_D10_771548	17	42120174	51514043	5814	0.0169
DUNGS_p_TCGA_b84_115_SNP_N_GenomeWideSNP_6_D10_771548	17	51515913	51525758	24	-0.7967
DUNGS_p_TCGA_b84_115_SNP_N_GenomeWideSNP_6_D10_771548	17	51525820	53042488	1178	-8e-04
DUNGS_p_TCGA_b84_115_SNP_N_GenomeWideSNP_6_D10_771548	17	53043332	53043992	2	-1.1053
DUNGS_p_TCGA_b84_115_SNP_N_GenomeWideSNP_6_D10_771548	17	53046992	59652003	3287	0.0045
DUNGS_p_TCGA_b84_115_SNP_N_GenomeWideSNP_6_D10_771548	17	59652851	59657652	2	-1.1998
DUNGS_p_TCGA_b84_115_SNP_N_GenomeWideSNP_6_D10_771548	17	59657854	73931799	9060	0.005
DUNGS_p_TCGA_b84_115_SNP_N_GenomeWideSNP_6_D10_771548	17	73937620	73947204	6	-0.6245
DUNGS_p_TCGA_b84_115_SNP_N_GenomeWideSNP_6_D10_771548	17	73950811	78643088	2264	0.0075
DUNGS_p_TCGA_b84_115_SNP_N_GenomeWideSNP_6_D10_771548	18	1543	1614684	1118	0.0359
DUNGS_p_TCGA_b84_115_SNP_N_GenomeWideSNP_6_D10_771548	18	1625083	1628530	6	-0.7504
DUNGS_p_TCGA_b84_115_SNP_N_GenomeWideSNP_6_D10_771548	18	1628759	1629537	3	-2.0783
DUNGS_p_TCGA_b84_115_SNP_N_GenomeWideSNP_6_D10_771548	18	1636207	4833983	2352	0.0255
DUNGS_p_TCGA_b84_115_SNP_N_GenomeWideSNP_6_D10_771548	18	4835603	4835616	2	-1.0841
DUNGS_p_TCGA_b84_115_SNP_N_GenomeWideSNP_6_D10_771548	18	4836269	14183566	6619	0.0095
DUNGS_p_TCGA_b84_115_SNP_N_GenomeWideSNP_6_D10_771548	18	14184827	14341752	39	-0.2683
DUNGS_p_TCGA_b84_115_SNP_N_GenomeWideSNP_6_D10_771548	18	14342852	36514478	12731	0.0092
DUNGS_p_TCGA_b84_115_SNP_N_GenomeWideSNP_6_D10_771548	18	36514488	36524196	19	0.432
DUNGS_p_TCGA_b84_115_SNP_N_GenomeWideSNP_6_D10_771548	18	36524212	62057846	17684	0.0092
DUNGS_p_TCGA_b84_115_SNP_N_GenomeWideSNP_6_D10_771548	18	62058414	62062569	10	-0.5989
DUNGS_p_TCGA_b84_115_SNP_N_GenomeWideSNP_6_D10_771548	18	62062856	63110303	666	0.015
DUNGS_p_TCGA_b84_115_SNP_N_GenomeWideSNP_6_D10_771548	18	63110352	63118245	18	-0.7659
DUNGS_p_TCGA_b84_115_SNP_N_GenomeWideSNP_6_D10_771548	18	63118698	64319688	967	0.033
DUNGS_p_TCGA_b84_115_SNP_N_GenomeWideSNP_6_D10_771548	18	64320609	64343532	19	0.3265
DUNGS_p_TCGA_b84_115_SNP_N_GenomeWideSNP_6_D10_771548	18	64344824	73940342	7320	0.0293
DUNGS_p_TCGA_b84_115_SNP_N_GenomeWideSNP_6_D10_771548	18	73941721	73943626	4	-0.8021
DUNGS_p_TCGA_b84_115_SNP_N_GenomeWideSNP_6_D10_771548	18	73947077	76116029	1292	0.004
DUNGS_p_TCGA_b84_115_SNP_N_GenomeWideSNP_6_D10_771548	19	41910	5457659	1600	0.0109
DUNGS_p_TCGA_b84_115_SNP_N_GenomeWideSNP_6_D10_771548	19	5461239	5461653	3	-2.3927
DUNGS_p_TCGA_b84_115_SNP_N_GenomeWideSNP_6_D10_771548	19	5461700	12553001	3476	0.0085
DUNGS_p_TCGA_b84_115_SNP_N_GenomeWideSNP_6_D10_771548	19	12558366	12559102	2	-1.3713
DUNGS_p_TCGA_b84_115_SNP_N_GenomeWideSNP_6_D10_771548	19	12561523	15685071	1588	0.0145
DUNGS_p_TCGA_b84_115_SNP_N_GenomeWideSNP_6_D10_771548	19	15685942	15685943	2	1.2469
DUNGS_p_TCGA_b84_115_SNP_N_GenomeWideSNP_6_D10_771548	19	15686598	21606759	3017	0.0144
DUNGS_p_TCGA_b84_115_SNP_N_GenomeWideSNP_6_D10_771548	19	21607480	21617604	7	-0.6227
DUNGS_p_TCGA_b84_115_SNP_N_GenomeWideSNP_6_D10_771548	19	21624407	39422739	6407	0.0088
DUNGS_p_TCGA_b84_115_SNP_N_GenomeWideSNP_6_D10_771548	19	39425820	39425894	4	-0.847
DUNGS_p_TCGA_b84_115_SNP_N_GenomeWideSNP_6_D10_771548	19	39425949	40481257	681	0.0242
DUNGS_p_TCGA_b84_115_SNP_N_GenomeWideSNP_6_D10_771548	19	40481507	40487256	4	0.7391
DUNGS_p_TCGA_b84_115_SNP_N_GenomeWideSNP_6_D10_771548	19	40487819	40541162	48	0.0257
DUNGS_p_TCGA_b84_115_SNP_N_GenomeWideSNP_6_D10_771548	19	40541333	40553509	20	-0.6122
DUNGS_p_TCGA_b84_115_SNP_N_GenomeWideSNP_6_D10_771548	19	40553619	49610617	4707	0.0025
DUNGS_p_TCGA_b84_115_SNP_N_GenomeWideSNP_6_D10_771548	19	49610649	49610707	2	-1.074
DUNGS_p_TCGA_b84_115_SNP_N_GenomeWideSNP_6_D10_771548	19	49616625	55950341	2820	0.0156
DUNGS_p_TCGA_b84_115_SNP_N_GenomeWideSNP_6_D10_771548	19	55952863	55957851	3	-1.2718
DUNGS_p_TCGA_b84_115_SNP_N_GenomeWideSNP_6_D10_771548	19	55958964	59410750	2349	0.006
DUNGS_p_TCGA_b84_115_SNP_N_GenomeWideSNP_6_D10_771548	19	59410764	59433131	21	0.3861
DUNGS_p_TCGA_b84_115_SNP_N_GenomeWideSNP_6_D10_771548	19	59445152	60069820	324	0.0018
DUNGS_p_TCGA_b84_115_SNP_N_GenomeWideSNP_6_D10_771548	19	60070144	60070159	2	-1.3679
DUNGS_p_TCGA_b84_115_SNP_N_GenomeWideSNP_6_D10_771548	19	60070261	62166718	1290	0.0116
DUNGS_p_TCGA_b84_115_SNP_N_GenomeWideSNP_6_D10_771548	19	62169083	62171294	5	-1.1259
DUNGS_p_TCGA_b84_115_SNP_N_GenomeWideSNP_6_D10_771548	19	62173404	63789666	995	0.0103
DUNGS_p_TCGA_b84_115_SNP_N_GenomeWideSNP_6_D10_771548	20	9305	1508999	1207	-0.0061
DUNGS_p_TCGA_b84_115_SNP_N_GenomeWideSNP_6_D10_771548	20	1509580	1541893	41	1.1626
DUNGS_p_TCGA_b84_115_SNP_N_GenomeWideSNP_6_D10_771548	20	1545946	14740812	9944	0.0131
DUNGS_p_TCGA_b84_115_SNP_N_GenomeWideSNP_6_D10_771548	20	14740834	14740838	2	-2.5809
DUNGS_p_TCGA_b84_115_SNP_N_GenomeWideSNP_6_D10_771548	20	14741415	19981840	4654	0.0079
DUNGS_p_TCGA_b84_115_SNP_N_GenomeWideSNP_6_D10_771548	20	19982319	19983228	2	-0.9611
DUNGS_p_TCGA_b84_115_SNP_N_GenomeWideSNP_6_D10_771548	20	19983372	43633709	13131	0.0032
DUNGS_p_TCGA_b84_115_SNP_N_GenomeWideSNP_6_D10_771548	20	43635298	43638185	3	-0.8754
DUNGS_p_TCGA_b84_115_SNP_N_GenomeWideSNP_6_D10_771548	20	43642932	59437563	12197	0.0072
DUNGS_p_TCGA_b84_115_SNP_N_GenomeWideSNP_6_D10_771548	20	59438437	59439102	3	-0.8823
DUNGS_p_TCGA_b84_115_SNP_N_GenomeWideSNP_6_D10_771548	20	59439702	62426597	1347	-0.0101
DUNGS_p_TCGA_b84_115_SNP_N_GenomeWideSNP_6_D10_771548	21	9758742	9975997	37	0.2354
DUNGS_p_TCGA_b84_115_SNP_N_GenomeWideSNP_6_D10_771548	21	9976052	13375624	95	-0.1053
DUNGS_p_TCGA_b84_115_SNP_N_GenomeWideSNP_6_D10_771548	21	13378287	13614980	100	-0.5952
DUNGS_p_TCGA_b84_115_SNP_N_GenomeWideSNP_6_D10_771548	21	13615005	14003100	151	-0.8741
DUNGS_p_TCGA_b84_115_SNP_N_GenomeWideSNP_6_D10_771548	21	14003179	14066363	46	-0.5846
DUNGS_p_TCGA_b84_115_SNP_N_GenomeWideSNP_6_D10_771548	21	14069323	14177670	28	-0.2994
DUNGS_p_TCGA_b84_115_SNP_N_GenomeWideSNP_6_D10_771548	21	14207324	22573005	6018	0.0205
DUNGS_p_TCGA_b84_115_SNP_N_GenomeWideSNP_6_D10_771548	21	22577771	22586529	9	-0.8726
DUNGS_p_TCGA_b84_115_SNP_N_GenomeWideSNP_6_D10_771548	21	22588870	43640325	16083	0.0145
DUNGS_p_TCGA_b84_115_SNP_N_GenomeWideSNP_6_D10_771548	21	43641676	43661787	13	0.5257
DUNGS_p_TCGA_b84_115_SNP_N_GenomeWideSNP_6_D10_771548	21	43666240	43792481	85	-0.0539
DUNGS_p_TCGA_b84_115_SNP_N_GenomeWideSNP_6_D10_771548	21	43795301	43797240	2	-3.0014
DUNGS_p_TCGA_b84_115_SNP_N_GenomeWideSNP_6_D10_771548	21	43798095	46921385	1767	-0.0037
DUNGS_p_TCGA_b84_115_SNP_N_GenomeWideSNP_6_D10_771548	22	14432528	14628706	39	-0.6675
DUNGS_p_TCGA_b84_115_SNP_N_GenomeWideSNP_6_D10_771548	22	14661201	14766665	10	-1.5891
DUNGS_p_TCGA_b84_115_SNP_N_GenomeWideSNP_6_D10_771548	22	14774605	14779151	5	-0.3482
DUNGS_p_TCGA_b84_115_SNP_N_GenomeWideSNP_6_D10_771548	22	14782835	14790795	6	-1.3044
DUNGS_p_TCGA_b84_115_SNP_N_GenomeWideSNP_6_D10_771548	22	14805145	14870976	10	-0.5964
DUNGS_p_TCGA_b84_115_SNP_N_GenomeWideSNP_6_D10_771548	22	14871549	17004771	1121	-0.0205
DUNGS_p_TCGA_b84_115_SNP_N_GenomeWideSNP_6_D10_771548	22	17006129	17010060	9	-0.8411
DUNGS_p_TCGA_b84_115_SNP_N_GenomeWideSNP_6_D10_771548	22	17011365	17285117	62	-0.0946
DUNGS_p_TCGA_b84_115_SNP_N_GenomeWideSNP_6_D10_771548	22	17285591	17288641	3	-1.2247
DUNGS_p_TCGA_b84_115_SNP_N_GenomeWideSNP_6_D10_771548	22	17289013	19872615	1590	-0.0334
DUNGS_p_TCGA_b84_115_SNP_N_GenomeWideSNP_6_D10_771548	22	19897231	20304703	72	-0.2615
DUNGS_p_TCGA_b84_115_SNP_N_GenomeWideSNP_6_D10_771548	22	20305003	20798619	375	0.019
DUNGS_p_TCGA_b84_115_SNP_N_GenomeWideSNP_6_D10_771548	22	20803918	20804613	6	-2.407
DUNGS_p_TCGA_b84_115_SNP_N_GenomeWideSNP_6_D10_771548	22	20811498	49569381	20272	0.0054
DUNGS_p_TCGA_b84_115_SNP_N_GenomeWideSNP_6_D10_771548	22	49570861	49581321	3	-0.5008
DUNGS_p_TCGA_b84_115_SNP_N_GenomeWideSNP_6_D10_771548	X	108477	2676353	95	-0.4434
DUNGS_p_TCGA_b84_115_SNP_N_GenomeWideSNP_6_D10_771548	X	2713391	8341530	4340	0.0141
DUNGS_p_TCGA_b84_115_SNP_N_GenomeWideSNP_6_D10_771548	X	8342247	8343233	2	-1.5467
DUNGS_p_TCGA_b84_115_SNP_N_GenomeWideSNP_6_D10_771548	X	8343473	47698262	24699	0.0167
DUNGS_p_TCGA_b84_115_SNP_N_GenomeWideSNP_6_D10_771548	X	47698359	47700983	5	-0.8728
DUNGS_p_TCGA_b84_115_SNP_N_GenomeWideSNP_6_D10_771548	X	47703683	51436598	1669	-0.0112
DUNGS_p_TCGA_b84_115_SNP_N_GenomeWideSNP_6_D10_771548	X	51445209	51450822	2	2.0266
DUNGS_p_TCGA_b84_115_SNP_N_GenomeWideSNP_6_D10_771548	X	51453285	55717984	1534	-0.0088
DUNGS_p_TCGA_b84_115_SNP_N_GenomeWideSNP_6_D10_771548	X	55719384	55724281	3	-1.4921
DUNGS_p_TCGA_b84_115_SNP_N_GenomeWideSNP_6_D10_771548	X	55724411	58208972	1241	-0.0125
DUNGS_p_TCGA_b84_115_SNP_N_GenomeWideSNP_6_D10_771548	X	58209093	58487346	77	-0.2193
DUNGS_p_TCGA_b84_115_SNP_N_GenomeWideSNP_6_D10_771548	X	58487370	76266264	6501	-0.0101
DUNGS_p_TCGA_b84_115_SNP_N_GenomeWideSNP_6_D10_771548	X	76270041	76295047	3	1.3264
DUNGS_p_TCGA_b84_115_SNP_N_GenomeWideSNP_6_D10_771548	X	76295049	76430520	13	0.0261
DUNGS_p_TCGA_b84_115_SNP_N_GenomeWideSNP_6_D10_771548	X	76433722	76461534	3	1.014
DUNGS_p_TCGA_b84_115_SNP_N_GenomeWideSNP_6_D10_771548	X	76462887	85788827	4957	0.0128
DUNGS_p_TCGA_b84_115_SNP_N_GenomeWideSNP_6_D10_771548	X	85794288	85799136	3	-1.2751
DUNGS_p_TCGA_b84_115_SNP_N_GenomeWideSNP_6_D10_771548	X	85799314	92220371	3212	-0.026
DUNGS_p_TCGA_b84_115_SNP_N_GenomeWideSNP_6_D10_771548	X	92220403	92231328	13	-0.7121
DUNGS_p_TCGA_b84_115_SNP_N_GenomeWideSNP_6_D10_771548	X	92231342	149589472	33549	0.0104
DUNGS_p_TCGA_b84_115_SNP_N_GenomeWideSNP_6_D10_771548	X	149589586	149589955	2	1.7292
DUNGS_p_TCGA_b84_115_SNP_N_GenomeWideSNP_6_D10_771548	X	149591556	150043556	318	0.0019
DUNGS_p_TCGA_b84_115_SNP_N_GenomeWideSNP_6_D10_771548	X	150044592	150047213	3	-1.1794
DUNGS_p_TCGA_b84_115_SNP_N_GenomeWideSNP_6_D10_771548	X	150050182	151835699	1136	0
DUNGS_p_TCGA_b84_115_SNP_N_GenomeWideSNP_6_D10_771548	X	151836689	151868955	31	-0.3889
DUNGS_p_TCGA_b84_115_SNP_N_GenomeWideSNP_6_D10_771548	X	151871663	154582096	1242	-0.0292
DUNGS_p_TCGA_b84_115_SNP_N_GenomeWideSNP_6_D10_771548	X	154582228	154632871	9	-0.467
DUNGS_p_TCGA_b84_115_SNP_N_GenomeWideSNP_6_D10_771548	X	154637006	154686890	7	-1.0365
DUNGS_p_TCGA_b84_115_SNP_N_GenomeWideSNP_6_D10_771548	X	154687549	154835548	6	-0.4174
DUNGS_p_TCGA_b84_115_SNP_N_GenomeWideSNP_6_D10_771548	Y	2710438	22925190	7568	-1.8822
DUNGS_p_TCGA_b84_115_SNP_N_GenomeWideSNP_6_D10_771548	Y	22925469	26833326	839	-2.0991
DUNGS_p_TCGA_b84_115_SNP_N_GenomeWideSNP_6_D10_771548	Y	26847504	57427647	183	-1.874
