Sample	Chromosome	Start	End	Num_Probes	Segment_Mean
DUNGS_p_TCGA_b84_115_SNP_N_GenomeWideSNP_6_A03_771604	1	3218610	47504717	23280	0.0543
DUNGS_p_TCGA_b84_115_SNP_N_GenomeWideSNP_6_A03_771604	1	47507158	47525221	10	0.7632
DUNGS_p_TCGA_b84_115_SNP_N_GenomeWideSNP_6_A03_771604	1	47533630	62651786	9582	0.0124
DUNGS_p_TCGA_b84_115_SNP_N_GenomeWideSNP_6_A03_771604	1	62656184	62656510	2	-1.144
DUNGS_p_TCGA_b84_115_SNP_N_GenomeWideSNP_6_A03_771604	1	62661792	63159693	288	0.0458
DUNGS_p_TCGA_b84_115_SNP_N_GenomeWideSNP_6_A03_771604	1	63161241	63162919	2	-1.1561
DUNGS_p_TCGA_b84_115_SNP_N_GenomeWideSNP_6_A03_771604	1	63163591	85979932	14124	0.1033
DUNGS_p_TCGA_b84_115_SNP_N_GenomeWideSNP_6_A03_771604	1	85980350	85991712	5	0.7886
DUNGS_p_TCGA_b84_115_SNP_N_GenomeWideSNP_6_A03_771604	1	85993804	88888925	1921	0.223
DUNGS_p_TCGA_b84_115_SNP_N_GenomeWideSNP_6_A03_771604	1	88891618	89616130	437	0.4511
DUNGS_p_TCGA_b84_115_SNP_N_GenomeWideSNP_6_A03_771604	1	89616823	89626634	5	-0.0305
DUNGS_p_TCGA_b84_115_SNP_N_GenomeWideSNP_6_A03_771604	1	89627019	95674710	3604	0.3646
DUNGS_p_TCGA_b84_115_SNP_N_GenomeWideSNP_6_A03_771604	1	95676511	95676518	2	-0.9133
DUNGS_p_TCGA_b84_115_SNP_N_GenomeWideSNP_6_A03_771604	1	95680124	96195194	361	0.3095
DUNGS_p_TCGA_b84_115_SNP_N_GenomeWideSNP_6_A03_771604	1	96203497	96214600	3	0.7588
DUNGS_p_TCGA_b84_115_SNP_N_GenomeWideSNP_6_A03_771604	1	96215083	114341195	10323	0.2349
DUNGS_p_TCGA_b84_115_SNP_N_GenomeWideSNP_6_A03_771604	1	114341861	114694272	212	0.4843
DUNGS_p_TCGA_b84_115_SNP_N_GenomeWideSNP_6_A03_771604	1	114697020	114697033	2	1.3653
DUNGS_p_TCGA_b84_115_SNP_N_GenomeWideSNP_6_A03_771604	1	114698094	154984595	6085	0.4511
DUNGS_p_TCGA_b84_115_SNP_N_GenomeWideSNP_6_A03_771604	1	154987446	155319000	139	0.9619
DUNGS_p_TCGA_b84_115_SNP_N_GenomeWideSNP_6_A03_771604	1	155322931	155333860	7	0.2293
DUNGS_p_TCGA_b84_115_SNP_N_GenomeWideSNP_6_A03_771604	1	155338788	167986109	8449	0.5387
DUNGS_p_TCGA_b84_115_SNP_N_GenomeWideSNP_6_A03_771604	1	167988590	167989846	2	-0.4297
DUNGS_p_TCGA_b84_115_SNP_N_GenomeWideSNP_6_A03_771604	1	167994119	168571831	385	0.5154
DUNGS_p_TCGA_b84_115_SNP_N_GenomeWideSNP_6_A03_771604	1	168573174	168580092	5	-0.2126
DUNGS_p_TCGA_b84_115_SNP_N_GenomeWideSNP_6_A03_771604	1	168581074	189770464	13213	0.5438
DUNGS_p_TCGA_b84_115_SNP_N_GenomeWideSNP_6_A03_771604	1	189780010	189913997	102	0.0243
DUNGS_p_TCGA_b84_115_SNP_N_GenomeWideSNP_6_A03_771604	1	189919607	206174681	9769	0.5346
DUNGS_p_TCGA_b84_115_SNP_N_GenomeWideSNP_6_A03_771604	1	206175832	206183489	3	-1.4911
DUNGS_p_TCGA_b84_115_SNP_N_GenomeWideSNP_6_A03_771604	1	206185294	209999764	2618	0.5495
DUNGS_p_TCGA_b84_115_SNP_N_GenomeWideSNP_6_A03_771604	1	209999790	218152645	5494	0.2976
DUNGS_p_TCGA_b84_115_SNP_N_GenomeWideSNP_6_A03_771604	1	218156992	218156994	2	-0.8624
DUNGS_p_TCGA_b84_115_SNP_N_GenomeWideSNP_6_A03_771604	1	218157407	218593775	304	0.3074
DUNGS_p_TCGA_b84_115_SNP_N_GenomeWideSNP_6_A03_771604	1	218600225	239264404	13506	0.5495
DUNGS_p_TCGA_b84_115_SNP_N_GenomeWideSNP_6_A03_771604	1	239267895	239269280	2	-1.7319
DUNGS_p_TCGA_b84_115_SNP_N_GenomeWideSNP_6_A03_771604	1	239275579	247813706	4953	0.5281
DUNGS_p_TCGA_b84_115_SNP_N_GenomeWideSNP_6_A03_771604	2	484222	30163152	18239	0.5728
DUNGS_p_TCGA_b84_115_SNP_N_GenomeWideSNP_6_A03_771604	2	30164633	30172265	20	0.2973
DUNGS_p_TCGA_b84_115_SNP_N_GenomeWideSNP_6_A03_771604	2	30172606	45968987	8732	0.5758
DUNGS_p_TCGA_b84_115_SNP_N_GenomeWideSNP_6_A03_771604	2	45969069	46127390	163	0.3432
DUNGS_p_TCGA_b84_115_SNP_N_GenomeWideSNP_6_A03_771604	2	46130895	50863213	3047	0.5856
DUNGS_p_TCGA_b84_115_SNP_N_GenomeWideSNP_6_A03_771604	2	51360475	53361514	1060	-0.2051
DUNGS_p_TCGA_b84_115_SNP_N_GenomeWideSNP_6_A03_771604	2	53464105	54044926	420	0.5523
DUNGS_p_TCGA_b84_115_SNP_N_GenomeWideSNP_6_A03_771604	2	54048716	61595255	4170	-0.1743
DUNGS_p_TCGA_b84_115_SNP_N_GenomeWideSNP_6_A03_771604	2	61603610	61621643	16	-0.5446
DUNGS_p_TCGA_b84_115_SNP_N_GenomeWideSNP_6_A03_771604	2	61639854	73533620	6895	-0.1506
DUNGS_p_TCGA_b84_115_SNP_N_GenomeWideSNP_6_A03_771604	2	73539603	73539827	2	-1.181
DUNGS_p_TCGA_b84_115_SNP_N_GenomeWideSNP_6_A03_771604	2	73541833	86550532	6902	-0.1718
DUNGS_p_TCGA_b84_115_SNP_N_GenomeWideSNP_6_A03_771604	2	86550841	98289997	1337	0.1771
DUNGS_p_TCGA_b84_115_SNP_N_GenomeWideSNP_6_A03_771604	2	98290595	98834124	281	0.6588
DUNGS_p_TCGA_b84_115_SNP_N_GenomeWideSNP_6_A03_771604	2	98835962	99185042	224	-0.4483
DUNGS_p_TCGA_b84_115_SNP_N_GenomeWideSNP_6_A03_771604	2	99192649	101458888	1333	0.1985
DUNGS_p_TCGA_b84_115_SNP_N_GenomeWideSNP_6_A03_771604	2	101463360	109950498	5185	-0.1184
DUNGS_p_TCGA_b84_115_SNP_N_GenomeWideSNP_6_A03_771604	2	109950511	110277889	135	0.1656
DUNGS_p_TCGA_b84_115_SNP_N_GenomeWideSNP_6_A03_771604	2	110282512	110284196	3	-0.2984
DUNGS_p_TCGA_b84_115_SNP_N_GenomeWideSNP_6_A03_771604	2	110284491	185639796	41105	0.357
DUNGS_p_TCGA_b84_115_SNP_N_GenomeWideSNP_6_A03_771604	2	185640022	185645840	3	-0.6037
DUNGS_p_TCGA_b84_115_SNP_N_GenomeWideSNP_6_A03_771604	2	185647326	208345140	11468	0.3652
DUNGS_p_TCGA_b84_115_SNP_N_GenomeWideSNP_6_A03_771604	2	208361612	208622434	133	0.5926
DUNGS_p_TCGA_b84_115_SNP_N_GenomeWideSNP_6_A03_771604	2	208626354	242476062	20488	0.3697
DUNGS_p_TCGA_b84_115_SNP_N_GenomeWideSNP_6_A03_771604	3	2212571	61126821	33528	0.0744
DUNGS_p_TCGA_b84_115_SNP_N_GenomeWideSNP_6_A03_771604	3	61127205	61128017	3	-5.5115
DUNGS_p_TCGA_b84_115_SNP_N_GenomeWideSNP_6_A03_771604	3	61130900	72637774	8322	0.071
DUNGS_p_TCGA_b84_115_SNP_N_GenomeWideSNP_6_A03_771604	3	72639229	72639332	2	-1.3961
DUNGS_p_TCGA_b84_115_SNP_N_GenomeWideSNP_6_A03_771604	3	72641416	72915315	169	0.1028
DUNGS_p_TCGA_b84_115_SNP_N_GenomeWideSNP_6_A03_771604	3	72916982	72929947	5	-0.4129
DUNGS_p_TCGA_b84_115_SNP_N_GenomeWideSNP_6_A03_771604	3	72930842	74497115	1149	0.0602
DUNGS_p_TCGA_b84_115_SNP_N_GenomeWideSNP_6_A03_771604	3	74498821	74499060	2	1.0273
DUNGS_p_TCGA_b84_115_SNP_N_GenomeWideSNP_6_A03_771604	3	74499062	125120703	25562	0.0405
DUNGS_p_TCGA_b84_115_SNP_N_GenomeWideSNP_6_A03_771604	3	125122081	125309954	89	-0.2963
DUNGS_p_TCGA_b84_115_SNP_N_GenomeWideSNP_6_A03_771604	3	125311262	190017636	34221	-0.0822
DUNGS_p_TCGA_b84_115_SNP_N_GenomeWideSNP_6_A03_771604	3	190019551	190019560	2	-1.4272
DUNGS_p_TCGA_b84_115_SNP_N_GenomeWideSNP_6_A03_771604	3	190022148	197538677	3374	-0.1296
DUNGS_p_TCGA_b84_115_SNP_N_GenomeWideSNP_6_A03_771604	4	1053934	25740206	15416	-0.1012
DUNGS_p_TCGA_b84_115_SNP_N_GenomeWideSNP_6_A03_771604	4	25744431	25745088	3	-0.966
DUNGS_p_TCGA_b84_115_SNP_N_GenomeWideSNP_6_A03_771604	4	25745357	35535568	5771	-0.1212
DUNGS_p_TCGA_b84_115_SNP_N_GenomeWideSNP_6_A03_771604	4	35535809	35537568	3	-1.258
DUNGS_p_TCGA_b84_115_SNP_N_GenomeWideSNP_6_A03_771604	4	35537624	62916771	13239	-0.0582
DUNGS_p_TCGA_b84_115_SNP_N_GenomeWideSNP_6_A03_771604	4	62919181	62919452	2	-1.1941
DUNGS_p_TCGA_b84_115_SNP_N_GenomeWideSNP_6_A03_771604	4	62923291	107638536	24527	-0.032
DUNGS_p_TCGA_b84_115_SNP_N_GenomeWideSNP_6_A03_771604	4	107641584	107641598	2	-1.6377
DUNGS_p_TCGA_b84_115_SNP_N_GenomeWideSNP_6_A03_771604	4	107641954	111042340	1956	-0.0193
DUNGS_p_TCGA_b84_115_SNP_N_GenomeWideSNP_6_A03_771604	4	111043072	111043210	2	-1.122
DUNGS_p_TCGA_b84_115_SNP_N_GenomeWideSNP_6_A03_771604	4	111044245	132742045	11796	-0.0348
DUNGS_p_TCGA_b84_115_SNP_N_GenomeWideSNP_6_A03_771604	4	132750805	139274202	3233	-0.4426
DUNGS_p_TCGA_b84_115_SNP_N_GenomeWideSNP_6_A03_771604	4	139276056	139277260	3	0.3517
DUNGS_p_TCGA_b84_115_SNP_N_GenomeWideSNP_6_A03_771604	4	139281712	179768008	22519	-0.4324
DUNGS_p_TCGA_b84_115_SNP_N_GenomeWideSNP_6_A03_771604	4	179769067	179775385	9	-1.0862
DUNGS_p_TCGA_b84_115_SNP_N_GenomeWideSNP_6_A03_771604	4	179786141	182585855	1477	-0.4654
DUNGS_p_TCGA_b84_115_SNP_N_GenomeWideSNP_6_A03_771604	4	182586334	182588656	4	-1.1213
DUNGS_p_TCGA_b84_115_SNP_N_GenomeWideSNP_6_A03_771604	4	182589046	182918552	295	-0.4457
DUNGS_p_TCGA_b84_115_SNP_N_GenomeWideSNP_6_A03_771604	4	182918646	182919205	4	-1.1636
DUNGS_p_TCGA_b84_115_SNP_N_GenomeWideSNP_6_A03_771604	4	182919499	183191437	232	-0.4602
DUNGS_p_TCGA_b84_115_SNP_N_GenomeWideSNP_6_A03_771604	4	183194507	183194783	2	-1.5836
DUNGS_p_TCGA_b84_115_SNP_N_GenomeWideSNP_6_A03_771604	4	183195553	188763651	2299	-0.4405
DUNGS_p_TCGA_b84_115_SNP_N_GenomeWideSNP_6_A03_771604	5	914233	15331119	9877	0.9252
DUNGS_p_TCGA_b84_115_SNP_N_GenomeWideSNP_6_A03_771604	5	15331131	15332706	10	0.2601
DUNGS_p_TCGA_b84_115_SNP_N_GenomeWideSNP_6_A03_771604	5	15333012	36426707	11132	1.0428
DUNGS_p_TCGA_b84_115_SNP_N_GenomeWideSNP_6_A03_771604	5	36426719	36432226	2	-0.0436
DUNGS_p_TCGA_b84_115_SNP_N_GenomeWideSNP_6_A03_771604	5	36433317	43751732	4250	1.1061
DUNGS_p_TCGA_b84_115_SNP_N_GenomeWideSNP_6_A03_771604	5	43754149	43910504	78	1.395
DUNGS_p_TCGA_b84_115_SNP_N_GenomeWideSNP_6_A03_771604	5	43910748	44730463	368	1.1038
DUNGS_p_TCGA_b84_115_SNP_N_GenomeWideSNP_6_A03_771604	5	44734548	44985451	99	1.3521
DUNGS_p_TCGA_b84_115_SNP_N_GenomeWideSNP_6_A03_771604	5	45005047	45009406	2	-0.3427
DUNGS_p_TCGA_b84_115_SNP_N_GenomeWideSNP_6_A03_771604	5	45017857	45378456	132	1.3762
DUNGS_p_TCGA_b84_115_SNP_N_GenomeWideSNP_6_A03_771604	5	50124856	50317048	132	0.4482
DUNGS_p_TCGA_b84_115_SNP_N_GenomeWideSNP_6_A03_771604	5	50319274	50642619	174	0.6485
DUNGS_p_TCGA_b84_115_SNP_N_GenomeWideSNP_6_A03_771604	5	50642964	50788606	73	0.2028
DUNGS_p_TCGA_b84_115_SNP_N_GenomeWideSNP_6_A03_771604	5	50788898	70689439	10755	-0.4355
DUNGS_p_TCGA_b84_115_SNP_N_GenomeWideSNP_6_A03_771604	5	70689912	70690421	2	0.9404
DUNGS_p_TCGA_b84_115_SNP_N_GenomeWideSNP_6_A03_771604	5	70690902	136348177	36590	-0.445
DUNGS_p_TCGA_b84_115_SNP_N_GenomeWideSNP_6_A03_771604	5	136350718	136351184	2	-1.9917
DUNGS_p_TCGA_b84_115_SNP_N_GenomeWideSNP_6_A03_771604	5	136351820	144362739	4401	-0.4333
DUNGS_p_TCGA_b84_115_SNP_N_GenomeWideSNP_6_A03_771604	5	144368721	144373342	3	-1.562
DUNGS_p_TCGA_b84_115_SNP_N_GenomeWideSNP_6_A03_771604	5	144373858	180360469	22471	-0.4485
DUNGS_p_TCGA_b84_115_SNP_N_GenomeWideSNP_6_A03_771604	6	1014281	16445721	10918	0.4542
DUNGS_p_TCGA_b84_115_SNP_N_GenomeWideSNP_6_A03_771604	6	16446643	16455365	7	-0.192
DUNGS_p_TCGA_b84_115_SNP_N_GenomeWideSNP_6_A03_771604	6	16459641	16833946	328	-1.358
DUNGS_p_TCGA_b84_115_SNP_N_GenomeWideSNP_6_A03_771604	6	16837545	19819340	1976	-0.1088
DUNGS_p_TCGA_b84_115_SNP_N_GenomeWideSNP_6_A03_771604	6	19819441	19821326	3	-1.0956
DUNGS_p_TCGA_b84_115_SNP_N_GenomeWideSNP_6_A03_771604	6	19823238	53438899	18400	-0.1219
DUNGS_p_TCGA_b84_115_SNP_N_GenomeWideSNP_6_A03_771604	6	53440185	53440956	2	-1.4808
DUNGS_p_TCGA_b84_115_SNP_N_GenomeWideSNP_6_A03_771604	6	53444786	71138814	7112	-0.1564
DUNGS_p_TCGA_b84_115_SNP_N_GenomeWideSNP_6_A03_771604	6	71145178	78773960	4350	0.072
DUNGS_p_TCGA_b84_115_SNP_N_GenomeWideSNP_6_A03_771604	6	78776199	119407368	22532	-0.3906
DUNGS_p_TCGA_b84_115_SNP_N_GenomeWideSNP_6_A03_771604	6	119411223	119453338	23	-0.8916
DUNGS_p_TCGA_b84_115_SNP_N_GenomeWideSNP_6_A03_771604	6	119455554	124691424	2922	-0.3868
DUNGS_p_TCGA_b84_115_SNP_N_GenomeWideSNP_6_A03_771604	6	124691506	124698568	3	-1.8121
DUNGS_p_TCGA_b84_115_SNP_N_GenomeWideSNP_6_A03_771604	6	124698859	143539833	11529	-0.371
DUNGS_p_TCGA_b84_115_SNP_N_GenomeWideSNP_6_A03_771604	6	143548281	143548577	3	0.8855
DUNGS_p_TCGA_b84_115_SNP_N_GenomeWideSNP_6_A03_771604	6	143549921	155741637	8259	-0.3782
DUNGS_p_TCGA_b84_115_SNP_N_GenomeWideSNP_6_A03_771604	6	155741942	155742113	2	0.7721
DUNGS_p_TCGA_b84_115_SNP_N_GenomeWideSNP_6_A03_771604	6	155744013	159756154	2391	-0.4009
DUNGS_p_TCGA_b84_115_SNP_N_GenomeWideSNP_6_A03_771604	6	159756675	159756737	2	0.9793
DUNGS_p_TCGA_b84_115_SNP_N_GenomeWideSNP_6_A03_771604	6	159762119	166593891	4265	-0.4057
DUNGS_p_TCGA_b84_115_SNP_N_GenomeWideSNP_6_A03_771604	6	166594452	166597813	2	-1.5992
DUNGS_p_TCGA_b84_115_SNP_N_GenomeWideSNP_6_A03_771604	6	166601730	167534508	680	-0.4108
DUNGS_p_TCGA_b84_115_SNP_N_GenomeWideSNP_6_A03_771604	6	167537226	167555488	11	-0.8287
DUNGS_p_TCGA_b84_115_SNP_N_GenomeWideSNP_6_A03_771604	6	167558169	170903919	819	-0.3962
DUNGS_p_TCGA_b84_115_SNP_N_GenomeWideSNP_6_A03_771604	7	705284	2647007	532	0.324
DUNGS_p_TCGA_b84_115_SNP_N_GenomeWideSNP_6_A03_771604	7	2648886	2649264	2	-0.7156
DUNGS_p_TCGA_b84_115_SNP_N_GenomeWideSNP_6_A03_771604	7	2651639	9241779	2781	0.3271
DUNGS_p_TCGA_b84_115_SNP_N_GenomeWideSNP_6_A03_771604	7	9241841	9241856	3	-1.609
DUNGS_p_TCGA_b84_115_SNP_N_GenomeWideSNP_6_A03_771604	7	9243888	42266602	20979	0.2912
DUNGS_p_TCGA_b84_115_SNP_N_GenomeWideSNP_6_A03_771604	7	42267336	42267571	2	-0.7819
DUNGS_p_TCGA_b84_115_SNP_N_GenomeWideSNP_6_A03_771604	7	42270322	97697912	25554	0.2807
DUNGS_p_TCGA_b84_115_SNP_N_GenomeWideSNP_6_A03_771604	7	97707731	97715088	5	-0.7624
DUNGS_p_TCGA_b84_115_SNP_N_GenomeWideSNP_6_A03_771604	7	97719212	106720932	4300	0.3056
DUNGS_p_TCGA_b84_115_SNP_N_GenomeWideSNP_6_A03_771604	7	106726431	106727857	2	-1.1745
DUNGS_p_TCGA_b84_115_SNP_N_GenomeWideSNP_6_A03_771604	7	106729975	119649910	6585	0.2661
DUNGS_p_TCGA_b84_115_SNP_N_GenomeWideSNP_6_A03_771604	7	119654399	119683103	14	-0.3758
DUNGS_p_TCGA_b84_115_SNP_N_GenomeWideSNP_6_A03_771604	7	119684409	136441737	9403	0.7903
DUNGS_p_TCGA_b84_115_SNP_N_GenomeWideSNP_6_A03_771604	7	136443900	136484814	10	0.1316
DUNGS_p_TCGA_b84_115_SNP_N_GenomeWideSNP_6_A03_771604	7	136485095	157091784	10620	0.7889
DUNGS_p_TCGA_b84_115_SNP_N_GenomeWideSNP_6_A03_771604	7	157096727	157097135	3	-0.3144
DUNGS_p_TCGA_b84_115_SNP_N_GenomeWideSNP_6_A03_771604	7	157100225	158385118	568	0.7947
DUNGS_p_TCGA_b84_115_SNP_N_GenomeWideSNP_6_A03_771604	8	617667	3965925	1764	-0.7273
DUNGS_p_TCGA_b84_115_SNP_N_GenomeWideSNP_6_A03_771604	8	3970400	3972184	3	-1.7283
DUNGS_p_TCGA_b84_115_SNP_N_GenomeWideSNP_6_A03_771604	8	3974430	4443359	187	-0.7346
DUNGS_p_TCGA_b84_115_SNP_N_GenomeWideSNP_6_A03_771604	8	4443755	4444123	2	-2.2015
DUNGS_p_TCGA_b84_115_SNP_N_GenomeWideSNP_6_A03_771604	8	4444386	16358260	5883	-0.6809
DUNGS_p_TCGA_b84_115_SNP_N_GenomeWideSNP_6_A03_771604	8	16358868	16359017	3	-2.0783
DUNGS_p_TCGA_b84_115_SNP_N_GenomeWideSNP_6_A03_771604	8	16360619	18120167	1352	-0.6631
DUNGS_p_TCGA_b84_115_SNP_N_GenomeWideSNP_6_A03_771604	8	18121307	18121430	3	-2.9751
DUNGS_p_TCGA_b84_115_SNP_N_GenomeWideSNP_6_A03_771604	8	18128742	20484763	1946	-0.6541
DUNGS_p_TCGA_b84_115_SNP_N_GenomeWideSNP_6_A03_771604	8	20485628	20489840	2	-2.1098
DUNGS_p_TCGA_b84_115_SNP_N_GenomeWideSNP_6_A03_771604	8	20489871	28021515	5138	-0.8187
DUNGS_p_TCGA_b84_115_SNP_N_GenomeWideSNP_6_A03_771604	8	28021769	28027006	5	-1.9443
DUNGS_p_TCGA_b84_115_SNP_N_GenomeWideSNP_6_A03_771604	8	28027884	35922813	4680	-0.8692
DUNGS_p_TCGA_b84_115_SNP_N_GenomeWideSNP_6_A03_771604	8	35926695	37013947	521	0.7893
DUNGS_p_TCGA_b84_115_SNP_N_GenomeWideSNP_6_A03_771604	8	37014097	37992078	486	0.5815
DUNGS_p_TCGA_b84_115_SNP_N_GenomeWideSNP_6_A03_771604	8	37992515	42933372	2799	0.8797
DUNGS_p_TCGA_b84_115_SNP_N_GenomeWideSNP_6_A03_771604	8	47460945	50404389	1355	0.5197
DUNGS_p_TCGA_b84_115_SNP_N_GenomeWideSNP_6_A03_771604	8	50408207	50408880	5	-0.3585
DUNGS_p_TCGA_b84_115_SNP_N_GenomeWideSNP_6_A03_771604	8	50409398	58762889	4806	0.4888
DUNGS_p_TCGA_b84_115_SNP_N_GenomeWideSNP_6_A03_771604	8	58762993	58763054	3	-1.0891
DUNGS_p_TCGA_b84_115_SNP_N_GenomeWideSNP_6_A03_771604	8	58771278	77307732	11070	0.5281
DUNGS_p_TCGA_b84_115_SNP_N_GenomeWideSNP_6_A03_771604	8	77311329	106527613	16321	0.3036
DUNGS_p_TCGA_b84_115_SNP_N_GenomeWideSNP_6_A03_771604	8	106527975	106527988	2	-0.6264
DUNGS_p_TCGA_b84_115_SNP_N_GenomeWideSNP_6_A03_771604	8	106528030	106541376	13	0.2079
DUNGS_p_TCGA_b84_115_SNP_N_GenomeWideSNP_6_A03_771604	8	106542632	106556110	12	0.6215
DUNGS_p_TCGA_b84_115_SNP_N_GenomeWideSNP_6_A03_771604	8	106556493	116989108	5283	0.3749
DUNGS_p_TCGA_b84_115_SNP_N_GenomeWideSNP_6_A03_771604	8	116993665	116994337	2	-0.8248
DUNGS_p_TCGA_b84_115_SNP_N_GenomeWideSNP_6_A03_771604	8	116996198	128814765	8017	0.471
DUNGS_p_TCGA_b84_115_SNP_N_GenomeWideSNP_6_A03_771604	8	128818401	128819009	2	-1.166
DUNGS_p_TCGA_b84_115_SNP_N_GenomeWideSNP_6_A03_771604	8	128822709	140977039	8985	0.5295
DUNGS_p_TCGA_b84_115_SNP_N_GenomeWideSNP_6_A03_771604	8	140977054	140977064	2	-0.7453
DUNGS_p_TCGA_b84_115_SNP_N_GenomeWideSNP_6_A03_771604	8	140977205	145232496	929	0.434
DUNGS_p_TCGA_b84_115_SNP_N_GenomeWideSNP_6_A03_771604	9	789932	33800628	20395	-0.0421
DUNGS_p_TCGA_b84_115_SNP_N_GenomeWideSNP_6_A03_771604	9	33803005	33803889	2	1.1404
DUNGS_p_TCGA_b84_115_SNP_N_GenomeWideSNP_6_A03_771604	9	33803970	37033159	1802	0.0066
DUNGS_p_TCGA_b84_115_SNP_N_GenomeWideSNP_6_A03_771604	9	37033361	37034617	2	-1.364
DUNGS_p_TCGA_b84_115_SNP_N_GenomeWideSNP_6_A03_771604	9	37034669	71569832	1629	-0.0268
DUNGS_p_TCGA_b84_115_SNP_N_GenomeWideSNP_6_A03_771604	9	71578506	78786218	4912	-0.422
DUNGS_p_TCGA_b84_115_SNP_N_GenomeWideSNP_6_A03_771604	9	78787220	78787761	3	-1.3929
DUNGS_p_TCGA_b84_115_SNP_N_GenomeWideSNP_6_A03_771604	9	78788543	86523532	5395	-0.4223
DUNGS_p_TCGA_b84_115_SNP_N_GenomeWideSNP_6_A03_771604	9	86523979	86575926	34	-0.1431
DUNGS_p_TCGA_b84_115_SNP_N_GenomeWideSNP_6_A03_771604	9	86586433	103525518	10821	-0.3957
DUNGS_p_TCGA_b84_115_SNP_N_GenomeWideSNP_6_A03_771604	9	103530616	103577795	40	-0.0202
DUNGS_p_TCGA_b84_115_SNP_N_GenomeWideSNP_6_A03_771604	9	103578264	136751078	21542	-0.3888
DUNGS_p_TCGA_b84_115_SNP_N_GenomeWideSNP_6_A03_771604	9	136753903	140938752	1481	-0.0258
DUNGS_p_TCGA_b84_115_SNP_N_GenomeWideSNP_6_A03_771604	10	415240	19616591	13654	-0.0342
DUNGS_p_TCGA_b84_115_SNP_N_GenomeWideSNP_6_A03_771604	10	19617761	19683943	54	0.2966
DUNGS_p_TCGA_b84_115_SNP_N_GenomeWideSNP_6_A03_771604	10	19685788	124577596	60985	-0.0517
DUNGS_p_TCGA_b84_115_SNP_N_GenomeWideSNP_6_A03_771604	10	124577757	124577881	2	-1.2286
DUNGS_p_TCGA_b84_115_SNP_N_GenomeWideSNP_6_A03_771604	10	124579335	135225087	6212	-0.072
DUNGS_p_TCGA_b84_115_SNP_N_GenomeWideSNP_6_A03_771604	11	456120	62425934	34063	-0.406
DUNGS_p_TCGA_b84_115_SNP_N_GenomeWideSNP_6_A03_771604	11	62427518	64592908	921	0.0361
DUNGS_p_TCGA_b84_115_SNP_N_GenomeWideSNP_6_A03_771604	11	65670510	67196583	584	0.3379
DUNGS_p_TCGA_b84_115_SNP_N_GenomeWideSNP_6_A03_771604	11	67200083	67996441	140	0.5831
DUNGS_p_TCGA_b84_115_SNP_N_GenomeWideSNP_6_A03_771604	11	67996806	97676302	17318	0.011
DUNGS_p_TCGA_b84_115_SNP_N_GenomeWideSNP_6_A03_771604	11	97684602	97684792	2	-1.1733
DUNGS_p_TCGA_b84_115_SNP_N_GenomeWideSNP_6_A03_771604	11	97688067	134142530	24262	0.0135
DUNGS_p_TCGA_b84_115_SNP_N_GenomeWideSNP_6_A03_771604	12	889902	25402045	14321	0.0878
DUNGS_p_TCGA_b84_115_SNP_N_GenomeWideSNP_6_A03_771604	12	25402061	25402069	2	-1.5094
DUNGS_p_TCGA_b84_115_SNP_N_GenomeWideSNP_6_A03_771604	12	25402208	40089903	5657	-0.0509
DUNGS_p_TCGA_b84_115_SNP_N_GenomeWideSNP_6_A03_771604	12	40099843	59222215	10405	-0.3655
DUNGS_p_TCGA_b84_115_SNP_N_GenomeWideSNP_6_A03_771604	12	59222217	59241014	40	-0.1172
DUNGS_p_TCGA_b84_115_SNP_N_GenomeWideSNP_6_A03_771604	12	59241403	63457180	2577	-0.4057
DUNGS_p_TCGA_b84_115_SNP_N_GenomeWideSNP_6_A03_771604	12	63457414	63458908	3	-4.2222
DUNGS_p_TCGA_b84_115_SNP_N_GenomeWideSNP_6_A03_771604	12	63459059	82015766	11470	-0.41
DUNGS_p_TCGA_b84_115_SNP_N_GenomeWideSNP_6_A03_771604	12	82016352	82016542	2	-1.7701
DUNGS_p_TCGA_b84_115_SNP_N_GenomeWideSNP_6_A03_771604	12	82026348	86351174	2521	-0.41
DUNGS_p_TCGA_b84_115_SNP_N_GenomeWideSNP_6_A03_771604	12	86352428	87735403	577	-1.5805
DUNGS_p_TCGA_b84_115_SNP_N_GenomeWideSNP_6_A03_771604	12	87738065	87738879	3	-4.8257
DUNGS_p_TCGA_b84_115_SNP_N_GenomeWideSNP_6_A03_771604	12	87739189	88208475	276	-1.5151
DUNGS_p_TCGA_b84_115_SNP_N_GenomeWideSNP_6_A03_771604	12	88209886	88212945	2	-3.7853
DUNGS_p_TCGA_b84_115_SNP_N_GenomeWideSNP_6_A03_771604	12	88213465	88487610	152	-1.5093
DUNGS_p_TCGA_b84_115_SNP_N_GenomeWideSNP_6_A03_771604	12	88492903	89743394	731	-0.4051
DUNGS_p_TCGA_b84_115_SNP_N_GenomeWideSNP_6_A03_771604	12	89747314	89749223	2	-1.5516
DUNGS_p_TCGA_b84_115_SNP_N_GenomeWideSNP_6_A03_771604	12	89749509	107164668	11433	-0.3998
DUNGS_p_TCGA_b84_115_SNP_N_GenomeWideSNP_6_A03_771604	12	107165637	121165039	8279	-0.018
DUNGS_p_TCGA_b84_115_SNP_N_GenomeWideSNP_6_A03_771604	12	121167744	121183834	13	-0.3354
DUNGS_p_TCGA_b84_115_SNP_N_GenomeWideSNP_6_A03_771604	12	121186549	126126340	2483	-0.0084
DUNGS_p_TCGA_b84_115_SNP_N_GenomeWideSNP_6_A03_771604	12	126127409	126129192	4	-1.2254
DUNGS_p_TCGA_b84_115_SNP_N_GenomeWideSNP_6_A03_771604	12	126134159	133161346	3026	-0.0724
DUNGS_p_TCGA_b84_115_SNP_N_GenomeWideSNP_6_A03_771604	13	19450806	56443910	21977	0.071
DUNGS_p_TCGA_b84_115_SNP_N_GenomeWideSNP_6_A03_771604	13	56444324	56471149	17	-0.6092
DUNGS_p_TCGA_b84_115_SNP_N_GenomeWideSNP_6_A03_771604	13	56480184	76244318	10508	0.055
DUNGS_p_TCGA_b84_115_SNP_N_GenomeWideSNP_6_A03_771604	13	76246833	76254377	5	-0.2633
DUNGS_p_TCGA_b84_115_SNP_N_GenomeWideSNP_6_A03_771604	13	76257387	76408249	118	0.4823
DUNGS_p_TCGA_b84_115_SNP_N_GenomeWideSNP_6_A03_771604	13	76410725	80492659	2673	0.0783
DUNGS_p_TCGA_b84_115_SNP_N_GenomeWideSNP_6_A03_771604	13	80493023	80512356	21	-0.387
DUNGS_p_TCGA_b84_115_SNP_N_GenomeWideSNP_6_A03_771604	13	80516099	83322268	1590	0.0664
DUNGS_p_TCGA_b84_115_SNP_N_GenomeWideSNP_6_A03_771604	13	83324617	83325272	3	1.0012
DUNGS_p_TCGA_b84_115_SNP_N_GenomeWideSNP_6_A03_771604	13	83325767	111594438	18266	0.0566
DUNGS_p_TCGA_b84_115_SNP_N_GenomeWideSNP_6_A03_771604	13	111596127	111642199	39	0.6632
DUNGS_p_TCGA_b84_115_SNP_N_GenomeWideSNP_6_A03_771604	13	111647008	114987458	1460	0.0671
DUNGS_p_TCGA_b84_115_SNP_N_GenomeWideSNP_6_A03_771604	14	20501368	41804127	11493	-0.0415
DUNGS_p_TCGA_b84_115_SNP_N_GenomeWideSNP_6_A03_771604	14	41804379	41810830	2	1.1951
DUNGS_p_TCGA_b84_115_SNP_N_GenomeWideSNP_6_A03_771604	14	41810988	61395300	10815	-0.0508
DUNGS_p_TCGA_b84_115_SNP_N_GenomeWideSNP_6_A03_771604	14	61401035	61402722	2	-1.1487
DUNGS_p_TCGA_b84_115_SNP_N_GenomeWideSNP_6_A03_771604	14	61409908	105988038	27159	-0.0417
DUNGS_p_TCGA_b84_115_SNP_N_GenomeWideSNP_6_A03_771604	15	23687685	25973246	1202	-0.4285
DUNGS_p_TCGA_b84_115_SNP_N_GenomeWideSNP_6_A03_771604	15	25980875	25981190	3	-2.2211
DUNGS_p_TCGA_b84_115_SNP_N_GenomeWideSNP_6_A03_771604	15	25984666	49701230	11987	-0.4101
DUNGS_p_TCGA_b84_115_SNP_N_GenomeWideSNP_6_A03_771604	15	49702210	49750428	32	-0.9369
DUNGS_p_TCGA_b84_115_SNP_N_GenomeWideSNP_6_A03_771604	15	49754744	62338797	8361	-0.4034
DUNGS_p_TCGA_b84_115_SNP_N_GenomeWideSNP_6_A03_771604	15	62338858	62339680	2	-1.6565
DUNGS_p_TCGA_b84_115_SNP_N_GenomeWideSNP_6_A03_771604	15	62339897	101884307	22964	-0.3999
DUNGS_p_TCGA_b84_115_SNP_N_GenomeWideSNP_6_A03_771604	16	653459	8080533	3282	-0.4036
DUNGS_p_TCGA_b84_115_SNP_N_GenomeWideSNP_6_A03_771604	16	8082711	8190901	60	0.7312
DUNGS_p_TCGA_b84_115_SNP_N_GenomeWideSNP_6_A03_771604	16	8191540	8295826	106	0.5282
DUNGS_p_TCGA_b84_115_SNP_N_GenomeWideSNP_6_A03_771604	16	8296086	8356326	81	0.2989
DUNGS_p_TCGA_b84_115_SNP_N_GenomeWideSNP_6_A03_771604	16	8357375	46507665	10367	-0.0018
DUNGS_p_TCGA_b84_115_SNP_N_GenomeWideSNP_6_A03_771604	16	46508460	50623478	2280	-0.3683
DUNGS_p_TCGA_b84_115_SNP_N_GenomeWideSNP_6_A03_771604	16	50624089	50626542	3	-1.363
DUNGS_p_TCGA_b84_115_SNP_N_GenomeWideSNP_6_A03_771604	16	50627378	65462858	9991	-0.3947
DUNGS_p_TCGA_b84_115_SNP_N_GenomeWideSNP_6_A03_771604	16	65463282	65463710	3	-1.7736
DUNGS_p_TCGA_b84_115_SNP_N_GenomeWideSNP_6_A03_771604	16	65463755	69888085	2344	-0.3545
DUNGS_p_TCGA_b84_115_SNP_N_GenomeWideSNP_6_A03_771604	16	69890927	69897660	9	0.2744
DUNGS_p_TCGA_b84_115_SNP_N_GenomeWideSNP_6_A03_771604	16	69901106	78480894	5025	-0.3834
DUNGS_p_TCGA_b84_115_SNP_N_GenomeWideSNP_6_A03_771604	16	78484174	78568430	161	-3.4368
DUNGS_p_TCGA_b84_115_SNP_N_GenomeWideSNP_6_A03_771604	16	78569070	89379936	7104	-0.4019
DUNGS_p_TCGA_b84_115_SNP_N_GenomeWideSNP_6_A03_771604	17	987221	21305392	9642	-0.3779
DUNGS_p_TCGA_b84_115_SNP_N_GenomeWideSNP_6_A03_771604	17	25270517	80917016	27362	0.0163
DUNGS_p_TCGA_b84_115_SNP_N_GenomeWideSNP_6_A03_771604	18	329586	30603271	15446	0.2392
DUNGS_p_TCGA_b84_115_SNP_N_GenomeWideSNP_6_A03_771604	18	30606089	31049236	274	-0.1007
DUNGS_p_TCGA_b84_115_SNP_N_GenomeWideSNP_6_A03_771604	18	31054375	31298923	144	0.252
DUNGS_p_TCGA_b84_115_SNP_N_GenomeWideSNP_6_A03_771604	18	31299199	77109240	26822	-0.0996
DUNGS_p_TCGA_b84_115_SNP_N_GenomeWideSNP_6_A03_771604	19	284018	7300055	2027	-0.2625
DUNGS_p_TCGA_b84_115_SNP_N_GenomeWideSNP_6_A03_771604	19	7304492	7404352	9	0.4169
DUNGS_p_TCGA_b84_115_SNP_N_GenomeWideSNP_6_A03_771604	19	7405649	23603071	6644	-0.2599
DUNGS_p_TCGA_b84_115_SNP_N_GenomeWideSNP_6_A03_771604	19	23603165	35103604	5120	0.0514
DUNGS_p_TCGA_b84_115_SNP_N_GenomeWideSNP_6_A03_771604	19	35103838	35105818	2	1.2186
DUNGS_p_TCGA_b84_115_SNP_N_GenomeWideSNP_6_A03_771604	19	35105856	39118439	2050	0.1192
DUNGS_p_TCGA_b84_115_SNP_N_GenomeWideSNP_6_A03_771604	19	39118847	39124877	2	-0.9512
DUNGS_p_TCGA_b84_115_SNP_N_GenomeWideSNP_6_A03_771604	19	39129406	53597171	5833	0.0576
DUNGS_p_TCGA_b84_115_SNP_N_GenomeWideSNP_6_A03_771604	19	53672037	53672287	2	-2.3382
DUNGS_p_TCGA_b84_115_SNP_N_GenomeWideSNP_6_A03_771604	19	53674638	58878226	2273	-0.0416
DUNGS_p_TCGA_b84_115_SNP_N_GenomeWideSNP_6_A03_771604	20	455764	890003	303	0.1496
DUNGS_p_TCGA_b84_115_SNP_N_GenomeWideSNP_6_A03_771604	20	890278	976103	77	-0.374
DUNGS_p_TCGA_b84_115_SNP_N_GenomeWideSNP_6_A03_771604	20	1193685	1288778	43	0.2517
DUNGS_p_TCGA_b84_115_SNP_N_GenomeWideSNP_6_A03_771604	20	1295538	1880125	395	-0.1049
DUNGS_p_TCGA_b84_115_SNP_N_GenomeWideSNP_6_A03_771604	20	1884725	2531979	564	0.2199
DUNGS_p_TCGA_b84_115_SNP_N_GenomeWideSNP_6_A03_771604	20	2538422	9657483	4149	-0.3593
DUNGS_p_TCGA_b84_115_SNP_N_GenomeWideSNP_6_A03_771604	20	9657563	9660359	3	-1.4227
DUNGS_p_TCGA_b84_115_SNP_N_GenomeWideSNP_6_A03_771604	20	9661272	11569248	1533	-0.3932
DUNGS_p_TCGA_b84_115_SNP_N_GenomeWideSNP_6_A03_771604	20	11573224	11573836	3	-1.5795
DUNGS_p_TCGA_b84_115_SNP_N_GenomeWideSNP_6_A03_771604	20	11581955	12505923	603	-0.3763
DUNGS_p_TCGA_b84_115_SNP_N_GenomeWideSNP_6_A03_771604	20	12505962	12506644	2	-1.5861
DUNGS_p_TCGA_b84_115_SNP_N_GenomeWideSNP_6_A03_771604	20	12508046	22693565	7232	-0.3596
DUNGS_p_TCGA_b84_115_SNP_N_GenomeWideSNP_6_A03_771604	20	22695750	23112694	368	0.0422
DUNGS_p_TCGA_b84_115_SNP_N_GenomeWideSNP_6_A03_771604	20	23116090	24516379	848	-0.3658
DUNGS_p_TCGA_b84_115_SNP_N_GenomeWideSNP_6_A03_771604	20	24517737	44416660	9225	0.0894
DUNGS_p_TCGA_b84_115_SNP_N_GenomeWideSNP_6_A03_771604	20	44419620	46076396	1138	0.3778
DUNGS_p_TCGA_b84_115_SNP_N_GenomeWideSNP_6_A03_771604	20	46076781	46153043	51	0.6485
DUNGS_p_TCGA_b84_115_SNP_N_GenomeWideSNP_6_A03_771604	20	46153148	62219837	10764	0.3077
DUNGS_p_TCGA_b84_115_SNP_N_GenomeWideSNP_6_A03_771604	21	15347621	20919211	3533	0.4949
DUNGS_p_TCGA_b84_115_SNP_N_GenomeWideSNP_6_A03_771604	21	20925880	20926222	2	1.5539
DUNGS_p_TCGA_b84_115_SNP_N_GenomeWideSNP_6_A03_771604	21	20929236	42324428	14168	0.489
DUNGS_p_TCGA_b84_115_SNP_N_GenomeWideSNP_6_A03_771604	21	42326579	42331208	3	-0.6974
DUNGS_p_TCGA_b84_115_SNP_N_GenomeWideSNP_6_A03_771604	21	42333908	47678774	2887	0.5081
DUNGS_p_TCGA_b84_115_SNP_N_GenomeWideSNP_6_A03_771604	22	17423930	25317506	1437	0.1493
DUNGS_p_TCGA_b84_115_SNP_N_GenomeWideSNP_6_A03_771604	22	25319168	25434504	80	0.4014
DUNGS_p_TCGA_b84_115_SNP_N_GenomeWideSNP_6_A03_771604	22	25434552	25641025	175	0.0907
DUNGS_p_TCGA_b84_115_SNP_N_GenomeWideSNP_6_A03_771604	22	26008103	49213120	15198	-0.4245
DUNGS_p_TCGA_b84_115_SNP_N_GenomeWideSNP_6_A03_771604	22	49214032	49215103	2	-2.019
DUNGS_p_TCGA_b84_115_SNP_N_GenomeWideSNP_6_A03_771604	22	49215890	49331012	45	-0.5693
DUNGS_p_TCGA_b84_115_SNP_N_GenomeWideSNP_6_A03_771604	X	3157107	5991222	457	-0.2463
DUNGS_p_TCGA_b84_115_SNP_N_GenomeWideSNP_6_A03_771604	X	5992822	5992923	3	-2.6961
DUNGS_p_TCGA_b84_115_SNP_N_GenomeWideSNP_6_A03_771604	X	5994597	9341010	850	-0.2153
DUNGS_p_TCGA_b84_115_SNP_N_GenomeWideSNP_6_A03_771604	X	9341184	9341329	2	-3.2791
DUNGS_p_TCGA_b84_115_SNP_N_GenomeWideSNP_6_A03_771604	X	9341597	23329251	7024	-0.1885
DUNGS_p_TCGA_b84_115_SNP_N_GenomeWideSNP_6_A03_771604	X	23333487	23555265	147	0.5299
DUNGS_p_TCGA_b84_115_SNP_N_GenomeWideSNP_6_A03_771604	X	23558245	29892302	3485	-0.2091
DUNGS_p_TCGA_b84_115_SNP_N_GenomeWideSNP_6_A03_771604	X	29893117	29898131	3	-2.7607
DUNGS_p_TCGA_b84_115_SNP_N_GenomeWideSNP_6_A03_771604	X	29899455	32758958	1681	-0.2402
DUNGS_p_TCGA_b84_115_SNP_N_GenomeWideSNP_6_A03_771604	X	32759318	32767425	3	-1.4455
DUNGS_p_TCGA_b84_115_SNP_N_GenomeWideSNP_6_A03_771604	X	32767884	38031423	1777	-0.2159
DUNGS_p_TCGA_b84_115_SNP_N_GenomeWideSNP_6_A03_771604	X	38035088	38040901	3	-1.7649
DUNGS_p_TCGA_b84_115_SNP_N_GenomeWideSNP_6_A03_771604	X	38041313	39095959	624	-0.1876
DUNGS_p_TCGA_b84_115_SNP_N_GenomeWideSNP_6_A03_771604	X	39096656	39098097	2	-2.1972
DUNGS_p_TCGA_b84_115_SNP_N_GenomeWideSNP_6_A03_771604	X	39099553	39290256	136	-0.2128
DUNGS_p_TCGA_b84_115_SNP_N_GenomeWideSNP_6_A03_771604	X	39290624	39291712	2	-3.5294
DUNGS_p_TCGA_b84_115_SNP_N_GenomeWideSNP_6_A03_771604	X	39292106	40565257	696	-0.1745
DUNGS_p_TCGA_b84_115_SNP_N_GenomeWideSNP_6_A03_771604	X	40565449	40565844	2	-3.7037
DUNGS_p_TCGA_b84_115_SNP_N_GenomeWideSNP_6_A03_771604	X	40571413	92480729	18678	-0.1556
DUNGS_p_TCGA_b84_115_SNP_N_GenomeWideSNP_6_A03_771604	X	92480842	92481002	3	-2.0974
DUNGS_p_TCGA_b84_115_SNP_N_GenomeWideSNP_6_A03_771604	X	92483738	97145409	1708	-0.2061
DUNGS_p_TCGA_b84_115_SNP_N_GenomeWideSNP_6_A03_771604	X	97145860	97149379	3	-1.2993
DUNGS_p_TCGA_b84_115_SNP_N_GenomeWideSNP_6_A03_771604	X	97149533	98047017	477	-0.1921
DUNGS_p_TCGA_b84_115_SNP_N_GenomeWideSNP_6_A03_771604	X	98047289	98049328	6	-1.1809
DUNGS_p_TCGA_b84_115_SNP_N_GenomeWideSNP_6_A03_771604	X	98049817	110297200	5720	-0.1849
DUNGS_p_TCGA_b84_115_SNP_N_GenomeWideSNP_6_A03_771604	X	110297273	110300659	4	-2.1912
DUNGS_p_TCGA_b84_115_SNP_N_GenomeWideSNP_6_A03_771604	X	110301027	112803237	1352	-0.2116
DUNGS_p_TCGA_b84_115_SNP_N_GenomeWideSNP_6_A03_771604	X	112808948	144691668	14668	0.5111
DUNGS_p_TCGA_b84_115_SNP_N_GenomeWideSNP_6_A03_771604	X	144691944	144692923	4	1.5932
DUNGS_p_TCGA_b84_115_SNP_N_GenomeWideSNP_6_A03_771604	X	144693303	154905589	4302	0.5156
