Sample	Chromosome	Start	End	Num_Probes	Segment_Mean
DUNGS_p_TCGA_b84_115_SNP_N_GenomeWideSNP_6_C08_771550	1	61735	13709915	6617	-0.0566
DUNGS_p_TCGA_b84_115_SNP_N_GenomeWideSNP_6_C08_771550	1	13715453	13715762	2	-1.5139
DUNGS_p_TCGA_b84_115_SNP_N_GenomeWideSNP_6_C08_771550	1	13717772	16147181	1798	-0.068
DUNGS_p_TCGA_b84_115_SNP_N_GenomeWideSNP_6_C08_771550	1	16147392	16149288	5	0.6525
DUNGS_p_TCGA_b84_115_SNP_N_GenomeWideSNP_6_C08_771550	1	16149343	16963545	340	-0.0367
DUNGS_p_TCGA_b84_115_SNP_N_GenomeWideSNP_6_C08_771550	1	16963723	17011778	23	0.1646
DUNGS_p_TCGA_b84_115_SNP_N_GenomeWideSNP_6_C08_771550	1	17011891	17016259	10	-0.5658
DUNGS_p_TCGA_b84_115_SNP_N_GenomeWideSNP_6_C08_771550	1	17016872	17190004	44	0.204
DUNGS_p_TCGA_b84_115_SNP_N_GenomeWideSNP_6_C08_771550	1	17190862	17262232	61	-0.6975
DUNGS_p_TCGA_b84_115_SNP_N_GenomeWideSNP_6_C08_771550	1	17262247	25583341	5276	-0.0523
DUNGS_p_TCGA_b84_115_SNP_N_GenomeWideSNP_6_C08_771550	1	25593128	25662212	31	-0.4714
DUNGS_p_TCGA_b84_115_SNP_N_GenomeWideSNP_6_C08_771550	1	25663310	35091674	4970	-0.0543
DUNGS_p_TCGA_b84_115_SNP_N_GenomeWideSNP_6_C08_771550	1	35102654	35103036	6	-0.797
DUNGS_p_TCGA_b84_115_SNP_N_GenomeWideSNP_6_C08_771550	1	35103142	35103510	4	0.1391
DUNGS_p_TCGA_b84_115_SNP_N_GenomeWideSNP_6_C08_771550	1	35103827	35104491	10	-1.1497
DUNGS_p_TCGA_b84_115_SNP_N_GenomeWideSNP_6_C08_771550	1	35114268	39128601	2197	-0.0662
DUNGS_p_TCGA_b84_115_SNP_N_GenomeWideSNP_6_C08_771550	1	39132430	39132462	5	0.9068
DUNGS_p_TCGA_b84_115_SNP_N_GenomeWideSNP_6_C08_771550	1	39135188	60004604	12816	-0.0284
DUNGS_p_TCGA_b84_115_SNP_N_GenomeWideSNP_6_C08_771550	1	60004914	60045860	31	-0.9411
DUNGS_p_TCGA_b84_115_SNP_N_GenomeWideSNP_6_C08_771550	1	60046102	72750353	8825	-0.0231
DUNGS_p_TCGA_b84_115_SNP_N_GenomeWideSNP_6_C08_771550	1	72756113	72763370	9	-0.9186
DUNGS_p_TCGA_b84_115_SNP_N_GenomeWideSNP_6_C08_771550	1	72768418	81636886	5643	-0.0241
DUNGS_p_TCGA_b84_115_SNP_N_GenomeWideSNP_6_C08_771550	1	81639173	81639709	3	-1.4325
DUNGS_p_TCGA_b84_115_SNP_N_GenomeWideSNP_6_C08_771550	1	81640420	81665932	16	-0.0508
DUNGS_p_TCGA_b84_115_SNP_N_GenomeWideSNP_6_C08_771550	1	81666041	81677601	12	0.5272
DUNGS_p_TCGA_b84_115_SNP_N_GenomeWideSNP_6_C08_771550	1	81680421	104159347	14479	-0.0186
DUNGS_p_TCGA_b84_115_SNP_N_GenomeWideSNP_6_C08_771550	1	104159384	104268222	28	0.4346
DUNGS_p_TCGA_b84_115_SNP_N_GenomeWideSNP_6_C08_771550	1	104303403	106012754	919	-0.0209
DUNGS_p_TCGA_b84_115_SNP_N_GenomeWideSNP_6_C08_771550	1	106013376	106022375	18	-0.5477
DUNGS_p_TCGA_b84_115_SNP_N_GenomeWideSNP_6_C08_771550	1	106024055	120118248	9417	-0.021
DUNGS_p_TCGA_b84_115_SNP_N_GenomeWideSNP_6_C08_771550	1	120118304	120122685	7	0.7551
DUNGS_p_TCGA_b84_115_SNP_N_GenomeWideSNP_6_C08_771550	1	120123054	120687115	338	-0.0351
DUNGS_p_TCGA_b84_115_SNP_N_GenomeWideSNP_6_C08_771550	1	120689060	120693215	3	1.0149
DUNGS_p_TCGA_b84_115_SNP_N_GenomeWideSNP_6_C08_771550	1	120696009	145372563	374	0.0511
DUNGS_p_TCGA_b84_115_SNP_N_GenomeWideSNP_6_C08_771550	1	145382124	152555176	2580	0.3111
DUNGS_p_TCGA_b84_115_SNP_N_GenomeWideSNP_6_C08_771550	1	152555527	152586594	36	1.4156
DUNGS_p_TCGA_b84_115_SNP_N_GenomeWideSNP_6_C08_771550	1	152590494	152761923	172	0.294
DUNGS_p_TCGA_b84_115_SNP_N_GenomeWideSNP_6_C08_771550	1	152761939	152768700	36	0.8191
DUNGS_p_TCGA_b84_115_SNP_N_GenomeWideSNP_6_C08_771550	1	152773905	158519539	3310	0.3055
DUNGS_p_TCGA_b84_115_SNP_N_GenomeWideSNP_6_C08_771550	1	158519572	158527524	15	0.6887
DUNGS_p_TCGA_b84_115_SNP_N_GenomeWideSNP_6_C08_771550	1	158529388	191681796	22842	0.2905
DUNGS_p_TCGA_b84_115_SNP_N_GenomeWideSNP_6_C08_771550	1	191688183	191740205	38	-0.553
DUNGS_p_TCGA_b84_115_SNP_N_GenomeWideSNP_6_C08_771550	1	191741380	196727850	3374	0.2936
DUNGS_p_TCGA_b84_115_SNP_N_GenomeWideSNP_6_C08_771550	1	196731035	196801850	89	0.6779
DUNGS_p_TCGA_b84_115_SNP_N_GenomeWideSNP_6_C08_771550	1	196801987	199107702	1386	0.316
DUNGS_p_TCGA_b84_115_SNP_N_GenomeWideSNP_6_C08_771550	1	199111363	199113011	8	1.142
DUNGS_p_TCGA_b84_115_SNP_N_GenomeWideSNP_6_C08_771550	1	199113840	204956325	4026	0.284
DUNGS_p_TCGA_b84_115_SNP_N_GenomeWideSNP_6_C08_771550	1	204956664	249224388	30569	-0.0427
DUNGS_p_TCGA_b84_115_SNP_N_GenomeWideSNP_6_C08_771550	2	12784	7682371	5954	0.1168
DUNGS_p_TCGA_b84_115_SNP_N_GenomeWideSNP_6_C08_771550	2	7686319	7715804	30	0.4841
DUNGS_p_TCGA_b84_115_SNP_N_GenomeWideSNP_6_C08_771550	2	7716206	10150523	1738	0.137
DUNGS_p_TCGA_b84_115_SNP_N_GenomeWideSNP_6_C08_771550	2	10152983	10154972	2	1.491
DUNGS_p_TCGA_b84_115_SNP_N_GenomeWideSNP_6_C08_771550	2	10157774	14706269	3337	0.1232
DUNGS_p_TCGA_b84_115_SNP_N_GenomeWideSNP_6_C08_771550	2	14706292	14710092	9	-0.8301
DUNGS_p_TCGA_b84_115_SNP_N_GenomeWideSNP_6_C08_771550	2	14710364	34701583	13067	0.1292
DUNGS_p_TCGA_b84_115_SNP_N_GenomeWideSNP_6_C08_771550	2	34701625	34737057	43	0.6854
DUNGS_p_TCGA_b84_115_SNP_N_GenomeWideSNP_6_C08_771550	2	34737163	35975973	878	0.1182
DUNGS_p_TCGA_b84_115_SNP_N_GenomeWideSNP_6_C08_771550	2	35977790	35986716	4	-1.7909
DUNGS_p_TCGA_b84_115_SNP_N_GenomeWideSNP_6_C08_771550	2	35986908	41238235	3951	0.1475
DUNGS_p_TCGA_b84_115_SNP_N_GenomeWideSNP_6_C08_771550	2	41238443	41245887	23	-0.3241
DUNGS_p_TCGA_b84_115_SNP_N_GenomeWideSNP_6_C08_771550	2	41251233	54308826	9397	0.1421
DUNGS_p_TCGA_b84_115_SNP_N_GenomeWideSNP_6_C08_771550	2	54310321	54313786	2	1.4863
DUNGS_p_TCGA_b84_115_SNP_N_GenomeWideSNP_6_C08_771550	2	54313836	57403877	2204	0.1485
DUNGS_p_TCGA_b84_115_SNP_N_GenomeWideSNP_6_C08_771550	2	57406024	57408675	23	0.5311
DUNGS_p_TCGA_b84_115_SNP_N_GenomeWideSNP_6_C08_771550	2	57408991	90248524	19670	0.1296
DUNGS_p_TCGA_b84_115_SNP_N_GenomeWideSNP_6_C08_771550	2	90248784	91790731	53	-0.306
DUNGS_p_TCGA_b84_115_SNP_N_GenomeWideSNP_6_C08_771550	2	91790748	91972202	40	0.1176
DUNGS_p_TCGA_b84_115_SNP_N_GenomeWideSNP_6_C08_771550	2	91981540	92033008	2	-1.1033
DUNGS_p_TCGA_b84_115_SNP_N_GenomeWideSNP_6_C08_771550	2	92051723	97834082	905	0.1286
DUNGS_p_TCGA_b84_115_SNP_N_GenomeWideSNP_6_C08_771550	2	97834120	97869140	16	-0.3418
DUNGS_p_TCGA_b84_115_SNP_N_GenomeWideSNP_6_C08_771550	2	97872637	106874006	5621	0.1334
DUNGS_p_TCGA_b84_115_SNP_N_GenomeWideSNP_6_C08_771550	2	106874497	106887255	16	0.6931
DUNGS_p_TCGA_b84_115_SNP_N_GenomeWideSNP_6_C08_771550	2	106887408	108437186	991	0.1138
DUNGS_p_TCGA_b84_115_SNP_N_GenomeWideSNP_6_C08_771550	2	108440138	108480907	5	0.908
DUNGS_p_TCGA_b84_115_SNP_N_GenomeWideSNP_6_C08_771550	2	108492088	115539579	3587	0.1272
DUNGS_p_TCGA_b84_115_SNP_N_GenomeWideSNP_6_C08_771550	2	115539594	115542394	13	0.7194
DUNGS_p_TCGA_b84_115_SNP_N_GenomeWideSNP_6_C08_771550	2	115542505	146864443	19378	0.1245
DUNGS_p_TCGA_b84_115_SNP_N_GenomeWideSNP_6_C08_771550	2	146864457	146865094	4	-0.6455
DUNGS_p_TCGA_b84_115_SNP_N_GenomeWideSNP_6_C08_771550	2	146865183	146866934	17	-1.8439
DUNGS_p_TCGA_b84_115_SNP_N_GenomeWideSNP_6_C08_771550	2	146877806	158570878	6916	0.1297
DUNGS_p_TCGA_b84_115_SNP_N_GenomeWideSNP_6_C08_771550	2	158572005	158575602	3	1.077
DUNGS_p_TCGA_b84_115_SNP_N_GenomeWideSNP_6_C08_771550	2	158576191	159958620	885	0.1446
DUNGS_p_TCGA_b84_115_SNP_N_GenomeWideSNP_6_C08_771550	2	159960343	159960973	2	1.5519
DUNGS_p_TCGA_b84_115_SNP_N_GenomeWideSNP_6_C08_771550	2	159963287	184571325	15373	0.1424
DUNGS_p_TCGA_b84_115_SNP_N_GenomeWideSNP_6_C08_771550	2	184571386	184585265	17	-0.2871
DUNGS_p_TCGA_b84_115_SNP_N_GenomeWideSNP_6_C08_771550	2	184585340	243089456	36015	0.1402
DUNGS_p_TCGA_b84_115_SNP_N_GenomeWideSNP_6_C08_771550	3	60345	26426191	19957	0.1233
DUNGS_p_TCGA_b84_115_SNP_N_GenomeWideSNP_6_C08_771550	3	26434124	26439343	5	-0.7533
DUNGS_p_TCGA_b84_115_SNP_N_GenomeWideSNP_6_C08_771550	3	26445973	26613201	131	0.1112
DUNGS_p_TCGA_b84_115_SNP_N_GenomeWideSNP_6_C08_771550	3	26614974	26614985	8	-1.2205
DUNGS_p_TCGA_b84_115_SNP_N_GenomeWideSNP_6_C08_771550	3	26615949	46831837	13205	0.1259
DUNGS_p_TCGA_b84_115_SNP_N_GenomeWideSNP_6_C08_771550	3	46831961	46831976	2	-2.0031
DUNGS_p_TCGA_b84_115_SNP_N_GenomeWideSNP_6_C08_771550	3	46832011	53028375	2514	0.1182
DUNGS_p_TCGA_b84_115_SNP_N_GenomeWideSNP_6_C08_771550	3	53031736	53032025	11	0.7711
DUNGS_p_TCGA_b84_115_SNP_N_GenomeWideSNP_6_C08_771550	3	53032038	68746259	12075	0.1213
DUNGS_p_TCGA_b84_115_SNP_N_GenomeWideSNP_6_C08_771550	3	68746284	68748786	15	1.0581
DUNGS_p_TCGA_b84_115_SNP_N_GenomeWideSNP_6_C08_771550	3	68748945	125407689	32276	0.1184
DUNGS_p_TCGA_b84_115_SNP_N_GenomeWideSNP_6_C08_771550	3	125424472	125452841	13	-0.5283
DUNGS_p_TCGA_b84_115_SNP_N_GenomeWideSNP_6_C08_771550	3	125452872	141980422	10062	0.1157
DUNGS_p_TCGA_b84_115_SNP_N_GenomeWideSNP_6_C08_771550	3	141982871	142114406	54	0.4436
DUNGS_p_TCGA_b84_115_SNP_N_GenomeWideSNP_6_C08_771550	3	142116599	162223475	12537	0.1329
DUNGS_p_TCGA_b84_115_SNP_N_GenomeWideSNP_6_C08_771550	3	162223775	162226959	12	0.6372
DUNGS_p_TCGA_b84_115_SNP_N_GenomeWideSNP_6_C08_771550	3	162236534	162532950	187	0.1039
DUNGS_p_TCGA_b84_115_SNP_N_GenomeWideSNP_6_C08_771550	3	162534730	162540490	6	-1.4169
DUNGS_p_TCGA_b84_115_SNP_N_GenomeWideSNP_6_C08_771550	3	162545716	168730180	3495	0.124
DUNGS_p_TCGA_b84_115_SNP_N_GenomeWideSNP_6_C08_771550	3	168733402	168738628	2	1.4965
DUNGS_p_TCGA_b84_115_SNP_N_GenomeWideSNP_6_C08_771550	3	168739827	176689514	5251	0.1309
DUNGS_p_TCGA_b84_115_SNP_N_GenomeWideSNP_6_C08_771550	3	176689881	176695772	17	0.5718
DUNGS_p_TCGA_b84_115_SNP_N_GenomeWideSNP_6_C08_771550	3	176695887	189363678	7985	0.1317
DUNGS_p_TCGA_b84_115_SNP_N_GenomeWideSNP_6_C08_771550	3	189363830	189371014	12	-0.5295
DUNGS_p_TCGA_b84_115_SNP_N_GenomeWideSNP_6_C08_771550	3	189372351	192873704	2495	0.1382
DUNGS_p_TCGA_b84_115_SNP_N_GenomeWideSNP_6_C08_771550	3	192873807	192880831	13	0.7244
DUNGS_p_TCGA_b84_115_SNP_N_GenomeWideSNP_6_C08_771550	3	192880842	195285898	1496	0.1282
DUNGS_p_TCGA_b84_115_SNP_N_GenomeWideSNP_6_C08_771550	3	195383142	195455876	31	-0.6837
DUNGS_p_TCGA_b84_115_SNP_N_GenomeWideSNP_6_C08_771550	3	195455911	195495372	24	-0.0126
DUNGS_p_TCGA_b84_115_SNP_N_GenomeWideSNP_6_C08_771550	3	195501404	195501971	2	-1.2719
DUNGS_p_TCGA_b84_115_SNP_N_GenomeWideSNP_6_C08_771550	3	195502102	197838213	1141	0.147
DUNGS_p_TCGA_b84_115_SNP_N_GenomeWideSNP_6_C08_771550	3	197838338	197849705	14	-0.5019
DUNGS_p_TCGA_b84_115_SNP_N_GenomeWideSNP_6_C08_771550	3	197851225	197896118	9	0.4902
DUNGS_p_TCGA_b84_115_SNP_N_GenomeWideSNP_6_C08_771550	4	12281	66719	58	-0.2442
DUNGS_p_TCGA_b84_115_SNP_N_GenomeWideSNP_6_C08_771550	4	68821	3970486	1604	0.193
DUNGS_p_TCGA_b84_115_SNP_N_GenomeWideSNP_6_C08_771550	4	3971019	3972308	2	-1.2396
DUNGS_p_TCGA_b84_115_SNP_N_GenomeWideSNP_6_C08_771550	4	3984544	9456977	3590	0.1602
DUNGS_p_TCGA_b84_115_SNP_N_GenomeWideSNP_6_C08_771550	4	9461230	9547322	24	-0.2477
DUNGS_p_TCGA_b84_115_SNP_N_GenomeWideSNP_6_C08_771550	4	9547838	10210390	531	0.157
DUNGS_p_TCGA_b84_115_SNP_N_GenomeWideSNP_6_C08_771550	4	10214160	10231498	29	-1.3385
DUNGS_p_TCGA_b84_115_SNP_N_GenomeWideSNP_6_C08_771550	4	10234214	29316074	13712	0.1833
DUNGS_p_TCGA_b84_115_SNP_N_GenomeWideSNP_6_C08_771550	4	29318239	29318249	2	-1.773
DUNGS_p_TCGA_b84_115_SNP_N_GenomeWideSNP_6_C08_771550	4	29318265	32537063	2044	0.178
DUNGS_p_TCGA_b84_115_SNP_N_GenomeWideSNP_6_C08_771550	4	32539177	32544031	3	1.149
DUNGS_p_TCGA_b84_115_SNP_N_GenomeWideSNP_6_C08_771550	4	32544185	32947021	207	0.1618
DUNGS_p_TCGA_b84_115_SNP_N_GenomeWideSNP_6_C08_771550	4	32947309	32952217	4	0.8717
DUNGS_p_TCGA_b84_115_SNP_N_GenomeWideSNP_6_C08_771550	4	32952455	34773515	1035	0.165
DUNGS_p_TCGA_b84_115_SNP_N_GenomeWideSNP_6_C08_771550	4	34778860	34829913	47	0.7853
DUNGS_p_TCGA_b84_115_SNP_N_GenomeWideSNP_6_C08_771550	4	34829928	49089374	8976	0.1929
DUNGS_p_TCGA_b84_115_SNP_N_GenomeWideSNP_6_C08_771550	4	49093786	49267848	17	-0.1856
DUNGS_p_TCGA_b84_115_SNP_N_GenomeWideSNP_6_C08_771550	4	49291192	49291355	2	-1.5705
DUNGS_p_TCGA_b84_115_SNP_N_GenomeWideSNP_6_C08_771550	4	49297220	49590656	13	-0.0463
DUNGS_p_TCGA_b84_115_SNP_N_GenomeWideSNP_6_C08_771550	4	49620885	49658612	9	0.6517
DUNGS_p_TCGA_b84_115_SNP_N_GenomeWideSNP_6_C08_771550	4	52685699	55529300	1862	-0.301
DUNGS_p_TCGA_b84_115_SNP_N_GenomeWideSNP_6_C08_771550	4	55533284	57214772	1174	0.2411
DUNGS_p_TCGA_b84_115_SNP_N_GenomeWideSNP_6_C08_771550	4	57215022	57239904	8	-0.0909
DUNGS_p_TCGA_b84_115_SNP_N_GenomeWideSNP_6_C08_771550	4	57242833	57259465	6	0.361
DUNGS_p_TCGA_b84_115_SNP_N_GenomeWideSNP_6_C08_771550	4	57260298	57978611	453	-0.08
DUNGS_p_TCGA_b84_115_SNP_N_GenomeWideSNP_6_C08_771550	4	57981557	58392468	356	0.3029
DUNGS_p_TCGA_b84_115_SNP_N_GenomeWideSNP_6_C08_771550	4	58393880	58541421	119	0.6444
DUNGS_p_TCGA_b84_115_SNP_N_GenomeWideSNP_6_C08_771550	4	58542034	59618294	657	0.2522
DUNGS_p_TCGA_b84_115_SNP_N_GenomeWideSNP_6_C08_771550	4	59620935	60278819	405	-0.3121
DUNGS_p_TCGA_b84_115_SNP_N_GenomeWideSNP_6_C08_771550	4	60290689	60324949	23	0.1068
DUNGS_p_TCGA_b84_115_SNP_N_GenomeWideSNP_6_C08_771550	4	60325010	60591003	182	-0.2854
DUNGS_p_TCGA_b84_115_SNP_N_GenomeWideSNP_6_C08_771550	4	60595779	60619937	20	0.2253
DUNGS_p_TCGA_b84_115_SNP_N_GenomeWideSNP_6_C08_771550	4	60620476	60632809	11	0.6055
DUNGS_p_TCGA_b84_115_SNP_N_GenomeWideSNP_6_C08_771550	4	60637611	60767015	79	0.3016
DUNGS_p_TCGA_b84_115_SNP_N_GenomeWideSNP_6_C08_771550	4	60767029	60855079	48	-0.1988
DUNGS_p_TCGA_b84_115_SNP_N_GenomeWideSNP_6_C08_771550	4	60860086	61107364	133	0.359
DUNGS_p_TCGA_b84_115_SNP_N_GenomeWideSNP_6_C08_771550	4	61107712	61427468	233	-0.2142
DUNGS_p_TCGA_b84_115_SNP_N_GenomeWideSNP_6_C08_771550	4	61427729	61847376	245	0.5661
DUNGS_p_TCGA_b84_115_SNP_N_GenomeWideSNP_6_C08_771550	4	61851987	63586066	966	0.0708
DUNGS_p_TCGA_b84_115_SNP_N_GenomeWideSNP_6_C08_771550	4	63588889	64693940	606	-0.3481
DUNGS_p_TCGA_b84_115_SNP_N_GenomeWideSNP_6_C08_771550	4	64697469	64717026	31	0.107
DUNGS_p_TCGA_b84_115_SNP_N_GenomeWideSNP_6_C08_771550	4	64718043	67678575	1896	-0.3444
DUNGS_p_TCGA_b84_115_SNP_N_GenomeWideSNP_6_C08_771550	4	67680953	67684899	3	-1.3957
DUNGS_p_TCGA_b84_115_SNP_N_GenomeWideSNP_6_C08_771550	4	67685518	69205100	940	-0.3365
DUNGS_p_TCGA_b84_115_SNP_N_GenomeWideSNP_6_C08_771550	4	69206676	69206695	2	0.9021
DUNGS_p_TCGA_b84_115_SNP_N_GenomeWideSNP_6_C08_771550	4	69206888	69374955	44	-0.3174
DUNGS_p_TCGA_b84_115_SNP_N_GenomeWideSNP_6_C08_771550	4	69375160	69396462	9	-1.0517
DUNGS_p_TCGA_b84_115_SNP_N_GenomeWideSNP_6_C08_771550	4	69396466	69435424	18	-0.1574
DUNGS_p_TCGA_b84_115_SNP_N_GenomeWideSNP_6_C08_771550	4	69435612	69435913	4	-1.4596
DUNGS_p_TCGA_b84_115_SNP_N_GenomeWideSNP_6_C08_771550	4	69436572	69485979	32	-0.5131
DUNGS_p_TCGA_b84_115_SNP_N_GenomeWideSNP_6_C08_771550	4	69489335	69506334	3	0.9828
DUNGS_p_TCGA_b84_115_SNP_N_GenomeWideSNP_6_C08_771550	4	69521409	69978901	244	-0.3396
DUNGS_p_TCGA_b84_115_SNP_N_GenomeWideSNP_6_C08_771550	4	69979410	69982322	2	1.3645
DUNGS_p_TCGA_b84_115_SNP_N_GenomeWideSNP_6_C08_771550	4	69982843	70127652	81	-0.3741
DUNGS_p_TCGA_b84_115_SNP_N_GenomeWideSNP_6_C08_771550	4	70128412	70231799	52	-0.8916
DUNGS_p_TCGA_b84_115_SNP_N_GenomeWideSNP_6_C08_771550	4	70232022	90428170	12617	-0.3292
DUNGS_p_TCGA_b84_115_SNP_N_GenomeWideSNP_6_C08_771550	4	90428199	90428264	2	-2.3768
DUNGS_p_TCGA_b84_115_SNP_N_GenomeWideSNP_6_C08_771550	4	90428494	96246506	3337	-0.3399
DUNGS_p_TCGA_b84_115_SNP_N_GenomeWideSNP_6_C08_771550	4	96246738	96251703	17	0.0888
DUNGS_p_TCGA_b84_115_SNP_N_GenomeWideSNP_6_C08_771550	4	96252679	172987928	46625	-0.2983
DUNGS_p_TCGA_b84_115_SNP_N_GenomeWideSNP_6_C08_771550	4	172989148	172989533	12	-1.6052
DUNGS_p_TCGA_b84_115_SNP_N_GenomeWideSNP_6_C08_771550	4	172995979	191027923	12139	-0.3103
DUNGS_p_TCGA_b84_115_SNP_N_GenomeWideSNP_6_C08_771550	5	15532	16517130	12769	0.7651
DUNGS_p_TCGA_b84_115_SNP_N_GenomeWideSNP_6_C08_771550	5	16517367	16517739	2	-0.832
DUNGS_p_TCGA_b84_115_SNP_N_GenomeWideSNP_6_C08_771550	5	16520379	26789496	6186	0.783
DUNGS_p_TCGA_b84_115_SNP_N_GenomeWideSNP_6_C08_771550	5	26797760	26797844	2	-1.4703
DUNGS_p_TCGA_b84_115_SNP_N_GenomeWideSNP_6_C08_771550	5	26803884	46251306	11876	0.7909
DUNGS_p_TCGA_b84_115_SNP_N_GenomeWideSNP_6_C08_771550	5	46271008	46273502	8	0.1724
DUNGS_p_TCGA_b84_115_SNP_N_GenomeWideSNP_6_C08_771550	5	46278212	46389273	19	0.9326
DUNGS_p_TCGA_b84_115_SNP_N_GenomeWideSNP_6_C08_771550	5	49432831	57321646	5065	-0.2989
DUNGS_p_TCGA_b84_115_SNP_N_GenomeWideSNP_6_C08_771550	5	57326027	57333533	32	1.7413
DUNGS_p_TCGA_b84_115_SNP_N_GenomeWideSNP_6_C08_771550	5	57338357	57957137	449	-0.2951
DUNGS_p_TCGA_b84_115_SNP_N_GenomeWideSNP_6_C08_771550	5	57957210	57958669	14	0.1718
DUNGS_p_TCGA_b84_115_SNP_N_GenomeWideSNP_6_C08_771550	5	57958685	60034475	1411	-0.3001
DUNGS_p_TCGA_b84_115_SNP_N_GenomeWideSNP_6_C08_771550	5	60040060	60143946	66	0.2035
DUNGS_p_TCGA_b84_115_SNP_N_GenomeWideSNP_6_C08_771550	5	60145320	67614893	4698	-0.277
DUNGS_p_TCGA_b84_115_SNP_N_GenomeWideSNP_6_C08_771550	5	67615413	68350127	480	0.5069
DUNGS_p_TCGA_b84_115_SNP_N_GenomeWideSNP_6_C08_771550	5	68360370	68846303	190	0.0735
DUNGS_p_TCGA_b84_115_SNP_N_GenomeWideSNP_6_C08_771550	5	68867294	69118135	5	-1.0334
DUNGS_p_TCGA_b84_115_SNP_N_GenomeWideSNP_6_C08_771550	5	69233427	70808933	97	0.3704
DUNGS_p_TCGA_b84_115_SNP_N_GenomeWideSNP_6_C08_771550	5	70814581	75409826	3007	-0.1998
DUNGS_p_TCGA_b84_115_SNP_N_GenomeWideSNP_6_C08_771550	5	75413947	75474244	76	0.2935
DUNGS_p_TCGA_b84_115_SNP_N_GenomeWideSNP_6_C08_771550	5	75474271	75837477	311	-0.2616
DUNGS_p_TCGA_b84_115_SNP_N_GenomeWideSNP_6_C08_771550	5	75837729	75857316	25	0.3477
DUNGS_p_TCGA_b84_115_SNP_N_GenomeWideSNP_6_C08_771550	5	75857860	76379402	358	-0.0872
DUNGS_p_TCGA_b84_115_SNP_N_GenomeWideSNP_6_C08_771550	5	76383862	76393639	3	0.3303
DUNGS_p_TCGA_b84_115_SNP_N_GenomeWideSNP_6_C08_771550	5	76393877	76672048	194	-0.3518
DUNGS_p_TCGA_b84_115_SNP_N_GenomeWideSNP_6_C08_771550	5	76672186	76793027	84	0.3071
DUNGS_p_TCGA_b84_115_SNP_N_GenomeWideSNP_6_C08_771550	5	76797925	76836235	28	-0.1908
DUNGS_p_TCGA_b84_115_SNP_N_GenomeWideSNP_6_C08_771550	5	76836811	76854402	6	0.1493
DUNGS_p_TCGA_b84_115_SNP_N_GenomeWideSNP_6_C08_771550	5	76857830	97041199	11455	-0.2978
DUNGS_p_TCGA_b84_115_SNP_N_GenomeWideSNP_6_C08_771550	5	97043033	97120507	57	-0.5682
DUNGS_p_TCGA_b84_115_SNP_N_GenomeWideSNP_6_C08_771550	5	97125667	101228125	2409	-0.2712
DUNGS_p_TCGA_b84_115_SNP_N_GenomeWideSNP_6_C08_771550	5	101231971	101280167	30	-1.607
DUNGS_p_TCGA_b84_115_SNP_N_GenomeWideSNP_6_C08_771550	5	101281192	108892559	4642	-0.3037
DUNGS_p_TCGA_b84_115_SNP_N_GenomeWideSNP_6_C08_771550	5	108908680	108909459	3	-1.9879
DUNGS_p_TCGA_b84_115_SNP_N_GenomeWideSNP_6_C08_771550	5	108913144	136558411	18310	-0.3011
DUNGS_p_TCGA_b84_115_SNP_N_GenomeWideSNP_6_C08_771550	5	136559043	137737055	657	0.1549
DUNGS_p_TCGA_b84_115_SNP_N_GenomeWideSNP_6_C08_771550	5	137737355	137745877	5	1.0837
DUNGS_p_TCGA_b84_115_SNP_N_GenomeWideSNP_6_C08_771550	5	137748379	155472055	11334	0.1517
DUNGS_p_TCGA_b84_115_SNP_N_GenomeWideSNP_6_C08_771550	5	155472133	155482729	19	-0.3475
DUNGS_p_TCGA_b84_115_SNP_N_GenomeWideSNP_6_C08_771550	5	155495250	157939517	1701	0.1418
DUNGS_p_TCGA_b84_115_SNP_N_GenomeWideSNP_6_C08_771550	5	157942072	157942696	2	-1.0395
DUNGS_p_TCGA_b84_115_SNP_N_GenomeWideSNP_6_C08_771550	5	157945180	175387859	12397	0.1394
DUNGS_p_TCGA_b84_115_SNP_N_GenomeWideSNP_6_C08_771550	5	175393612	175477180	16	-0.3986
DUNGS_p_TCGA_b84_115_SNP_N_GenomeWideSNP_6_C08_771550	5	175524197	177198449	726	0.1432
DUNGS_p_TCGA_b84_115_SNP_N_GenomeWideSNP_6_C08_771550	5	177227551	177232605	3	2.0682
DUNGS_p_TCGA_b84_115_SNP_N_GenomeWideSNP_6_C08_771550	5	177254965	180690937	1995	0.14
DUNGS_p_TCGA_b84_115_SNP_N_GenomeWideSNP_6_C08_771550	5	180692321	180790320	9	-0.1783
DUNGS_p_TCGA_b84_115_SNP_N_GenomeWideSNP_6_C08_771550	6	149661	264756	105	0.1215
DUNGS_p_TCGA_b84_115_SNP_N_GenomeWideSNP_6_C08_771550	6	265113	303017	21	-0.327
DUNGS_p_TCGA_b84_115_SNP_N_GenomeWideSNP_6_C08_771550	6	303121	355360	47	-0.7581
DUNGS_p_TCGA_b84_115_SNP_N_GenomeWideSNP_6_C08_771550	6	355386	382559	30	-0.3796
DUNGS_p_TCGA_b84_115_SNP_N_GenomeWideSNP_6_C08_771550	6	382897	14739982	11423	0.1428
DUNGS_p_TCGA_b84_115_SNP_N_GenomeWideSNP_6_C08_771550	6	14740348	14741128	2	-1.1469
DUNGS_p_TCGA_b84_115_SNP_N_GenomeWideSNP_6_C08_771550	6	14742008	26671328	8651	0.1434
DUNGS_p_TCGA_b84_115_SNP_N_GenomeWideSNP_6_C08_771550	6	26681921	26688496	5	-0.8005
DUNGS_p_TCGA_b84_115_SNP_N_GenomeWideSNP_6_C08_771550	6	26691642	26739008	23	0.0373
DUNGS_p_TCGA_b84_115_SNP_N_GenomeWideSNP_6_C08_771550	6	26739025	26754381	7	1.0336
DUNGS_p_TCGA_b84_115_SNP_N_GenomeWideSNP_6_C08_771550	6	26754393	29079281	1047	0.15
DUNGS_p_TCGA_b84_115_SNP_N_GenomeWideSNP_6_C08_771550	6	29084087	29167575	12	0.6074
DUNGS_p_TCGA_b84_115_SNP_N_GenomeWideSNP_6_C08_771550	6	29178138	29837188	395	0.1595
DUNGS_p_TCGA_b84_115_SNP_N_GenomeWideSNP_6_C08_771550	6	29837314	29844034	8	-0.4758
DUNGS_p_TCGA_b84_115_SNP_N_GenomeWideSNP_6_C08_771550	6	29844372	29850196	7	-1.4055
DUNGS_p_TCGA_b84_115_SNP_N_GenomeWideSNP_6_C08_771550	6	29850274	31287222	678	0.1921
DUNGS_p_TCGA_b84_115_SNP_N_GenomeWideSNP_6_C08_771550	6	31287501	31295406	2	-1.4751
DUNGS_p_TCGA_b84_115_SNP_N_GenomeWideSNP_6_C08_771550	6	31295953	32454523	515	0.1704
DUNGS_p_TCGA_b84_115_SNP_N_GenomeWideSNP_6_C08_771550	6	32456683	32573771	31	1.3339
DUNGS_p_TCGA_b84_115_SNP_N_GenomeWideSNP_6_C08_771550	6	32574014	32690027	79	0.3348
DUNGS_p_TCGA_b84_115_SNP_N_GenomeWideSNP_6_C08_771550	6	32690797	32690830	3	1.5014
DUNGS_p_TCGA_b84_115_SNP_N_GenomeWideSNP_6_C08_771550	6	32692227	37016585	2542	0.158
DUNGS_p_TCGA_b84_115_SNP_N_GenomeWideSNP_6_C08_771550	6	37016969	37019158	2	-1.2374
DUNGS_p_TCGA_b84_115_SNP_N_GenomeWideSNP_6_C08_771550	6	37021260	39018874	1372	0.17
DUNGS_p_TCGA_b84_115_SNP_N_GenomeWideSNP_6_C08_771550	6	39019254	39020222	3	-0.7761
DUNGS_p_TCGA_b84_115_SNP_N_GenomeWideSNP_6_C08_771550	6	39022698	53094861	9147	0.1537
DUNGS_p_TCGA_b84_115_SNP_N_GenomeWideSNP_6_C08_771550	6	53095440	53095806	3	-1.2166
DUNGS_p_TCGA_b84_115_SNP_N_GenomeWideSNP_6_C08_771550	6	53096682	53925204	637	0.1258
DUNGS_p_TCGA_b84_115_SNP_N_GenomeWideSNP_6_C08_771550	6	53931067	53931419	7	1.0146
DUNGS_p_TCGA_b84_115_SNP_N_GenomeWideSNP_6_C08_771550	6	53931803	65336942	4362	0.1305
DUNGS_p_TCGA_b84_115_SNP_N_GenomeWideSNP_6_C08_771550	6	65347544	65348992	2	1.853
DUNGS_p_TCGA_b84_115_SNP_N_GenomeWideSNP_6_C08_771550	6	65350776	67680231	1670	0.1239
DUNGS_p_TCGA_b84_115_SNP_N_GenomeWideSNP_6_C08_771550	6	67680289	67688157	19	0.4976
DUNGS_p_TCGA_b84_115_SNP_N_GenomeWideSNP_6_C08_771550	6	67688180	69686629	1326	0.1151
DUNGS_p_TCGA_b84_115_SNP_N_GenomeWideSNP_6_C08_771550	6	69687698	69690970	3	-1.0602
DUNGS_p_TCGA_b84_115_SNP_N_GenomeWideSNP_6_C08_771550	6	69691368	74907516	3345	0.1241
DUNGS_p_TCGA_b84_115_SNP_N_GenomeWideSNP_6_C08_771550	6	74907589	74910179	4	-0.7446
DUNGS_p_TCGA_b84_115_SNP_N_GenomeWideSNP_6_C08_771550	6	74910971	75533452	422	0.1331
DUNGS_p_TCGA_b84_115_SNP_N_GenomeWideSNP_6_C08_771550	6	75533465	75534181	4	0.8488
DUNGS_p_TCGA_b84_115_SNP_N_GenomeWideSNP_6_C08_771550	6	75534396	77014948	858	0.1163
DUNGS_p_TCGA_b84_115_SNP_N_GenomeWideSNP_6_C08_771550	6	77016900	77016926	3	-0.995
DUNGS_p_TCGA_b84_115_SNP_N_GenomeWideSNP_6_C08_771550	6	77016993	77436532	296	0.1436
DUNGS_p_TCGA_b84_115_SNP_N_GenomeWideSNP_6_C08_771550	6	77439868	77452270	14	-0.3173
DUNGS_p_TCGA_b84_115_SNP_N_GenomeWideSNP_6_C08_771550	6	77452382	77468638	13	0.2977
DUNGS_p_TCGA_b84_115_SNP_N_GenomeWideSNP_6_C08_771550	6	77469096	78024816	346	0.0934
DUNGS_p_TCGA_b84_115_SNP_N_GenomeWideSNP_6_C08_771550	6	78025274	78031133	6	0.8682
DUNGS_p_TCGA_b84_115_SNP_N_GenomeWideSNP_6_C08_771550	6	78032158	78878511	556	0.1024
DUNGS_p_TCGA_b84_115_SNP_N_GenomeWideSNP_6_C08_771550	6	78879025	78898515	11	0.606
DUNGS_p_TCGA_b84_115_SNP_N_GenomeWideSNP_6_C08_771550	6	78900020	78969065	56	0.0812
DUNGS_p_TCGA_b84_115_SNP_N_GenomeWideSNP_6_C08_771550	6	78969105	79027770	106	-0.2226
DUNGS_p_TCGA_b84_115_SNP_N_GenomeWideSNP_6_C08_771550	6	79032317	103734825	15509	0.1186
DUNGS_p_TCGA_b84_115_SNP_N_GenomeWideSNP_6_C08_771550	6	103734829	103762061	47	0.9076
DUNGS_p_TCGA_b84_115_SNP_N_GenomeWideSNP_6_C08_771550	6	103765470	118590614	9192	0.1176
DUNGS_p_TCGA_b84_115_SNP_N_GenomeWideSNP_6_C08_771550	6	118593040	118601684	8	-0.4699
DUNGS_p_TCGA_b84_115_SNP_N_GenomeWideSNP_6_C08_771550	6	118603545	118856282	143	0.1636
DUNGS_p_TCGA_b84_115_SNP_N_GenomeWideSNP_6_C08_771550	6	118856822	118858625	3	1.1001
DUNGS_p_TCGA_b84_115_SNP_N_GenomeWideSNP_6_C08_771550	6	118859359	134266268	9765	0.117
DUNGS_p_TCGA_b84_115_SNP_N_GenomeWideSNP_6_C08_771550	6	134269071	134269632	2	-1.8837
DUNGS_p_TCGA_b84_115_SNP_N_GenomeWideSNP_6_C08_771550	6	134272072	171051005	25178	0.1108
DUNGS_p_TCGA_b84_115_SNP_N_GenomeWideSNP_6_C08_771550	7	43355	63281	20	0.6778
DUNGS_p_TCGA_b84_115_SNP_N_GenomeWideSNP_6_C08_771550	7	63494	11596934	7287	0.1593
DUNGS_p_TCGA_b84_115_SNP_N_GenomeWideSNP_6_C08_771550	7	11599456	11712973	119	0.4454
DUNGS_p_TCGA_b84_115_SNP_N_GenomeWideSNP_6_C08_771550	7	11721076	13583266	1463	0.1542
DUNGS_p_TCGA_b84_115_SNP_N_GenomeWideSNP_6_C08_771550	7	13587412	13591197	8	-0.7459
DUNGS_p_TCGA_b84_115_SNP_N_GenomeWideSNP_6_C08_771550	7	13591484	26132290	9995	0.1544
DUNGS_p_TCGA_b84_115_SNP_N_GenomeWideSNP_6_C08_771550	7	26142392	26145413	4	-0.8484
DUNGS_p_TCGA_b84_115_SNP_N_GenomeWideSNP_6_C08_771550	7	26147219	87670741	35628	0.1214
DUNGS_p_TCGA_b84_115_SNP_N_GenomeWideSNP_6_C08_771550	7	87670851	87672392	16	-0.8548
DUNGS_p_TCGA_b84_115_SNP_N_GenomeWideSNP_6_C08_771550	7	87672946	127928261	24281	0.1141
DUNGS_p_TCGA_b84_115_SNP_N_GenomeWideSNP_6_C08_771550	7	127928453	127948134	21	0.8442
DUNGS_p_TCGA_b84_115_SNP_N_GenomeWideSNP_6_C08_771550	7	127948604	133785211	3414	0.106
DUNGS_p_TCGA_b84_115_SNP_N_GenomeWideSNP_6_C08_771550	7	133785309	133790410	22	0.615
DUNGS_p_TCGA_b84_115_SNP_N_GenomeWideSNP_6_C08_771550	7	133790443	142471014	5704	0.1017
DUNGS_p_TCGA_b84_115_SNP_N_GenomeWideSNP_6_C08_771550	7	142471243	142486045	32	-0.2129
DUNGS_p_TCGA_b84_115_SNP_N_GenomeWideSNP_6_C08_771550	7	142486115	143873377	837	0.1302
DUNGS_p_TCGA_b84_115_SNP_N_GenomeWideSNP_6_C08_771550	7	143873952	144003667	29	0.4711
DUNGS_p_TCGA_b84_115_SNP_N_GenomeWideSNP_6_C08_771550	7	144003746	159127004	9721	0.089
DUNGS_p_TCGA_b84_115_SNP_N_GenomeWideSNP_6_C08_771550	8	31254	162672	7	0.117
DUNGS_p_TCGA_b84_115_SNP_N_GenomeWideSNP_6_C08_771550	8	162832	6840297	7736	-0.3014
DUNGS_p_TCGA_b84_115_SNP_N_GenomeWideSNP_6_C08_771550	8	6858815	6879803	7	-1.4181
DUNGS_p_TCGA_b84_115_SNP_N_GenomeWideSNP_6_C08_771550	8	6880062	7254341	118	-0.2863
DUNGS_p_TCGA_b84_115_SNP_N_GenomeWideSNP_6_C08_771550	8	7255048	7798758	143	-0.7777
DUNGS_p_TCGA_b84_115_SNP_N_GenomeWideSNP_6_C08_771550	8	7798851	11169190	2778	-0.3059
DUNGS_p_TCGA_b84_115_SNP_N_GenomeWideSNP_6_C08_771550	8	11170367	11170721	2	-2.1401
DUNGS_p_TCGA_b84_115_SNP_N_GenomeWideSNP_6_C08_771550	8	11170860	12239835	544	-0.3315
DUNGS_p_TCGA_b84_115_SNP_N_GenomeWideSNP_6_C08_771550	8	12240162	12327522	56	-0.7222
DUNGS_p_TCGA_b84_115_SNP_N_GenomeWideSNP_6_C08_771550	8	12327833	12539529	54	-0.3375
DUNGS_p_TCGA_b84_115_SNP_N_GenomeWideSNP_6_C08_771550	8	12542733	12550682	4	-1.4258
DUNGS_p_TCGA_b84_115_SNP_N_GenomeWideSNP_6_C08_771550	8	12550768	12646389	78	-0.2784
DUNGS_p_TCGA_b84_115_SNP_N_GenomeWideSNP_6_C08_771550	8	12648728	12652526	4	-1.7247
DUNGS_p_TCGA_b84_115_SNP_N_GenomeWideSNP_6_C08_771550	8	12653533	16259612	3431	-0.3059
DUNGS_p_TCGA_b84_115_SNP_N_GenomeWideSNP_6_C08_771550	8	16262235	16274661	28	-1.1998
DUNGS_p_TCGA_b84_115_SNP_N_GenomeWideSNP_6_C08_771550	8	16278695	16919086	521	-0.2866
DUNGS_p_TCGA_b84_115_SNP_N_GenomeWideSNP_6_C08_771550	8	16919124	16919668	2	-2.0489
DUNGS_p_TCGA_b84_115_SNP_N_GenomeWideSNP_6_C08_771550	8	16924697	24972187	6352	-0.3026
DUNGS_p_TCGA_b84_115_SNP_N_GenomeWideSNP_6_C08_771550	8	24974443	24984250	26	0.4409
DUNGS_p_TCGA_b84_115_SNP_N_GenomeWideSNP_6_C08_771550	8	24984333	35608602	7135	-0.3096
DUNGS_p_TCGA_b84_115_SNP_N_GenomeWideSNP_6_C08_771550	8	35615132	40771996	3049	0.132
DUNGS_p_TCGA_b84_115_SNP_N_GenomeWideSNP_6_C08_771550	8	40777852	40778471	2	-2.0545
DUNGS_p_TCGA_b84_115_SNP_N_GenomeWideSNP_6_C08_771550	8	40783680	46936616	1530	0.1414
DUNGS_p_TCGA_b84_115_SNP_N_GenomeWideSNP_6_C08_771550	8	46936840	46938171	2	-1.4015
DUNGS_p_TCGA_b84_115_SNP_N_GenomeWideSNP_6_C08_771550	8	46940022	51030772	1988	0.0985
DUNGS_p_TCGA_b84_115_SNP_N_GenomeWideSNP_6_C08_771550	8	51032011	51033423	9	0.7104
DUNGS_p_TCGA_b84_115_SNP_N_GenomeWideSNP_6_C08_771550	8	51038578	52872460	1141	0.1059
DUNGS_p_TCGA_b84_115_SNP_N_GenomeWideSNP_6_C08_771550	8	52873370	52886777	3	-0.8496
DUNGS_p_TCGA_b84_115_SNP_N_GenomeWideSNP_6_C08_771550	8	52887541	58371001	3646	0.1081
DUNGS_p_TCGA_b84_115_SNP_N_GenomeWideSNP_6_C08_771550	8	58371158	58378246	21	-0.2594
DUNGS_p_TCGA_b84_115_SNP_N_GenomeWideSNP_6_C08_771550	8	58381007	61856994	2332	0.1253
DUNGS_p_TCGA_b84_115_SNP_N_GenomeWideSNP_6_C08_771550	8	61858213	61870447	11	-0.8677
DUNGS_p_TCGA_b84_115_SNP_N_GenomeWideSNP_6_C08_771550	8	61870774	63034260	803	0.1203
DUNGS_p_TCGA_b84_115_SNP_N_GenomeWideSNP_6_C08_771550	8	63035265	63040929	5	-0.8185
DUNGS_p_TCGA_b84_115_SNP_N_GenomeWideSNP_6_C08_771550	8	63043038	115634487	31361	0.1191
DUNGS_p_TCGA_b84_115_SNP_N_GenomeWideSNP_6_C08_771550	8	115634554	115635686	11	0.8831
DUNGS_p_TCGA_b84_115_SNP_N_GenomeWideSNP_6_C08_771550	8	115635701	115641002	13	-0.0411
DUNGS_p_TCGA_b84_115_SNP_N_GenomeWideSNP_6_C08_771550	8	115641072	115641446	4	1.0535
DUNGS_p_TCGA_b84_115_SNP_N_GenomeWideSNP_6_C08_771550	8	115641483	146298155	21100	0.1214
DUNGS_p_TCGA_b84_115_SNP_N_GenomeWideSNP_6_C08_771550	9	46587	186580	22	-0.4366
DUNGS_p_TCGA_b84_115_SNP_N_GenomeWideSNP_6_C08_771550	9	192129	811548	772	0.1554
DUNGS_p_TCGA_b84_115_SNP_N_GenomeWideSNP_6_C08_771550	9	811618	985979	173	0.427
DUNGS_p_TCGA_b84_115_SNP_N_GenomeWideSNP_6_C08_771550	9	986085	6695986	5431	0.1601
DUNGS_p_TCGA_b84_115_SNP_N_GenomeWideSNP_6_C08_771550	9	6701145	6708357	7	-0.8009
DUNGS_p_TCGA_b84_115_SNP_N_GenomeWideSNP_6_C08_771550	9	6712314	9814116	2979	0.1477
DUNGS_p_TCGA_b84_115_SNP_N_GenomeWideSNP_6_C08_771550	9	9816023	9819729	8	0.9308
DUNGS_p_TCGA_b84_115_SNP_N_GenomeWideSNP_6_C08_771550	9	9819733	24503816	11897	0.15
DUNGS_p_TCGA_b84_115_SNP_N_GenomeWideSNP_6_C08_771550	9	24504125	24519951	23	-0.3965
DUNGS_p_TCGA_b84_115_SNP_N_GenomeWideSNP_6_C08_771550	9	24520084	39313820	9995	0.1488
DUNGS_p_TCGA_b84_115_SNP_N_GenomeWideSNP_6_C08_771550	9	39314082	39330183	9	-0.5112
DUNGS_p_TCGA_b84_115_SNP_N_GenomeWideSNP_6_C08_771550	9	39330197	43583463	116	0.107
DUNGS_p_TCGA_b84_115_SNP_N_GenomeWideSNP_6_C08_771550	9	43602726	44170440	38	-0.3602
DUNGS_p_TCGA_b84_115_SNP_N_GenomeWideSNP_6_C08_771550	9	44172678	44244880	20	0.1282
DUNGS_p_TCGA_b84_115_SNP_N_GenomeWideSNP_6_C08_771550	9	44250853	44255886	4	1.1674
DUNGS_p_TCGA_b84_115_SNP_N_GenomeWideSNP_6_C08_771550	9	44259163	44424451	12	0.3138
DUNGS_p_TCGA_b84_115_SNP_N_GenomeWideSNP_6_C08_771550	9	44446136	45112376	60	-0.3482
DUNGS_p_TCGA_b84_115_SNP_N_GenomeWideSNP_6_C08_771550	9	45113522	77952486	5306	0.1433
DUNGS_p_TCGA_b84_115_SNP_N_GenomeWideSNP_6_C08_771550	9	77952595	77956358	3	-0.992
DUNGS_p_TCGA_b84_115_SNP_N_GenomeWideSNP_6_C08_771550	9	77965818	94402206	11999	0.1393
DUNGS_p_TCGA_b84_115_SNP_N_GenomeWideSNP_6_C08_771550	9	94402268	94403545	16	-0.7897
DUNGS_p_TCGA_b84_115_SNP_N_GenomeWideSNP_6_C08_771550	9	94403710	105671339	7292	0.14
DUNGS_p_TCGA_b84_115_SNP_N_GenomeWideSNP_6_C08_771550	9	105676720	105717550	34	0.4913
DUNGS_p_TCGA_b84_115_SNP_N_GenomeWideSNP_6_C08_771550	9	105718149	105800243	76	0.1101
DUNGS_p_TCGA_b84_115_SNP_N_GenomeWideSNP_6_C08_771550	9	105803672	105810154	7	0.7709
DUNGS_p_TCGA_b84_115_SNP_N_GenomeWideSNP_6_C08_771550	9	105812798	106796945	668	0.1471
DUNGS_p_TCGA_b84_115_SNP_N_GenomeWideSNP_6_C08_771550	9	106797388	106798706	4	1.1047
DUNGS_p_TCGA_b84_115_SNP_N_GenomeWideSNP_6_C08_771550	9	106798941	117082811	7885	0.1394
DUNGS_p_TCGA_b84_115_SNP_N_GenomeWideSNP_6_C08_771550	9	117087402	117088322	2	2.2204
DUNGS_p_TCGA_b84_115_SNP_N_GenomeWideSNP_6_C08_771550	9	117093029	141091394	15146	0.1495
DUNGS_p_TCGA_b84_115_SNP_N_GenomeWideSNP_6_C08_771550	10	72759	91732	4	-0.3522
DUNGS_p_TCGA_b84_115_SNP_N_GenomeWideSNP_6_C08_771550	10	104198	15449604	13040	0.1243
DUNGS_p_TCGA_b84_115_SNP_N_GenomeWideSNP_6_C08_771550	10	15454215	18121033	1866	0.4447
DUNGS_p_TCGA_b84_115_SNP_N_GenomeWideSNP_6_C08_771550	10	18128247	24377674	4354	0.1158
DUNGS_p_TCGA_b84_115_SNP_N_GenomeWideSNP_6_C08_771550	10	24377675	24378054	10	0.9439
DUNGS_p_TCGA_b84_115_SNP_N_GenomeWideSNP_6_C08_771550	10	24378908	27228350	2003	0.1075
DUNGS_p_TCGA_b84_115_SNP_N_GenomeWideSNP_6_C08_771550	10	27228421	27230675	6	-0.7831
DUNGS_p_TCGA_b84_115_SNP_N_GenomeWideSNP_6_C08_771550	10	27230737	42652785	7956	0.1195
DUNGS_p_TCGA_b84_115_SNP_N_GenomeWideSNP_6_C08_771550	10	42654802	42720673	13	-0.9475
DUNGS_p_TCGA_b84_115_SNP_N_GenomeWideSNP_6_C08_771550	10	42747705	47003704	2424	-0.302
DUNGS_p_TCGA_b84_115_SNP_N_GenomeWideSNP_6_C08_771550	10	47006369	47055711	18	0.0593
DUNGS_p_TCGA_b84_115_SNP_N_GenomeWideSNP_6_C08_771550	10	47058792	47067426	27	0.4697
DUNGS_p_TCGA_b84_115_SNP_N_GenomeWideSNP_6_C08_771550	10	47067481	47370368	64	-0.0012
DUNGS_p_TCGA_b84_115_SNP_N_GenomeWideSNP_6_C08_771550	10	47392332	49212828	508	-0.3317
DUNGS_p_TCGA_b84_115_SNP_N_GenomeWideSNP_6_C08_771550	10	49241479	49292463	7	0.5694
DUNGS_p_TCGA_b84_115_SNP_N_GenomeWideSNP_6_C08_771550	10	49292482	51830360	1453	-0.3099
DUNGS_p_TCGA_b84_115_SNP_N_GenomeWideSNP_6_C08_771550	10	51840984	51891920	4	-1.5148
DUNGS_p_TCGA_b84_115_SNP_N_GenomeWideSNP_6_C08_771550	10	51903768	61364115	6996	-0.2903
DUNGS_p_TCGA_b84_115_SNP_N_GenomeWideSNP_6_C08_771550	10	61364130	61365264	7	-1.0928
DUNGS_p_TCGA_b84_115_SNP_N_GenomeWideSNP_6_C08_771550	10	61365482	61366264	5	0.8151
DUNGS_p_TCGA_b84_115_SNP_N_GenomeWideSNP_6_C08_771550	10	61366305	67357993	4097	-0.2922
DUNGS_p_TCGA_b84_115_SNP_N_GenomeWideSNP_6_C08_771550	10	67358741	67362269	5	-1.3759
DUNGS_p_TCGA_b84_115_SNP_N_GenomeWideSNP_6_C08_771550	10	67362320	72477324	3475	-0.2925
DUNGS_p_TCGA_b84_115_SNP_N_GenomeWideSNP_6_C08_771550	10	72477533	72485081	13	-0.828
DUNGS_p_TCGA_b84_115_SNP_N_GenomeWideSNP_6_C08_771550	10	72485180	78252851	3269	-0.2887
DUNGS_p_TCGA_b84_115_SNP_N_GenomeWideSNP_6_C08_771550	10	78257061	78257610	2	0.8188
DUNGS_p_TCGA_b84_115_SNP_N_GenomeWideSNP_6_C08_771550	10	78261267	78508542	168	-0.3473
DUNGS_p_TCGA_b84_115_SNP_N_GenomeWideSNP_6_C08_771550	10	78508617	78516594	2	0.9715
DUNGS_p_TCGA_b84_115_SNP_N_GenomeWideSNP_6_C08_771550	10	78517159	79896196	1092	-0.3105
DUNGS_p_TCGA_b84_115_SNP_N_GenomeWideSNP_6_C08_771550	10	79900039	81355072	1184	0.1306
DUNGS_p_TCGA_b84_115_SNP_N_GenomeWideSNP_6_C08_771550	10	81383874	81423379	8	0.7872
DUNGS_p_TCGA_b84_115_SNP_N_GenomeWideSNP_6_C08_771550	10	81443881	81994177	244	0.1687
DUNGS_p_TCGA_b84_115_SNP_N_GenomeWideSNP_6_C08_771550	10	81994318	81997078	2	-1.792
DUNGS_p_TCGA_b84_115_SNP_N_GenomeWideSNP_6_C08_771550	10	81997448	82885975	645	0.1279
DUNGS_p_TCGA_b84_115_SNP_N_GenomeWideSNP_6_C08_771550	10	82886431	82888153	2	1.4286
DUNGS_p_TCGA_b84_115_SNP_N_GenomeWideSNP_6_C08_771550	10	82888269	85822305	2267	0.1281
DUNGS_p_TCGA_b84_115_SNP_N_GenomeWideSNP_6_C08_771550	10	85823761	85823840	2	-1.286
DUNGS_p_TCGA_b84_115_SNP_N_GenomeWideSNP_6_C08_771550	10	85824118	99325290	8773	0.147
DUNGS_p_TCGA_b84_115_SNP_N_GenomeWideSNP_6_C08_771550	10	99328482	107670845	4968	-0.2898
DUNGS_p_TCGA_b84_115_SNP_N_GenomeWideSNP_6_C08_771550	10	107670968	107674713	11	0.2996
DUNGS_p_TCGA_b84_115_SNP_N_GenomeWideSNP_6_C08_771550	10	107678099	124638199	12455	-0.3044
DUNGS_p_TCGA_b84_115_SNP_N_GenomeWideSNP_6_C08_771550	10	124638806	124638827	2	-2.0885
DUNGS_p_TCGA_b84_115_SNP_N_GenomeWideSNP_6_C08_771550	10	124652197	135506704	7725	-0.3222
DUNGS_p_TCGA_b84_115_SNP_N_GenomeWideSNP_6_C08_771550	11	198510	198572	2	-0.6779
DUNGS_p_TCGA_b84_115_SNP_N_GenomeWideSNP_6_C08_771550	11	202179	733813	174	-0.0423
DUNGS_p_TCGA_b84_115_SNP_N_GenomeWideSNP_6_C08_771550	11	741820	743020	4	-1.0839
DUNGS_p_TCGA_b84_115_SNP_N_GenomeWideSNP_6_C08_771550	11	743813	3449438	1162	-0.0323
DUNGS_p_TCGA_b84_115_SNP_N_GenomeWideSNP_6_C08_771550	11	3449682	3513785	13	-0.5228
DUNGS_p_TCGA_b84_115_SNP_N_GenomeWideSNP_6_C08_771550	11	3522500	4232627	429	-0.045
DUNGS_p_TCGA_b84_115_SNP_N_GenomeWideSNP_6_C08_771550	11	4234524	4234727	3	-1.1478
DUNGS_p_TCGA_b84_115_SNP_N_GenomeWideSNP_6_C08_771550	11	4234748	4726440	417	-0.0535
DUNGS_p_TCGA_b84_115_SNP_N_GenomeWideSNP_6_C08_771550	11	4726618	4726891	5	-1.8346
DUNGS_p_TCGA_b84_115_SNP_N_GenomeWideSNP_6_C08_771550	11	4729134	4970367	278	-0.0409
DUNGS_p_TCGA_b84_115_SNP_N_GenomeWideSNP_6_C08_771550	11	4972005	4975705	21	-1.5033
DUNGS_p_TCGA_b84_115_SNP_N_GenomeWideSNP_6_C08_771550	11	4976257	5208018	205	-0.0321
DUNGS_p_TCGA_b84_115_SNP_N_GenomeWideSNP_6_C08_771550	11	5208174	5208499	4	0.9329
DUNGS_p_TCGA_b84_115_SNP_N_GenomeWideSNP_6_C08_771550	11	5209370	6117976	870	-0.0059
DUNGS_p_TCGA_b84_115_SNP_N_GenomeWideSNP_6_C08_771550	11	6120647	6122094	2	-2.4298
DUNGS_p_TCGA_b84_115_SNP_N_GenomeWideSNP_6_C08_771550	11	6122503	18939170	9180	-0.0212
DUNGS_p_TCGA_b84_115_SNP_N_GenomeWideSNP_6_C08_771550	11	18940093	18970705	65	0.3684
DUNGS_p_TCGA_b84_115_SNP_N_GenomeWideSNP_6_C08_771550	11	18970748	37183723	13542	-0.0342
DUNGS_p_TCGA_b84_115_SNP_N_GenomeWideSNP_6_C08_771550	11	37184980	37186451	2	1.2698
DUNGS_p_TCGA_b84_115_SNP_N_GenomeWideSNP_6_C08_771550	11	37186636	48702689	7132	-0.04
DUNGS_p_TCGA_b84_115_SNP_N_GenomeWideSNP_6_C08_771550	11	48705843	48710427	6	0.9498
DUNGS_p_TCGA_b84_115_SNP_N_GenomeWideSNP_6_C08_771550	11	48710429	49708375	398	-0.0603
DUNGS_p_TCGA_b84_115_SNP_N_GenomeWideSNP_6_C08_771550	11	49710861	49760688	30	-0.7013
DUNGS_p_TCGA_b84_115_SNP_N_GenomeWideSNP_6_C08_771550	11	49766161	51176743	371	-0.0586
DUNGS_p_TCGA_b84_115_SNP_N_GenomeWideSNP_6_C08_771550	11	51183575	51216597	12	-0.5646
DUNGS_p_TCGA_b84_115_SNP_N_GenomeWideSNP_6_C08_771550	11	51216773	54701645	130	0.0372
DUNGS_p_TCGA_b84_115_SNP_N_GenomeWideSNP_6_C08_771550	11	54720024	54935589	28	0.3299
DUNGS_p_TCGA_b84_115_SNP_N_GenomeWideSNP_6_C08_771550	11	54939088	54982211	8	-1.0505
DUNGS_p_TCGA_b84_115_SNP_N_GenomeWideSNP_6_C08_771550	11	55009475	55363340	203	-0.3144
DUNGS_p_TCGA_b84_115_SNP_N_GenomeWideSNP_6_C08_771550	11	55374032	55460683	61	0.2444
DUNGS_p_TCGA_b84_115_SNP_N_GenomeWideSNP_6_C08_771550	11	55460788	62128930	4015	-0.2796
DUNGS_p_TCGA_b84_115_SNP_N_GenomeWideSNP_6_C08_771550	11	62131017	62131660	2	-2.0605
DUNGS_p_TCGA_b84_115_SNP_N_GenomeWideSNP_6_C08_771550	11	62132076	95615765	20145	-0.3024
DUNGS_p_TCGA_b84_115_SNP_N_GenomeWideSNP_6_C08_771550	11	95620336	95620359	2	-1.8603
DUNGS_p_TCGA_b84_115_SNP_N_GenomeWideSNP_6_C08_771550	11	95624032	134944770	28307	-0.302
DUNGS_p_TCGA_b84_115_SNP_N_GenomeWideSNP_6_C08_771550	12	150442	342004	106	-0.3317
DUNGS_p_TCGA_b84_115_SNP_N_GenomeWideSNP_6_C08_771550	12	343156	347659	2	1.3574
DUNGS_p_TCGA_b84_115_SNP_N_GenomeWideSNP_6_C08_771550	12	348560	11222710	7175	-0.2925
DUNGS_p_TCGA_b84_115_SNP_N_GenomeWideSNP_6_C08_771550	12	11224689	11260275	11	-0.9198
DUNGS_p_TCGA_b84_115_SNP_N_GenomeWideSNP_6_C08_771550	12	11261335	11523565	147	-0.2039
DUNGS_p_TCGA_b84_115_SNP_N_GenomeWideSNP_6_C08_771550	12	11525485	11541029	12	0.4085
DUNGS_p_TCGA_b84_115_SNP_N_GenomeWideSNP_6_C08_771550	12	11543386	31890933	14405	-0.2882
DUNGS_p_TCGA_b84_115_SNP_N_GenomeWideSNP_6_C08_771550	12	31891056	31894350	2	1.2118
DUNGS_p_TCGA_b84_115_SNP_N_GenomeWideSNP_6_C08_771550	12	31895011	33689849	1309	-0.2773
DUNGS_p_TCGA_b84_115_SNP_N_GenomeWideSNP_6_C08_771550	12	33690391	33725095	38	0.0399
DUNGS_p_TCGA_b84_115_SNP_N_GenomeWideSNP_6_C08_771550	12	33725232	34250696	304	-0.234
DUNGS_p_TCGA_b84_115_SNP_N_GenomeWideSNP_6_C08_771550	12	34256709	34275406	12	-1.4549
DUNGS_p_TCGA_b84_115_SNP_N_GenomeWideSNP_6_C08_771550	12	34275794	37975694	241	-0.3375
DUNGS_p_TCGA_b84_115_SNP_N_GenomeWideSNP_6_C08_771550	12	37976972	38475877	94	0.0211
DUNGS_p_TCGA_b84_115_SNP_N_GenomeWideSNP_6_C08_771550	12	38478621	45905840	4696	-0.2851
DUNGS_p_TCGA_b84_115_SNP_N_GenomeWideSNP_6_C08_771550	12	45908740	45909537	2	-3.1986
DUNGS_p_TCGA_b84_115_SNP_N_GenomeWideSNP_6_C08_771550	12	45913292	58468648	7023	-0.2789
DUNGS_p_TCGA_b84_115_SNP_N_GenomeWideSNP_6_C08_771550	12	58468759	58469974	10	0.4493
DUNGS_p_TCGA_b84_115_SNP_N_GenomeWideSNP_6_C08_771550	12	58470149	90483350	20278	-0.29
DUNGS_p_TCGA_b84_115_SNP_N_GenomeWideSNP_6_C08_771550	12	90491669	90492074	7	-1.3344
DUNGS_p_TCGA_b84_115_SNP_N_GenomeWideSNP_6_C08_771550	12	90493557	128819513	25818	-0.2928
DUNGS_p_TCGA_b84_115_SNP_N_GenomeWideSNP_6_C08_771550	12	128819845	128821377	4	1.0265
DUNGS_p_TCGA_b84_115_SNP_N_GenomeWideSNP_6_C08_771550	12	128821454	129510304	608	-0.3461
DUNGS_p_TCGA_b84_115_SNP_N_GenomeWideSNP_6_C08_771550	12	129511190	129511732	2	-2.114
DUNGS_p_TCGA_b84_115_SNP_N_GenomeWideSNP_6_C08_771550	12	129515522	133778189	2847	-0.3108
DUNGS_p_TCGA_b84_115_SNP_N_GenomeWideSNP_6_C08_771550	13	19026949	20820781	908	-0.2878
DUNGS_p_TCGA_b84_115_SNP_N_GenomeWideSNP_6_C08_771550	13	20827251	20827940	2	-1.8668
DUNGS_p_TCGA_b84_115_SNP_N_GenomeWideSNP_6_C08_771550	13	20832547	20974135	137	-0.2558
DUNGS_p_TCGA_b84_115_SNP_N_GenomeWideSNP_6_C08_771550	13	20974266	20974910	3	-1.6057
DUNGS_p_TCGA_b84_115_SNP_N_GenomeWideSNP_6_C08_771550	13	20975113	23629187	1849	-0.2975
DUNGS_p_TCGA_b84_115_SNP_N_GenomeWideSNP_6_C08_771550	13	23629210	23633004	7	-1.1236
DUNGS_p_TCGA_b84_115_SNP_N_GenomeWideSNP_6_C08_771550	13	23633131	23633515	6	-3.2862
DUNGS_p_TCGA_b84_115_SNP_N_GenomeWideSNP_6_C08_771550	13	23638195	25029083	1134	-0.2704
DUNGS_p_TCGA_b84_115_SNP_N_GenomeWideSNP_6_C08_771550	13	25029295	25029373	2	0.8916
DUNGS_p_TCGA_b84_115_SNP_N_GenomeWideSNP_6_C08_771550	13	25029388	31115264	4508	-0.3047
DUNGS_p_TCGA_b84_115_SNP_N_GenomeWideSNP_6_C08_771550	13	31118192	31119726	3	-1.3865
DUNGS_p_TCGA_b84_115_SNP_N_GenomeWideSNP_6_C08_771550	13	31124651	38070370	5019	-0.2987
DUNGS_p_TCGA_b84_115_SNP_N_GenomeWideSNP_6_C08_771550	13	38071135	38084757	17	0.4668
DUNGS_p_TCGA_b84_115_SNP_N_GenomeWideSNP_6_C08_771550	13	38088330	39052811	701	-0.2809
DUNGS_p_TCGA_b84_115_SNP_N_GenomeWideSNP_6_C08_771550	13	39057572	39065233	4	0.8624
DUNGS_p_TCGA_b84_115_SNP_N_GenomeWideSNP_6_C08_771550	13	39066489	49547975	7346	-0.2878
DUNGS_p_TCGA_b84_115_SNP_N_GenomeWideSNP_6_C08_771550	13	49548833	57758626	4509	0.1448
DUNGS_p_TCGA_b84_115_SNP_N_GenomeWideSNP_6_C08_771550	13	57763147	57789714	30	0.4418
DUNGS_p_TCGA_b84_115_SNP_N_GenomeWideSNP_6_C08_771550	13	57790009	64355368	3886	0.1238
DUNGS_p_TCGA_b84_115_SNP_N_GenomeWideSNP_6_C08_771550	13	64358458	64362851	4	1.0605
DUNGS_p_TCGA_b84_115_SNP_N_GenomeWideSNP_6_C08_771550	13	64362882	64606967	151	0.1408
DUNGS_p_TCGA_b84_115_SNP_N_GenomeWideSNP_6_C08_771550	13	64607377	64612388	2	1.8428
DUNGS_p_TCGA_b84_115_SNP_N_GenomeWideSNP_6_C08_771550	13	64612976	69242255	2863	0.133
DUNGS_p_TCGA_b84_115_SNP_N_GenomeWideSNP_6_C08_771550	13	69248299	69248557	3	-1.0765
DUNGS_p_TCGA_b84_115_SNP_N_GenomeWideSNP_6_C08_771550	13	69248630	69259015	14	-0.0547
DUNGS_p_TCGA_b84_115_SNP_N_GenomeWideSNP_6_C08_771550	13	69259214	69264536	18	-0.8448
DUNGS_p_TCGA_b84_115_SNP_N_GenomeWideSNP_6_C08_771550	13	69264633	72476988	2070	0.1391
DUNGS_p_TCGA_b84_115_SNP_N_GenomeWideSNP_6_C08_771550	13	72477555	72480556	4	-2.1841
DUNGS_p_TCGA_b84_115_SNP_N_GenomeWideSNP_6_C08_771550	13	72480605	78711996	4450	0.1398
DUNGS_p_TCGA_b84_115_SNP_N_GenomeWideSNP_6_C08_771550	13	78714858	78715400	3	-1.3629
DUNGS_p_TCGA_b84_115_SNP_N_GenomeWideSNP_6_C08_771550	13	78716024	106249821	18483	0.1311
DUNGS_p_TCGA_b84_115_SNP_N_GenomeWideSNP_6_C08_771550	13	106249855	106256067	2	-1.1246
DUNGS_p_TCGA_b84_115_SNP_N_GenomeWideSNP_6_C08_771550	13	106256198	106381523	83	0.1545
DUNGS_p_TCGA_b84_115_SNP_N_GenomeWideSNP_6_C08_771550	13	106381879	106382965	2	1.2452
DUNGS_p_TCGA_b84_115_SNP_N_GenomeWideSNP_6_C08_771550	13	106385740	115108397	6154	0.2224
DUNGS_p_TCGA_b84_115_SNP_N_GenomeWideSNP_6_C08_771550	14	19002124	19191718	19	-0.4061
DUNGS_p_TCGA_b84_115_SNP_N_GenomeWideSNP_6_C08_771550	14	19273625	19689317	29	0.3395
DUNGS_p_TCGA_b84_115_SNP_N_GenomeWideSNP_6_C08_771550	14	19693231	19693249	2	-2.5797
DUNGS_p_TCGA_b84_115_SNP_N_GenomeWideSNP_6_C08_771550	14	19697885	22466734	1565	0.1597
DUNGS_p_TCGA_b84_115_SNP_N_GenomeWideSNP_6_C08_771550	14	22466884	22473714	3	1.5671
DUNGS_p_TCGA_b84_115_SNP_N_GenomeWideSNP_6_C08_771550	14	22475991	26783913	2951	0.1543
DUNGS_p_TCGA_b84_115_SNP_N_GenomeWideSNP_6_C08_771550	14	26783914	26783918	5	1.3927
DUNGS_p_TCGA_b84_115_SNP_N_GenomeWideSNP_6_C08_771550	14	26784913	39308154	7829	0.1366
DUNGS_p_TCGA_b84_115_SNP_N_GenomeWideSNP_6_C08_771550	14	39309279	41610496	1446	-0.2972
DUNGS_p_TCGA_b84_115_SNP_N_GenomeWideSNP_6_C08_771550	14	41610690	41657349	14	0.4386
DUNGS_p_TCGA_b84_115_SNP_N_GenomeWideSNP_6_C08_771550	14	41670102	63934952	14170	-0.289
DUNGS_p_TCGA_b84_115_SNP_N_GenomeWideSNP_6_C08_771550	14	63935743	63937645	2	-2.2283
DUNGS_p_TCGA_b84_115_SNP_N_GenomeWideSNP_6_C08_771550	14	63937710	84504068	13314	-0.2983
DUNGS_p_TCGA_b84_115_SNP_N_GenomeWideSNP_6_C08_771550	14	84504107	84504812	2	1.42
DUNGS_p_TCGA_b84_115_SNP_N_GenomeWideSNP_6_C08_771550	14	84505025	85565295	641	-0.3085
DUNGS_p_TCGA_b84_115_SNP_N_GenomeWideSNP_6_C08_771550	14	85565426	85565800	4	0.7057
DUNGS_p_TCGA_b84_115_SNP_N_GenomeWideSNP_6_C08_771550	14	85565964	93611243	5250	-0.297
DUNGS_p_TCGA_b84_115_SNP_N_GenomeWideSNP_6_C08_771550	14	93611535	93612663	3	-2.3189
DUNGS_p_TCGA_b84_115_SNP_N_GenomeWideSNP_6_C08_771550	14	93613913	106342902	7904	-0.3102
DUNGS_p_TCGA_b84_115_SNP_N_GenomeWideSNP_6_C08_771550	14	106342932	106401518	10	0.3819
DUNGS_p_TCGA_b84_115_SNP_N_GenomeWideSNP_6_C08_771550	14	106401676	106530364	48	-0.368
DUNGS_p_TCGA_b84_115_SNP_N_GenomeWideSNP_6_C08_771550	14	106530687	106567100	17	0.5792
DUNGS_p_TCGA_b84_115_SNP_N_GenomeWideSNP_6_C08_771550	14	106569463	106715489	66	-0.3576
DUNGS_p_TCGA_b84_115_SNP_N_GenomeWideSNP_6_C08_771550	14	106717356	106727469	8	-0.9754
DUNGS_p_TCGA_b84_115_SNP_N_GenomeWideSNP_6_C08_771550	14	106728162	106783044	28	-0.1606
DUNGS_p_TCGA_b84_115_SNP_N_GenomeWideSNP_6_C08_771550	14	106796025	106802039	6	-1.2443
DUNGS_p_TCGA_b84_115_SNP_N_GenomeWideSNP_6_C08_771550	14	106802053	107285437	309	-0.2604
DUNGS_p_TCGA_b84_115_SNP_N_GenomeWideSNP_6_C08_771550	15	20016328	22042753	306	-0.197
DUNGS_p_TCGA_b84_115_SNP_N_GenomeWideSNP_6_C08_771550	15	22263557	22587474	116	0.3911
DUNGS_p_TCGA_b84_115_SNP_N_GenomeWideSNP_6_C08_771550	15	22673399	25419992	1505	-0.117
DUNGS_p_TCGA_b84_115_SNP_N_GenomeWideSNP_6_C08_771550	15	25421607	25430243	8	-1.5343
DUNGS_p_TCGA_b84_115_SNP_N_GenomeWideSNP_6_C08_771550	15	25433305	26566835	876	-0.0998
DUNGS_p_TCGA_b84_115_SNP_N_GenomeWideSNP_6_C08_771550	15	26567350	26568720	3	1.376
DUNGS_p_TCGA_b84_115_SNP_N_GenomeWideSNP_6_C08_771550	15	26574330	29235718	1503	-0.0943
DUNGS_p_TCGA_b84_115_SNP_N_GenomeWideSNP_6_C08_771550	15	29236524	29247534	16	-0.5473
DUNGS_p_TCGA_b84_115_SNP_N_GenomeWideSNP_6_C08_771550	15	29247691	30370031	770	-0.0695
DUNGS_p_TCGA_b84_115_SNP_N_GenomeWideSNP_6_C08_771550	15	30386411	30933522	116	-0.5468
DUNGS_p_TCGA_b84_115_SNP_N_GenomeWideSNP_6_C08_771550	15	30936285	32413384	1019	-0.109
DUNGS_p_TCGA_b84_115_SNP_N_GenomeWideSNP_6_C08_771550	15	32417862	32909979	99	-0.331
DUNGS_p_TCGA_b84_115_SNP_N_GenomeWideSNP_6_C08_771550	15	32914078	34731165	1498	-0.0915
DUNGS_p_TCGA_b84_115_SNP_N_GenomeWideSNP_6_C08_771550	15	34731255	34795803	50	0.2315
DUNGS_p_TCGA_b84_115_SNP_N_GenomeWideSNP_6_C08_771550	15	34800288	39698737	3533	-0.0931
DUNGS_p_TCGA_b84_115_SNP_N_GenomeWideSNP_6_C08_771550	15	39699853	39706697	3	0.9313
DUNGS_p_TCGA_b84_115_SNP_N_GenomeWideSNP_6_C08_771550	15	39707259	45344048	2771	-0.0726
DUNGS_p_TCGA_b84_115_SNP_N_GenomeWideSNP_6_C08_771550	15	45351366	45359166	3	-1.06
DUNGS_p_TCGA_b84_115_SNP_N_GenomeWideSNP_6_C08_771550	15	45360094	54194989	5678	-0.0893
DUNGS_p_TCGA_b84_115_SNP_N_GenomeWideSNP_6_C08_771550	15	54200350	54201360	2	-2.0182
DUNGS_p_TCGA_b84_115_SNP_N_GenomeWideSNP_6_C08_771550	15	54202499	58315934	2785	-0.0883
DUNGS_p_TCGA_b84_115_SNP_N_GenomeWideSNP_6_C08_771550	15	58320408	58325503	3	0.9232
DUNGS_p_TCGA_b84_115_SNP_N_GenomeWideSNP_6_C08_771550	15	58326955	65814102	5169	-0.0808
DUNGS_p_TCGA_b84_115_SNP_N_GenomeWideSNP_6_C08_771550	15	65816942	65817524	2	-2.9432
DUNGS_p_TCGA_b84_115_SNP_N_GenomeWideSNP_6_C08_771550	15	65818387	74312794	5399	-0.0893
DUNGS_p_TCGA_b84_115_SNP_N_GenomeWideSNP_6_C08_771550	15	74313973	74314061	2	-1.4701
DUNGS_p_TCGA_b84_115_SNP_N_GenomeWideSNP_6_C08_771550	15	74314144	76891241	1153	-0.0818
DUNGS_p_TCGA_b84_115_SNP_N_GenomeWideSNP_6_C08_771550	15	76891511	76892225	10	0.8746
DUNGS_p_TCGA_b84_115_SNP_N_GenomeWideSNP_6_C08_771550	15	76895064	102469040	17711	-0.092
DUNGS_p_TCGA_b84_115_SNP_N_GenomeWideSNP_6_C08_771550	16	60777	12648266	9436	0.1289
DUNGS_p_TCGA_b84_115_SNP_N_GenomeWideSNP_6_C08_771550	16	12648802	12648995	5	1.554
DUNGS_p_TCGA_b84_115_SNP_N_GenomeWideSNP_6_C08_771550	16	12650247	33300894	10823	0.1362
DUNGS_p_TCGA_b84_115_SNP_N_GenomeWideSNP_6_C08_771550	16	33304629	46491386	608	-0.2755
DUNGS_p_TCGA_b84_115_SNP_N_GenomeWideSNP_6_C08_771550	16	46497362	49011627	1233	0.1328
DUNGS_p_TCGA_b84_115_SNP_N_GenomeWideSNP_6_C08_771550	16	49011985	55796594	5246	-0.3097
DUNGS_p_TCGA_b84_115_SNP_N_GenomeWideSNP_6_C08_771550	16	55798222	55798779	3	1.2153
DUNGS_p_TCGA_b84_115_SNP_N_GenomeWideSNP_6_C08_771550	16	55804348	70839157	9069	-0.3075
DUNGS_p_TCGA_b84_115_SNP_N_GenomeWideSNP_6_C08_771550	16	70839337	71201073	142	0.0173
DUNGS_p_TCGA_b84_115_SNP_N_GenomeWideSNP_6_C08_771550	16	71202489	86095264	13277	-0.3089
DUNGS_p_TCGA_b84_115_SNP_N_GenomeWideSNP_6_C08_771550	16	86096394	90287535	2636	0.1291
DUNGS_p_TCGA_b84_115_SNP_N_GenomeWideSNP_6_C08_771550	17	526	10916233	6453	-0.2978
DUNGS_p_TCGA_b84_115_SNP_N_GenomeWideSNP_6_C08_771550	17	10916652	31693847	9829	0.1459
DUNGS_p_TCGA_b84_115_SNP_N_GenomeWideSNP_6_C08_771550	17	31695774	31697218	3	-0.8954
DUNGS_p_TCGA_b84_115_SNP_N_GenomeWideSNP_6_C08_771550	17	31697790	34451438	2133	0.1446
DUNGS_p_TCGA_b84_115_SNP_N_GenomeWideSNP_6_C08_771550	17	34451913	34456253	5	-0.6276
DUNGS_p_TCGA_b84_115_SNP_N_GenomeWideSNP_6_C08_771550	17	34456504	39421708	2565	0.1597
DUNGS_p_TCGA_b84_115_SNP_N_GenomeWideSNP_6_C08_771550	17	39423014	39430531	24	-0.9238
DUNGS_p_TCGA_b84_115_SNP_N_GenomeWideSNP_6_C08_771550	17	39432724	41426948	1109	0.1575
DUNGS_p_TCGA_b84_115_SNP_N_GenomeWideSNP_6_C08_771550	17	41432265	41439921	4	-0.7254
DUNGS_p_TCGA_b84_115_SNP_N_GenomeWideSNP_6_C08_771550	17	41443704	45755460	2059	0.1809
DUNGS_p_TCGA_b84_115_SNP_N_GenomeWideSNP_6_C08_771550	17	45755481	45755546	2	-1.1735
DUNGS_p_TCGA_b84_115_SNP_N_GenomeWideSNP_6_C08_771550	17	45763005	52861905	4279	0.1524
DUNGS_p_TCGA_b84_115_SNP_N_GenomeWideSNP_6_C08_771550	17	52864264	55117622	1801	0.4768
DUNGS_p_TCGA_b84_115_SNP_N_GenomeWideSNP_6_C08_771550	17	55118089	80956031	15026	0.1486
DUNGS_p_TCGA_b84_115_SNP_N_GenomeWideSNP_6_C08_771550	17	80958606	80975760	15	0.5569
DUNGS_p_TCGA_b84_115_SNP_N_GenomeWideSNP_6_C08_771550	17	80976461	81029209	23	0.179
DUNGS_p_TCGA_b84_115_SNP_N_GenomeWideSNP_6_C08_771550	17	81029590	81049726	6	-0.2072
DUNGS_p_TCGA_b84_115_SNP_N_GenomeWideSNP_6_C08_771550	18	11543	122470	14	-0.2863
DUNGS_p_TCGA_b84_115_SNP_N_GenomeWideSNP_6_C08_771550	18	136240	14940231	10323	0.0896
DUNGS_p_TCGA_b84_115_SNP_N_GenomeWideSNP_6_C08_771550	18	14940252	14945111	9	-0.614
DUNGS_p_TCGA_b84_115_SNP_N_GenomeWideSNP_6_C08_771550	18	14945128	18572428	131	0.0418
DUNGS_p_TCGA_b84_115_SNP_N_GenomeWideSNP_6_C08_771550	18	18573666	26187983	4646	-0.2686
DUNGS_p_TCGA_b84_115_SNP_N_GenomeWideSNP_6_C08_771550	18	26187998	26188056	2	0.9573
DUNGS_p_TCGA_b84_115_SNP_N_GenomeWideSNP_6_C08_771550	18	26191431	33297299	4422	-0.2283
DUNGS_p_TCGA_b84_115_SNP_N_GenomeWideSNP_6_C08_771550	18	33298125	33301996	2	-1.5081
DUNGS_p_TCGA_b84_115_SNP_N_GenomeWideSNP_6_C08_771550	18	33302462	38861949	3742	-0.2663
DUNGS_p_TCGA_b84_115_SNP_N_GenomeWideSNP_6_C08_771550	18	38865525	38866100	2	1.0969
DUNGS_p_TCGA_b84_115_SNP_N_GenomeWideSNP_6_C08_771550	18	38869534	65696239	18532	-0.3473
DUNGS_p_TCGA_b84_115_SNP_N_GenomeWideSNP_6_C08_771550	18	65697046	65697349	3	0.6797
DUNGS_p_TCGA_b84_115_SNP_N_GenomeWideSNP_6_C08_771550	18	65699706	70948794	3906	-0.3355
DUNGS_p_TCGA_b84_115_SNP_N_GenomeWideSNP_6_C08_771550	18	70948854	70950125	7	0.5032
DUNGS_p_TCGA_b84_115_SNP_N_GenomeWideSNP_6_C08_771550	18	70950162	78015057	5125	-0.3931
DUNGS_p_TCGA_b84_115_SNP_N_GenomeWideSNP_6_C08_771550	19	90910	9105549	3334	-0.2943
DUNGS_p_TCGA_b84_115_SNP_N_GenomeWideSNP_6_C08_771550	19	9106505	9106619	2	-2.3083
DUNGS_p_TCGA_b84_115_SNP_N_GenomeWideSNP_6_C08_771550	19	9106624	15824071	3333	-0.2644
DUNGS_p_TCGA_b84_115_SNP_N_GenomeWideSNP_6_C08_771550	19	15824942	15824943	2	1.7064
DUNGS_p_TCGA_b84_115_SNP_N_GenomeWideSNP_6_C08_771550	19	15825598	22820599	3620	-0.2828
DUNGS_p_TCGA_b84_115_SNP_N_GenomeWideSNP_6_C08_771550	19	22822228	24596750	980	-0.0164
DUNGS_p_TCGA_b84_115_SNP_N_GenomeWideSNP_6_C08_771550	19	27747993	32162757	3088	1.6012
DUNGS_p_TCGA_b84_115_SNP_N_GenomeWideSNP_6_C08_771550	19	32162875	33266160	776	1.2617
DUNGS_p_TCGA_b84_115_SNP_N_GenomeWideSNP_6_C08_771550	19	33267535	35144143	1209	0.6977
DUNGS_p_TCGA_b84_115_SNP_N_GenomeWideSNP_6_C08_771550	19	35144454	35151494	4	1.371
DUNGS_p_TCGA_b84_115_SNP_N_GenomeWideSNP_6_C08_771550	19	35152081	35855449	493	0.6378
DUNGS_p_TCGA_b84_115_SNP_N_GenomeWideSNP_6_C08_771550	19	35856043	35861669	17	0.1704
DUNGS_p_TCGA_b84_115_SNP_N_GenomeWideSNP_6_C08_771550	19	35861779	39216593	1686	0.6045
DUNGS_p_TCGA_b84_115_SNP_N_GenomeWideSNP_6_C08_771550	19	39230903	39320960	67	1.0145
DUNGS_p_TCGA_b84_115_SNP_N_GenomeWideSNP_6_C08_771550	19	39321719	39679379	166	1.3958
DUNGS_p_TCGA_b84_115_SNP_N_GenomeWideSNP_6_C08_771550	19	39682128	39777248	42	0.3368
DUNGS_p_TCGA_b84_115_SNP_N_GenomeWideSNP_6_C08_771550	19	39782272	39966490	79	1.6956
DUNGS_p_TCGA_b84_115_SNP_N_GenomeWideSNP_6_C08_771550	19	39990245	41066461	619	0.2573
DUNGS_p_TCGA_b84_115_SNP_N_GenomeWideSNP_6_C08_771550	19	41068931	41077501	4	1.1971
DUNGS_p_TCGA_b84_115_SNP_N_GenomeWideSNP_6_C08_771550	19	41079340	52131813	5457	0.2421
DUNGS_p_TCGA_b84_115_SNP_N_GenomeWideSNP_6_C08_771550	19	52142352	52148197	11	-0.9678
DUNGS_p_TCGA_b84_115_SNP_N_GenomeWideSNP_6_C08_771550	19	52154905	55326613	2073	0.2473
DUNGS_p_TCGA_b84_115_SNP_N_GenomeWideSNP_6_C08_771550	19	55330654	55348691	13	-0.8315
DUNGS_p_TCGA_b84_115_SNP_N_GenomeWideSNP_6_C08_771550	19	55360538	56282070	447	0.2337
DUNGS_p_TCGA_b84_115_SNP_N_GenomeWideSNP_6_C08_771550	19	56282369	56283067	4	-0.9047
DUNGS_p_TCGA_b84_115_SNP_N_GenomeWideSNP_6_C08_771550	19	56286293	58940514	1796	0.2446
DUNGS_p_TCGA_b84_115_SNP_N_GenomeWideSNP_6_C08_771550	19	58943408	58944375	2	-1.3408
DUNGS_p_TCGA_b84_115_SNP_N_GenomeWideSNP_6_C08_771550	19	58946056	59097854	52	0.2445
DUNGS_p_TCGA_b84_115_SNP_N_GenomeWideSNP_6_C08_771550	20	61305	22186593	17220	0.143
DUNGS_p_TCGA_b84_115_SNP_N_GenomeWideSNP_6_C08_771550	20	22186604	22186623	2	-1.1715
DUNGS_p_TCGA_b84_115_SNP_N_GenomeWideSNP_6_C08_771550	20	22187693	29598734	2902	0.1212
DUNGS_p_TCGA_b84_115_SNP_N_GenomeWideSNP_6_C08_771550	20	29598863	29609280	4	-0.7686
DUNGS_p_TCGA_b84_115_SNP_N_GenomeWideSNP_6_C08_771550	20	29612307	48782158	12012	0.0932
DUNGS_p_TCGA_b84_115_SNP_N_GenomeWideSNP_6_C08_771550	20	48782534	48792793	3	1.0749
DUNGS_p_TCGA_b84_115_SNP_N_GenomeWideSNP_6_C08_771550	20	48794917	50468041	1258	0.0933
DUNGS_p_TCGA_b84_115_SNP_N_GenomeWideSNP_6_C08_771550	20	50469479	50472596	4	0.7761
DUNGS_p_TCGA_b84_115_SNP_N_GenomeWideSNP_6_C08_771550	20	50472746	52657717	1657	0.1274
DUNGS_p_TCGA_b84_115_SNP_N_GenomeWideSNP_6_C08_771550	20	52658073	52658164	2	1.7474
DUNGS_p_TCGA_b84_115_SNP_N_GenomeWideSNP_6_C08_771550	20	52658519	61179294	6756	0.1151
DUNGS_p_TCGA_b84_115_SNP_N_GenomeWideSNP_6_C08_771550	20	61179388	61182062	2	1.9682
DUNGS_p_TCGA_b84_115_SNP_N_GenomeWideSNP_6_C08_771550	20	61183145	62956153	712	0.1407
DUNGS_p_TCGA_b84_115_SNP_N_GenomeWideSNP_6_C08_771550	21	10736871	28280513	10035	0.142
DUNGS_p_TCGA_b84_115_SNP_N_GenomeWideSNP_6_C08_771550	21	28282660	28282852	3	-1.53
DUNGS_p_TCGA_b84_115_SNP_N_GenomeWideSNP_6_C08_771550	21	28283604	48096957	14395	0.1395
DUNGS_p_TCGA_b84_115_SNP_N_GenomeWideSNP_6_C08_771550	22	16052528	16248691	38	0.063
DUNGS_p_TCGA_b84_115_SNP_N_GenomeWideSNP_6_C08_771550	22	16248706	16350807	4	-1.0263
DUNGS_p_TCGA_b84_115_SNP_N_GenomeWideSNP_6_C08_771550	22	16359993	16553466	45	0.1513
DUNGS_p_TCGA_b84_115_SNP_N_GenomeWideSNP_6_C08_771550	22	16606302	16940795	31	-0.3806
DUNGS_p_TCGA_b84_115_SNP_N_GenomeWideSNP_6_C08_771550	22	16944352	16964692	5	0.5524
DUNGS_p_TCGA_b84_115_SNP_N_GenomeWideSNP_6_C08_771550	22	16973058	18624771	1068	-0.2275
DUNGS_p_TCGA_b84_115_SNP_N_GenomeWideSNP_6_C08_771550	22	18626129	18630060	9	-1.3459
DUNGS_p_TCGA_b84_115_SNP_N_GenomeWideSNP_6_C08_771550	22	18631365	24288457	3399	-0.1764
DUNGS_p_TCGA_b84_115_SNP_N_GenomeWideSNP_6_C08_771550	22	24292264	24293856	3	-1.6219
DUNGS_p_TCGA_b84_115_SNP_N_GenomeWideSNP_6_C08_771550	22	24300797	24344422	23	-0.214
DUNGS_p_TCGA_b84_115_SNP_N_GenomeWideSNP_6_C08_771550	22	24350529	24386631	14	-1.9469
DUNGS_p_TCGA_b84_115_SNP_N_GenomeWideSNP_6_C08_771550	22	24387320	45133340	14465	-0.1978
DUNGS_p_TCGA_b84_115_SNP_N_GenomeWideSNP_6_C08_771550	22	45135806	45136635	3	-1.6869
DUNGS_p_TCGA_b84_115_SNP_N_GenomeWideSNP_6_C08_771550	22	45136906	51234455	4476	-0.2188
DUNGS_p_TCGA_b84_115_SNP_N_GenomeWideSNP_6_C08_771550	X	168477	55701259	32349	0.0118
DUNGS_p_TCGA_b84_115_SNP_N_GenomeWideSNP_6_C08_771550	X	55702659	55707556	3	-1.5746
DUNGS_p_TCGA_b84_115_SNP_N_GenomeWideSNP_6_C08_771550	X	55707686	58496485	1334	-0.0274
DUNGS_p_TCGA_b84_115_SNP_N_GenomeWideSNP_6_C08_771550	X	58503957	61923828	18	0.4949
DUNGS_p_TCGA_b84_115_SNP_N_GenomeWideSNP_6_C08_771550	X	61932764	69167355	3297	-0.02
DUNGS_p_TCGA_b84_115_SNP_N_GenomeWideSNP_6_C08_771550	X	69168243	69168733	2	-6.0355
DUNGS_p_TCGA_b84_115_SNP_N_GenomeWideSNP_6_C08_771550	X	69174227	76437473	3186	-0.006
DUNGS_p_TCGA_b84_115_SNP_N_GenomeWideSNP_6_C08_771550	X	76471935	76473278	2	-1.7465
DUNGS_p_TCGA_b84_115_SNP_N_GenomeWideSNP_6_C08_771550	X	76476301	87747348	6195	-0.0123
DUNGS_p_TCGA_b84_115_SNP_N_GenomeWideSNP_6_C08_771550	X	87747379	87748677	2	-1.7458
DUNGS_p_TCGA_b84_115_SNP_N_GenomeWideSNP_6_C08_771550	X	87750435	90173807	1024	-0.02
DUNGS_p_TCGA_b84_115_SNP_N_GenomeWideSNP_6_C08_771550	X	90175290	90185904	4	-1.018
DUNGS_p_TCGA_b84_115_SNP_N_GenomeWideSNP_6_C08_771550	X	90191422	90683065	252	-0.0974
DUNGS_p_TCGA_b84_115_SNP_N_GenomeWideSNP_6_C08_771550	X	90685686	90691517	7	0.8096
DUNGS_p_TCGA_b84_115_SNP_N_GenomeWideSNP_6_C08_771550	X	90692086	96696064	3277	-0.0072
DUNGS_p_TCGA_b84_115_SNP_N_GenomeWideSNP_6_C08_771550	X	96696923	96843205	64	-0.3194
DUNGS_p_TCGA_b84_115_SNP_N_GenomeWideSNP_6_C08_771550	X	96845243	115966093	10358	0.0032
DUNGS_p_TCGA_b84_115_SNP_N_GenomeWideSNP_6_C08_771550	X	115971146	115971682	3	-1.3542
DUNGS_p_TCGA_b84_115_SNP_N_GenomeWideSNP_6_C08_771550	X	115972315	116075799	63	0.0041
DUNGS_p_TCGA_b84_115_SNP_N_GenomeWideSNP_6_C08_771550	X	116083441	116083766	2	-1.6113
DUNGS_p_TCGA_b84_115_SNP_N_GenomeWideSNP_6_C08_771550	X	116084568	125198083	5473	0.006
DUNGS_p_TCGA_b84_115_SNP_N_GenomeWideSNP_6_C08_771550	X	125198581	125200182	3	-1.2611
DUNGS_p_TCGA_b84_115_SNP_N_GenomeWideSNP_6_C08_771550	X	125201670	134915412	5312	0.0114
DUNGS_p_TCGA_b84_115_SNP_N_GenomeWideSNP_6_C08_771550	X	134929686	134947387	2	-2.3017
DUNGS_p_TCGA_b84_115_SNP_N_GenomeWideSNP_6_C08_771550	X	134947830	134987466	19	-0.038
DUNGS_p_TCGA_b84_115_SNP_N_GenomeWideSNP_6_C08_771550	X	134987819	134991078	5	1.0479
DUNGS_p_TCGA_b84_115_SNP_N_GenomeWideSNP_6_C08_771550	X	134992672	140022202	3124	-0.0147
DUNGS_p_TCGA_b84_115_SNP_N_GenomeWideSNP_6_C08_771550	X	140025086	140025173	2	1.4958
DUNGS_p_TCGA_b84_115_SNP_N_GenomeWideSNP_6_C08_771550	X	140026407	145454603	3662	-0.0135
DUNGS_p_TCGA_b84_115_SNP_N_GenomeWideSNP_6_C08_771550	X	145454817	145455245	2	-2.1588
DUNGS_p_TCGA_b84_115_SNP_N_GenomeWideSNP_6_C08_771550	X	145455270	155182354	5616	0.006
DUNGS_p_TCGA_b84_115_SNP_N_GenomeWideSNP_6_C08_771550	Y	2650438	9170545	2449	-0.749
DUNGS_p_TCGA_b84_115_SNP_N_GenomeWideSNP_6_C08_771550	Y	9171678	9387994	20	-1.3153
DUNGS_p_TCGA_b84_115_SNP_N_GenomeWideSNP_6_C08_771550	Y	9388262	22262565	4370	-0.7335
DUNGS_p_TCGA_b84_115_SNP_N_GenomeWideSNP_6_C08_771550	Y	22266589	22312733	6	-1.7572
DUNGS_p_TCGA_b84_115_SNP_N_GenomeWideSNP_6_C08_771550	Y	22466083	22572702	18	-0.9203
DUNGS_p_TCGA_b84_115_SNP_N_GenomeWideSNP_6_C08_771550	Y	22573155	22590681	8	-0.0276
DUNGS_p_TCGA_b84_115_SNP_N_GenomeWideSNP_6_C08_771550	Y	22594164	24443666	705	-0.8016
DUNGS_p_TCGA_b84_115_SNP_N_GenomeWideSNP_6_C08_771550	Y	24449235	24464983	8	-0.0594
DUNGS_p_TCGA_b84_115_SNP_N_GenomeWideSNP_6_C08_771550	Y	24465374	28782093	1045	-0.9108
DUNGS_p_TCGA_b84_115_SNP_N_GenomeWideSNP_6_C08_771550	Y	28782783	59018259	6	-0.4296
