Sample	Chromosome	Start	End	Num_Probes	Segment_Mean
DUNGS_p_TCGA_b84_115_SNP_N_GenomeWideSNP_6_C04_771582	1	3218610	63606631	33517	-0.2968
DUNGS_p_TCGA_b84_115_SNP_N_GenomeWideSNP_6_C04_771582	1	63611326	63640514	25	-0.9145
DUNGS_p_TCGA_b84_115_SNP_N_GenomeWideSNP_6_C04_771582	1	63642406	64055570	230	0.697
DUNGS_p_TCGA_b84_115_SNP_N_GenomeWideSNP_6_C04_771582	1	64062229	64132876	63	0.2462
DUNGS_p_TCGA_b84_115_SNP_N_GenomeWideSNP_6_C04_771582	1	64133314	64141924	6	-3.0894
DUNGS_p_TCGA_b84_115_SNP_N_GenomeWideSNP_6_C04_771582	1	64146482	68729584	3395	0.1817
DUNGS_p_TCGA_b84_115_SNP_N_GenomeWideSNP_6_C04_771582	1	68729726	69477662	425	0.6257
DUNGS_p_TCGA_b84_115_SNP_N_GenomeWideSNP_6_C04_771582	1	69480158	76472027	3765	0.0913
DUNGS_p_TCGA_b84_115_SNP_N_GenomeWideSNP_6_C04_771582	1	76485133	76576837	110	-0.2662
DUNGS_p_TCGA_b84_115_SNP_N_GenomeWideSNP_6_C04_771582	1	76577063	76579970	2	0.7178
DUNGS_p_TCGA_b84_115_SNP_N_GenomeWideSNP_6_C04_771582	1	76580230	77831512	817	-0.2697
DUNGS_p_TCGA_b84_115_SNP_N_GenomeWideSNP_6_C04_771582	1	77833083	79310772	797	0.4817
DUNGS_p_TCGA_b84_115_SNP_N_GenomeWideSNP_6_C04_771582	1	79319633	89397860	6342	0.0012
DUNGS_p_TCGA_b84_115_SNP_N_GenomeWideSNP_6_C04_771582	1	89399403	95825030	3902	-0.3132
DUNGS_p_TCGA_b84_115_SNP_N_GenomeWideSNP_6_C04_771582	1	95827736	95830430	7	0.2518
DUNGS_p_TCGA_b84_115_SNP_N_GenomeWideSNP_6_C04_771582	1	95831496	95845618	8	-0.4272
DUNGS_p_TCGA_b84_115_SNP_N_GenomeWideSNP_6_C04_771582	1	95849089	95956363	70	0.1252
DUNGS_p_TCGA_b84_115_SNP_N_GenomeWideSNP_6_C04_771582	1	95959539	96715836	463	-0.3414
DUNGS_p_TCGA_b84_115_SNP_N_GenomeWideSNP_6_C04_771582	1	96718961	96719458	3	-1.5756
DUNGS_p_TCGA_b84_115_SNP_N_GenomeWideSNP_6_C04_771582	1	96723370	97696437	554	-0.3618
DUNGS_p_TCGA_b84_115_SNP_N_GenomeWideSNP_6_C04_771582	1	97696711	98173284	285	0.096
DUNGS_p_TCGA_b84_115_SNP_N_GenomeWideSNP_6_C04_771582	1	98178315	101482538	1982	-0.3459
DUNGS_p_TCGA_b84_115_SNP_N_GenomeWideSNP_6_C04_771582	1	101483512	105305757	1904	0.0739
DUNGS_p_TCGA_b84_115_SNP_N_GenomeWideSNP_6_C04_771582	1	105394215	120527361	9159	-0.3267
DUNGS_p_TCGA_b84_115_SNP_N_GenomeWideSNP_6_C04_771582	1	149879545	206173925	34487	0.3451
DUNGS_p_TCGA_b84_115_SNP_N_GenomeWideSNP_6_C04_771582	1	206174681	206183489	4	-0.3334
DUNGS_p_TCGA_b84_115_SNP_N_GenomeWideSNP_6_C04_771582	1	206185294	206994855	352	0.2855
DUNGS_p_TCGA_b84_115_SNP_N_GenomeWideSNP_6_C04_771582	1	206997328	206998706	3	-0.5554
DUNGS_p_TCGA_b84_115_SNP_N_GenomeWideSNP_6_C04_771582	1	207001827	211920560	3574	0.2697
DUNGS_p_TCGA_b84_115_SNP_N_GenomeWideSNP_6_C04_771582	1	211923435	211923450	2	-1.7085
DUNGS_p_TCGA_b84_115_SNP_N_GenomeWideSNP_6_C04_771582	1	211925594	245894318	22276	0.2715
DUNGS_p_TCGA_b84_115_SNP_N_GenomeWideSNP_6_C04_771582	1	245898111	245943995	55	0.5664
DUNGS_p_TCGA_b84_115_SNP_N_GenomeWideSNP_6_C04_771582	1	245944439	246136870	156	0.2811
DUNGS_p_TCGA_b84_115_SNP_N_GenomeWideSNP_6_C04_771582	1	246142620	246149378	8	0.8474
DUNGS_p_TCGA_b84_115_SNP_N_GenomeWideSNP_6_C04_771582	1	246149686	246173205	17	0.4978
DUNGS_p_TCGA_b84_115_SNP_N_GenomeWideSNP_6_C04_771582	1	246174220	247813706	436	0.2539
DUNGS_p_TCGA_b84_115_SNP_N_GenomeWideSNP_6_C04_771582	2	484222	8729025	4944	0.4205
DUNGS_p_TCGA_b84_115_SNP_N_GenomeWideSNP_6_C04_771582	2	8731158	8731220	2	-0.5565
DUNGS_p_TCGA_b84_115_SNP_N_GenomeWideSNP_6_C04_771582	2	8736420	65778390	32980	0.4157
DUNGS_p_TCGA_b84_115_SNP_N_GenomeWideSNP_6_C04_771582	2	65779186	65781225	2	-0.6234
DUNGS_p_TCGA_b84_115_SNP_N_GenomeWideSNP_6_C04_771582	2	65782395	79719943	7844	0.408
DUNGS_p_TCGA_b84_115_SNP_N_GenomeWideSNP_6_C04_771582	2	79722284	79722297	2	-0.7136
DUNGS_p_TCGA_b84_115_SNP_N_GenomeWideSNP_6_C04_771582	2	79723453	115134323	14298	0.4105
DUNGS_p_TCGA_b84_115_SNP_N_GenomeWideSNP_6_C04_771582	2	115136447	120886697	2978	0.0543
DUNGS_p_TCGA_b84_115_SNP_N_GenomeWideSNP_6_C04_771582	2	120891076	120891969	3	-0.5564
DUNGS_p_TCGA_b84_115_SNP_N_GenomeWideSNP_6_C04_771582	2	120894452	123881216	1876	0.0843
DUNGS_p_TCGA_b84_115_SNP_N_GenomeWideSNP_6_C04_771582	2	123883938	123891059	6	-0.6683
DUNGS_p_TCGA_b84_115_SNP_N_GenomeWideSNP_6_C04_771582	2	123892699	235659913	62385	0.0502
DUNGS_p_TCGA_b84_115_SNP_N_GenomeWideSNP_6_C04_771582	2	235660352	235660357	2	-1.0758
DUNGS_p_TCGA_b84_115_SNP_N_GenomeWideSNP_6_C04_771582	2	235660873	242476062	4039	0.0914
DUNGS_p_TCGA_b84_115_SNP_N_GenomeWideSNP_6_C04_771582	3	2212571	58095558	32383	-0.3174
DUNGS_p_TCGA_b84_115_SNP_N_GenomeWideSNP_6_C04_771582	3	58095948	58097396	2	-1.9652
DUNGS_p_TCGA_b84_115_SNP_N_GenomeWideSNP_6_C04_771582	3	58098444	133541774	41131	-0.3316
DUNGS_p_TCGA_b84_115_SNP_N_GenomeWideSNP_6_C04_771582	3	133543794	133543917	2	-1.4981
DUNGS_p_TCGA_b84_115_SNP_N_GenomeWideSNP_6_C04_771582	3	133546067	148310501	7471	-0.339
DUNGS_p_TCGA_b84_115_SNP_N_GenomeWideSNP_6_C04_771582	3	148313072	148313131	2	-1.5122
DUNGS_p_TCGA_b84_115_SNP_N_GenomeWideSNP_6_C04_771582	3	148314155	165021836	8868	-0.3366
DUNGS_p_TCGA_b84_115_SNP_N_GenomeWideSNP_6_C04_771582	3	165022274	165022914	2	-1.4562
DUNGS_p_TCGA_b84_115_SNP_N_GenomeWideSNP_6_C04_771582	3	165030679	181048013	8123	-0.337
DUNGS_p_TCGA_b84_115_SNP_N_GenomeWideSNP_6_C04_771582	3	181048738	181055378	7	-0.7308
DUNGS_p_TCGA_b84_115_SNP_N_GenomeWideSNP_6_C04_771582	3	181056343	181580313	248	-0.3006
DUNGS_p_TCGA_b84_115_SNP_N_GenomeWideSNP_6_C04_771582	3	181581174	181589910	5	-1.0225
DUNGS_p_TCGA_b84_115_SNP_N_GenomeWideSNP_6_C04_771582	3	181590598	197538677	8184	-0.3117
DUNGS_p_TCGA_b84_115_SNP_N_GenomeWideSNP_6_C04_771582	4	1053934	9671023	4303	-0.275
DUNGS_p_TCGA_b84_115_SNP_N_GenomeWideSNP_6_C04_771582	4	9672688	13818881	3091	0.1616
DUNGS_p_TCGA_b84_115_SNP_N_GenomeWideSNP_6_C04_771582	4	13825610	13842625	15	-0.286
DUNGS_p_TCGA_b84_115_SNP_N_GenomeWideSNP_6_C04_771582	4	13843744	16184793	1780	0.1235
DUNGS_p_TCGA_b84_115_SNP_N_GenomeWideSNP_6_C04_771582	4	16189201	21755706	3651	1.0865
DUNGS_p_TCGA_b84_115_SNP_N_GenomeWideSNP_6_C04_771582	4	21759157	23703968	1168	0.1136
DUNGS_p_TCGA_b84_115_SNP_N_GenomeWideSNP_6_C04_771582	4	23707836	27785157	2702	1.2364
DUNGS_p_TCGA_b84_115_SNP_N_GenomeWideSNP_6_C04_771582	4	27790868	30953547	1968	0.071
DUNGS_p_TCGA_b84_115_SNP_N_GenomeWideSNP_6_C04_771582	4	30954027	53721865	10036	0.4208
DUNGS_p_TCGA_b84_115_SNP_N_GenomeWideSNP_6_C04_771582	4	53725023	83914731	16990	0.1005
DUNGS_p_TCGA_b84_115_SNP_N_GenomeWideSNP_6_C04_771582	4	83917366	83917466	2	-0.9537
DUNGS_p_TCGA_b84_115_SNP_N_GenomeWideSNP_6_C04_771582	4	83926989	136421205	28601	0.094
DUNGS_p_TCGA_b84_115_SNP_N_GenomeWideSNP_6_C04_771582	4	136425175	137168189	381	-0.3687
DUNGS_p_TCGA_b84_115_SNP_N_GenomeWideSNP_6_C04_771582	4	137168762	188763651	28106	0.0771
DUNGS_p_TCGA_b84_115_SNP_N_GenomeWideSNP_6_C04_771582	5	914233	9204172	6004	0.3886
DUNGS_p_TCGA_b84_115_SNP_N_GenomeWideSNP_6_C04_771582	5	9205549	9205700	5	-0.3081
DUNGS_p_TCGA_b84_115_SNP_N_GenomeWideSNP_6_C04_771582	5	9214028	9530028	218	0.3672
DUNGS_p_TCGA_b84_115_SNP_N_GenomeWideSNP_6_C04_771582	5	9530323	10962227	910	0.0749
DUNGS_p_TCGA_b84_115_SNP_N_GenomeWideSNP_6_C04_771582	5	10962734	52069314	19928	0.3839
DUNGS_p_TCGA_b84_115_SNP_N_GenomeWideSNP_6_C04_771582	5	52069422	52069435	2	-0.6732
DUNGS_p_TCGA_b84_115_SNP_N_GenomeWideSNP_6_C04_771582	5	52069497	61296816	5853	0.4146
DUNGS_p_TCGA_b84_115_SNP_N_GenomeWideSNP_6_C04_771582	5	61296931	64618684	1469	0.0694
DUNGS_p_TCGA_b84_115_SNP_N_GenomeWideSNP_6_C04_771582	5	64622010	66389788	1178	0.3939
DUNGS_p_TCGA_b84_115_SNP_N_GenomeWideSNP_6_C04_771582	5	66390574	68740653	1502	0.0942
DUNGS_p_TCGA_b84_115_SNP_N_GenomeWideSNP_6_C04_771582	5	70661208	79686834	5549	0.4077
DUNGS_p_TCGA_b84_115_SNP_N_GenomeWideSNP_6_C04_771582	5	79687406	126457615	25223	0.0931
DUNGS_p_TCGA_b84_115_SNP_N_GenomeWideSNP_6_C04_771582	5	126458126	126458317	2	-1.0702
DUNGS_p_TCGA_b84_115_SNP_N_GenomeWideSNP_6_C04_771582	5	126463639	148835789	13185	0.1199
DUNGS_p_TCGA_b84_115_SNP_N_GenomeWideSNP_6_C04_771582	5	148836628	157529227	5669	-0.341
DUNGS_p_TCGA_b84_115_SNP_N_GenomeWideSNP_6_C04_771582	5	157529364	157530244	2	0.9348
DUNGS_p_TCGA_b84_115_SNP_N_GenomeWideSNP_6_C04_771582	5	157533434	180360469	13854	-0.3397
DUNGS_p_TCGA_b84_115_SNP_N_GenomeWideSNP_6_C04_771582	6	1014281	2237479	926	0.4947
DUNGS_p_TCGA_b84_115_SNP_N_GenomeWideSNP_6_C04_771582	6	2239102	3004533	607	0.1775
DUNGS_p_TCGA_b84_115_SNP_N_GenomeWideSNP_6_C04_771582	6	3006807	3014613	9	-0.209
DUNGS_p_TCGA_b84_115_SNP_N_GenomeWideSNP_6_C04_771582	6	3015009	4910473	1191	0.2157
DUNGS_p_TCGA_b84_115_SNP_N_GenomeWideSNP_6_C04_771582	6	4911436	5304475	343	-0.205
DUNGS_p_TCGA_b84_115_SNP_N_GenomeWideSNP_6_C04_771582	6	5304851	5411645	37	0.2352
DUNGS_p_TCGA_b84_115_SNP_N_GenomeWideSNP_6_C04_771582	6	5414250	6568762	936	0.4981
DUNGS_p_TCGA_b84_115_SNP_N_GenomeWideSNP_6_C04_771582	6	6569022	7738931	882	0.2021
DUNGS_p_TCGA_b84_115_SNP_N_GenomeWideSNP_6_C04_771582	6	7738959	8067574	276	-0.2092
DUNGS_p_TCGA_b84_115_SNP_N_GenomeWideSNP_6_C04_771582	6	8067754	8756005	480	0.1946
DUNGS_p_TCGA_b84_115_SNP_N_GenomeWideSNP_6_C04_771582	6	8759710	12261723	2358	0.4972
DUNGS_p_TCGA_b84_115_SNP_N_GenomeWideSNP_6_C04_771582	6	12261921	16196759	2722	0.1942
DUNGS_p_TCGA_b84_115_SNP_N_GenomeWideSNP_6_C04_771582	6	16200968	16201175	2	-0.7825
DUNGS_p_TCGA_b84_115_SNP_N_GenomeWideSNP_6_C04_771582	6	16203561	50892728	19146	0.1905
DUNGS_p_TCGA_b84_115_SNP_N_GenomeWideSNP_6_C04_771582	6	50893251	50893291	2	1.3841
DUNGS_p_TCGA_b84_115_SNP_N_GenomeWideSNP_6_C04_771582	6	50899273	62234537	4007	0.1767
DUNGS_p_TCGA_b84_115_SNP_N_GenomeWideSNP_6_C04_771582	6	62236967	65679245	1635	0.4332
DUNGS_p_TCGA_b84_115_SNP_N_GenomeWideSNP_6_C04_771582	6	65680005	72305860	3731	-0.3745
DUNGS_p_TCGA_b84_115_SNP_N_GenomeWideSNP_6_C04_771582	6	72312071	72312268	2	-1.86
DUNGS_p_TCGA_b84_115_SNP_N_GenomeWideSNP_6_C04_771582	6	72315440	87346865	8377	-0.3485
DUNGS_p_TCGA_b84_115_SNP_N_GenomeWideSNP_6_C04_771582	6	87346983	87351573	4	-2.839
DUNGS_p_TCGA_b84_115_SNP_N_GenomeWideSNP_6_C04_771582	6	87352034	130805934	24712	-0.3462
DUNGS_p_TCGA_b84_115_SNP_N_GenomeWideSNP_6_C04_771582	6	130806048	130806316	2	-1.7178
DUNGS_p_TCGA_b84_115_SNP_N_GenomeWideSNP_6_C04_771582	6	130806630	133413907	1720	-0.3609
DUNGS_p_TCGA_b84_115_SNP_N_GenomeWideSNP_6_C04_771582	6	133417675	170903919	22432	-1.0023
DUNGS_p_TCGA_b84_115_SNP_N_GenomeWideSNP_6_C04_771582	7	705284	26482477	13995	0.0847
DUNGS_p_TCGA_b84_115_SNP_N_GenomeWideSNP_6_C04_771582	7	26483126	26483640	2	1.1471
DUNGS_p_TCGA_b84_115_SNP_N_GenomeWideSNP_6_C04_771582	7	26484363	32836100	4094	0.104
DUNGS_p_TCGA_b84_115_SNP_N_GenomeWideSNP_6_C04_771582	7	32836357	32847673	2	1.1167
DUNGS_p_TCGA_b84_115_SNP_N_GenomeWideSNP_6_C04_771582	7	32854252	138829335	53531	0.1137
DUNGS_p_TCGA_b84_115_SNP_N_GenomeWideSNP_6_C04_771582	7	138831200	158385118	9739	0.4587
DUNGS_p_TCGA_b84_115_SNP_N_GenomeWideSNP_6_C04_771582	8	617667	5141326	2434	0.436
DUNGS_p_TCGA_b84_115_SNP_N_GenomeWideSNP_6_C04_771582	8	5142665	5247522	117	0.1066
DUNGS_p_TCGA_b84_115_SNP_N_GenomeWideSNP_6_C04_771582	8	6207719	13660144	3264	0.4553
DUNGS_p_TCGA_b84_115_SNP_N_GenomeWideSNP_6_C04_771582	8	13663788	16352643	2016	0.0819
DUNGS_p_TCGA_b84_115_SNP_N_GenomeWideSNP_6_C04_771582	8	16353107	16353123	2	1.0623
DUNGS_p_TCGA_b84_115_SNP_N_GenomeWideSNP_6_C04_771582	8	16353375	16555065	94	0.108
DUNGS_p_TCGA_b84_115_SNP_N_GenomeWideSNP_6_C04_771582	8	16555197	18378912	1480	0.4669
DUNGS_p_TCGA_b84_115_SNP_N_GenomeWideSNP_6_C04_771582	8	18379513	28741584	7341	0.1339
DUNGS_p_TCGA_b84_115_SNP_N_GenomeWideSNP_6_C04_771582	8	28743197	28746324	2	1.1446
DUNGS_p_TCGA_b84_115_SNP_N_GenomeWideSNP_6_C04_771582	8	28746342	47460945	8025	0.1145
DUNGS_p_TCGA_b84_115_SNP_N_GenomeWideSNP_6_C04_771582	8	47463862	47501081	24	0.4417
DUNGS_p_TCGA_b84_115_SNP_N_GenomeWideSNP_6_C04_771582	8	47509860	49898045	1027	0.0992
DUNGS_p_TCGA_b84_115_SNP_N_GenomeWideSNP_6_C04_771582	8	49899100	58104912	4677	-0.3458
DUNGS_p_TCGA_b84_115_SNP_N_GenomeWideSNP_6_C04_771582	8	58105505	72493289	8489	0.0885
DUNGS_p_TCGA_b84_115_SNP_N_GenomeWideSNP_6_C04_771582	8	72510144	72536699	40	0.707
DUNGS_p_TCGA_b84_115_SNP_N_GenomeWideSNP_6_C04_771582	8	72539350	72574871	30	0.0731
DUNGS_p_TCGA_b84_115_SNP_N_GenomeWideSNP_6_C04_771582	8	72575801	83393807	6233	0.6736
DUNGS_p_TCGA_b84_115_SNP_N_GenomeWideSNP_6_C04_771582	8	83423209	99020949	8777	0.0895
DUNGS_p_TCGA_b84_115_SNP_N_GenomeWideSNP_6_C04_771582	8	99030280	103298754	2408	0.7221
DUNGS_p_TCGA_b84_115_SNP_N_GenomeWideSNP_6_C04_771582	8	103313980	104690593	771	0.4347
DUNGS_p_TCGA_b84_115_SNP_N_GenomeWideSNP_6_C04_771582	8	104690926	104690940	2	-0.5702
DUNGS_p_TCGA_b84_115_SNP_N_GenomeWideSNP_6_C04_771582	8	104693685	104845420	77	0.3932
DUNGS_p_TCGA_b84_115_SNP_N_GenomeWideSNP_6_C04_771582	8	104846209	104849193	2	-0.6352
DUNGS_p_TCGA_b84_115_SNP_N_GenomeWideSNP_6_C04_771582	8	104850478	109308291	2404	0.4024
DUNGS_p_TCGA_b84_115_SNP_N_GenomeWideSNP_6_C04_771582	8	109309286	109319325	5	0.9905
DUNGS_p_TCGA_b84_115_SNP_N_GenomeWideSNP_6_C04_771582	8	109321669	110965134	842	0.4171
DUNGS_p_TCGA_b84_115_SNP_N_GenomeWideSNP_6_C04_771582	8	110966878	112117502	582	0.866
DUNGS_p_TCGA_b84_115_SNP_N_GenomeWideSNP_6_C04_771582	8	112121061	113331553	606	0.379
DUNGS_p_TCGA_b84_115_SNP_N_GenomeWideSNP_6_C04_771582	8	113331880	113333245	2	1.3072
DUNGS_p_TCGA_b84_115_SNP_N_GenomeWideSNP_6_C04_771582	8	113334521	113959627	328	0.3728
DUNGS_p_TCGA_b84_115_SNP_N_GenomeWideSNP_6_C04_771582	8	113961676	113961958	2	-1.1327
DUNGS_p_TCGA_b84_115_SNP_N_GenomeWideSNP_6_C04_771582	8	113965885	118702037	2619	0.3992
DUNGS_p_TCGA_b84_115_SNP_N_GenomeWideSNP_6_C04_771582	8	118703810	118703875	2	-0.8279
DUNGS_p_TCGA_b84_115_SNP_N_GenomeWideSNP_6_C04_771582	8	118705152	121622040	2071	0.4338
DUNGS_p_TCGA_b84_115_SNP_N_GenomeWideSNP_6_C04_771582	8	121624692	123600841	1267	-0.329
DUNGS_p_TCGA_b84_115_SNP_N_GenomeWideSNP_6_C04_771582	8	123608139	132794525	6298	0.4421
DUNGS_p_TCGA_b84_115_SNP_N_GenomeWideSNP_6_C04_771582	8	132795452	145232496	7221	-0.3367
DUNGS_p_TCGA_b84_115_SNP_N_GenomeWideSNP_6_C04_771582	9	789932	14355146	7550	0.057
DUNGS_p_TCGA_b84_115_SNP_N_GenomeWideSNP_6_C04_771582	9	14356493	16001121	1217	-0.27
DUNGS_p_TCGA_b84_115_SNP_N_GenomeWideSNP_6_C04_771582	9	16001203	23293240	5573	0.3175
DUNGS_p_TCGA_b84_115_SNP_N_GenomeWideSNP_6_C04_771582	9	23295433	25144663	1186	-0.4365
DUNGS_p_TCGA_b84_115_SNP_N_GenomeWideSNP_6_C04_771582	9	25149090	38747688	7825	0.0974
DUNGS_p_TCGA_b84_115_SNP_N_GenomeWideSNP_6_C04_771582	9	71039044	71733668	619	-0.3317
DUNGS_p_TCGA_b84_115_SNP_N_GenomeWideSNP_6_C04_771582	9	71740171	71742725	3	0.4972
DUNGS_p_TCGA_b84_115_SNP_N_GenomeWideSNP_6_C04_771582	9	71746053	106153263	22468	-0.3128
DUNGS_p_TCGA_b84_115_SNP_N_GenomeWideSNP_6_C04_771582	9	106154424	106159348	3	-1.4493
DUNGS_p_TCGA_b84_115_SNP_N_GenomeWideSNP_6_C04_771582	9	106160419	107779478	1090	-0.3152
DUNGS_p_TCGA_b84_115_SNP_N_GenomeWideSNP_6_C04_771582	9	107780304	107789161	7	-0.8926
DUNGS_p_TCGA_b84_115_SNP_N_GenomeWideSNP_6_C04_771582	9	107789201	140938752	20517	-0.2471
DUNGS_p_TCGA_b84_115_SNP_N_GenomeWideSNP_6_C04_771582	10	415240	28634770	19497	-0.3597
DUNGS_p_TCGA_b84_115_SNP_N_GenomeWideSNP_6_C04_771582	10	28637554	28640472	6	0.4828
DUNGS_p_TCGA_b84_115_SNP_N_GenomeWideSNP_6_C04_771582	10	28640665	28643393	5	-0.512
DUNGS_p_TCGA_b84_115_SNP_N_GenomeWideSNP_6_C04_771582	10	28646618	30364134	1374	0.4221
DUNGS_p_TCGA_b84_115_SNP_N_GenomeWideSNP_6_C04_771582	10	30369560	32353837	1339	1.2255
DUNGS_p_TCGA_b84_115_SNP_N_GenomeWideSNP_6_C04_771582	10	32354200	32358829	4	0.3451
DUNGS_p_TCGA_b84_115_SNP_N_GenomeWideSNP_6_C04_771582	10	32359745	33097562	423	1.2215
DUNGS_p_TCGA_b84_115_SNP_N_GenomeWideSNP_6_C04_771582	10	33103440	34598418	1110	0.4465
DUNGS_p_TCGA_b84_115_SNP_N_GenomeWideSNP_6_C04_771582	10	34601678	34713086	65	0.9107
DUNGS_p_TCGA_b84_115_SNP_N_GenomeWideSNP_6_C04_771582	10	34714826	42947970	2311	0.392
DUNGS_p_TCGA_b84_115_SNP_N_GenomeWideSNP_6_C04_771582	10	42953080	95202235	29489	-0.3297
DUNGS_p_TCGA_b84_115_SNP_N_GenomeWideSNP_6_C04_771582	10	95203375	95203404	2	-1.4529
DUNGS_p_TCGA_b84_115_SNP_N_GenomeWideSNP_6_C04_771582	10	95204580	95747476	391	-0.3037
DUNGS_p_TCGA_b84_115_SNP_N_GenomeWideSNP_6_C04_771582	10	95749028	95751499	5	-0.9095
DUNGS_p_TCGA_b84_115_SNP_N_GenomeWideSNP_6_C04_771582	10	95754732	106695024	6248	-0.3029
DUNGS_p_TCGA_b84_115_SNP_N_GenomeWideSNP_6_C04_771582	10	106695777	106695865	2	-1.4615
DUNGS_p_TCGA_b84_115_SNP_N_GenomeWideSNP_6_C04_771582	10	106696012	135225087	18636	-0.316
DUNGS_p_TCGA_b84_115_SNP_N_GenomeWideSNP_6_C04_771582	11	456120	36117340	23008	-0.0628
DUNGS_p_TCGA_b84_115_SNP_N_GenomeWideSNP_6_C04_771582	11	36118973	36118999	2	-1.1079
DUNGS_p_TCGA_b84_115_SNP_N_GenomeWideSNP_6_C04_771582	11	36120177	38150435	854	-0.097
DUNGS_p_TCGA_b84_115_SNP_N_GenomeWideSNP_6_C04_771582	11	38151233	39032464	505	0.1978
DUNGS_p_TCGA_b84_115_SNP_N_GenomeWideSNP_6_C04_771582	11	39038312	39104722	29	-0.1578
DUNGS_p_TCGA_b84_115_SNP_N_GenomeWideSNP_6_C04_771582	11	39119540	44211223	3410	-0.5712
DUNGS_p_TCGA_b84_115_SNP_N_GenomeWideSNP_6_C04_771582	11	44213735	44215549	3	-1.5028
DUNGS_p_TCGA_b84_115_SNP_N_GenomeWideSNP_6_C04_771582	11	44216792	50055330	2726	-0.5377
DUNGS_p_TCGA_b84_115_SNP_N_GenomeWideSNP_6_C04_771582	11	56013798	59095780	1718	-0.8152
DUNGS_p_TCGA_b84_115_SNP_N_GenomeWideSNP_6_C04_771582	11	59098684	65925246	2858	-0.217
DUNGS_p_TCGA_b84_115_SNP_N_GenomeWideSNP_6_C04_771582	11	65927158	65932646	6	-1.3569
DUNGS_p_TCGA_b84_115_SNP_N_GenomeWideSNP_6_C04_771582	11	65943773	66077602	54	-0.1967
DUNGS_p_TCGA_b84_115_SNP_N_GenomeWideSNP_6_C04_771582	11	66081211	80736539	7829	0.518
DUNGS_p_TCGA_b84_115_SNP_N_GenomeWideSNP_6_C04_771582	11	80741026	80771441	33	-0.1771
DUNGS_p_TCGA_b84_115_SNP_N_GenomeWideSNP_6_C04_771582	11	80774121	84437045	2083	0.2254
DUNGS_p_TCGA_b84_115_SNP_N_GenomeWideSNP_6_C04_771582	11	84507779	84522523	12	-0.8188
DUNGS_p_TCGA_b84_115_SNP_N_GenomeWideSNP_6_C04_771582	11	84574040	87361823	1809	0.272
DUNGS_p_TCGA_b84_115_SNP_N_GenomeWideSNP_6_C04_771582	11	87363609	106367943	11591	-0.3518
DUNGS_p_TCGA_b84_115_SNP_N_GenomeWideSNP_6_C04_771582	11	106370011	106370519	4	-1.7169
DUNGS_p_TCGA_b84_115_SNP_N_GenomeWideSNP_6_C04_771582	11	106371583	134142530	18756	-0.3218
DUNGS_p_TCGA_b84_115_SNP_N_GenomeWideSNP_6_C04_771582	12	889902	133161346	73979	0.1106
DUNGS_p_TCGA_b84_115_SNP_N_GenomeWideSNP_6_C04_771582	13	19450806	19926545	306	-2.3744
DUNGS_p_TCGA_b84_115_SNP_N_GenomeWideSNP_6_C04_771582	13	19926644	19935721	3	-6.2116
DUNGS_p_TCGA_b84_115_SNP_N_GenomeWideSNP_6_C04_771582	13	19937497	20004673	48	-2.2519
DUNGS_p_TCGA_b84_115_SNP_N_GenomeWideSNP_6_C04_771582	13	20105323	20729993	102	-0.2995
DUNGS_p_TCGA_b84_115_SNP_N_GenomeWideSNP_6_C04_771582	13	20732487	20732505	2	-1.2338
DUNGS_p_TCGA_b84_115_SNP_N_GenomeWideSNP_6_C04_771582	13	20734139	22612645	965	-0.3295
DUNGS_p_TCGA_b84_115_SNP_N_GenomeWideSNP_6_C04_771582	13	22618240	22618416	2	-2.0267
DUNGS_p_TCGA_b84_115_SNP_N_GenomeWideSNP_6_C04_771582	13	22619575	47090614	15972	-0.3275
DUNGS_p_TCGA_b84_115_SNP_N_GenomeWideSNP_6_C04_771582	13	47093046	48327155	913	-1.0022
DUNGS_p_TCGA_b84_115_SNP_N_GenomeWideSNP_6_C04_771582	13	48328647	48329236	11	-0.1872
DUNGS_p_TCGA_b84_115_SNP_N_GenomeWideSNP_6_C04_771582	13	48334097	48886829	315	-0.9687
DUNGS_p_TCGA_b84_115_SNP_N_GenomeWideSNP_6_C04_771582	13	48888473	48898349	11	-0.3719
DUNGS_p_TCGA_b84_115_SNP_N_GenomeWideSNP_6_C04_771582	13	48898435	49645010	588	-0.939
DUNGS_p_TCGA_b84_115_SNP_N_GenomeWideSNP_6_C04_771582	13	49652577	52181725	709	0.0997
DUNGS_p_TCGA_b84_115_SNP_N_GenomeWideSNP_6_C04_771582	13	52183653	52190852	3	-0.8469
DUNGS_p_TCGA_b84_115_SNP_N_GenomeWideSNP_6_C04_771582	13	52193608	61760340	4785	0.0876
DUNGS_p_TCGA_b84_115_SNP_N_GenomeWideSNP_6_C04_771582	13	61760802	61764544	3	-0.7198
DUNGS_p_TCGA_b84_115_SNP_N_GenomeWideSNP_6_C04_771582	13	61764721	63240421	732	0.0748
DUNGS_p_TCGA_b84_115_SNP_N_GenomeWideSNP_6_C04_771582	13	63243826	74933241	6205	0.4114
DUNGS_p_TCGA_b84_115_SNP_N_GenomeWideSNP_6_C04_771582	13	74934759	74934797	2	-0.5737
DUNGS_p_TCGA_b84_115_SNP_N_GenomeWideSNP_6_C04_771582	13	74938352	84292290	5746	0.4144
DUNGS_p_TCGA_b84_115_SNP_N_GenomeWideSNP_6_C04_771582	13	84294333	85554074	661	-1.0036
DUNGS_p_TCGA_b84_115_SNP_N_GenomeWideSNP_6_C04_771582	13	85554117	85554392	8	-0.2217
DUNGS_p_TCGA_b84_115_SNP_N_GenomeWideSNP_6_C04_771582	13	85554591	86637199	712	-1.0051
DUNGS_p_TCGA_b84_115_SNP_N_GenomeWideSNP_6_C04_771582	13	86640772	92268295	3093	0.0826
DUNGS_p_TCGA_b84_115_SNP_N_GenomeWideSNP_6_C04_771582	13	92270744	92271216	2	-0.8597
DUNGS_p_TCGA_b84_115_SNP_N_GenomeWideSNP_6_C04_771582	13	92271666	114987458	14778	0.1075
DUNGS_p_TCGA_b84_115_SNP_N_GenomeWideSNP_6_C04_771582	14	20501368	38931339	10109	0.4454
DUNGS_p_TCGA_b84_115_SNP_N_GenomeWideSNP_6_C04_771582	14	38931354	38931714	9	-0.0011
DUNGS_p_TCGA_b84_115_SNP_N_GenomeWideSNP_6_C04_771582	14	38931722	105988038	39353	0.4441
DUNGS_p_TCGA_b84_115_SNP_N_GenomeWideSNP_6_C04_771582	15	23687685	26464988	1579	-0.3216
DUNGS_p_TCGA_b84_115_SNP_N_GenomeWideSNP_6_C04_771582	15	26467693	26468210	2	-1.5927
DUNGS_p_TCGA_b84_115_SNP_N_GenomeWideSNP_6_C04_771582	15	26469238	39047439	5827	-0.3293
DUNGS_p_TCGA_b84_115_SNP_N_GenomeWideSNP_6_C04_771582	15	39047766	39048870	3	-1.2546
DUNGS_p_TCGA_b84_115_SNP_N_GenomeWideSNP_6_C04_771582	15	39049241	60418758	12595	-0.3157
DUNGS_p_TCGA_b84_115_SNP_N_GenomeWideSNP_6_C04_771582	15	60418791	60425967	4	-1.3499
DUNGS_p_TCGA_b84_115_SNP_N_GenomeWideSNP_6_C04_771582	15	60428214	96000406	20984	-0.3047
DUNGS_p_TCGA_b84_115_SNP_N_GenomeWideSNP_6_C04_771582	15	96002632	96003022	3	-1.4983
DUNGS_p_TCGA_b84_115_SNP_N_GenomeWideSNP_6_C04_771582	15	96008865	101884307	3554	-0.3362
DUNGS_p_TCGA_b84_115_SNP_N_GenomeWideSNP_6_C04_771582	16	653459	21092104	9411	-0.2972
DUNGS_p_TCGA_b84_115_SNP_N_GenomeWideSNP_6_C04_771582	16	21099409	21352038	130	-0.8903
DUNGS_p_TCGA_b84_115_SNP_N_GenomeWideSNP_6_C04_771582	16	22785204	23786875	580	0.4693
DUNGS_p_TCGA_b84_115_SNP_N_GenomeWideSNP_6_C04_771582	16	23788007	24746654	608	0.1233
DUNGS_p_TCGA_b84_115_SNP_N_GenomeWideSNP_6_C04_771582	16	24747142	25392564	390	0.4529
DUNGS_p_TCGA_b84_115_SNP_N_GenomeWideSNP_6_C04_771582	16	25393360	25557167	135	0.118
DUNGS_p_TCGA_b84_115_SNP_N_GenomeWideSNP_6_C04_771582	16	25557516	25985224	358	0.4477
DUNGS_p_TCGA_b84_115_SNP_N_GenomeWideSNP_6_C04_771582	16	25985528	31850299	2283	0.1184
DUNGS_p_TCGA_b84_115_SNP_N_GenomeWideSNP_6_C04_771582	16	46507665	85820521	25001	-0.2783
DUNGS_p_TCGA_b84_115_SNP_N_GenomeWideSNP_6_C04_771582	16	85821306	85821586	2	-1.3002
DUNGS_p_TCGA_b84_115_SNP_N_GenomeWideSNP_6_C04_771582	16	85822875	89379936	1918	-0.2574
DUNGS_p_TCGA_b84_115_SNP_N_GenomeWideSNP_6_C04_771582	17	987221	7889455	3280	-0.3015
DUNGS_p_TCGA_b84_115_SNP_N_GenomeWideSNP_6_C04_771582	17	7892793	7893174	2	-1.4034
DUNGS_p_TCGA_b84_115_SNP_N_GenomeWideSNP_6_C04_771582	17	7897778	21305392	6360	-0.3135
DUNGS_p_TCGA_b84_115_SNP_N_GenomeWideSNP_6_C04_771582	17	25270517	47018942	9313	0.4588
DUNGS_p_TCGA_b84_115_SNP_N_GenomeWideSNP_6_C04_771582	17	47019628	47026026	2	-0.5908
DUNGS_p_TCGA_b84_115_SNP_N_GenomeWideSNP_6_C04_771582	17	47028856	75446004	15883	0.4558
DUNGS_p_TCGA_b84_115_SNP_N_GenomeWideSNP_6_C04_771582	17	75564307	75565160	3	-0.7718
DUNGS_p_TCGA_b84_115_SNP_N_GenomeWideSNP_6_C04_771582	17	75565704	80917016	2161	0.4899
DUNGS_p_TCGA_b84_115_SNP_N_GenomeWideSNP_6_C04_771582	18	329586	8324955	4250	0.0898
DUNGS_p_TCGA_b84_115_SNP_N_GenomeWideSNP_6_C04_771582	18	8325430	8325443	2	-0.989
DUNGS_p_TCGA_b84_115_SNP_N_GenomeWideSNP_6_C04_771582	18	8325813	25783077	8277	0.1199
DUNGS_p_TCGA_b84_115_SNP_N_GenomeWideSNP_6_C04_771582	18	25783384	25790753	6	-0.4049
DUNGS_p_TCGA_b84_115_SNP_N_GenomeWideSNP_6_C04_771582	18	25793045	27046790	646	0.0532
DUNGS_p_TCGA_b84_115_SNP_N_GenomeWideSNP_6_C04_771582	18	27049163	27061843	3	-0.7567
DUNGS_p_TCGA_b84_115_SNP_N_GenomeWideSNP_6_C04_771582	18	27062328	67468388	24934	0.0828
DUNGS_p_TCGA_b84_115_SNP_N_GenomeWideSNP_6_C04_771582	18	67471459	67471483	2	1.0744
DUNGS_p_TCGA_b84_115_SNP_N_GenomeWideSNP_6_C04_771582	18	67471987	77109240	4566	0.0849
DUNGS_p_TCGA_b84_115_SNP_N_GenomeWideSNP_6_C04_771582	19	284018	7293119	2023	-0.2998
DUNGS_p_TCGA_b84_115_SNP_N_GenomeWideSNP_6_C04_771582	19	7295465	7325273	9	0.243
DUNGS_p_TCGA_b84_115_SNP_N_GenomeWideSNP_6_C04_771582	19	7344986	24052830	6954	-0.3039
DUNGS_p_TCGA_b84_115_SNP_N_GenomeWideSNP_6_C04_771582	19	24052992	58878226	14976	0.1232
DUNGS_p_TCGA_b84_115_SNP_N_GenomeWideSNP_6_C04_771582	20	455764	17980701	11473	0.0339
DUNGS_p_TCGA_b84_115_SNP_N_GenomeWideSNP_6_C04_771582	20	17981396	62219837	25828	0.4079
DUNGS_p_TCGA_b84_115_SNP_N_GenomeWideSNP_6_C04_771582	21	15347621	15500371	59	-0.3128
DUNGS_p_TCGA_b84_115_SNP_N_GenomeWideSNP_6_C04_771582	21	15500426	15500426	2	-1.9244
DUNGS_p_TCGA_b84_115_SNP_N_GenomeWideSNP_6_C04_771582	21	15500729	23731169	5330	-0.3685
DUNGS_p_TCGA_b84_115_SNP_N_GenomeWideSNP_6_C04_771582	21	23949138	24797340	254	0.0456
DUNGS_p_TCGA_b84_115_SNP_N_GenomeWideSNP_6_C04_771582	21	24805215	24840017	29	-1.1285
DUNGS_p_TCGA_b84_115_SNP_N_GenomeWideSNP_6_C04_771582	21	24842723	29633510	3407	-0.3608
DUNGS_p_TCGA_b84_115_SNP_N_GenomeWideSNP_6_C04_771582	21	29764303	30257674	401	-0.9798
DUNGS_p_TCGA_b84_115_SNP_N_GenomeWideSNP_6_C04_771582	21	30259084	47678774	11111	-0.3102
DUNGS_p_TCGA_b84_115_SNP_N_GenomeWideSNP_6_C04_771582	22	17423930	47166189	15180	-0.2842
DUNGS_p_TCGA_b84_115_SNP_N_GenomeWideSNP_6_C04_771582	22	47167866	47169215	2	0.7025
DUNGS_p_TCGA_b84_115_SNP_N_GenomeWideSNP_6_C04_771582	22	47169270	49331012	1755	-0.2925
DUNGS_p_TCGA_b84_115_SNP_N_GenomeWideSNP_6_C04_771582	X	3157107	31785132	12979	0.0077
DUNGS_p_TCGA_b84_115_SNP_N_GenomeWideSNP_6_C04_771582	X	31793089	31794348	2	1.0723
DUNGS_p_TCGA_b84_115_SNP_N_GenomeWideSNP_6_C04_771582	X	31795364	41024003	4162	0.0045
DUNGS_p_TCGA_b84_115_SNP_N_GenomeWideSNP_6_C04_771582	X	41030180	41033168	3	-0.8739
DUNGS_p_TCGA_b84_115_SNP_N_GenomeWideSNP_6_C04_771582	X	41037138	85324885	15604	0.0251
DUNGS_p_TCGA_b84_115_SNP_N_GenomeWideSNP_6_C04_771582	X	85325446	85325886	8	-0.8956
DUNGS_p_TCGA_b84_115_SNP_N_GenomeWideSNP_6_C04_771582	X	85325965	154905589	31064	-0.009
