Sample	Chromosome	Start	End	Num_Probes	Segment_Mean
DUNGS_p_TCGA_b84_115_SNP_N_GenomeWideSNP_6_D08_771472	1	51598	2294007	456	0.1034
DUNGS_p_TCGA_b84_115_SNP_N_GenomeWideSNP_6_D08_771472	1	2295675	2296012	2	1.6368
DUNGS_p_TCGA_b84_115_SNP_N_GenomeWideSNP_6_D08_771472	1	2297538	12768450	6076	0.0539
DUNGS_p_TCGA_b84_115_SNP_N_GenomeWideSNP_6_D08_771472	1	12775335	12799644	26	0.4089
DUNGS_p_TCGA_b84_115_SNP_N_GenomeWideSNP_6_D08_771472	1	12805146	15564127	1608	0.0545
DUNGS_p_TCGA_b84_115_SNP_N_GenomeWideSNP_6_D08_771472	1	15566633	15568646	2	1.0644
DUNGS_p_TCGA_b84_115_SNP_N_GenomeWideSNP_6_D08_771472	1	15571704	16026084	255	0.0664
DUNGS_p_TCGA_b84_115_SNP_N_GenomeWideSNP_6_D08_771472	1	16026123	16026512	5	-1.6595
DUNGS_p_TCGA_b84_115_SNP_N_GenomeWideSNP_6_D08_771472	1	16026788	16741950	305	0.0388
DUNGS_p_TCGA_b84_115_SNP_N_GenomeWideSNP_6_D08_771472	1	16743865	16954999	83	0.3074
DUNGS_p_TCGA_b84_115_SNP_N_GenomeWideSNP_6_D08_771472	1	16955178	17063449	22	-0.0815
DUNGS_p_TCGA_b84_115_SNP_N_GenomeWideSNP_6_D08_771472	1	17067742	17148828	62	0.6658
DUNGS_p_TCGA_b84_115_SNP_N_GenomeWideSNP_6_D08_771472	1	17150527	25404661	5257	0.0536
DUNGS_p_TCGA_b84_115_SNP_N_GenomeWideSNP_6_D08_771472	1	25405071	25569189	67	0.3516
DUNGS_p_TCGA_b84_115_SNP_N_GenomeWideSNP_6_D08_771472	1	25571056	30514083	2389	0.0563
DUNGS_p_TCGA_b84_115_SNP_N_GenomeWideSNP_6_D08_771472	1	30514243	30517797	3	0.933
DUNGS_p_TCGA_b84_115_SNP_N_GenomeWideSNP_6_D08_771472	1	30520163	30953301	366	0.0697
DUNGS_p_TCGA_b84_115_SNP_N_GenomeWideSNP_6_D08_771472	1	30953958	30959982	8	0.5177
DUNGS_p_TCGA_b84_115_SNP_N_GenomeWideSNP_6_D08_771472	1	30962893	36639821	2997	0.0485
DUNGS_p_TCGA_b84_115_SNP_N_GenomeWideSNP_6_D08_771472	1	36645252	36645905	4	-0.8962
DUNGS_p_TCGA_b84_115_SNP_N_GenomeWideSNP_6_D08_771472	1	36646829	72541504	23012	0.0559
DUNGS_p_TCGA_b84_115_SNP_N_GenomeWideSNP_6_D08_771472	1	72541524	72583736	45	-1.159
DUNGS_p_TCGA_b84_115_SNP_N_GenomeWideSNP_6_D08_771472	1	72584492	75823432	1933	0.0588
DUNGS_p_TCGA_b84_115_SNP_N_GenomeWideSNP_6_D08_771472	1	75827351	75827442	2	-1.8557
DUNGS_p_TCGA_b84_115_SNP_N_GenomeWideSNP_6_D08_771472	1	75832097	104027091	18194	0.0596
DUNGS_p_TCGA_b84_115_SNP_N_GenomeWideSNP_6_D08_771472	1	104041212	104104926	14	-0.5152
DUNGS_p_TCGA_b84_115_SNP_N_GenomeWideSNP_6_D08_771472	1	104105024	105814899	919	0.0755
DUNGS_p_TCGA_b84_115_SNP_N_GenomeWideSNP_6_D08_771472	1	105820728	105823898	17	0.6414
DUNGS_p_TCGA_b84_115_SNP_N_GenomeWideSNP_6_D08_771472	1	105825578	110023250	2657	0.0618
DUNGS_p_TCGA_b84_115_SNP_N_GenomeWideSNP_6_D08_771472	1	110025907	110044476	33	0.986
DUNGS_p_TCGA_b84_115_SNP_N_GenomeWideSNP_6_D08_771472	1	110046521	150822330	10034	0.0863
DUNGS_p_TCGA_b84_115_SNP_N_GenomeWideSNP_6_D08_771472	1	150822391	150853200	33	-1.7966
DUNGS_p_TCGA_b84_115_SNP_N_GenomeWideSNP_6_D08_771472	1	150853218	151026302	172	0.1383
DUNGS_p_TCGA_b84_115_SNP_N_GenomeWideSNP_6_D08_771472	1	151028547	151035324	37	0.6569
DUNGS_p_TCGA_b84_115_SNP_N_GenomeWideSNP_6_D08_771472	1	151040529	159884263	5303	0.0931
DUNGS_p_TCGA_b84_115_SNP_N_GenomeWideSNP_6_D08_771472	1	159884282	159885682	12	0.6827
DUNGS_p_TCGA_b84_115_SNP_N_GenomeWideSNP_6_D08_771472	1	159888509	167483561	6038	0.0918
DUNGS_p_TCGA_b84_115_SNP_N_GenomeWideSNP_6_D08_771472	1	167500598	167505369	6	-3.6319
DUNGS_p_TCGA_b84_115_SNP_N_GenomeWideSNP_6_D08_771472	1	167508390	173063028	3529	0.095
DUNGS_p_TCGA_b84_115_SNP_N_GenomeWideSNP_6_D08_771472	1	173063179	173064200	11	-2.5859
DUNGS_p_TCGA_b84_115_SNP_N_GenomeWideSNP_6_D08_771472	1	173064215	173068463	5	-0.9688
DUNGS_p_TCGA_b84_115_SNP_N_GenomeWideSNP_6_D08_771472	1	173068477	195055624	14726	0.0983
DUNGS_p_TCGA_b84_115_SNP_N_GenomeWideSNP_6_D08_771472	1	195055667	195089940	47	-0.2197
DUNGS_p_TCGA_b84_115_SNP_N_GenomeWideSNP_6_D08_771472	1	195090236	208137685	8824	0.0868
DUNGS_p_TCGA_b84_115_SNP_N_GenomeWideSNP_6_D08_771472	1	208148236	208153175	4	1.1317
DUNGS_p_TCGA_b84_115_SNP_N_GenomeWideSNP_6_D08_771472	1	208160117	212704431	3101	0.0813
DUNGS_p_TCGA_b84_115_SNP_N_GenomeWideSNP_6_D08_771472	1	212705059	212705080	2	-2.8042
DUNGS_p_TCGA_b84_115_SNP_N_GenomeWideSNP_6_D08_771472	1	212705876	241393575	20313	0.0966
DUNGS_p_TCGA_b84_115_SNP_N_GenomeWideSNP_6_D08_771472	1	241394561	241403383	2	1.4774
DUNGS_p_TCGA_b84_115_SNP_N_GenomeWideSNP_6_D08_771472	1	241404839	246776293	3555	0.1071
DUNGS_p_TCGA_b84_115_SNP_N_GenomeWideSNP_6_D08_771472	1	246780491	246856911	33	-0.4199
DUNGS_p_TCGA_b84_115_SNP_N_GenomeWideSNP_6_D08_771472	1	246861087	247191011	149	0.146
DUNGS_p_TCGA_b84_115_SNP_N_GenomeWideSNP_6_D08_771472	2	2784	4194295	2995	0.0516
DUNGS_p_TCGA_b84_115_SNP_N_GenomeWideSNP_6_D08_771472	2	4194327	4200359	28	-0.6186
DUNGS_p_TCGA_b84_115_SNP_N_GenomeWideSNP_6_D08_771472	2	4200414	7556824	2908	0.0437
DUNGS_p_TCGA_b84_115_SNP_N_GenomeWideSNP_6_D08_771472	2	7560516	7564423	2	1.794
DUNGS_p_TCGA_b84_115_SNP_N_GenomeWideSNP_6_D08_771472	2	7564458	10067974	1790	0.0503
DUNGS_p_TCGA_b84_115_SNP_N_GenomeWideSNP_6_D08_771472	2	10070434	10072423	2	1.1873
DUNGS_p_TCGA_b84_115_SNP_N_GenomeWideSNP_6_D08_771472	2	10075225	13193248	2334	0.0533
DUNGS_p_TCGA_b84_115_SNP_N_GenomeWideSNP_6_D08_771472	2	13193330	13196731	2	1.5333
DUNGS_p_TCGA_b84_115_SNP_N_GenomeWideSNP_6_D08_771472	2	13197396	32829526	12732	0.0442
DUNGS_p_TCGA_b84_115_SNP_N_GenomeWideSNP_6_D08_771472	2	32829591	32829755	2	-2.0541
DUNGS_p_TCGA_b84_115_SNP_N_GenomeWideSNP_6_D08_771472	2	32831848	34544573	1341	0.0413
DUNGS_p_TCGA_b84_115_SNP_N_GenomeWideSNP_6_D08_771472	2	34552819	34581371	44	-0.244
DUNGS_p_TCGA_b84_115_SNP_N_GenomeWideSNP_6_D08_771472	2	34590017	36185762	1159	0.0565
DUNGS_p_TCGA_b84_115_SNP_N_GenomeWideSNP_6_D08_771472	2	36189099	36189110	8	0.8689
DUNGS_p_TCGA_b84_115_SNP_N_GenomeWideSNP_6_D08_771472	2	36190123	40842768	3485	0.0629
DUNGS_p_TCGA_b84_115_SNP_N_GenomeWideSNP_6_D08_771472	2	40843820	40845324	6	0.9962
DUNGS_p_TCGA_b84_115_SNP_N_GenomeWideSNP_6_D08_771472	2	40847090	86981712	30473	0.0538
DUNGS_p_TCGA_b84_115_SNP_N_GenomeWideSNP_6_D08_771472	2	86982714	87015364	3	-1.1531
DUNGS_p_TCGA_b84_115_SNP_N_GenomeWideSNP_6_D08_771472	2	87026238	97239504	2049	0.0831
DUNGS_p_TCGA_b84_115_SNP_N_GenomeWideSNP_6_D08_771472	2	97239927	97240533	3	-1.0711
DUNGS_p_TCGA_b84_115_SNP_N_GenomeWideSNP_6_D08_771472	2	97240728	106240929	5615	0.051
DUNGS_p_TCGA_b84_115_SNP_N_GenomeWideSNP_6_D08_771472	2	106241081	106253687	15	0.614
DUNGS_p_TCGA_b84_115_SNP_N_GenomeWideSNP_6_D08_771472	2	106253840	110579363	2212	0.0453
DUNGS_p_TCGA_b84_115_SNP_N_GenomeWideSNP_6_D08_771472	2	110603665	111114271	6	1.1216
DUNGS_p_TCGA_b84_115_SNP_N_GenomeWideSNP_6_D08_771472	2	111117134	111881884	436	0.0608
DUNGS_p_TCGA_b84_115_SNP_N_GenomeWideSNP_6_D08_771472	2	111885943	111888874	3	1.003
DUNGS_p_TCGA_b84_115_SNP_N_GenomeWideSNP_6_D08_771472	2	111901713	111994777	31	0.1811
DUNGS_p_TCGA_b84_115_SNP_N_GenomeWideSNP_6_D08_771472	2	111996612	112084296	16	-0.3745
DUNGS_p_TCGA_b84_115_SNP_N_GenomeWideSNP_6_D08_771472	2	112089640	115252639	1868	0.0552
DUNGS_p_TCGA_b84_115_SNP_N_GenomeWideSNP_6_D08_771472	2	115252786	115258488	21	-0.9466
DUNGS_p_TCGA_b84_115_SNP_N_GenomeWideSNP_6_D08_771472	2	115258540	123196421	4971	0.0514
DUNGS_p_TCGA_b84_115_SNP_N_GenomeWideSNP_6_D08_771472	2	123198183	123198711	7	-2.6556
DUNGS_p_TCGA_b84_115_SNP_N_GenomeWideSNP_6_D08_771472	2	123200123	124864221	1180	0.0512
DUNGS_p_TCGA_b84_115_SNP_N_GenomeWideSNP_6_D08_771472	2	124867193	124869300	2	-1.3133
DUNGS_p_TCGA_b84_115_SNP_N_GenomeWideSNP_6_D08_771472	2	124870010	127558707	1673	0.0621
DUNGS_p_TCGA_b84_115_SNP_N_GenomeWideSNP_6_D08_771472	2	127558794	127558876	2	1.6493
DUNGS_p_TCGA_b84_115_SNP_N_GenomeWideSNP_6_D08_771472	2	127559013	133001236	2852	0.049
DUNGS_p_TCGA_b84_115_SNP_N_GenomeWideSNP_6_D08_771472	2	133002172	133014471	9	0.6952
DUNGS_p_TCGA_b84_115_SNP_N_GenomeWideSNP_6_D08_771472	2	133014506	134772954	1352	0.0571
DUNGS_p_TCGA_b84_115_SNP_N_GenomeWideSNP_6_D08_771472	2	134773145	134792091	24	0.3575
DUNGS_p_TCGA_b84_115_SNP_N_GenomeWideSNP_6_D08_771472	2	134794002	138358286	2238	0.0526
DUNGS_p_TCGA_b84_115_SNP_N_GenomeWideSNP_6_D08_771472	2	138359415	138360788	3	1.0092
DUNGS_p_TCGA_b84_115_SNP_N_GenomeWideSNP_6_D08_771472	2	138361119	146578555	5069	0.0443
DUNGS_p_TCGA_b84_115_SNP_N_GenomeWideSNP_6_D08_771472	2	146580874	146583404	24	0.7475
DUNGS_p_TCGA_b84_115_SNP_N_GenomeWideSNP_6_D08_771472	2	146594276	180117521	20526	0.0789
DUNGS_p_TCGA_b84_115_SNP_N_GenomeWideSNP_6_D08_771472	2	180117715	180133888	40	0.354
DUNGS_p_TCGA_b84_115_SNP_N_GenomeWideSNP_6_D08_771472	2	180133937	185024921	3171	0.0959
DUNGS_p_TCGA_b84_115_SNP_N_GenomeWideSNP_6_D08_771472	2	185025125	185028304	4	1.0534
DUNGS_p_TCGA_b84_115_SNP_N_GenomeWideSNP_6_D08_771472	2	185033764	185828056	442	0.0953
DUNGS_p_TCGA_b84_115_SNP_N_GenomeWideSNP_6_D08_771472	2	185832983	185834055	2	-1.2201
DUNGS_p_TCGA_b84_115_SNP_N_GenomeWideSNP_6_D08_771472	2	185834514	193521107	4347	0.0982
DUNGS_p_TCGA_b84_115_SNP_N_GenomeWideSNP_6_D08_771472	2	193521670	193542233	9	0.6878
DUNGS_p_TCGA_b84_115_SNP_N_GenomeWideSNP_6_D08_771472	2	193547029	208058436	8480	0.0909
DUNGS_p_TCGA_b84_115_SNP_N_GenomeWideSNP_6_D08_771472	2	208058492	208058507	2	1.3373
DUNGS_p_TCGA_b84_115_SNP_N_GenomeWideSNP_6_D08_771472	2	208058564	215890138	4983	0.0921
DUNGS_p_TCGA_b84_115_SNP_N_GenomeWideSNP_6_D08_771472	2	215892676	215937342	34	0.3592
DUNGS_p_TCGA_b84_115_SNP_N_GenomeWideSNP_6_D08_771472	2	215937919	224119436	5414	0.0828
DUNGS_p_TCGA_b84_115_SNP_N_GenomeWideSNP_6_D08_771472	2	224119506	224120850	2	-1.4306
DUNGS_p_TCGA_b84_115_SNP_N_GenomeWideSNP_6_D08_771472	2	224121471	242738129	11752	0.0902
DUNGS_p_TCGA_b84_115_SNP_N_GenomeWideSNP_6_D08_771472	3	35345	16214067	12958	-0.1609
DUNGS_p_TCGA_b84_115_SNP_N_GenomeWideSNP_6_D08_771472	3	16215560	16215633	2	-1.7657
DUNGS_p_TCGA_b84_115_SNP_N_GenomeWideSNP_6_D08_771472	3	16215647	23954307	4978	-0.2084
DUNGS_p_TCGA_b84_115_SNP_N_GenomeWideSNP_6_D08_771472	3	23956433	23957332	2	-1.6123
DUNGS_p_TCGA_b84_115_SNP_N_GenomeWideSNP_6_D08_771472	3	23957334	26587114	2149	-0.2004
DUNGS_p_TCGA_b84_115_SNP_N_GenomeWideSNP_6_D08_771472	3	26587168	26587170	3	0.8914
DUNGS_p_TCGA_b84_115_SNP_N_GenomeWideSNP_6_D08_771472	3	26588205	37952421	7623	-0.2081
DUNGS_p_TCGA_b84_115_SNP_N_GenomeWideSNP_6_D08_771472	3	37957112	37961887	17	-1.4242
DUNGS_p_TCGA_b84_115_SNP_N_GenomeWideSNP_6_D08_771472	3	37961932	60540171	13685	-0.2029
DUNGS_p_TCGA_b84_115_SNP_N_GenomeWideSNP_6_D08_771472	3	60540185	60568068	40	-0.5754
DUNGS_p_TCGA_b84_115_SNP_N_GenomeWideSNP_6_D08_771472	3	60568182	65174290	3999	-0.1704
DUNGS_p_TCGA_b84_115_SNP_N_GenomeWideSNP_6_D08_771472	3	65174305	65185355	25	0.3381
DUNGS_p_TCGA_b84_115_SNP_N_GenomeWideSNP_6_D08_771472	3	65185492	68828854	2426	-0.0495
DUNGS_p_TCGA_b84_115_SNP_N_GenomeWideSNP_6_D08_771472	3	68828949	68830019	12	1.1109
DUNGS_p_TCGA_b84_115_SNP_N_GenomeWideSNP_6_D08_771472	3	68830054	89530546	12765	-0.1357
DUNGS_p_TCGA_b84_115_SNP_N_GenomeWideSNP_6_D08_771472	3	89534068	89752705	82	1.4969
DUNGS_p_TCGA_b84_115_SNP_N_GenomeWideSNP_6_D08_771472	3	89754023	89756830	8	-1.0552
DUNGS_p_TCGA_b84_115_SNP_N_GenomeWideSNP_6_D08_771472	3	89761289	90585552	258	1.4901
DUNGS_p_TCGA_b84_115_SNP_N_GenomeWideSNP_6_D08_771472	3	95002168	100427148	2863	0.0664
DUNGS_p_TCGA_b84_115_SNP_N_GenomeWideSNP_6_D08_771472	3	100427166	100433654	38	0.388
DUNGS_p_TCGA_b84_115_SNP_N_GenomeWideSNP_6_D08_771472	3	100434073	131269429	18771	0.0534
DUNGS_p_TCGA_b84_115_SNP_N_GenomeWideSNP_6_D08_771472	3	131269443	131288926	42	-1.2823
DUNGS_p_TCGA_b84_115_SNP_N_GenomeWideSNP_6_D08_771472	3	131289614	157742939	16470	0.0543
DUNGS_p_TCGA_b84_115_SNP_N_GenomeWideSNP_6_D08_771472	3	157745802	157746459	2	-1.1421
DUNGS_p_TCGA_b84_115_SNP_N_GenomeWideSNP_6_D08_771472	3	157748634	162998291	3156	0.0526
DUNGS_p_TCGA_b84_115_SNP_N_GenomeWideSNP_6_D08_771472	3	162998321	162998343	2	1.7604
DUNGS_p_TCGA_b84_115_SNP_N_GenomeWideSNP_6_D08_771472	3	162998638	163995351	680	0.0637
DUNGS_p_TCGA_b84_115_SNP_N_GenomeWideSNP_6_D08_771472	3	163995433	164015644	15	0.7373
DUNGS_p_TCGA_b84_115_SNP_N_GenomeWideSNP_6_D08_771472	3	164017424	164028923	8	1.7062
DUNGS_p_TCGA_b84_115_SNP_N_GenomeWideSNP_6_D08_771472	3	164030203	164106575	43	0.7978
DUNGS_p_TCGA_b84_115_SNP_N_GenomeWideSNP_6_D08_771472	3	164106591	164197211	75	0.0916
DUNGS_p_TCGA_b84_115_SNP_N_GenomeWideSNP_6_D08_771472	3	164200421	164202256	2	-3.2169
DUNGS_p_TCGA_b84_115_SNP_N_GenomeWideSNP_6_D08_771472	3	164208853	188180792	14624	0.2116
DUNGS_p_TCGA_b84_115_SNP_N_GenomeWideSNP_6_D08_771472	3	188183531	188183617	2	-3.5641
DUNGS_p_TCGA_b84_115_SNP_N_GenomeWideSNP_6_D08_771472	3	188191498	189077988	673	0.2222
DUNGS_p_TCGA_b84_115_SNP_N_GenomeWideSNP_6_D08_771472	3	189078072	189078407	2	1.9506
DUNGS_p_TCGA_b84_115_SNP_N_GenomeWideSNP_6_D08_771472	3	189078434	189965969	706	0.2418
DUNGS_p_TCGA_b84_115_SNP_N_GenomeWideSNP_6_D08_771472	3	189967770	190015503	29	-0.8763
DUNGS_p_TCGA_b84_115_SNP_N_GenomeWideSNP_6_D08_771472	3	190022011	194360656	3102	0.2368
DUNGS_p_TCGA_b84_115_SNP_N_GenomeWideSNP_6_D08_771472	3	194360739	194361700	5	1.6876
DUNGS_p_TCGA_b84_115_SNP_N_GenomeWideSNP_6_D08_771472	3	194363167	199380382	2718	0.2328
DUNGS_p_TCGA_b84_115_SNP_N_GenomeWideSNP_6_D08_771472	3	199380399	199380515	3	1.4658
DUNGS_p_TCGA_b84_115_SNP_N_GenomeWideSNP_6_D08_771472	4	2281	5131088	2438	0.0522
DUNGS_p_TCGA_b84_115_SNP_N_GenomeWideSNP_6_D08_771472	4	5135038	5487670	307	-0.2569
DUNGS_p_TCGA_b84_115_SNP_N_GenomeWideSNP_6_D08_771472	4	5487793	9819061	3059	0.053
DUNGS_p_TCGA_b84_115_SNP_N_GenomeWideSNP_6_D08_771472	4	9819211	9843364	36	0.5063
DUNGS_p_TCGA_b84_115_SNP_N_GenomeWideSNP_6_D08_771472	4	9843706	9999220	175	0.0389
DUNGS_p_TCGA_b84_115_SNP_N_GenomeWideSNP_6_D08_771472	4	9999813	10009766	17	-0.3284
DUNGS_p_TCGA_b84_115_SNP_N_GenomeWideSNP_6_D08_771472	4	10011816	11760561	1471	0.0463
DUNGS_p_TCGA_b84_115_SNP_N_GenomeWideSNP_6_D08_771472	4	11763606	11771239	3	-0.9453
DUNGS_p_TCGA_b84_115_SNP_N_GenomeWideSNP_6_D08_771472	4	11775022	21654477	7102	0.0545
DUNGS_p_TCGA_b84_115_SNP_N_GenomeWideSNP_6_D08_771472	4	21657735	21679799	23	-1.0178
DUNGS_p_TCGA_b84_115_SNP_N_GenomeWideSNP_6_D08_771472	4	21683644	34455370	8217	0.0589
DUNGS_p_TCGA_b84_115_SNP_N_GenomeWideSNP_6_D08_771472	4	34455399	34506323	45	-0.2278
DUNGS_p_TCGA_b84_115_SNP_N_GenomeWideSNP_6_D08_771472	4	34506344	48962605	8993	0.0603
DUNGS_p_TCGA_b84_115_SNP_N_GenomeWideSNP_6_D08_771472	4	48985949	49198542	7	-0.4069
DUNGS_p_TCGA_b84_115_SNP_N_GenomeWideSNP_6_D08_771472	4	49205156	49353369	17	0.5218
DUNGS_p_TCGA_b84_115_SNP_N_GenomeWideSNP_6_D08_771472	4	52380456	57769320	3571	0.0606
DUNGS_p_TCGA_b84_115_SNP_N_GenomeWideSNP_6_D08_771472	4	57770650	57771073	2	1.2122
DUNGS_p_TCGA_b84_115_SNP_N_GenomeWideSNP_6_D08_771472	4	57771097	61619533	2510	0.0624
DUNGS_p_TCGA_b84_115_SNP_N_GenomeWideSNP_6_D08_771472	4	61623530	61628281	3	-1.1641
DUNGS_p_TCGA_b84_115_SNP_N_GenomeWideSNP_6_D08_771472	4	61628807	64390200	1525	0.0602
DUNGS_p_TCGA_b84_115_SNP_N_GenomeWideSNP_6_D08_771472	4	64390349	64390853	6	-1.264
DUNGS_p_TCGA_b84_115_SNP_N_GenomeWideSNP_6_D08_771472	4	64399026	68967186	2864	0.055
DUNGS_p_TCGA_b84_115_SNP_N_GenomeWideSNP_6_D08_771472	4	68970733	68970737	3	1.4856
DUNGS_p_TCGA_b84_115_SNP_N_GenomeWideSNP_6_D08_771472	4	68977394	70154911	404	0.0857
DUNGS_p_TCGA_b84_115_SNP_N_GenomeWideSNP_6_D08_771472	4	70155288	70306140	81	0.4324
DUNGS_p_TCGA_b84_115_SNP_N_GenomeWideSNP_6_D08_771472	4	70312519	77508810	4252	0.0585
DUNGS_p_TCGA_b84_115_SNP_N_GenomeWideSNP_6_D08_771472	4	77511100	77511390	4	-1.5287
DUNGS_p_TCGA_b84_115_SNP_N_GenomeWideSNP_6_D08_771472	4	77511825	91502169	8858	0.057
DUNGS_p_TCGA_b84_115_SNP_N_GenomeWideSNP_6_D08_771472	4	91503966	91510539	10	-1.1217
DUNGS_p_TCGA_b84_115_SNP_N_GenomeWideSNP_6_D08_771472	4	91513391	92080856	295	0.0581
DUNGS_p_TCGA_b84_115_SNP_N_GenomeWideSNP_6_D08_771472	4	92081963	92160891	89	-0.211
DUNGS_p_TCGA_b84_115_SNP_N_GenomeWideSNP_6_D08_771472	4	92160965	94100388	1019	0.0569
DUNGS_p_TCGA_b84_115_SNP_N_GenomeWideSNP_6_D08_771472	4	94103962	94105147	2	-1.0306
DUNGS_p_TCGA_b84_115_SNP_N_GenomeWideSNP_6_D08_771472	4	94108975	101395601	4323	0.0502
DUNGS_p_TCGA_b84_115_SNP_N_GenomeWideSNP_6_D08_771472	4	101395694	101399717	2	-1.2635
DUNGS_p_TCGA_b84_115_SNP_N_GenomeWideSNP_6_D08_771472	4	101400855	104965020	2187	0.055
DUNGS_p_TCGA_b84_115_SNP_N_GenomeWideSNP_6_D08_771472	4	104971079	104971086	5	1.1621
DUNGS_p_TCGA_b84_115_SNP_N_GenomeWideSNP_6_D08_771472	4	104971093	115393105	6317	0.0497
DUNGS_p_TCGA_b84_115_SNP_N_GenomeWideSNP_6_D08_771472	4	115393149	115403701	26	0.8487
DUNGS_p_TCGA_b84_115_SNP_N_GenomeWideSNP_6_D08_771472	4	115403715	116392425	615	0.0516
DUNGS_p_TCGA_b84_115_SNP_N_GenomeWideSNP_6_D08_771472	4	116392491	116404990	30	0.3853
DUNGS_p_TCGA_b84_115_SNP_N_GenomeWideSNP_6_D08_771472	4	116405550	138157815	12502	0.0518
DUNGS_p_TCGA_b84_115_SNP_N_GenomeWideSNP_6_D08_771472	4	138157928	138173257	33	0.3474
DUNGS_p_TCGA_b84_115_SNP_N_GenomeWideSNP_6_D08_771472	4	138173429	169066477	19322	-0.118
DUNGS_p_TCGA_b84_115_SNP_N_GenomeWideSNP_6_D08_771472	4	169071978	169071982	2	1.1611
DUNGS_p_TCGA_b84_115_SNP_N_GenomeWideSNP_6_D08_771472	4	169072166	171082955	1294	-0.168
DUNGS_p_TCGA_b84_115_SNP_N_GenomeWideSNP_6_D08_771472	4	171083128	171083616	2	-1.6553
DUNGS_p_TCGA_b84_115_SNP_N_GenomeWideSNP_6_D08_771472	4	171084107	172613848	976	-0.1627
DUNGS_p_TCGA_b84_115_SNP_N_GenomeWideSNP_6_D08_771472	4	172613863	172614285	4	-1.0785
DUNGS_p_TCGA_b84_115_SNP_N_GenomeWideSNP_6_D08_771472	4	172614299	173224503	399	-0.1717
DUNGS_p_TCGA_b84_115_SNP_N_GenomeWideSNP_6_D08_771472	4	173225723	173238621	18	0.2831
DUNGS_p_TCGA_b84_115_SNP_N_GenomeWideSNP_6_D08_771472	4	173238636	183686910	7044	-0.1766
DUNGS_p_TCGA_b84_115_SNP_N_GenomeWideSNP_6_D08_771472	4	183689208	183689727	4	-1.2475
DUNGS_p_TCGA_b84_115_SNP_N_GenomeWideSNP_6_D08_771472	4	183689992	191154279	5073	-0.169
DUNGS_p_TCGA_b84_115_SNP_N_GenomeWideSNP_6_D08_771472	4	191158703	191261904	13	0.3886
DUNGS_p_TCGA_b84_115_SNP_N_GenomeWideSNP_6_D08_771472	5	68532	12838262	10228	0.0972
DUNGS_p_TCGA_b84_115_SNP_N_GenomeWideSNP_6_D08_771472	5	12843869	12868780	5	1.0509
DUNGS_p_TCGA_b84_115_SNP_N_GenomeWideSNP_6_D08_771472	5	12868865	12879650	10	-0.4137
DUNGS_p_TCGA_b84_115_SNP_N_GenomeWideSNP_6_D08_771472	5	12886857	17557177	3179	0.1388
DUNGS_p_TCGA_b84_115_SNP_N_GenomeWideSNP_6_D08_771472	5	17557277	17568801	8	-0.2999
DUNGS_p_TCGA_b84_115_SNP_N_GenomeWideSNP_6_D08_771472	5	17644656	17650871	11	-1.3585
DUNGS_p_TCGA_b84_115_SNP_N_GenomeWideSNP_6_D08_771472	5	17651343	17663173	6	-0.4053
DUNGS_p_TCGA_b84_115_SNP_N_GenomeWideSNP_6_D08_771472	5	17669503	46227641	17372	0.107
DUNGS_p_TCGA_b84_115_SNP_N_GenomeWideSNP_6_D08_771472	5	46231640	46235192	4	-1.2394
DUNGS_p_TCGA_b84_115_SNP_N_GenomeWideSNP_6_D08_771472	5	46245056	46287063	13	0.2591
DUNGS_p_TCGA_b84_115_SNP_N_GenomeWideSNP_6_D08_771472	5	46306765	46309259	8	1.1522
DUNGS_p_TCGA_b84_115_SNP_N_GenomeWideSNP_6_D08_771472	5	46313969	151494364	62846	0.0543
DUNGS_p_TCGA_b84_115_SNP_N_GenomeWideSNP_6_D08_771472	5	151495579	151498544	14	-0.7086
DUNGS_p_TCGA_b84_115_SNP_N_GenomeWideSNP_6_D08_771472	5	151500464	155407682	2664	0.0555
DUNGS_p_TCGA_b84_115_SNP_N_GenomeWideSNP_6_D08_771472	5	155407683	155427835	18	0.5024
DUNGS_p_TCGA_b84_115_SNP_N_GenomeWideSNP_6_D08_771472	5	155427837	163465953	5405	0.0514
DUNGS_p_TCGA_b84_115_SNP_N_GenomeWideSNP_6_D08_771472	5	163466106	163468712	2	1.1716
DUNGS_p_TCGA_b84_115_SNP_N_GenomeWideSNP_6_D08_771472	5	163477296	165770797	1468	0.0392
DUNGS_p_TCGA_b84_115_SNP_N_GenomeWideSNP_6_D08_771472	5	165770812	165782152	41	0.3228
DUNGS_p_TCGA_b84_115_SNP_N_GenomeWideSNP_6_D08_771472	5	165782533	175279203	7166	0.0525
DUNGS_p_TCGA_b84_115_SNP_N_GenomeWideSNP_6_D08_771472	5	175279234	175281428	4	-0.8026
DUNGS_p_TCGA_b84_115_SNP_N_GenomeWideSNP_6_D08_771472	5	175281448	175392693	20	0.0763
DUNGS_p_TCGA_b84_115_SNP_N_GenomeWideSNP_6_D08_771472	5	175398295	175402113	2	-1.5404
DUNGS_p_TCGA_b84_115_SNP_N_GenomeWideSNP_6_D08_771472	5	175402930	177098746	726	0.0506
DUNGS_p_TCGA_b84_115_SNP_N_GenomeWideSNP_6_D08_771472	5	177100569	177192936	9	1.3804
DUNGS_p_TCGA_b84_115_SNP_N_GenomeWideSNP_6_D08_771472	5	177198586	180722926	2001	0.0565
DUNGS_p_TCGA_b84_115_SNP_N_GenomeWideSNP_6_D08_771472	6	94661	239837	124	0.1436
DUNGS_p_TCGA_b84_115_SNP_N_GenomeWideSNP_6_D08_771472	6	247306	327559	79	-0.2886
DUNGS_p_TCGA_b84_115_SNP_N_GenomeWideSNP_6_D08_771472	6	327897	1947050	1400	0.094
DUNGS_p_TCGA_b84_115_SNP_N_GenomeWideSNP_6_D08_771472	6	1947195	1947406	2	-1.1079
DUNGS_p_TCGA_b84_115_SNP_N_GenomeWideSNP_6_D08_771472	6	1950973	19148098	13210	0.0975
DUNGS_p_TCGA_b84_115_SNP_N_GenomeWideSNP_6_D08_771472	6	19150160	19150797	3	-1.3313
DUNGS_p_TCGA_b84_115_SNP_N_GenomeWideSNP_6_D08_771472	6	19152681	19165660	30	-0.0031
DUNGS_p_TCGA_b84_115_SNP_N_GenomeWideSNP_6_D08_771472	6	19165675	19166394	4	-0.6876
DUNGS_p_TCGA_b84_115_SNP_N_GenomeWideSNP_6_D08_771472	6	19169361	23850996	3404	0.1019
DUNGS_p_TCGA_b84_115_SNP_N_GenomeWideSNP_6_D08_771472	6	23852651	23853409	2	-2.7913
DUNGS_p_TCGA_b84_115_SNP_N_GenomeWideSNP_6_D08_771472	6	23855711	26959777	2100	0.1003
DUNGS_p_TCGA_b84_115_SNP_N_GenomeWideSNP_6_D08_771472	6	26969017	27005527	3	-0.9138
DUNGS_p_TCGA_b84_115_SNP_N_GenomeWideSNP_6_D08_771472	6	27012738	29945051	1406	0.1017
DUNGS_p_TCGA_b84_115_SNP_N_GenomeWideSNP_6_D08_771472	6	29945166	29982621	22	0.7935
DUNGS_p_TCGA_b84_115_SNP_N_GenomeWideSNP_6_D08_771472	6	29982688	30007656	11	-0.764
DUNGS_p_TCGA_b84_115_SNP_N_GenomeWideSNP_6_D08_771472	6	30009543	30009555	4	0.7115
DUNGS_p_TCGA_b84_115_SNP_N_GenomeWideSNP_6_D08_771472	6	30016448	31381682	651	0.0942
DUNGS_p_TCGA_b84_115_SNP_N_GenomeWideSNP_6_D08_771472	6	31385665	31395090	6	0.7671
DUNGS_p_TCGA_b84_115_SNP_N_GenomeWideSNP_6_D08_771472	6	31395201	31403385	3	-2.4512
DUNGS_p_TCGA_b84_115_SNP_N_GenomeWideSNP_6_D08_771472	6	31403932	32624906	533	0.133
DUNGS_p_TCGA_b84_115_SNP_N_GenomeWideSNP_6_D08_771472	6	32626747	32681749	13	0.822
DUNGS_p_TCGA_b84_115_SNP_N_GenomeWideSNP_6_D08_771472	6	32681992	32695435	13	0.2403
DUNGS_p_TCGA_b84_115_SNP_N_GenomeWideSNP_6_D08_771472	6	32700999	32710085	7	-1.0308
DUNGS_p_TCGA_b84_115_SNP_N_GenomeWideSNP_6_D08_771472	6	32710247	32732282	7	0.0888
DUNGS_p_TCGA_b84_115_SNP_N_GenomeWideSNP_6_D08_771472	6	32732569	32758590	6	1.1668
DUNGS_p_TCGA_b84_115_SNP_N_GenomeWideSNP_6_D08_771472	6	32762618	39164128	4009	0.1005
DUNGS_p_TCGA_b84_115_SNP_N_GenomeWideSNP_6_D08_771472	6	39168554	43387019	2820	-0.2079
DUNGS_p_TCGA_b84_115_SNP_N_GenomeWideSNP_6_D08_771472	6	43392058	43393126	3	-1.5191
DUNGS_p_TCGA_b84_115_SNP_N_GenomeWideSNP_6_D08_771472	6	43401079	52734531	5940	-0.2203
DUNGS_p_TCGA_b84_115_SNP_N_GenomeWideSNP_6_D08_771472	6	52734776	52744568	17	0.1866
DUNGS_p_TCGA_b84_115_SNP_N_GenomeWideSNP_6_D08_771472	6	52744822	54033163	965	-0.2274
DUNGS_p_TCGA_b84_115_SNP_N_GenomeWideSNP_6_D08_771472	6	54039026	54039762	8	0.8197
DUNGS_p_TCGA_b84_115_SNP_N_GenomeWideSNP_6_D08_771472	6	54039814	66456270	5065	-0.207
DUNGS_p_TCGA_b84_115_SNP_N_GenomeWideSNP_6_D08_771472	6	66456274	66465641	24	-0.6158
DUNGS_p_TCGA_b84_115_SNP_N_GenomeWideSNP_6_D08_771472	6	66466071	67085421	396	-0.2105
DUNGS_p_TCGA_b84_115_SNP_N_GenomeWideSNP_6_D08_771472	6	67085467	67090536	14	0.3116
DUNGS_p_TCGA_b84_115_SNP_N_GenomeWideSNP_6_D08_771472	6	67094275	67097634	4	-0.1979
DUNGS_p_TCGA_b84_115_SNP_N_GenomeWideSNP_6_D08_771472	6	67098172	67099913	6	-1.1326
DUNGS_p_TCGA_b84_115_SNP_N_GenomeWideSNP_6_D08_771472	6	67099956	72919646	3932	-0.2204
DUNGS_p_TCGA_b84_115_SNP_N_GenomeWideSNP_6_D08_771472	6	72923245	72923593	2	-2.178
DUNGS_p_TCGA_b84_115_SNP_N_GenomeWideSNP_6_D08_771472	6	72925284	77071668	2571	-0.2259
DUNGS_p_TCGA_b84_115_SNP_N_GenomeWideSNP_6_D08_771472	6	77073620	77073646	3	0.9276
DUNGS_p_TCGA_b84_115_SNP_N_GenomeWideSNP_6_D08_771472	6	77073713	77474806	279	-0.1793
DUNGS_p_TCGA_b84_115_SNP_N_GenomeWideSNP_6_D08_771472	6	77474926	77497656	22	0.0354
DUNGS_p_TCGA_b84_115_SNP_N_GenomeWideSNP_6_D08_771472	6	77498094	77509408	15	0.4259
DUNGS_p_TCGA_b84_115_SNP_N_GenomeWideSNP_6_D08_771472	6	77509476	79028431	985	-0.2167
DUNGS_p_TCGA_b84_115_SNP_N_GenomeWideSNP_6_D08_771472	6	79028500	79084234	102	-0.9005
DUNGS_p_TCGA_b84_115_SNP_N_GenomeWideSNP_6_D08_771472	6	79084489	81053470	1239	-0.2248
DUNGS_p_TCGA_b84_115_SNP_N_GenomeWideSNP_6_D08_771472	6	81054372	81054619	2	-1.4252
DUNGS_p_TCGA_b84_115_SNP_N_GenomeWideSNP_6_D08_771472	6	81056932	88504200	4622	-0.2222
DUNGS_p_TCGA_b84_115_SNP_N_GenomeWideSNP_6_D08_771472	6	88504282	88507677	3	0.8253
DUNGS_p_TCGA_b84_115_SNP_N_GenomeWideSNP_6_D08_771472	6	88508028	99693198	7124	-0.2274
DUNGS_p_TCGA_b84_115_SNP_N_GenomeWideSNP_6_D08_771472	6	99695106	100202413	355	0.0559
DUNGS_p_TCGA_b84_115_SNP_N_GenomeWideSNP_6_D08_771472	6	100204023	100206749	3	-0.8633
DUNGS_p_TCGA_b84_115_SNP_N_GenomeWideSNP_6_D08_771472	6	100208057	103844669	2165	0.0561
DUNGS_p_TCGA_b84_115_SNP_N_GenomeWideSNP_6_D08_771472	6	103844732	103868754	45	0.8227
DUNGS_p_TCGA_b84_115_SNP_N_GenomeWideSNP_6_D08_771472	6	103872163	124473473	12713	0.0571
DUNGS_p_TCGA_b84_115_SNP_N_GenomeWideSNP_6_D08_771472	6	124477640	124512064	20	0.8565
DUNGS_p_TCGA_b84_115_SNP_N_GenomeWideSNP_6_D08_771472	6	124512460	155002574	20321	0.0532
DUNGS_p_TCGA_b84_115_SNP_N_GenomeWideSNP_6_D08_771472	6	155005358	155007529	3	-1.1343
DUNGS_p_TCGA_b84_115_SNP_N_GenomeWideSNP_6_D08_771472	6	155007959	158559823	2270	0.0509
DUNGS_p_TCGA_b84_115_SNP_N_GenomeWideSNP_6_D08_771472	6	158560359	158562554	14	0.7414
DUNGS_p_TCGA_b84_115_SNP_N_GenomeWideSNP_6_D08_771472	6	158562568	170892930	8943	0.0449
DUNGS_p_TCGA_b84_115_SNP_N_GenomeWideSNP_6_D08_771472	7	52911	3275706	1355	-0.1091
DUNGS_p_TCGA_b84_115_SNP_N_GenomeWideSNP_6_D08_771472	7	3279396	3694412	391	0.1455
DUNGS_p_TCGA_b84_115_SNP_N_GenomeWideSNP_6_D08_771472	7	3694422	4638798	781	-0.1638
DUNGS_p_TCGA_b84_115_SNP_N_GenomeWideSNP_6_D08_771472	7	4640984	4650400	4	-1.1051
DUNGS_p_TCGA_b84_115_SNP_N_GenomeWideSNP_6_D08_771472	7	4651654	5874199	537	-0.1692
DUNGS_p_TCGA_b84_115_SNP_N_GenomeWideSNP_6_D08_771472	7	5877817	5885636	6	0.6415
DUNGS_p_TCGA_b84_115_SNP_N_GenomeWideSNP_6_D08_771472	7	5890264	5917354	11	-0.2502
DUNGS_p_TCGA_b84_115_SNP_N_GenomeWideSNP_6_D08_771472	7	5922785	5952986	6	1.0565
DUNGS_p_TCGA_b84_115_SNP_N_GenomeWideSNP_6_D08_771472	7	5966103	8812536	2030	-0.1504
DUNGS_p_TCGA_b84_115_SNP_N_GenomeWideSNP_6_D08_771472	7	8812582	8812999	2	-2.015
DUNGS_p_TCGA_b84_115_SNP_N_GenomeWideSNP_6_D08_771472	7	8813102	11886875	2480	-0.1302
DUNGS_p_TCGA_b84_115_SNP_N_GenomeWideSNP_6_D08_771472	7	11887398	11887830	4	-1.2107
DUNGS_p_TCGA_b84_115_SNP_N_GenomeWideSNP_6_D08_771472	7	11887944	16136183	3437	-0.1165
DUNGS_p_TCGA_b84_115_SNP_N_GenomeWideSNP_6_D08_771472	7	16138085	16138784	2	1.2072
DUNGS_p_TCGA_b84_115_SNP_N_GenomeWideSNP_6_D08_771472	7	16143366	18705629	1933	-0.0969
DUNGS_p_TCGA_b84_115_SNP_N_GenomeWideSNP_6_D08_771472	7	18705758	19304877	759	0.1584
DUNGS_p_TCGA_b84_115_SNP_N_GenomeWideSNP_6_D08_771472	7	19305053	38261521	13732	-0.1194
DUNGS_p_TCGA_b84_115_SNP_N_GenomeWideSNP_6_D08_771472	7	38264360	38371622	129	0.1415
DUNGS_p_TCGA_b84_115_SNP_N_GenomeWideSNP_6_D08_771472	7	38374719	48436383	6658	-0.1164
DUNGS_p_TCGA_b84_115_SNP_N_GenomeWideSNP_6_D08_771472	7	48440053	48443167	3	-1.3011
DUNGS_p_TCGA_b84_115_SNP_N_GenomeWideSNP_6_D08_771472	7	48447362	52576763	3037	-0.1271
DUNGS_p_TCGA_b84_115_SNP_N_GenomeWideSNP_6_D08_771472	7	52577828	53505700	703	2.3042
DUNGS_p_TCGA_b84_115_SNP_N_GenomeWideSNP_6_D08_771472	7	53505798	53987477	334	1.9803
DUNGS_p_TCGA_b84_115_SNP_N_GenomeWideSNP_6_D08_771472	7	53987615	54165050	152	1.7122
DUNGS_p_TCGA_b84_115_SNP_N_GenomeWideSNP_6_D08_771472	7	54165995	54347867	130	1.38
DUNGS_p_TCGA_b84_115_SNP_N_GenomeWideSNP_6_D08_771472	7	54353999	54354011	6	-0.2884
DUNGS_p_TCGA_b84_115_SNP_N_GenomeWideSNP_6_D08_771472	7	54360982	55758098	1146	1.401
DUNGS_p_TCGA_b84_115_SNP_N_GenomeWideSNP_6_D08_771472	7	55758929	55760504	2	-0.2762
DUNGS_p_TCGA_b84_115_SNP_N_GenomeWideSNP_6_D08_771472	7	55765594	55973485	83	1.4971
DUNGS_p_TCGA_b84_115_SNP_N_GenomeWideSNP_6_D08_771472	7	55984428	97223869	20940	0.0728
DUNGS_p_TCGA_b84_115_SNP_N_GenomeWideSNP_6_D08_771472	7	97223906	97239913	12	0.6888
DUNGS_p_TCGA_b84_115_SNP_N_GenomeWideSNP_6_D08_771472	7	97239981	100905537	1592	0.0487
DUNGS_p_TCGA_b84_115_SNP_N_GenomeWideSNP_6_D08_771472	7	100907247	100910147	3	1.5413
DUNGS_p_TCGA_b84_115_SNP_N_GenomeWideSNP_6_D08_771472	7	100913001	105374089	2544	0.0685
DUNGS_p_TCGA_b84_115_SNP_N_GenomeWideSNP_6_D08_771472	7	105374153	105374196	3	-0.9953
DUNGS_p_TCGA_b84_115_SNP_N_GenomeWideSNP_6_D08_771472	7	105374454	109221034	2502	0.0613
DUNGS_p_TCGA_b84_115_SNP_N_GenomeWideSNP_6_D08_771472	7	109224328	109241218	36	0.5411
DUNGS_p_TCGA_b84_115_SNP_N_GenomeWideSNP_6_D08_771472	7	109241465	123950499	8861	0.0604
DUNGS_p_TCGA_b84_115_SNP_N_GenomeWideSNP_6_D08_771472	7	123951002	123951363	3	-0.9244
DUNGS_p_TCGA_b84_115_SNP_N_GenomeWideSNP_6_D08_771472	7	123951872	141406256	11136	0.0636
DUNGS_p_TCGA_b84_115_SNP_N_GenomeWideSNP_6_D08_771472	7	141406463	141438576	47	-0.4112
DUNGS_p_TCGA_b84_115_SNP_N_GenomeWideSNP_6_D08_771472	7	141441750	142156294	452	0.1395
DUNGS_p_TCGA_b84_115_SNP_N_GenomeWideSNP_6_D08_771472	7	142156339	142176424	29	0.7549
DUNGS_p_TCGA_b84_115_SNP_N_GenomeWideSNP_6_D08_771472	7	142186163	143504885	837	0.064
DUNGS_p_TCGA_b84_115_SNP_N_GenomeWideSNP_6_D08_771472	7	143527185	143705862	45	0.7332
DUNGS_p_TCGA_b84_115_SNP_N_GenomeWideSNP_6_D08_771472	7	143706451	154020828	6452	0.0624
DUNGS_p_TCGA_b84_115_SNP_N_GenomeWideSNP_6_D08_771472	7	154024104	154030546	4	-2.0198
DUNGS_p_TCGA_b84_115_SNP_N_GenomeWideSNP_6_D08_771472	7	154031763	158819765	3247	0.0581
DUNGS_p_TCGA_b84_115_SNP_N_GenomeWideSNP_6_D08_771472	8	21254	161626	15	0.1213
DUNGS_p_TCGA_b84_115_SNP_N_GenomeWideSNP_6_D08_771472	8	163223	7225429	7848	-0.1583
DUNGS_p_TCGA_b84_115_SNP_N_GenomeWideSNP_6_D08_771472	8	7237790	7310863	31	-0.5586
DUNGS_p_TCGA_b84_115_SNP_N_GenomeWideSNP_6_D08_771472	8	7310973	12881894	3815	-0.1586
DUNGS_p_TCGA_b84_115_SNP_N_GenomeWideSNP_6_D08_771472	8	12883172	12884730	10	0.477
DUNGS_p_TCGA_b84_115_SNP_N_GenomeWideSNP_6_D08_771472	8	12884785	25030494	10150	-0.1663
DUNGS_p_TCGA_b84_115_SNP_N_GenomeWideSNP_6_D08_771472	8	25031417	25035904	17	-0.6587
DUNGS_p_TCGA_b84_115_SNP_N_GenomeWideSNP_6_D08_771472	8	25039986	39345098	9049	-0.1555
DUNGS_p_TCGA_b84_115_SNP_N_GenomeWideSNP_6_D08_771472	8	39345200	39514266	70	0.3902
DUNGS_p_TCGA_b84_115_SNP_N_GenomeWideSNP_6_D08_771472	8	39515014	39949784	261	-0.1534
DUNGS_p_TCGA_b84_115_SNP_N_GenomeWideSNP_6_D08_771472	8	39949857	39950804	4	-0.597
DUNGS_p_TCGA_b84_115_SNP_N_GenomeWideSNP_6_D08_771472	8	39953976	40303707	328	0.0499
DUNGS_p_TCGA_b84_115_SNP_N_GenomeWideSNP_6_D08_771472	8	40303899	40304204	6	0.7621
DUNGS_p_TCGA_b84_115_SNP_N_GenomeWideSNP_6_D08_771472	8	40304601	40891153	470	0.0485
DUNGS_p_TCGA_b84_115_SNP_N_GenomeWideSNP_6_D08_771472	8	40897009	40897628	2	-2.3143
DUNGS_p_TCGA_b84_115_SNP_N_GenomeWideSNP_6_D08_771472	8	40902837	63882398	11950	0.056
DUNGS_p_TCGA_b84_115_SNP_N_GenomeWideSNP_6_D08_771472	8	63884086	63884218	2	-1.2362
DUNGS_p_TCGA_b84_115_SNP_N_GenomeWideSNP_6_D08_771472	8	63885837	64502635	367	0.0383
DUNGS_p_TCGA_b84_115_SNP_N_GenomeWideSNP_6_D08_771472	8	64502816	64503151	2	-1.2303
DUNGS_p_TCGA_b84_115_SNP_N_GenomeWideSNP_6_D08_771472	8	64510847	72374919	4528	0.0564
DUNGS_p_TCGA_b84_115_SNP_N_GenomeWideSNP_6_D08_771472	8	72377865	72378580	4	-0.9314
DUNGS_p_TCGA_b84_115_SNP_N_GenomeWideSNP_6_D08_771472	8	72378692	78917884	4194	0.052
DUNGS_p_TCGA_b84_115_SNP_N_GenomeWideSNP_6_D08_771472	8	78918858	78919067	2	1.1453
DUNGS_p_TCGA_b84_115_SNP_N_GenomeWideSNP_6_D08_771472	8	78919198	79973394	600	0.0603
DUNGS_p_TCGA_b84_115_SNP_N_GenomeWideSNP_6_D08_771472	8	79973465	79973720	4	0.7546
DUNGS_p_TCGA_b84_115_SNP_N_GenomeWideSNP_6_D08_771472	8	79974129	81614888	980	0.0471
DUNGS_p_TCGA_b84_115_SNP_N_GenomeWideSNP_6_D08_771472	8	81620461	81629983	5	0.7977
DUNGS_p_TCGA_b84_115_SNP_N_GenomeWideSNP_6_D08_771472	8	81632259	104061766	13368	0.0538
DUNGS_p_TCGA_b84_115_SNP_N_GenomeWideSNP_6_D08_771472	8	104064087	104064999	2	-1.1842
DUNGS_p_TCGA_b84_115_SNP_N_GenomeWideSNP_6_D08_771472	8	104066611	107457860	2029	0.0581
DUNGS_p_TCGA_b84_115_SNP_N_GenomeWideSNP_6_D08_771472	8	107459502	107465771	9	0.5792
DUNGS_p_TCGA_b84_115_SNP_N_GenomeWideSNP_6_D08_771472	8	107465836	109899258	1619	0.0629
DUNGS_p_TCGA_b84_115_SNP_N_GenomeWideSNP_6_D08_771472	8	109900373	109911244	5	0.7241
DUNGS_p_TCGA_b84_115_SNP_N_GenomeWideSNP_6_D08_771472	8	109913305	112363642	1340	0.0476
DUNGS_p_TCGA_b84_115_SNP_N_GenomeWideSNP_6_D08_771472	8	112363822	112364436	7	-1.5402
DUNGS_p_TCGA_b84_115_SNP_N_GenomeWideSNP_6_D08_771472	8	112369457	115703663	1828	0.0525
DUNGS_p_TCGA_b84_115_SNP_N_GenomeWideSNP_6_D08_771472	8	115703730	115719873	35	0.4661
DUNGS_p_TCGA_b84_115_SNP_N_GenomeWideSNP_6_D08_771472	8	115719963	146268959	21094	0.0594
DUNGS_p_TCGA_b84_115_SNP_N_GenomeWideSNP_6_D08_771472	9	36587	235752	80	-0.0251
DUNGS_p_TCGA_b84_115_SNP_N_GenomeWideSNP_6_D08_771472	9	236397	236725	3	1.5513
DUNGS_p_TCGA_b84_115_SNP_N_GenomeWideSNP_6_D08_771472	9	239281	1393653	1340	-0.1602
DUNGS_p_TCGA_b84_115_SNP_N_GenomeWideSNP_6_D08_771472	9	1394430	1394922	4	-1.153
DUNGS_p_TCGA_b84_115_SNP_N_GenomeWideSNP_6_D08_771472	9	1395945	28034704	22614	-0.1664
DUNGS_p_TCGA_b84_115_SNP_N_GenomeWideSNP_6_D08_771472	9	28037588	28040691	5	-1.7707
DUNGS_p_TCGA_b84_115_SNP_N_GenomeWideSNP_6_D08_771472	9	28045603	28293006	222	-0.1235
DUNGS_p_TCGA_b84_115_SNP_N_GenomeWideSNP_6_D08_771472	9	28293017	28301629	7	0.837
DUNGS_p_TCGA_b84_115_SNP_N_GenomeWideSNP_6_D08_771472	9	28302061	29081097	560	-0.1488
DUNGS_p_TCGA_b84_115_SNP_N_GenomeWideSNP_6_D08_771472	9	29084549	29087680	3	0.9455
DUNGS_p_TCGA_b84_115_SNP_N_GenomeWideSNP_6_D08_771472	9	29090799	71290389	8017	-0.1527
DUNGS_p_TCGA_b84_115_SNP_N_GenomeWideSNP_6_D08_771472	9	71295433	71295435	3	0.8945
DUNGS_p_TCGA_b84_115_SNP_N_GenomeWideSNP_6_D08_771472	9	71295439	133248600	43476	-0.0196
DUNGS_p_TCGA_b84_115_SNP_N_GenomeWideSNP_6_D08_771472	9	133250747	133255525	5	-1.4253
DUNGS_p_TCGA_b84_115_SNP_N_GenomeWideSNP_6_D08_771472	9	133261836	137353926	2533	0.0428
DUNGS_p_TCGA_b84_115_SNP_N_GenomeWideSNP_6_D08_771472	9	137355443	137356233	2	-1.1202
DUNGS_p_TCGA_b84_115_SNP_N_GenomeWideSNP_6_D08_771472	9	137357618	140211215	1115	0.0541
DUNGS_p_TCGA_b84_115_SNP_N_GenomeWideSNP_6_D08_771472	10	62759	1222009	691	0.0583
DUNGS_p_TCGA_b84_115_SNP_N_GenomeWideSNP_6_D08_771472	10	1225393	1226476	3	1.2595
DUNGS_p_TCGA_b84_115_SNP_N_GenomeWideSNP_6_D08_771472	10	1229549	2774913	1475	0.0583
DUNGS_p_TCGA_b84_115_SNP_N_GenomeWideSNP_6_D08_771472	10	2774930	2774947	2	1.3437
DUNGS_p_TCGA_b84_115_SNP_N_GenomeWideSNP_6_D08_771472	10	2775500	6830150	3665	0.0641
DUNGS_p_TCGA_b84_115_SNP_N_GenomeWideSNP_6_D08_771472	10	6830782	6831198	3	-1.0031
DUNGS_p_TCGA_b84_115_SNP_N_GenomeWideSNP_6_D08_771472	10	6832437	9654059	2436	0.0574
DUNGS_p_TCGA_b84_115_SNP_N_GenomeWideSNP_6_D08_771472	10	9654081	9662471	9	0.5331
DUNGS_p_TCGA_b84_115_SNP_N_GenomeWideSNP_6_D08_771472	10	9662849	13089606	2664	0.047
DUNGS_p_TCGA_b84_115_SNP_N_GenomeWideSNP_6_D08_771472	10	13089662	13090616	9	0.6525
DUNGS_p_TCGA_b84_115_SNP_N_GenomeWideSNP_6_D08_771472	10	13093692	24412763	8306	0.0501
DUNGS_p_TCGA_b84_115_SNP_N_GenomeWideSNP_6_D08_771472	10	24415269	24418957	14	0.6599
DUNGS_p_TCGA_b84_115_SNP_N_GenomeWideSNP_6_D08_771472	10	24419013	27263909	1992	0.0511
DUNGS_p_TCGA_b84_115_SNP_N_GenomeWideSNP_6_D08_771472	10	27265910	27268479	13	0.775
DUNGS_p_TCGA_b84_115_SNP_N_GenomeWideSNP_6_D08_771472	10	27269999	46475660	10412	0.0501
DUNGS_p_TCGA_b84_115_SNP_N_GenomeWideSNP_6_D08_771472	10	46475717	46479812	22	0.4483
DUNGS_p_TCGA_b84_115_SNP_N_GenomeWideSNP_6_D08_771472	10	46479827	47417400	267	-0.0948
DUNGS_p_TCGA_b84_115_SNP_N_GenomeWideSNP_6_D08_771472	10	47432905	47468066	3	-1.906
DUNGS_p_TCGA_b84_115_SNP_N_GenomeWideSNP_6_D08_771472	10	47480482	48911485	309	-0.1745
DUNGS_p_TCGA_b84_115_SNP_N_GenomeWideSNP_6_D08_771472	10	48911498	48940984	3	-1.0585
DUNGS_p_TCGA_b84_115_SNP_N_GenomeWideSNP_6_D08_771472	10	48957597	51170676	1368	-0.1658
DUNGS_p_TCGA_b84_115_SNP_N_GenomeWideSNP_6_D08_771472	10	51172170	51177135	4	0.7018
DUNGS_p_TCGA_b84_115_SNP_N_GenomeWideSNP_6_D08_771472	10	51177387	57257935	4354	-0.1462
DUNGS_p_TCGA_b84_115_SNP_N_GenomeWideSNP_6_D08_771472	10	57258298	57260774	2	1.3217
DUNGS_p_TCGA_b84_115_SNP_N_GenomeWideSNP_6_D08_771472	10	57263103	58766198	1109	-0.146
DUNGS_p_TCGA_b84_115_SNP_N_GenomeWideSNP_6_D08_771472	10	58766222	58766237	2	1.6417
DUNGS_p_TCGA_b84_115_SNP_N_GenomeWideSNP_6_D08_771472	10	58766271	61034896	1619	-0.1587
DUNGS_p_TCGA_b84_115_SNP_N_GenomeWideSNP_6_D08_771472	10	61034917	61035270	4	0.6046
DUNGS_p_TCGA_b84_115_SNP_N_GenomeWideSNP_6_D08_771472	10	61035488	72162499	7604	-0.0191
DUNGS_p_TCGA_b84_115_SNP_N_GenomeWideSNP_6_D08_771472	10	72164046	72174962	6	0.808
DUNGS_p_TCGA_b84_115_SNP_N_GenomeWideSNP_6_D08_771472	10	72175358	77922857	3256	0.034
DUNGS_p_TCGA_b84_115_SNP_N_GenomeWideSNP_6_D08_771472	10	77927067	77927616	2	1.4583
DUNGS_p_TCGA_b84_115_SNP_N_GenomeWideSNP_6_D08_771472	10	77931273	81345023	2459	0.0295
DUNGS_p_TCGA_b84_115_SNP_N_GenomeWideSNP_6_D08_771472	10	81375381	81487784	11	0.7363
DUNGS_p_TCGA_b84_115_SNP_N_GenomeWideSNP_6_D08_771472	10	81497207	81582965	10	-0.1107
DUNGS_p_TCGA_b84_115_SNP_N_GenomeWideSNP_6_D08_771472	10	81583463	81616642	13	0.4884
DUNGS_p_TCGA_b84_115_SNP_N_GenomeWideSNP_6_D08_771472	10	81619836	84421297	2001	0.0336
DUNGS_p_TCGA_b84_115_SNP_N_GenomeWideSNP_6_D08_771472	10	84421820	84425435	4	0.8439
DUNGS_p_TCGA_b84_115_SNP_N_GenomeWideSNP_6_D08_771472	10	84425864	89028321	3182	0.0316
DUNGS_p_TCGA_b84_115_SNP_N_GenomeWideSNP_6_D08_771472	10	89036478	89059776	2	2.5548
DUNGS_p_TCGA_b84_115_SNP_N_GenomeWideSNP_6_D08_771472	10	89060725	109260766	12954	0.0267
DUNGS_p_TCGA_b84_115_SNP_N_GenomeWideSNP_6_D08_771472	10	109261376	109266104	4	0.8653
DUNGS_p_TCGA_b84_115_SNP_N_GenomeWideSNP_6_D08_771472	10	109268422	132377717	17083	0.0221
DUNGS_p_TCGA_b84_115_SNP_N_GenomeWideSNP_6_D08_771472	10	132378886	132382910	6	0.7573
DUNGS_p_TCGA_b84_115_SNP_N_GenomeWideSNP_6_D08_771472	10	132383169	135079131	1669	0.0298
DUNGS_p_TCGA_b84_115_SNP_N_GenomeWideSNP_6_D08_771472	10	135079709	135079858	2	-1.5919
DUNGS_p_TCGA_b84_115_SNP_N_GenomeWideSNP_6_D08_771472	10	135082644	135356694	151	-0.005
DUNGS_p_TCGA_b84_115_SNP_N_GenomeWideSNP_6_D08_771472	11	188510	4924226	2480	-0.1522
DUNGS_p_TCGA_b84_115_SNP_N_GenomeWideSNP_6_D08_771472	11	4924693	4933441	40	0.5242
DUNGS_p_TCGA_b84_115_SNP_N_GenomeWideSNP_6_D08_771472	11	4933454	5743981	789	-0.1739
DUNGS_p_TCGA_b84_115_SNP_N_GenomeWideSNP_6_D08_771472	11	5744656	5765715	32	-1.1251
DUNGS_p_TCGA_b84_115_SNP_N_GenomeWideSNP_6_D08_771472	11	5765914	18572749	9198	-0.1695
DUNGS_p_TCGA_b84_115_SNP_N_GenomeWideSNP_6_D08_771472	11	18573648	18573760	2	1.1277
DUNGS_p_TCGA_b84_115_SNP_N_GenomeWideSNP_6_D08_771472	11	18574976	18915466	267	-0.1471
DUNGS_p_TCGA_b84_115_SNP_N_GenomeWideSNP_6_D08_771472	11	18916600	18916691	2	-1.487
DUNGS_p_TCGA_b84_115_SNP_N_GenomeWideSNP_6_D08_771472	11	18917326	18918314	17	-0.2831
DUNGS_p_TCGA_b84_115_SNP_N_GenomeWideSNP_6_D08_771472	11	18918394	18927281	8	0.6629
DUNGS_p_TCGA_b84_115_SNP_N_GenomeWideSNP_6_D08_771472	11	18927324	21803470	2600	-0.1666
DUNGS_p_TCGA_b84_115_SNP_N_GenomeWideSNP_6_D08_771472	11	21804082	21805328	5	-1.6383
DUNGS_p_TCGA_b84_115_SNP_N_GenomeWideSNP_6_D08_771472	11	21807233	23680845	1336	-0.1735
DUNGS_p_TCGA_b84_115_SNP_N_GenomeWideSNP_6_D08_771472	11	23681103	23681118	2	-1.465
DUNGS_p_TCGA_b84_115_SNP_N_GenomeWideSNP_6_D08_771472	11	23682510	25131608	982	-0.1675
DUNGS_p_TCGA_b84_115_SNP_N_GenomeWideSNP_6_D08_771472	11	25132377	25164105	35	0.1273
DUNGS_p_TCGA_b84_115_SNP_N_GenomeWideSNP_6_D08_771472	11	25165987	33287825	5369	-0.1677
DUNGS_p_TCGA_b84_115_SNP_N_GenomeWideSNP_6_D08_771472	11	33289276	33294003	3	1.1105
DUNGS_p_TCGA_b84_115_SNP_N_GenomeWideSNP_6_D08_771472	11	33294209	47021648	9618	-0.1671
DUNGS_p_TCGA_b84_115_SNP_N_GenomeWideSNP_6_D08_771472	11	47022415	55119916	1915	0.0835
DUNGS_p_TCGA_b84_115_SNP_N_GenomeWideSNP_6_D08_771472	11	55130608	55209585	59	-0.2467
DUNGS_p_TCGA_b84_115_SNP_N_GenomeWideSNP_6_D08_771472	11	55210152	79645161	13311	0.0662
DUNGS_p_TCGA_b84_115_SNP_N_GenomeWideSNP_6_D08_771472	11	79645196	79645212	2	-2.7704
DUNGS_p_TCGA_b84_115_SNP_N_GenomeWideSNP_6_D08_771472	11	79645334	93118950	9308	0.0684
DUNGS_p_TCGA_b84_115_SNP_N_GenomeWideSNP_6_D08_771472	11	93129625	93139154	9	-0.9213
DUNGS_p_TCGA_b84_115_SNP_N_GenomeWideSNP_6_D08_771472	11	93140945	95184068	1493	0.0734
DUNGS_p_TCGA_b84_115_SNP_N_GenomeWideSNP_6_D08_771472	11	95184928	95184988	2	-1.1754
DUNGS_p_TCGA_b84_115_SNP_N_GenomeWideSNP_6_D08_771472	11	95186792	133322682	27513	0.0635
DUNGS_p_TCGA_b84_115_SNP_N_GenomeWideSNP_6_D08_771472	11	133322866	133323307	2	1.3941
DUNGS_p_TCGA_b84_115_SNP_N_GenomeWideSNP_6_D08_771472	11	133324652	134449982	840	0.0945
DUNGS_p_TCGA_b84_115_SNP_N_GenomeWideSNP_6_D08_771472	12	20703	739459	420	0.081
DUNGS_p_TCGA_b84_115_SNP_N_GenomeWideSNP_6_D08_771472	12	739524	744290	16	-3.1393
DUNGS_p_TCGA_b84_115_SNP_N_GenomeWideSNP_6_D08_771472	12	745615	907549	111	0.113
DUNGS_p_TCGA_b84_115_SNP_N_GenomeWideSNP_6_D08_771472	12	909003	6261216	4102	-0.2064
DUNGS_p_TCGA_b84_115_SNP_N_GenomeWideSNP_6_D08_771472	12	6262904	6947638	311	0.2275
DUNGS_p_TCGA_b84_115_SNP_N_GenomeWideSNP_6_D08_771472	12	6952972	8450372	669	-0.2053
DUNGS_p_TCGA_b84_115_SNP_N_GenomeWideSNP_6_D08_771472	12	8450389	8466290	11	0.5995
DUNGS_p_TCGA_b84_115_SNP_N_GenomeWideSNP_6_D08_771472	12	8466601	9352495	489	-0.1907
DUNGS_p_TCGA_b84_115_SNP_N_GenomeWideSNP_6_D08_771472	12	9359076	9363910	3	-2.3395
DUNGS_p_TCGA_b84_115_SNP_N_GenomeWideSNP_6_D08_771472	12	9364424	11327626	1243	-0.2077
DUNGS_p_TCGA_b84_115_SNP_N_GenomeWideSNP_6_D08_771472	12	11334143	11340401	2	1.3099
DUNGS_p_TCGA_b84_115_SNP_N_GenomeWideSNP_6_D08_771472	12	11341262	11385288	27	-0.2152
DUNGS_p_TCGA_b84_115_SNP_N_GenomeWideSNP_6_D08_771472	12	11385549	11409688	30	0.1085
DUNGS_p_TCGA_b84_115_SNP_N_GenomeWideSNP_6_D08_771472	12	11410695	16306965	3561	-0.2123
DUNGS_p_TCGA_b84_115_SNP_N_GenomeWideSNP_6_D08_771472	12	16310672	16312592	3	-1.3364
DUNGS_p_TCGA_b84_115_SNP_N_GenomeWideSNP_6_D08_771472	12	16319824	19370915	1888	-0.2157
DUNGS_p_TCGA_b84_115_SNP_N_GenomeWideSNP_6_D08_771472	12	19376624	19378441	3	0.7679
DUNGS_p_TCGA_b84_115_SNP_N_GenomeWideSNP_6_D08_771472	12	19381949	21663196	1535	-0.2023
DUNGS_p_TCGA_b84_115_SNP_N_GenomeWideSNP_6_D08_771472	12	21663553	22050215	229	0.2334
DUNGS_p_TCGA_b84_115_SNP_N_GenomeWideSNP_6_D08_771472	12	22053236	22140373	112	-0.2176
DUNGS_p_TCGA_b84_115_SNP_N_GenomeWideSNP_6_D08_771472	12	22140386	22140481	4	0.6551
DUNGS_p_TCGA_b84_115_SNP_N_GenomeWideSNP_6_D08_771472	12	22140494	23440987	863	-0.2217
DUNGS_p_TCGA_b84_115_SNP_N_GenomeWideSNP_6_D08_771472	12	23441240	24826460	965	0.0735
DUNGS_p_TCGA_b84_115_SNP_N_GenomeWideSNP_6_D08_771472	12	24826596	24834371	6	-0.527
DUNGS_p_TCGA_b84_115_SNP_N_GenomeWideSNP_6_D08_771472	12	24835916	24847126	15	0.2346
DUNGS_p_TCGA_b84_115_SNP_N_GenomeWideSNP_6_D08_771472	12	24847424	24850831	2	1.2705
DUNGS_p_TCGA_b84_115_SNP_N_GenomeWideSNP_6_D08_771472	12	24853011	31782200	5242	0.0743
DUNGS_p_TCGA_b84_115_SNP_N_GenomeWideSNP_6_D08_771472	12	31782323	31785617	2	1.3189
DUNGS_p_TCGA_b84_115_SNP_N_GenomeWideSNP_6_D08_771472	12	31786278	31935136	122	0.0743
DUNGS_p_TCGA_b84_115_SNP_N_GenomeWideSNP_6_D08_771472	12	31935521	31959449	22	0.4229
DUNGS_p_TCGA_b84_115_SNP_N_GenomeWideSNP_6_D08_771472	12	31963813	32221682	208	0.0404
DUNGS_p_TCGA_b84_115_SNP_N_GenomeWideSNP_6_D08_771472	12	32222462	32225759	3	-1.0757
DUNGS_p_TCGA_b84_115_SNP_N_GenomeWideSNP_6_D08_771472	12	32228153	32228370	7	0.3053
DUNGS_p_TCGA_b84_115_SNP_N_GenomeWideSNP_6_D08_771472	12	32228923	32230185	5	-0.716
DUNGS_p_TCGA_b84_115_SNP_N_GenomeWideSNP_6_D08_771472	12	32230247	33185778	662	0.0519
DUNGS_p_TCGA_b84_115_SNP_N_GenomeWideSNP_6_D08_771472	12	33185812	33199627	33	0.4109
DUNGS_p_TCGA_b84_115_SNP_N_GenomeWideSNP_6_D08_771472	12	33199654	36765890	938	0.0845
DUNGS_p_TCGA_b84_115_SNP_N_GenomeWideSNP_6_D08_771472	12	36768810	40774511	2627	-0.1651
DUNGS_p_TCGA_b84_115_SNP_N_GenomeWideSNP_6_D08_771472	12	40776742	40776976	2	1.7574
DUNGS_p_TCGA_b84_115_SNP_N_GenomeWideSNP_6_D08_771472	12	40777218	41534170	461	-0.1835
DUNGS_p_TCGA_b84_115_SNP_N_GenomeWideSNP_6_D08_771472	12	41534384	41535152	3	1.122
DUNGS_p_TCGA_b84_115_SNP_N_GenomeWideSNP_6_D08_771472	12	41536624	44190705	1601	-0.2026
DUNGS_p_TCGA_b84_115_SNP_N_GenomeWideSNP_6_D08_771472	12	44192107	44195804	3	-1.749
DUNGS_p_TCGA_b84_115_SNP_N_GenomeWideSNP_6_D08_771472	12	44199559	50675774	3502	-0.206
DUNGS_p_TCGA_b84_115_SNP_N_GenomeWideSNP_6_D08_771472	12	50679475	50980560	231	0.2337
DUNGS_p_TCGA_b84_115_SNP_N_GenomeWideSNP_6_D08_771472	12	50980819	50992553	9	0.7741
DUNGS_p_TCGA_b84_115_SNP_N_GenomeWideSNP_6_D08_771472	12	50997642	54337087	2130	0.2286
DUNGS_p_TCGA_b84_115_SNP_N_GenomeWideSNP_6_D08_771472	12	54339134	54339173	2	-1.0741
DUNGS_p_TCGA_b84_115_SNP_N_GenomeWideSNP_6_D08_771472	12	54341034	56438638	980	0.1327
DUNGS_p_TCGA_b84_115_SNP_N_GenomeWideSNP_6_D08_771472	12	56438848	56754915	169	-0.2114
DUNGS_p_TCGA_b84_115_SNP_N_GenomeWideSNP_6_D08_771472	12	56755026	56756416	11	0.3252
DUNGS_p_TCGA_b84_115_SNP_N_GenomeWideSNP_6_D08_771472	12	56756723	60802827	2671	-0.2101
DUNGS_p_TCGA_b84_115_SNP_N_GenomeWideSNP_6_D08_771472	12	60805673	60807222	2	-1.2991
DUNGS_p_TCGA_b84_115_SNP_N_GenomeWideSNP_6_D08_771472	12	60808318	60946245	88	-0.2164
DUNGS_p_TCGA_b84_115_SNP_N_GenomeWideSNP_6_D08_771472	12	60946750	60998337	24	0.1381
DUNGS_p_TCGA_b84_115_SNP_N_GenomeWideSNP_6_D08_771472	12	60999970	61145687	71	-0.2141
DUNGS_p_TCGA_b84_115_SNP_N_GenomeWideSNP_6_D08_771472	12	61153922	71528383	6851	0.0675
DUNGS_p_TCGA_b84_115_SNP_N_GenomeWideSNP_6_D08_771472	12	71531671	71531672	2	1.1604
DUNGS_p_TCGA_b84_115_SNP_N_GenomeWideSNP_6_D08_771472	12	71539459	74696257	1979	0.0727
DUNGS_p_TCGA_b84_115_SNP_N_GenomeWideSNP_6_D08_771472	12	74701544	77846595	1976	-0.2172
DUNGS_p_TCGA_b84_115_SNP_N_GenomeWideSNP_6_D08_771472	12	77847492	77847633	3	-1.6727
DUNGS_p_TCGA_b84_115_SNP_N_GenomeWideSNP_6_D08_771472	12	77853130	89007481	6611	-0.1936
DUNGS_p_TCGA_b84_115_SNP_N_GenomeWideSNP_6_D08_771472	12	89015800	89017688	8	0.4778
DUNGS_p_TCGA_b84_115_SNP_N_GenomeWideSNP_6_D08_771472	12	89017744	98537299	6632	-0.1724
DUNGS_p_TCGA_b84_115_SNP_N_GenomeWideSNP_6_D08_771472	12	98539971	98694892	91	0.1019
DUNGS_p_TCGA_b84_115_SNP_N_GenomeWideSNP_6_D08_771472	12	98696877	107118199	5755	-0.1688
DUNGS_p_TCGA_b84_115_SNP_N_GenomeWideSNP_6_D08_771472	12	107120210	119495561	8227	0.1742
DUNGS_p_TCGA_b84_115_SNP_N_GenomeWideSNP_6_D08_771472	12	119496599	120622512	591	-0.214
DUNGS_p_TCGA_b84_115_SNP_N_GenomeWideSNP_6_D08_771472	12	120627802	124635887	2043	0.1084
DUNGS_p_TCGA_b84_115_SNP_N_GenomeWideSNP_6_D08_771472	12	124636177	125691333	963	-0.1993
DUNGS_p_TCGA_b84_115_SNP_N_GenomeWideSNP_6_D08_771472	12	125691697	125696993	3	1.2541
DUNGS_p_TCGA_b84_115_SNP_N_GenomeWideSNP_6_D08_771472	12	125703540	127385798	1515	-0.1607
DUNGS_p_TCGA_b84_115_SNP_N_GenomeWideSNP_6_D08_771472	12	127386261	127387330	3	0.9558
DUNGS_p_TCGA_b84_115_SNP_N_GenomeWideSNP_6_D08_771472	12	127387407	127794839	364	-0.1611
DUNGS_p_TCGA_b84_115_SNP_N_GenomeWideSNP_6_D08_771472	12	127796466	127798250	6	-1.069
DUNGS_p_TCGA_b84_115_SNP_N_GenomeWideSNP_6_D08_771472	12	127798498	132288262	3087	-0.1593
DUNGS_p_TCGA_b84_115_SNP_N_GenomeWideSNP_6_D08_771472	13	17924949	18216638	73	-0.1529
DUNGS_p_TCGA_b84_115_SNP_N_GenomeWideSNP_6_D08_771472	13	18217635	18303496	22	0.2071
DUNGS_p_TCGA_b84_115_SNP_N_GenomeWideSNP_6_D08_771472	13	18303632	29110446	7835	-0.2163
DUNGS_p_TCGA_b84_115_SNP_N_GenomeWideSNP_6_D08_771472	13	29110940	29111039	2	-1.6529
DUNGS_p_TCGA_b84_115_SNP_N_GenomeWideSNP_6_D08_771472	13	29111872	31430622	1724	-0.2105
DUNGS_p_TCGA_b84_115_SNP_N_GenomeWideSNP_6_D08_771472	13	31430727	31435944	14	-1.4738
DUNGS_p_TCGA_b84_115_SNP_N_GenomeWideSNP_6_D08_771472	13	31436094	36969135	3911	-0.2231
DUNGS_p_TCGA_b84_115_SNP_N_GenomeWideSNP_6_D08_771472	13	36970036	36982757	16	-2.2086
DUNGS_p_TCGA_b84_115_SNP_N_GenomeWideSNP_6_D08_771472	13	36986330	50443055	9135	-0.2097
DUNGS_p_TCGA_b84_115_SNP_N_GenomeWideSNP_6_D08_771472	13	50444912	50447199	2	1.2124
DUNGS_p_TCGA_b84_115_SNP_N_GenomeWideSNP_6_D08_771472	13	50447558	56647274	3413	-0.2054
DUNGS_p_TCGA_b84_115_SNP_N_GenomeWideSNP_6_D08_771472	13	56647684	56674570	37	0.2406
DUNGS_p_TCGA_b84_115_SNP_N_GenomeWideSNP_6_D08_771472	13	56676369	57482791	422	-0.1914
DUNGS_p_TCGA_b84_115_SNP_N_GenomeWideSNP_6_D08_771472	13	57488282	57491273	4	-1.8114
DUNGS_p_TCGA_b84_115_SNP_N_GenomeWideSNP_6_D08_771472	13	57491347	63100353	3368	-0.2147
DUNGS_p_TCGA_b84_115_SNP_N_GenomeWideSNP_6_D08_771472	13	63104314	63113751	9	-0.7696
DUNGS_p_TCGA_b84_115_SNP_N_GenomeWideSNP_6_D08_771472	13	63115883	63521603	255	-0.1937
DUNGS_p_TCGA_b84_115_SNP_N_GenomeWideSNP_6_D08_771472	13	63524248	77609997	9411	0.1078
DUNGS_p_TCGA_b84_115_SNP_N_GenomeWideSNP_6_D08_771472	13	77612859	77613401	3	-1.0426
DUNGS_p_TCGA_b84_115_SNP_N_GenomeWideSNP_6_D08_771472	13	77614025	99500615	14047	0.0992
DUNGS_p_TCGA_b84_115_SNP_N_GenomeWideSNP_6_D08_771472	13	99506541	99507157	2	1.3595
DUNGS_p_TCGA_b84_115_SNP_N_GenomeWideSNP_6_D08_771472	13	99515767	112751405	10121	0.0977
DUNGS_p_TCGA_b84_115_SNP_N_GenomeWideSNP_6_D08_771472	13	112752386	112755614	2	2.0476
DUNGS_p_TCGA_b84_115_SNP_N_GenomeWideSNP_6_D08_771472	13	112755659	114126499	553	0.1144
DUNGS_p_TCGA_b84_115_SNP_N_GenomeWideSNP_6_D08_771472	14	18072124	19270249	84	0.1531
DUNGS_p_TCGA_b84_115_SNP_N_GenomeWideSNP_6_D08_771472	14	19270957	19483698	98	-0.2381
DUNGS_p_TCGA_b84_115_SNP_N_GenomeWideSNP_6_D08_771472	14	19487381	21200450	1147	0.0606
DUNGS_p_TCGA_b84_115_SNP_N_GenomeWideSNP_6_D08_771472	14	21201962	21205166	2	1.243
DUNGS_p_TCGA_b84_115_SNP_N_GenomeWideSNP_6_D08_771472	14	21205192	25853743	3236	0.101
DUNGS_p_TCGA_b84_115_SNP_N_GenomeWideSNP_6_D08_771472	14	25853751	25853758	7	0.9321
DUNGS_p_TCGA_b84_115_SNP_N_GenomeWideSNP_6_D08_771472	14	25854753	31751210	3316	0.0555
DUNGS_p_TCGA_b84_115_SNP_N_GenomeWideSNP_6_D08_771472	14	31758649	31996704	203	-0.2273
DUNGS_p_TCGA_b84_115_SNP_N_GenomeWideSNP_6_D08_771472	14	31997074	37192602	3602	0.062
DUNGS_p_TCGA_b84_115_SNP_N_GenomeWideSNP_6_D08_771472	14	37198458	37207927	6	0.8174
DUNGS_p_TCGA_b84_115_SNP_N_GenomeWideSNP_6_D08_771472	14	37208921	40677279	2147	0.07
DUNGS_p_TCGA_b84_115_SNP_N_GenomeWideSNP_6_D08_771472	14	40677384	40726999	16	0.5746
DUNGS_p_TCGA_b84_115_SNP_N_GenomeWideSNP_6_D08_771472	14	40727099	58874752	11585	0.0593
DUNGS_p_TCGA_b84_115_SNP_N_GenomeWideSNP_6_D08_771472	14	58879947	58880593	2	-1.6227
DUNGS_p_TCGA_b84_115_SNP_N_GenomeWideSNP_6_D08_771472	14	58883521	69087800	6282	0.0549
DUNGS_p_TCGA_b84_115_SNP_N_GenomeWideSNP_6_D08_771472	14	69088121	69092220	8	-0.5776
DUNGS_p_TCGA_b84_115_SNP_N_GenomeWideSNP_6_D08_771472	14	69092466	105784781	23554	0.0576
DUNGS_p_TCGA_b84_115_SNP_N_GenomeWideSNP_6_D08_771472	14	105786375	105822329	20	-0.4727
DUNGS_p_TCGA_b84_115_SNP_N_GenomeWideSNP_6_D08_771472	14	105824904	105824912	3	1.6424
DUNGS_p_TCGA_b84_115_SNP_N_GenomeWideSNP_6_D08_771472	14	105825048	106036275	125	0.2123
DUNGS_p_TCGA_b84_115_SNP_N_GenomeWideSNP_6_D08_771472	14	106040820	106356482	205	0.0041
DUNGS_p_TCGA_b84_115_SNP_N_GenomeWideSNP_6_D08_771472	15	18276341	18491920	50	0.1347
DUNGS_p_TCGA_b84_115_SNP_N_GenomeWideSNP_6_D08_771472	15	18506386	18522250	3	-2.4548
DUNGS_p_TCGA_b84_115_SNP_N_GenomeWideSNP_6_D08_771472	15	18524300	19533677	246	0.1169
DUNGS_p_TCGA_b84_115_SNP_N_GenomeWideSNP_6_D08_771472	15	19535709	20311636	138	0.3897
DUNGS_p_TCGA_b84_115_SNP_N_GenomeWideSNP_6_D08_771472	15	20312367	22588599	1211	0.1074
DUNGS_p_TCGA_b84_115_SNP_N_GenomeWideSNP_6_D08_771472	15	22589304	22590822	5	1.0038
DUNGS_p_TCGA_b84_115_SNP_N_GenomeWideSNP_6_D08_771472	15	22591421	28149779	3444	0.0654
DUNGS_p_TCGA_b84_115_SNP_N_GenomeWideSNP_6_D08_771472	15	28149875	28519571	95	-0.2549
DUNGS_p_TCGA_b84_115_SNP_N_GenomeWideSNP_6_D08_771472	15	28522049	32062554	2390	0.0497
DUNGS_p_TCGA_b84_115_SNP_N_GenomeWideSNP_6_D08_771472	15	32062860	32064803	4	-1.3337
DUNGS_p_TCGA_b84_115_SNP_N_GenomeWideSNP_6_D08_771472	15	32066523	79835384	30136	0.065
DUNGS_p_TCGA_b84_115_SNP_N_GenomeWideSNP_6_D08_771472	15	79835731	79885037	23	-0.3072
DUNGS_p_TCGA_b84_115_SNP_N_GenomeWideSNP_6_D08_771472	15	79886420	82333889	1104	0.0535
DUNGS_p_TCGA_b84_115_SNP_N_GenomeWideSNP_6_D08_771472	15	82334254	82334554	4	-0.8992
DUNGS_p_TCGA_b84_115_SNP_N_GenomeWideSNP_6_D08_771472	15	82338281	82619355	181	0.08
DUNGS_p_TCGA_b84_115_SNP_N_GenomeWideSNP_6_D08_771472	15	82652350	82891450	29	0.4157
DUNGS_p_TCGA_b84_115_SNP_N_GenomeWideSNP_6_D08_771472	15	82891483	95633191	9614	0.0621
DUNGS_p_TCGA_b84_115_SNP_N_GenomeWideSNP_6_D08_771472	15	95634653	95634656	3	1.2332
DUNGS_p_TCGA_b84_115_SNP_N_GenomeWideSNP_6_D08_771472	15	95645994	100286563	3432	0.0654
DUNGS_p_TCGA_b84_115_SNP_N_GenomeWideSNP_6_D08_771472	16	777	19850527	13540	0.0375
DUNGS_p_TCGA_b84_115_SNP_N_GenomeWideSNP_6_D08_771472	16	19851501	19873333	29	-0.6727
DUNGS_p_TCGA_b84_115_SNP_N_GenomeWideSNP_6_D08_771472	16	19873376	22510369	1310	0.0396
DUNGS_p_TCGA_b84_115_SNP_N_GenomeWideSNP_6_D08_771472	16	22510665	22618243	61	-0.2107
DUNGS_p_TCGA_b84_115_SNP_N_GenomeWideSNP_6_D08_771472	16	22620480	32496402	5244	0.0283
DUNGS_p_TCGA_b84_115_SNP_N_GenomeWideSNP_6_D08_771472	16	32496404	32496410	4	1.0272
DUNGS_p_TCGA_b84_115_SNP_N_GenomeWideSNP_6_D08_771472	16	32516775	54354011	7163	0.0074
DUNGS_p_TCGA_b84_115_SNP_N_GenomeWideSNP_6_D08_771472	16	54354076	54387091	22	-0.5895
DUNGS_p_TCGA_b84_115_SNP_N_GenomeWideSNP_6_D08_771472	16	54399855	54413855	12	0.3456
DUNGS_p_TCGA_b84_115_SNP_N_GenomeWideSNP_6_D08_771472	16	54414361	64608419	6761	-0.0161
DUNGS_p_TCGA_b84_115_SNP_N_GenomeWideSNP_6_D08_771472	16	64610731	64611708	3	-1.0096
DUNGS_p_TCGA_b84_115_SNP_N_GenomeWideSNP_6_D08_771472	16	64612210	68533980	1956	-0.0782
DUNGS_p_TCGA_b84_115_SNP_N_GenomeWideSNP_6_D08_771472	16	68534910	68709061	39	0.1683
DUNGS_p_TCGA_b84_115_SNP_N_GenomeWideSNP_6_D08_771472	16	68709823	68755897	14	0.6677
DUNGS_p_TCGA_b84_115_SNP_N_GenomeWideSNP_6_D08_771472	16	68768945	72922350	2508	-0.0624
DUNGS_p_TCGA_b84_115_SNP_N_GenomeWideSNP_6_D08_771472	16	72926192	73009537	12	0.472
DUNGS_p_TCGA_b84_115_SNP_N_GenomeWideSNP_6_D08_771472	16	73014102	76929109	3214	-0.0775
DUNGS_p_TCGA_b84_115_SNP_N_GenomeWideSNP_6_D08_771472	16	76929941	76942266	17	0.9873
DUNGS_p_TCGA_b84_115_SNP_N_GenomeWideSNP_6_D08_771472	16	76942502	77306842	480	-0.0795
DUNGS_p_TCGA_b84_115_SNP_N_GenomeWideSNP_6_D08_771472	16	77307184	77642520	504	-0.3414
DUNGS_p_TCGA_b84_115_SNP_N_GenomeWideSNP_6_D08_771472	16	77642702	83052802	5780	-0.0817
DUNGS_p_TCGA_b84_115_SNP_N_GenomeWideSNP_6_D08_771472	16	83053098	83078614	30	-0.4549
DUNGS_p_TCGA_b84_115_SNP_N_GenomeWideSNP_6_D08_771472	16	83078873	88815036	3856	-0.0759
DUNGS_p_TCGA_b84_115_SNP_N_GenomeWideSNP_6_D08_771472	17	526	8183635	4558	0.0293
DUNGS_p_TCGA_b84_115_SNP_N_GenomeWideSNP_6_D08_771472	17	8188272	8188458	2	-2.4708
DUNGS_p_TCGA_b84_115_SNP_N_GenomeWideSNP_6_D08_771472	17	8190183	9563269	915	0.0114
DUNGS_p_TCGA_b84_115_SNP_N_GenomeWideSNP_6_D08_771472	17	9565517	9569299	3	-1.1551
DUNGS_p_TCGA_b84_115_SNP_N_GenomeWideSNP_6_D08_771472	17	9571413	10252751	597	0.0306
DUNGS_p_TCGA_b84_115_SNP_N_GenomeWideSNP_6_D08_771472	17	10253205	10254416	2	-1.7909
DUNGS_p_TCGA_b84_115_SNP_N_GenomeWideSNP_6_D08_771472	17	10256197	14273711	3015	0.0117
DUNGS_p_TCGA_b84_115_SNP_N_GenomeWideSNP_6_D08_771472	17	14276262	14278375	3	-1.0619
DUNGS_p_TCGA_b84_115_SNP_N_GenomeWideSNP_6_D08_771472	17	14278769	20861080	3425	0.0478
DUNGS_p_TCGA_b84_115_SNP_N_GenomeWideSNP_6_D08_771472	17	20863739	20863883	2	-1.5093
DUNGS_p_TCGA_b84_115_SNP_N_GenomeWideSNP_6_D08_771472	17	20864130	36675234	8467	0.0677
DUNGS_p_TCGA_b84_115_SNP_N_GenomeWideSNP_6_D08_771472	17	36676540	36683712	22	0.6625
DUNGS_p_TCGA_b84_115_SNP_N_GenomeWideSNP_6_D08_771472	17	36683976	41544094	2531	0.076
DUNGS_p_TCGA_b84_115_SNP_N_GenomeWideSNP_6_D08_771472	17	41544175	42107462	156	-0.3472
DUNGS_p_TCGA_b84_115_SNP_N_GenomeWideSNP_6_D08_771472	17	42107479	53042488	7017	0.0642
DUNGS_p_TCGA_b84_115_SNP_N_GenomeWideSNP_6_D08_771472	17	53043332	53043992	2	1.28
DUNGS_p_TCGA_b84_115_SNP_N_GenomeWideSNP_6_D08_771472	17	53046992	76243458	13654	0.0958
DUNGS_p_TCGA_b84_115_SNP_N_GenomeWideSNP_6_D08_771472	17	76244388	76248774	2	2.2219
DUNGS_p_TCGA_b84_115_SNP_N_GenomeWideSNP_6_D08_771472	17	76248895	78643088	963	0.1119
DUNGS_p_TCGA_b84_115_SNP_N_GenomeWideSNP_6_D08_771472	18	1543	68315	4	-0.5641
DUNGS_p_TCGA_b84_115_SNP_N_GenomeWideSNP_6_D08_771472	18	68539	1892886	1312	0.0625
DUNGS_p_TCGA_b84_115_SNP_N_GenomeWideSNP_6_D08_771472	18	1895358	1970787	96	-0.8577
DUNGS_p_TCGA_b84_115_SNP_N_GenomeWideSNP_6_D08_771472	18	1976214	36933980	21753	0.011
DUNGS_p_TCGA_b84_115_SNP_N_GenomeWideSNP_6_D08_771472	18	36934119	36935319	10	0.526
DUNGS_p_TCGA_b84_115_SNP_N_GenomeWideSNP_6_D08_771472	18	36935342	38310599	927	0.0544
DUNGS_p_TCGA_b84_115_SNP_N_GenomeWideSNP_6_D08_771472	18	38310635	38311453	21	0.4364
DUNGS_p_TCGA_b84_115_SNP_N_GenomeWideSNP_6_D08_771472	18	38311469	39444899	681	0.0621
DUNGS_p_TCGA_b84_115_SNP_N_GenomeWideSNP_6_D08_771472	18	39445922	39445931	2	-1.1559
DUNGS_p_TCGA_b84_115_SNP_N_GenomeWideSNP_6_D08_771472	18	39446211	57627464	12604	-0.0649
DUNGS_p_TCGA_b84_115_SNP_N_GenomeWideSNP_6_D08_771472	18	57628110	57632426	2	-1.4176
DUNGS_p_TCGA_b84_115_SNP_N_GenomeWideSNP_6_D08_771472	18	57632665	59526499	1354	-0.1534
DUNGS_p_TCGA_b84_115_SNP_N_GenomeWideSNP_6_D08_771472	18	59526610	59530380	3	-1.716
DUNGS_p_TCGA_b84_115_SNP_N_GenomeWideSNP_6_D08_771472	18	59530818	61351337	1262	-0.1569
DUNGS_p_TCGA_b84_115_SNP_N_GenomeWideSNP_6_D08_771472	18	61351446	61355697	20	0.6743
DUNGS_p_TCGA_b84_115_SNP_N_GenomeWideSNP_6_D08_771472	18	61358176	61872559	362	-0.1485
DUNGS_p_TCGA_b84_115_SNP_N_GenomeWideSNP_6_D08_771472	18	61878472	61883743	14	0.5311
DUNGS_p_TCGA_b84_115_SNP_N_GenomeWideSNP_6_D08_771472	18	61883787	61913280	45	-0.1238
DUNGS_p_TCGA_b84_115_SNP_N_GenomeWideSNP_6_D08_771472	18	61918120	61918902	3	-1.9099
DUNGS_p_TCGA_b84_115_SNP_N_GenomeWideSNP_6_D08_771472	18	61926575	67178285	3756	-0.1534
DUNGS_p_TCGA_b84_115_SNP_N_GenomeWideSNP_6_D08_771472	18	67180662	67180858	2	-3.3139
DUNGS_p_TCGA_b84_115_SNP_N_GenomeWideSNP_6_D08_771472	18	67181334	76116029	6636	-0.1634
DUNGS_p_TCGA_b84_115_SNP_N_GenomeWideSNP_6_D08_771472	19	41910	1268803	281	-0.1569
DUNGS_p_TCGA_b84_115_SNP_N_GenomeWideSNP_6_D08_771472	19	1268958	1269009	2	-1.4598
DUNGS_p_TCGA_b84_115_SNP_N_GenomeWideSNP_6_D08_771472	19	1270332	5457659	1317	-0.1752
DUNGS_p_TCGA_b84_115_SNP_N_GenomeWideSNP_6_D08_771472	19	5461239	5461653	3	-1.4399
DUNGS_p_TCGA_b84_115_SNP_N_GenomeWideSNP_6_D08_771472	19	5461700	20379989	7381	-0.1613
DUNGS_p_TCGA_b84_115_SNP_N_GenomeWideSNP_6_D08_771472	19	20380057	20513074	80	-0.6531
DUNGS_p_TCGA_b84_115_SNP_N_GenomeWideSNP_6_D08_771472	19	20513302	20944898	242	-0.0904
DUNGS_p_TCGA_b84_115_SNP_N_GenomeWideSNP_6_D08_771472	19	20944919	20945314	2	-1.6217
DUNGS_p_TCGA_b84_115_SNP_N_GenomeWideSNP_6_D08_771472	19	20946008	40350568	7357	-0.1665
DUNGS_p_TCGA_b84_115_SNP_N_GenomeWideSNP_6_D08_771472	19	40355614	40355683	2	-1.8194
DUNGS_p_TCGA_b84_115_SNP_N_GenomeWideSNP_6_D08_771472	19	40355724	40541162	172	-0.163
DUNGS_p_TCGA_b84_115_SNP_N_GenomeWideSNP_6_D08_771472	19	40541333	40558641	25	0.2685
DUNGS_p_TCGA_b84_115_SNP_N_GenomeWideSNP_6_D08_771472	19	40558794	56834164	8116	-0.15
DUNGS_p_TCGA_b84_115_SNP_N_GenomeWideSNP_6_D08_771472	19	56834427	56849249	17	0.3344
DUNGS_p_TCGA_b84_115_SNP_N_GenomeWideSNP_6_D08_771472	19	56849364	57232484	263	-0.175
DUNGS_p_TCGA_b84_115_SNP_N_GenomeWideSNP_6_D08_771472	19	57233335	57234291	2	1.878
DUNGS_p_TCGA_b84_115_SNP_N_GenomeWideSNP_6_D08_771472	19	57240188	58025715	538	-0.1324
DUNGS_p_TCGA_b84_115_SNP_N_GenomeWideSNP_6_D08_771472	19	58025977	58026540	2	-1.5466
DUNGS_p_TCGA_b84_115_SNP_N_GenomeWideSNP_6_D08_771472	19	58027180	63789666	3575	-0.1587
DUNGS_p_TCGA_b84_115_SNP_N_GenomeWideSNP_6_D08_771472	20	9305	22347	24	0.1828
DUNGS_p_TCGA_b84_115_SNP_N_GenomeWideSNP_6_D08_771472	20	23254	1492843	1146	-0.1779
DUNGS_p_TCGA_b84_115_SNP_N_GenomeWideSNP_6_D08_771472	20	1493410	1538455	75	0.0615
DUNGS_p_TCGA_b84_115_SNP_N_GenomeWideSNP_6_D08_771472	20	1538534	3977777	1690	-0.1729
DUNGS_p_TCGA_b84_115_SNP_N_GenomeWideSNP_6_D08_771472	20	3979439	3979452	2	1.319
DUNGS_p_TCGA_b84_115_SNP_N_GenomeWideSNP_6_D08_771472	20	3982351	21879233	14139	-0.1835
DUNGS_p_TCGA_b84_115_SNP_N_GenomeWideSNP_6_D08_771472	20	21880229	44050197	12148	0.0756
DUNGS_p_TCGA_b84_115_SNP_N_GenomeWideSNP_6_D08_771472	20	44052056	44061328	7	0.977
DUNGS_p_TCGA_b84_115_SNP_N_GenomeWideSNP_6_D08_771472	20	44061787	52088051	5827	0.0802
DUNGS_p_TCGA_b84_115_SNP_N_GenomeWideSNP_6_D08_771472	20	52091124	52091571	3	1.0407
DUNGS_p_TCGA_b84_115_SNP_N_GenomeWideSNP_6_D08_771472	20	52091926	53061781	863	0.0589
DUNGS_p_TCGA_b84_115_SNP_N_GenomeWideSNP_6_D08_771472	20	53064870	53064986	2	1.684
DUNGS_p_TCGA_b84_115_SNP_N_GenomeWideSNP_6_D08_771472	20	53065189	58998640	4806	0.0525
DUNGS_p_TCGA_b84_115_SNP_N_GenomeWideSNP_6_D08_771472	20	59002420	59023596	50	0.662
DUNGS_p_TCGA_b84_115_SNP_N_GenomeWideSNP_6_D08_771472	20	59023879	62426597	1749	0.0715
DUNGS_p_TCGA_b84_115_SNP_N_GenomeWideSNP_6_D08_771472	21	9758742	13896362	341	0.1208
DUNGS_p_TCGA_b84_115_SNP_N_GenomeWideSNP_6_D08_771472	21	13906295	13913738	2	-1.2322
DUNGS_p_TCGA_b84_115_SNP_N_GenomeWideSNP_6_D08_771472	21	13913965	43541626	22162	0.071
DUNGS_p_TCGA_b84_115_SNP_N_GenomeWideSNP_6_D08_771472	21	43551408	43557708	6	1.0234
DUNGS_p_TCGA_b84_115_SNP_N_GenomeWideSNP_6_D08_771472	21	43563476	46574085	1676	0.0766
DUNGS_p_TCGA_b84_115_SNP_N_GenomeWideSNP_6_D08_771472	21	46579291	46580316	2	-1.1109
DUNGS_p_TCGA_b84_115_SNP_N_GenomeWideSNP_6_D08_771472	21	46582220	46921385	245	0.1218
DUNGS_p_TCGA_b84_115_SNP_N_GenomeWideSNP_6_D08_771472	22	14432528	19795026	2849	-0.17
DUNGS_p_TCGA_b84_115_SNP_N_GenomeWideSNP_6_D08_771472	22	19795050	20055998	17	0.5189
DUNGS_p_TCGA_b84_115_SNP_N_GenomeWideSNP_6_D08_771472	22	20056099	20798619	436	-0.1427
DUNGS_p_TCGA_b84_115_SNP_N_GenomeWideSNP_6_D08_771472	22	20803918	20804613	6	-2.5636
DUNGS_p_TCGA_b84_115_SNP_N_GenomeWideSNP_6_D08_771472	22	20811498	21082462	341	-0.1229
DUNGS_p_TCGA_b84_115_SNP_N_GenomeWideSNP_6_D08_771472	22	21082680	21082880	4	-1.2454
DUNGS_p_TCGA_b84_115_SNP_N_GenomeWideSNP_6_D08_771472	22	21087321	22601745	939	-0.1724
DUNGS_p_TCGA_b84_115_SNP_N_GenomeWideSNP_6_D08_771472	22	22613016	22660218	26	-0.5999
DUNGS_p_TCGA_b84_115_SNP_N_GenomeWideSNP_6_D08_771472	22	22660269	22661967	2	-3.2055
DUNGS_p_TCGA_b84_115_SNP_N_GenomeWideSNP_6_D08_771472	22	22662625	22683513	7	-0.242
DUNGS_p_TCGA_b84_115_SNP_N_GenomeWideSNP_6_D08_771472	22	22683750	22726814	17	0.5536
DUNGS_p_TCGA_b84_115_SNP_N_GenomeWideSNP_6_D08_771472	22	22731529	23971025	801	-0.1983
DUNGS_p_TCGA_b84_115_SNP_N_GenomeWideSNP_6_D08_771472	22	23971165	23971210	2	-1.5932
DUNGS_p_TCGA_b84_115_SNP_N_GenomeWideSNP_6_D08_771472	22	23972206	31378354	5456	-0.2066
DUNGS_p_TCGA_b84_115_SNP_N_GenomeWideSNP_6_D08_771472	22	31381407	32503406	1022	0.1157
DUNGS_p_TCGA_b84_115_SNP_N_GenomeWideSNP_6_D08_771472	22	32504947	32504973	3	-0.9268
DUNGS_p_TCGA_b84_115_SNP_N_GenomeWideSNP_6_D08_771472	22	32504985	37701848	3618	0.0702
DUNGS_p_TCGA_b84_115_SNP_N_GenomeWideSNP_6_D08_771472	22	37704323	37729258	16	0.5603
DUNGS_p_TCGA_b84_115_SNP_N_GenomeWideSNP_6_D08_771472	22	37733740	39206180	715	0.0444
DUNGS_p_TCGA_b84_115_SNP_N_GenomeWideSNP_6_D08_771472	22	39219553	41136675	1118	-0.1932
DUNGS_p_TCGA_b84_115_SNP_N_GenomeWideSNP_6_D08_771472	22	41139620	41145318	3	0.79
DUNGS_p_TCGA_b84_115_SNP_N_GenomeWideSNP_6_D08_771472	22	41145601	41178298	19	-0.221
DUNGS_p_TCGA_b84_115_SNP_N_GenomeWideSNP_6_D08_771472	22	41179794	41190130	6	0.2959
DUNGS_p_TCGA_b84_115_SNP_N_GenomeWideSNP_6_D08_771472	22	41193685	41222383	21	-0.3528
DUNGS_p_TCGA_b84_115_SNP_N_GenomeWideSNP_6_D08_771472	22	41222526	41287765	31	0.12
DUNGS_p_TCGA_b84_115_SNP_N_GenomeWideSNP_6_D08_771472	22	41296372	47889947	5095	-0.2121
DUNGS_p_TCGA_b84_115_SNP_N_GenomeWideSNP_6_D08_771472	22	47890260	47890539	2	1.5487
DUNGS_p_TCGA_b84_115_SNP_N_GenomeWideSNP_6_D08_771472	22	47890711	49581321	1011	-0.2041
DUNGS_p_TCGA_b84_115_SNP_N_GenomeWideSNP_6_D08_771472	X	108477	41056677	25619	0.0079
DUNGS_p_TCGA_b84_115_SNP_N_GenomeWideSNP_6_D08_771472	X	41057965	41118090	35	-0.668
DUNGS_p_TCGA_b84_115_SNP_N_GenomeWideSNP_6_D08_771472	X	41120792	52969577	5538	0.0123
DUNGS_p_TCGA_b84_115_SNP_N_GenomeWideSNP_6_D08_771472	X	52971157	52973018	2	-1.3999
DUNGS_p_TCGA_b84_115_SNP_N_GenomeWideSNP_6_D08_771472	X	52974953	55717984	1152	0.0191
DUNGS_p_TCGA_b84_115_SNP_N_GenomeWideSNP_6_D08_771472	X	55719384	55720040	2	-2.5662
DUNGS_p_TCGA_b84_115_SNP_N_GenomeWideSNP_6_D08_771472	X	55724281	84304991	11781	0.004
DUNGS_p_TCGA_b84_115_SNP_N_GenomeWideSNP_6_D08_771472	X	84305559	84308187	3	1.2542
DUNGS_p_TCGA_b84_115_SNP_N_GenomeWideSNP_6_D08_771472	X	84310897	96208107	6643	-0.005
DUNGS_p_TCGA_b84_115_SNP_N_GenomeWideSNP_6_D08_771472	X	96208731	96210149	2	-1.8554
DUNGS_p_TCGA_b84_115_SNP_N_GenomeWideSNP_6_D08_771472	X	96211217	119750670	12984	0.0019
DUNGS_p_TCGA_b84_115_SNP_N_GenomeWideSNP_6_D08_771472	X	119751384	119751503	2	-2.4793
DUNGS_p_TCGA_b84_115_SNP_N_GenomeWideSNP_6_D08_771472	X	119752431	154835548	20912	0.009
DUNGS_p_TCGA_b84_115_SNP_N_GenomeWideSNP_6_D08_771472	Y	2710438	57427647	8590	-0.8354
