Sample	Chromosome	Start	End	Num_Probes	Segment_Mean
DUNGS_p_TCGA_b84_115_SNP_N_GenomeWideSNP_6_A12_771560	1	51598	394034	30	0.0045
DUNGS_p_TCGA_b84_115_SNP_N_GenomeWideSNP_6_A12_771560	1	524414	593453	3	-1.2202
DUNGS_p_TCGA_b84_115_SNP_N_GenomeWideSNP_6_A12_771560	1	615333	1232360	151	-0.0126
DUNGS_p_TCGA_b84_115_SNP_N_GenomeWideSNP_6_A12_771560	1	1232370	1286515	12	0.3948
DUNGS_p_TCGA_b84_115_SNP_N_GenomeWideSNP_6_A12_771560	1	1286928	1355433	8	-0.0694
DUNGS_p_TCGA_b84_115_SNP_N_GenomeWideSNP_6_A12_771560	1	1395473	1401739	2	-1.314
DUNGS_p_TCGA_b84_115_SNP_N_GenomeWideSNP_6_A12_771560	1	1443223	10296857	5008	-0.0052
DUNGS_p_TCGA_b84_115_SNP_N_GenomeWideSNP_6_A12_771560	1	10297187	10299830	2	-1.0059
DUNGS_p_TCGA_b84_115_SNP_N_GenomeWideSNP_6_A12_771560	1	10300008	16021930	3207	5e-04
DUNGS_p_TCGA_b84_115_SNP_N_GenomeWideSNP_6_A12_771560	1	16022502	16027553	10	0.4768
DUNGS_p_TCGA_b84_115_SNP_N_GenomeWideSNP_6_A12_771560	1	16027597	16889467	364	-0.0193
DUNGS_p_TCGA_b84_115_SNP_N_GenomeWideSNP_6_A12_771560	1	16889665	16921066	18	-0.583
DUNGS_p_TCGA_b84_115_SNP_N_GenomeWideSNP_6_A12_771560	1	16929044	17108807	46	0.0884
DUNGS_p_TCGA_b84_115_SNP_N_GenomeWideSNP_6_A12_771560	1	17108857	17134819	39	-0.2194
DUNGS_p_TCGA_b84_115_SNP_N_GenomeWideSNP_6_A12_771560	1	17134834	19814589	1911	-0.0018
DUNGS_p_TCGA_b84_115_SNP_N_GenomeWideSNP_6_A12_771560	1	19815518	19816410	2	-1.0447
DUNGS_p_TCGA_b84_115_SNP_N_GenomeWideSNP_6_A12_771560	1	19816539	25465715	3366	-0.0112
DUNGS_p_TCGA_b84_115_SNP_N_GenomeWideSNP_6_A12_771560	1	25468468	25534592	29	-0.4558
DUNGS_p_TCGA_b84_115_SNP_N_GenomeWideSNP_6_A12_771560	1	25534799	34864261	4971	-0.0045
DUNGS_p_TCGA_b84_115_SNP_N_GenomeWideSNP_6_A12_771560	1	34875241	34877078	20	-2.5188
DUNGS_p_TCGA_b84_115_SNP_N_GenomeWideSNP_6_A12_771560	1	34886855	36639821	790	-0.0214
DUNGS_p_TCGA_b84_115_SNP_N_GenomeWideSNP_6_A12_771560	1	36645252	36645905	4	-0.7479
DUNGS_p_TCGA_b84_115_SNP_N_GenomeWideSNP_6_A12_771560	1	36646829	72522941	23000	-0.0046
DUNGS_p_TCGA_b84_115_SNP_N_GenomeWideSNP_6_A12_771560	1	72528701	72535958	9	-1.2547
DUNGS_p_TCGA_b84_115_SNP_N_GenomeWideSNP_6_A12_771560	1	72541006	75823432	1981	0.0287
DUNGS_p_TCGA_b84_115_SNP_N_GenomeWideSNP_6_A12_771560	1	75827351	75827442	2	1.1603
DUNGS_p_TCGA_b84_115_SNP_N_GenomeWideSNP_6_A12_771560	1	75832097	104023054	18184	0.0025
DUNGS_p_TCGA_b84_115_SNP_N_GenomeWideSNP_6_A12_771560	1	104023154	104027091	10	-0.848
DUNGS_p_TCGA_b84_115_SNP_N_GenomeWideSNP_6_A12_771560	1	104041212	105803129	929	0.0201
DUNGS_p_TCGA_b84_115_SNP_N_GenomeWideSNP_6_A12_771560	1	105803667	105823898	21	-0.4318
DUNGS_p_TCGA_b84_115_SNP_N_GenomeWideSNP_6_A12_771560	1	105825578	110025907	2658	0.0014
DUNGS_p_TCGA_b84_115_SNP_N_GenomeWideSNP_6_A12_771560	1	110025950	110034497	15	-0.4138
DUNGS_p_TCGA_b84_115_SNP_N_GenomeWideSNP_6_A12_771560	1	110034560	110041701	16	-1.5815
DUNGS_p_TCGA_b84_115_SNP_N_GenomeWideSNP_6_A12_771560	1	110044476	112491849	1959	-0.0334
DUNGS_p_TCGA_b84_115_SNP_N_GenomeWideSNP_6_A12_771560	1	112497488	112498697	19	-0.463
DUNGS_p_TCGA_b84_115_SNP_N_GenomeWideSNP_6_A12_771560	1	112498711	143991679	5465	-0.0017
DUNGS_p_TCGA_b84_115_SNP_N_GenomeWideSNP_6_A12_771560	1	143998902	143999232	3	1.3094
DUNGS_p_TCGA_b84_115_SNP_N_GenomeWideSNP_6_A12_771560	1	143999707	150822151	2588	0.0055
DUNGS_p_TCGA_b84_115_SNP_N_GenomeWideSNP_6_A12_771560	1	150822330	150853218	35	1.1081
DUNGS_p_TCGA_b84_115_SNP_N_GenomeWideSNP_6_A12_771560	1	150857118	156780850	3501	-0.0117
DUNGS_p_TCGA_b84_115_SNP_N_GenomeWideSNP_6_A12_771560	1	156781138	156802632	42	0.2268
DUNGS_p_TCGA_b84_115_SNP_N_GenomeWideSNP_6_A12_771560	1	156802753	157226199	355	-0.0122
DUNGS_p_TCGA_b84_115_SNP_N_GenomeWideSNP_6_A12_771560	1	157228663	157229420	2	-1.2896
DUNGS_p_TCGA_b84_115_SNP_N_GenomeWideSNP_6_A12_771560	1	157233488	160107640	1795	-0.0272
DUNGS_p_TCGA_b84_115_SNP_N_GenomeWideSNP_6_A12_771560	1	160108572	160108831	3	0.8618
DUNGS_p_TCGA_b84_115_SNP_N_GenomeWideSNP_6_A12_771560	1	160110730	167483561	5863	0.0029
DUNGS_p_TCGA_b84_115_SNP_N_GenomeWideSNP_6_A12_771560	1	167500598	167508390	7	0.8944
DUNGS_p_TCGA_b84_115_SNP_N_GenomeWideSNP_6_A12_771560	1	167509025	173063028	3528	-0.0233
DUNGS_p_TCGA_b84_115_SNP_N_GenomeWideSNP_6_A12_771560	1	173063179	173068477	17	0.3746
DUNGS_p_TCGA_b84_115_SNP_N_GenomeWideSNP_6_A12_771560	1	173068495	174523252	980	0.0237
DUNGS_p_TCGA_b84_115_SNP_N_GenomeWideSNP_6_A12_771560	1	174529863	174529910	2	1.3329
DUNGS_p_TCGA_b84_115_SNP_N_GenomeWideSNP_6_A12_771560	1	174534667	179182753	3083	-0.0017
DUNGS_p_TCGA_b84_115_SNP_N_GenomeWideSNP_6_A12_771560	1	179185774	179185878	3	-0.9555
DUNGS_p_TCGA_b84_115_SNP_N_GenomeWideSNP_6_A12_771560	1	179186616	191479833	8304	0.004
DUNGS_p_TCGA_b84_115_SNP_N_GenomeWideSNP_6_A12_771560	1	191480014	191480097	4	1.6914
DUNGS_p_TCGA_b84_115_SNP_N_GenomeWideSNP_6_A12_771560	1	191488538	192714857	841	-0.0029
DUNGS_p_TCGA_b84_115_SNP_N_GenomeWideSNP_6_A12_771560	1	192718034	192721641	2	-1.6602
DUNGS_p_TCGA_b84_115_SNP_N_GenomeWideSNP_6_A12_771560	1	192723639	194981496	1455	0.0159
DUNGS_p_TCGA_b84_115_SNP_N_GenomeWideSNP_6_A12_771560	1	194994473	195037903	47	0.5726
DUNGS_p_TCGA_b84_115_SNP_N_GenomeWideSNP_6_A12_771560	1	195050249	195065266	25	0.0914
DUNGS_p_TCGA_b84_115_SNP_N_GenomeWideSNP_6_A12_771560	1	195065287	195082414	24	0.4725
DUNGS_p_TCGA_b84_115_SNP_N_GenomeWideSNP_6_A12_771560	1	195083353	197377986	1381	-0.0196
DUNGS_p_TCGA_b84_115_SNP_N_GenomeWideSNP_6_A12_771560	1	197378049	197379634	7	-0.6333
DUNGS_p_TCGA_b84_115_SNP_N_GenomeWideSNP_6_A12_771560	1	197380463	197805686	304	-0.0129
DUNGS_p_TCGA_b84_115_SNP_N_GenomeWideSNP_6_A12_771560	1	197809186	197812328	6	-0.8318
DUNGS_p_TCGA_b84_115_SNP_N_GenomeWideSNP_6_A12_771560	1	197812810	217937899	14024	2e-04
DUNGS_p_TCGA_b84_115_SNP_N_GenomeWideSNP_6_A12_771560	1	217938028	217938045	2	-1.041
DUNGS_p_TCGA_b84_115_SNP_N_GenomeWideSNP_6_A12_771560	1	217941044	219286284	882	-3e-04
DUNGS_p_TCGA_b84_115_SNP_N_GenomeWideSNP_6_A12_771560	1	219288164	219293438	2	-1.3733
DUNGS_p_TCGA_b84_115_SNP_N_GenomeWideSNP_6_A12_771560	1	219294341	220433291	847	-0.0156
DUNGS_p_TCGA_b84_115_SNP_N_GenomeWideSNP_6_A12_771560	1	220441457	220443627	2	-4.026
DUNGS_p_TCGA_b84_115_SNP_N_GenomeWideSNP_6_A12_771560	1	220448757	241110930	14667	0.0014
DUNGS_p_TCGA_b84_115_SNP_N_GenomeWideSNP_6_A12_771560	1	241111593	241130750	52	0.2725
DUNGS_p_TCGA_b84_115_SNP_N_GenomeWideSNP_6_A12_771560	1	241130765	246229811	3335	0.0087
DUNGS_p_TCGA_b84_115_SNP_N_GenomeWideSNP_6_A12_771560	1	246232325	246238199	2	-1.2767
DUNGS_p_TCGA_b84_115_SNP_N_GenomeWideSNP_6_A12_771560	1	246240076	247191011	472	0.0943
DUNGS_p_TCGA_b84_115_SNP_N_GenomeWideSNP_6_A12_771560	2	2784	34373977	24039	0.0081
DUNGS_p_TCGA_b84_115_SNP_N_GenomeWideSNP_6_A12_771560	2	34377482	34379084	2	-0.9923
DUNGS_p_TCGA_b84_115_SNP_N_GenomeWideSNP_6_A12_771560	2	34379471	34555087	98	-0.0034
DUNGS_p_TCGA_b84_115_SNP_N_GenomeWideSNP_6_A12_771560	2	34555129	34581371	41	-0.4003
DUNGS_p_TCGA_b84_115_SNP_N_GenomeWideSNP_6_A12_771560	2	34590017	44657093	7411	0.0089
DUNGS_p_TCGA_b84_115_SNP_N_GenomeWideSNP_6_A12_771560	2	44657389	44674268	6	0.4549
DUNGS_p_TCGA_b84_115_SNP_N_GenomeWideSNP_6_A12_771560	2	44675653	49508085	3460	-0.0111
DUNGS_p_TCGA_b84_115_SNP_N_GenomeWideSNP_6_A12_771560	2	49512624	49514260	5	0.6906
DUNGS_p_TCGA_b84_115_SNP_N_GenomeWideSNP_6_A12_771560	2	49514839	52595241	2175	0.0321
DUNGS_p_TCGA_b84_115_SNP_N_GenomeWideSNP_6_A12_771560	2	52597429	52608065	5	-0.7092
DUNGS_p_TCGA_b84_115_SNP_N_GenomeWideSNP_6_A12_771560	2	52608232	52608369	2	-2.4985
DUNGS_p_TCGA_b84_115_SNP_N_GenomeWideSNP_6_A12_771560	2	52608385	55481143	2205	0.0143
DUNGS_p_TCGA_b84_115_SNP_N_GenomeWideSNP_6_A12_771560	2	55481275	55481417	2	1.1808
DUNGS_p_TCGA_b84_115_SNP_N_GenomeWideSNP_6_A12_771560	2	55485749	57260910	1204	0.0169
DUNGS_p_TCGA_b84_115_SNP_N_GenomeWideSNP_6_A12_771560	2	57260975	57261166	4	0.6428
DUNGS_p_TCGA_b84_115_SNP_N_GenomeWideSNP_6_A12_771560	2	57261177	66635212	5725	0.0024
DUNGS_p_TCGA_b84_115_SNP_N_GenomeWideSNP_6_A12_771560	2	66637184	66638160	4	0.6943
DUNGS_p_TCGA_b84_115_SNP_N_GenomeWideSNP_6_A12_771560	2	66639026	68595967	1438	0.0041
DUNGS_p_TCGA_b84_115_SNP_N_GenomeWideSNP_6_A12_771560	2	68595997	68600235	2	0.9581
DUNGS_p_TCGA_b84_115_SNP_N_GenomeWideSNP_6_A12_771560	2	68601344	75731320	4385	-0.0076
DUNGS_p_TCGA_b84_115_SNP_N_GenomeWideSNP_6_A12_771560	2	75734647	75734666	2	1.0264
DUNGS_p_TCGA_b84_115_SNP_N_GenomeWideSNP_6_A12_771560	2	75734785	79023465	2148	0.0201
DUNGS_p_TCGA_b84_115_SNP_N_GenomeWideSNP_6_A12_771560	2	79026450	79069256	28	0.2725
DUNGS_p_TCGA_b84_115_SNP_N_GenomeWideSNP_6_A12_771560	2	79069826	86791198	4854	0.0088
DUNGS_p_TCGA_b84_115_SNP_N_GenomeWideSNP_6_A12_771560	2	86806581	86807365	2	-1.6177
DUNGS_p_TCGA_b84_115_SNP_N_GenomeWideSNP_6_A12_771560	2	86823917	97520697	2150	0.0205
DUNGS_p_TCGA_b84_115_SNP_N_GenomeWideSNP_6_A12_771560	2	97523704	97528621	4	-1.3323
DUNGS_p_TCGA_b84_115_SNP_N_GenomeWideSNP_6_A12_771560	2	97533310	99914191	1304	-0.017
DUNGS_p_TCGA_b84_115_SNP_N_GenomeWideSNP_6_A12_771560	2	99915223	99917073	3	1.0185
DUNGS_p_TCGA_b84_115_SNP_N_GenomeWideSNP_6_A12_771560	2	99917715	106241154	4275	-0.0081
DUNGS_p_TCGA_b84_115_SNP_N_GenomeWideSNP_6_A12_771560	2	106246527	106251445	11	0.7135
DUNGS_p_TCGA_b84_115_SNP_N_GenomeWideSNP_6_A12_771560	2	106251789	107803618	993	0.019
DUNGS_p_TCGA_b84_115_SNP_N_GenomeWideSNP_6_A12_771560	2	107806570	107847339	5	0.8347
DUNGS_p_TCGA_b84_115_SNP_N_GenomeWideSNP_6_A12_771560	2	107858520	111859376	1650	0.015
DUNGS_p_TCGA_b84_115_SNP_N_GenomeWideSNP_6_A12_771560	2	111859884	111869580	5	-0.5765
DUNGS_p_TCGA_b84_115_SNP_N_GenomeWideSNP_6_A12_771560	2	111875248	112072213	51	-0.0065
DUNGS_p_TCGA_b84_115_SNP_N_GenomeWideSNP_6_A12_771560	2	112074520	112084296	2	0.9733
DUNGS_p_TCGA_b84_115_SNP_N_GenomeWideSNP_6_A12_771560	2	112089640	126158693	8815	0.0197
DUNGS_p_TCGA_b84_115_SNP_N_GenomeWideSNP_6_A12_771560	2	126168121	126168383	2	-2.803
DUNGS_p_TCGA_b84_115_SNP_N_GenomeWideSNP_6_A12_771560	2	126168402	130660292	2872	0.0124
DUNGS_p_TCGA_b84_115_SNP_N_GenomeWideSNP_6_A12_771560	2	130663773	130742135	23	0.3159
DUNGS_p_TCGA_b84_115_SNP_N_GenomeWideSNP_6_A12_771560	2	130745251	180121616	30118	8e-04
DUNGS_p_TCGA_b84_115_SNP_N_GenomeWideSNP_6_A12_771560	2	180126456	180130382	30	-0.866
DUNGS_p_TCGA_b84_115_SNP_N_GenomeWideSNP_6_A12_771560	2	180133888	181766773	1102	-0.0157
DUNGS_p_TCGA_b84_115_SNP_N_GenomeWideSNP_6_A12_771560	2	181769660	181770241	2	0.8642
DUNGS_p_TCGA_b84_115_SNP_N_GenomeWideSNP_6_A12_771560	2	181770558	208063200	15359	-4e-04
DUNGS_p_TCGA_b84_115_SNP_N_GenomeWideSNP_6_A12_771560	2	208063423	208067581	16	-0.9011
DUNGS_p_TCGA_b84_115_SNP_N_GenomeWideSNP_6_A12_771560	2	208067721	212889567	3045	0.0067
DUNGS_p_TCGA_b84_115_SNP_N_GenomeWideSNP_6_A12_771560	2	212894794	212900070	25	-0.8044
DUNGS_p_TCGA_b84_115_SNP_N_GenomeWideSNP_6_A12_771560	2	212900371	233499155	13174	-0.0018
DUNGS_p_TCGA_b84_115_SNP_N_GenomeWideSNP_6_A12_771560	2	233499852	233500353	2	-1.2848
DUNGS_p_TCGA_b84_115_SNP_N_GenomeWideSNP_6_A12_771560	2	233504719	242738129	5918	-0.0036
DUNGS_p_TCGA_b84_115_SNP_N_GenomeWideSNP_6_A12_771560	3	35345	199602	157	0.0908
DUNGS_p_TCGA_b84_115_SNP_N_GenomeWideSNP_6_A12_771560	3	205022	207800	4	-0.7494
DUNGS_p_TCGA_b84_115_SNP_N_GenomeWideSNP_6_A12_771560	3	209877	882132	543	0.0753
DUNGS_p_TCGA_b84_115_SNP_N_GenomeWideSNP_6_A12_771560	3	883745	885794	5	0.7251
DUNGS_p_TCGA_b84_115_SNP_N_GenomeWideSNP_6_A12_771560	3	886159	1113407	188	0.0749
DUNGS_p_TCGA_b84_115_SNP_N_GenomeWideSNP_6_A12_771560	3	1114264	1114753	2	1.5348
DUNGS_p_TCGA_b84_115_SNP_N_GenomeWideSNP_6_A12_771560	3	1118424	4081834	2801	0.0513
DUNGS_p_TCGA_b84_115_SNP_N_GenomeWideSNP_6_A12_771560	3	4082619	4082699	2	-0.8526
DUNGS_p_TCGA_b84_115_SNP_N_GenomeWideSNP_6_A12_771560	3	4083637	7884055	3310	0.0233
DUNGS_p_TCGA_b84_115_SNP_N_GenomeWideSNP_6_A12_771560	3	7885177	7885628	2	-0.997
DUNGS_p_TCGA_b84_115_SNP_N_GenomeWideSNP_6_A12_771560	3	7886027	22537241	10092	0.0034
DUNGS_p_TCGA_b84_115_SNP_N_GenomeWideSNP_6_A12_771560	3	22537522	22551549	15	0.4194
DUNGS_p_TCGA_b84_115_SNP_N_GenomeWideSNP_6_A12_771560	3	22552282	31953360	6794	0.0052
DUNGS_p_TCGA_b84_115_SNP_N_GenomeWideSNP_6_A12_771560	3	31955037	31955610	3	-0.9716
DUNGS_p_TCGA_b84_115_SNP_N_GenomeWideSNP_6_A12_771560	3	31956231	60750500	17734	-0.0015
DUNGS_p_TCGA_b84_115_SNP_N_GenomeWideSNP_6_A12_771560	3	60752622	60752972	2	1.092
DUNGS_p_TCGA_b84_115_SNP_N_GenomeWideSNP_6_A12_771560	3	60755680	100420474	22240	0.0148
DUNGS_p_TCGA_b84_115_SNP_N_GenomeWideSNP_6_A12_771560	3	100427148	100436451	44	0.3643
DUNGS_p_TCGA_b84_115_SNP_N_GenomeWideSNP_6_A12_771560	3	100447567	104472940	2253	0.003
DUNGS_p_TCGA_b84_115_SNP_N_GenomeWideSNP_6_A12_771560	3	104473954	104475301	2	-1.3101
DUNGS_p_TCGA_b84_115_SNP_N_GenomeWideSNP_6_A12_771560	3	104475335	130130807	16018	-0.0031
DUNGS_p_TCGA_b84_115_SNP_N_GenomeWideSNP_6_A12_771560	3	130133885	130143676	9	0.5541
DUNGS_p_TCGA_b84_115_SNP_N_GenomeWideSNP_6_A12_771560	3	130145849	131245549	474	-0.0071
DUNGS_p_TCGA_b84_115_SNP_N_GenomeWideSNP_6_A12_771560	3	131246388	131288926	52	-1.1241
DUNGS_p_TCGA_b84_115_SNP_N_GenomeWideSNP_6_A12_771560	3	131289614	132474804	695	-0.0223
DUNGS_p_TCGA_b84_115_SNP_N_GenomeWideSNP_6_A12_771560	3	132474953	132477772	2	-1.0116
DUNGS_p_TCGA_b84_115_SNP_N_GenomeWideSNP_6_A12_771560	3	132479373	142025229	6046	0.0059
DUNGS_p_TCGA_b84_115_SNP_N_GenomeWideSNP_6_A12_771560	3	142028391	142029674	2	1.032
DUNGS_p_TCGA_b84_115_SNP_N_GenomeWideSNP_6_A12_771560	3	142043308	146961813	3027	0.0108
DUNGS_p_TCGA_b84_115_SNP_N_GenomeWideSNP_6_A12_771560	3	146961925	146962252	2	-0.9635
DUNGS_p_TCGA_b84_115_SNP_N_GenomeWideSNP_6_A12_771560	3	146963455	159832812	7922	0.0019
DUNGS_p_TCGA_b84_115_SNP_N_GenomeWideSNP_6_A12_771560	3	159833578	159834239	2	-1.0182
DUNGS_p_TCGA_b84_115_SNP_N_GenomeWideSNP_6_A12_771560	3	159841566	163990962	2611	0.0136
DUNGS_p_TCGA_b84_115_SNP_N_GenomeWideSNP_6_A12_771560	3	163995351	164007552	12	0.6501
DUNGS_p_TCGA_b84_115_SNP_N_GenomeWideSNP_6_A12_771560	3	164011324	164013564	3	-0.2076
DUNGS_p_TCGA_b84_115_SNP_N_GenomeWideSNP_6_A12_771560	3	164015644	164023184	7	-1.5034
DUNGS_p_TCGA_b84_115_SNP_N_GenomeWideSNP_6_A12_771560	3	164028410	164106591	46	0.6493
DUNGS_p_TCGA_b84_115_SNP_N_GenomeWideSNP_6_A12_771560	3	164108674	164197211	74	0.0746
DUNGS_p_TCGA_b84_115_SNP_N_GenomeWideSNP_6_A12_771560	3	164200421	164202256	2	-3.2593
DUNGS_p_TCGA_b84_115_SNP_N_GenomeWideSNP_6_A12_771560	3	164208853	192762797	18006	0.0024
DUNGS_p_TCGA_b84_115_SNP_N_GenomeWideSNP_6_A12_771560	3	192767319	192767373	2	0.9867
DUNGS_p_TCGA_b84_115_SNP_N_GenomeWideSNP_6_A12_771560	3	192767394	193463590	495	0.0244
DUNGS_p_TCGA_b84_115_SNP_N_GenomeWideSNP_6_A12_771560	3	193467869	193470750	3	-1.1863
DUNGS_p_TCGA_b84_115_SNP_N_GenomeWideSNP_6_A12_771560	3	193471713	194360596	631	0.0128
DUNGS_p_TCGA_b84_115_SNP_N_GenomeWideSNP_6_A12_771560	3	194360656	194365597	19	-1.2574
DUNGS_p_TCGA_b84_115_SNP_N_GenomeWideSNP_6_A12_771560	3	194369129	195061697	467	-0.0116
DUNGS_p_TCGA_b84_115_SNP_N_GenomeWideSNP_6_A12_771560	3	195062351	195063080	2	-1.281
DUNGS_p_TCGA_b84_115_SNP_N_GenomeWideSNP_6_A12_771560	3	195063953	199380515	2239	-0.007
DUNGS_p_TCGA_b84_115_SNP_N_GenomeWideSNP_6_A12_771560	4	2281	9061021	5253	0.0034
DUNGS_p_TCGA_b84_115_SNP_N_GenomeWideSNP_6_A12_771560	4	9066075	9074070	4	-1.3664
DUNGS_p_TCGA_b84_115_SNP_N_GenomeWideSNP_6_A12_771560	4	9079832	9088443	6	-0.4392
DUNGS_p_TCGA_b84_115_SNP_N_GenomeWideSNP_6_A12_771560	4	9095185	9468995	164	0.0218
DUNGS_p_TCGA_b84_115_SNP_N_GenomeWideSNP_6_A12_771560	4	9468999	9473325	3	-1.5377
DUNGS_p_TCGA_b84_115_SNP_N_GenomeWideSNP_6_A12_771560	4	9474140	9832946	383	0.0058
DUNGS_p_TCGA_b84_115_SNP_N_GenomeWideSNP_6_A12_771560	4	9837881	9843364	27	0.4029
DUNGS_p_TCGA_b84_115_SNP_N_GenomeWideSNP_6_A12_771560	4	9843706	10007709	181	0.0041
DUNGS_p_TCGA_b84_115_SNP_N_GenomeWideSNP_6_A12_771560	4	10007835	10009766	11	-0.6333
DUNGS_p_TCGA_b84_115_SNP_N_GenomeWideSNP_6_A12_771560	4	10011816	23056800	9487	0.0109
DUNGS_p_TCGA_b84_115_SNP_N_GenomeWideSNP_6_A12_771560	4	23058361	23058632	7	0.533
DUNGS_p_TCGA_b84_115_SNP_N_GenomeWideSNP_6_A12_771560	4	23060305	23603323	384	0.0139
DUNGS_p_TCGA_b84_115_SNP_N_GenomeWideSNP_6_A12_771560	4	23603368	23605872	5	0.5306
DUNGS_p_TCGA_b84_115_SNP_N_GenomeWideSNP_6_A12_771560	4	23608771	23644852	38	-0.012
DUNGS_p_TCGA_b84_115_SNP_N_GenomeWideSNP_6_A12_771560	4	23644989	23645169	2	-1.3896
DUNGS_p_TCGA_b84_115_SNP_N_GenomeWideSNP_6_A12_771560	4	23647849	29672431	4081	0.0101
DUNGS_p_TCGA_b84_115_SNP_N_GenomeWideSNP_6_A12_771560	4	29675434	29675950	2	-0.8698
DUNGS_p_TCGA_b84_115_SNP_N_GenomeWideSNP_6_A12_771560	4	29680114	34455370	2810	0.0213
DUNGS_p_TCGA_b84_115_SNP_N_GenomeWideSNP_6_A12_771560	4	34455399	34500578	41	-0.3121
DUNGS_p_TCGA_b84_115_SNP_N_GenomeWideSNP_6_A12_771560	4	34501120	35927250	933	0.0152
DUNGS_p_TCGA_b84_115_SNP_N_GenomeWideSNP_6_A12_771560	4	35927775	35927859	2	1.4376
DUNGS_p_TCGA_b84_115_SNP_N_GenomeWideSNP_6_A12_771560	4	35931341	48808852	8047	0.0095
DUNGS_p_TCGA_b84_115_SNP_N_GenomeWideSNP_6_A12_771560	4	48810738	48838020	2	-1.3853
DUNGS_p_TCGA_b84_115_SNP_N_GenomeWideSNP_6_A12_771560	4	48843591	49198542	20	-0.0235
DUNGS_p_TCGA_b84_115_SNP_N_GenomeWideSNP_6_A12_771560	4	49205156	49205959	2	1.0424
DUNGS_p_TCGA_b84_115_SNP_N_GenomeWideSNP_6_A12_771560	4	49256742	63829688	7293	0.0121
DUNGS_p_TCGA_b84_115_SNP_N_GenomeWideSNP_6_A12_771560	4	63834255	63834508	2	-1.3766
DUNGS_p_TCGA_b84_115_SNP_N_GenomeWideSNP_6_A12_771560	4	63837162	64374654	306	0.025
DUNGS_p_TCGA_b84_115_SNP_N_GenomeWideSNP_6_A12_771560	4	64375574	64414638	43	0.2582
DUNGS_p_TCGA_b84_115_SNP_N_GenomeWideSNP_6_A12_771560	4	64417013	69027207	2864	0.0202
DUNGS_p_TCGA_b84_115_SNP_N_GenomeWideSNP_6_A12_771560	4	69043083	69057755	6	-0.6399
DUNGS_p_TCGA_b84_115_SNP_N_GenomeWideSNP_6_A12_771560	4	69057943	69079057	8	-2.0766
DUNGS_p_TCGA_b84_115_SNP_N_GenomeWideSNP_6_A12_771560	4	69079061	69096538	9	-0.4195
DUNGS_p_TCGA_b84_115_SNP_N_GenomeWideSNP_6_A12_771560	4	69102618	69168574	45	-1.5436
DUNGS_p_TCGA_b84_115_SNP_N_GenomeWideSNP_6_A12_771560	4	69171930	69406991	10	-0.119
DUNGS_p_TCGA_b84_115_SNP_N_GenomeWideSNP_6_A12_771560	4	69408681	69512426	5	1.1324
DUNGS_p_TCGA_b84_115_SNP_N_GenomeWideSNP_6_A12_771560	4	69571393	70117458	295	0.0425
DUNGS_p_TCGA_b84_115_SNP_N_GenomeWideSNP_6_A12_771560	4	70117968	70274578	82	0.3139
DUNGS_p_TCGA_b84_115_SNP_N_GenomeWideSNP_6_A12_771560	4	70276618	70473658	161	0.0439
DUNGS_p_TCGA_b84_115_SNP_N_GenomeWideSNP_6_A12_771560	4	70473794	70474275	4	-0.9012
DUNGS_p_TCGA_b84_115_SNP_N_GenomeWideSNP_6_A12_771560	4	70481520	72616948	1111	0.0035
DUNGS_p_TCGA_b84_115_SNP_N_GenomeWideSNP_6_A12_771560	4	72617413	72625593	9	0.4485
DUNGS_p_TCGA_b84_115_SNP_N_GenomeWideSNP_6_A12_771560	4	72629212	76996287	2624	-0.0011
DUNGS_p_TCGA_b84_115_SNP_N_GenomeWideSNP_6_A12_771560	4	76996899	77000201	3	0.8451
DUNGS_p_TCGA_b84_115_SNP_N_GenomeWideSNP_6_A12_771560	4	77001523	104435155	16775	0.0026
DUNGS_p_TCGA_b84_115_SNP_N_GenomeWideSNP_6_A12_771560	4	104437549	104437551	3	1.4196
DUNGS_p_TCGA_b84_115_SNP_N_GenomeWideSNP_6_A12_771560	4	104439553	104965020	367	0.0057
DUNGS_p_TCGA_b84_115_SNP_N_GenomeWideSNP_6_A12_771560	4	104971079	104971086	5	0.9946
DUNGS_p_TCGA_b84_115_SNP_N_GenomeWideSNP_6_A12_771560	4	104971093	115393149	6318	0.0057
DUNGS_p_TCGA_b84_115_SNP_N_GenomeWideSNP_6_A12_771560	4	115394772	115403715	26	0.7187
DUNGS_p_TCGA_b84_115_SNP_N_GenomeWideSNP_6_A12_771560	4	115403759	127252080	7118	0.0101
DUNGS_p_TCGA_b84_115_SNP_N_GenomeWideSNP_6_A12_771560	4	127252780	127252810	3	-1.3423
DUNGS_p_TCGA_b84_115_SNP_N_GenomeWideSNP_6_A12_771560	4	127265446	153209736	15250	0.0111
DUNGS_p_TCGA_b84_115_SNP_N_GenomeWideSNP_6_A12_771560	4	153210343	153212191	4	-0.8964
DUNGS_p_TCGA_b84_115_SNP_N_GenomeWideSNP_6_A12_771560	4	153213580	162696532	6152	0.0106
DUNGS_p_TCGA_b84_115_SNP_N_GenomeWideSNP_6_A12_771560	4	162696634	162699899	2	-1.0824
DUNGS_p_TCGA_b84_115_SNP_N_GenomeWideSNP_6_A12_771560	4	162700361	171080719	5266	0.0149
DUNGS_p_TCGA_b84_115_SNP_N_GenomeWideSNP_6_A12_771560	4	171081055	171083616	4	-0.9301
DUNGS_p_TCGA_b84_115_SNP_N_GenomeWideSNP_6_A12_771560	4	171084107	172601079	954	0.0215
DUNGS_p_TCGA_b84_115_SNP_N_GenomeWideSNP_6_A12_771560	4	172602402	172602594	3	0.6774
DUNGS_p_TCGA_b84_115_SNP_N_GenomeWideSNP_6_A12_771560	4	172603118	172605921	13	-0.0182
DUNGS_p_TCGA_b84_115_SNP_N_GenomeWideSNP_6_A12_771560	4	172611459	172614285	10	-1.2562
DUNGS_p_TCGA_b84_115_SNP_N_GenomeWideSNP_6_A12_771560	4	172614299	172618528	8	0.2738
DUNGS_p_TCGA_b84_115_SNP_N_GenomeWideSNP_6_A12_771560	4	172624268	173224503	391	0.0224
DUNGS_p_TCGA_b84_115_SNP_N_GenomeWideSNP_6_A12_771560	4	173225723	173226108	12	0.8981
DUNGS_p_TCGA_b84_115_SNP_N_GenomeWideSNP_6_A12_771560	4	173232554	180190536	4266	0.014
DUNGS_p_TCGA_b84_115_SNP_N_GenomeWideSNP_6_A12_771560	4	180194918	180199741	10	-0.923
DUNGS_p_TCGA_b84_115_SNP_N_GenomeWideSNP_6_A12_771560	4	180204781	189458252	6682	0.0297
DUNGS_p_TCGA_b84_115_SNP_N_GenomeWideSNP_6_A12_771560	4	189458354	189458418	3	1.6522
DUNGS_p_TCGA_b84_115_SNP_N_GenomeWideSNP_6_A12_771560	4	189458433	190426037	789	0.0868
DUNGS_p_TCGA_b84_115_SNP_N_GenomeWideSNP_6_A12_771560	4	190432112	190457378	9	-0.4457
DUNGS_p_TCGA_b84_115_SNP_N_GenomeWideSNP_6_A12_771560	4	190462567	191261904	381	0.1047
DUNGS_p_TCGA_b84_115_SNP_N_GenomeWideSNP_6_A12_771560	5	68532	21487034	15792	0.0265
DUNGS_p_TCGA_b84_115_SNP_N_GenomeWideSNP_6_A12_771560	5	21487721	21487755	2	-3.6984
DUNGS_p_TCGA_b84_115_SNP_N_GenomeWideSNP_6_A12_771560	5	21488195	26824888	3159	0.0216
DUNGS_p_TCGA_b84_115_SNP_N_GenomeWideSNP_6_A12_771560	5	26825114	26825253	3	0.8553
DUNGS_p_TCGA_b84_115_SNP_N_GenomeWideSNP_6_A12_771560	5	26833517	27561147	399	0.0229
DUNGS_p_TCGA_b84_115_SNP_N_GenomeWideSNP_6_A12_771560	5	27561271	27561777	9	-0.4464
DUNGS_p_TCGA_b84_115_SNP_N_GenomeWideSNP_6_A12_771560	5	27563236	41637453	9379	0.008
DUNGS_p_TCGA_b84_115_SNP_N_GenomeWideSNP_6_A12_771560	5	41637853	41639742	4	-0.7454
DUNGS_p_TCGA_b84_115_SNP_N_GenomeWideSNP_6_A12_771560	5	41640241	57274486	7112	0.0056
DUNGS_p_TCGA_b84_115_SNP_N_GenomeWideSNP_6_A12_771560	5	57274727	57276524	2	-1.2416
DUNGS_p_TCGA_b84_115_SNP_N_GenomeWideSNP_6_A12_771560	5	57278569	57357403	68	0.0454
DUNGS_p_TCGA_b84_115_SNP_N_GenomeWideSNP_6_A12_771560	5	57361784	57369290	32	1.2972
DUNGS_p_TCGA_b84_115_SNP_N_GenomeWideSNP_6_A12_771560	5	57374114	68903050	7309	-0.0028
DUNGS_p_TCGA_b84_115_SNP_N_GenomeWideSNP_6_A12_771560	5	69110733	70427009	24	-0.5247
DUNGS_p_TCGA_b84_115_SNP_N_GenomeWideSNP_6_A12_771560	5	70689828	92017384	12750	-0.0065
DUNGS_p_TCGA_b84_115_SNP_N_GenomeWideSNP_6_A12_771560	5	92017433	92021807	2	1.1784
DUNGS_p_TCGA_b84_115_SNP_N_GenomeWideSNP_6_A12_771560	5	92025622	98613838	3739	8e-04
DUNGS_p_TCGA_b84_115_SNP_N_GenomeWideSNP_6_A12_771560	5	98619963	98623209	5	-0.5949
DUNGS_p_TCGA_b84_115_SNP_N_GenomeWideSNP_6_A12_771560	5	98624046	103879120	3062	0.0291
DUNGS_p_TCGA_b84_115_SNP_N_GenomeWideSNP_6_A12_771560	5	103888272	103888503	4	0.8654
DUNGS_p_TCGA_b84_115_SNP_N_GenomeWideSNP_6_A12_771560	5	103888948	150869128	30348	0.0013
DUNGS_p_TCGA_b84_115_SNP_N_GenomeWideSNP_6_A12_771560	5	150870594	150870951	2	-1.0815
DUNGS_p_TCGA_b84_115_SNP_N_GenomeWideSNP_6_A12_771560	5	150872682	151494364	484	-0.0043
DUNGS_p_TCGA_b84_115_SNP_N_GenomeWideSNP_6_A12_771560	5	151495579	151498544	14	-0.8308
DUNGS_p_TCGA_b84_115_SNP_N_GenomeWideSNP_6_A12_771560	5	151500464	155409498	2667	0.0064
DUNGS_p_TCGA_b84_115_SNP_N_GenomeWideSNP_6_A12_771560	5	155409576	155415307	12	-0.8295
DUNGS_p_TCGA_b84_115_SNP_N_GenomeWideSNP_6_A12_771560	5	155427828	168096838	8604	0.008
DUNGS_p_TCGA_b84_115_SNP_N_GenomeWideSNP_6_A12_771560	5	168097322	168097977	5	0.7328
DUNGS_p_TCGA_b84_115_SNP_N_GenomeWideSNP_6_A12_771560	5	168103153	172245037	3191	0.0022
DUNGS_p_TCGA_b84_115_SNP_N_GenomeWideSNP_6_A12_771560	5	172246697	172248300	3	-0.8183
DUNGS_p_TCGA_b84_115_SNP_N_GenomeWideSNP_6_A12_771560	5	172249165	177130561	3036	0.0019
DUNGS_p_TCGA_b84_115_SNP_N_GenomeWideSNP_6_A12_771560	5	177131055	177160157	2	-1.2983
DUNGS_p_TCGA_b84_115_SNP_N_GenomeWideSNP_6_A12_771560	5	177161185	180311494	1818	-0.008
DUNGS_p_TCGA_b84_115_SNP_N_GenomeWideSNP_6_A12_771560	5	180312809	180350709	17	-2.0759
DUNGS_p_TCGA_b84_115_SNP_N_GenomeWideSNP_6_A12_771560	5	180365831	180722926	171	0.013
DUNGS_p_TCGA_b84_115_SNP_N_GenomeWideSNP_6_A12_771560	6	94661	239837	124	0.0206
DUNGS_p_TCGA_b84_115_SNP_N_GenomeWideSNP_6_A12_771560	6	247306	329521	82	0.6634
DUNGS_p_TCGA_b84_115_SNP_N_GenomeWideSNP_6_A12_771560	6	329546	2547356	1817	0.008
DUNGS_p_TCGA_b84_115_SNP_N_GenomeWideSNP_6_A12_771560	6	2549176	2553795	5	-0.7163
DUNGS_p_TCGA_b84_115_SNP_N_GenomeWideSNP_6_A12_771560	6	2553994	20635489	13889	-0.0046
DUNGS_p_TCGA_b84_115_SNP_N_GenomeWideSNP_6_A12_771560	6	20638176	20650200	12	0.4921
DUNGS_p_TCGA_b84_115_SNP_N_GenomeWideSNP_6_A12_771560	6	20658596	26840385	4373	-0.0014
DUNGS_p_TCGA_b84_115_SNP_N_GenomeWideSNP_6_A12_771560	6	26845011	26860476	11	0.4301
DUNGS_p_TCGA_b84_115_SNP_N_GenomeWideSNP_6_A12_771560	6	26860551	27096326	87	-0.0174
DUNGS_p_TCGA_b84_115_SNP_N_GenomeWideSNP_6_A12_771560	6	27101596	27102324	2	-1.2776
DUNGS_p_TCGA_b84_115_SNP_N_GenomeWideSNP_6_A12_771560	6	27102585	29952351	1376	-0.0253
DUNGS_p_TCGA_b84_115_SNP_N_GenomeWideSNP_6_A12_771560	6	29956867	29957080	3	1.1207
DUNGS_p_TCGA_b84_115_SNP_N_GenomeWideSNP_6_A12_771560	6	29957104	31388802	676	-0.0181
DUNGS_p_TCGA_b84_115_SNP_N_GenomeWideSNP_6_A12_771560	6	31394255	31403385	7	-2.1646
DUNGS_p_TCGA_b84_115_SNP_N_GenomeWideSNP_6_A12_771560	6	31403932	31526679	104	-0.0428
DUNGS_p_TCGA_b84_115_SNP_N_GenomeWideSNP_6_A12_771560	6	31527828	31529372	4	0.5344
DUNGS_p_TCGA_b84_115_SNP_N_GenomeWideSNP_6_A12_771560	6	31533478	31573469	54	-0.0232
DUNGS_p_TCGA_b84_115_SNP_N_GenomeWideSNP_6_A12_771560	6	31573774	31588251	3	-0.8716
DUNGS_p_TCGA_b84_115_SNP_N_GenomeWideSNP_6_A12_771560	6	31589092	32599282	359	-0.0294
DUNGS_p_TCGA_b84_115_SNP_N_GenomeWideSNP_6_A12_771560	6	32600823	32669273	19	-0.387
DUNGS_p_TCGA_b84_115_SNP_N_GenomeWideSNP_6_A12_771560	6	32678024	32717405	29	0.0082
DUNGS_p_TCGA_b84_115_SNP_N_GenomeWideSNP_6_A12_771560	6	32732282	32734596	6	-0.9987
DUNGS_p_TCGA_b84_115_SNP_N_GenomeWideSNP_6_A12_771560	6	32758590	32798005	45	0.0363
DUNGS_p_TCGA_b84_115_SNP_N_GenomeWideSNP_6_A12_771560	6	32798775	32798808	3	1.6202
DUNGS_p_TCGA_b84_115_SNP_N_GenomeWideSNP_6_A12_771560	6	32798923	32912048	97	-0.0372
DUNGS_p_TCGA_b84_115_SNP_N_GenomeWideSNP_6_A12_771560	6	32912277	32912548	3	-0.8174
DUNGS_p_TCGA_b84_115_SNP_N_GenomeWideSNP_6_A12_771560	6	32912776	48708034	10076	-0.0044
DUNGS_p_TCGA_b84_115_SNP_N_GenomeWideSNP_6_A12_771560	6	48708267	48771938	45	0.2252
DUNGS_p_TCGA_b84_115_SNP_N_GenomeWideSNP_6_A12_771560	6	48772502	49038824	163	0.0047
DUNGS_p_TCGA_b84_115_SNP_N_GenomeWideSNP_6_A12_771560	6	49039688	49043159	5	-0.7962
DUNGS_p_TCGA_b84_115_SNP_N_GenomeWideSNP_6_A12_771560	6	49054522	54039234	3323	0.0058
DUNGS_p_TCGA_b84_115_SNP_N_GenomeWideSNP_6_A12_771560	6	54039339	54039814	4	-1.0701
DUNGS_p_TCGA_b84_115_SNP_N_GenomeWideSNP_6_A12_771560	6	54043307	54953644	604	0.0019
DUNGS_p_TCGA_b84_115_SNP_N_GenomeWideSNP_6_A12_771560	6	54956414	54958098	4	-0.9541
DUNGS_p_TCGA_b84_115_SNP_N_GenomeWideSNP_6_A12_771560	6	54960071	57954932	1629	0.01
DUNGS_p_TCGA_b84_115_SNP_N_GenomeWideSNP_6_A12_771560	6	57955734	57959181	2	-1.0521
DUNGS_p_TCGA_b84_115_SNP_N_GenomeWideSNP_6_A12_771560	6	57965036	62981784	863	0.0401
DUNGS_p_TCGA_b84_115_SNP_N_GenomeWideSNP_6_A12_771560	6	62983601	62985851	3	-1.2968
DUNGS_p_TCGA_b84_115_SNP_N_GenomeWideSNP_6_A12_771560	6	62986263	70299742	4606	0.0218
DUNGS_p_TCGA_b84_115_SNP_N_GenomeWideSNP_6_A12_771560	6	70308225	70317980	7	0.7481
DUNGS_p_TCGA_b84_115_SNP_N_GenomeWideSNP_6_A12_771560	6	70318028	71688777	871	0.0029
DUNGS_p_TCGA_b84_115_SNP_N_GenomeWideSNP_6_A12_771560	6	71689103	71689551	2	1.209
DUNGS_p_TCGA_b84_115_SNP_N_GenomeWideSNP_6_A12_771560	6	71689824	77493251	3721	0.0116
DUNGS_p_TCGA_b84_115_SNP_N_GenomeWideSNP_6_A12_771560	6	77496587	77509360	18	-0.4412
DUNGS_p_TCGA_b84_115_SNP_N_GenomeWideSNP_6_A12_771560	6	77509392	79019608	983	0.0093
DUNGS_p_TCGA_b84_115_SNP_N_GenomeWideSNP_6_A12_771560	6	79025784	79091904	113	0.4447
DUNGS_p_TCGA_b84_115_SNP_N_GenomeWideSNP_6_A12_771560	6	79095953	100423867	13507	0.0121
DUNGS_p_TCGA_b84_115_SNP_N_GenomeWideSNP_6_A12_771560	6	100426308	100426452	2	0.8767
DUNGS_p_TCGA_b84_115_SNP_N_GenomeWideSNP_6_A12_771560	6	100429890	103022651	1510	0.0144
DUNGS_p_TCGA_b84_115_SNP_N_GenomeWideSNP_6_A12_771560	6	103023337	103023414	2	1.1622
DUNGS_p_TCGA_b84_115_SNP_N_GenomeWideSNP_6_A12_771560	6	103034297	113791122	6829	-0.0042
DUNGS_p_TCGA_b84_115_SNP_N_GenomeWideSNP_6_A12_771560	6	113791479	113792174	3	-1.5525
DUNGS_p_TCGA_b84_115_SNP_N_GenomeWideSNP_6_A12_771560	6	113795630	114328648	381	0.01
DUNGS_p_TCGA_b84_115_SNP_N_GenomeWideSNP_6_A12_771560	6	114331534	114331709	2	-1.173
DUNGS_p_TCGA_b84_115_SNP_N_GenomeWideSNP_6_A12_771560	6	114332504	132747954	11284	-0.0019
DUNGS_p_TCGA_b84_115_SNP_N_GenomeWideSNP_6_A12_771560	6	132751050	132754736	5	-0.9328
DUNGS_p_TCGA_b84_115_SNP_N_GenomeWideSNP_6_A12_771560	6	132761061	143581526	7025	-0.0026
DUNGS_p_TCGA_b84_115_SNP_N_GenomeWideSNP_6_A12_771560	6	143589974	143590270	3	0.806
DUNGS_p_TCGA_b84_115_SNP_N_GenomeWideSNP_6_A12_771560	6	143591614	170761420	19278	0.007
DUNGS_p_TCGA_b84_115_SNP_N_GenomeWideSNP_6_A12_771560	6	170824252	170892930	4	-0.5462
DUNGS_p_TCGA_b84_115_SNP_N_GenomeWideSNP_6_A12_771560	7	52911	4638798	2527	0.0085
DUNGS_p_TCGA_b84_115_SNP_N_GenomeWideSNP_6_A12_771560	7	4640984	4650400	4	-1.6341
DUNGS_p_TCGA_b84_115_SNP_N_GenomeWideSNP_6_A12_771560	7	4651654	5903426	551	-0.0081
DUNGS_p_TCGA_b84_115_SNP_N_GenomeWideSNP_6_A12_771560	7	5906565	5917354	3	-1.1712
DUNGS_p_TCGA_b84_115_SNP_N_GenomeWideSNP_6_A12_771560	7	5922785	6803593	361	-0.0012
DUNGS_p_TCGA_b84_115_SNP_N_GenomeWideSNP_6_A12_771560	7	6805249	6830772	6	0.6999
DUNGS_p_TCGA_b84_115_SNP_N_GenomeWideSNP_6_A12_771560	7	6833603	19121477	10075	0.0176
DUNGS_p_TCGA_b84_115_SNP_N_GenomeWideSNP_6_A12_771560	7	19121713	19121933	4	-0.5926
DUNGS_p_TCGA_b84_115_SNP_N_GenomeWideSNP_6_A12_771560	7	19121949	22401305	2589	0.0098
DUNGS_p_TCGA_b84_115_SNP_N_GenomeWideSNP_6_A12_771560	7	22401997	22403012	2	1.3729
DUNGS_p_TCGA_b84_115_SNP_N_GenomeWideSNP_6_A12_771560	7	22405279	45350266	15937	4e-04
DUNGS_p_TCGA_b84_115_SNP_N_GenomeWideSNP_6_A12_771560	7	45351038	45351104	3	-0.8763
DUNGS_p_TCGA_b84_115_SNP_N_GenomeWideSNP_6_A12_771560	7	45354088	54353999	6555	0.0153
DUNGS_p_TCGA_b84_115_SNP_N_GenomeWideSNP_6_A12_771560	7	54354003	54354011	5	2.1073
DUNGS_p_TCGA_b84_115_SNP_N_GenomeWideSNP_6_A12_771560	7	54360982	64206287	3140	0.0364
DUNGS_p_TCGA_b84_115_SNP_N_GenomeWideSNP_6_A12_771560	7	64231500	64233133	6	1.0966
DUNGS_p_TCGA_b84_115_SNP_N_GenomeWideSNP_6_A12_771560	7	64274563	66372976	783	0.0089
DUNGS_p_TCGA_b84_115_SNP_N_GenomeWideSNP_6_A12_771560	7	66393280	66395512	2	-1.0891
DUNGS_p_TCGA_b84_115_SNP_N_GenomeWideSNP_6_A12_771560	7	66410127	66497408	48	0.0283
DUNGS_p_TCGA_b84_115_SNP_N_GenomeWideSNP_6_A12_771560	7	66499160	66500779	5	-0.5297
DUNGS_p_TCGA_b84_115_SNP_N_GenomeWideSNP_6_A12_771560	7	66501385	70058374	2316	0.0322
DUNGS_p_TCGA_b84_115_SNP_N_GenomeWideSNP_6_A12_771560	7	70061186	70064077	2	1.2994
DUNGS_p_TCGA_b84_115_SNP_N_GenomeWideSNP_6_A12_771560	7	70066179	78268395	3689	0.0119
DUNGS_p_TCGA_b84_115_SNP_N_GenomeWideSNP_6_A12_771560	7	78274391	78274691	2	-1.6088
DUNGS_p_TCGA_b84_115_SNP_N_GenomeWideSNP_6_A12_771560	7	78275290	91195790	8419	0.0147
DUNGS_p_TCGA_b84_115_SNP_N_GenomeWideSNP_6_A12_771560	7	91195805	91196890	7	0.7227
DUNGS_p_TCGA_b84_115_SNP_N_GenomeWideSNP_6_A12_771560	7	91196969	97233407	3759	-0.0019
DUNGS_p_TCGA_b84_115_SNP_N_GenomeWideSNP_6_A12_771560	7	97233442	97242615	16	0.3332
DUNGS_p_TCGA_b84_115_SNP_N_GenomeWideSNP_6_A12_771560	7	97242645	109221034	6633	-0.0048
DUNGS_p_TCGA_b84_115_SNP_N_GenomeWideSNP_6_A12_771560	7	109224328	109225008	15	-0.6557
DUNGS_p_TCGA_b84_115_SNP_N_GenomeWideSNP_6_A12_771560	7	109225010	109228159	8	0.5062
DUNGS_p_TCGA_b84_115_SNP_N_GenomeWideSNP_6_A12_771560	7	109228448	109241146	12	-2.028
DUNGS_p_TCGA_b84_115_SNP_N_GenomeWideSNP_6_A12_771560	7	109241218	109554648	194	0.0317
DUNGS_p_TCGA_b84_115_SNP_N_GenomeWideSNP_6_A12_771560	7	109555060	109585828	14	-0.2244
DUNGS_p_TCGA_b84_115_SNP_N_GenomeWideSNP_6_A12_771560	7	109585843	109586045	2	0.8883
DUNGS_p_TCGA_b84_115_SNP_N_GenomeWideSNP_6_A12_771560	7	109586089	125833779	9845	0.0105
DUNGS_p_TCGA_b84_115_SNP_N_GenomeWideSNP_6_A12_771560	7	125833836	125834116	7	0.6289
DUNGS_p_TCGA_b84_115_SNP_N_GenomeWideSNP_6_A12_771560	7	125834117	126034967	138	0.0355
DUNGS_p_TCGA_b84_115_SNP_N_GenomeWideSNP_6_A12_771560	7	126047986	126049085	2	1.1911
DUNGS_p_TCGA_b84_115_SNP_N_GenomeWideSNP_6_A12_771560	7	126050092	132213794	3832	0.0032
DUNGS_p_TCGA_b84_115_SNP_N_GenomeWideSNP_6_A12_771560	7	132213966	132220139	6	0.5721
DUNGS_p_TCGA_b84_115_SNP_N_GenomeWideSNP_6_A12_771560	7	132222444	133746805	1009	-0.0123
DUNGS_p_TCGA_b84_115_SNP_N_GenomeWideSNP_6_A12_771560	7	133751730	133752019	2	1.0226
DUNGS_p_TCGA_b84_115_SNP_N_GenomeWideSNP_6_A12_771560	7	133752737	141409593	4955	-0.003
DUNGS_p_TCGA_b84_115_SNP_N_GenomeWideSNP_6_A12_771560	7	141416112	141438576	42	-0.6603
DUNGS_p_TCGA_b84_115_SNP_N_GenomeWideSNP_6_A12_771560	7	141441750	141693581	192	-0.0147
DUNGS_p_TCGA_b84_115_SNP_N_GenomeWideSNP_6_A12_771560	7	141693604	141694120	5	-0.856
DUNGS_p_TCGA_b84_115_SNP_N_GenomeWideSNP_6_A12_771560	7	141724241	142156294	255	0.0386
DUNGS_p_TCGA_b84_115_SNP_N_GenomeWideSNP_6_A12_771560	7	142156339	142186562	32	0.6376
DUNGS_p_TCGA_b84_115_SNP_N_GenomeWideSNP_6_A12_771560	7	142188690	143527185	835	0.0039
DUNGS_p_TCGA_b84_115_SNP_N_GenomeWideSNP_6_A12_771560	7	143535212	143697880	43	-0.505
DUNGS_p_TCGA_b84_115_SNP_N_GenomeWideSNP_6_A12_771560	7	143705862	149931668	3865	0.0076
DUNGS_p_TCGA_b84_115_SNP_N_GenomeWideSNP_6_A12_771560	7	149931800	149932502	3	-1.6614
DUNGS_p_TCGA_b84_115_SNP_N_GenomeWideSNP_6_A12_771560	7	149938855	155156790	3507	0.0188
DUNGS_p_TCGA_b84_115_SNP_N_GenomeWideSNP_6_A12_771560	7	155158624	155159699	2	1.2198
DUNGS_p_TCGA_b84_115_SNP_N_GenomeWideSNP_6_A12_771560	7	155162397	158819765	2327	0.0064
DUNGS_p_TCGA_b84_115_SNP_N_GenomeWideSNP_6_A12_771560	8	21254	2068619	1489	0.0273
DUNGS_p_TCGA_b84_115_SNP_N_GenomeWideSNP_6_A12_771560	8	2068658	2068779	3	-1.0365
DUNGS_p_TCGA_b84_115_SNP_N_GenomeWideSNP_6_A12_771560	8	2068814	2243475	161	0.0455
DUNGS_p_TCGA_b84_115_SNP_N_GenomeWideSNP_6_A12_771560	8	2243551	2243586	3	1.0117
DUNGS_p_TCGA_b84_115_SNP_N_GenomeWideSNP_6_A12_771560	8	2243644	2283377	69	0.1379
DUNGS_p_TCGA_b84_115_SNP_N_GenomeWideSNP_6_A12_771560	8	2284134	2284698	6	0.7027
DUNGS_p_TCGA_b84_115_SNP_N_GenomeWideSNP_6_A12_771560	8	2288942	2861760	570	0.0425
DUNGS_p_TCGA_b84_115_SNP_N_GenomeWideSNP_6_A12_771560	8	2877299	2878170	3	-1.1846
DUNGS_p_TCGA_b84_115_SNP_N_GenomeWideSNP_6_A12_771560	8	2883931	3989600	1489	0.0378
DUNGS_p_TCGA_b84_115_SNP_N_GenomeWideSNP_6_A12_771560	8	3989615	3989724	3	-1.254
DUNGS_p_TCGA_b84_115_SNP_N_GenomeWideSNP_6_A12_771560	8	3990061	3990713	10	0.0278
DUNGS_p_TCGA_b84_115_SNP_N_GenomeWideSNP_6_A12_771560	8	3990871	3990886	2	-2.5373
DUNGS_p_TCGA_b84_115_SNP_N_GenomeWideSNP_6_A12_771560	8	3990969	5328437	1925	0.0638
DUNGS_p_TCGA_b84_115_SNP_N_GenomeWideSNP_6_A12_771560	8	5329909	5331339	2	-1.1642
DUNGS_p_TCGA_b84_115_SNP_N_GenomeWideSNP_6_A12_771560	8	5332598	5581675	364	0.0774
DUNGS_p_TCGA_b84_115_SNP_N_GenomeWideSNP_6_A12_771560	8	5586134	5591708	25	-0.7645
DUNGS_p_TCGA_b84_115_SNP_N_GenomeWideSNP_6_A12_771560	8	5591735	6863552	1622	0.045
DUNGS_p_TCGA_b84_115_SNP_N_GenomeWideSNP_6_A12_771560	8	6865598	6866263	2	1.1864
DUNGS_p_TCGA_b84_115_SNP_N_GenomeWideSNP_6_A12_771560	8	6867213	8321077	514	0.0702
DUNGS_p_TCGA_b84_115_SNP_N_GenomeWideSNP_6_A12_771560	8	8324455	8328767	6	-0.9362
DUNGS_p_TCGA_b84_115_SNP_N_GenomeWideSNP_6_A12_771560	8	8329155	11047528	2378	0.0092
DUNGS_p_TCGA_b84_115_SNP_N_GenomeWideSNP_6_A12_771560	8	11048140	11048236	3	1.4021
DUNGS_p_TCGA_b84_115_SNP_N_GenomeWideSNP_6_A12_771560	8	11048582	12287550	707	-0.0109
DUNGS_p_TCGA_b84_115_SNP_N_GenomeWideSNP_6_A12_771560	8	12289563	12305344	11	0.4491
DUNGS_p_TCGA_b84_115_SNP_N_GenomeWideSNP_6_A12_771560	8	12308120	15457818	2810	0.0305
DUNGS_p_TCGA_b84_115_SNP_N_GenomeWideSNP_6_A12_771560	8	15467641	15478054	17	-0.9833
DUNGS_p_TCGA_b84_115_SNP_N_GenomeWideSNP_6_A12_771560	8	15484957	25030393	7673	0.0055
DUNGS_p_TCGA_b84_115_SNP_N_GenomeWideSNP_6_A12_771560	8	25030439	25040250	25	-2.1769
DUNGS_p_TCGA_b84_115_SNP_N_GenomeWideSNP_6_A12_771560	8	25047021	35515689	6990	0.0028
DUNGS_p_TCGA_b84_115_SNP_N_GenomeWideSNP_6_A12_771560	8	35518961	35519638	4	0.587
DUNGS_p_TCGA_b84_115_SNP_N_GenomeWideSNP_6_A12_771560	8	35520921	39349816	2054	0.014
DUNGS_p_TCGA_b84_115_SNP_N_GenomeWideSNP_6_A12_771560	8	39354760	39506122	59	0.6398
DUNGS_p_TCGA_b84_115_SNP_N_GenomeWideSNP_6_A12_771560	8	39507456	40891153	1075	0.013
DUNGS_p_TCGA_b84_115_SNP_N_GenomeWideSNP_6_A12_771560	8	40897009	40897628	2	1.1163
DUNGS_p_TCGA_b84_115_SNP_N_GenomeWideSNP_6_A12_771560	8	40902837	50670446	3192	0.0213
DUNGS_p_TCGA_b84_115_SNP_N_GenomeWideSNP_6_A12_771560	8	50670808	50671465	3	0.8905
DUNGS_p_TCGA_b84_115_SNP_N_GenomeWideSNP_6_A12_771560	8	50673281	51194624	329	0.0454
DUNGS_p_TCGA_b84_115_SNP_N_GenomeWideSNP_6_A12_771560	8	51194764	51194816	2	-0.9129
DUNGS_p_TCGA_b84_115_SNP_N_GenomeWideSNP_6_A12_771560	8	51194870	51343186	117	0.0202
DUNGS_p_TCGA_b84_115_SNP_N_GenomeWideSNP_6_A12_771560	8	51346000	51349767	4	0.8708
DUNGS_p_TCGA_b84_115_SNP_N_GenomeWideSNP_6_A12_771560	8	51354099	52817927	913	0.0103
DUNGS_p_TCGA_b84_115_SNP_N_GenomeWideSNP_6_A12_771560	8	52822476	52822516	2	0.8937
DUNGS_p_TCGA_b84_115_SNP_N_GenomeWideSNP_6_A12_771560	8	52824346	55371483	1634	0.0109
DUNGS_p_TCGA_b84_115_SNP_N_GenomeWideSNP_6_A12_771560	8	55371601	55373671	7	-0.7844
DUNGS_p_TCGA_b84_115_SNP_N_GenomeWideSNP_6_A12_771560	8	55373766	72374919	10646	0.0044
DUNGS_p_TCGA_b84_115_SNP_N_GenomeWideSNP_6_A12_771560	8	72377865	72378988	7	-3.0767
DUNGS_p_TCGA_b84_115_SNP_N_GenomeWideSNP_6_A12_771560	8	72379055	112363642	24154	0.0051
DUNGS_p_TCGA_b84_115_SNP_N_GenomeWideSNP_6_A12_771560	8	112363822	112364436	7	-1.9555
DUNGS_p_TCGA_b84_115_SNP_N_GenomeWideSNP_6_A12_771560	8	112369457	115701219	1827	0.0159
DUNGS_p_TCGA_b84_115_SNP_N_GenomeWideSNP_6_A12_771560	8	115703663	115710865	34	-0.4284
DUNGS_p_TCGA_b84_115_SNP_N_GenomeWideSNP_6_A12_771560	8	115710907	120221191	3114	0.0063
DUNGS_p_TCGA_b84_115_SNP_N_GenomeWideSNP_6_A12_771560	8	120223965	120228627	4	-3.1434
DUNGS_p_TCGA_b84_115_SNP_N_GenomeWideSNP_6_A12_771560	8	120232035	122395761	1422	-0.0055
DUNGS_p_TCGA_b84_115_SNP_N_GenomeWideSNP_6_A12_771560	8	122396031	122406400	8	0.4235
DUNGS_p_TCGA_b84_115_SNP_N_GenomeWideSNP_6_A12_771560	8	122408903	126741582	2970	-0.01
DUNGS_p_TCGA_b84_115_SNP_N_GenomeWideSNP_6_A12_771560	8	126742112	126759754	13	-0.3543
DUNGS_p_TCGA_b84_115_SNP_N_GenomeWideSNP_6_A12_771560	8	126760088	134458401	5762	-0.0096
DUNGS_p_TCGA_b84_115_SNP_N_GenomeWideSNP_6_A12_771560	8	134459850	134460233	3	0.7511
DUNGS_p_TCGA_b84_115_SNP_N_GenomeWideSNP_6_A12_771560	8	134460492	140672684	5132	0.0187
DUNGS_p_TCGA_b84_115_SNP_N_GenomeWideSNP_6_A12_771560	8	140673518	140674897	6	0.6385
DUNGS_p_TCGA_b84_115_SNP_N_GenomeWideSNP_6_A12_771560	8	140676213	143740979	1791	0.0221
DUNGS_p_TCGA_b84_115_SNP_N_GenomeWideSNP_6_A12_771560	8	143746720	143747074	3	-1.0359
DUNGS_p_TCGA_b84_115_SNP_N_GenomeWideSNP_6_A12_771560	8	143749237	143835016	33	-0.0408
DUNGS_p_TCGA_b84_115_SNP_N_GenomeWideSNP_6_A12_771560	8	143840568	143878907	10	0.407
DUNGS_p_TCGA_b84_115_SNP_N_GenomeWideSNP_6_A12_771560	8	143883603	144770300	310	-0.0091
DUNGS_p_TCGA_b84_115_SNP_N_GenomeWideSNP_6_A12_771560	8	144776300	144777952	5	-0.9538
DUNGS_p_TCGA_b84_115_SNP_N_GenomeWideSNP_6_A12_771560	8	144778027	146268959	510	-0.0394
DUNGS_p_TCGA_b84_115_SNP_N_GenomeWideSNP_6_A12_771560	9	36587	3125046	3351	0.0278
DUNGS_p_TCGA_b84_115_SNP_N_GenomeWideSNP_6_A12_771560	9	3125151	3125193	3	0.9489
DUNGS_p_TCGA_b84_115_SNP_N_GenomeWideSNP_6_A12_771560	9	3127759	6984399	3284	-0.0075
DUNGS_p_TCGA_b84_115_SNP_N_GenomeWideSNP_6_A12_771560	9	6984513	6984542	2	1.2101
DUNGS_p_TCGA_b84_115_SNP_N_GenomeWideSNP_6_A12_771560	9	6984684	10627778	3613	0.0327
DUNGS_p_TCGA_b84_115_SNP_N_GenomeWideSNP_6_A12_771560	9	10629459	10629916	5	-0.7293
DUNGS_p_TCGA_b84_115_SNP_N_GenomeWideSNP_6_A12_771560	9	10630572	23351805	10222	0.0235
DUNGS_p_TCGA_b84_115_SNP_N_GenomeWideSNP_6_A12_771560	9	23353115	23363484	8	0.7968
DUNGS_p_TCGA_b84_115_SNP_N_GenomeWideSNP_6_A12_771560	9	23368488	28293383	3782	0.023
DUNGS_p_TCGA_b84_115_SNP_N_GenomeWideSNP_6_A12_771560	9	28293495	28301629	5	0.6995
DUNGS_p_TCGA_b84_115_SNP_N_GenomeWideSNP_6_A12_771560	9	28302061	41616896	7090	0.0101
DUNGS_p_TCGA_b84_115_SNP_N_GenomeWideSNP_6_A12_771560	9	41618269	41942516	19	0.468
DUNGS_p_TCGA_b84_115_SNP_N_GenomeWideSNP_6_A12_771560	9	41962506	43255970	29	0.1492
DUNGS_p_TCGA_b84_115_SNP_N_GenomeWideSNP_6_A12_771560	9	43412533	43716914	36	-0.4643
DUNGS_p_TCGA_b84_115_SNP_N_GenomeWideSNP_6_A12_771560	9	43720905	44190849	34	0.0885
DUNGS_p_TCGA_b84_115_SNP_N_GenomeWideSNP_6_A12_771560	9	44191224	44199159	4	1.3583
DUNGS_p_TCGA_b84_115_SNP_N_GenomeWideSNP_6_A12_771560	9	44201252	44569219	14	-0.2152
DUNGS_p_TCGA_b84_115_SNP_N_GenomeWideSNP_6_A12_771560	9	44667855	44795733	36	0.5204
DUNGS_p_TCGA_b84_115_SNP_N_GenomeWideSNP_6_A12_771560	9	44806024	45596440	50	0.1487
DUNGS_p_TCGA_b84_115_SNP_N_GenomeWideSNP_6_A12_771560	9	45613030	45928852	7	-0.5835
DUNGS_p_TCGA_b84_115_SNP_N_GenomeWideSNP_6_A12_771560	9	45928853	68795766	228	0.0864
DUNGS_p_TCGA_b84_115_SNP_N_GenomeWideSNP_6_A12_771560	9	68797536	68809449	7	-0.8627
DUNGS_p_TCGA_b84_115_SNP_N_GenomeWideSNP_6_A12_771560	9	68812518	69148211	39	-0.0392
DUNGS_p_TCGA_b84_115_SNP_N_GenomeWideSNP_6_A12_771560	9	69148819	69267827	42	0.2115
DUNGS_p_TCGA_b84_115_SNP_N_GenomeWideSNP_6_A12_771560	9	69267842	70923488	651	-0.0021
DUNGS_p_TCGA_b84_115_SNP_N_GenomeWideSNP_6_A12_771560	9	70929991	70931191	2	1.1145
DUNGS_p_TCGA_b84_115_SNP_N_GenomeWideSNP_6_A12_771560	9	70932545	89712414	13610	0.0048
DUNGS_p_TCGA_b84_115_SNP_N_GenomeWideSNP_6_A12_771560	9	89743971	89744039	2	-1.481
DUNGS_p_TCGA_b84_115_SNP_N_GenomeWideSNP_6_A12_771560	9	89747777	105836552	10780	0.0012
DUNGS_p_TCGA_b84_115_SNP_N_GenomeWideSNP_6_A12_771560	9	105836766	105876552	56	0.2105
DUNGS_p_TCGA_b84_115_SNP_N_GenomeWideSNP_6_A12_771560	9	105876568	137231065	21773	0.0013
DUNGS_p_TCGA_b84_115_SNP_N_GenomeWideSNP_6_A12_771560	9	137232626	137232910	2	-1.2293
DUNGS_p_TCGA_b84_115_SNP_N_GenomeWideSNP_6_A12_771560	9	137233582	140211215	1203	-0.0138
DUNGS_p_TCGA_b84_115_SNP_N_GenomeWideSNP_6_A12_771560	10	62759	62825	3	-0.3666
DUNGS_p_TCGA_b84_115_SNP_N_GenomeWideSNP_6_A12_771560	10	81732	13090011	10948	0.0078
DUNGS_p_TCGA_b84_115_SNP_N_GenomeWideSNP_6_A12_771560	10	13090029	13090176	4	-0.8557
DUNGS_p_TCGA_b84_115_SNP_N_GenomeWideSNP_6_A12_771560	10	13090434	17934982	3944	0.0057
DUNGS_p_TCGA_b84_115_SNP_N_GenomeWideSNP_6_A12_771560	10	17967560	17989863	3	-1.1419
DUNGS_p_TCGA_b84_115_SNP_N_GenomeWideSNP_6_A12_771560	10	18011822	25635379	5187	0.0067
DUNGS_p_TCGA_b84_115_SNP_N_GenomeWideSNP_6_A12_771560	10	25637314	25640214	2	-1.3969
DUNGS_p_TCGA_b84_115_SNP_N_GenomeWideSNP_6_A12_771560	10	25641039	27263909	1178	0.0096
DUNGS_p_TCGA_b84_115_SNP_N_GenomeWideSNP_6_A12_771560	10	27265910	27268479	13	0.5234
DUNGS_p_TCGA_b84_115_SNP_N_GenomeWideSNP_6_A12_771560	10	27269999	29919237	1960	0.0037
DUNGS_p_TCGA_b84_115_SNP_N_GenomeWideSNP_6_A12_771560	10	29921409	29921508	3	0.9404
DUNGS_p_TCGA_b84_115_SNP_N_GenomeWideSNP_6_A12_771560	10	29922930	31286516	1079	-0.0038
DUNGS_p_TCGA_b84_115_SNP_N_GenomeWideSNP_6_A12_771560	10	31291340	31291744	10	-0.6574
DUNGS_p_TCGA_b84_115_SNP_N_GenomeWideSNP_6_A12_771560	10	31291785	46111486	7281	0.0086
DUNGS_p_TCGA_b84_115_SNP_N_GenomeWideSNP_6_A12_771560	10	46337321	46363383	5	-1.1136
DUNGS_p_TCGA_b84_115_SNP_N_GenomeWideSNP_6_A12_771560	10	46366714	46475660	74	0.0099
DUNGS_p_TCGA_b84_115_SNP_N_GenomeWideSNP_6_A12_771560	10	46475717	46479827	23	0.3767
DUNGS_p_TCGA_b84_115_SNP_N_GenomeWideSNP_6_A12_771560	10	46482317	51527225	2038	0.0175
DUNGS_p_TCGA_b84_115_SNP_N_GenomeWideSNP_6_A12_771560	10	51537240	51561926	2	-1.3595
DUNGS_p_TCGA_b84_115_SNP_N_GenomeWideSNP_6_A12_771560	10	51573774	56350283	3656	0.0197
DUNGS_p_TCGA_b84_115_SNP_N_GenomeWideSNP_6_A12_771560	10	56353096	56354043	2	1.1416
DUNGS_p_TCGA_b84_115_SNP_N_GenomeWideSNP_6_A12_771560	10	56357300	66976282	7375	0.0142
DUNGS_p_TCGA_b84_115_SNP_N_GenomeWideSNP_6_A12_771560	10	66977929	66984436	27	0.5277
DUNGS_p_TCGA_b84_115_SNP_N_GenomeWideSNP_6_A12_771560	10	66984452	67817465	672	0.0259
DUNGS_p_TCGA_b84_115_SNP_N_GenomeWideSNP_6_A12_771560	10	67822751	67951123	87	-0.9468
DUNGS_p_TCGA_b84_115_SNP_N_GenomeWideSNP_6_A12_771560	10	67952868	70945369	1794	0.0149
DUNGS_p_TCGA_b84_115_SNP_N_GenomeWideSNP_6_A12_771560	10	70945499	70952848	6	-0.6344
DUNGS_p_TCGA_b84_115_SNP_N_GenomeWideSNP_6_A12_771560	10	70961620	107623916	23576	-0.0026
DUNGS_p_TCGA_b84_115_SNP_N_GenomeWideSNP_6_A12_771560	10	107630521	107670181	58	0.2052
DUNGS_p_TCGA_b84_115_SNP_N_GenomeWideSNP_6_A12_771560	10	107670856	117459005	6955	0.0077
DUNGS_p_TCGA_b84_115_SNP_N_GenomeWideSNP_6_A12_771560	10	117459321	117461605	5	-0.8329
DUNGS_p_TCGA_b84_115_SNP_N_GenomeWideSNP_6_A12_771560	10	117464576	121394536	2757	0.0032
DUNGS_p_TCGA_b84_115_SNP_N_GenomeWideSNP_6_A12_771560	10	121397971	121398061	2	-1.031
DUNGS_p_TCGA_b84_115_SNP_N_GenomeWideSNP_6_A12_771560	10	121399114	121458619	34	-0.008
DUNGS_p_TCGA_b84_115_SNP_N_GenomeWideSNP_6_A12_771560	10	121460857	121484416	6	-0.6039
DUNGS_p_TCGA_b84_115_SNP_N_GenomeWideSNP_6_A12_771560	10	121484669	135079131	10257	0.0184
DUNGS_p_TCGA_b84_115_SNP_N_GenomeWideSNP_6_A12_771560	10	135079709	135079858	2	-1.1154
DUNGS_p_TCGA_b84_115_SNP_N_GenomeWideSNP_6_A12_771560	10	135082644	135356694	151	0.003
DUNGS_p_TCGA_b84_115_SNP_N_GenomeWideSNP_6_A12_771560	11	188510	1610081	495	0.0071
DUNGS_p_TCGA_b84_115_SNP_N_GenomeWideSNP_6_A12_771560	11	1610144	1611337	3	-1.0466
DUNGS_p_TCGA_b84_115_SNP_N_GenomeWideSNP_6_A12_771560	11	1613703	4924226	1982	-0.0047
DUNGS_p_TCGA_b84_115_SNP_N_GenomeWideSNP_6_A12_771560	11	4924693	4933587	44	0.5888
DUNGS_p_TCGA_b84_115_SNP_N_GenomeWideSNP_6_A12_771560	11	4933658	5743981	785	0.0088
DUNGS_p_TCGA_b84_115_SNP_N_GenomeWideSNP_6_A12_771560	11	5744656	5765715	32	-0.7381
DUNGS_p_TCGA_b84_115_SNP_N_GenomeWideSNP_6_A12_771560	11	5765914	25101583	14389	-3e-04
DUNGS_p_TCGA_b84_115_SNP_N_GenomeWideSNP_6_A12_771560	11	25101866	25106667	4	-0.2868
DUNGS_p_TCGA_b84_115_SNP_N_GenomeWideSNP_6_A12_771560	11	25106689	25658780	440	0.0631
DUNGS_p_TCGA_b84_115_SNP_N_GenomeWideSNP_6_A12_771560	11	25658813	25678654	28	0.2838
DUNGS_p_TCGA_b84_115_SNP_N_GenomeWideSNP_6_A12_771560	11	25678726	38149194	8767	0.0063
DUNGS_p_TCGA_b84_115_SNP_N_GenomeWideSNP_6_A12_771560	11	38150704	38150750	2	-1.111
DUNGS_p_TCGA_b84_115_SNP_N_GenomeWideSNP_6_A12_771560	11	38155093	55132856	7737	0.016
DUNGS_p_TCGA_b84_115_SNP_N_GenomeWideSNP_6_A12_771560	11	55133074	55210152	52	-0.285
DUNGS_p_TCGA_b84_115_SNP_N_GenomeWideSNP_6_A12_771560	11	55217259	79645161	13310	-0.0041
DUNGS_p_TCGA_b84_115_SNP_N_GenomeWideSNP_6_A12_771560	11	79645196	79645212	2	-1.7886
DUNGS_p_TCGA_b84_115_SNP_N_GenomeWideSNP_6_A12_771560	11	79645334	81181116	1322	0.0314
DUNGS_p_TCGA_b84_115_SNP_N_GenomeWideSNP_6_A12_771560	11	81181640	81194806	10	-0.8399
DUNGS_p_TCGA_b84_115_SNP_N_GenomeWideSNP_6_A12_771560	11	81200280	83345830	1414	0.0197
DUNGS_p_TCGA_b84_115_SNP_N_GenomeWideSNP_6_A12_771560	11	83345833	83347968	2	-2.6598
DUNGS_p_TCGA_b84_115_SNP_N_GenomeWideSNP_6_A12_771560	11	83347973	85979605	1763	0.0159
DUNGS_p_TCGA_b84_115_SNP_N_GenomeWideSNP_6_A12_771560	11	85983309	85983702	6	-0.9161
DUNGS_p_TCGA_b84_115_SNP_N_GenomeWideSNP_6_A12_771560	11	85992822	89186575	2129	-0.0033
DUNGS_p_TCGA_b84_115_SNP_N_GenomeWideSNP_6_A12_771560	11	89187752	89250992	7	0.5853
DUNGS_p_TCGA_b84_115_SNP_N_GenomeWideSNP_6_A12_771560	11	89275845	89339152	5	-0.5737
DUNGS_p_TCGA_b84_115_SNP_N_GenomeWideSNP_6_A12_771560	11	89367331	97654172	5962	0.0049
DUNGS_p_TCGA_b84_115_SNP_N_GenomeWideSNP_6_A12_771560	11	97656053	97682662	25	0.264
DUNGS_p_TCGA_b84_115_SNP_N_GenomeWideSNP_6_A12_771560	11	97684699	101099594	2720	0.0089
DUNGS_p_TCGA_b84_115_SNP_N_GenomeWideSNP_6_A12_771560	11	101103070	101103174	4	0.938
DUNGS_p_TCGA_b84_115_SNP_N_GenomeWideSNP_6_A12_771560	11	101103422	103051516	1287	0.0088
DUNGS_p_TCGA_b84_115_SNP_N_GenomeWideSNP_6_A12_771560	11	103051905	103061203	15	0.3341
DUNGS_p_TCGA_b84_115_SNP_N_GenomeWideSNP_6_A12_771560	11	103061382	106735158	2506	0.0015
DUNGS_p_TCGA_b84_115_SNP_N_GenomeWideSNP_6_A12_771560	11	106735337	106762375	14	0.3689
DUNGS_p_TCGA_b84_115_SNP_N_GenomeWideSNP_6_A12_771560	11	106762599	134114603	19697	0.0066
DUNGS_p_TCGA_b84_115_SNP_N_GenomeWideSNP_6_A12_771560	11	134114767	134115950	4	0.9037
DUNGS_p_TCGA_b84_115_SNP_N_GenomeWideSNP_6_A12_771560	11	134119190	134449982	275	0.0897
DUNGS_p_TCGA_b84_115_SNP_N_GenomeWideSNP_6_A12_771560	12	20703	8092327	5474	-0.0082
DUNGS_p_TCGA_b84_115_SNP_N_GenomeWideSNP_6_A12_771560	12	8092382	8099638	3	-0.5622
DUNGS_p_TCGA_b84_115_SNP_N_GenomeWideSNP_6_A12_771560	12	8101291	8248774	80	0.0086
DUNGS_p_TCGA_b84_115_SNP_N_GenomeWideSNP_6_A12_771560	12	8253317	8285095	12	0.3646
DUNGS_p_TCGA_b84_115_SNP_N_GenomeWideSNP_6_A12_771560	12	8285644	9348088	558	-0.0362
DUNGS_p_TCGA_b84_115_SNP_N_GenomeWideSNP_6_A12_771560	12	9351801	9359076	3	-1.1589
DUNGS_p_TCGA_b84_115_SNP_N_GenomeWideSNP_6_A12_771560	12	9363632	9525137	82	0.008
DUNGS_p_TCGA_b84_115_SNP_N_GenomeWideSNP_6_A12_771560	12	9529176	9619559	23	-1.5807
DUNGS_p_TCGA_b84_115_SNP_N_GenomeWideSNP_6_A12_771560	12	9626236	10464267	634	-0.031
DUNGS_p_TCGA_b84_115_SNP_N_GenomeWideSNP_6_A12_771560	12	10470044	10487073	7	-0.7276
DUNGS_p_TCGA_b84_115_SNP_N_GenomeWideSNP_6_A12_771560	12	10487987	11110690	404	-0.0044
DUNGS_p_TCGA_b84_115_SNP_N_GenomeWideSNP_6_A12_771560	12	11111991	11132799	12	0.8251
DUNGS_p_TCGA_b84_115_SNP_N_GenomeWideSNP_6_A12_771560	12	11143141	28846525	12325	0
DUNGS_p_TCGA_b84_115_SNP_N_GenomeWideSNP_6_A12_771560	12	28847591	28859070	8	0.5457
DUNGS_p_TCGA_b84_115_SNP_N_GenomeWideSNP_6_A12_771560	12	28861963	29107131	233	0.0157
DUNGS_p_TCGA_b84_115_SNP_N_GenomeWideSNP_6_A12_771560	12	29109176	29111188	6	0.5299
DUNGS_p_TCGA_b84_115_SNP_N_GenomeWideSNP_6_A12_771560	12	29112929	30130686	740	0.002
DUNGS_p_TCGA_b84_115_SNP_N_GenomeWideSNP_6_A12_771560	12	30130977	30135973	29	0.3463
DUNGS_p_TCGA_b84_115_SNP_N_GenomeWideSNP_6_A12_771560	12	30136015	31797939	1243	0.0103
DUNGS_p_TCGA_b84_115_SNP_N_GenomeWideSNP_6_A12_771560	12	31798541	31801175	4	-1.0646
DUNGS_p_TCGA_b84_115_SNP_N_GenomeWideSNP_6_A12_771560	12	31808487	33192801	1022	-0.0053
DUNGS_p_TCGA_b84_115_SNP_N_GenomeWideSNP_6_A12_771560	12	33192828	33198641	23	-0.4836
DUNGS_p_TCGA_b84_115_SNP_N_GenomeWideSNP_6_A12_771560	12	33199627	34131258	583	0.0828
DUNGS_p_TCGA_b84_115_SNP_N_GenomeWideSNP_6_A12_771560	12	34133275	34148239	10	0.5543
DUNGS_p_TCGA_b84_115_SNP_N_GenomeWideSNP_6_A12_771560	12	34148737	40087914	2435	0.0315
DUNGS_p_TCGA_b84_115_SNP_N_GenomeWideSNP_6_A12_771560	12	40087981	40087995	3	-0.9049
DUNGS_p_TCGA_b84_115_SNP_N_GenomeWideSNP_6_A12_771560	12	40088008	57007450	9825	-0.0054
DUNGS_p_TCGA_b84_115_SNP_N_GenomeWideSNP_6_A12_771560	12	57007498	57016429	3	-1.2083
DUNGS_p_TCGA_b84_115_SNP_N_GenomeWideSNP_6_A12_771560	12	57017115	59846251	1855	0.0128
DUNGS_p_TCGA_b84_115_SNP_N_GenomeWideSNP_6_A12_771560	12	59868423	59889629	29	0.2342
DUNGS_p_TCGA_b84_115_SNP_N_GenomeWideSNP_6_A12_771560	12	59889703	62331939	1585	-0.0064
DUNGS_p_TCGA_b84_115_SNP_N_GenomeWideSNP_6_A12_771560	12	62332853	62405176	35	0.2477
DUNGS_p_TCGA_b84_115_SNP_N_GenomeWideSNP_6_A12_771560	12	62406115	62751576	197	-0.0219
DUNGS_p_TCGA_b84_115_SNP_N_GenomeWideSNP_6_A12_771560	12	62755030	62755052	2	-0.9731
DUNGS_p_TCGA_b84_115_SNP_N_GenomeWideSNP_6_A12_771560	12	62762892	71528383	5815	-0.005
DUNGS_p_TCGA_b84_115_SNP_N_GenomeWideSNP_6_A12_771560	12	71531671	71531672	2	1.1117
DUNGS_p_TCGA_b84_115_SNP_N_GenomeWideSNP_6_A12_771560	12	71539459	82135267	6598	0.0076
DUNGS_p_TCGA_b84_115_SNP_N_GenomeWideSNP_6_A12_771560	12	82135287	82140340	5	-0.6457
DUNGS_p_TCGA_b84_115_SNP_N_GenomeWideSNP_6_A12_771560	12	82140377	85323057	1872	0.011
DUNGS_p_TCGA_b84_115_SNP_N_GenomeWideSNP_6_A12_771560	12	85323331	85336289	4	-0.7078
DUNGS_p_TCGA_b84_115_SNP_N_GenomeWideSNP_6_A12_771560	12	85338645	89006974	2088	0.0107
DUNGS_p_TCGA_b84_115_SNP_N_GenomeWideSNP_6_A12_771560	12	89007478	89016205	9	0.5683
DUNGS_p_TCGA_b84_115_SNP_N_GenomeWideSNP_6_A12_771560	12	89017688	98315945	6460	-0.0043
DUNGS_p_TCGA_b84_115_SNP_N_GenomeWideSNP_6_A12_771560	12	98319424	98322188	23	0.3749
DUNGS_p_TCGA_b84_115_SNP_N_GenomeWideSNP_6_A12_771560	12	98322193	100865003	1593	0.0045
DUNGS_p_TCGA_b84_115_SNP_N_GenomeWideSNP_6_A12_771560	12	100866032	100866250	3	-0.9546
DUNGS_p_TCGA_b84_115_SNP_N_GenomeWideSNP_6_A12_771560	12	100867083	110456662	6249	-0.0042
DUNGS_p_TCGA_b84_115_SNP_N_GenomeWideSNP_6_A12_771560	12	110462527	110464380	3	-0.8642
DUNGS_p_TCGA_b84_115_SNP_N_GenomeWideSNP_6_A12_771560	12	110469090	118468208	5850	0.0132
DUNGS_p_TCGA_b84_115_SNP_N_GenomeWideSNP_6_A12_771560	12	118473270	118475059	11	-0.8594
DUNGS_p_TCGA_b84_115_SNP_N_GenomeWideSNP_6_A12_771560	12	118475091	122722715	1898	-0.0093
DUNGS_p_TCGA_b84_115_SNP_N_GenomeWideSNP_6_A12_771560	12	122723806	122723904	5	0.554
DUNGS_p_TCGA_b84_115_SNP_N_GenomeWideSNP_6_A12_771560	12	122725974	124565483	1191	0.0036
DUNGS_p_TCGA_b84_115_SNP_N_GenomeWideSNP_6_A12_771560	12	124565621	124566820	6	0.5174
DUNGS_p_TCGA_b84_115_SNP_N_GenomeWideSNP_6_A12_771560	12	124568417	124692293	97	-0.0225
DUNGS_p_TCGA_b84_115_SNP_N_GenomeWideSNP_6_A12_771560	12	124693362	124693655	3	-0.8304
DUNGS_p_TCGA_b84_115_SNP_N_GenomeWideSNP_6_A12_771560	12	124695145	125691333	911	0.0306
DUNGS_p_TCGA_b84_115_SNP_N_GenomeWideSNP_6_A12_771560	12	125691697	125696445	2	1.3172
DUNGS_p_TCGA_b84_115_SNP_N_GenomeWideSNP_6_A12_771560	12	125696993	125730557	25	-0.0306
DUNGS_p_TCGA_b84_115_SNP_N_GenomeWideSNP_6_A12_771560	12	125732180	125745203	6	0.5763
DUNGS_p_TCGA_b84_115_SNP_N_GenomeWideSNP_6_A12_771560	12	125745397	127367139	1451	0.0494
DUNGS_p_TCGA_b84_115_SNP_N_GenomeWideSNP_6_A12_771560	12	127367181	127389097	41	0.276
DUNGS_p_TCGA_b84_115_SNP_N_GenomeWideSNP_6_A12_771560	12	127390365	128441966	947	0.0542
DUNGS_p_TCGA_b84_115_SNP_N_GenomeWideSNP_6_A12_771560	12	128442959	128445232	6	0.8185
DUNGS_p_TCGA_b84_115_SNP_N_GenomeWideSNP_6_A12_771560	12	128445339	128835530	398	0.0905
DUNGS_p_TCGA_b84_115_SNP_N_GenomeWideSNP_6_A12_771560	12	128835955	128840544	2	-1.1044
DUNGS_p_TCGA_b84_115_SNP_N_GenomeWideSNP_6_A12_771560	12	128841691	130339919	1185	0.0567
DUNGS_p_TCGA_b84_115_SNP_N_GenomeWideSNP_6_A12_771560	12	130341251	130341638	4	0.7332
DUNGS_p_TCGA_b84_115_SNP_N_GenomeWideSNP_6_A12_771560	12	130342163	130686200	324	0.0042
DUNGS_p_TCGA_b84_115_SNP_N_GenomeWideSNP_6_A12_771560	12	130686539	130708659	20	0.4139
DUNGS_p_TCGA_b84_115_SNP_N_GenomeWideSNP_6_A12_771560	12	130708916	132288262	567	-0.0134
DUNGS_p_TCGA_b84_115_SNP_N_GenomeWideSNP_6_A12_771560	13	17924949	22527210	2900	0.01
DUNGS_p_TCGA_b84_115_SNP_N_GenomeWideSNP_6_A12_771560	13	22530678	22536195	13	0.4177
DUNGS_p_TCGA_b84_115_SNP_N_GenomeWideSNP_6_A12_771560	13	22536210	24028505	1244	0.0196
DUNGS_p_TCGA_b84_115_SNP_N_GenomeWideSNP_6_A12_771560	13	24028591	24031358	4	-0.6745
DUNGS_p_TCGA_b84_115_SNP_N_GenomeWideSNP_6_A12_771560	13	24033905	29679721	4192	0.0013
DUNGS_p_TCGA_b84_115_SNP_N_GenomeWideSNP_6_A12_771560	13	29680099	29695291	9	-0.473
DUNGS_p_TCGA_b84_115_SNP_N_GenomeWideSNP_6_A12_771560	13	29698293	36969135	5219	0.0105
DUNGS_p_TCGA_b84_115_SNP_N_GenomeWideSNP_6_A12_771560	13	36970036	36982757	16	-2.3066
DUNGS_p_TCGA_b84_115_SNP_N_GenomeWideSNP_6_A12_771560	13	36986330	52834099	10429	-0.008
DUNGS_p_TCGA_b84_115_SNP_N_GenomeWideSNP_6_A12_771560	13	52834314	52854470	18	0.3191
DUNGS_p_TCGA_b84_115_SNP_N_GenomeWideSNP_6_A12_771560	13	52857501	56611367	2100	0.0271
DUNGS_p_TCGA_b84_115_SNP_N_GenomeWideSNP_6_A12_771560	13	56647025	56676381	42	0.4146
DUNGS_p_TCGA_b84_115_SNP_N_GenomeWideSNP_6_A12_771560	13	56687715	66864806	6210	0.0327
DUNGS_p_TCGA_b84_115_SNP_N_GenomeWideSNP_6_A12_771560	13	66867919	66868008	2	1.1233
DUNGS_p_TCGA_b84_115_SNP_N_GenomeWideSNP_6_A12_771560	13	66868369	71240437	2711	0.0249
DUNGS_p_TCGA_b84_115_SNP_N_GenomeWideSNP_6_A12_771560	13	71240606	71265153	15	0.2734
DUNGS_p_TCGA_b84_115_SNP_N_GenomeWideSNP_6_A12_771560	13	71265373	71359622	68	-0.0662
DUNGS_p_TCGA_b84_115_SNP_N_GenomeWideSNP_6_A12_771560	13	71364624	71364644	2	1.1934
DUNGS_p_TCGA_b84_115_SNP_N_GenomeWideSNP_6_A12_771560	13	71371725	71790011	362	0.0079
DUNGS_p_TCGA_b84_115_SNP_N_GenomeWideSNP_6_A12_771560	13	71792838	71796529	4	-0.9528
DUNGS_p_TCGA_b84_115_SNP_N_GenomeWideSNP_6_A12_771560	13	71796581	82686145	7353	9e-04
DUNGS_p_TCGA_b84_115_SNP_N_GenomeWideSNP_6_A12_771560	13	82686289	82690194	7	-1.0651
DUNGS_p_TCGA_b84_115_SNP_N_GenomeWideSNP_6_A12_771560	13	82690215	87249956	2747	0.0208
DUNGS_p_TCGA_b84_115_SNP_N_GenomeWideSNP_6_A12_771560	13	87256922	87270764	8	-0.5899
DUNGS_p_TCGA_b84_115_SNP_N_GenomeWideSNP_6_A12_771560	13	87272331	88563644	740	0.005
DUNGS_p_TCGA_b84_115_SNP_N_GenomeWideSNP_6_A12_771560	13	88564153	88564266	2	-1.4089
DUNGS_p_TCGA_b84_115_SNP_N_GenomeWideSNP_6_A12_771560	13	88564349	89842275	817	0.0115
DUNGS_p_TCGA_b84_115_SNP_N_GenomeWideSNP_6_A12_771560	13	89842546	89842981	2	-1.1457
DUNGS_p_TCGA_b84_115_SNP_N_GenomeWideSNP_6_A12_771560	13	89845348	99257598	6299	0.0057
DUNGS_p_TCGA_b84_115_SNP_N_GenomeWideSNP_6_A12_771560	13	99257612	99257674	2	-0.9169
DUNGS_p_TCGA_b84_115_SNP_N_GenomeWideSNP_6_A12_771560	13	99257695	114126499	10844	0.0146
DUNGS_p_TCGA_b84_115_SNP_N_GenomeWideSNP_6_A12_771560	14	18072124	18261718	19	0.0822
DUNGS_p_TCGA_b84_115_SNP_N_GenomeWideSNP_6_A12_771560	14	18343625	18486191	8	0.6161
DUNGS_p_TCGA_b84_115_SNP_N_GenomeWideSNP_6_A12_771560	14	18487203	19273306	59	-0.0073
DUNGS_p_TCGA_b84_115_SNP_N_GenomeWideSNP_6_A12_771560	14	19273725	19460394	84	-0.297
DUNGS_p_TCGA_b84_115_SNP_N_GenomeWideSNP_6_A12_771560	14	19462454	40678108	13680	0.0122
DUNGS_p_TCGA_b84_115_SNP_N_GenomeWideSNP_6_A12_771560	14	40680246	40726999	14	0.6213
DUNGS_p_TCGA_b84_115_SNP_N_GenomeWideSNP_6_A12_771560	14	40727099	58880593	11587	0.0048
DUNGS_p_TCGA_b84_115_SNP_N_GenomeWideSNP_6_A12_771560	14	58883521	58884073	3	0.8336
DUNGS_p_TCGA_b84_115_SNP_N_GenomeWideSNP_6_A12_771560	14	58884255	68274973	5771	-0.0049
DUNGS_p_TCGA_b84_115_SNP_N_GenomeWideSNP_6_A12_771560	14	68275390	68275425	2	1.1091
DUNGS_p_TCGA_b84_115_SNP_N_GenomeWideSNP_6_A12_771560	14	68275731	73076460	3146	-0.0102
DUNGS_p_TCGA_b84_115_SNP_N_GenomeWideSNP_6_A12_771560	14	73076604	73099653	8	-1.6226
DUNGS_p_TCGA_b84_115_SNP_N_GenomeWideSNP_6_A12_771560	14	73099668	78148577	3319	-0.0081
DUNGS_p_TCGA_b84_115_SNP_N_GenomeWideSNP_6_A12_771560	14	78148929	78149712	3	-1.2058
DUNGS_p_TCGA_b84_115_SNP_N_GenomeWideSNP_6_A12_771560	14	78153329	79661688	1082	0.0206
DUNGS_p_TCGA_b84_115_SNP_N_GenomeWideSNP_6_A12_771560	14	79663827	79663998	3	0.9884
DUNGS_p_TCGA_b84_115_SNP_N_GenomeWideSNP_6_A12_771560	14	79668206	105350489	16335	0.0035
DUNGS_p_TCGA_b84_115_SNP_N_GenomeWideSNP_6_A12_771560	14	105353011	105353252	2	-1.2005
DUNGS_p_TCGA_b84_115_SNP_N_GenomeWideSNP_6_A12_771560	14	105353556	105822329	190	0.0962
DUNGS_p_TCGA_b84_115_SNP_N_GenomeWideSNP_6_A12_771560	14	105824904	105824912	3	1.1781
DUNGS_p_TCGA_b84_115_SNP_N_GenomeWideSNP_6_A12_771560	14	105825048	105867742	18	-0.0615
DUNGS_p_TCGA_b84_115_SNP_N_GenomeWideSNP_6_A12_771560	14	105872400	105892781	8	-2.3078
DUNGS_p_TCGA_b84_115_SNP_N_GenomeWideSNP_6_A12_771560	14	105896961	106249039	230	0.0358
DUNGS_p_TCGA_b84_115_SNP_N_GenomeWideSNP_6_A12_771560	14	106249502	106249648	3	-0.9169
DUNGS_p_TCGA_b84_115_SNP_N_GenomeWideSNP_6_A12_771560	14	106250541	106356482	71	0.0491
DUNGS_p_TCGA_b84_115_SNP_N_GenomeWideSNP_6_A12_771560	15	18276341	18551327	59	0.0524
DUNGS_p_TCGA_b84_115_SNP_N_GenomeWideSNP_6_A12_771560	15	18652835	19503764	238	0.3406
DUNGS_p_TCGA_b84_115_SNP_N_GenomeWideSNP_6_A12_771560	15	19523446	19537879	4	1.3995
DUNGS_p_TCGA_b84_115_SNP_N_GenomeWideSNP_6_A12_771560	15	19540343	19794591	12	0.4782
DUNGS_p_TCGA_b84_115_SNP_N_GenomeWideSNP_6_A12_771560	15	19803370	20817792	415	0.0237
DUNGS_p_TCGA_b84_115_SNP_N_GenomeWideSNP_6_A12_771560	15	20828889	20842241	4	-1.2132
DUNGS_p_TCGA_b84_115_SNP_N_GenomeWideSNP_6_A12_771560	15	20848041	22055250	631	0.0459
DUNGS_p_TCGA_b84_115_SNP_N_GenomeWideSNP_6_A12_771560	15	22059801	22063128	2	1.0092
DUNGS_p_TCGA_b84_115_SNP_N_GenomeWideSNP_6_A12_771560	15	22065713	24111285	1440	0.0266
DUNGS_p_TCGA_b84_115_SNP_N_GenomeWideSNP_6_A12_771560	15	24113245	24114249	2	-1.1167
DUNGS_p_TCGA_b84_115_SNP_N_GenomeWideSNP_6_A12_771560	15	24114681	28700879	2407	0.0399
DUNGS_p_TCGA_b84_115_SNP_N_GenomeWideSNP_6_A12_771560	15	28707916	28723577	5	-0.9587
DUNGS_p_TCGA_b84_115_SNP_N_GenomeWideSNP_6_A12_771560	15	28733598	32458416	2595	-0.0022
DUNGS_p_TCGA_b84_115_SNP_N_GenomeWideSNP_6_A12_771560	15	32458604	32666628	96	0.2071
DUNGS_p_TCGA_b84_115_SNP_N_GenomeWideSNP_6_A12_771560	15	32668873	54576821	13682	0.0011
DUNGS_p_TCGA_b84_115_SNP_N_GenomeWideSNP_6_A12_771560	15	54576939	54588269	26	-0.5215
DUNGS_p_TCGA_b84_115_SNP_N_GenomeWideSNP_6_A12_771560	15	54588915	55868564	836	-0.0064
DUNGS_p_TCGA_b84_115_SNP_N_GenomeWideSNP_6_A12_771560	15	55869138	55870720	3	-1.8345
DUNGS_p_TCGA_b84_115_SNP_N_GenomeWideSNP_6_A12_771560	15	55875683	63601155	5377	-0.006
DUNGS_p_TCGA_b84_115_SNP_N_GenomeWideSNP_6_A12_771560	15	63603995	63605440	3	-0.9389
DUNGS_p_TCGA_b84_115_SNP_N_GenomeWideSNP_6_A12_771560	15	63609587	64430841	515	-0.0219
DUNGS_p_TCGA_b84_115_SNP_N_GenomeWideSNP_6_A12_771560	15	64431575	64432414	2	1.0002
DUNGS_p_TCGA_b84_115_SNP_N_GenomeWideSNP_6_A12_771560	15	64433145	74665417	6035	-0.013
DUNGS_p_TCGA_b84_115_SNP_N_GenomeWideSNP_6_A12_771560	15	74678296	74682829	21	0.785
DUNGS_p_TCGA_b84_115_SNP_N_GenomeWideSNP_6_A12_771560	15	74682830	82331742	4438	-0.0089
DUNGS_p_TCGA_b84_115_SNP_N_GenomeWideSNP_6_A12_771560	15	82333889	82334554	5	-1.0874
DUNGS_p_TCGA_b84_115_SNP_N_GenomeWideSNP_6_A12_771560	15	82338281	82652350	182	0.0046
DUNGS_p_TCGA_b84_115_SNP_N_GenomeWideSNP_6_A12_771560	15	82652415	82706277	3	-1.3665
DUNGS_p_TCGA_b84_115_SNP_N_GenomeWideSNP_6_A12_771560	15	82709292	100286563	13074	0.0046
DUNGS_p_TCGA_b84_115_SNP_N_GenomeWideSNP_6_A12_771560	16	777	4873908	2068	-0.0173
DUNGS_p_TCGA_b84_115_SNP_N_GenomeWideSNP_6_A12_771560	16	4876206	4876281	2	-1.6357
DUNGS_p_TCGA_b84_115_SNP_N_GenomeWideSNP_6_A12_771560	16	4876532	5547891	561	0.0136
DUNGS_p_TCGA_b84_115_SNP_N_GenomeWideSNP_6_A12_771560	16	5548090	5548152	2	-1.4459
DUNGS_p_TCGA_b84_115_SNP_N_GenomeWideSNP_6_A12_771560	16	5548338	9719968	4559	0.048
DUNGS_p_TCGA_b84_115_SNP_N_GenomeWideSNP_6_A12_771560	16	9721050	9721225	8	-0.7132
DUNGS_p_TCGA_b84_115_SNP_N_GenomeWideSNP_6_A12_771560	16	9723051	11295046	1336	0.0041
DUNGS_p_TCGA_b84_115_SNP_N_GenomeWideSNP_6_A12_771560	16	11296549	11296637	2	-1.3557
DUNGS_p_TCGA_b84_115_SNP_N_GenomeWideSNP_6_A12_771560	16	11297129	22338871	6327	0.0124
DUNGS_p_TCGA_b84_115_SNP_N_GenomeWideSNP_6_A12_771560	16	22349475	22599347	64	0.2155
DUNGS_p_TCGA_b84_115_SNP_N_GenomeWideSNP_6_A12_771560	16	22604999	32021188	5182	0.0024
DUNGS_p_TCGA_b84_115_SNP_N_GenomeWideSNP_6_A12_771560	16	32021190	32160734	18	0.5102
DUNGS_p_TCGA_b84_115_SNP_N_GenomeWideSNP_6_A12_771560	16	32160749	53035731	6086	0.024
DUNGS_p_TCGA_b84_115_SNP_N_GenomeWideSNP_6_A12_771560	16	53035884	53036374	2	-1.0228
DUNGS_p_TCGA_b84_115_SNP_N_GenomeWideSNP_6_A12_771560	16	53036724	68406273	9800	0.0107
DUNGS_p_TCGA_b84_115_SNP_N_GenomeWideSNP_6_A12_771560	16	68407515	68416471	7	0.5199
DUNGS_p_TCGA_b84_115_SNP_N_GenomeWideSNP_6_A12_771560	16	68420309	68697043	118	0.0075
DUNGS_p_TCGA_b84_115_SNP_N_GenomeWideSNP_6_A12_771560	16	68709028	68770545	18	-0.594
DUNGS_p_TCGA_b84_115_SNP_N_GenomeWideSNP_6_A12_771560	16	68792037	69706471	465	0.0159
DUNGS_p_TCGA_b84_115_SNP_N_GenomeWideSNP_6_A12_771560	16	69707130	69707161	2	0.9903
DUNGS_p_TCGA_b84_115_SNP_N_GenomeWideSNP_6_A12_771560	16	69711031	72954559	2044	0.0156
DUNGS_p_TCGA_b84_115_SNP_N_GenomeWideSNP_6_A12_771560	16	72955488	72964880	6	-0.9882
DUNGS_p_TCGA_b84_115_SNP_N_GenomeWideSNP_6_A12_771560	16	73009537	76929109	3215	0.0159
DUNGS_p_TCGA_b84_115_SNP_N_GenomeWideSNP_6_A12_771560	16	76929941	76942239	16	0.8558
DUNGS_p_TCGA_b84_115_SNP_N_GenomeWideSNP_6_A12_771560	16	76942266	82449844	6254	0.0097
DUNGS_p_TCGA_b84_115_SNP_N_GenomeWideSNP_6_A12_771560	16	82450229	82450313	4	1.1134
DUNGS_p_TCGA_b84_115_SNP_N_GenomeWideSNP_6_A12_771560	16	82452926	86667923	3543	0.0015
DUNGS_p_TCGA_b84_115_SNP_N_GenomeWideSNP_6_A12_771560	16	86671164	86672892	4	-1.5186
DUNGS_p_TCGA_b84_115_SNP_N_GenomeWideSNP_6_A12_771560	16	86673631	88815036	846	-0.0104
DUNGS_p_TCGA_b84_115_SNP_N_GenomeWideSNP_6_A12_771560	17	526	10798168	6396	-0.0076
DUNGS_p_TCGA_b84_115_SNP_N_GenomeWideSNP_6_A12_771560	17	10801828	10803278	3	-0.9141
DUNGS_p_TCGA_b84_115_SNP_N_GenomeWideSNP_6_A12_771560	17	10804736	16603639	4120	0.0213
DUNGS_p_TCGA_b84_115_SNP_N_GenomeWideSNP_6_A12_771560	17	16603776	16663526	8	0.6104
DUNGS_p_TCGA_b84_115_SNP_N_GenomeWideSNP_6_A12_771560	17	16676257	18296117	925	-0.0033
DUNGS_p_TCGA_b84_115_SNP_N_GenomeWideSNP_6_A12_771560	17	18299671	18318003	10	-2.0295
DUNGS_p_TCGA_b84_115_SNP_N_GenomeWideSNP_6_A12_771560	17	18321119	18394162	15	-1.052
DUNGS_p_TCGA_b84_115_SNP_N_GenomeWideSNP_6_A12_771560	17	18399997	18862950	172	-0.0053
DUNGS_p_TCGA_b84_115_SNP_N_GenomeWideSNP_6_A12_771560	17	18863244	19070824	18	0.3489
DUNGS_p_TCGA_b84_115_SNP_N_GenomeWideSNP_6_A12_771560	17	19089879	20278965	628	-0.0021
DUNGS_p_TCGA_b84_115_SNP_N_GenomeWideSNP_6_A12_771560	17	20279050	20350823	17	-0.1871
DUNGS_p_TCGA_b84_115_SNP_N_GenomeWideSNP_6_A12_771560	17	20354038	28392888	3647	0.0071
DUNGS_p_TCGA_b84_115_SNP_N_GenomeWideSNP_6_A12_771560	17	28393169	28393170	2	-1.5533
DUNGS_p_TCGA_b84_115_SNP_N_GenomeWideSNP_6_A12_771560	17	28394042	31460821	2444	0.0074
DUNGS_p_TCGA_b84_115_SNP_N_GenomeWideSNP_6_A12_771560	17	31461241	31559764	39	0.4813
DUNGS_p_TCGA_b84_115_SNP_N_GenomeWideSNP_6_A12_771560	17	31567456	36676616	2550	-0.0106
DUNGS_p_TCGA_b84_115_SNP_N_GenomeWideSNP_6_A12_771560	17	36676629	36683976	18	-1.0655
DUNGS_p_TCGA_b84_115_SNP_N_GenomeWideSNP_6_A12_771560	17	36684057	41511900	2507	-0.0057
DUNGS_p_TCGA_b84_115_SNP_N_GenomeWideSNP_6_A12_771560	17	41513306	41568981	43	-0.3024
DUNGS_p_TCGA_b84_115_SNP_N_GenomeWideSNP_6_A12_771560	17	41569489	48619766	3911	0.002
DUNGS_p_TCGA_b84_115_SNP_N_GenomeWideSNP_6_A12_771560	17	48621931	48626532	4	0.7775
DUNGS_p_TCGA_b84_115_SNP_N_GenomeWideSNP_6_A12_771560	17	48626593	50976491	1565	0.0136
DUNGS_p_TCGA_b84_115_SNP_N_GenomeWideSNP_6_A12_771560	17	50976551	50981141	6	0.6006
DUNGS_p_TCGA_b84_115_SNP_N_GenomeWideSNP_6_A12_771560	17	50981163	78643088	16288	-0.0042
DUNGS_p_TCGA_b84_115_SNP_N_GenomeWideSNP_6_A12_771560	18	1543	11597751	8547	0.0127
DUNGS_p_TCGA_b84_115_SNP_N_GenomeWideSNP_6_A12_771560	18	11597978	11633637	5	-0.8072
DUNGS_p_TCGA_b84_115_SNP_N_GenomeWideSNP_6_A12_771560	18	11638759	36514478	14318	0.012
DUNGS_p_TCGA_b84_115_SNP_N_GenomeWideSNP_6_A12_771560	18	36514488	36519387	14	0.5759
DUNGS_p_TCGA_b84_115_SNP_N_GenomeWideSNP_6_A12_771560	18	36522022	40228816	2367	0.0195
DUNGS_p_TCGA_b84_115_SNP_N_GenomeWideSNP_6_A12_771560	18	40230884	40232623	6	-0.9389
DUNGS_p_TCGA_b84_115_SNP_N_GenomeWideSNP_6_A12_771560	18	40236669	40275217	17	0.0071
DUNGS_p_TCGA_b84_115_SNP_N_GenomeWideSNP_6_A12_771560	18	40278505	40278555	2	-0.8315
DUNGS_p_TCGA_b84_115_SNP_N_GenomeWideSNP_6_A12_771560	18	40282515	44144463	2757	0.0043
DUNGS_p_TCGA_b84_115_SNP_N_GenomeWideSNP_6_A12_771560	18	44146911	44148146	3	0.6921
DUNGS_p_TCGA_b84_115_SNP_N_GenomeWideSNP_6_A12_771560	18	44149569	49520859	3835	0.0144
DUNGS_p_TCGA_b84_115_SNP_N_GenomeWideSNP_6_A12_771560	18	49521095	49522182	7	0.6669
DUNGS_p_TCGA_b84_115_SNP_N_GenomeWideSNP_6_A12_771560	18	49532267	49800253	188	0.009
DUNGS_p_TCGA_b84_115_SNP_N_GenomeWideSNP_6_A12_771560	18	49800953	49801249	2	-0.8743
DUNGS_p_TCGA_b84_115_SNP_N_GenomeWideSNP_6_A12_771560	18	49802453	50541078	390	0.0212
DUNGS_p_TCGA_b84_115_SNP_N_GenomeWideSNP_6_A12_771560	18	50542572	50544742	2	-1.2728
DUNGS_p_TCGA_b84_115_SNP_N_GenomeWideSNP_6_A12_771560	18	50545162	54542291	2679	0.0029
DUNGS_p_TCGA_b84_115_SNP_N_GenomeWideSNP_6_A12_771560	18	54544773	54546988	2	-1.282
DUNGS_p_TCGA_b84_115_SNP_N_GenomeWideSNP_6_A12_771560	18	54558068	61913280	5331	0.0101
DUNGS_p_TCGA_b84_115_SNP_N_GenomeWideSNP_6_A12_771560	18	61918120	61918902	3	0.699
DUNGS_p_TCGA_b84_115_SNP_N_GenomeWideSNP_6_A12_771560	18	61926575	63110303	774	0.0155
DUNGS_p_TCGA_b84_115_SNP_N_GenomeWideSNP_6_A12_771560	18	63110352	63111863	6	0.673
DUNGS_p_TCGA_b84_115_SNP_N_GenomeWideSNP_6_A12_771560	18	63112462	68374915	3890	0.0404
DUNGS_p_TCGA_b84_115_SNP_N_GenomeWideSNP_6_A12_771560	18	68375299	68375431	2	1.1871
DUNGS_p_TCGA_b84_115_SNP_N_GenomeWideSNP_6_A12_771560	18	68375752	76116029	5722	0.022
DUNGS_p_TCGA_b84_115_SNP_N_GenomeWideSNP_6_A12_771560	19	41910	65299	3	0.6355
DUNGS_p_TCGA_b84_115_SNP_N_GenomeWideSNP_6_A12_771560	19	183496	24252658	11244	-0.0037
DUNGS_p_TCGA_b84_115_SNP_N_GenomeWideSNP_6_A12_771560	19	24253260	24256797	9	-0.7799
DUNGS_p_TCGA_b84_115_SNP_N_GenomeWideSNP_6_A12_771560	19	24279522	40541162	5583	0.0074
DUNGS_p_TCGA_b84_115_SNP_N_GenomeWideSNP_6_A12_771560	19	40541333	40553688	22	-0.5767
DUNGS_p_TCGA_b84_115_SNP_N_GenomeWideSNP_6_A12_771560	19	40558584	42697001	1051	-0.006
DUNGS_p_TCGA_b84_115_SNP_N_GenomeWideSNP_6_A12_771560	19	42703426	42707668	4	-1.0682
DUNGS_p_TCGA_b84_115_SNP_N_GenomeWideSNP_6_A12_771560	19	42709422	56823610	7062	-0.009
DUNGS_p_TCGA_b84_115_SNP_N_GenomeWideSNP_6_A12_771560	19	56823625	56840009	12	0.4471
DUNGS_p_TCGA_b84_115_SNP_N_GenomeWideSNP_6_A12_771560	19	56846717	59414087	1754	-0.0252
DUNGS_p_TCGA_b84_115_SNP_N_GenomeWideSNP_6_A12_771560	19	59422014	59433131	17	-1.393
DUNGS_p_TCGA_b84_115_SNP_N_GenomeWideSNP_6_A12_771560	19	59445152	59944197	283	-0.0027
DUNGS_p_TCGA_b84_115_SNP_N_GenomeWideSNP_6_A12_771560	19	59975655	60070511	47	-0.8664
DUNGS_p_TCGA_b84_115_SNP_N_GenomeWideSNP_6_A12_771560	19	60071267	61398326	757	-0.0226
DUNGS_p_TCGA_b84_115_SNP_N_GenomeWideSNP_6_A12_771560	19	61401077	61431611	23	0.6232
DUNGS_p_TCGA_b84_115_SNP_N_GenomeWideSNP_6_A12_771560	19	61432839	63789666	1506	-0.0147
DUNGS_p_TCGA_b84_115_SNP_N_GenomeWideSNP_6_A12_771560	20	9305	1508999	1207	-0.0067
DUNGS_p_TCGA_b84_115_SNP_N_GenomeWideSNP_6_A12_771560	20	1509580	1538455	38	1.2075
DUNGS_p_TCGA_b84_115_SNP_N_GenomeWideSNP_6_A12_771560	20	1538534	1547078	9	0.3838
DUNGS_p_TCGA_b84_115_SNP_N_GenomeWideSNP_6_A12_771560	20	1547142	1941411	334	-0.0303
DUNGS_p_TCGA_b84_115_SNP_N_GenomeWideSNP_6_A12_771560	20	1942112	1942350	2	-0.8135
DUNGS_p_TCGA_b84_115_SNP_N_GenomeWideSNP_6_A12_771560	20	1944770	3307303	984	-0.0132
DUNGS_p_TCGA_b84_115_SNP_N_GenomeWideSNP_6_A12_771560	20	3307655	3308392	2	-1.0087
DUNGS_p_TCGA_b84_115_SNP_N_GenomeWideSNP_6_A12_771560	20	3310525	4958811	1189	-0.0275
DUNGS_p_TCGA_b84_115_SNP_N_GenomeWideSNP_6_A12_771560	20	4964926	4964931	2	-1.5082
DUNGS_p_TCGA_b84_115_SNP_N_GenomeWideSNP_6_A12_771560	20	4969144	22134593	13450	0.0157
DUNGS_p_TCGA_b84_115_SNP_N_GenomeWideSNP_6_A12_771560	20	22134604	22135693	3	-0.8533
DUNGS_p_TCGA_b84_115_SNP_N_GenomeWideSNP_6_A12_771560	20	22136067	25966291	2742	0.0207
DUNGS_p_TCGA_b84_115_SNP_N_GenomeWideSNP_6_A12_771560	20	26005295	26005387	2	0.9355
DUNGS_p_TCGA_b84_115_SNP_N_GenomeWideSNP_6_A12_771560	20	26017758	26158619	70	0.0466
DUNGS_p_TCGA_b84_115_SNP_N_GenomeWideSNP_6_A12_771560	20	26168136	26173145	5	0.6772
DUNGS_p_TCGA_b84_115_SNP_N_GenomeWideSNP_6_A12_771560	20	26176269	28078753	47	0.0192
DUNGS_p_TCGA_b84_115_SNP_N_GenomeWideSNP_6_A12_771560	20	28081553	28106399	7	-0.7203
DUNGS_p_TCGA_b84_115_SNP_N_GenomeWideSNP_6_A12_771560	20	28107514	52700477	15492	3e-04
DUNGS_p_TCGA_b84_115_SNP_N_GenomeWideSNP_6_A12_771560	20	52700518	52701679	3	-0.8335
DUNGS_p_TCGA_b84_115_SNP_N_GenomeWideSNP_6_A12_771560	20	52701710	54999765	1913	0.0157
DUNGS_p_TCGA_b84_115_SNP_N_GenomeWideSNP_6_A12_771560	20	55000187	55000209	2	1.1496
DUNGS_p_TCGA_b84_115_SNP_N_GenomeWideSNP_6_A12_771560	20	55002095	56202318	962	0.0023
DUNGS_p_TCGA_b84_115_SNP_N_GenomeWideSNP_6_A12_771560	20	56202490	56202771	2	1.0337
DUNGS_p_TCGA_b84_115_SNP_N_GenomeWideSNP_6_A12_771560	20	56204575	62188374	3936	-0.0037
DUNGS_p_TCGA_b84_115_SNP_N_GenomeWideSNP_6_A12_771560	20	62191449	62198359	6	0.7021
DUNGS_p_TCGA_b84_115_SNP_N_GenomeWideSNP_6_A12_771560	20	62199511	62426597	122	0.0221
DUNGS_p_TCGA_b84_115_SNP_N_GenomeWideSNP_6_A12_771560	21	9758742	21368109	5559	0.021
DUNGS_p_TCGA_b84_115_SNP_N_GenomeWideSNP_6_A12_771560	21	21368152	21370525	7	0.5551
DUNGS_p_TCGA_b84_115_SNP_N_GenomeWideSNP_6_A12_771560	21	21370692	22573005	909	0.0209
DUNGS_p_TCGA_b84_115_SNP_N_GenomeWideSNP_6_A12_771560	21	22577771	22588870	10	-1.1197
DUNGS_p_TCGA_b84_115_SNP_N_GenomeWideSNP_6_A12_771560	21	22591163	24473696	1508	0.0526
DUNGS_p_TCGA_b84_115_SNP_N_GenomeWideSNP_6_A12_771560	21	24474884	24475002	2	-1.1598
DUNGS_p_TCGA_b84_115_SNP_N_GenomeWideSNP_6_A12_771560	21	24475017	46921385	16439	-0.0011
DUNGS_p_TCGA_b84_115_SNP_N_GenomeWideSNP_6_A12_771560	22	14432528	14482342	7	-0.124
DUNGS_p_TCGA_b84_115_SNP_N_GenomeWideSNP_6_A12_771560	22	14482348	14622677	30	0.3082
DUNGS_p_TCGA_b84_115_SNP_N_GenomeWideSNP_6_A12_771560	22	14628691	17161546	1185	0.0179
DUNGS_p_TCGA_b84_115_SNP_N_GenomeWideSNP_6_A12_771560	22	17173947	17190110	4	0.9092
DUNGS_p_TCGA_b84_115_SNP_N_GenomeWideSNP_6_A12_771560	22	17256428	18853346	927	-0.0088
DUNGS_p_TCGA_b84_115_SNP_N_GenomeWideSNP_6_A12_771560	22	18871884	18879111	2	1.1864
DUNGS_p_TCGA_b84_115_SNP_N_GenomeWideSNP_6_A12_771560	22	18992706	19795672	698	-0.0076
DUNGS_p_TCGA_b84_115_SNP_N_GenomeWideSNP_6_A12_771560	22	19795835	20038030	9	0.6042
DUNGS_p_TCGA_b84_115_SNP_N_GenomeWideSNP_6_A12_771560	22	20038108	20146560	21	0.0269
DUNGS_p_TCGA_b84_115_SNP_N_GenomeWideSNP_6_A12_771560	22	20146691	20170765	14	0.4248
DUNGS_p_TCGA_b84_115_SNP_N_GenomeWideSNP_6_A12_771560	22	20171832	20452149	111	-0.0109
DUNGS_p_TCGA_b84_115_SNP_N_GenomeWideSNP_6_A12_771560	22	20453189	20460539	3	0.87
DUNGS_p_TCGA_b84_115_SNP_N_GenomeWideSNP_6_A12_771560	22	20461125	20711834	151	0.0103
DUNGS_p_TCGA_b84_115_SNP_N_GenomeWideSNP_6_A12_771560	22	20712108	20712344	6	0.7957
DUNGS_p_TCGA_b84_115_SNP_N_GenomeWideSNP_6_A12_771560	22	20716434	20833269	213	0.0314
DUNGS_p_TCGA_b84_115_SNP_N_GenomeWideSNP_6_A12_771560	22	20833341	20834045	7	0.9354
DUNGS_p_TCGA_b84_115_SNP_N_GenomeWideSNP_6_A12_771560	22	20834510	22660218	1230	-0.0109
DUNGS_p_TCGA_b84_115_SNP_N_GenomeWideSNP_6_A12_771560	22	22660269	22661967	2	-3.172
DUNGS_p_TCGA_b84_115_SNP_N_GenomeWideSNP_6_A12_771560	22	22662625	22667949	4	-0.395
DUNGS_p_TCGA_b84_115_SNP_N_GenomeWideSNP_6_A12_771560	22	22674422	22726814	20	0.6611
DUNGS_p_TCGA_b84_115_SNP_N_GenomeWideSNP_6_A12_771560	22	22731529	49581321	18939	0.0039
DUNGS_p_TCGA_b84_115_SNP_N_GenomeWideSNP_6_A12_771560	X	108477	114194349	60445	5e-04
DUNGS_p_TCGA_b84_115_SNP_N_GenomeWideSNP_6_A12_771560	X	114194691	114194713	2	1.5741
DUNGS_p_TCGA_b84_115_SNP_N_GenomeWideSNP_6_A12_771560	X	114194816	150789378	22338	0.0092
DUNGS_p_TCGA_b84_115_SNP_N_GenomeWideSNP_6_A12_771560	X	150791677	150792235	2	-1.2293
DUNGS_p_TCGA_b84_115_SNP_N_GenomeWideSNP_6_A12_771560	X	150792655	151256565	293	0.0031
DUNGS_p_TCGA_b84_115_SNP_N_GenomeWideSNP_6_A12_771560	X	151261654	151267281	3	-1.7619
DUNGS_p_TCGA_b84_115_SNP_N_GenomeWideSNP_6_A12_771560	X	151267973	153211354	967	-0.0294
DUNGS_p_TCGA_b84_115_SNP_N_GenomeWideSNP_6_A12_771560	X	153211513	153211583	2	-1.8596
DUNGS_p_TCGA_b84_115_SNP_N_GenomeWideSNP_6_A12_771560	X	153211612	154835548	623	-0.0232
DUNGS_p_TCGA_b84_115_SNP_N_GenomeWideSNP_6_A12_771560	Y	2710438	14605157	3762	-0.8815
DUNGS_p_TCGA_b84_115_SNP_N_GenomeWideSNP_6_A12_771560	Y	14608299	14681106	29	-0.3791
DUNGS_p_TCGA_b84_115_SNP_N_GenomeWideSNP_6_A12_771560	Y	14683685	14807705	91	0.0761
DUNGS_p_TCGA_b84_115_SNP_N_GenomeWideSNP_6_A12_771560	Y	14809140	23468779	3768	-0.8709
DUNGS_p_TCGA_b84_115_SNP_N_GenomeWideSNP_6_A12_771560	Y	23516243	23765351	8	-0.2997
DUNGS_p_TCGA_b84_115_SNP_N_GenomeWideSNP_6_A12_771560	Y	23813255	25131838	339	-0.8673
DUNGS_p_TCGA_b84_115_SNP_N_GenomeWideSNP_6_A12_771560	Y	25148611	25225985	17	-0.2682
DUNGS_p_TCGA_b84_115_SNP_N_GenomeWideSNP_6_A12_771560	Y	25226915	25475427	41	-0.7708
DUNGS_p_TCGA_b84_115_SNP_N_GenomeWideSNP_6_A12_771560	Y	25600140	25633709	2	0.4778
DUNGS_p_TCGA_b84_115_SNP_N_GenomeWideSNP_6_A12_771560	Y	25649572	57427647	533	-0.8567
