Sample	Chromosome	Start	End	Num_Probes	Segment_Mean
DUNGS_p_TCGA_b84_115_SNP_N_GenomeWideSNP_6_D06_771632	1	51598	12782000	6540	0.0212
DUNGS_p_TCGA_b84_115_SNP_N_GenomeWideSNP_6_D06_771632	1	12784828	12790501	16	0.5098
DUNGS_p_TCGA_b84_115_SNP_N_GenomeWideSNP_6_D06_771632	1	12790543	15564127	1612	0.0091
DUNGS_p_TCGA_b84_115_SNP_N_GenomeWideSNP_6_D06_771632	1	15566633	15568646	2	1.7474
DUNGS_p_TCGA_b84_115_SNP_N_GenomeWideSNP_6_D06_771632	1	15571704	16022502	254	0.0109
DUNGS_p_TCGA_b84_115_SNP_N_GenomeWideSNP_6_D06_771632	1	16026084	16026512	6	-0.8191
DUNGS_p_TCGA_b84_115_SNP_N_GenomeWideSNP_6_D06_771632	1	16026788	16717519	302	-0.0157
DUNGS_p_TCGA_b84_115_SNP_N_GenomeWideSNP_6_D06_771632	1	16718622	16804113	18	-0.5365
DUNGS_p_TCGA_b84_115_SNP_N_GenomeWideSNP_6_D06_771632	1	16808543	25455266	5425	0.0144
DUNGS_p_TCGA_b84_115_SNP_N_GenomeWideSNP_6_D06_771632	1	25455430	25518245	26	0.4608
DUNGS_p_TCGA_b84_115_SNP_N_GenomeWideSNP_6_D06_771632	1	25518771	72522941	28792	0.0065
DUNGS_p_TCGA_b84_115_SNP_N_GenomeWideSNP_6_D06_771632	1	72528701	72535958	9	-1.0446
DUNGS_p_TCGA_b84_115_SNP_N_GenomeWideSNP_6_D06_771632	1	72541006	72583736	48	0.3319
DUNGS_p_TCGA_b84_115_SNP_N_GenomeWideSNP_6_D06_771632	1	72584492	105291138	20769	0.008
DUNGS_p_TCGA_b84_115_SNP_N_GenomeWideSNP_6_D06_771632	1	105292351	105307475	8	-0.7442
DUNGS_p_TCGA_b84_115_SNP_N_GenomeWideSNP_6_D06_771632	1	105309371	105802883	279	0.0095
DUNGS_p_TCGA_b84_115_SNP_N_GenomeWideSNP_6_D06_771632	1	105803095	105836575	37	-0.2848
DUNGS_p_TCGA_b84_115_SNP_N_GenomeWideSNP_6_D06_771632	1	105836584	105937430	79	0.0437
DUNGS_p_TCGA_b84_115_SNP_N_GenomeWideSNP_6_D06_771632	1	105938252	105938436	3	1.0525
DUNGS_p_TCGA_b84_115_SNP_N_GenomeWideSNP_6_D06_771632	1	105940986	110025907	2562	0.017
DUNGS_p_TCGA_b84_115_SNP_N_GenomeWideSNP_6_D06_771632	1	110025950	110047653	35	-0.7678
DUNGS_p_TCGA_b84_115_SNP_N_GenomeWideSNP_6_D06_771632	1	110047796	111132523	803	0.0183
DUNGS_p_TCGA_b84_115_SNP_N_GenomeWideSNP_6_D06_771632	1	111133168	111133529	2	1.3025
DUNGS_p_TCGA_b84_115_SNP_N_GenomeWideSNP_6_D06_771632	1	111133632	119002281	5310	0.0144
DUNGS_p_TCGA_b84_115_SNP_N_GenomeWideSNP_6_D06_771632	1	119003113	119008397	7	-0.6936
DUNGS_p_TCGA_b84_115_SNP_N_GenomeWideSNP_6_D06_771632	1	119008658	144127941	1341	0.0145
DUNGS_p_TCGA_b84_115_SNP_N_GenomeWideSNP_6_D06_771632	1	144141105	144147300	5	0.9899
DUNGS_p_TCGA_b84_115_SNP_N_GenomeWideSNP_6_D06_771632	1	144148016	146851961	860	0.0469
DUNGS_p_TCGA_b84_115_SNP_N_GenomeWideSNP_6_D06_771632	1	146894193	146894466	3	-1.8275
DUNGS_p_TCGA_b84_115_SNP_N_GenomeWideSNP_6_D06_771632	1	146903393	147173894	25	0.0738
DUNGS_p_TCGA_b84_115_SNP_N_GenomeWideSNP_6_D06_771632	1	147177615	147689083	173	-0.498
DUNGS_p_TCGA_b84_115_SNP_N_GenomeWideSNP_6_D06_771632	1	147689241	149069651	533	-0.035
DUNGS_p_TCGA_b84_115_SNP_N_GenomeWideSNP_6_D06_771632	1	149075513	149075740	2	1.3749
DUNGS_p_TCGA_b84_115_SNP_N_GenomeWideSNP_6_D06_771632	1	149077629	150821800	965	0.0052
DUNGS_p_TCGA_b84_115_SNP_N_GenomeWideSNP_6_D06_771632	1	150822151	150853200	35	0.4109
DUNGS_p_TCGA_b84_115_SNP_N_GenomeWideSNP_6_D06_771632	1	150853218	157119577	3832	0.0126
DUNGS_p_TCGA_b84_115_SNP_N_GenomeWideSNP_6_D06_771632	1	157121392	157133096	2	1.2714
DUNGS_p_TCGA_b84_115_SNP_N_GenomeWideSNP_6_D06_771632	1	157133197	159883619	1672	0.0122
DUNGS_p_TCGA_b84_115_SNP_N_GenomeWideSNP_6_D06_771632	1	159883638	159885636	17	0.4451
DUNGS_p_TCGA_b84_115_SNP_N_GenomeWideSNP_6_D06_771632	1	159885682	176929121	12120	0.0115
DUNGS_p_TCGA_b84_115_SNP_N_GenomeWideSNP_6_D06_771632	1	176929211	176929280	3	1.0558
DUNGS_p_TCGA_b84_115_SNP_N_GenomeWideSNP_6_D06_771632	1	176929291	187558857	7154	0.0027
DUNGS_p_TCGA_b84_115_SNP_N_GenomeWideSNP_6_D06_771632	1	187558931	187559417	2	1.1985
DUNGS_p_TCGA_b84_115_SNP_N_GenomeWideSNP_6_D06_771632	1	187569637	188236991	498	-0.013
DUNGS_p_TCGA_b84_115_SNP_N_GenomeWideSNP_6_D06_771632	1	188237023	188237139	4	0.9186
DUNGS_p_TCGA_b84_115_SNP_N_GenomeWideSNP_6_D06_771632	1	188237152	194997658	4486	0.0096
DUNGS_p_TCGA_b84_115_SNP_N_GenomeWideSNP_6_D06_771632	1	194998233	195068625	90	-0.3305
DUNGS_p_TCGA_b84_115_SNP_N_GenomeWideSNP_6_D06_771632	1	195068695	195082414	4	0.8024
DUNGS_p_TCGA_b84_115_SNP_N_GenomeWideSNP_6_D06_771632	1	195083353	197377986	1381	0.0212
DUNGS_p_TCGA_b84_115_SNP_N_GenomeWideSNP_6_D06_771632	1	197378049	197380463	8	-2.4071
DUNGS_p_TCGA_b84_115_SNP_N_GenomeWideSNP_6_D06_771632	1	197380861	227876030	20517	0.0055
DUNGS_p_TCGA_b84_115_SNP_N_GenomeWideSNP_6_D06_771632	1	227877792	227886819	4	-0.752
DUNGS_p_TCGA_b84_115_SNP_N_GenomeWideSNP_6_D06_771632	1	227887079	229939821	1477	0.0166
DUNGS_p_TCGA_b84_115_SNP_N_GenomeWideSNP_6_D06_771632	1	229939924	229940697	2	1.1658
DUNGS_p_TCGA_b84_115_SNP_N_GenomeWideSNP_6_D06_771632	1	229940766	229982231	31	-0.099
DUNGS_p_TCGA_b84_115_SNP_N_GenomeWideSNP_6_D06_771632	1	229982328	230018856	25	-0.3826
DUNGS_p_TCGA_b84_115_SNP_N_GenomeWideSNP_6_D06_771632	1	230021050	241108890	8677	-6e-04
DUNGS_p_TCGA_b84_115_SNP_N_GenomeWideSNP_6_D06_771632	1	241110904	241130765	55	0.264
DUNGS_p_TCGA_b84_115_SNP_N_GenomeWideSNP_6_D06_771632	1	241131992	244296912	2075	0.0041
DUNGS_p_TCGA_b84_115_SNP_N_GenomeWideSNP_6_D06_771632	1	244297352	244297503	2	-1.5162
DUNGS_p_TCGA_b84_115_SNP_N_GenomeWideSNP_6_D06_771632	1	244304183	244912594	398	0.0107
DUNGS_p_TCGA_b84_115_SNP_N_GenomeWideSNP_6_D06_771632	1	244915610	244916979	3	-1.2337
DUNGS_p_TCGA_b84_115_SNP_N_GenomeWideSNP_6_D06_771632	1	244919765	244936240	12	-0.2758
DUNGS_p_TCGA_b84_115_SNP_N_GenomeWideSNP_6_D06_771632	1	244939866	247191011	1318	0.0496
DUNGS_p_TCGA_b84_115_SNP_N_GenomeWideSNP_6_D06_771632	2	2784	1855168	1213	0.1004
DUNGS_p_TCGA_b84_115_SNP_N_GenomeWideSNP_6_D06_771632	2	1857686	1890878	21	0.3283
DUNGS_p_TCGA_b84_115_SNP_N_GenomeWideSNP_6_D06_771632	2	1890915	7529147	4671	0.0135
DUNGS_p_TCGA_b84_115_SNP_N_GenomeWideSNP_6_D06_771632	2	7529399	7555413	24	-0.4325
DUNGS_p_TCGA_b84_115_SNP_N_GenomeWideSNP_6_D06_771632	2	7556169	24452708	12032	0.0064
DUNGS_p_TCGA_b84_115_SNP_N_GenomeWideSNP_6_D06_771632	2	24452747	24455015	3	1.463
DUNGS_p_TCGA_b84_115_SNP_N_GenomeWideSNP_6_D06_771632	2	24455284	34373977	6075	-0.008
DUNGS_p_TCGA_b84_115_SNP_N_GenomeWideSNP_6_D06_771632	2	34377482	34379084	2	-2.0425
DUNGS_p_TCGA_b84_115_SNP_N_GenomeWideSNP_6_D06_771632	2	34379471	34576805	132	-0.0338
DUNGS_p_TCGA_b84_115_SNP_N_GenomeWideSNP_6_D06_771632	2	34580184	34581371	7	-0.7321
DUNGS_p_TCGA_b84_115_SNP_N_GenomeWideSNP_6_D06_771632	2	34590017	36189101	1162	0.0355
DUNGS_p_TCGA_b84_115_SNP_N_GenomeWideSNP_6_D06_771632	2	36189102	36190123	6	1.235
DUNGS_p_TCGA_b84_115_SNP_N_GenomeWideSNP_6_D06_771632	2	36190244	51090028	10844	0
DUNGS_p_TCGA_b84_115_SNP_N_GenomeWideSNP_6_D06_771632	2	51090179	51113689	11	0.45
DUNGS_p_TCGA_b84_115_SNP_N_GenomeWideSNP_6_D06_771632	2	51114564	51586065	375	0.0033
DUNGS_p_TCGA_b84_115_SNP_N_GenomeWideSNP_6_D06_771632	2	51588180	51591403	6	-0.853
DUNGS_p_TCGA_b84_115_SNP_N_GenomeWideSNP_6_D06_771632	2	51597222	53286130	1239	0.0362
DUNGS_p_TCGA_b84_115_SNP_N_GenomeWideSNP_6_D06_771632	2	53286150	53301354	11	-0.5735
DUNGS_p_TCGA_b84_115_SNP_N_GenomeWideSNP_6_D06_771632	2	53305082	87470566	21619	6e-04
DUNGS_p_TCGA_b84_115_SNP_N_GenomeWideSNP_6_D06_771632	2	87471258	87481365	3	1.3462
DUNGS_p_TCGA_b84_115_SNP_N_GenomeWideSNP_6_D06_771632	2	87519521	90982622	901	0.0283
DUNGS_p_TCGA_b84_115_SNP_N_GenomeWideSNP_6_D06_771632	2	90985742	91154458	39	-0.3514
DUNGS_p_TCGA_b84_115_SNP_N_GenomeWideSNP_6_D06_771632	2	91154475	125737348	17864	0.0075
DUNGS_p_TCGA_b84_115_SNP_N_GenomeWideSNP_6_D06_771632	2	125739340	125744258	5	0.9364
DUNGS_p_TCGA_b84_115_SNP_N_GenomeWideSNP_6_D06_771632	2	125744304	125954579	129	-0.0058
DUNGS_p_TCGA_b84_115_SNP_N_GenomeWideSNP_6_D06_771632	2	125954985	126008899	28	0.336
DUNGS_p_TCGA_b84_115_SNP_N_GenomeWideSNP_6_D06_771632	2	126012027	127558794	1001	0.0164
DUNGS_p_TCGA_b84_115_SNP_N_GenomeWideSNP_6_D06_771632	2	127558876	127559013	2	1.5217
DUNGS_p_TCGA_b84_115_SNP_N_GenomeWideSNP_6_D06_771632	2	127559112	129355244	1041	0.0036
DUNGS_p_TCGA_b84_115_SNP_N_GenomeWideSNP_6_D06_771632	2	129355296	129356767	11	-0.8666
DUNGS_p_TCGA_b84_115_SNP_N_GenomeWideSNP_6_D06_771632	2	129356785	186468978	34999	-2e-04
DUNGS_p_TCGA_b84_115_SNP_N_GenomeWideSNP_6_D06_771632	2	186473090	186476668	4	0.9673
DUNGS_p_TCGA_b84_115_SNP_N_GenomeWideSNP_6_D06_771632	2	186479474	193521107	4047	0.0038
DUNGS_p_TCGA_b84_115_SNP_N_GenomeWideSNP_6_D06_771632	2	193521670	193590174	26	0.393
DUNGS_p_TCGA_b84_115_SNP_N_GenomeWideSNP_6_D06_771632	2	193590738	208063200	8470	-0.0037
DUNGS_p_TCGA_b84_115_SNP_N_GenomeWideSNP_6_D06_771632	2	208063423	208067581	16	-2.3748
DUNGS_p_TCGA_b84_115_SNP_N_GenomeWideSNP_6_D06_771632	2	208067721	209249589	765	-0.0062
DUNGS_p_TCGA_b84_115_SNP_N_GenomeWideSNP_6_D06_771632	2	209249620	209260184	7	0.6381
DUNGS_p_TCGA_b84_115_SNP_N_GenomeWideSNP_6_D06_771632	2	209260197	212889567	2273	-0.0025
DUNGS_p_TCGA_b84_115_SNP_N_GenomeWideSNP_6_D06_771632	2	212894794	212898280	9	-5.3219
DUNGS_p_TCGA_b84_115_SNP_N_GenomeWideSNP_6_D06_771632	2	212898365	212898935	7	-2.6018
DUNGS_p_TCGA_b84_115_SNP_N_GenomeWideSNP_6_D06_771632	2	212898993	212900070	9	-1.7502
DUNGS_p_TCGA_b84_115_SNP_N_GenomeWideSNP_6_D06_771632	2	212900371	227954773	9872	-0.0015
DUNGS_p_TCGA_b84_115_SNP_N_GenomeWideSNP_6_D06_771632	2	227954932	227962472	4	0.9903
DUNGS_p_TCGA_b84_115_SNP_N_GenomeWideSNP_6_D06_771632	2	227962516	230189993	1514	-0.008
DUNGS_p_TCGA_b84_115_SNP_N_GenomeWideSNP_6_D06_771632	2	230191602	230194238	2	-1.5959
DUNGS_p_TCGA_b84_115_SNP_N_GenomeWideSNP_6_D06_771632	2	230195483	242738129	7702	0.0177
DUNGS_p_TCGA_b84_115_SNP_N_GenomeWideSNP_6_D06_771632	3	35345	199602	157	0.1236
DUNGS_p_TCGA_b84_115_SNP_N_GenomeWideSNP_6_D06_771632	3	205022	210748	8	-0.5344
DUNGS_p_TCGA_b84_115_SNP_N_GenomeWideSNP_6_D06_771632	3	211759	5090389	4388	0.0263
DUNGS_p_TCGA_b84_115_SNP_N_GenomeWideSNP_6_D06_771632	3	5095506	5097629	2	1.5897
DUNGS_p_TCGA_b84_115_SNP_N_GenomeWideSNP_6_D06_771632	3	5098465	5201259	62	-0.0322
DUNGS_p_TCGA_b84_115_SNP_N_GenomeWideSNP_6_D06_771632	3	5202663	5203075	2	1.8154
DUNGS_p_TCGA_b84_115_SNP_N_GenomeWideSNP_6_D06_771632	3	5207461	5778401	455	0.0297
DUNGS_p_TCGA_b84_115_SNP_N_GenomeWideSNP_6_D06_771632	3	5778603	5779627	4	1.1798
DUNGS_p_TCGA_b84_115_SNP_N_GenomeWideSNP_6_D06_771632	3	5779710	10218677	3611	0.0186
DUNGS_p_TCGA_b84_115_SNP_N_GenomeWideSNP_6_D06_771632	3	10218711	10218772	3	1.0879
DUNGS_p_TCGA_b84_115_SNP_N_GenomeWideSNP_6_D06_771632	3	10218977	33021860	15869	0.0075
DUNGS_p_TCGA_b84_115_SNP_N_GenomeWideSNP_6_D06_771632	3	33022354	33023825	2	-2.0353
DUNGS_p_TCGA_b84_115_SNP_N_GenomeWideSNP_6_D06_771632	3	33025705	65168421	20877	0.0018
DUNGS_p_TCGA_b84_115_SNP_N_GenomeWideSNP_6_D06_771632	3	65171285	65193482	53	0.3825
DUNGS_p_TCGA_b84_115_SNP_N_GenomeWideSNP_6_D06_771632	3	65193708	84782448	12385	0.0017
DUNGS_p_TCGA_b84_115_SNP_N_GenomeWideSNP_6_D06_771632	3	84782483	84784925	15	-0.5281
DUNGS_p_TCGA_b84_115_SNP_N_GenomeWideSNP_6_D06_771632	3	84785103	100360352	5973	0.0052
DUNGS_p_TCGA_b84_115_SNP_N_GenomeWideSNP_6_D06_771632	3	100371678	100377426	5	0.7817
DUNGS_p_TCGA_b84_115_SNP_N_GenomeWideSNP_6_D06_771632	3	100380400	100427989	37	-0.0016
DUNGS_p_TCGA_b84_115_SNP_N_GenomeWideSNP_6_D06_771632	3	100428085	100432111	24	0.4063
DUNGS_p_TCGA_b84_115_SNP_N_GenomeWideSNP_6_D06_771632	3	100433654	131249276	18764	0.0025
DUNGS_p_TCGA_b84_115_SNP_N_GenomeWideSNP_6_D06_771632	3	131258548	131277494	41	-1.257
DUNGS_p_TCGA_b84_115_SNP_N_GenomeWideSNP_6_D06_771632	3	131277660	131293952	17	-0.3484
DUNGS_p_TCGA_b84_115_SNP_N_GenomeWideSNP_6_D06_771632	3	131293961	133475427	1438	0.0012
DUNGS_p_TCGA_b84_115_SNP_N_GenomeWideSNP_6_D06_771632	3	133475463	133478374	3	-1.5341
DUNGS_p_TCGA_b84_115_SNP_N_GenomeWideSNP_6_D06_771632	3	133483167	138510650	3047	0.0043
DUNGS_p_TCGA_b84_115_SNP_N_GenomeWideSNP_6_D06_771632	3	138510652	138510653	2	1.3549
DUNGS_p_TCGA_b84_115_SNP_N_GenomeWideSNP_6_D06_771632	3	138513519	138515750	15	-0.1842
DUNGS_p_TCGA_b84_115_SNP_N_GenomeWideSNP_6_D06_771632	3	138515950	138515953	3	1.2763
DUNGS_p_TCGA_b84_115_SNP_N_GenomeWideSNP_6_D06_771632	3	138516112	140359800	940	8e-04
DUNGS_p_TCGA_b84_115_SNP_N_GenomeWideSNP_6_D06_771632	3	140361790	140367926	8	0.704
DUNGS_p_TCGA_b84_115_SNP_N_GenomeWideSNP_6_D06_771632	3	140367995	142957041	1807	0.007
DUNGS_p_TCGA_b84_115_SNP_N_GenomeWideSNP_6_D06_771632	3	142957128	142973926	6	-0.9007
DUNGS_p_TCGA_b84_115_SNP_N_GenomeWideSNP_6_D06_771632	3	142974010	161839634	11624	0.006
DUNGS_p_TCGA_b84_115_SNP_N_GenomeWideSNP_6_D06_771632	3	161839881	161841178	12	0.5838
DUNGS_p_TCGA_b84_115_SNP_N_GenomeWideSNP_6_D06_771632	3	161841503	162998291	715	-0.0108
DUNGS_p_TCGA_b84_115_SNP_N_GenomeWideSNP_6_D06_771632	3	162998321	163008867	16	0.5144
DUNGS_p_TCGA_b84_115_SNP_N_GenomeWideSNP_6_D06_771632	3	163010634	164022703	685	0.0191
DUNGS_p_TCGA_b84_115_SNP_N_GenomeWideSNP_6_D06_771632	3	164023167	164023184	2	-1.6525
DUNGS_p_TCGA_b84_115_SNP_N_GenomeWideSNP_6_D06_771632	3	164028410	176563286	7716	0.01
DUNGS_p_TCGA_b84_115_SNP_N_GenomeWideSNP_6_D06_771632	3	176563305	176563674	4	-0.9831
DUNGS_p_TCGA_b84_115_SNP_N_GenomeWideSNP_6_D06_771632	3	176563920	177388052	515	-0.0169
DUNGS_p_TCGA_b84_115_SNP_N_GenomeWideSNP_6_D06_771632	3	177388320	177415641	37	0.3544
DUNGS_p_TCGA_b84_115_SNP_N_GenomeWideSNP_6_D06_771632	3	177417307	190846834	8482	-0.0037
DUNGS_p_TCGA_b84_115_SNP_N_GenomeWideSNP_6_D06_771632	3	190846876	190847290	4	-1.1159
DUNGS_p_TCGA_b84_115_SNP_N_GenomeWideSNP_6_D06_771632	3	190847332	194360596	2501	0.0099
DUNGS_p_TCGA_b84_115_SNP_N_GenomeWideSNP_6_D06_771632	3	194360656	194369152	21	-0.7675
DUNGS_p_TCGA_b84_115_SNP_N_GenomeWideSNP_6_D06_771632	3	194369197	198004925	2016	-0.0129
DUNGS_p_TCGA_b84_115_SNP_N_GenomeWideSNP_6_D06_771632	3	198014547	198073898	25	-0.699
DUNGS_p_TCGA_b84_115_SNP_N_GenomeWideSNP_6_D06_771632	3	198076491	199380515	665	0.0021
DUNGS_p_TCGA_b84_115_SNP_N_GenomeWideSNP_6_D06_771632	4	2281	56719	58	0.0785
DUNGS_p_TCGA_b84_115_SNP_N_GenomeWideSNP_6_D06_771632	4	58821	111562	37	0.6081
DUNGS_p_TCGA_b84_115_SNP_N_GenomeWideSNP_6_D06_771632	4	124837	9066075	5159	0.0162
DUNGS_p_TCGA_b84_115_SNP_N_GenomeWideSNP_6_D06_771632	4	9070328	9074070	3	-1.8336
DUNGS_p_TCGA_b84_115_SNP_N_GenomeWideSNP_6_D06_771632	4	9079832	9105392	8	-0.5409
DUNGS_p_TCGA_b84_115_SNP_N_GenomeWideSNP_6_D06_771632	4	9106943	9809816	522	0.0152
DUNGS_p_TCGA_b84_115_SNP_N_GenomeWideSNP_6_D06_771632	4	9812560	9844105	55	0.5742
DUNGS_p_TCGA_b84_115_SNP_N_GenomeWideSNP_6_D06_771632	4	9844264	47962768	25676	8e-04
DUNGS_p_TCGA_b84_115_SNP_N_GenomeWideSNP_6_D06_771632	4	47962921	47970202	6	0.999
DUNGS_p_TCGA_b84_115_SNP_N_GenomeWideSNP_6_D06_771632	4	47973554	48758236	337	-0.0412
DUNGS_p_TCGA_b84_115_SNP_N_GenomeWideSNP_6_D06_771632	4	48758417	48864703	18	-0.4602
DUNGS_p_TCGA_b84_115_SNP_N_GenomeWideSNP_6_D06_771632	4	48874613	57201328	3202	0.0023
DUNGS_p_TCGA_b84_115_SNP_N_GenomeWideSNP_6_D06_771632	4	57201444	57201542	2	1.3264
DUNGS_p_TCGA_b84_115_SNP_N_GenomeWideSNP_6_D06_771632	4	57204920	61619533	2910	-0.0039
DUNGS_p_TCGA_b84_115_SNP_N_GenomeWideSNP_6_D06_771632	4	61623530	61628281	3	-0.9853
DUNGS_p_TCGA_b84_115_SNP_N_GenomeWideSNP_6_D06_771632	4	61628807	63352664	940	0.0145
DUNGS_p_TCGA_b84_115_SNP_N_GenomeWideSNP_6_D06_771632	4	63353149	63354182	5	-0.7605
DUNGS_p_TCGA_b84_115_SNP_N_GenomeWideSNP_6_D06_771632	4	63354257	64356149	544	3e-04
DUNGS_p_TCGA_b84_115_SNP_N_GenomeWideSNP_6_D06_771632	4	64358361	64390818	41	0.3274
DUNGS_p_TCGA_b84_115_SNP_N_GenomeWideSNP_6_D06_771632	4	64390853	68943146	2862	-0.0014
DUNGS_p_TCGA_b84_115_SNP_N_GenomeWideSNP_6_D06_771632	4	68943659	69027207	15	-0.5246
DUNGS_p_TCGA_b84_115_SNP_N_GenomeWideSNP_6_D06_771632	4	69043083	69171930	69	0.6696
DUNGS_p_TCGA_b84_115_SNP_N_GenomeWideSNP_6_D06_771632	4	69187710	70152582	325	0.0182
DUNGS_p_TCGA_b84_115_SNP_N_GenomeWideSNP_6_D06_771632	4	70154911	70312519	83	0.3464
DUNGS_p_TCGA_b84_115_SNP_N_GenomeWideSNP_6_D06_771632	4	70313038	70424305	89	-0.0259
DUNGS_p_TCGA_b84_115_SNP_N_GenomeWideSNP_6_D06_771632	4	70424450	70425368	2	-2.6214
DUNGS_p_TCGA_b84_115_SNP_N_GenomeWideSNP_6_D06_771632	4	70426477	78006167	4507	-4e-04
DUNGS_p_TCGA_b84_115_SNP_N_GenomeWideSNP_6_D06_771632	4	78006228	78012802	19	0.4649
DUNGS_p_TCGA_b84_115_SNP_N_GenomeWideSNP_6_D06_771632	4	78012853	88989409	6937	0.003
DUNGS_p_TCGA_b84_115_SNP_N_GenomeWideSNP_6_D06_771632	4	88989424	88989841	3	-1.1475
DUNGS_p_TCGA_b84_115_SNP_N_GenomeWideSNP_6_D06_771632	4	88989868	104977952	9502	0.0042
DUNGS_p_TCGA_b84_115_SNP_N_GenomeWideSNP_6_D06_771632	4	104979363	104980668	9	-0.6059
DUNGS_p_TCGA_b84_115_SNP_N_GenomeWideSNP_6_D06_771632	4	104980683	106366932	758	0.0132
DUNGS_p_TCGA_b84_115_SNP_N_GenomeWideSNP_6_D06_771632	4	106369585	106369852	2	0.9599
DUNGS_p_TCGA_b84_115_SNP_N_GenomeWideSNP_6_D06_771632	4	106371292	106610751	154	0.0031
DUNGS_p_TCGA_b84_115_SNP_N_GenomeWideSNP_6_D06_771632	4	106611329	106612996	3	0.8415
DUNGS_p_TCGA_b84_115_SNP_N_GenomeWideSNP_6_D06_771632	4	106615052	108270949	923	0.0133
DUNGS_p_TCGA_b84_115_SNP_N_GenomeWideSNP_6_D06_771632	4	108285200	108294731	29	-0.5179
DUNGS_p_TCGA_b84_115_SNP_N_GenomeWideSNP_6_D06_771632	4	108294760	131261383	13873	0.0044
DUNGS_p_TCGA_b84_115_SNP_N_GenomeWideSNP_6_D06_771632	4	131261607	131277646	3	-1.0723
DUNGS_p_TCGA_b84_115_SNP_N_GenomeWideSNP_6_D06_771632	4	131281403	145705839	8690	0.0112
DUNGS_p_TCGA_b84_115_SNP_N_GenomeWideSNP_6_D06_771632	4	145705843	145722360	9	0.697
DUNGS_p_TCGA_b84_115_SNP_N_GenomeWideSNP_6_D06_771632	4	145725454	152088391	3567	-0.0023
DUNGS_p_TCGA_b84_115_SNP_N_GenomeWideSNP_6_D06_771632	4	152095759	152095775	2	1.1994
DUNGS_p_TCGA_b84_115_SNP_N_GenomeWideSNP_6_D06_771632	4	152095801	153011429	486	0.0051
DUNGS_p_TCGA_b84_115_SNP_N_GenomeWideSNP_6_D06_771632	4	153011667	153014267	7	0.6779
DUNGS_p_TCGA_b84_115_SNP_N_GenomeWideSNP_6_D06_771632	4	153014309	157169828	2791	0.0024
DUNGS_p_TCGA_b84_115_SNP_N_GenomeWideSNP_6_D06_771632	4	157171199	157188321	15	0.4412
DUNGS_p_TCGA_b84_115_SNP_N_GenomeWideSNP_6_D06_771632	4	157188373	161272224	2442	0.0019
DUNGS_p_TCGA_b84_115_SNP_N_GenomeWideSNP_6_D06_771632	4	161273041	161303320	40	-0.6129
DUNGS_p_TCGA_b84_115_SNP_N_GenomeWideSNP_6_D06_771632	4	161303519	172605921	7296	0.001
DUNGS_p_TCGA_b84_115_SNP_N_GenomeWideSNP_6_D06_771632	4	172611459	172614285	10	-0.8813
DUNGS_p_TCGA_b84_115_SNP_N_GenomeWideSNP_6_D06_771632	4	172614299	179628436	4308	0.0019
DUNGS_p_TCGA_b84_115_SNP_N_GenomeWideSNP_6_D06_771632	4	179629339	179633539	7	0.6147
DUNGS_p_TCGA_b84_115_SNP_N_GenomeWideSNP_6_D06_771632	4	179633871	179751663	91	-0.0348
DUNGS_p_TCGA_b84_115_SNP_N_GenomeWideSNP_6_D06_771632	4	179753846	179754269	5	-1.4264
DUNGS_p_TCGA_b84_115_SNP_N_GenomeWideSNP_6_D06_771632	4	179754640	189458252	6958	0.0041
DUNGS_p_TCGA_b84_115_SNP_N_GenomeWideSNP_6_D06_771632	4	189458354	189458369	2	-2.2841
DUNGS_p_TCGA_b84_115_SNP_N_GenomeWideSNP_6_D06_771632	4	189458418	189865993	360	0.0371
DUNGS_p_TCGA_b84_115_SNP_N_GenomeWideSNP_6_D06_771632	4	189869494	189869865	3	1.4048
DUNGS_p_TCGA_b84_115_SNP_N_GenomeWideSNP_6_D06_771632	4	189870442	191261904	817	0.0105
DUNGS_p_TCGA_b84_115_SNP_N_GenomeWideSNP_6_D06_771632	5	68532	1743578	807	0.0921
DUNGS_p_TCGA_b84_115_SNP_N_GenomeWideSNP_6_D06_771632	5	1744202	1748035	6	-0.6979
DUNGS_p_TCGA_b84_115_SNP_N_GenomeWideSNP_6_D06_771632	5	1751123	3114349	1194	0.0294
DUNGS_p_TCGA_b84_115_SNP_N_GenomeWideSNP_6_D06_771632	5	3114892	3116438	2	1.4317
DUNGS_p_TCGA_b84_115_SNP_N_GenomeWideSNP_6_D06_771632	5	3116465	5860278	2562	0.0166
DUNGS_p_TCGA_b84_115_SNP_N_GenomeWideSNP_6_D06_771632	5	5861762	5862068	3	-1.1613
DUNGS_p_TCGA_b84_115_SNP_N_GenomeWideSNP_6_D06_771632	5	5863732	37488435	21254	0.0038
DUNGS_p_TCGA_b84_115_SNP_N_GenomeWideSNP_6_D06_771632	5	37488845	37496614	2	1.5038
DUNGS_p_TCGA_b84_115_SNP_N_GenomeWideSNP_6_D06_771632	5	37499503	46306865	5008	0.0071
DUNGS_p_TCGA_b84_115_SNP_N_GenomeWideSNP_6_D06_771632	5	46307687	46309259	6	-2.3235
DUNGS_p_TCGA_b84_115_SNP_N_GenomeWideSNP_6_D06_771632	5	46313969	52730874	1952	0.0026
DUNGS_p_TCGA_b84_115_SNP_N_GenomeWideSNP_6_D06_771632	5	52731114	52732884	3	-1.5772
DUNGS_p_TCGA_b84_115_SNP_N_GenomeWideSNP_6_D06_771632	5	52734144	52977954	138	-0.0032
DUNGS_p_TCGA_b84_115_SNP_N_GenomeWideSNP_6_D06_771632	5	52980966	52981425	3	-0.82
DUNGS_p_TCGA_b84_115_SNP_N_GenomeWideSNP_6_D06_771632	5	52984679	55694624	1800	-9e-04
DUNGS_p_TCGA_b84_115_SNP_N_GenomeWideSNP_6_D06_771632	5	55699508	55703047	9	-0.5254
DUNGS_p_TCGA_b84_115_SNP_N_GenomeWideSNP_6_D06_771632	5	55703062	56394262	561	-0.0018
DUNGS_p_TCGA_b84_115_SNP_N_GenomeWideSNP_6_D06_771632	5	56399552	56399764	2	1.2054
DUNGS_p_TCGA_b84_115_SNP_N_GenomeWideSNP_6_D06_771632	5	56411783	57357403	617	-0.0031
DUNGS_p_TCGA_b84_115_SNP_N_GenomeWideSNP_6_D06_771632	5	57361784	57369290	32	1.507
DUNGS_p_TCGA_b84_115_SNP_N_GenomeWideSNP_6_D06_771632	5	57374114	68780075	7278	-0.0025
DUNGS_p_TCGA_b84_115_SNP_N_GenomeWideSNP_6_D06_771632	5	68782083	68804995	9	-0.6035
DUNGS_p_TCGA_b84_115_SNP_N_GenomeWideSNP_6_D06_771632	5	68805875	69110747	24	0.0826
DUNGS_p_TCGA_b84_115_SNP_N_GenomeWideSNP_6_D06_771632	5	69153679	69269183	3	1.1525
DUNGS_p_TCGA_b84_115_SNP_N_GenomeWideSNP_6_D06_771632	5	69269200	98656227	16542	-0.0055
DUNGS_p_TCGA_b84_115_SNP_N_GenomeWideSNP_6_D06_771632	5	98659207	98659921	2	-1.4956
DUNGS_p_TCGA_b84_115_SNP_N_GenomeWideSNP_6_D06_771632	5	98663445	155409576	36553	0.0024
DUNGS_p_TCGA_b84_115_SNP_N_GenomeWideSNP_6_D06_771632	5	155411340	155427837	15	0.6875
DUNGS_p_TCGA_b84_115_SNP_N_GenomeWideSNP_6_D06_771632	5	155433570	163465953	5404	2e-04
DUNGS_p_TCGA_b84_115_SNP_N_GenomeWideSNP_6_D06_771632	5	163466106	163468712	2	1.6028
DUNGS_p_TCGA_b84_115_SNP_N_GenomeWideSNP_6_D06_771632	5	163477296	177098746	9427	-0.0023
DUNGS_p_TCGA_b84_115_SNP_N_GenomeWideSNP_6_D06_771632	5	177100569	177130561	2	1.5936
DUNGS_p_TCGA_b84_115_SNP_N_GenomeWideSNP_6_D06_771632	5	177131055	180722926	2008	0.016
DUNGS_p_TCGA_b84_115_SNP_N_GenomeWideSNP_6_D06_771632	6	94661	747849	556	0.0624
DUNGS_p_TCGA_b84_115_SNP_N_GenomeWideSNP_6_D06_771632	6	747938	794087	37	-0.3507
DUNGS_p_TCGA_b84_115_SNP_N_GenomeWideSNP_6_D06_771632	6	797295	15609771	11525	0.0059
DUNGS_p_TCGA_b84_115_SNP_N_GenomeWideSNP_6_D06_771632	6	15610286	15613512	6	0.8411
DUNGS_p_TCGA_b84_115_SNP_N_GenomeWideSNP_6_D06_771632	6	15614452	29187260	9238	-0.0057
DUNGS_p_TCGA_b84_115_SNP_N_GenomeWideSNP_6_D06_771632	6	29192066	29206348	3	1.3048
DUNGS_p_TCGA_b84_115_SNP_N_GenomeWideSNP_6_D06_771632	6	29214447	29958359	422	0.0325
DUNGS_p_TCGA_b84_115_SNP_N_GenomeWideSNP_6_D06_771632	6	29979615	30007656	13	-0.6353
DUNGS_p_TCGA_b84_115_SNP_N_GenomeWideSNP_6_D06_771632	6	30009543	32609277	1193	0.0352
DUNGS_p_TCGA_b84_115_SNP_N_GenomeWideSNP_6_D06_771632	6	32616454	32617261	2	-1.782
DUNGS_p_TCGA_b84_115_SNP_N_GenomeWideSNP_6_D06_771632	6	32617454	32695435	28	0.0543
DUNGS_p_TCGA_b84_115_SNP_N_GenomeWideSNP_6_D06_771632	6	32700999	32710085	7	-1.193
DUNGS_p_TCGA_b84_115_SNP_N_GenomeWideSNP_6_D06_771632	6	32710247	54033163	13767	0.0038
DUNGS_p_TCGA_b84_115_SNP_N_GenomeWideSNP_6_D06_771632	6	54039026	54039378	7	0.9919
DUNGS_p_TCGA_b84_115_SNP_N_GenomeWideSNP_6_D06_771632	6	54039762	77472552	12295	0.0065
DUNGS_p_TCGA_b84_115_SNP_N_GenomeWideSNP_6_D06_771632	6	77474189	77525357	46	0.4062
DUNGS_p_TCGA_b84_115_SNP_N_GenomeWideSNP_6_D06_771632	6	77525815	79019608	974	0.0084
DUNGS_p_TCGA_b84_115_SNP_N_GenomeWideSNP_6_D06_771632	6	79025784	79098528	118	0.485
DUNGS_p_TCGA_b84_115_SNP_N_GenomeWideSNP_6_D06_771632	6	79102485	83891323	3078	0.0109
DUNGS_p_TCGA_b84_115_SNP_N_GenomeWideSNP_6_D06_771632	6	83896453	83949365	35	0.5587
DUNGS_p_TCGA_b84_115_SNP_N_GenomeWideSNP_6_D06_771632	6	83951140	93631063	6132	5e-04
DUNGS_p_TCGA_b84_115_SNP_N_GenomeWideSNP_6_D06_771632	6	93632587	93634869	25	0.4466
DUNGS_p_TCGA_b84_115_SNP_N_GenomeWideSNP_6_D06_771632	6	93635018	103841522	6230	0.0073
DUNGS_p_TCGA_b84_115_SNP_N_GenomeWideSNP_6_D06_771632	6	103844669	103868754	46	-1.1427
DUNGS_p_TCGA_b84_115_SNP_N_GenomeWideSNP_6_D06_771632	6	103872163	121092541	10669	-0.0026
DUNGS_p_TCGA_b84_115_SNP_N_GenomeWideSNP_6_D06_771632	6	121093143	121094201	2	-1.459
DUNGS_p_TCGA_b84_115_SNP_N_GenomeWideSNP_6_D06_771632	6	121098113	124315751	1905	5e-04
DUNGS_p_TCGA_b84_115_SNP_N_GenomeWideSNP_6_D06_771632	6	124315806	124315821	2	-1.3794
DUNGS_p_TCGA_b84_115_SNP_N_GenomeWideSNP_6_D06_771632	6	124316396	124323327	4	-0.2475
DUNGS_p_TCGA_b84_115_SNP_N_GenomeWideSNP_6_D06_771632	6	124324252	124336079	16	0.4338
DUNGS_p_TCGA_b84_115_SNP_N_GenomeWideSNP_6_D06_771632	6	124336587	125830264	1058	-0.0064
DUNGS_p_TCGA_b84_115_SNP_N_GenomeWideSNP_6_D06_771632	6	125831001	125831348	2	-1.3175
DUNGS_p_TCGA_b84_115_SNP_N_GenomeWideSNP_6_D06_771632	6	125832721	157699483	21181	-0.0017
DUNGS_p_TCGA_b84_115_SNP_N_GenomeWideSNP_6_D06_771632	6	157701252	157716064	3	1.2785
DUNGS_p_TCGA_b84_115_SNP_N_GenomeWideSNP_6_D06_771632	6	157716982	158559823	485	0.0285
DUNGS_p_TCGA_b84_115_SNP_N_GenomeWideSNP_6_D06_771632	6	158560359	158562595	16	0.5556
DUNGS_p_TCGA_b84_115_SNP_N_GenomeWideSNP_6_D06_771632	6	158562714	166235597	5796	0.0073
DUNGS_p_TCGA_b84_115_SNP_N_GenomeWideSNP_6_D06_771632	6	166235895	166236828	3	-1.127
DUNGS_p_TCGA_b84_115_SNP_N_GenomeWideSNP_6_D06_771632	6	166239182	170751287	3135	0.0497
DUNGS_p_TCGA_b84_115_SNP_N_GenomeWideSNP_6_D06_771632	6	170756674	170892930	7	-0.4751
DUNGS_p_TCGA_b84_115_SNP_N_GenomeWideSNP_6_D06_771632	7	52911	1108233	292	0.127
DUNGS_p_TCGA_b84_115_SNP_N_GenomeWideSNP_6_D06_771632	7	1108572	1112106	9	0.7104
DUNGS_p_TCGA_b84_115_SNP_N_GenomeWideSNP_6_D06_771632	7	1115416	5750006	2696	0.0037
DUNGS_p_TCGA_b84_115_SNP_N_GenomeWideSNP_6_D06_771632	7	5750016	5860493	65	-0.3659
DUNGS_p_TCGA_b84_115_SNP_N_GenomeWideSNP_6_D06_771632	7	5867724	38298253	24464	0.008
DUNGS_p_TCGA_b84_115_SNP_N_GenomeWideSNP_6_D06_771632	7	38298555	38374719	74	0.2803
DUNGS_p_TCGA_b84_115_SNP_N_GenomeWideSNP_6_D06_771632	7	38375004	41881462	2336	0.0072
DUNGS_p_TCGA_b84_115_SNP_N_GenomeWideSNP_6_D06_771632	7	41881709	41881750	2	1.2599
DUNGS_p_TCGA_b84_115_SNP_N_GenomeWideSNP_6_D06_771632	7	41882101	54353999	8679	0.0028
DUNGS_p_TCGA_b84_115_SNP_N_GenomeWideSNP_6_D06_771632	7	54354003	54354011	5	1.868
DUNGS_p_TCGA_b84_115_SNP_N_GenomeWideSNP_6_D06_771632	7	54360982	64204392	3139	-0.0033
DUNGS_p_TCGA_b84_115_SNP_N_GenomeWideSNP_6_D06_771632	7	64206287	64274563	8	-0.9979
DUNGS_p_TCGA_b84_115_SNP_N_GenomeWideSNP_6_D06_771632	7	64275592	101889169	21095	-0.0055
DUNGS_p_TCGA_b84_115_SNP_N_GenomeWideSNP_6_D06_771632	7	102022781	102075451	5	-1.3195
DUNGS_p_TCGA_b84_115_SNP_N_GenomeWideSNP_6_D06_771632	7	102103955	109224328	4581	-3e-04
DUNGS_p_TCGA_b84_115_SNP_N_GenomeWideSNP_6_D06_771632	7	109224329	109224905	8	0.8909
DUNGS_p_TCGA_b84_115_SNP_N_GenomeWideSNP_6_D06_771632	7	109224909	109228159	14	0.1273
DUNGS_p_TCGA_b84_115_SNP_N_GenomeWideSNP_6_D06_771632	7	109228448	109241094	11	0.748
DUNGS_p_TCGA_b84_115_SNP_N_GenomeWideSNP_6_D06_771632	7	109241146	125832159	10045	0.0099
DUNGS_p_TCGA_b84_115_SNP_N_GenomeWideSNP_6_D06_771632	7	125832210	125833260	7	-0.8882
DUNGS_p_TCGA_b84_115_SNP_N_GenomeWideSNP_6_D06_771632	7	125833386	142126143	10428	0.0029
DUNGS_p_TCGA_b84_115_SNP_N_GenomeWideSNP_6_D06_771632	7	142126529	142165684	48	0.4607
DUNGS_p_TCGA_b84_115_SNP_N_GenomeWideSNP_6_D06_771632	7	142165914	143108207	535	0.0184
DUNGS_p_TCGA_b84_115_SNP_N_GenomeWideSNP_6_D06_771632	7	143108241	143155257	22	0.4846
DUNGS_p_TCGA_b84_115_SNP_N_GenomeWideSNP_6_D06_771632	7	143161902	143542557	288	0.0174
DUNGS_p_TCGA_b84_115_SNP_N_GenomeWideSNP_6_D06_771632	7	143548534	143697880	38	-0.3375
DUNGS_p_TCGA_b84_115_SNP_N_GenomeWideSNP_6_D06_771632	7	143705862	144394475	458	-0.0064
DUNGS_p_TCGA_b84_115_SNP_N_GenomeWideSNP_6_D06_771632	7	144398818	144411528	5	-0.8434
DUNGS_p_TCGA_b84_115_SNP_N_GenomeWideSNP_6_D06_771632	7	144411558	149458890	3147	-0.0034
DUNGS_p_TCGA_b84_115_SNP_N_GenomeWideSNP_6_D06_771632	7	149467354	149475735	5	0.8826
DUNGS_p_TCGA_b84_115_SNP_N_GenomeWideSNP_6_D06_771632	7	149476921	153369158	2403	0.0243
DUNGS_p_TCGA_b84_115_SNP_N_GenomeWideSNP_6_D06_771632	7	153372626	153374682	3	-1.1448
DUNGS_p_TCGA_b84_115_SNP_N_GenomeWideSNP_6_D06_771632	7	153376831	158819765	3683	0.0359
DUNGS_p_TCGA_b84_115_SNP_N_GenomeWideSNP_6_D06_771632	8	21254	584973	329	0.1672
DUNGS_p_TCGA_b84_115_SNP_N_GenomeWideSNP_6_D06_771632	8	585220	585875	6	1.1597
DUNGS_p_TCGA_b84_115_SNP_N_GenomeWideSNP_6_D06_771632	8	585892	585908	2	3.9062
DUNGS_p_TCGA_b84_115_SNP_N_GenomeWideSNP_6_D06_771632	8	591043	959488	232	0.0506
DUNGS_p_TCGA_b84_115_SNP_N_GenomeWideSNP_6_D06_771632	8	959586	970866	7	0.9103
DUNGS_p_TCGA_b84_115_SNP_N_GenomeWideSNP_6_D06_771632	8	974218	11932654	10732	0.0345
DUNGS_p_TCGA_b84_115_SNP_N_GenomeWideSNP_6_D06_771632	8	11972069	12072406	10	-0.6774
DUNGS_p_TCGA_b84_115_SNP_N_GenomeWideSNP_6_D06_771632	8	12207108	12278771	17	0.1337
DUNGS_p_TCGA_b84_115_SNP_N_GenomeWideSNP_6_D06_771632	8	12284206	12285559	8	1.0444
DUNGS_p_TCGA_b84_115_SNP_N_GenomeWideSNP_6_D06_771632	8	12285662	12291528	17	0.3967
DUNGS_p_TCGA_b84_115_SNP_N_GenomeWideSNP_6_D06_771632	8	12291559	12291857	5	1.2895
DUNGS_p_TCGA_b84_115_SNP_N_GenomeWideSNP_6_D06_771632	8	12305298	16306635	3600	-0.0022
DUNGS_p_TCGA_b84_115_SNP_N_GenomeWideSNP_6_D06_771632	8	16306690	16318780	22	-0.5743
DUNGS_p_TCGA_b84_115_SNP_N_GenomeWideSNP_6_D06_771632	8	16318795	25030360	6879	0.0056
DUNGS_p_TCGA_b84_115_SNP_N_GenomeWideSNP_6_D06_771632	8	25030393	25040250	26	0.8375
DUNGS_p_TCGA_b84_115_SNP_N_GenomeWideSNP_6_D06_771632	8	25047021	39354760	9049	-0.0117
DUNGS_p_TCGA_b84_115_SNP_N_GenomeWideSNP_6_D06_771632	8	39365832	39508186	62	0.6166
DUNGS_p_TCGA_b84_115_SNP_N_GenomeWideSNP_6_D06_771632	8	39508281	47216486	2647	0.0036
DUNGS_p_TCGA_b84_115_SNP_N_GenomeWideSNP_6_D06_771632	8	47219968	47227234	3	1.2871
DUNGS_p_TCGA_b84_115_SNP_N_GenomeWideSNP_6_D06_771632	8	47229640	72377918	15274	0.0046
DUNGS_p_TCGA_b84_115_SNP_N_GenomeWideSNP_6_D06_771632	8	72378468	72382417	8	0.7448
DUNGS_p_TCGA_b84_115_SNP_N_GenomeWideSNP_6_D06_771632	8	72382681	102468864	18082	0.0068
DUNGS_p_TCGA_b84_115_SNP_N_GenomeWideSNP_6_D06_771632	8	102468897	102469769	13	0.516
DUNGS_p_TCGA_b84_115_SNP_N_GenomeWideSNP_6_D06_771632	8	102471501	112363470	6055	0.0012
DUNGS_p_TCGA_b84_115_SNP_N_GenomeWideSNP_6_D06_771632	8	112363642	112364436	8	-1.4429
DUNGS_p_TCGA_b84_115_SNP_N_GenomeWideSNP_6_D06_771632	8	112369457	115704083	1833	0.0136
DUNGS_p_TCGA_b84_115_SNP_N_GenomeWideSNP_6_D06_771632	8	115704256	115707571	9	-2.8587
DUNGS_p_TCGA_b84_115_SNP_N_GenomeWideSNP_6_D06_771632	8	115707643	115710312	12	-0.4506
DUNGS_p_TCGA_b84_115_SNP_N_GenomeWideSNP_6_D06_771632	8	115710358	115710865	7	-1.352
DUNGS_p_TCGA_b84_115_SNP_N_GenomeWideSNP_6_D06_771632	8	115710907	146268959	21096	0.012
DUNGS_p_TCGA_b84_115_SNP_N_GenomeWideSNP_6_D06_771632	9	36587	1518388	1626	0.0426
DUNGS_p_TCGA_b84_115_SNP_N_GenomeWideSNP_6_D06_771632	9	1518570	1518727	2	1.4749
DUNGS_p_TCGA_b84_115_SNP_N_GenomeWideSNP_6_D06_771632	9	1519051	23351805	18852	0.008
DUNGS_p_TCGA_b84_115_SNP_N_GenomeWideSNP_6_D06_771632	9	23353115	23363484	8	0.7277
DUNGS_p_TCGA_b84_115_SNP_N_GenomeWideSNP_6_D06_771632	9	23368488	43024297	10911	0.0067
DUNGS_p_TCGA_b84_115_SNP_N_GenomeWideSNP_6_D06_771632	9	43054842	43740182	53	0.5728
DUNGS_p_TCGA_b84_115_SNP_N_GenomeWideSNP_6_D06_771632	9	44054868	45028864	103	0.0986
DUNGS_p_TCGA_b84_115_SNP_N_GenomeWideSNP_6_D06_771632	9	45028888	45361386	20	0.8674
DUNGS_p_TCGA_b84_115_SNP_N_GenomeWideSNP_6_D06_771632	9	45361398	71226889	1224	0.0867
DUNGS_p_TCGA_b84_115_SNP_N_GenomeWideSNP_6_D06_771632	9	71230241	71230264	2	1.0725
DUNGS_p_TCGA_b84_115_SNP_N_GenomeWideSNP_6_D06_771632	9	71230280	71290389	54	0.0145
DUNGS_p_TCGA_b84_115_SNP_N_GenomeWideSNP_6_D06_771632	9	71295433	71297506	7	0.8845
DUNGS_p_TCGA_b84_115_SNP_N_GenomeWideSNP_6_D06_771632	9	71297521	92636761	15332	-0.0013
DUNGS_p_TCGA_b84_115_SNP_N_GenomeWideSNP_6_D06_771632	9	92637490	92667122	43	0.361
DUNGS_p_TCGA_b84_115_SNP_N_GenomeWideSNP_6_D06_771632	9	92669330	137350996	30633	0.0053
DUNGS_p_TCGA_b84_115_SNP_N_GenomeWideSNP_6_D06_771632	9	137351189	137369585	29	0.5243
DUNGS_p_TCGA_b84_115_SNP_N_GenomeWideSNP_6_D06_771632	9	137369817	140062776	975	0.0237
DUNGS_p_TCGA_b84_115_SNP_N_GenomeWideSNP_6_D06_771632	9	140068527	140211215	115	0.3057
DUNGS_p_TCGA_b84_115_SNP_N_GenomeWideSNP_6_D06_771632	10	62759	44568717	31024	0.0048
DUNGS_p_TCGA_b84_115_SNP_N_GenomeWideSNP_6_D06_771632	10	44568822	44587937	20	0.4368
DUNGS_p_TCGA_b84_115_SNP_N_GenomeWideSNP_6_D06_771632	10	44588698	46376660	586	0.0179
DUNGS_p_TCGA_b84_115_SNP_N_GenomeWideSNP_6_D06_771632	10	46376689	47213507	350	0.6396
DUNGS_p_TCGA_b84_115_SNP_N_GenomeWideSNP_6_D06_771632	10	47213522	48457816	298	0.0595
DUNGS_p_TCGA_b84_115_SNP_N_GenomeWideSNP_6_D06_771632	10	48460633	48665901	12	0.7901
DUNGS_p_TCGA_b84_115_SNP_N_GenomeWideSNP_6_D06_771632	10	48702225	51444005	1437	-0.0056
DUNGS_p_TCGA_b84_115_SNP_N_GenomeWideSNP_6_D06_771632	10	51449455	51450615	4	1.2156
DUNGS_p_TCGA_b84_115_SNP_N_GenomeWideSNP_6_D06_771632	10	51454597	51500366	22	-0.1641
DUNGS_p_TCGA_b84_115_SNP_N_GenomeWideSNP_6_D06_771632	10	51510990	51561926	4	-2.472
DUNGS_p_TCGA_b84_115_SNP_N_GenomeWideSNP_6_D06_771632	10	51573774	56677604	3841	0.0215
DUNGS_p_TCGA_b84_115_SNP_N_GenomeWideSNP_6_D06_771632	10	56678106	56745831	41	0.2878
DUNGS_p_TCGA_b84_115_SNP_N_GenomeWideSNP_6_D06_771632	10	56745846	66976282	7151	0.0065
DUNGS_p_TCGA_b84_115_SNP_N_GenomeWideSNP_6_D06_771632	10	66977929	66992801	29	0.5121
DUNGS_p_TCGA_b84_115_SNP_N_GenomeWideSNP_6_D06_771632	10	66992932	69672026	1787	0.0094
DUNGS_p_TCGA_b84_115_SNP_N_GenomeWideSNP_6_D06_771632	10	69672114	69672941	2	1.3741
DUNGS_p_TCGA_b84_115_SNP_N_GenomeWideSNP_6_D06_771632	10	69674960	81952878	7707	0.0116
DUNGS_p_TCGA_b84_115_SNP_N_GenomeWideSNP_6_D06_771632	10	81956288	81974101	13	0.5308
DUNGS_p_TCGA_b84_115_SNP_N_GenomeWideSNP_6_D06_771632	10	81974767	135356694	36851	0.0116
DUNGS_p_TCGA_b84_115_SNP_N_GenomeWideSNP_6_D06_771632	11	188510	4923827	2477	0.0151
DUNGS_p_TCGA_b84_115_SNP_N_GenomeWideSNP_6_D06_771632	11	4923952	4926943	11	-0.5724
DUNGS_p_TCGA_b84_115_SNP_N_GenomeWideSNP_6_D06_771632	11	4928581	4932251	20	-1.5661
DUNGS_p_TCGA_b84_115_SNP_N_GenomeWideSNP_6_D06_771632	11	4932281	5734586	790	0.0211
DUNGS_p_TCGA_b84_115_SNP_N_GenomeWideSNP_6_D06_771632	11	5735047	5772808	48	0.323
DUNGS_p_TCGA_b84_115_SNP_N_GenomeWideSNP_6_D06_771632	11	5772861	18897446	9428	0.0086
DUNGS_p_TCGA_b84_115_SNP_N_GenomeWideSNP_6_D06_771632	11	18905648	18927281	61	0.409
DUNGS_p_TCGA_b84_115_SNP_N_GenomeWideSNP_6_D06_771632	11	18927324	21143571	2035	0.0049
DUNGS_p_TCGA_b84_115_SNP_N_GenomeWideSNP_6_D06_771632	11	21147592	21149404	10	0.5518
DUNGS_p_TCGA_b84_115_SNP_N_GenomeWideSNP_6_D06_771632	11	21149961	25658765	3293	0.0121
DUNGS_p_TCGA_b84_115_SNP_N_GenomeWideSNP_6_D06_771632	11	25658780	25663590	5	0.8461
DUNGS_p_TCGA_b84_115_SNP_N_GenomeWideSNP_6_D06_771632	11	25663627	34634905	6046	-0.0029
DUNGS_p_TCGA_b84_115_SNP_N_GenomeWideSNP_6_D06_771632	11	34639343	34640471	4	-0.9851
DUNGS_p_TCGA_b84_115_SNP_N_GenomeWideSNP_6_D06_771632	11	34640738	49715432	9713	0.0097
DUNGS_p_TCGA_b84_115_SNP_N_GenomeWideSNP_6_D06_771632	11	49715563	49717264	7	-0.9001
DUNGS_p_TCGA_b84_115_SNP_N_GenomeWideSNP_6_D06_771632	11	49722737	51419895	509	-0.0199
DUNGS_p_TCGA_b84_115_SNP_N_GenomeWideSNP_6_D06_771632	11	51420212	54796378	51	-0.3109
DUNGS_p_TCGA_b84_115_SNP_N_GenomeWideSNP_6_D06_771632	11	54802431	55159390	218	0.0467
DUNGS_p_TCGA_b84_115_SNP_N_GenomeWideSNP_6_D06_771632	11	55160020	55200787	23	-0.4372
DUNGS_p_TCGA_b84_115_SNP_N_GenomeWideSNP_6_D06_771632	11	55201444	134449982	52490	0.0098
DUNGS_p_TCGA_b84_115_SNP_N_GenomeWideSNP_6_D06_771632	12	20703	1623995	940	0.0256
DUNGS_p_TCGA_b84_115_SNP_N_GenomeWideSNP_6_D06_771632	12	1624183	1624685	2	-1.5525
DUNGS_p_TCGA_b84_115_SNP_N_GenomeWideSNP_6_D06_771632	12	1632229	8261981	4623	0.0105
DUNGS_p_TCGA_b84_115_SNP_N_GenomeWideSNP_6_D06_771632	12	8262587	8327505	17	-0.5945
DUNGS_p_TCGA_b84_115_SNP_N_GenomeWideSNP_6_D06_771632	12	8327595	11111991	1699	0.0111
DUNGS_p_TCGA_b84_115_SNP_N_GenomeWideSNP_6_D06_771632	12	11112094	11132799	11	-1.4053
DUNGS_p_TCGA_b84_115_SNP_N_GenomeWideSNP_6_D06_771632	12	11143141	11394780	128	0.0631
DUNGS_p_TCGA_b84_115_SNP_N_GenomeWideSNP_6_D06_771632	12	11395140	11434653	35	0.6152
DUNGS_p_TCGA_b84_115_SNP_N_GenomeWideSNP_6_D06_771632	12	11434673	19370915	5431	-0.0071
DUNGS_p_TCGA_b84_115_SNP_N_GenomeWideSNP_6_D06_771632	12	19376624	19378441	3	1.3565
DUNGS_p_TCGA_b84_115_SNP_N_GenomeWideSNP_6_D06_771632	12	19381949	31782200	8973	0.0092
DUNGS_p_TCGA_b84_115_SNP_N_GenomeWideSNP_6_D06_771632	12	31782323	31785617	2	1.7365
DUNGS_p_TCGA_b84_115_SNP_N_GenomeWideSNP_6_D06_771632	12	31786278	33185778	1029	-0.0246
DUNGS_p_TCGA_b84_115_SNP_N_GenomeWideSNP_6_D06_771632	12	33185812	33200200	40	0.3946
DUNGS_p_TCGA_b84_115_SNP_N_GenomeWideSNP_6_D06_771632	12	33200252	89007478	32939	4e-04
DUNGS_p_TCGA_b84_115_SNP_N_GenomeWideSNP_6_D06_771632	12	89007481	89016190	7	0.7355
DUNGS_p_TCGA_b84_115_SNP_N_GenomeWideSNP_6_D06_771632	12	89016205	105305305	11265	-0.006
DUNGS_p_TCGA_b84_115_SNP_N_GenomeWideSNP_6_D06_771632	12	105305403	105310659	4	-0.832
DUNGS_p_TCGA_b84_115_SNP_N_GenomeWideSNP_6_D06_771632	12	105311384	106731363	913	-0.0123
DUNGS_p_TCGA_b84_115_SNP_N_GenomeWideSNP_6_D06_771632	12	106733704	106737613	3	0.8819
DUNGS_p_TCGA_b84_115_SNP_N_GenomeWideSNP_6_D06_771632	12	106745044	118829559	8234	-0.0012
DUNGS_p_TCGA_b84_115_SNP_N_GenomeWideSNP_6_D06_771632	12	118829906	118837606	5	0.8091
DUNGS_p_TCGA_b84_115_SNP_N_GenomeWideSNP_6_D06_771632	12	118839601	124918954	3169	-9e-04
DUNGS_p_TCGA_b84_115_SNP_N_GenomeWideSNP_6_D06_771632	12	124919075	124920288	2	-1.0974
DUNGS_p_TCGA_b84_115_SNP_N_GenomeWideSNP_6_D06_771632	12	124920454	125384975	433	0.0188
DUNGS_p_TCGA_b84_115_SNP_N_GenomeWideSNP_6_D06_771632	12	125388364	125391879	20	0.4997
DUNGS_p_TCGA_b84_115_SNP_N_GenomeWideSNP_6_D06_771632	12	125391915	126562969	1050	0.0012
DUNGS_p_TCGA_b84_115_SNP_N_GenomeWideSNP_6_D06_771632	12	126563364	126563445	2	-1.3205
DUNGS_p_TCGA_b84_115_SNP_N_GenomeWideSNP_6_D06_771632	12	126563465	127385466	721	0.043
DUNGS_p_TCGA_b84_115_SNP_N_GenomeWideSNP_6_D06_771632	12	127385798	127387330	4	1.1275
DUNGS_p_TCGA_b84_115_SNP_N_GenomeWideSNP_6_D06_771632	12	127387407	130317803	2522	0.0257
DUNGS_p_TCGA_b84_115_SNP_N_GenomeWideSNP_6_D06_771632	12	130317823	130341584	23	0.4739
DUNGS_p_TCGA_b84_115_SNP_N_GenomeWideSNP_6_D06_771632	12	130341638	132288262	912	0.0445
DUNGS_p_TCGA_b84_115_SNP_N_GenomeWideSNP_6_D06_771632	13	17924949	22527177	2898	0.0016
DUNGS_p_TCGA_b84_115_SNP_N_GenomeWideSNP_6_D06_771632	13	22527187	22531131	9	-0.602
DUNGS_p_TCGA_b84_115_SNP_N_GenomeWideSNP_6_D06_771632	13	22531148	22531515	5	-1.037
DUNGS_p_TCGA_b84_115_SNP_N_GenomeWideSNP_6_D06_771632	13	22536195	23911023	1126	0.0197
DUNGS_p_TCGA_b84_115_SNP_N_GenomeWideSNP_6_D06_771632	13	23918024	23937678	25	0.5431
DUNGS_p_TCGA_b84_115_SNP_N_GenomeWideSNP_6_D06_771632	13	23938031	24413343	335	-0.0014
DUNGS_p_TCGA_b84_115_SNP_N_GenomeWideSNP_6_D06_771632	13	24414291	24414817	2	-1.5866
DUNGS_p_TCGA_b84_115_SNP_N_GenomeWideSNP_6_D06_771632	13	24419899	36973965	9185	-5e-04
DUNGS_p_TCGA_b84_115_SNP_N_GenomeWideSNP_6_D06_771632	13	36974267	36982757	12	1.0197
DUNGS_p_TCGA_b84_115_SNP_N_GenomeWideSNP_6_D06_771632	13	36986330	56661765	12567	0.0044
DUNGS_p_TCGA_b84_115_SNP_N_GenomeWideSNP_6_D06_771632	13	56662005	56662180	7	-0.823
DUNGS_p_TCGA_b84_115_SNP_N_GenomeWideSNP_6_D06_771632	13	56664712	75502319	12081	0.0022
DUNGS_p_TCGA_b84_115_SNP_N_GenomeWideSNP_6_D06_771632	13	75506730	75509863	6	0.9813
DUNGS_p_TCGA_b84_115_SNP_N_GenomeWideSNP_6_D06_771632	13	75510226	97325275	13927	0.0012
DUNGS_p_TCGA_b84_115_SNP_N_GenomeWideSNP_6_D06_771632	13	97328125	97338697	9	-0.651
DUNGS_p_TCGA_b84_115_SNP_N_GenomeWideSNP_6_D06_771632	13	97342105	103075946	4321	-0.001
DUNGS_p_TCGA_b84_115_SNP_N_GenomeWideSNP_6_D06_771632	13	103076020	103077861	19	0.4642
DUNGS_p_TCGA_b84_115_SNP_N_GenomeWideSNP_6_D06_771632	13	103078033	114126499	7847	0.0131
DUNGS_p_TCGA_b84_115_SNP_N_GenomeWideSNP_6_D06_771632	14	18072124	19273725	87	-0.0047
DUNGS_p_TCGA_b84_115_SNP_N_GenomeWideSNP_6_D06_771632	14	19273738	19492423	102	0.32
DUNGS_p_TCGA_b84_115_SNP_N_GenomeWideSNP_6_D06_771632	14	19493212	21536574	1426	-0.0094
DUNGS_p_TCGA_b84_115_SNP_N_GenomeWideSNP_6_D06_771632	14	21536724	21543554	3	1.4522
DUNGS_p_TCGA_b84_115_SNP_N_GenomeWideSNP_6_D06_771632	14	21545831	25849482	2948	0.0192
DUNGS_p_TCGA_b84_115_SNP_N_GenomeWideSNP_6_D06_771632	14	25853743	25853758	8	1.1537
DUNGS_p_TCGA_b84_115_SNP_N_GenomeWideSNP_6_D06_771632	14	25854753	34496525	5439	-0.0041
DUNGS_p_TCGA_b84_115_SNP_N_GenomeWideSNP_6_D06_771632	14	34498746	34499497	3	-1.143
DUNGS_p_TCGA_b84_115_SNP_N_GenomeWideSNP_6_D06_771632	14	34504169	34564270	37	-0.1061
DUNGS_p_TCGA_b84_115_SNP_N_GenomeWideSNP_6_D06_771632	14	34564466	34579354	5	0.8615
DUNGS_p_TCGA_b84_115_SNP_N_GenomeWideSNP_6_D06_771632	14	34579399	34579525	3	-0.8079
DUNGS_p_TCGA_b84_115_SNP_N_GenomeWideSNP_6_D06_771632	14	34580548	38022752	2159	0.0032
DUNGS_p_TCGA_b84_115_SNP_N_GenomeWideSNP_6_D06_771632	14	38022814	38114064	41	-0.8654
DUNGS_p_TCGA_b84_115_SNP_N_GenomeWideSNP_6_D06_771632	14	38124331	40677384	1588	0.0136
DUNGS_p_TCGA_b84_115_SNP_N_GenomeWideSNP_6_D06_771632	14	40678108	40727099	16	0.5841
DUNGS_p_TCGA_b84_115_SNP_N_GenomeWideSNP_6_D06_771632	14	40739852	73065527	20506	2e-04
DUNGS_p_TCGA_b84_115_SNP_N_GenomeWideSNP_6_D06_771632	14	73070876	73090732	9	0.6525
DUNGS_p_TCGA_b84_115_SNP_N_GenomeWideSNP_6_D06_771632	14	73099653	83573446	6972	-0.0109
DUNGS_p_TCGA_b84_115_SNP_N_GenomeWideSNP_6_D06_771632	14	83573821	83574565	3	1.109
DUNGS_p_TCGA_b84_115_SNP_N_GenomeWideSNP_6_D06_771632	14	83574778	84635027	639	-0.0045
DUNGS_p_TCGA_b84_115_SNP_N_GenomeWideSNP_6_D06_771632	14	84635048	84636501	7	0.9136
DUNGS_p_TCGA_b84_115_SNP_N_GenomeWideSNP_6_D06_771632	14	84636609	85521664	662	-0.0032
DUNGS_p_TCGA_b84_115_SNP_N_GenomeWideSNP_6_D06_771632	14	85530379	85559964	39	-0.9037
DUNGS_p_TCGA_b84_115_SNP_N_GenomeWideSNP_6_D06_771632	14	85560087	87250611	1060	-0.0189
DUNGS_p_TCGA_b84_115_SNP_N_GenomeWideSNP_6_D06_771632	14	87253534	87254158	2	1.3466
DUNGS_p_TCGA_b84_115_SNP_N_GenomeWideSNP_6_D06_771632	14	87255861	105605189	11452	0.011
DUNGS_p_TCGA_b84_115_SNP_N_GenomeWideSNP_6_D06_771632	14	105606340	105632486	14	1.0072
DUNGS_p_TCGA_b84_115_SNP_N_GenomeWideSNP_6_D06_771632	14	105638145	105854089	103	0.2088
DUNGS_p_TCGA_b84_115_SNP_N_GenomeWideSNP_6_D06_771632	14	105867070	105896961	12	0.8759
DUNGS_p_TCGA_b84_115_SNP_N_GenomeWideSNP_6_D06_771632	14	105897157	106356482	303	0.147
DUNGS_p_TCGA_b84_115_SNP_N_GenomeWideSNP_6_D06_771632	15	18276341	18714273	70	-0.0333
DUNGS_p_TCGA_b84_115_SNP_N_GenomeWideSNP_6_D06_771632	15	18728578	19462019	218	-0.3824
DUNGS_p_TCGA_b84_115_SNP_N_GenomeWideSNP_6_D06_771632	15	19465359	19566875	18	0.2697
DUNGS_p_TCGA_b84_115_SNP_N_GenomeWideSNP_6_D06_771632	15	19764921	20088838	116	-0.5074
DUNGS_p_TCGA_b84_115_SNP_N_GenomeWideSNP_6_D06_771632	15	20224763	22220838	1006	-0.0023
DUNGS_p_TCGA_b84_115_SNP_N_GenomeWideSNP_6_D06_771632	15	22225844	22269266	39	-1.1151
DUNGS_p_TCGA_b84_115_SNP_N_GenomeWideSNP_6_D06_771632	15	22269689	32507227	6358	0.0151
DUNGS_p_TCGA_b84_115_SNP_N_GenomeWideSNP_6_D06_771632	15	32510094	32617680	68	-0.5768
DUNGS_p_TCGA_b84_115_SNP_N_GenomeWideSNP_6_D06_771632	15	32618236	37484296	3522	0.0083
DUNGS_p_TCGA_b84_115_SNP_N_GenomeWideSNP_6_D06_771632	15	37484429	37487145	3	1.1192
DUNGS_p_TCGA_b84_115_SNP_N_GenomeWideSNP_6_D06_771632	15	37492699	68307131	19538	0.0018
DUNGS_p_TCGA_b84_115_SNP_N_GenomeWideSNP_6_D06_771632	15	68311561	68312234	2	-1.7289
DUNGS_p_TCGA_b84_115_SNP_N_GenomeWideSNP_6_D06_771632	15	68312433	74678296	3432	0.0053
DUNGS_p_TCGA_b84_115_SNP_N_GenomeWideSNP_6_D06_771632	15	74678566	74679280	10	0.8625
DUNGS_p_TCGA_b84_115_SNP_N_GenomeWideSNP_6_D06_771632	15	74682119	77278777	1404	0.0065
DUNGS_p_TCGA_b84_115_SNP_N_GenomeWideSNP_6_D06_771632	15	77281645	77289151	8	0.5929
DUNGS_p_TCGA_b84_115_SNP_N_GenomeWideSNP_6_D06_771632	15	77290161	81348437	2517	8e-04
DUNGS_p_TCGA_b84_115_SNP_N_GenomeWideSNP_6_D06_771632	15	81348887	81349075	3	1.11
DUNGS_p_TCGA_b84_115_SNP_N_GenomeWideSNP_6_D06_771632	15	81350425	82907323	741	0.0163
DUNGS_p_TCGA_b84_115_SNP_N_GenomeWideSNP_6_D06_771632	15	82907922	82915931	2	1.2506
DUNGS_p_TCGA_b84_115_SNP_N_GenomeWideSNP_6_D06_771632	15	82916806	90566759	5585	0.0015
DUNGS_p_TCGA_b84_115_SNP_N_GenomeWideSNP_6_D06_771632	15	90566878	90567933	10	0.9401
DUNGS_p_TCGA_b84_115_SNP_N_GenomeWideSNP_6_D06_771632	15	90567974	90607235	100	-0.0676
DUNGS_p_TCGA_b84_115_SNP_N_GenomeWideSNP_6_D06_771632	15	90607278	90607295	2	-1.9845
DUNGS_p_TCGA_b84_115_SNP_N_GenomeWideSNP_6_D06_771632	15	90607422	100286563	7340	0.0055
DUNGS_p_TCGA_b84_115_SNP_N_GenomeWideSNP_6_D06_771632	16	777	476632	219	0.0522
DUNGS_p_TCGA_b84_115_SNP_N_GenomeWideSNP_6_D06_771632	16	476681	593285	64	0.3234
DUNGS_p_TCGA_b84_115_SNP_N_GenomeWideSNP_6_D06_771632	16	593334	84510246	49472	0.0028
DUNGS_p_TCGA_b84_115_SNP_N_GenomeWideSNP_6_D06_771632	16	84510430	84519063	7	0.9071
DUNGS_p_TCGA_b84_115_SNP_N_GenomeWideSNP_6_D06_771632	16	84523302	88815036	2797	0.029
DUNGS_p_TCGA_b84_115_SNP_N_GenomeWideSNP_6_D06_771632	17	526	15095331	9823	-0.0039
DUNGS_p_TCGA_b84_115_SNP_N_GenomeWideSNP_6_D06_771632	17	15095483	15146860	34	0.3579
DUNGS_p_TCGA_b84_115_SNP_N_GenomeWideSNP_6_D06_771632	17	15147695	18299674	1597	0.0169
DUNGS_p_TCGA_b84_115_SNP_N_GenomeWideSNP_6_D06_771632	17	18302411	18409922	27	0.576
DUNGS_p_TCGA_b84_115_SNP_N_GenomeWideSNP_6_D06_771632	17	18415371	31460645	6923	0.0172
DUNGS_p_TCGA_b84_115_SNP_N_GenomeWideSNP_6_D06_771632	17	31460821	31501593	36	-0.3391
DUNGS_p_TCGA_b84_115_SNP_N_GenomeWideSNP_6_D06_771632	17	31501716	36676583	2552	0.0011
DUNGS_p_TCGA_b84_115_SNP_N_GenomeWideSNP_6_D06_771632	17	36676603	36683699	18	0.7174
DUNGS_p_TCGA_b84_115_SNP_N_GenomeWideSNP_6_D06_771632	17	36683712	36766982	79	0.0584
DUNGS_p_TCGA_b84_115_SNP_N_GenomeWideSNP_6_D06_771632	17	36769083	36771315	5	0.9072
DUNGS_p_TCGA_b84_115_SNP_N_GenomeWideSNP_6_D06_771632	17	36771377	41208734	2213	0.0033
DUNGS_p_TCGA_b84_115_SNP_N_GenomeWideSNP_6_D06_771632	17	41210994	41226918	5	0.8177
DUNGS_p_TCGA_b84_115_SNP_N_GenomeWideSNP_6_D06_771632	17	41227304	41396357	115	0.0444
DUNGS_p_TCGA_b84_115_SNP_N_GenomeWideSNP_6_D06_771632	17	41396462	41410532	14	0.533
DUNGS_p_TCGA_b84_115_SNP_N_GenomeWideSNP_6_D06_771632	17	41411246	41460355	33	0.0054
DUNGS_p_TCGA_b84_115_SNP_N_GenomeWideSNP_6_D06_771632	17	41463123	41465321	2	1.4487
DUNGS_p_TCGA_b84_115_SNP_N_GenomeWideSNP_6_D06_771632	17	41465616	43827431	1108	-0.0267
DUNGS_p_TCGA_b84_115_SNP_N_GenomeWideSNP_6_D06_771632	17	43829467	43834455	4	-0.9172
DUNGS_p_TCGA_b84_115_SNP_N_GenomeWideSNP_6_D06_771632	17	43840441	51516213	4930	0.0039
DUNGS_p_TCGA_b84_115_SNP_N_GenomeWideSNP_6_D06_771632	17	51518046	51521336	10	0.6522
DUNGS_p_TCGA_b84_115_SNP_N_GenomeWideSNP_6_D06_771632	17	51521352	63667040	6783	-0.004
DUNGS_p_TCGA_b84_115_SNP_N_GenomeWideSNP_6_D06_771632	17	63670496	63672613	2	-1.3209
DUNGS_p_TCGA_b84_115_SNP_N_GenomeWideSNP_6_D06_771632	17	63673320	78643088	9023	0.009
DUNGS_p_TCGA_b84_115_SNP_N_GenomeWideSNP_6_D06_771632	18	1543	61872559	40413	0.0025
DUNGS_p_TCGA_b84_115_SNP_N_GenomeWideSNP_6_D06_771632	18	61878472	61879320	12	-0.9821
DUNGS_p_TCGA_b84_115_SNP_N_GenomeWideSNP_6_D06_771632	18	61883718	62057846	148	-0.0063
DUNGS_p_TCGA_b84_115_SNP_N_GenomeWideSNP_6_D06_771632	18	62058414	62062341	9	-0.7871
DUNGS_p_TCGA_b84_115_SNP_N_GenomeWideSNP_6_D06_771632	18	62062569	69099774	5155	0.0264
DUNGS_p_TCGA_b84_115_SNP_N_GenomeWideSNP_6_D06_771632	18	69099834	69101276	11	0.7708
DUNGS_p_TCGA_b84_115_SNP_N_GenomeWideSNP_6_D06_771632	18	69101835	73034925	3122	0.0111
DUNGS_p_TCGA_b84_115_SNP_N_GenomeWideSNP_6_D06_771632	18	73035052	73041336	5	-0.8957
DUNGS_p_TCGA_b84_115_SNP_N_GenomeWideSNP_6_D06_771632	18	73041757	74394698	1051	0.0046
DUNGS_p_TCGA_b84_115_SNP_N_GenomeWideSNP_6_D06_771632	18	74394889	74399706	10	0.7191
DUNGS_p_TCGA_b84_115_SNP_N_GenomeWideSNP_6_D06_771632	18	74400046	76116029	933	0.0596
DUNGS_p_TCGA_b84_115_SNP_N_GenomeWideSNP_6_D06_771632	19	41910	4739370	1280	0.0084
DUNGS_p_TCGA_b84_115_SNP_N_GenomeWideSNP_6_D06_771632	19	4739427	4751798	5	-0.9879
DUNGS_p_TCGA_b84_115_SNP_N_GenomeWideSNP_6_D06_771632	19	4753250	20538030	7798	-0.0093
DUNGS_p_TCGA_b84_115_SNP_N_GenomeWideSNP_6_D06_771632	19	20550917	20551698	2	-2.0247
DUNGS_p_TCGA_b84_115_SNP_N_GenomeWideSNP_6_D06_771632	19	20556970	20638253	57	-0.0161
DUNGS_p_TCGA_b84_115_SNP_N_GenomeWideSNP_6_D06_771632	19	20640258	20643650	4	-1.0296
DUNGS_p_TCGA_b84_115_SNP_N_GenomeWideSNP_6_D06_771632	19	20643736	24247803	2098	0.0023
DUNGS_p_TCGA_b84_115_SNP_N_GenomeWideSNP_6_D06_771632	19	24248664	24256797	12	-0.6431
DUNGS_p_TCGA_b84_115_SNP_N_GenomeWideSNP_6_D06_771632	19	24279522	35976646	2431	0.0162
DUNGS_p_TCGA_b84_115_SNP_N_GenomeWideSNP_6_D06_771632	19	35979958	35980380	2	1.189
DUNGS_p_TCGA_b84_115_SNP_N_GenomeWideSNP_6_D06_771632	19	35982439	40541162	3150	0.0085
DUNGS_p_TCGA_b84_115_SNP_N_GenomeWideSNP_6_D06_771632	19	40541333	40562276	28	0.4142
DUNGS_p_TCGA_b84_115_SNP_N_GenomeWideSNP_6_D06_771632	19	40566223	58023851	8929	-0.0031
DUNGS_p_TCGA_b84_115_SNP_N_GenomeWideSNP_6_D06_771632	19	58024740	58024748	2	-1.503
DUNGS_p_TCGA_b84_115_SNP_N_GenomeWideSNP_6_D06_771632	19	58025700	58630145	453	-0.0255
DUNGS_p_TCGA_b84_115_SNP_N_GenomeWideSNP_6_D06_771632	19	58630341	58693714	59	-0.3756
DUNGS_p_TCGA_b84_115_SNP_N_GenomeWideSNP_6_D06_771632	19	58693733	59422063	437	-0.0637
DUNGS_p_TCGA_b84_115_SNP_N_GenomeWideSNP_6_D06_771632	19	59422081	59423910	4	-1.1166
DUNGS_p_TCGA_b84_115_SNP_N_GenomeWideSNP_6_D06_771632	19	59427876	60197020	408	-0.0155
DUNGS_p_TCGA_b84_115_SNP_N_GenomeWideSNP_6_D06_771632	19	60200517	60201500	3	-1.1388
DUNGS_p_TCGA_b84_115_SNP_N_GenomeWideSNP_6_D06_771632	19	60201677	63789666	2215	0
DUNGS_p_TCGA_b84_115_SNP_N_GenomeWideSNP_6_D06_771632	20	9305	9548	8	0.8241
DUNGS_p_TCGA_b84_115_SNP_N_GenomeWideSNP_6_D06_771632	20	9582	1495044	1167	0.0085
DUNGS_p_TCGA_b84_115_SNP_N_GenomeWideSNP_6_D06_771632	20	1495534	1500503	11	0.3842
DUNGS_p_TCGA_b84_115_SNP_N_GenomeWideSNP_6_D06_771632	20	1505190	1509667	23	-0.6287
DUNGS_p_TCGA_b84_115_SNP_N_GenomeWideSNP_6_D06_771632	20	1515454	1529768	32	0.1916
DUNGS_p_TCGA_b84_115_SNP_N_GenomeWideSNP_6_D06_771632	20	1530092	1538534	5	1.2011
DUNGS_p_TCGA_b84_115_SNP_N_GenomeWideSNP_6_D06_771632	20	1541849	34469249	21373	0.0094
DUNGS_p_TCGA_b84_115_SNP_N_GenomeWideSNP_6_D06_771632	20	34471279	34477706	2	1.3817
DUNGS_p_TCGA_b84_115_SNP_N_GenomeWideSNP_6_D06_771632	20	34480334	47773443	9288	0.0078
DUNGS_p_TCGA_b84_115_SNP_N_GenomeWideSNP_6_D06_771632	20	47773503	47800031	16	-0.4459
DUNGS_p_TCGA_b84_115_SNP_N_GenomeWideSNP_6_D06_771632	20	47807203	52091124	3134	-0.0055
DUNGS_p_TCGA_b84_115_SNP_N_GenomeWideSNP_6_D06_771632	20	52091480	52091571	2	1.5856
DUNGS_p_TCGA_b84_115_SNP_N_GenomeWideSNP_6_D06_771632	20	52091926	60589739	6756	0.0151
DUNGS_p_TCGA_b84_115_SNP_N_GenomeWideSNP_6_D06_771632	20	60589833	60592507	2	1.8884
DUNGS_p_TCGA_b84_115_SNP_N_GenomeWideSNP_6_D06_771632	20	60593590	62426597	712	0.0551
DUNGS_p_TCGA_b84_115_SNP_N_GenomeWideSNP_6_D06_771632	21	9758742	9975997	37	-0.4186
DUNGS_p_TCGA_b84_115_SNP_N_GenomeWideSNP_6_D06_771632	21	9976052	24084426	7624	0.0042
DUNGS_p_TCGA_b84_115_SNP_N_GenomeWideSNP_6_D06_771632	21	24084911	24093927	10	-0.602
DUNGS_p_TCGA_b84_115_SNP_N_GenomeWideSNP_6_D06_771632	21	24094571	43540523	14830	-0.0055
DUNGS_p_TCGA_b84_115_SNP_N_GenomeWideSNP_6_D06_771632	21	43540692	43541626	4	-0.4084
DUNGS_p_TCGA_b84_115_SNP_N_GenomeWideSNP_6_D06_771632	21	43551408	43557708	6	1.1134
DUNGS_p_TCGA_b84_115_SNP_N_GenomeWideSNP_6_D06_771632	21	43563476	45772951	1240	0.0102
DUNGS_p_TCGA_b84_115_SNP_N_GenomeWideSNP_6_D06_771632	21	45773979	45783515	5	0.8868
DUNGS_p_TCGA_b84_115_SNP_N_GenomeWideSNP_6_D06_771632	21	45783582	46844529	612	0.0477
DUNGS_p_TCGA_b84_115_SNP_N_GenomeWideSNP_6_D06_771632	21	46846083	46851512	7	0.849
DUNGS_p_TCGA_b84_115_SNP_N_GenomeWideSNP_6_D06_771632	21	46851605	46921385	59	0.0618
DUNGS_p_TCGA_b84_115_SNP_N_GenomeWideSNP_6_D06_771632	22	14432528	22601745	4592	0.0509
DUNGS_p_TCGA_b84_115_SNP_N_GenomeWideSNP_6_D06_771632	22	22613016	22660218	26	-0.3707
DUNGS_p_TCGA_b84_115_SNP_N_GenomeWideSNP_6_D06_771632	22	22660269	22661967	2	-2.8726
DUNGS_p_TCGA_b84_115_SNP_N_GenomeWideSNP_6_D06_771632	22	22662625	22690841	11	-0.0345
DUNGS_p_TCGA_b84_115_SNP_N_GenomeWideSNP_6_D06_771632	22	22690979	22726814	13	0.9486
DUNGS_p_TCGA_b84_115_SNP_N_GenomeWideSNP_6_D06_771632	22	22731529	28200375	4357	0.0147
DUNGS_p_TCGA_b84_115_SNP_N_GenomeWideSNP_6_D06_771632	22	28211701	28211717	2	1.6834
DUNGS_p_TCGA_b84_115_SNP_N_GenomeWideSNP_6_D06_771632	22	28211801	37705253	6546	1e-04
DUNGS_p_TCGA_b84_115_SNP_N_GenomeWideSNP_6_D06_771632	22	37719574	37729258	13	0.6812
DUNGS_p_TCGA_b84_115_SNP_N_GenomeWideSNP_6_D06_771632	22	37733740	43509065	3541	-1e-04
DUNGS_p_TCGA_b84_115_SNP_N_GenomeWideSNP_6_D06_771632	22	43509130	43512004	2	1.418
DUNGS_p_TCGA_b84_115_SNP_N_GenomeWideSNP_6_D06_771632	22	43514470	46557997	2158	-0.0016
DUNGS_p_TCGA_b84_115_SNP_N_GenomeWideSNP_6_D06_771632	22	46558940	46582538	25	0.3754
DUNGS_p_TCGA_b84_115_SNP_N_GenomeWideSNP_6_D06_771632	22	46585982	47889947	1282	0.0311
DUNGS_p_TCGA_b84_115_SNP_N_GenomeWideSNP_6_D06_771632	22	47890260	47890539	2	1.9172
DUNGS_p_TCGA_b84_115_SNP_N_GenomeWideSNP_6_D06_771632	22	47890711	49581321	1011	0.0811
DUNGS_p_TCGA_b84_115_SNP_N_GenomeWideSNP_6_D06_771632	X	108477	40831073	25509	0.0094
DUNGS_p_TCGA_b84_115_SNP_N_GenomeWideSNP_6_D06_771632	X	40831228	40831575	2	-2.1487
DUNGS_p_TCGA_b84_115_SNP_N_GenomeWideSNP_6_D06_771632	X	40832116	57162740	7638	0.0086
DUNGS_p_TCGA_b84_115_SNP_N_GenomeWideSNP_6_D06_771632	X	57165332	57165501	2	1.82
DUNGS_p_TCGA_b84_115_SNP_N_GenomeWideSNP_6_D06_771632	X	57165515	65433641	1975	-0.0058
DUNGS_p_TCGA_b84_115_SNP_N_GenomeWideSNP_6_D06_771632	X	65440058	65440395	3	-2.5929
DUNGS_p_TCGA_b84_115_SNP_N_GenomeWideSNP_6_D06_771632	X	65440955	69167267	1912	0.0037
DUNGS_p_TCGA_b84_115_SNP_N_GenomeWideSNP_6_D06_771632	X	69169929	69225073	31	-0.4084
DUNGS_p_TCGA_b84_115_SNP_N_GenomeWideSNP_6_D06_771632	X	69225091	78477413	3857	0.0077
DUNGS_p_TCGA_b84_115_SNP_N_GenomeWideSNP_6_D06_771632	X	78478654	78479100	2	-1.5322
DUNGS_p_TCGA_b84_115_SNP_N_GenomeWideSNP_6_D06_771632	X	78479319	93364480	8153	-0.0034
DUNGS_p_TCGA_b84_115_SNP_N_GenomeWideSNP_6_D06_771632	X	93367471	93368714	6	-1.4446
DUNGS_p_TCGA_b84_115_SNP_N_GenomeWideSNP_6_D06_771632	X	93369311	113232500	10834	0.0079
DUNGS_p_TCGA_b84_115_SNP_N_GenomeWideSNP_6_D06_771632	X	113237412	113240595	5	-3.9734
DUNGS_p_TCGA_b84_115_SNP_N_GenomeWideSNP_6_D06_771632	X	113240946	122143526	5329	0.0019
DUNGS_p_TCGA_b84_115_SNP_N_GenomeWideSNP_6_D06_771632	X	122143692	122144118	2	-5.6531
DUNGS_p_TCGA_b84_115_SNP_N_GenomeWideSNP_6_D06_771632	X	122144743	134574568	6872	0.0092
DUNGS_p_TCGA_b84_115_SNP_N_GenomeWideSNP_6_D06_771632	X	134576271	134576869	2	-5.363
DUNGS_p_TCGA_b84_115_SNP_N_GenomeWideSNP_6_D06_771632	X	134577092	134627257	30	-0.1178
DUNGS_p_TCGA_b84_115_SNP_N_GenomeWideSNP_6_D06_771632	X	134627963	134627984	2	-2.1602
DUNGS_p_TCGA_b84_115_SNP_N_GenomeWideSNP_6_D06_771632	X	134629972	134646867	12	0.1253
DUNGS_p_TCGA_b84_115_SNP_N_GenomeWideSNP_6_D06_771632	X	134651776	134662861	10	0.6209
DUNGS_p_TCGA_b84_115_SNP_N_GenomeWideSNP_6_D06_771632	X	134663033	135757873	648	0.0068
DUNGS_p_TCGA_b84_115_SNP_N_GenomeWideSNP_6_D06_771632	X	135767674	135768073	4	-1.4896
DUNGS_p_TCGA_b84_115_SNP_N_GenomeWideSNP_6_D06_771632	X	135768285	140781424	3004	0.0186
DUNGS_p_TCGA_b84_115_SNP_N_GenomeWideSNP_6_D06_771632	X	140781449	140781572	2	2.099
DUNGS_p_TCGA_b84_115_SNP_N_GenomeWideSNP_6_D06_771632	X	140782011	154835548	8829	0.0194
DUNGS_p_TCGA_b84_115_SNP_N_GenomeWideSNP_6_D06_771632	Y	2710438	8671794	2194	-0.8807
DUNGS_p_TCGA_b84_115_SNP_N_GenomeWideSNP_6_D06_771632	Y	8675140	8676189	2	1.0637
DUNGS_p_TCGA_b84_115_SNP_N_GenomeWideSNP_6_D06_771632	Y	8676436	57427647	6394	-0.9066
