Sample	Chromosome	Start	End	Num_Probes	Segment_Mean
DUNGS_p_TCGA_b84_115_SNP_N_GenomeWideSNP_6_A03_771604	1	61735	72776	8	-0.1409
DUNGS_p_TCGA_b84_115_SNP_N_GenomeWideSNP_6_A03_771604	1	82170	86341	7	-0.7262
DUNGS_p_TCGA_b84_115_SNP_N_GenomeWideSNP_6_A03_771604	1	98588	16149343	8408	0.0582
DUNGS_p_TCGA_b84_115_SNP_N_GenomeWideSNP_6_A03_771604	1	16149915	16154239	9	0.6282
DUNGS_p_TCGA_b84_115_SNP_N_GenomeWideSNP_6_A03_771604	1	16154966	16819633	294	0.0874
DUNGS_p_TCGA_b84_115_SNP_N_GenomeWideSNP_6_A03_771604	1	16820619	16943613	27	0.5695
DUNGS_p_TCGA_b84_115_SNP_N_GenomeWideSNP_6_A03_771604	1	16943638	17114634	81	0.3202
DUNGS_p_TCGA_b84_115_SNP_N_GenomeWideSNP_6_A03_771604	1	17114712	17262247	67	0.7592
DUNGS_p_TCGA_b84_115_SNP_N_GenomeWideSNP_6_A03_771604	1	17276241	25583341	5275	0.0668
DUNGS_p_TCGA_b84_115_SNP_N_GenomeWideSNP_6_A03_771604	1	25593128	25663310	32	0.599
DUNGS_p_TCGA_b84_115_SNP_N_GenomeWideSNP_6_A03_771604	1	25663344	47504717	11832	0.0573
DUNGS_p_TCGA_b84_115_SNP_N_GenomeWideSNP_6_A03_771604	1	47507158	47525221	10	0.7645
DUNGS_p_TCGA_b84_115_SNP_N_GenomeWideSNP_6_A03_771604	1	47533630	62439343	9892	0.0184
DUNGS_p_TCGA_b84_115_SNP_N_GenomeWideSNP_6_A03_771604	1	62439364	62446802	25	0.3023
DUNGS_p_TCGA_b84_115_SNP_N_GenomeWideSNP_6_A03_771604	1	62446835	62651786	147	0.0417
DUNGS_p_TCGA_b84_115_SNP_N_GenomeWideSNP_6_A03_771604	1	62656184	62656510	2	-1.1397
DUNGS_p_TCGA_b84_115_SNP_N_GenomeWideSNP_6_A03_771604	1	62661792	63159693	296	0.0547
DUNGS_p_TCGA_b84_115_SNP_N_GenomeWideSNP_6_A03_771604	1	63161241	63162919	2	-1.1518
DUNGS_p_TCGA_b84_115_SNP_N_GenomeWideSNP_6_A03_771604	1	63163591	72796892	6694	0.0292
DUNGS_p_TCGA_b84_115_SNP_N_GenomeWideSNP_6_A03_771604	1	72797026	72817021	24	0.3221
DUNGS_p_TCGA_b84_115_SNP_N_GenomeWideSNP_6_A03_771604	1	72818599	73768693	563	0.0173
DUNGS_p_TCGA_b84_115_SNP_N_GenomeWideSNP_6_A03_771604	1	73768780	73775929	5	0.5769
DUNGS_p_TCGA_b84_115_SNP_N_GenomeWideSNP_6_A03_771604	1	73776375	85979932	8057	0.1869
DUNGS_p_TCGA_b84_115_SNP_N_GenomeWideSNP_6_A03_771604	1	85980350	85991712	5	0.793
DUNGS_p_TCGA_b84_115_SNP_N_GenomeWideSNP_6_A03_771604	1	85993804	95674710	6280	0.3323
DUNGS_p_TCGA_b84_115_SNP_N_GenomeWideSNP_6_A03_771604	1	95676511	95676518	2	-0.909
DUNGS_p_TCGA_b84_115_SNP_N_GenomeWideSNP_6_A03_771604	1	95680124	104103230	5163	0.2428
DUNGS_p_TCGA_b84_115_SNP_N_GenomeWideSNP_6_A03_771604	1	104109238	104178038	30	0.8371
DUNGS_p_TCGA_b84_115_SNP_N_GenomeWideSNP_6_A03_771604	1	104221531	104225568	11	0.0161
DUNGS_p_TCGA_b84_115_SNP_N_GenomeWideSNP_6_A03_771604	1	104239689	104303501	15	0.9611
DUNGS_p_TCGA_b84_115_SNP_N_GenomeWideSNP_6_A03_771604	1	104303639	106012754	917	0.2178
DUNGS_p_TCGA_b84_115_SNP_N_GenomeWideSNP_6_A03_771604	1	106013376	106022375	18	0.7335
DUNGS_p_TCGA_b84_115_SNP_N_GenomeWideSNP_6_A03_771604	1	106024055	110227515	2672	0.2405
DUNGS_p_TCGA_b84_115_SNP_N_GenomeWideSNP_6_A03_771604	1	110232974	110240178	17	-0.9128
DUNGS_p_TCGA_b84_115_SNP_N_GenomeWideSNP_6_A03_771604	1	110242953	112063323	1426	0.2573
DUNGS_p_TCGA_b84_115_SNP_N_GenomeWideSNP_6_A03_771604	1	112063791	112067804	2	1.4855
DUNGS_p_TCGA_b84_115_SNP_N_GenomeWideSNP_6_A03_771604	1	112068174	112690326	531	0.2407
DUNGS_p_TCGA_b84_115_SNP_N_GenomeWideSNP_6_A03_771604	1	112695965	112706118	30	0.5658
DUNGS_p_TCGA_b84_115_SNP_N_GenomeWideSNP_6_A03_771604	1	112706128	114694272	1198	0.3159
DUNGS_p_TCGA_b84_115_SNP_N_GenomeWideSNP_6_A03_771604	1	114697020	114697033	2	1.3696
DUNGS_p_TCGA_b84_115_SNP_N_GenomeWideSNP_6_A03_771604	1	114698094	144842558	4041	0.3931
DUNGS_p_TCGA_b84_115_SNP_N_GenomeWideSNP_6_A03_771604	1	144849539	144849552	3	1.9076
DUNGS_p_TCGA_b84_115_SNP_N_GenomeWideSNP_6_A03_771604	1	144865627	152555706	2799	0.617
DUNGS_p_TCGA_b84_115_SNP_N_GenomeWideSNP_6_A03_771604	1	152555767	152586540	32	1.6053
DUNGS_p_TCGA_b84_115_SNP_N_GenomeWideSNP_6_A03_771604	1	152586576	152762008	177	0.5389
DUNGS_p_TCGA_b84_115_SNP_N_GenomeWideSNP_6_A03_771604	1	152762046	152768259	28	1.1424
DUNGS_p_TCGA_b84_115_SNP_N_GenomeWideSNP_6_A03_771604	1	152768281	154984595	1278	0.5729
DUNGS_p_TCGA_b84_115_SNP_N_GenomeWideSNP_6_A03_771604	1	154987446	155319000	152	0.9677
DUNGS_p_TCGA_b84_115_SNP_N_GenomeWideSNP_6_A03_771604	1	155322931	158959575	2264	0.5624
DUNGS_p_TCGA_b84_115_SNP_N_GenomeWideSNP_6_A03_771604	1	158962039	158962796	2	-0.7836
DUNGS_p_TCGA_b84_115_SNP_N_GenomeWideSNP_6_A03_771604	1	158966864	161517939	1593	0.5616
DUNGS_p_TCGA_b84_115_SNP_N_GenomeWideSNP_6_A03_771604	1	161523550	161650621	52	1.0057
DUNGS_p_TCGA_b84_115_SNP_N_GenomeWideSNP_6_A03_771604	1	161652302	167986109	5036	0.5333
DUNGS_p_TCGA_b84_115_SNP_N_GenomeWideSNP_6_A03_771604	1	167988590	167989846	2	-0.4254
DUNGS_p_TCGA_b84_115_SNP_N_GenomeWideSNP_6_A03_771604	1	167994119	168571831	385	0.5198
DUNGS_p_TCGA_b84_115_SNP_N_GenomeWideSNP_6_A03_771604	1	168573174	168580092	5	-0.2083
DUNGS_p_TCGA_b84_115_SNP_N_GenomeWideSNP_6_A03_771604	1	168581074	187715854	12828	0.5534
DUNGS_p_TCGA_b84_115_SNP_N_GenomeWideSNP_6_A03_771604	1	187717560	187721369	2	-1.6279
DUNGS_p_TCGA_b84_115_SNP_N_GenomeWideSNP_6_A03_771604	1	187724610	189776217	1345	0.5494
DUNGS_p_TCGA_b84_115_SNP_N_GenomeWideSNP_6_A03_771604	1	189780010	189913997	111	0.0418
DUNGS_p_TCGA_b84_115_SNP_N_GenomeWideSNP_6_A03_771604	1	189919607	196714873	4528	0.5317
DUNGS_p_TCGA_b84_115_SNP_N_GenomeWideSNP_6_A03_771604	1	196727850	196759288	41	-1.5408
DUNGS_p_TCGA_b84_115_SNP_N_GenomeWideSNP_6_A03_771604	1	196761820	196798643	31	-0.1559
DUNGS_p_TCGA_b84_115_SNP_N_GenomeWideSNP_6_A03_771604	1	196798664	196801655	15	-1.1274
DUNGS_p_TCGA_b84_115_SNP_N_GenomeWideSNP_6_A03_771604	1	196801784	206174681	6058	0.5537
DUNGS_p_TCGA_b84_115_SNP_N_GenomeWideSNP_6_A03_771604	1	206175832	206183489	3	-1.4967
DUNGS_p_TCGA_b84_115_SNP_N_GenomeWideSNP_6_A03_771604	1	206185294	209999764	2710	0.5568
DUNGS_p_TCGA_b84_115_SNP_N_GenomeWideSNP_6_A03_771604	1	209999790	218152645	5741	0.3058
DUNGS_p_TCGA_b84_115_SNP_N_GenomeWideSNP_6_A03_771604	1	218156992	218156994	2	-0.8581
DUNGS_p_TCGA_b84_115_SNP_N_GenomeWideSNP_6_A03_771604	1	218157407	218593775	304	0.3136
DUNGS_p_TCGA_b84_115_SNP_N_GenomeWideSNP_6_A03_771604	1	218600225	239264404	14353	0.5572
DUNGS_p_TCGA_b84_115_SNP_N_GenomeWideSNP_6_A03_771604	1	239267895	239269280	2	-1.7276
DUNGS_p_TCGA_b84_115_SNP_N_GenomeWideSNP_6_A03_771604	1	239275579	240391247	876	0.5107
DUNGS_p_TCGA_b84_115_SNP_N_GenomeWideSNP_6_A03_771604	1	240391740	240396105	8	1.179
DUNGS_p_TCGA_b84_115_SNP_N_GenomeWideSNP_6_A03_771604	1	240398028	246408071	4340	0.5482
DUNGS_p_TCGA_b84_115_SNP_N_GenomeWideSNP_6_A03_771604	1	246408304	246416121	2	-1.4247
DUNGS_p_TCGA_b84_115_SNP_N_GenomeWideSNP_6_A03_771604	1	246416589	249224388	1593	0.6013
DUNGS_p_TCGA_b84_115_SNP_N_GenomeWideSNP_6_A03_771604	2	12784	3728561	2572	0.6025
DUNGS_p_TCGA_b84_115_SNP_N_GenomeWideSNP_6_A03_771604	2	3732546	3736538	5	-2.3159
DUNGS_p_TCGA_b84_115_SNP_N_GenomeWideSNP_6_A03_771604	2	3742071	4205687	414	0.5852
DUNGS_p_TCGA_b84_115_SNP_N_GenomeWideSNP_6_A03_771604	2	4213864	4223167	36	-1.8717
DUNGS_p_TCGA_b84_115_SNP_N_GenomeWideSNP_6_A03_771604	2	4223512	6400019	1810	0.5518
DUNGS_p_TCGA_b84_115_SNP_N_GenomeWideSNP_6_A03_771604	2	6401909	6402160	2	-0.7711
DUNGS_p_TCGA_b84_115_SNP_N_GenomeWideSNP_6_A03_771604	2	6402296	29138320	15397	0.5896
DUNGS_p_TCGA_b84_115_SNP_N_GenomeWideSNP_6_A03_771604	2	29141720	29156517	12	1.0708
DUNGS_p_TCGA_b84_115_SNP_N_GenomeWideSNP_6_A03_771604	2	29167339	34520473	3789	0.58
DUNGS_p_TCGA_b84_115_SNP_N_GenomeWideSNP_6_A03_771604	2	34523978	34525967	3	1.5151
DUNGS_p_TCGA_b84_115_SNP_N_GenomeWideSNP_6_A03_771604	2	34529017	34691069	94	0.5523
DUNGS_p_TCGA_b84_115_SNP_N_GenomeWideSNP_6_A03_771604	2	34699315	34701735	6	-2.7995
DUNGS_p_TCGA_b84_115_SNP_N_GenomeWideSNP_6_A03_771604	2	34708632	34717842	21	-1.2181
DUNGS_p_TCGA_b84_115_SNP_N_GenomeWideSNP_6_A03_771604	2	34717857	34737057	19	-2.659
DUNGS_p_TCGA_b84_115_SNP_N_GenomeWideSNP_6_A03_771604	2	34737163	34845952	71	0.5041
DUNGS_p_TCGA_b84_115_SNP_N_GenomeWideSNP_6_A03_771604	2	34847531	34847546	2	-0.7704
DUNGS_p_TCGA_b84_115_SNP_N_GenomeWideSNP_6_A03_771604	2	34847817	35975973	805	0.5861
DUNGS_p_TCGA_b84_115_SNP_N_GenomeWideSNP_6_A03_771604	2	35977790	35987916	6	1.6072
DUNGS_p_TCGA_b84_115_SNP_N_GenomeWideSNP_6_A03_771604	2	35987947	45968987	7393	0.6081
DUNGS_p_TCGA_b84_115_SNP_N_GenomeWideSNP_6_A03_771604	2	45969069	46127390	170	0.3567
DUNGS_p_TCGA_b84_115_SNP_N_GenomeWideSNP_6_A03_771604	2	46130895	51047038	3450	0.5956
DUNGS_p_TCGA_b84_115_SNP_N_GenomeWideSNP_6_A03_771604	2	51054002	52754468	1159	-0.1812
DUNGS_p_TCGA_b84_115_SNP_N_GenomeWideSNP_6_A03_771604	2	52754480	52781542	39	0.6139
DUNGS_p_TCGA_b84_115_SNP_N_GenomeWideSNP_6_A03_771604	2	52787949	53364446	480	-0.1576
DUNGS_p_TCGA_b84_115_SNP_N_GenomeWideSNP_6_A03_771604	2	53367582	54044926	537	0.5806
DUNGS_p_TCGA_b84_115_SNP_N_GenomeWideSNP_6_A03_771604	2	54048716	61595255	5052	-0.1553
DUNGS_p_TCGA_b84_115_SNP_N_GenomeWideSNP_6_A03_771604	2	61603610	61621643	16	-0.5403
DUNGS_p_TCGA_b84_115_SNP_N_GenomeWideSNP_6_A03_771604	2	61639854	69211927	4789	-0.1426
DUNGS_p_TCGA_b84_115_SNP_N_GenomeWideSNP_6_A03_771604	2	69211945	69215397	3	0.6372
DUNGS_p_TCGA_b84_115_SNP_N_GenomeWideSNP_6_A03_771604	2	69215619	72241504	1975	-0.1388
DUNGS_p_TCGA_b84_115_SNP_N_GenomeWideSNP_6_A03_771604	2	72249991	72264864	17	-1.0055
DUNGS_p_TCGA_b84_115_SNP_N_GenomeWideSNP_6_A03_771604	2	72268093	73533620	551	-0.1365
DUNGS_p_TCGA_b84_115_SNP_N_GenomeWideSNP_6_A03_771604	2	73539603	73539827	2	-1.1767
DUNGS_p_TCGA_b84_115_SNP_N_GenomeWideSNP_6_A03_771604	2	73541833	75882855	1517	-0.1159
DUNGS_p_TCGA_b84_115_SNP_N_GenomeWideSNP_6_A03_771604	2	75883114	75891277	13	0.2665
DUNGS_p_TCGA_b84_115_SNP_N_GenomeWideSNP_6_A03_771604	2	75891626	86550532	6810	-0.1671
DUNGS_p_TCGA_b84_115_SNP_N_GenomeWideSNP_6_A03_771604	2	86550841	86937687	200	0.2
DUNGS_p_TCGA_b84_115_SNP_N_GenomeWideSNP_6_A03_771604	2	86953070	86953854	2	-1.0272
DUNGS_p_TCGA_b84_115_SNP_N_GenomeWideSNP_6_A03_771604	2	86970406	90321397	1106	0.25
DUNGS_p_TCGA_b84_115_SNP_N_GenomeWideSNP_6_A03_771604	2	91618895	91882894	62	0.5663
DUNGS_p_TCGA_b84_115_SNP_N_GenomeWideSNP_6_A03_771604	2	91890841	97780859	903	0.2183
DUNGS_p_TCGA_b84_115_SNP_N_GenomeWideSNP_6_A03_771604	2	97781481	98118212	71	0.5954
DUNGS_p_TCGA_b84_115_SNP_N_GenomeWideSNP_6_A03_771604	2	98140747	98161710	8	-0.3981
DUNGS_p_TCGA_b84_115_SNP_N_GenomeWideSNP_6_A03_771604	2	98162189	98834124	321	0.6563
DUNGS_p_TCGA_b84_115_SNP_N_GenomeWideSNP_6_A03_771604	2	98835962	99185042	230	-0.4464
DUNGS_p_TCGA_b84_115_SNP_N_GenomeWideSNP_6_A03_771604	2	99192649	101458888	1393	0.2067
DUNGS_p_TCGA_b84_115_SNP_N_GenomeWideSNP_6_A03_771604	2	101463360	106881633	3643	-0.113
DUNGS_p_TCGA_b84_115_SNP_N_GenomeWideSNP_6_A03_771604	2	106883229	106885357	8	-2.2684
DUNGS_p_TCGA_b84_115_SNP_N_GenomeWideSNP_6_A03_771604	2	106887255	109950498	1897	-0.104
DUNGS_p_TCGA_b84_115_SNP_N_GenomeWideSNP_6_A03_771604	2	109950511	110277889	135	0.1699
DUNGS_p_TCGA_b84_115_SNP_N_GenomeWideSNP_6_A03_771604	2	110282512	110284196	3	-0.2941
DUNGS_p_TCGA_b84_115_SNP_N_GenomeWideSNP_6_A03_771604	2	110284491	114362015	1812	0.403
DUNGS_p_TCGA_b84_115_SNP_N_GenomeWideSNP_6_A03_771604	2	114362414	114362416	2	-1.3285
DUNGS_p_TCGA_b84_115_SNP_N_GenomeWideSNP_6_A03_771604	2	114380821	129638478	9619	0.3808
DUNGS_p_TCGA_b84_115_SNP_N_GenomeWideSNP_6_A03_771604	2	129638502	129640315	14	-3.0028
DUNGS_p_TCGA_b84_115_SNP_N_GenomeWideSNP_6_A03_771604	2	129640329	136462831	3924	0.3804
DUNGS_p_TCGA_b84_115_SNP_N_GenomeWideSNP_6_A03_771604	2	136464818	136465142	3	-0.356
DUNGS_p_TCGA_b84_115_SNP_N_GenomeWideSNP_6_A03_771604	2	136465856	146861446	6562	0.3558
DUNGS_p_TCGA_b84_115_SNP_N_GenomeWideSNP_6_A03_771604	2	146862085	146865832	14	-1.2793
DUNGS_p_TCGA_b84_115_SNP_N_GenomeWideSNP_6_A03_771604	2	146865974	146866707	8	-2.5656
DUNGS_p_TCGA_b84_115_SNP_N_GenomeWideSNP_6_A03_771604	2	146866798	146866934	3	-0.8414
DUNGS_p_TCGA_b84_115_SNP_N_GenomeWideSNP_6_A03_771604	2	146877806	180411003	20531	0.363
DUNGS_p_TCGA_b84_115_SNP_N_GenomeWideSNP_6_A03_771604	2	180411141	180421888	31	0.6824
DUNGS_p_TCGA_b84_115_SNP_N_GenomeWideSNP_6_A03_771604	2	180421906	184085453	2327	0.368
DUNGS_p_TCGA_b84_115_SNP_N_GenomeWideSNP_6_A03_771604	2	184085788	184089724	9	-0.6732
DUNGS_p_TCGA_b84_115_SNP_N_GenomeWideSNP_6_A03_771604	2	184093998	208350039	14125	0.3814
DUNGS_p_TCGA_b84_115_SNP_N_GenomeWideSNP_6_A03_771604	2	208350191	208350754	6	1.0937
DUNGS_p_TCGA_b84_115_SNP_N_GenomeWideSNP_6_A03_771604	2	208354912	208359336	18	-0.0705
DUNGS_p_TCGA_b84_115_SNP_N_GenomeWideSNP_6_A03_771604	2	208359476	208622434	141	0.5996
DUNGS_p_TCGA_b84_115_SNP_N_GenomeWideSNP_6_A03_771604	2	208626354	213181322	2904	0.3713
DUNGS_p_TCGA_b84_115_SNP_N_GenomeWideSNP_6_A03_771604	2	213186549	213191825	25	-0.8931
DUNGS_p_TCGA_b84_115_SNP_N_GenomeWideSNP_6_A03_771604	2	213192126	229262292	10536	0.3718
DUNGS_p_TCGA_b84_115_SNP_N_GenomeWideSNP_6_A03_771604	2	229264414	229266374	2	-2.3159
DUNGS_p_TCGA_b84_115_SNP_N_GenomeWideSNP_6_A03_771604	2	229268856	242477377	8353	0.3925
DUNGS_p_TCGA_b84_115_SNP_N_GenomeWideSNP_6_A03_771604	2	242477969	243034519	173	0.6736
DUNGS_p_TCGA_b84_115_SNP_N_GenomeWideSNP_6_A03_771604	2	243034686	243037654	6	0.0152
DUNGS_p_TCGA_b84_115_SNP_N_GenomeWideSNP_6_A03_771604	2	243037669	243089456	24	0.7019
DUNGS_p_TCGA_b84_115_SNP_N_GenomeWideSNP_6_A03_771604	3	60345	231459	159	0.0438
DUNGS_p_TCGA_b84_115_SNP_N_GenomeWideSNP_6_A03_771604	3	232639	234877	3	-0.8672
DUNGS_p_TCGA_b84_115_SNP_N_GenomeWideSNP_6_A03_771604	3	235030	6646543	5688	0.0873
DUNGS_p_TCGA_b84_115_SNP_N_GenomeWideSNP_6_A03_771604	3	6651128	6652540	15	-0.8882
DUNGS_p_TCGA_b84_115_SNP_N_GenomeWideSNP_6_A03_771604	3	6652591	61126821	36126	0.0866
DUNGS_p_TCGA_b84_115_SNP_N_GenomeWideSNP_6_A03_771604	3	61127205	61128017	3	-5.5072
DUNGS_p_TCGA_b84_115_SNP_N_GenomeWideSNP_6_A03_771604	3	61130900	68746164	5913	0.0806
DUNGS_p_TCGA_b84_115_SNP_N_GenomeWideSNP_6_A03_771604	3	68746259	68749079	20	0.4182
DUNGS_p_TCGA_b84_115_SNP_N_GenomeWideSNP_6_A03_771604	3	68749212	72637774	2978	0.0741
DUNGS_p_TCGA_b84_115_SNP_N_GenomeWideSNP_6_A03_771604	3	72639229	72639332	2	-1.3918
DUNGS_p_TCGA_b84_115_SNP_N_GenomeWideSNP_6_A03_771604	3	72641416	72915315	169	0.1071
DUNGS_p_TCGA_b84_115_SNP_N_GenomeWideSNP_6_A03_771604	3	72916982	72929947	5	-0.4086
DUNGS_p_TCGA_b84_115_SNP_N_GenomeWideSNP_6_A03_771604	3	72930842	75568549	1782	0.0694
DUNGS_p_TCGA_b84_115_SNP_N_GenomeWideSNP_6_A03_771604	3	75572549	75596246	8	0.9681
DUNGS_p_TCGA_b84_115_SNP_N_GenomeWideSNP_6_A03_771604	3	75608639	97899419	10418	0.059
DUNGS_p_TCGA_b84_115_SNP_N_GenomeWideSNP_6_A03_771604	3	97908670	97913425	3	-1.1127
DUNGS_p_TCGA_b84_115_SNP_N_GenomeWideSNP_6_A03_771604	3	97914817	98944632	603	0.0558
DUNGS_p_TCGA_b84_115_SNP_N_GenomeWideSNP_6_A03_771604	3	98944763	98949308	29	-0.4077
DUNGS_p_TCGA_b84_115_SNP_N_GenomeWideSNP_6_A03_771604	3	98949314	125120703	16129	0.045
DUNGS_p_TCGA_b84_115_SNP_N_GenomeWideSNP_6_A03_771604	3	125122081	125309954	89	-0.292
DUNGS_p_TCGA_b84_115_SNP_N_GenomeWideSNP_6_A03_771604	3	125311262	129763698	2547	0.0607
DUNGS_p_TCGA_b84_115_SNP_N_GenomeWideSNP_6_A03_771604	3	129766586	129808555	55	0.6407
DUNGS_p_TCGA_b84_115_SNP_N_GenomeWideSNP_6_A03_771604	3	129808811	142664031	7879	0.0288
DUNGS_p_TCGA_b84_115_SNP_N_GenomeWideSNP_6_A03_771604	3	142664278	142664512	2	-1.5091
DUNGS_p_TCGA_b84_115_SNP_N_GenomeWideSNP_6_A03_771604	3	142664819	162508268	12423	-0.1101
DUNGS_p_TCGA_b84_115_SNP_N_GenomeWideSNP_6_A03_771604	3	162512657	162524858	12	0.525
DUNGS_p_TCGA_b84_115_SNP_N_GenomeWideSNP_6_A03_771604	3	162528630	162532950	4	-0.2742
DUNGS_p_TCGA_b84_115_SNP_N_GenomeWideSNP_6_A03_771604	3	162534730	162540490	6	-1.023
DUNGS_p_TCGA_b84_115_SNP_N_GenomeWideSNP_6_A03_771604	3	162545716	162625980	47	0.4312
DUNGS_p_TCGA_b84_115_SNP_N_GenomeWideSNP_6_A03_771604	3	162625995	180471706	11031	-0.1074
DUNGS_p_TCGA_b84_115_SNP_N_GenomeWideSNP_6_A03_771604	3	180472825	180477503	4	-1.1809
DUNGS_p_TCGA_b84_115_SNP_N_GenomeWideSNP_6_A03_771604	3	180479157	190017636	6151	-0.107
DUNGS_p_TCGA_b84_115_SNP_N_GenomeWideSNP_6_A03_771604	3	190019551	190019560	2	-1.4229
DUNGS_p_TCGA_b84_115_SNP_N_GenomeWideSNP_6_A03_771604	3	190022148	192877902	2025	-0.1462
DUNGS_p_TCGA_b84_115_SNP_N_GenomeWideSNP_6_A03_771604	3	192877962	192882903	19	-0.9392
DUNGS_p_TCGA_b84_115_SNP_N_GenomeWideSNP_6_A03_771604	3	192886435	192954665	55	-0.151
DUNGS_p_TCGA_b84_115_SNP_N_GenomeWideSNP_6_A03_771604	3	192954759	192965232	4	0.5421
DUNGS_p_TCGA_b84_115_SNP_N_GenomeWideSNP_6_A03_771604	3	192965288	193012583	26	-0.1431
DUNGS_p_TCGA_b84_115_SNP_N_GenomeWideSNP_6_A03_771604	3	193012791	193015642	3	-0.8981
DUNGS_p_TCGA_b84_115_SNP_N_GenomeWideSNP_6_A03_771604	3	193016279	195412212	1405	-0.0929
DUNGS_p_TCGA_b84_115_SNP_N_GenomeWideSNP_6_A03_771604	3	195418263	195446922	22	-0.9569
DUNGS_p_TCGA_b84_115_SNP_N_GenomeWideSNP_6_A03_771604	3	195455508	195455956	7	0.2258
DUNGS_p_TCGA_b84_115_SNP_N_GenomeWideSNP_6_A03_771604	3	195456048	195479748	15	-0.5763
DUNGS_p_TCGA_b84_115_SNP_N_GenomeWideSNP_6_A03_771604	3	195481811	197896118	1171	-0.03
DUNGS_p_TCGA_b84_115_SNP_N_GenomeWideSNP_6_A03_771604	4	12281	3877790	1643	-0.0712
DUNGS_p_TCGA_b84_115_SNP_N_GenomeWideSNP_6_A03_771604	4	3879618	4160063	72	0.2057
DUNGS_p_TCGA_b84_115_SNP_N_GenomeWideSNP_6_A03_771604	4	4165335	10223416	4096	-0.0815
DUNGS_p_TCGA_b84_115_SNP_N_GenomeWideSNP_6_A03_771604	4	10223628	10236142	35	0.3849
DUNGS_p_TCGA_b84_115_SNP_N_GenomeWideSNP_6_A03_771604	4	10238436	24598488	10515	-0.0998
DUNGS_p_TCGA_b84_115_SNP_N_GenomeWideSNP_6_A03_771604	4	24601559	24601563	2	-1.1135
DUNGS_p_TCGA_b84_115_SNP_N_GenomeWideSNP_6_A03_771604	4	24605273	25740206	828	-0.0618
DUNGS_p_TCGA_b84_115_SNP_N_GenomeWideSNP_6_A03_771604	4	25744431	25745088	3	-0.9617
DUNGS_p_TCGA_b84_115_SNP_N_GenomeWideSNP_6_A03_771604	4	25745357	34779040	5657	-0.1103
DUNGS_p_TCGA_b84_115_SNP_N_GenomeWideSNP_6_A03_771604	4	34779054	34829872	40	0.5024
DUNGS_p_TCGA_b84_115_SNP_N_GenomeWideSNP_6_A03_771604	4	34829913	35535568	474	-0.1301
DUNGS_p_TCGA_b84_115_SNP_N_GenomeWideSNP_6_A03_771604	4	35535809	35537568	3	-1.2537
DUNGS_p_TCGA_b84_115_SNP_N_GenomeWideSNP_6_A03_771604	4	35537624	36014412	300	-0.1153
DUNGS_p_TCGA_b84_115_SNP_N_GenomeWideSNP_6_A03_771604	4	36014981	36015518	4	-1.6503
DUNGS_p_TCGA_b84_115_SNP_N_GenomeWideSNP_6_A03_771604	4	36017518	49297235	8217	-0.0585
DUNGS_p_TCGA_b84_115_SNP_N_GenomeWideSNP_6_A03_771604	4	49309854	49656595	18	0.4726
DUNGS_p_TCGA_b84_115_SNP_N_GenomeWideSNP_6_A03_771604	4	49658223	62916771	6610	-0.0244
DUNGS_p_TCGA_b84_115_SNP_N_GenomeWideSNP_6_A03_771604	4	62919181	62919452	2	-1.1898
DUNGS_p_TCGA_b84_115_SNP_N_GenomeWideSNP_6_A03_771604	4	62923291	63667834	412	-0.0502
DUNGS_p_TCGA_b84_115_SNP_N_GenomeWideSNP_6_A03_771604	4	63669936	63671662	8	0.4729
DUNGS_p_TCGA_b84_115_SNP_N_GenomeWideSNP_6_A03_771604	4	63679630	64690878	552	-0.0454
DUNGS_p_TCGA_b84_115_SNP_N_GenomeWideSNP_6_A03_771604	4	64691407	64708129	30	0.3186
DUNGS_p_TCGA_b84_115_SNP_N_GenomeWideSNP_6_A03_771604	4	64708208	69372003	2888	-0.0508
DUNGS_p_TCGA_b84_115_SNP_N_GenomeWideSNP_6_A03_771604	4	69374941	69521409	69	0.8073
DUNGS_p_TCGA_b84_115_SNP_N_GenomeWideSNP_6_A03_771604	4	69528959	69582483	7	-0.4294
DUNGS_p_TCGA_b84_115_SNP_N_GenomeWideSNP_6_A03_771604	4	69591612	70123510	317	0.0708
DUNGS_p_TCGA_b84_115_SNP_N_GenomeWideSNP_6_A03_771604	4	70127644	70138047	12	-0.282
DUNGS_p_TCGA_b84_115_SNP_N_GenomeWideSNP_6_A03_771604	4	70143374	70231799	42	-0.6624
DUNGS_p_TCGA_b84_115_SNP_N_GenomeWideSNP_6_A03_771604	4	70232022	107638536	22704	-0.0176
DUNGS_p_TCGA_b84_115_SNP_N_GenomeWideSNP_6_A03_771604	4	107641584	107641598	2	-1.6334
DUNGS_p_TCGA_b84_115_SNP_N_GenomeWideSNP_6_A03_771604	4	107641954	109385588	1082	-0.0235
DUNGS_p_TCGA_b84_115_SNP_N_GenomeWideSNP_6_A03_771604	4	109387806	109388635	2	-1.1823
DUNGS_p_TCGA_b84_115_SNP_N_GenomeWideSNP_6_A03_771604	4	109404097	111042340	964	-0.0039
DUNGS_p_TCGA_b84_115_SNP_N_GenomeWideSNP_6_A03_771604	4	111043072	111043210	2	-1.1177
DUNGS_p_TCGA_b84_115_SNP_N_GenomeWideSNP_6_A03_771604	4	111044245	115173700	2634	-0.0258
DUNGS_p_TCGA_b84_115_SNP_N_GenomeWideSNP_6_A03_771604	4	115175323	115185823	31	0.6301
DUNGS_p_TCGA_b84_115_SNP_N_GenomeWideSNP_6_A03_771604	4	115186565	116165720	601	-0.0304
DUNGS_p_TCGA_b84_115_SNP_N_GenomeWideSNP_6_A03_771604	4	116165793	116173269	14	0.4618
DUNGS_p_TCGA_b84_115_SNP_N_GenomeWideSNP_6_A03_771604	4	116175254	125310929	5397	-0.0188
DUNGS_p_TCGA_b84_115_SNP_N_GenomeWideSNP_6_A03_771604	4	125317272	125318289	2	-1.6907
DUNGS_p_TCGA_b84_115_SNP_N_GenomeWideSNP_6_A03_771604	4	125318298	132742045	4317	-0.0228
DUNGS_p_TCGA_b84_115_SNP_N_GenomeWideSNP_6_A03_771604	4	132750805	152791637	11840	-0.4133
DUNGS_p_TCGA_b84_115_SNP_N_GenomeWideSNP_6_A03_771604	4	152791654	152792567	10	-1.4265
DUNGS_p_TCGA_b84_115_SNP_N_GenomeWideSNP_6_A03_771604	4	152792891	158561140	3811	-0.4192
DUNGS_p_TCGA_b84_115_SNP_N_GenomeWideSNP_6_A03_771604	4	158561347	158561859	5	-1.2406
DUNGS_p_TCGA_b84_115_SNP_N_GenomeWideSNP_6_A03_771604	4	158570479	161871782	2054	-0.4187
DUNGS_p_TCGA_b84_115_SNP_N_GenomeWideSNP_6_A03_771604	4	161871852	161904679	58	-0.1175
DUNGS_p_TCGA_b84_115_SNP_N_GenomeWideSNP_6_A03_771604	4	161911608	172369346	6659	-0.4254
DUNGS_p_TCGA_b84_115_SNP_N_GenomeWideSNP_6_A03_771604	4	172374884	172381465	16	0.1587
DUNGS_p_TCGA_b84_115_SNP_N_GenomeWideSNP_6_A03_771604	4	172381510	172989148	394	-0.4532
DUNGS_p_TCGA_b84_115_SNP_N_GenomeWideSNP_6_A03_771604	4	172989166	172989431	6	0.2855
DUNGS_p_TCGA_b84_115_SNP_N_GenomeWideSNP_6_A03_771604	4	172989465	173413897	230	-0.4369
DUNGS_p_TCGA_b84_115_SNP_N_GenomeWideSNP_6_A03_771604	4	173422272	173428643	14	0.0839
DUNGS_p_TCGA_b84_115_SNP_N_GenomeWideSNP_6_A03_771604	4	173441132	178574508	3087	-0.4407
DUNGS_p_TCGA_b84_115_SNP_N_GenomeWideSNP_6_A03_771604	4	178582579	178598828	32	-0.0994
DUNGS_p_TCGA_b84_115_SNP_N_GenomeWideSNP_6_A03_771604	4	178601654	179768008	814	-0.4117
DUNGS_p_TCGA_b84_115_SNP_N_GenomeWideSNP_6_A03_771604	4	179769067	179775385	9	-1.0819
DUNGS_p_TCGA_b84_115_SNP_N_GenomeWideSNP_6_A03_771604	4	179786141	190189043	7568	-0.4158
DUNGS_p_TCGA_b84_115_SNP_N_GenomeWideSNP_6_A03_771604	4	190195118	190199264	4	-3.3129
DUNGS_p_TCGA_b84_115_SNP_N_GenomeWideSNP_6_A03_771604	4	190199771	190451589	162	-0.3789
DUNGS_p_TCGA_b84_115_SNP_N_GenomeWideSNP_6_A03_771604	4	190458775	190676093	84	-0.0803
DUNGS_p_TCGA_b84_115_SNP_N_GenomeWideSNP_6_A03_771604	4	190678255	190808706	86	-0.3226
DUNGS_p_TCGA_b84_115_SNP_N_GenomeWideSNP_6_A03_771604	4	190815263	191027923	54	-0.0374
DUNGS_p_TCGA_b84_115_SNP_N_GenomeWideSNP_6_A03_771604	5	15532	7169476	5752	0.9279
DUNGS_p_TCGA_b84_115_SNP_N_GenomeWideSNP_6_A03_771604	5	7177338	7179161	9	-0.933
DUNGS_p_TCGA_b84_115_SNP_N_GenomeWideSNP_6_A03_771604	5	7179196	7189925	17	-0.5969
DUNGS_p_TCGA_b84_115_SNP_N_GenomeWideSNP_6_A03_771604	5	7202635	15331119	6215	0.949
DUNGS_p_TCGA_b84_115_SNP_N_GenomeWideSNP_6_A03_771604	5	15331131	15332706	10	0.2644
DUNGS_p_TCGA_b84_115_SNP_N_GenomeWideSNP_6_A03_771604	5	15333012	20399201	3159	0.9589
DUNGS_p_TCGA_b84_115_SNP_N_GenomeWideSNP_6_A03_771604	5	20401286	20458362	61	1.2331
DUNGS_p_TCGA_b84_115_SNP_N_GenomeWideSNP_6_A03_771604	5	20458518	20458653	3	0.1384
DUNGS_p_TCGA_b84_115_SNP_N_GenomeWideSNP_6_A03_771604	5	20458798	21323109	500	1.0703
DUNGS_p_TCGA_b84_115_SNP_N_GenomeWideSNP_6_A03_771604	5	21323160	21376844	19	0.5774
DUNGS_p_TCGA_b84_115_SNP_N_GenomeWideSNP_6_A03_771604	5	21377839	21377853	2	-1.4041
DUNGS_p_TCGA_b84_115_SNP_N_GenomeWideSNP_6_A03_771604	5	21386066	21449276	45	1.1428
DUNGS_p_TCGA_b84_115_SNP_N_GenomeWideSNP_6_A03_771604	5	21451200	21452438	5	-0.3189
DUNGS_p_TCGA_b84_115_SNP_N_GenomeWideSNP_6_A03_771604	5	21452496	27524452	3558	1.0731
DUNGS_p_TCGA_b84_115_SNP_N_GenomeWideSNP_6_A03_771604	5	27525390	27526020	10	-2.4726
DUNGS_p_TCGA_b84_115_SNP_N_GenomeWideSNP_6_A03_771604	5	27527479	43751732	10453	1.103
DUNGS_p_TCGA_b84_115_SNP_N_GenomeWideSNP_6_A03_771604	5	43754149	43910504	78	1.3993
DUNGS_p_TCGA_b84_115_SNP_N_GenomeWideSNP_6_A03_771604	5	43910748	44730463	395	1.1043
DUNGS_p_TCGA_b84_115_SNP_N_GenomeWideSNP_6_A03_771604	5	44734548	44985451	106	1.3627
DUNGS_p_TCGA_b84_115_SNP_N_GenomeWideSNP_6_A03_771604	5	45005047	45009406	2	-0.3384
DUNGS_p_TCGA_b84_115_SNP_N_GenomeWideSNP_6_A03_771604	5	45017857	46061985	393	1.4281
DUNGS_p_TCGA_b84_115_SNP_N_GenomeWideSNP_6_A03_771604	5	46062129	46271108	45	1.1608
DUNGS_p_TCGA_b84_115_SNP_N_GenomeWideSNP_6_A03_771604	5	46271930	46273502	6	2.1846
DUNGS_p_TCGA_b84_115_SNP_N_GenomeWideSNP_6_A03_771604	5	46278212	46328445	9	1.461
DUNGS_p_TCGA_b84_115_SNP_N_GenomeWideSNP_6_A03_771604	5	46334337	49556138	30	1.1449
DUNGS_p_TCGA_b84_115_SNP_N_GenomeWideSNP_6_A03_771604	5	49560293	50642619	559	0.553
DUNGS_p_TCGA_b84_115_SNP_N_GenomeWideSNP_6_A03_771604	5	50642964	50788606	73	0.2072
DUNGS_p_TCGA_b84_115_SNP_N_GenomeWideSNP_6_A03_771604	5	50788898	69233427	11759	-0.4257
DUNGS_p_TCGA_b84_115_SNP_N_GenomeWideSNP_6_A03_771604	5	69233444	70254896	6	0.4786
DUNGS_p_TCGA_b84_115_SNP_N_GenomeWideSNP_6_A03_771604	5	70254898	70689439	31	-0.2921
DUNGS_p_TCGA_b84_115_SNP_N_GenomeWideSNP_6_A03_771604	5	70689912	70690421	2	0.9447
DUNGS_p_TCGA_b84_115_SNP_N_GenomeWideSNP_6_A03_771604	5	70690902	81418763	6878	-0.4287
DUNGS_p_TCGA_b84_115_SNP_N_GenomeWideSNP_6_A03_771604	5	81419278	81427482	3	-1.9059
DUNGS_p_TCGA_b84_115_SNP_N_GenomeWideSNP_6_A03_771604	5	81428038	98821072	9737	-0.4325
DUNGS_p_TCGA_b84_115_SNP_N_GenomeWideSNP_6_A03_771604	5	98833992	98864211	13	0.1508
DUNGS_p_TCGA_b84_115_SNP_N_GenomeWideSNP_6_A03_771604	5	98874443	103851221	2909	-0.4213
DUNGS_p_TCGA_b84_115_SNP_N_GenomeWideSNP_6_A03_771604	5	103860373	103860604	4	-1.2524
DUNGS_p_TCGA_b84_115_SNP_N_GenomeWideSNP_6_A03_771604	5	103861049	107181184	2181	-0.4416
DUNGS_p_TCGA_b84_115_SNP_N_GenomeWideSNP_6_A03_771604	5	107181865	107185954	2	-1.6478
DUNGS_p_TCGA_b84_115_SNP_N_GenomeWideSNP_6_A03_771604	5	107186734	109390066	1366	-0.4381
DUNGS_p_TCGA_b84_115_SNP_N_GenomeWideSNP_6_A03_771604	5	109390140	109390241	6	0.3344
DUNGS_p_TCGA_b84_115_SNP_N_GenomeWideSNP_6_A03_771604	5	109390256	136348177	17767	-0.4348
DUNGS_p_TCGA_b84_115_SNP_N_GenomeWideSNP_6_A03_771604	5	136350718	136351184	2	-1.9874
DUNGS_p_TCGA_b84_115_SNP_N_GenomeWideSNP_6_A03_771604	5	136351820	137810473	882	-0.4503
DUNGS_p_TCGA_b84_115_SNP_N_GenomeWideSNP_6_A03_771604	5	137810516	137816794	15	-0.0105
DUNGS_p_TCGA_b84_115_SNP_N_GenomeWideSNP_6_A03_771604	5	137816957	140218722	1049	-0.4004
DUNGS_p_TCGA_b84_115_SNP_N_GenomeWideSNP_6_A03_771604	5	140223836	140231724	7	0.2883
DUNGS_p_TCGA_b84_115_SNP_N_GenomeWideSNP_6_A03_771604	5	140231739	144362739	2661	-0.4302
DUNGS_p_TCGA_b84_115_SNP_N_GenomeWideSNP_6_A03_771604	5	144368721	144373342	3	-1.5577
DUNGS_p_TCGA_b84_115_SNP_N_GenomeWideSNP_6_A03_771604	5	144373858	155472055	7566	-0.4397
DUNGS_p_TCGA_b84_115_SNP_N_GenomeWideSNP_6_A03_771604	5	155472133	155495257	22	0.0707
DUNGS_p_TCGA_b84_115_SNP_N_GenomeWideSNP_6_A03_771604	5	155495259	158890106	2346	-0.447
DUNGS_p_TCGA_b84_115_SNP_N_GenomeWideSNP_6_A03_771604	5	158896779	158897025	2	-1.8473
DUNGS_p_TCGA_b84_115_SNP_N_GenomeWideSNP_6_A03_771604	5	158899210	177198449	12491	-0.4438
DUNGS_p_TCGA_b84_115_SNP_N_GenomeWideSNP_6_A03_771604	5	177227551	177232605	3	2.1922
DUNGS_p_TCGA_b84_115_SNP_N_GenomeWideSNP_6_A03_771604	5	177254965	180486022	1875	-0.3906
DUNGS_p_TCGA_b84_115_SNP_N_GenomeWideSNP_6_A03_771604	5	180488260	180488943	2	-1.9786
DUNGS_p_TCGA_b84_115_SNP_N_GenomeWideSNP_6_A03_771604	5	180489103	180790320	127	-0.3744
DUNGS_p_TCGA_b84_115_SNP_N_GenomeWideSNP_6_A03_771604	6	149661	303017	126	0.4918
DUNGS_p_TCGA_b84_115_SNP_N_GenomeWideSNP_6_A03_771604	6	303121	379015	74	0.1664
DUNGS_p_TCGA_b84_115_SNP_N_GenomeWideSNP_6_A03_771604	6	380821	16445721	12669	0.4642
DUNGS_p_TCGA_b84_115_SNP_N_GenomeWideSNP_6_A03_771604	6	16446643	16455365	7	-0.1877
DUNGS_p_TCGA_b84_115_SNP_N_GenomeWideSNP_6_A03_771604	6	16459641	16833946	352	-1.3437
DUNGS_p_TCGA_b84_115_SNP_N_GenomeWideSNP_6_A03_771604	6	16837545	26849331	7128	-0.1106
DUNGS_p_TCGA_b84_115_SNP_N_GenomeWideSNP_6_A03_771604	6	26851798	26904759	5	0.7079
DUNGS_p_TCGA_b84_115_SNP_N_GenomeWideSNP_6_A03_771604	6	26904828	29836239	1399	-0.1086
DUNGS_p_TCGA_b84_115_SNP_N_GenomeWideSNP_6_A03_771604	6	29836475	29836703	4	-1.6574
DUNGS_p_TCGA_b84_115_SNP_N_GenomeWideSNP_6_A03_771604	6	29836741	29850380	22	0.3806
DUNGS_p_TCGA_b84_115_SNP_N_GenomeWideSNP_6_A03_771604	6	29871636	29881026	6	-1.4069
DUNGS_p_TCGA_b84_115_SNP_N_GenomeWideSNP_6_A03_771604	6	29881258	29898897	6	-6.5788
DUNGS_p_TCGA_b84_115_SNP_N_GenomeWideSNP_6_A03_771604	6	29899677	29916486	12	-0.668
DUNGS_p_TCGA_b84_115_SNP_N_GenomeWideSNP_6_A03_771604	6	29916505	31280823	646	-0.0959
DUNGS_p_TCGA_b84_115_SNP_N_GenomeWideSNP_6_A03_771604	6	31286276	31295406	7	-1.859
DUNGS_p_TCGA_b84_115_SNP_N_GenomeWideSNP_6_A03_771604	6	31295953	31336604	25	-0.1029
DUNGS_p_TCGA_b84_115_SNP_N_GenomeWideSNP_6_A03_771604	6	31336870	31338385	5	-0.7553
DUNGS_p_TCGA_b84_115_SNP_N_GenomeWideSNP_6_A03_771604	6	31339996	50914326	12107	-0.1076
DUNGS_p_TCGA_b84_115_SNP_N_GenomeWideSNP_6_A03_771604	6	50914796	50914812	3	-1.8936
DUNGS_p_TCGA_b84_115_SNP_N_GenomeWideSNP_6_A03_771604	6	50916275	52612904	1196	-0.136
DUNGS_p_TCGA_b84_115_SNP_N_GenomeWideSNP_6_A03_771604	6	52613816	52623520	9	0.2321
DUNGS_p_TCGA_b84_115_SNP_N_GenomeWideSNP_6_A03_771604	6	52624027	52636608	23	-0.0274
DUNGS_p_TCGA_b84_115_SNP_N_GenomeWideSNP_6_A03_771604	6	52636609	52636864	3	0.6201
DUNGS_p_TCGA_b84_115_SNP_N_GenomeWideSNP_6_A03_771604	6	52646969	53438899	553	-0.1042
DUNGS_p_TCGA_b84_115_SNP_N_GenomeWideSNP_6_A03_771604	6	53440185	53440956	2	-1.4765
DUNGS_p_TCGA_b84_115_SNP_N_GenomeWideSNP_6_A03_771604	6	53444786	53501758	49	-0.1239
DUNGS_p_TCGA_b84_115_SNP_N_GenomeWideSNP_6_A03_771604	6	53502638	53503459	3	-1.4282
DUNGS_p_TCGA_b84_115_SNP_N_GenomeWideSNP_6_A03_771604	6	53503693	56295657	1895	-0.1228
DUNGS_p_TCGA_b84_115_SNP_N_GenomeWideSNP_6_A03_771604	6	56298479	56298924	2	-2.2162
DUNGS_p_TCGA_b84_115_SNP_N_GenomeWideSNP_6_A03_771604	6	56299317	57617103	602	-0.1
DUNGS_p_TCGA_b84_115_SNP_N_GenomeWideSNP_6_A03_771604	6	57617220	57631408	13	0.4668
DUNGS_p_TCGA_b84_115_SNP_N_GenomeWideSNP_6_A03_771604	6	57632711	65336942	2213	-0.1076
DUNGS_p_TCGA_b84_115_SNP_N_GenomeWideSNP_6_A03_771604	6	65347544	65348992	2	1.4402
DUNGS_p_TCGA_b84_115_SNP_N_GenomeWideSNP_6_A03_771604	6	65350776	77436532	7950	-0.0515
DUNGS_p_TCGA_b84_115_SNP_N_GenomeWideSNP_6_A03_771604	6	77439868	77452270	14	-0.7541
DUNGS_p_TCGA_b84_115_SNP_N_GenomeWideSNP_6_A03_771604	6	77452382	77482314	40	-0.0197
DUNGS_p_TCGA_b84_115_SNP_N_GenomeWideSNP_6_A03_771604	6	77482762	77489791	5	0.4601
DUNGS_p_TCGA_b84_115_SNP_N_GenomeWideSNP_6_A03_771604	6	77490961	78773960	807	0.1923
DUNGS_p_TCGA_b84_115_SNP_N_GenomeWideSNP_6_A03_771604	6	78776199	78962889	135	-0.4086
DUNGS_p_TCGA_b84_115_SNP_N_GenomeWideSNP_6_A03_771604	6	78969065	79041719	116	0.0683
DUNGS_p_TCGA_b84_115_SNP_N_GenomeWideSNP_6_A03_771604	6	79041773	81277987	1430	-0.3668
DUNGS_p_TCGA_b84_115_SNP_N_GenomeWideSNP_6_A03_771604	6	81284189	81299053	42	-0.1106
DUNGS_p_TCGA_b84_115_SNP_N_GenomeWideSNP_6_A03_771604	6	81299254	85570641	2680	-0.3673
DUNGS_p_TCGA_b84_115_SNP_N_GenomeWideSNP_6_A03_771604	6	85571636	85571747	2	-1.8156
DUNGS_p_TCGA_b84_115_SNP_N_GenomeWideSNP_6_A03_771604	6	85572946	103734829	11347	-0.3854
DUNGS_p_TCGA_b84_115_SNP_N_GenomeWideSNP_6_A03_771604	6	103737976	103765470	47	0.4473
DUNGS_p_TCGA_b84_115_SNP_N_GenomeWideSNP_6_A03_771604	6	103765670	119407368	9646	-0.3802
DUNGS_p_TCGA_b84_115_SNP_N_GenomeWideSNP_6_A03_771604	6	119411223	119453338	23	-0.8885
DUNGS_p_TCGA_b84_115_SNP_N_GenomeWideSNP_6_A03_771604	6	119455554	124431774	3047	-0.377
DUNGS_p_TCGA_b84_115_SNP_N_GenomeWideSNP_6_A03_771604	6	124435941	124470365	20	0.4865
DUNGS_p_TCGA_b84_115_SNP_N_GenomeWideSNP_6_A03_771604	6	124470761	124691424	138	-0.3919
DUNGS_p_TCGA_b84_115_SNP_N_GenomeWideSNP_6_A03_771604	6	124691506	124698568	3	-1.8078
DUNGS_p_TCGA_b84_115_SNP_N_GenomeWideSNP_6_A03_771604	6	124698859	143539833	12126	-0.3632
DUNGS_p_TCGA_b84_115_SNP_N_GenomeWideSNP_6_A03_771604	6	143548281	143548577	3	0.8898
DUNGS_p_TCGA_b84_115_SNP_N_GenomeWideSNP_6_A03_771604	6	143549921	153835125	7218	-0.3733
DUNGS_p_TCGA_b84_115_SNP_N_GenomeWideSNP_6_A03_771604	6	153836054	153840970	4	0.5208
DUNGS_p_TCGA_b84_115_SNP_N_GenomeWideSNP_6_A03_771604	6	153845322	153957370	88	-0.4016
DUNGS_p_TCGA_b84_115_SNP_N_GenomeWideSNP_6_A03_771604	6	153960786	153961419	2	-2.4253
DUNGS_p_TCGA_b84_115_SNP_N_GenomeWideSNP_6_A03_771604	6	153961899	159756154	3760	-0.3837
DUNGS_p_TCGA_b84_115_SNP_N_GenomeWideSNP_6_A03_771604	6	159756675	159756737	2	0.9836
DUNGS_p_TCGA_b84_115_SNP_N_GenomeWideSNP_6_A03_771604	6	159762119	171051005	8210	-0.3903
DUNGS_p_TCGA_b84_115_SNP_N_GenomeWideSNP_6_A03_771604	7	43355	9241779	5497	0.3476
DUNGS_p_TCGA_b84_115_SNP_N_GenomeWideSNP_6_A03_771604	7	9241841	9241856	3	-1.6046
DUNGS_p_TCGA_b84_115_SNP_N_GenomeWideSNP_6_A03_771604	7	9243888	13583266	3389	0.3151
DUNGS_p_TCGA_b84_115_SNP_N_GenomeWideSNP_6_A03_771604	7	13587412	13591674	10	-0.4228
DUNGS_p_TCGA_b84_115_SNP_N_GenomeWideSNP_6_A03_771604	7	13597941	15431632	1530	0.3048
DUNGS_p_TCGA_b84_115_SNP_N_GenomeWideSNP_6_A03_771604	7	15431670	15433289	2	-1.7544
DUNGS_p_TCGA_b84_115_SNP_N_GenomeWideSNP_6_A03_771604	7	15434065	54386505	28182	0.2999
DUNGS_p_TCGA_b84_115_SNP_N_GenomeWideSNP_6_A03_771604	7	54386509	54386517	5	2.2818
DUNGS_p_TCGA_b84_115_SNP_N_GenomeWideSNP_6_A03_771604	7	54393488	64568852	3140	0.3177
DUNGS_p_TCGA_b84_115_SNP_N_GenomeWideSNP_6_A03_771604	7	64594065	64595698	6	1.3077
DUNGS_p_TCGA_b84_115_SNP_N_GenomeWideSNP_6_A03_771604	7	64637128	66641374	750	0.3622
DUNGS_p_TCGA_b84_115_SNP_N_GenomeWideSNP_6_A03_771604	7	66642611	66644504	3	-2.6291
DUNGS_p_TCGA_b84_115_SNP_N_GenomeWideSNP_6_A03_771604	7	66645232	66690571	15	0.1624
DUNGS_p_TCGA_b84_115_SNP_N_GenomeWideSNP_6_A03_771604	7	66695108	66698934	2	-2.2106
DUNGS_p_TCGA_b84_115_SNP_N_GenomeWideSNP_6_A03_771604	7	66699784	97395460	18262	0.2964
DUNGS_p_TCGA_b84_115_SNP_N_GenomeWideSNP_6_A03_771604	7	97395462	97402475	15	-0.5662
DUNGS_p_TCGA_b84_115_SNP_N_GenomeWideSNP_6_A03_771604	7	97404240	97697912	156	0.3292
DUNGS_p_TCGA_b84_115_SNP_N_GenomeWideSNP_6_A03_771604	7	97707731	97715088	5	-0.7581
DUNGS_p_TCGA_b84_115_SNP_N_GenomeWideSNP_6_A03_771604	7	97719212	106720932	4762	0.3148
DUNGS_p_TCGA_b84_115_SNP_N_GenomeWideSNP_6_A03_771604	7	106726431	106727857	2	-1.1702
DUNGS_p_TCGA_b84_115_SNP_N_GenomeWideSNP_6_A03_771604	7	106729975	115934700	5653	0.2886
DUNGS_p_TCGA_b84_115_SNP_N_GenomeWideSNP_6_A03_771604	7	115935011	115935065	2	-1.0061
DUNGS_p_TCGA_b84_115_SNP_N_GenomeWideSNP_6_A03_771604	7	115941057	119649910	2244	0.2715
DUNGS_p_TCGA_b84_115_SNP_N_GenomeWideSNP_6_A03_771604	7	119654399	119683103	14	-0.3714
DUNGS_p_TCGA_b84_115_SNP_N_GenomeWideSNP_6_A03_771604	7	119684409	126045651	3886	0.7855
DUNGS_p_TCGA_b84_115_SNP_N_GenomeWideSNP_6_A03_771604	7	126045686	126046877	11	1.8157
DUNGS_p_TCGA_b84_115_SNP_N_GenomeWideSNP_6_A03_771604	7	126046878	127928829	1279	0.7918
DUNGS_p_TCGA_b84_115_SNP_N_GenomeWideSNP_6_A03_771604	7	127928882	127929012	4	-0.0128
DUNGS_p_TCGA_b84_115_SNP_N_GenomeWideSNP_6_A03_771604	7	127929066	133785177	3425	0.8194
DUNGS_p_TCGA_b84_115_SNP_N_GenomeWideSNP_6_A03_771604	7	133785195	133798109	32	0.1001
DUNGS_p_TCGA_b84_115_SNP_N_GenomeWideSNP_6_A03_771604	7	133798543	136441737	1849	0.8021
DUNGS_p_TCGA_b84_115_SNP_N_GenomeWideSNP_6_A03_771604	7	136443900	136484814	19	0.2025
DUNGS_p_TCGA_b84_115_SNP_N_GenomeWideSNP_6_A03_771604	7	136485095	141763124	3340	0.8149
DUNGS_p_TCGA_b84_115_SNP_N_GenomeWideSNP_6_A03_771604	7	141769643	141792107	42	-0.2276
DUNGS_p_TCGA_b84_115_SNP_N_GenomeWideSNP_6_A03_771604	7	141795281	142474939	451	0.8659
DUNGS_p_TCGA_b84_115_SNP_N_GenomeWideSNP_6_A03_771604	7	142476719	142486115	28	0.1925
DUNGS_p_TCGA_b84_115_SNP_N_GenomeWideSNP_6_A03_771604	7	142486345	143223081	470	0.8039
DUNGS_p_TCGA_b84_115_SNP_N_GenomeWideSNP_6_A03_771604	7	143223768	143578187	105	1.1307
DUNGS_p_TCGA_b84_115_SNP_N_GenomeWideSNP_6_A03_771604	7	143584682	154389895	6760	0.8034
DUNGS_p_TCGA_b84_115_SNP_N_GenomeWideSNP_6_A03_771604	7	154393171	154399613	4	-2.3891
DUNGS_p_TCGA_b84_115_SNP_N_GenomeWideSNP_6_A03_771604	7	154400830	155206518	740	0.7645
DUNGS_p_TCGA_b84_115_SNP_N_GenomeWideSNP_6_A03_771604	7	155206748	155207267	3	-0.0695
DUNGS_p_TCGA_b84_115_SNP_N_GenomeWideSNP_6_A03_771604	7	155208576	155883679	482	0.7791
DUNGS_p_TCGA_b84_115_SNP_N_GenomeWideSNP_6_A03_771604	7	155885038	155886212	2	-0.6242
DUNGS_p_TCGA_b84_115_SNP_N_GenomeWideSNP_6_A03_771604	7	155887046	157091784	747	0.8162
DUNGS_p_TCGA_b84_115_SNP_N_GenomeWideSNP_6_A03_771604	7	157096727	157097135	3	-0.3101
DUNGS_p_TCGA_b84_115_SNP_N_GenomeWideSNP_6_A03_771604	7	157100225	159127004	1270	0.8225
DUNGS_p_TCGA_b84_115_SNP_N_GenomeWideSNP_6_A03_771604	8	31254	158062	5	0.1547
DUNGS_p_TCGA_b84_115_SNP_N_GenomeWideSNP_6_A03_771604	8	161222	2247827	1646	-0.6591
DUNGS_p_TCGA_b84_115_SNP_N_GenomeWideSNP_6_A03_771604	8	2254638	2256068	3	-3.967
DUNGS_p_TCGA_b84_115_SNP_N_GenomeWideSNP_6_A03_771604	8	2256144	2259358	9	-1.7358
DUNGS_p_TCGA_b84_115_SNP_N_GenomeWideSNP_6_A03_771604	8	2270328	3564181	1443	-0.7035
DUNGS_p_TCGA_b84_115_SNP_N_GenomeWideSNP_6_A03_771604	8	3564618	3565088	11	-0.2078
DUNGS_p_TCGA_b84_115_SNP_N_GenomeWideSNP_6_A03_771604	8	3565121	3787083	326	-0.7736
DUNGS_p_TCGA_b84_115_SNP_N_GenomeWideSNP_6_A03_771604	8	3787389	3791265	24	-0.3089
DUNGS_p_TCGA_b84_115_SNP_N_GenomeWideSNP_6_A03_771604	8	3791362	3996660	314	-0.7544
DUNGS_p_TCGA_b84_115_SNP_N_GenomeWideSNP_6_A03_771604	8	3996813	4004498	37	-1.0426
DUNGS_p_TCGA_b84_115_SNP_N_GenomeWideSNP_6_A03_771604	8	4004845	4443359	747	-0.6578
DUNGS_p_TCGA_b84_115_SNP_N_GenomeWideSNP_6_A03_771604	8	4443755	4444123	2	-2.1972
DUNGS_p_TCGA_b84_115_SNP_N_GenomeWideSNP_6_A03_771604	8	4444386	4634442	292	-0.7071
DUNGS_p_TCGA_b84_115_SNP_N_GenomeWideSNP_6_A03_771604	8	4634475	4638594	3	-1.5231
DUNGS_p_TCGA_b84_115_SNP_N_GenomeWideSNP_6_A03_771604	8	4638706	4660204	26	-0.5815
DUNGS_p_TCGA_b84_115_SNP_N_GenomeWideSNP_6_A03_771604	8	4660815	4671348	23	-1.1382
DUNGS_p_TCGA_b84_115_SNP_N_GenomeWideSNP_6_A03_771604	8	4671632	6978399	2903	-0.6798
DUNGS_p_TCGA_b84_115_SNP_N_GenomeWideSNP_6_A03_771604	8	6982270	7171097	23	-0.3281
DUNGS_p_TCGA_b84_115_SNP_N_GenomeWideSNP_6_A03_771604	8	7186632	7193821	3	0.7691
DUNGS_p_TCGA_b84_115_SNP_N_GenomeWideSNP_6_A03_771604	8	7214611	7744064	136	-0.31
DUNGS_p_TCGA_b84_115_SNP_N_GenomeWideSNP_6_A03_771604	8	7745979	7747699	4	-1.3799
DUNGS_p_TCGA_b84_115_SNP_N_GenomeWideSNP_6_A03_771604	8	7752048	7978187	80	-0.1799
DUNGS_p_TCGA_b84_115_SNP_N_GenomeWideSNP_6_A03_771604	8	7989963	7990294	3	-1.415
DUNGS_p_TCGA_b84_115_SNP_N_GenomeWideSNP_6_A03_771604	8	7997031	8092025	20	0.0209
DUNGS_p_TCGA_b84_115_SNP_N_GenomeWideSNP_6_A03_771604	8	8093182	8385336	283	-0.6331
DUNGS_p_TCGA_b84_115_SNP_N_GenomeWideSNP_6_A03_771604	8	8385643	8388307	8	0.0075
DUNGS_p_TCGA_b84_115_SNP_N_GenomeWideSNP_6_A03_771604	8	8388447	11882397	2930	-0.6587
DUNGS_p_TCGA_b84_115_SNP_N_GenomeWideSNP_6_A03_771604	8	11883257	12234251	28	-0.2039
DUNGS_p_TCGA_b84_115_SNP_N_GenomeWideSNP_6_A03_771604	8	12234298	12247486	32	0.1548
DUNGS_p_TCGA_b84_115_SNP_N_GenomeWideSNP_6_A03_771604	8	12260927	12554743	94	-0.1984
DUNGS_p_TCGA_b84_115_SNP_N_GenomeWideSNP_6_A03_771604	8	12556042	16259612	3504	-0.6563
DUNGS_p_TCGA_b84_115_SNP_N_GenomeWideSNP_6_A03_771604	8	16262235	16270236	19	-0.2252
DUNGS_p_TCGA_b84_115_SNP_N_GenomeWideSNP_6_A03_771604	8	16270467	16358260	67	-0.5925
DUNGS_p_TCGA_b84_115_SNP_N_GenomeWideSNP_6_A03_771604	8	16358868	16359017	3	-2.074
DUNGS_p_TCGA_b84_115_SNP_N_GenomeWideSNP_6_A03_771604	8	16360619	18120167	1590	-0.6473
DUNGS_p_TCGA_b84_115_SNP_N_GenomeWideSNP_6_A03_771604	8	18121307	18121430	3	-2.9708
DUNGS_p_TCGA_b84_115_SNP_N_GenomeWideSNP_6_A03_771604	8	18128742	20484763	2129	-0.645
DUNGS_p_TCGA_b84_115_SNP_N_GenomeWideSNP_6_A03_771604	8	20485628	20489840	2	-2.1055
DUNGS_p_TCGA_b84_115_SNP_N_GenomeWideSNP_6_A03_771604	8	20489871	23402308	1944	-0.7439
DUNGS_p_TCGA_b84_115_SNP_N_GenomeWideSNP_6_A03_771604	8	23407740	23407811	4	-2.4247
DUNGS_p_TCGA_b84_115_SNP_N_GenomeWideSNP_6_A03_771604	8	23407871	24974522	1145	-0.8548
DUNGS_p_TCGA_b84_115_SNP_N_GenomeWideSNP_6_A03_771604	8	24974577	24984333	24	-2.0691
DUNGS_p_TCGA_b84_115_SNP_N_GenomeWideSNP_6_A03_771604	8	24991104	28021515	2359	-0.8507
DUNGS_p_TCGA_b84_115_SNP_N_GenomeWideSNP_6_A03_771604	8	28021769	28027006	5	-1.94
DUNGS_p_TCGA_b84_115_SNP_N_GenomeWideSNP_6_A03_771604	8	28027884	32678866	3093	-0.8534
DUNGS_p_TCGA_b84_115_SNP_N_GenomeWideSNP_6_A03_771604	8	32683098	32692106	9	0.1144
DUNGS_p_TCGA_b84_115_SNP_N_GenomeWideSNP_6_A03_771604	8	32692121	35922813	1797	-0.886
DUNGS_p_TCGA_b84_115_SNP_N_GenomeWideSNP_6_A03_771604	8	35926695	40771996	2920	0.817
DUNGS_p_TCGA_b84_115_SNP_N_GenomeWideSNP_6_A03_771604	8	40777852	40778471	2	-2.0673
DUNGS_p_TCGA_b84_115_SNP_N_GenomeWideSNP_6_A03_771604	8	40783680	42150405	844	0.9044
DUNGS_p_TCGA_b84_115_SNP_N_GenomeWideSNP_6_A03_771604	8	42150478	42155830	12	0.4662
DUNGS_p_TCGA_b84_115_SNP_N_GenomeWideSNP_6_A03_771604	8	42155987	43786802	658	0.95
DUNGS_p_TCGA_b84_115_SNP_N_GenomeWideSNP_6_A03_771604	8	43824048	50408207	1622	0.541
DUNGS_p_TCGA_b84_115_SNP_N_GenomeWideSNP_6_A03_771604	8	50408435	50408880	4	-0.5189
DUNGS_p_TCGA_b84_115_SNP_N_GenomeWideSNP_6_A03_771604	8	50409398	51032011	381	0.4869
DUNGS_p_TCGA_b84_115_SNP_N_GenomeWideSNP_6_A03_771604	8	51032024	51033423	8	-2.3237
DUNGS_p_TCGA_b84_115_SNP_N_GenomeWideSNP_6_A03_771604	8	51038578	58762889	5081	0.5039
DUNGS_p_TCGA_b84_115_SNP_N_GenomeWideSNP_6_A03_771604	8	58762993	58763054	3	-1.0848
DUNGS_p_TCGA_b84_115_SNP_N_GenomeWideSNP_6_A03_771604	8	58771278	68547617	5871	0.5407
DUNGS_p_TCGA_b84_115_SNP_N_GenomeWideSNP_6_A03_771604	8	68547635	68549421	21	0.9121
DUNGS_p_TCGA_b84_115_SNP_N_GenomeWideSNP_6_A03_771604	8	68549777	72212365	2347	0.5274
DUNGS_p_TCGA_b84_115_SNP_N_GenomeWideSNP_6_A03_771604	8	72215311	72216599	9	-0.9694
DUNGS_p_TCGA_b84_115_SNP_N_GenomeWideSNP_6_A03_771604	8	72219863	102888734	18498	0.3416
DUNGS_p_TCGA_b84_115_SNP_N_GenomeWideSNP_6_A03_771604	8	102889127	102889145	2	-1.0045
DUNGS_p_TCGA_b84_115_SNP_N_GenomeWideSNP_6_A03_771604	8	102890716	106527613	2164	0.3902
DUNGS_p_TCGA_b84_115_SNP_N_GenomeWideSNP_6_A03_771604	8	106527975	106527988	2	-0.6369
DUNGS_p_TCGA_b84_115_SNP_N_GenomeWideSNP_6_A03_771604	8	106528030	106541376	13	0.2122
DUNGS_p_TCGA_b84_115_SNP_N_GenomeWideSNP_6_A03_771604	8	106542632	106556110	12	0.6258
DUNGS_p_TCGA_b84_115_SNP_N_GenomeWideSNP_6_A03_771604	8	106556493	112291494	3459	0.4052
DUNGS_p_TCGA_b84_115_SNP_N_GenomeWideSNP_6_A03_771604	8	112294279	112295260	10	-1.2783
DUNGS_p_TCGA_b84_115_SNP_N_GenomeWideSNP_6_A03_771604	8	112300281	115632043	1830	0.3678
DUNGS_p_TCGA_b84_115_SNP_N_GenomeWideSNP_6_A03_771604	8	115634487	115634907	6	-0.4799
DUNGS_p_TCGA_b84_115_SNP_N_GenomeWideSNP_6_A03_771604	8	115635080	115638395	9	-1.0421
DUNGS_p_TCGA_b84_115_SNP_N_GenomeWideSNP_6_A03_771604	8	115638467	115640988	9	0.1354
DUNGS_p_TCGA_b84_115_SNP_N_GenomeWideSNP_6_A03_771604	8	115641002	115641731	11	-0.7911
DUNGS_p_TCGA_b84_115_SNP_N_GenomeWideSNP_6_A03_771604	8	115650697	116989108	837	0.3922
DUNGS_p_TCGA_b84_115_SNP_N_GenomeWideSNP_6_A03_771604	8	116993665	116994337	2	-0.8205
DUNGS_p_TCGA_b84_115_SNP_N_GenomeWideSNP_6_A03_771604	8	116996198	128814765	8250	0.477
DUNGS_p_TCGA_b84_115_SNP_N_GenomeWideSNP_6_A03_771604	8	128818401	128819009	2	-1.1617
DUNGS_p_TCGA_b84_115_SNP_N_GenomeWideSNP_6_A03_771604	8	128822709	129756266	730	0.5284
DUNGS_p_TCGA_b84_115_SNP_N_GenomeWideSNP_6_A03_771604	8	129763135	129764085	2	-0.7969
DUNGS_p_TCGA_b84_115_SNP_N_GenomeWideSNP_6_A03_771604	8	129777454	137837766	6219	0.5526
DUNGS_p_TCGA_b84_115_SNP_N_GenomeWideSNP_6_A03_771604	8	137837940	137838020	2	-0.9833
DUNGS_p_TCGA_b84_115_SNP_N_GenomeWideSNP_6_A03_771604	8	137838139	137893470	63	0.725
DUNGS_p_TCGA_b84_115_SNP_N_GenomeWideSNP_6_A03_771604	8	137894500	137894514	2	-0.2727
DUNGS_p_TCGA_b84_115_SNP_N_GenomeWideSNP_6_A03_771604	8	137900733	140977039	2609	0.5132
DUNGS_p_TCGA_b84_115_SNP_N_GenomeWideSNP_6_A03_771604	8	140977054	140977064	2	-0.741
DUNGS_p_TCGA_b84_115_SNP_N_GenomeWideSNP_6_A03_771604	8	140977205	144304632	1730	0.448
DUNGS_p_TCGA_b84_115_SNP_N_GenomeWideSNP_6_A03_771604	8	144309755	144309825	3	-0.8823
DUNGS_p_TCGA_b84_115_SNP_N_GenomeWideSNP_6_A03_771604	8	144309939	146298155	641	0.471
DUNGS_p_TCGA_b84_115_SNP_N_GenomeWideSNP_6_A03_771604	9	46587	2147099	2325	-0.0046
DUNGS_p_TCGA_b84_115_SNP_N_GenomeWideSNP_6_A03_771604	9	2148837	2150662	6	-1.8453
DUNGS_p_TCGA_b84_115_SNP_N_GenomeWideSNP_6_A03_771604	9	2152115	15742241	11946	-0.0189
DUNGS_p_TCGA_b84_115_SNP_N_GenomeWideSNP_6_A03_771604	9	15742544	15748190	3	-1.1893
DUNGS_p_TCGA_b84_115_SNP_N_GenomeWideSNP_6_A03_771604	9	15752499	23361805	6203	-0.0258
DUNGS_p_TCGA_b84_115_SNP_N_GenomeWideSNP_6_A03_771604	9	23363115	23372399	7	0.7916
DUNGS_p_TCGA_b84_115_SNP_N_GenomeWideSNP_6_A03_771604	9	23373484	33800628	7667	-0.0325
DUNGS_p_TCGA_b84_115_SNP_N_GenomeWideSNP_6_A03_771604	9	33803005	33803889	2	1.1447
DUNGS_p_TCGA_b84_115_SNP_N_GenomeWideSNP_6_A03_771604	9	33803970	37033159	1857	0.0114
DUNGS_p_TCGA_b84_115_SNP_N_GenomeWideSNP_6_A03_771604	9	37033361	37034617	2	-1.3597
DUNGS_p_TCGA_b84_115_SNP_N_GenomeWideSNP_6_A03_771604	9	37034669	38440754	903	-0.0029
DUNGS_p_TCGA_b84_115_SNP_N_GenomeWideSNP_6_A03_771604	9	38440859	38440946	2	-1.8002
DUNGS_p_TCGA_b84_115_SNP_N_GenomeWideSNP_6_A03_771604	9	38441586	43612162	511	0.036
DUNGS_p_TCGA_b84_115_SNP_N_GenomeWideSNP_6_A03_771604	9	43635113	43740539	18	-0.5489
DUNGS_p_TCGA_b84_115_SNP_N_GenomeWideSNP_6_A03_771604	9	43747253	44629223	57	0.0849
DUNGS_p_TCGA_b84_115_SNP_N_GenomeWideSNP_6_A03_771604	9	44727859	44837527	34	0.5862
DUNGS_p_TCGA_b84_115_SNP_N_GenomeWideSNP_6_A03_771604	9	44840918	45391537	33	0.0345
DUNGS_p_TCGA_b84_115_SNP_N_GenomeWideSNP_6_A03_771604	9	45399264	67208788	95	0.456
DUNGS_p_TCGA_b84_115_SNP_N_GenomeWideSNP_6_A03_771604	9	67212866	71569832	752	4e-04
DUNGS_p_TCGA_b84_115_SNP_N_GenomeWideSNP_6_A03_771604	9	71578506	93565999	15748	-0.4099
DUNGS_p_TCGA_b84_115_SNP_N_GenomeWideSNP_6_A03_771604	9	93569646	93570167	3	-1.5464
DUNGS_p_TCGA_b84_115_SNP_N_GenomeWideSNP_6_A03_771604	9	93570463	103525518	6421	-0.3846
DUNGS_p_TCGA_b84_115_SNP_N_GenomeWideSNP_6_A03_771604	9	103530616	103577795	40	-0.0159
DUNGS_p_TCGA_b84_115_SNP_N_GenomeWideSNP_6_A03_771604	9	103578264	134256675	21713	-0.3838
DUNGS_p_TCGA_b84_115_SNP_N_GenomeWideSNP_6_A03_771604	9	134258779	134265704	6	-1.3669
DUNGS_p_TCGA_b84_115_SNP_N_GenomeWideSNP_6_A03_771604	9	134272015	136751078	1688	-0.3737
DUNGS_p_TCGA_b84_115_SNP_N_GenomeWideSNP_6_A03_771604	9	136753903	140252788	1545	-0.0232
DUNGS_p_TCGA_b84_115_SNP_N_GenomeWideSNP_6_A03_771604	9	140252947	140273035	6	0.8007
DUNGS_p_TCGA_b84_115_SNP_N_GenomeWideSNP_6_A03_771604	9	140273061	141091394	411	0.0097
DUNGS_p_TCGA_b84_115_SNP_N_GenomeWideSNP_6_A03_771604	10	72759	159076	37	0.0258
DUNGS_p_TCGA_b84_115_SNP_N_GenomeWideSNP_6_A03_771604	10	159216	164672	7	-0.6562
DUNGS_p_TCGA_b84_115_SNP_N_GenomeWideSNP_6_A03_771604	10	173357	173366	2	1.1644
DUNGS_p_TCGA_b84_115_SNP_N_GenomeWideSNP_6_A03_771604	10	176008	2979537	2335	-0.0325
DUNGS_p_TCGA_b84_115_SNP_N_GenomeWideSNP_6_A03_771604	10	2979577	2983743	5	0.6963
DUNGS_p_TCGA_b84_115_SNP_N_GenomeWideSNP_6_A03_771604	10	2984550	13049600	8562	-0.0266
DUNGS_p_TCGA_b84_115_SNP_N_GenomeWideSNP_6_A03_771604	10	13049656	13050428	8	-0.7106
DUNGS_p_TCGA_b84_115_SNP_N_GenomeWideSNP_6_A03_771604	10	13050610	17836592	3939	-0.0231
DUNGS_p_TCGA_b84_115_SNP_N_GenomeWideSNP_6_A03_771604	10	17859443	17971816	8	0.6663
DUNGS_p_TCGA_b84_115_SNP_N_GenomeWideSNP_6_A03_771604	10	18029825	19616591	1136	-0.033
DUNGS_p_TCGA_b84_115_SNP_N_GenomeWideSNP_6_A03_771604	10	19617761	19683943	54	0.3009
DUNGS_p_TCGA_b84_115_SNP_N_GenomeWideSNP_6_A03_771604	10	19685788	24377674	3171	-0.0361
DUNGS_p_TCGA_b84_115_SNP_N_GenomeWideSNP_6_A03_771604	10	24377675	24378054	10	-2.1932
DUNGS_p_TCGA_b84_115_SNP_N_GenomeWideSNP_6_A03_771604	10	24378908	31246510	5049	-0.0167
DUNGS_p_TCGA_b84_115_SNP_N_GenomeWideSNP_6_A03_771604	10	31251334	31251738	10	-1.0853
DUNGS_p_TCGA_b84_115_SNP_N_GenomeWideSNP_6_A03_771604	10	31251779	37454722	4117	-0.0301
DUNGS_p_TCGA_b84_115_SNP_N_GenomeWideSNP_6_A03_771604	10	37455145	37467614	3	1.38
DUNGS_p_TCGA_b84_115_SNP_N_GenomeWideSNP_6_A03_771604	10	37479414	42523441	775	-0.0214
DUNGS_p_TCGA_b84_115_SNP_N_GenomeWideSNP_6_A03_771604	10	42523461	42853702	50	0.3139
DUNGS_p_TCGA_b84_115_SNP_N_GenomeWideSNP_6_A03_771604	10	42864101	45274144	1773	-0.0442
DUNGS_p_TCGA_b84_115_SNP_N_GenomeWideSNP_6_A03_771604	10	45274382	45277927	3	-0.9486
DUNGS_p_TCGA_b84_115_SNP_N_GenomeWideSNP_6_A03_771604	10	45278592	47771030	927	-0.0265
DUNGS_p_TCGA_b84_115_SNP_N_GenomeWideSNP_6_A03_771604	10	47897394	47948060	4	-1.6883
DUNGS_p_TCGA_b84_115_SNP_N_GenomeWideSNP_6_A03_771604	10	47960476	48698626	286	-0.0722
DUNGS_p_TCGA_b84_115_SNP_N_GenomeWideSNP_6_A03_771604	10	48714583	49212771	21	0.4971
DUNGS_p_TCGA_b84_115_SNP_N_GenomeWideSNP_6_A03_771604	10	49212828	49287591	6	-0.5693
DUNGS_p_TCGA_b84_115_SNP_N_GenomeWideSNP_6_A03_771604	10	49287603	49381611	10	0.3684
DUNGS_p_TCGA_b84_115_SNP_N_GenomeWideSNP_6_A03_771604	10	49387614	49731201	254	-0.06
DUNGS_p_TCGA_b84_115_SNP_N_GenomeWideSNP_6_A03_771604	10	49732975	49732988	2	-1.9407
DUNGS_p_TCGA_b84_115_SNP_N_GenomeWideSNP_6_A03_771604	10	49733261	51822399	1188	-0.0616
DUNGS_p_TCGA_b84_115_SNP_N_GenomeWideSNP_6_A03_771604	10	51830360	51937979	8	0.7569
DUNGS_p_TCGA_b84_115_SNP_N_GenomeWideSNP_6_A03_771604	10	51970630	59203049	5459	-0.0573
DUNGS_p_TCGA_b84_115_SNP_N_GenomeWideSNP_6_A03_771604	10	59210505	59210535	3	0.9899
DUNGS_p_TCGA_b84_115_SNP_N_GenomeWideSNP_6_A03_771604	10	59210773	61364429	1533	-0.0593
DUNGS_p_TCGA_b84_115_SNP_N_GenomeWideSNP_6_A03_771604	10	61364890	61364911	2	-1.1753
DUNGS_p_TCGA_b84_115_SNP_N_GenomeWideSNP_6_A03_771604	10	61365074	67306276	4032	-0.0524
DUNGS_p_TCGA_b84_115_SNP_N_GenomeWideSNP_6_A03_771604	10	67307923	67314430	27	0.3957
DUNGS_p_TCGA_b84_115_SNP_N_GenomeWideSNP_6_A03_771604	10	67314446	80240206	8394	-0.0235
DUNGS_p_TCGA_b84_115_SNP_N_GenomeWideSNP_6_A03_771604	10	80240489	80244598	3	-1.3846
DUNGS_p_TCGA_b84_115_SNP_N_GenomeWideSNP_6_A03_771604	10	80244623	81248584	851	-0.0621
DUNGS_p_TCGA_b84_115_SNP_N_GenomeWideSNP_6_A03_771604	10	81251331	81672202	62	0.2123
DUNGS_p_TCGA_b84_115_SNP_N_GenomeWideSNP_6_A03_771604	10	81674879	89029243	5179	-0.0543
DUNGS_p_TCGA_b84_115_SNP_N_GenomeWideSNP_6_A03_771604	10	89038341	89131190	18	0.3717
DUNGS_p_TCGA_b84_115_SNP_N_GenomeWideSNP_6_A03_771604	10	89133936	111787511	14704	-0.0443
DUNGS_p_TCGA_b84_115_SNP_N_GenomeWideSNP_6_A03_771604	10	111790148	111790562	2	-1.2602
DUNGS_p_TCGA_b84_115_SNP_N_GenomeWideSNP_6_A03_771604	10	111791435	124577596	9383	-0.0604
DUNGS_p_TCGA_b84_115_SNP_N_GenomeWideSNP_6_A03_771604	10	124577757	124577881	2	-1.2243
DUNGS_p_TCGA_b84_115_SNP_N_GenomeWideSNP_6_A03_771604	10	124579335	135229141	7609	-0.0654
DUNGS_p_TCGA_b84_115_SNP_N_GenomeWideSNP_6_A03_771604	10	135229719	135229868	2	-3.1561
DUNGS_p_TCGA_b84_115_SNP_N_GenomeWideSNP_6_A03_771604	10	135232654	135506704	151	0.0141
DUNGS_p_TCGA_b84_115_SNP_N_GenomeWideSNP_6_A03_771604	11	198510	3418352	1330	-0.3724
DUNGS_p_TCGA_b84_115_SNP_N_GenomeWideSNP_6_A03_771604	11	3419502	3612741	53	-0.1054
DUNGS_p_TCGA_b84_115_SNP_N_GenomeWideSNP_6_A03_771604	11	3613131	4925933	1031	-0.3545
DUNGS_p_TCGA_b84_115_SNP_N_GenomeWideSNP_6_A03_771604	11	4926193	4928621	5	-1.0953
DUNGS_p_TCGA_b84_115_SNP_N_GenomeWideSNP_6_A03_771604	11	4931083	4970243	63	-0.3169
DUNGS_p_TCGA_b84_115_SNP_N_GenomeWideSNP_6_A03_771604	11	4970277	4976596	34	0.3358
DUNGS_p_TCGA_b84_115_SNP_N_GenomeWideSNP_6_A03_771604	11	4976614	5061541	82	-0.3997
DUNGS_p_TCGA_b84_115_SNP_N_GenomeWideSNP_6_A03_771604	11	5061906	5062836	2	-1.4423
DUNGS_p_TCGA_b84_115_SNP_N_GenomeWideSNP_6_A03_771604	11	5062942	5552167	511	-0.3818
DUNGS_p_TCGA_b84_115_SNP_N_GenomeWideSNP_6_A03_771604	11	5554588	5555503	2	-1.7713
DUNGS_p_TCGA_b84_115_SNP_N_GenomeWideSNP_6_A03_771604	11	5556387	5789601	198	-0.3602
DUNGS_p_TCGA_b84_115_SNP_N_GenomeWideSNP_6_A03_771604	11	5789725	5793583	7	0.3707
DUNGS_p_TCGA_b84_115_SNP_N_GenomeWideSNP_6_A03_771604	11	5794245	18961178	9495	-0.3978
DUNGS_p_TCGA_b84_115_SNP_N_GenomeWideSNP_6_A03_771604	11	18961281	18971694	27	-8e-04
DUNGS_p_TCGA_b84_115_SNP_N_GenomeWideSNP_6_A03_771604	11	18971710	61996322	25830	-0.396
DUNGS_p_TCGA_b84_115_SNP_N_GenomeWideSNP_6_A03_771604	11	61996642	62890494	472	-0.1404
DUNGS_p_TCGA_b84_115_SNP_N_GenomeWideSNP_6_A03_771604	11	62890788	65372518	1034	0.1062
DUNGS_p_TCGA_b84_115_SNP_N_GenomeWideSNP_6_A03_771604	11	65382564	67996441	1013	0.4214
DUNGS_p_TCGA_b84_115_SNP_N_GenomeWideSNP_6_A03_771604	11	67996806	97676302	19131	0.0205
DUNGS_p_TCGA_b84_115_SNP_N_GenomeWideSNP_6_A03_771604	11	97684602	97684792	2	-1.169
DUNGS_p_TCGA_b84_115_SNP_N_GenomeWideSNP_6_A03_771604	11	97688067	131426411	24153	0.0243
DUNGS_p_TCGA_b84_115_SNP_N_GenomeWideSNP_6_A03_771604	11	131426800	131426865	2	1.5057
DUNGS_p_TCGA_b84_115_SNP_N_GenomeWideSNP_6_A03_771604	11	131427037	134944770	2751	0.007
DUNGS_p_TCGA_b84_115_SNP_N_GenomeWideSNP_6_A03_771604	12	150442	7994787	5378	0.0986
DUNGS_p_TCGA_b84_115_SNP_N_GenomeWideSNP_6_A03_771604	12	8004425	8123900	60	0.6459
DUNGS_p_TCGA_b84_115_SNP_N_GenomeWideSNP_6_A03_771604	12	8130958	11504091	1985	0.1356
DUNGS_p_TCGA_b84_115_SNP_N_GenomeWideSNP_6_A03_771604	12	11511577	11543406	32	-1.8566
DUNGS_p_TCGA_b84_115_SNP_N_GenomeWideSNP_6_A03_771604	12	11552192	19466956	5422	0.1027
DUNGS_p_TCGA_b84_115_SNP_N_GenomeWideSNP_6_A03_771604	12	19467012	19580504	54	0.5765
DUNGS_p_TCGA_b84_115_SNP_N_GenomeWideSNP_6_A03_771604	12	19581304	25402045	4157	0.0985
DUNGS_p_TCGA_b84_115_SNP_N_GenomeWideSNP_6_A03_771604	12	25402061	25402069	2	-1.5051
DUNGS_p_TCGA_b84_115_SNP_N_GenomeWideSNP_6_A03_771604	12	25402208	33293907	5797	-0.0281
DUNGS_p_TCGA_b84_115_SNP_N_GenomeWideSNP_6_A03_771604	12	33294498	33294660	7	0.1942
DUNGS_p_TCGA_b84_115_SNP_N_GenomeWideSNP_6_A03_771604	12	33301406	33307078	26	-2.5491
DUNGS_p_TCGA_b84_115_SNP_N_GenomeWideSNP_6_A03_771604	12	33307374	33379966	45	0.0688
DUNGS_p_TCGA_b84_115_SNP_N_GenomeWideSNP_6_A03_771604	12	33385830	33395142	6	0.6455
DUNGS_p_TCGA_b84_115_SNP_N_GenomeWideSNP_6_A03_771604	12	33395418	34333811	591	-0.0441
DUNGS_p_TCGA_b84_115_SNP_N_GenomeWideSNP_6_A03_771604	12	34337598	34338026	3	1.0788
DUNGS_p_TCGA_b84_115_SNP_N_GenomeWideSNP_6_A03_771604	12	34341238	38186749	249	0.0453
DUNGS_p_TCGA_b84_115_SNP_N_GenomeWideSNP_6_A03_771604	12	38207042	40816512	1425	-0.2775
DUNGS_p_TCGA_b84_115_SNP_N_GenomeWideSNP_6_A03_771604	12	40816587	40817013	2	0.7991
DUNGS_p_TCGA_b84_115_SNP_N_GenomeWideSNP_6_A03_771604	12	40817157	43703298	2012	-0.3771
DUNGS_p_TCGA_b84_115_SNP_N_GenomeWideSNP_6_A03_771604	12	43703858	43704284	3	-1.9615
DUNGS_p_TCGA_b84_115_SNP_N_GenomeWideSNP_6_A03_771604	12	43708928	45904438	1297	-0.3817
DUNGS_p_TCGA_b84_115_SNP_N_GenomeWideSNP_6_A03_771604	12	45905840	45909537	3	0.8014
DUNGS_p_TCGA_b84_115_SNP_N_GenomeWideSNP_6_A03_771604	12	45913292	48725042	1720	-0.3556
DUNGS_p_TCGA_b84_115_SNP_N_GenomeWideSNP_6_A03_771604	12	48725239	48725415	3	-2.3327
DUNGS_p_TCGA_b84_115_SNP_N_GenomeWideSNP_6_A03_771604	12	48730036	58468331	5297	-0.3414
DUNGS_p_TCGA_b84_115_SNP_N_GenomeWideSNP_6_A03_771604	12	58468644	58469974	13	0.139
DUNGS_p_TCGA_b84_115_SNP_N_GenomeWideSNP_6_A03_771604	12	58470149	59222215	614	-0.373
DUNGS_p_TCGA_b84_115_SNP_N_GenomeWideSNP_6_A03_771604	12	59222217	59241014	40	-0.1129
DUNGS_p_TCGA_b84_115_SNP_N_GenomeWideSNP_6_A03_771604	12	59241403	63457180	2658	-0.399
DUNGS_p_TCGA_b84_115_SNP_N_GenomeWideSNP_6_A03_771604	12	63457414	63458908	3	-4.2179
DUNGS_p_TCGA_b84_115_SNP_N_GenomeWideSNP_6_A03_771604	12	63459059	82015766	12008	-0.4043
DUNGS_p_TCGA_b84_115_SNP_N_GenomeWideSNP_6_A03_771604	12	82016352	82016542	2	-1.7657
DUNGS_p_TCGA_b84_115_SNP_N_GenomeWideSNP_6_A03_771604	12	82026348	86351174	2624	-0.403
DUNGS_p_TCGA_b84_115_SNP_N_GenomeWideSNP_6_A03_771604	12	86352428	87735403	703	-1.5767
DUNGS_p_TCGA_b84_115_SNP_N_GenomeWideSNP_6_A03_771604	12	87738065	87738879	3	-4.8214
DUNGS_p_TCGA_b84_115_SNP_N_GenomeWideSNP_6_A03_771604	12	87739189	88171710	259	-1.475
DUNGS_p_TCGA_b84_115_SNP_N_GenomeWideSNP_6_A03_771604	12	88172246	88240545	47	-2.0004
DUNGS_p_TCGA_b84_115_SNP_N_GenomeWideSNP_6_A03_771604	12	88242479	88487610	149	-1.469
DUNGS_p_TCGA_b84_115_SNP_N_GenomeWideSNP_6_A03_771604	12	88492903	89743394	747	-0.4014
DUNGS_p_TCGA_b84_115_SNP_N_GenomeWideSNP_6_A03_771604	12	89747314	89749223	2	-1.5473
DUNGS_p_TCGA_b84_115_SNP_N_GenomeWideSNP_6_A03_771604	12	89749509	90483350	419	-0.3927
DUNGS_p_TCGA_b84_115_SNP_N_GenomeWideSNP_6_A03_771604	12	90491669	90493557	8	-1.2088
DUNGS_p_TCGA_b84_115_SNP_N_GenomeWideSNP_6_A03_771604	12	90493613	99795293	6460	-0.3945
DUNGS_p_TCGA_b84_115_SNP_N_GenomeWideSNP_6_A03_771604	12	99795468	99798734	30	0.065
DUNGS_p_TCGA_b84_115_SNP_N_GenomeWideSNP_6_A03_771604	12	99803093	107164668	4993	-0.3927
DUNGS_p_TCGA_b84_115_SNP_N_GenomeWideSNP_6_A03_771604	12	107165637	126126340	11904	-0.0104
DUNGS_p_TCGA_b84_115_SNP_N_GenomeWideSNP_6_A03_771604	12	126127409	126129192	4	-1.2285
DUNGS_p_TCGA_b84_115_SNP_N_GenomeWideSNP_6_A03_771604	12	126134159	133778189	5887	-0.0579
DUNGS_p_TCGA_b84_115_SNP_N_GenomeWideSNP_6_A03_771604	13	19026949	23629164	2897	0.1187
DUNGS_p_TCGA_b84_115_SNP_N_GenomeWideSNP_6_A03_771604	13	23629177	23638195	16	0.459
DUNGS_p_TCGA_b84_115_SNP_N_GenomeWideSNP_6_A03_771604	13	23638210	45922625	16154	0.081
DUNGS_p_TCGA_b84_115_SNP_N_GenomeWideSNP_6_A03_771604	13	45923974	45930904	6	-0.8628
DUNGS_p_TCGA_b84_115_SNP_N_GenomeWideSNP_6_A03_771604	13	45933243	52858792	4374	0.0903
DUNGS_p_TCGA_b84_115_SNP_N_GenomeWideSNP_6_A03_771604	13	52862507	52910689	10	0.8783
DUNGS_p_TCGA_b84_115_SNP_N_GenomeWideSNP_6_A03_771604	13	52912670	53059216	54	0.1461
DUNGS_p_TCGA_b84_115_SNP_N_GenomeWideSNP_6_A03_771604	13	53071152	53139144	13	-1.4648
DUNGS_p_TCGA_b84_115_SNP_N_GenomeWideSNP_6_A03_771604	13	53145658	56443910	1997	0.0528
DUNGS_p_TCGA_b84_115_SNP_N_GenomeWideSNP_6_A03_771604	13	56444324	56471149	17	-0.6049
DUNGS_p_TCGA_b84_115_SNP_N_GenomeWideSNP_6_A03_771604	13	56480184	64224205	4455	0.0566
DUNGS_p_TCGA_b84_115_SNP_N_GenomeWideSNP_6_A03_771604	13	64224792	64236692	9	-0.8607
DUNGS_p_TCGA_b84_115_SNP_N_GenomeWideSNP_6_A03_771604	13	64239563	76254377	7947	0.0754
DUNGS_p_TCGA_b84_115_SNP_N_GenomeWideSNP_6_A03_771604	13	76257387	76408249	118	0.4866
DUNGS_p_TCGA_b84_115_SNP_N_GenomeWideSNP_6_A03_771604	13	76410725	80471186	2743	0.0885
DUNGS_p_TCGA_b84_115_SNP_N_GenomeWideSNP_6_A03_771604	13	80475912	80525845	59	-0.2007
DUNGS_p_TCGA_b84_115_SNP_N_GenomeWideSNP_6_A03_771604	13	80531415	98527274	11312	0.0685
DUNGS_p_TCGA_b84_115_SNP_N_GenomeWideSNP_6_A03_771604	13	98530124	98530796	5	-0.9474
DUNGS_p_TCGA_b84_115_SNP_N_GenomeWideSNP_6_A03_771604	13	98531465	111594438	10295	0.0615
DUNGS_p_TCGA_b84_115_SNP_N_GenomeWideSNP_6_A03_771604	13	111596127	111642199	39	0.6675
DUNGS_p_TCGA_b84_115_SNP_N_GenomeWideSNP_6_A03_771604	13	111647008	115108397	1857	0.0817
DUNGS_p_TCGA_b84_115_SNP_N_GenomeWideSNP_6_A03_771604	14	19002124	19171044	18	0.3509
DUNGS_p_TCGA_b84_115_SNP_N_GenomeWideSNP_6_A03_771604	14	19191718	19438611	15	-0.115
DUNGS_p_TCGA_b84_115_SNP_N_GenomeWideSNP_6_A03_771604	14	19451076	19557041	7	-0.8934
DUNGS_p_TCGA_b84_115_SNP_N_GenomeWideSNP_6_A03_771604	14	19562139	20010913	33	0.4074
DUNGS_p_TCGA_b84_115_SNP_N_GenomeWideSNP_6_A03_771604	14	20037146	20137346	6	1.2783
DUNGS_p_TCGA_b84_115_SNP_N_GenomeWideSNP_6_A03_771604	14	20143509	20413858	103	0.4175
DUNGS_p_TCGA_b84_115_SNP_N_GenomeWideSNP_6_A03_771604	14	20417541	23029322	1939	0.0593
DUNGS_p_TCGA_b84_115_SNP_N_GenomeWideSNP_6_A03_771604	14	23029342	23029875	8	-0.585
DUNGS_p_TCGA_b84_115_SNP_N_GenomeWideSNP_6_A03_771604	14	23032070	26779384	2435	-0.0145
DUNGS_p_TCGA_b84_115_SNP_N_GenomeWideSNP_6_A03_771604	14	26779399	26783918	10	0.4367
DUNGS_p_TCGA_b84_115_SNP_N_GenomeWideSNP_6_A03_771604	14	26784913	28188029	836	-0.0589
DUNGS_p_TCGA_b84_115_SNP_N_GenomeWideSNP_6_A03_771604	14	28188171	28189031	2	-1.358
DUNGS_p_TCGA_b84_115_SNP_N_GenomeWideSNP_6_A03_771604	14	28189698	35020378	4396	-0.0419
DUNGS_p_TCGA_b84_115_SNP_N_GenomeWideSNP_6_A03_771604	14	35020985	35037068	9	0.4585
DUNGS_p_TCGA_b84_115_SNP_N_GenomeWideSNP_6_A03_771604	14	35037127	38134804	1881	-0.0219
DUNGS_p_TCGA_b84_115_SNP_N_GenomeWideSNP_6_A03_771604	14	38137567	38138176	2	-1.4735
DUNGS_p_TCGA_b84_115_SNP_N_GenomeWideSNP_6_A03_771604	14	38139170	41608358	2148	-0.0383
DUNGS_p_TCGA_b84_115_SNP_N_GenomeWideSNP_6_A03_771604	14	41610496	41653977	13	-0.9059
DUNGS_p_TCGA_b84_115_SNP_N_GenomeWideSNP_6_A03_771604	14	41657249	41676680	7	0.1672
DUNGS_p_TCGA_b84_115_SNP_N_GenomeWideSNP_6_A03_771604	14	41676696	41804127	108	-0.0478
DUNGS_p_TCGA_b84_115_SNP_N_GenomeWideSNP_6_A03_771604	14	41804379	41810830	2	1.1994
DUNGS_p_TCGA_b84_115_SNP_N_GenomeWideSNP_6_A03_771604	14	41810988	74001123	20390	-0.0347
DUNGS_p_TCGA_b84_115_SNP_N_GenomeWideSNP_6_A03_771604	14	74006707	74020979	8	-0.6674
DUNGS_p_TCGA_b84_115_SNP_N_GenomeWideSNP_6_A03_771604	14	74029900	85565274	7615	-0.0433
DUNGS_p_TCGA_b84_115_SNP_N_GenomeWideSNP_6_A03_771604	14	85565295	85565964	6	0.6036
DUNGS_p_TCGA_b84_115_SNP_N_GenomeWideSNP_6_A03_771604	14	85566748	94117612	5487	-0.0302
DUNGS_p_TCGA_b84_115_SNP_N_GenomeWideSNP_6_A03_771604	14	94120313	94122269	3	-0.5927
DUNGS_p_TCGA_b84_115_SNP_N_GenomeWideSNP_6_A03_771604	14	94127454	100283248	4936	-0.0537
DUNGS_p_TCGA_b84_115_SNP_N_GenomeWideSNP_6_A03_771604	14	100286326	100321811	15	-0.3492
DUNGS_p_TCGA_b84_115_SNP_N_GenomeWideSNP_6_A03_771604	14	100322426	106802053	2899	-0.0092
DUNGS_p_TCGA_b84_115_SNP_N_GenomeWideSNP_6_A03_771604	14	106815943	106821736	4	-0.9171
DUNGS_p_TCGA_b84_115_SNP_N_GenomeWideSNP_6_A03_771604	14	106825916	107285437	304	0.02
DUNGS_p_TCGA_b84_115_SNP_N_GenomeWideSNP_6_A03_771604	15	20016328	20155638	30	0.1108
DUNGS_p_TCGA_b84_115_SNP_N_GenomeWideSNP_6_A03_771604	15	20162745	20216955	19	-0.3498
DUNGS_p_TCGA_b84_115_SNP_N_GenomeWideSNP_6_A03_771604	15	20231906	20422378	18	0.0676
DUNGS_p_TCGA_b84_115_SNP_N_GenomeWideSNP_6_A03_771604	15	20440538	20578366	30	0.4434
DUNGS_p_TCGA_b84_115_SNP_N_GenomeWideSNP_6_A03_771604	15	20578421	20581455	6	-0.2914
DUNGS_p_TCGA_b84_115_SNP_N_GenomeWideSNP_6_A03_771604	15	20581562	21909018	191	0.4911
DUNGS_p_TCGA_b84_115_SNP_N_GenomeWideSNP_6_A03_771604	15	21909391	22584431	126	0.0852
DUNGS_p_TCGA_b84_115_SNP_N_GenomeWideSNP_6_A03_771604	15	22586960	24376697	876	-0.3873
DUNGS_p_TCGA_b84_115_SNP_N_GenomeWideSNP_6_A03_771604	15	24382443	24434532	33	-1.9497
DUNGS_p_TCGA_b84_115_SNP_N_GenomeWideSNP_6_A03_771604	15	24442219	24571349	63	-0.2606
DUNGS_p_TCGA_b84_115_SNP_N_GenomeWideSNP_6_A03_771604	15	24574757	24778891	101	0.4309
DUNGS_p_TCGA_b84_115_SNP_N_GenomeWideSNP_6_A03_771604	15	24782267	25973246	855	-0.3978
DUNGS_p_TCGA_b84_115_SNP_N_GenomeWideSNP_6_A03_771604	15	25980875	25981190	3	-2.2167
DUNGS_p_TCGA_b84_115_SNP_N_GenomeWideSNP_6_A03_771604	15	25984666	28560816	1880	-0.4199
DUNGS_p_TCGA_b84_115_SNP_N_GenomeWideSNP_6_A03_771604	15	28561016	28659924	4	0.643
DUNGS_p_TCGA_b84_115_SNP_N_GenomeWideSNP_6_A03_771604	15	28705281	30444276	872	-0.37
DUNGS_p_TCGA_b84_115_SNP_N_GenomeWideSNP_6_A03_771604	15	30448595	30887956	106	-1.2197
DUNGS_p_TCGA_b84_115_SNP_N_GenomeWideSNP_6_A03_771604	15	30900878	32444055	1052	-0.3941
DUNGS_p_TCGA_b84_115_SNP_N_GenomeWideSNP_6_A03_771604	15	32460887	32618443	36	-0.939
DUNGS_p_TCGA_b84_115_SNP_N_GenomeWideSNP_6_A03_771604	15	32621223	49701230	10688	-0.4004
DUNGS_p_TCGA_b84_115_SNP_N_GenomeWideSNP_6_A03_771604	15	49702210	49750428	32	-0.9317
DUNGS_p_TCGA_b84_115_SNP_N_GenomeWideSNP_6_A03_771604	15	49754744	53785039	2536	-0.3968
DUNGS_p_TCGA_b84_115_SNP_N_GenomeWideSNP_6_A03_771604	15	53785153	53785279	4	-1.4705
DUNGS_p_TCGA_b84_115_SNP_N_GenomeWideSNP_6_A03_771604	15	53790247	62338797	6191	-0.3981
DUNGS_p_TCGA_b84_115_SNP_N_GenomeWideSNP_6_A03_771604	15	62338858	62339680	2	-1.6522
DUNGS_p_TCGA_b84_115_SNP_N_GenomeWideSNP_6_A03_771604	15	62339897	65814102	2078	-0.3899
DUNGS_p_TCGA_b84_115_SNP_N_GenomeWideSNP_6_A03_771604	15	65816942	65818387	3	-2.4948
DUNGS_p_TCGA_b84_115_SNP_N_GenomeWideSNP_6_A03_771604	15	65822534	76878362	6552	-0.381
DUNGS_p_TCGA_b84_115_SNP_N_GenomeWideSNP_6_A03_771604	15	76891241	76895064	12	0.3071
DUNGS_p_TCGA_b84_115_SNP_N_GenomeWideSNP_6_A03_771604	15	76895079	76895773	8	0.8583
DUNGS_p_TCGA_b84_115_SNP_N_GenomeWideSNP_6_A03_771604	15	76895774	76902179	3	0.3218
DUNGS_p_TCGA_b84_115_SNP_N_GenomeWideSNP_6_A03_771604	15	76902194	92789946	10317	-0.3903
DUNGS_p_TCGA_b84_115_SNP_N_GenomeWideSNP_6_A03_771604	15	92790189	92805993	36	-0.1532
DUNGS_p_TCGA_b84_115_SNP_N_GenomeWideSNP_6_A03_771604	15	92806016	92806231	5	0.3189
DUNGS_p_TCGA_b84_115_SNP_N_GenomeWideSNP_6_A03_771604	15	92806274	102405136	7329	-0.4078
DUNGS_p_TCGA_b84_115_SNP_N_GenomeWideSNP_6_A03_771604	15	102420602	102469040	12	0.3336
DUNGS_p_TCGA_b84_115_SNP_N_GenomeWideSNP_6_A03_771604	16	60777	1073552	392	-0.3587
DUNGS_p_TCGA_b84_115_SNP_N_GenomeWideSNP_6_A03_771604	16	1078763	1088797	2	-1.8273
DUNGS_p_TCGA_b84_115_SNP_N_GenomeWideSNP_6_A03_771604	16	1089949	6376543	3135	-0.3881
DUNGS_p_TCGA_b84_115_SNP_N_GenomeWideSNP_6_A03_771604	16	6377255	6377787	3	-3.2249
DUNGS_p_TCGA_b84_115_SNP_N_GenomeWideSNP_6_A03_771604	16	6377803	8080533	2148	-0.4273
DUNGS_p_TCGA_b84_115_SNP_N_GenomeWideSNP_6_A03_771604	16	8082711	8190901	78	0.7768
DUNGS_p_TCGA_b84_115_SNP_N_GenomeWideSNP_6_A03_771604	16	8191540	8369852	197	0.4247
DUNGS_p_TCGA_b84_115_SNP_N_GenomeWideSNP_6_A03_771604	16	8370625	8388933	22	-0.098
DUNGS_p_TCGA_b84_115_SNP_N_GenomeWideSNP_6_A03_771604	16	8388982	8392146	3	-1.1065
DUNGS_p_TCGA_b84_115_SNP_N_GenomeWideSNP_6_A03_771604	16	8393362	10402511	1857	0.0148
DUNGS_p_TCGA_b84_115_SNP_N_GenomeWideSNP_6_A03_771604	16	10402692	10403428	2	-1.2091
DUNGS_p_TCGA_b84_115_SNP_N_GenomeWideSNP_6_A03_771604	16	10408561	14989839	3307	0.0074
DUNGS_p_TCGA_b84_115_SNP_N_GenomeWideSNP_6_A03_771604	16	15048768	15177942	91	0.7071
DUNGS_p_TCGA_b84_115_SNP_N_GenomeWideSNP_6_A03_771604	16	15180635	15270218	12	-0.0427
DUNGS_p_TCGA_b84_115_SNP_N_GenomeWideSNP_6_A03_771604	16	15278818	15351682	7	-0.5932
DUNGS_p_TCGA_b84_115_SNP_N_GenomeWideSNP_6_A03_771604	16	15358459	18198717	1556	0.0315
DUNGS_p_TCGA_b84_115_SNP_N_GenomeWideSNP_6_A03_771604	16	18228118	18238289	2	1.367
DUNGS_p_TCGA_b84_115_SNP_N_GenomeWideSNP_6_A03_771604	16	18242726	21412403	1664	0.0183
DUNGS_p_TCGA_b84_115_SNP_N_GenomeWideSNP_6_A03_771604	16	21515074	21591340	22	-1.0372
DUNGS_p_TCGA_b84_115_SNP_N_GenomeWideSNP_6_A03_771604	16	21593455	22442020	366	0.0824
DUNGS_p_TCGA_b84_115_SNP_N_GenomeWideSNP_6_A03_771604	16	22557932	22710742	73	-0.9807
DUNGS_p_TCGA_b84_115_SNP_N_GenomeWideSNP_6_A03_771604	16	22712979	32300902	5193	7e-04
DUNGS_p_TCGA_b84_115_SNP_N_GenomeWideSNP_6_A03_771604	16	32300935	33304629	133	0.5322
DUNGS_p_TCGA_b84_115_SNP_N_GenomeWideSNP_6_A03_771604	16	33336217	46507665	611	0.2797
DUNGS_p_TCGA_b84_115_SNP_N_GenomeWideSNP_6_A03_771604	16	46508460	50623478	2352	-0.3592
DUNGS_p_TCGA_b84_115_SNP_N_GenomeWideSNP_6_A03_771604	16	50624089	50626542	3	-1.3587
DUNGS_p_TCGA_b84_115_SNP_N_GenomeWideSNP_6_A03_771604	16	50627378	51566368	702	-0.4006
DUNGS_p_TCGA_b84_115_SNP_N_GenomeWideSNP_6_A03_771604	16	51566809	51567019	2	-2.3412
DUNGS_p_TCGA_b84_115_SNP_N_GenomeWideSNP_6_A03_771604	16	51572790	52410851	646	-0.4068
DUNGS_p_TCGA_b84_115_SNP_N_GenomeWideSNP_6_A03_771604	16	52412950	52417241	3	-1.505
DUNGS_p_TCGA_b84_115_SNP_N_GenomeWideSNP_6_A03_771604	16	52417546	54407804	1535	-0.3731
DUNGS_p_TCGA_b84_115_SNP_N_GenomeWideSNP_6_A03_771604	16	54409788	54410097	4	0.3687
DUNGS_p_TCGA_b84_115_SNP_N_GenomeWideSNP_6_A03_771604	16	54410237	55795214	1224	-0.3721
DUNGS_p_TCGA_b84_115_SNP_N_GenomeWideSNP_6_A03_771604	16	55796389	55821969	20	0.1475
DUNGS_p_TCGA_b84_115_SNP_N_GenomeWideSNP_6_A03_771604	16	55822397	65462858	6261	-0.3965
DUNGS_p_TCGA_b84_115_SNP_N_GenomeWideSNP_6_A03_771604	16	65463282	65463710	3	-1.7693
DUNGS_p_TCGA_b84_115_SNP_N_GenomeWideSNP_6_A03_771604	16	65463755	69888085	2411	-0.3508
DUNGS_p_TCGA_b84_115_SNP_N_GenomeWideSNP_6_A03_771604	16	69890927	69897660	9	0.2787
DUNGS_p_TCGA_b84_115_SNP_N_GenomeWideSNP_6_A03_771604	16	69901106	70151527	90	-0.3089
DUNGS_p_TCGA_b84_115_SNP_N_GenomeWideSNP_6_A03_771604	16	70151560	70246333	20	0.3862
DUNGS_p_TCGA_b84_115_SNP_N_GenomeWideSNP_6_A03_771604	16	70246339	70842097	264	-0.3345
DUNGS_p_TCGA_b84_115_SNP_N_GenomeWideSNP_6_A03_771604	16	70854381	71202489	141	0.2523
DUNGS_p_TCGA_b84_115_SNP_N_GenomeWideSNP_6_A03_771604	16	71202797	74384258	2020	-0.3641
DUNGS_p_TCGA_b84_115_SNP_N_GenomeWideSNP_6_A03_771604	16	74397058	74456601	9	0.5737
DUNGS_p_TCGA_b84_115_SNP_N_GenomeWideSNP_6_A03_771604	16	74465396	78372440	3214	-0.3839
DUNGS_p_TCGA_b84_115_SNP_N_GenomeWideSNP_6_A03_771604	16	78372611	78373337	3	0.4157
DUNGS_p_TCGA_b84_115_SNP_N_GenomeWideSNP_6_A03_771604	16	78373764	78377258	7	-0.0877
DUNGS_p_TCGA_b84_115_SNP_N_GenomeWideSNP_6_A03_771604	16	78377528	78384765	6	0.1838
DUNGS_p_TCGA_b84_115_SNP_N_GenomeWideSNP_6_A03_771604	16	78385001	78480894	127	-0.3922
DUNGS_p_TCGA_b84_115_SNP_N_GenomeWideSNP_6_A03_771604	16	78484174	78568430	161	-3.4123
DUNGS_p_TCGA_b84_115_SNP_N_GenomeWideSNP_6_A03_771604	16	78569070	90287535	10365	-0.3921
DUNGS_p_TCGA_b84_115_SNP_N_GenomeWideSNP_6_A03_771604	17	526	15422432	10012	-0.3736
DUNGS_p_TCGA_b84_115_SNP_N_GenomeWideSNP_6_A03_771604	17	15424106	15527156	29	-0.0211
DUNGS_p_TCGA_b84_115_SNP_N_GenomeWideSNP_6_A03_771604	17	15543161	21901755	2848	-0.3615
DUNGS_p_TCGA_b84_115_SNP_N_GenomeWideSNP_6_A03_771604	17	21909838	39421708	8099	0.0014
DUNGS_p_TCGA_b84_115_SNP_N_GenomeWideSNP_6_A03_771604	17	39423014	39430531	24	0.6063
DUNGS_p_TCGA_b84_115_SNP_N_GenomeWideSNP_6_A03_771604	17	39432724	44225856	2563	0.0202
DUNGS_p_TCGA_b84_115_SNP_N_GenomeWideSNP_6_A03_771604	17	44231326	44311975	62	-0.5771
DUNGS_p_TCGA_b84_115_SNP_N_GenomeWideSNP_6_A03_771604	17	44325554	81049726	21699	0.0285
DUNGS_p_TCGA_b84_115_SNP_N_GenomeWideSNP_6_A03_771604	18	11543	30603271	17984	0.2493
DUNGS_p_TCGA_b84_115_SNP_N_GenomeWideSNP_6_A03_771604	18	30606089	31049236	274	-0.0965
DUNGS_p_TCGA_b84_115_SNP_N_GenomeWideSNP_6_A03_771604	18	31054375	31298923	144	0.2563
DUNGS_p_TCGA_b84_115_SNP_N_GenomeWideSNP_6_A03_771604	18	31299199	38260490	4468	-0.0883
DUNGS_p_TCGA_b84_115_SNP_N_GenomeWideSNP_6_A03_771604	18	38260606	38269812	16	-0.5138
DUNGS_p_TCGA_b84_115_SNP_N_GenomeWideSNP_6_A03_771604	18	38270072	40056685	1219	-0.0879
DUNGS_p_TCGA_b84_115_SNP_N_GenomeWideSNP_6_A03_771604	18	40056883	40057296	13	0.3777
DUNGS_p_TCGA_b84_115_SNP_N_GenomeWideSNP_6_A03_771604	18	40057387	48565532	5793	-0.0747
DUNGS_p_TCGA_b84_115_SNP_N_GenomeWideSNP_6_A03_771604	18	48565617	48566026	6	0.5187
DUNGS_p_TCGA_b84_115_SNP_N_GenomeWideSNP_6_A03_771604	18	48566309	51204135	1888	-0.1051
DUNGS_p_TCGA_b84_115_SNP_N_GenomeWideSNP_6_A03_771604	18	51207209	51210640	5	-1.5515
DUNGS_p_TCGA_b84_115_SNP_N_GenomeWideSNP_6_A03_771604	18	51212148	78015057	19056	-0.0919
DUNGS_p_TCGA_b84_115_SNP_N_GenomeWideSNP_6_A03_771604	19	90910	104506	2	0.3729
DUNGS_p_TCGA_b84_115_SNP_N_GenomeWideSNP_6_A03_771604	19	114299	23603071	10702	-0.2493
DUNGS_p_TCGA_b84_115_SNP_N_GenomeWideSNP_6_A03_771604	19	23603165	42689009	9647	0.0879
DUNGS_p_TCGA_b84_115_SNP_N_GenomeWideSNP_6_A03_771604	19	42696015	42696698	2	-2.3511
DUNGS_p_TCGA_b84_115_SNP_N_GenomeWideSNP_6_A03_771604	19	42700528	53669886	5686	0.0385
DUNGS_p_TCGA_b84_115_SNP_N_GenomeWideSNP_6_A03_771604	19	53672037	53672287	2	-2.3339
DUNGS_p_TCGA_b84_115_SNP_N_GenomeWideSNP_6_A03_771604	19	53674638	55508705	1118	-0.004
DUNGS_p_TCGA_b84_115_SNP_N_GenomeWideSNP_6_A03_771604	19	55509307	55509865	3	-0.9542
DUNGS_p_TCGA_b84_115_SNP_N_GenomeWideSNP_6_A03_771604	19	55512011	56282369	361	-0.032
DUNGS_p_TCGA_b84_115_SNP_N_GenomeWideSNP_6_A03_771604	19	56282535	56283067	3	-2.0259
DUNGS_p_TCGA_b84_115_SNP_N_GenomeWideSNP_6_A03_771604	19	56286293	58940514	1796	-0.0427
DUNGS_p_TCGA_b84_115_SNP_N_GenomeWideSNP_6_A03_771604	19	58943408	58944375	2	-2.8496
DUNGS_p_TCGA_b84_115_SNP_N_GenomeWideSNP_6_A03_771604	19	58946056	59097854	52	0.0032
DUNGS_p_TCGA_b84_115_SNP_N_GenomeWideSNP_6_A03_771604	20	61305	890003	651	0.1567
DUNGS_p_TCGA_b84_115_SNP_N_GenomeWideSNP_6_A03_771604	20	890278	1151285	213	-0.3565
DUNGS_p_TCGA_b84_115_SNP_N_GenomeWideSNP_6_A03_771604	20	1151491	1288778	78	0.2634
DUNGS_p_TCGA_b84_115_SNP_N_GenomeWideSNP_6_A03_771604	20	1295538	1880125	556	-0.0966
DUNGS_p_TCGA_b84_115_SNP_N_GenomeWideSNP_6_A03_771604	20	1884725	1994350	94	0.2097
DUNGS_p_TCGA_b84_115_SNP_N_GenomeWideSNP_6_A03_771604	20	1996770	1999855	4	-0.625
DUNGS_p_TCGA_b84_115_SNP_N_GenomeWideSNP_6_A03_771604	20	1999922	2531979	480	0.2297
DUNGS_p_TCGA_b84_115_SNP_N_GenomeWideSNP_6_A03_771604	20	2538422	9657483	5343	-0.3578
DUNGS_p_TCGA_b84_115_SNP_N_GenomeWideSNP_6_A03_771604	20	9657563	9660359	3	-1.4184
DUNGS_p_TCGA_b84_115_SNP_N_GenomeWideSNP_6_A03_771604	20	9661272	11569248	1540	-0.389
DUNGS_p_TCGA_b84_115_SNP_N_GenomeWideSNP_6_A03_771604	20	11573224	11573836	3	-1.5752
DUNGS_p_TCGA_b84_115_SNP_N_GenomeWideSNP_6_A03_771604	20	11581955	12505923	659	-0.3745
DUNGS_p_TCGA_b84_115_SNP_N_GenomeWideSNP_6_A03_771604	20	12505962	12506644	2	-1.5818
DUNGS_p_TCGA_b84_115_SNP_N_GenomeWideSNP_6_A03_771604	20	12508046	15123360	1903	-0.3581
DUNGS_p_TCGA_b84_115_SNP_N_GenomeWideSNP_6_A03_771604	20	15125338	15125972	2	-2.9358
DUNGS_p_TCGA_b84_115_SNP_N_GenomeWideSNP_6_A03_771604	20	15130413	22693565	6120	-0.3541
DUNGS_p_TCGA_b84_115_SNP_N_GenomeWideSNP_6_A03_771604	20	22695750	23112694	375	0.0506
DUNGS_p_TCGA_b84_115_SNP_N_GenomeWideSNP_6_A03_771604	20	23116090	24516379	1124	-0.3615
DUNGS_p_TCGA_b84_115_SNP_N_GenomeWideSNP_6_A03_771604	20	24517737	29465092	939	0.0648
DUNGS_p_TCGA_b84_115_SNP_N_GenomeWideSNP_6_A03_771604	20	29467892	29505830	10	0.4879
DUNGS_p_TCGA_b84_115_SNP_N_GenomeWideSNP_6_A03_771604	20	29505893	37690862	4154	0.106
DUNGS_p_TCGA_b84_115_SNP_N_GenomeWideSNP_6_A03_771604	20	37695645	37696409	2	-1.9921
DUNGS_p_TCGA_b84_115_SNP_N_GenomeWideSNP_6_A03_771604	20	37696520	44416660	4867	0.0861
DUNGS_p_TCGA_b84_115_SNP_N_GenomeWideSNP_6_A03_771604	20	44419620	46076396	1198	0.3788
DUNGS_p_TCGA_b84_115_SNP_N_GenomeWideSNP_6_A03_771604	20	46076781	46153043	51	0.6528
DUNGS_p_TCGA_b84_115_SNP_N_GenomeWideSNP_6_A03_771604	20	46153148	52652360	4667	0.3495
DUNGS_p_TCGA_b84_115_SNP_N_GenomeWideSNP_6_A03_771604	20	52652478	52662574	31	0.6102
DUNGS_p_TCGA_b84_115_SNP_N_GenomeWideSNP_6_A03_771604	20	52665643	56669979	3318	0.2846
DUNGS_p_TCGA_b84_115_SNP_N_GenomeWideSNP_6_A03_771604	20	56670574	56670607	2	1.5637
DUNGS_p_TCGA_b84_115_SNP_N_GenomeWideSNP_6_A03_771604	20	56670829	62956153	4145	0.3036
DUNGS_p_TCGA_b84_115_SNP_N_GenomeWideSNP_6_A03_771604	21	10736871	35722995	15347	0.493
DUNGS_p_TCGA_b84_115_SNP_N_GenomeWideSNP_6_A03_771604	21	35724739	35725729	3	-0.398
DUNGS_p_TCGA_b84_115_SNP_N_GenomeWideSNP_6_A03_771604	21	35726083	40181766	3425	0.5185
DUNGS_p_TCGA_b84_115_SNP_N_GenomeWideSNP_6_A03_771604	21	40182177	40190536	7	-0.0276
DUNGS_p_TCGA_b84_115_SNP_N_GenomeWideSNP_6_A03_771604	21	40190606	42324428	1887	0.5152
DUNGS_p_TCGA_b84_115_SNP_N_GenomeWideSNP_6_A03_771604	21	42326579	42331208	3	-0.6931
DUNGS_p_TCGA_b84_115_SNP_N_GenomeWideSNP_6_A03_771604	21	42333908	44968053	1993	0.5134
DUNGS_p_TCGA_b84_115_SNP_N_GenomeWideSNP_6_A03_771604	21	44970873	44972812	2	-2.7749
DUNGS_p_TCGA_b84_115_SNP_N_GenomeWideSNP_6_A03_771604	21	44973667	48096957	1766	0.5267
DUNGS_p_TCGA_b84_115_SNP_N_GenomeWideSNP_6_A03_771604	22	16052528	16239487	30	0.5897
DUNGS_p_TCGA_b84_115_SNP_N_GenomeWideSNP_6_A03_771604	22	16239968	16365495	15	0.0651
DUNGS_p_TCGA_b84_115_SNP_N_GenomeWideSNP_6_A03_771604	22	16374972	16399151	9	0.7221
DUNGS_p_TCGA_b84_115_SNP_N_GenomeWideSNP_6_A03_771604	22	16402835	24283016	4539	0.1315
DUNGS_p_TCGA_b84_115_SNP_N_GenomeWideSNP_6_A03_771604	22	24283098	24330218	25	-0.182
DUNGS_p_TCGA_b84_115_SNP_N_GenomeWideSNP_6_A03_771604	22	24330269	24331967	2	-3.2133
DUNGS_p_TCGA_b84_115_SNP_N_GenomeWideSNP_6_A03_771604	22	24332625	24337307	3	-0.3894
DUNGS_p_TCGA_b84_115_SNP_N_GenomeWideSNP_6_A03_771604	22	24337949	24396814	21	1.0555
DUNGS_p_TCGA_b84_115_SNP_N_GenomeWideSNP_6_A03_771604	22	24401529	25081338	354	0.1693
DUNGS_p_TCGA_b84_115_SNP_N_GenomeWideSNP_6_A03_771604	22	25082115	25082515	2	-1.9671
DUNGS_p_TCGA_b84_115_SNP_N_GenomeWideSNP_6_A03_771604	22	25082534	25810971	628	0.1869
DUNGS_p_TCGA_b84_115_SNP_N_GenomeWideSNP_6_A03_771604	22	25826486	25906930	95	-0.3672
DUNGS_p_TCGA_b84_115_SNP_N_GenomeWideSNP_6_A03_771604	22	25906950	25914085	32	-0.0983
DUNGS_p_TCGA_b84_115_SNP_N_GenomeWideSNP_6_A03_771604	22	25914331	40793260	10490	-0.3791
DUNGS_p_TCGA_b84_115_SNP_N_GenomeWideSNP_6_A03_771604	22	40794590	40794820	2	-2.3139
DUNGS_p_TCGA_b84_115_SNP_N_GenomeWideSNP_6_A03_771604	22	40797672	45133340	2857	-0.4024
DUNGS_p_TCGA_b84_115_SNP_N_GenomeWideSNP_6_A03_771604	22	45135806	45136635	3	-2.368
DUNGS_p_TCGA_b84_115_SNP_N_GenomeWideSNP_6_A03_771604	22	45136906	49213120	3214	-0.5587
DUNGS_p_TCGA_b84_115_SNP_N_GenomeWideSNP_6_A03_771604	22	49214032	49215103	2	-2.0147
DUNGS_p_TCGA_b84_115_SNP_N_GenomeWideSNP_6_A03_771604	22	49215890	51188506	1249	-0.5751
DUNGS_p_TCGA_b84_115_SNP_N_GenomeWideSNP_6_A03_771604	22	51199978	51234455	11	-0.0092
DUNGS_p_TCGA_b84_115_SNP_N_GenomeWideSNP_6_A03_771604	X	168477	2937748	254	-0.313
DUNGS_p_TCGA_b84_115_SNP_N_GenomeWideSNP_6_A03_771604	X	2941966	2942034	2	-3.5861
DUNGS_p_TCGA_b84_115_SNP_N_GenomeWideSNP_6_A03_771604	X	2942811	4233600	892	-0.1978
DUNGS_p_TCGA_b84_115_SNP_N_GenomeWideSNP_6_A03_771604	X	4235020	4235612	2	-2.847
DUNGS_p_TCGA_b84_115_SNP_N_GenomeWideSNP_6_A03_771604	X	4235977	4372239	142	-0.1708
DUNGS_p_TCGA_b84_115_SNP_N_GenomeWideSNP_6_A03_771604	X	4374776	4374847	2	-4.4426
DUNGS_p_TCGA_b84_115_SNP_N_GenomeWideSNP_6_A03_771604	X	4376348	5768921	1144	-0.239
DUNGS_p_TCGA_b84_115_SNP_N_GenomeWideSNP_6_A03_771604	X	5768957	5785503	28	0.2901
DUNGS_p_TCGA_b84_115_SNP_N_GenomeWideSNP_6_A03_771604	X	5788335	5991222	197	-0.2501
DUNGS_p_TCGA_b84_115_SNP_N_GenomeWideSNP_6_A03_771604	X	5992822	5992923	3	-2.6917
DUNGS_p_TCGA_b84_115_SNP_N_GenomeWideSNP_6_A03_771604	X	5994597	9341010	2462	-0.2011
DUNGS_p_TCGA_b84_115_SNP_N_GenomeWideSNP_6_A03_771604	X	9341184	9341329	2	-3.2748
DUNGS_p_TCGA_b84_115_SNP_N_GenomeWideSNP_6_A03_771604	X	9341597	10374159	842	-0.1591
DUNGS_p_TCGA_b84_115_SNP_N_GenomeWideSNP_6_A03_771604	X	10375502	10375537	2	-2.3079
DUNGS_p_TCGA_b84_115_SNP_N_GenomeWideSNP_6_A03_771604	X	10375696	23329251	8257	-0.1797
DUNGS_p_TCGA_b84_115_SNP_N_GenomeWideSNP_6_A03_771604	X	23333487	23555265	153	0.5422
DUNGS_p_TCGA_b84_115_SNP_N_GenomeWideSNP_6_A03_771604	X	23558245	24222255	419	-0.1406
DUNGS_p_TCGA_b84_115_SNP_N_GenomeWideSNP_6_A03_771604	X	24222808	24223111	2	-4.2125
DUNGS_p_TCGA_b84_115_SNP_N_GenomeWideSNP_6_A03_771604	X	24223484	29892302	3591	-0.2128
DUNGS_p_TCGA_b84_115_SNP_N_GenomeWideSNP_6_A03_771604	X	29893117	29898131	3	-2.7564
DUNGS_p_TCGA_b84_115_SNP_N_GenomeWideSNP_6_A03_771604	X	29899455	32428813	1747	-0.2333
DUNGS_p_TCGA_b84_115_SNP_N_GenomeWideSNP_6_A03_771604	X	32430426	32430740	2	-4.1324
DUNGS_p_TCGA_b84_115_SNP_N_GenomeWideSNP_6_A03_771604	X	32430767	34091679	1243	-0.1813
DUNGS_p_TCGA_b84_115_SNP_N_GenomeWideSNP_6_A03_771604	X	34093948	34140274	47	0.1835
DUNGS_p_TCGA_b84_115_SNP_N_GenomeWideSNP_6_A03_771604	X	34144145	37311627	1812	-0.1923
DUNGS_p_TCGA_b84_115_SNP_N_GenomeWideSNP_6_A03_771604	X	37313471	37325600	11	-0.6056
DUNGS_p_TCGA_b84_115_SNP_N_GenomeWideSNP_6_A03_771604	X	37325713	37328618	3	-1.9311
DUNGS_p_TCGA_b84_115_SNP_N_GenomeWideSNP_6_A03_771604	X	37328802	39290256	1354	-0.2012
DUNGS_p_TCGA_b84_115_SNP_N_GenomeWideSNP_6_A03_771604	X	39290624	39291712	2	-3.5251
DUNGS_p_TCGA_b84_115_SNP_N_GenomeWideSNP_6_A03_771604	X	39292106	40565257	696	-0.171
DUNGS_p_TCGA_b84_115_SNP_N_GenomeWideSNP_6_A03_771604	X	40565449	40565844	2	-3.6994
DUNGS_p_TCGA_b84_115_SNP_N_GenomeWideSNP_6_A03_771604	X	40571413	44190719	1951	-0.1418
DUNGS_p_TCGA_b84_115_SNP_N_GenomeWideSNP_6_A03_771604	X	44191332	44191540	3	-1.788
DUNGS_p_TCGA_b84_115_SNP_N_GenomeWideSNP_6_A03_771604	X	44191892	47941494	1952	-0.1296
DUNGS_p_TCGA_b84_115_SNP_N_GenomeWideSNP_6_A03_771604	X	47941741	47945021	6	-1.0409
DUNGS_p_TCGA_b84_115_SNP_N_GenomeWideSNP_6_A03_771604	X	47945028	58341333	4419	-0.1115
DUNGS_p_TCGA_b84_115_SNP_N_GenomeWideSNP_6_A03_771604	X	58348450	61897853	53	0.2068
DUNGS_p_TCGA_b84_115_SNP_N_GenomeWideSNP_6_A03_771604	X	61919030	76349873	6476	-0.1203
DUNGS_p_TCGA_b84_115_SNP_N_GenomeWideSNP_6_A03_771604	X	76353650	76378656	3	1.9958
DUNGS_p_TCGA_b84_115_SNP_N_GenomeWideSNP_6_A03_771604	X	76378658	76523952	15	0.366
DUNGS_p_TCGA_b84_115_SNP_N_GenomeWideSNP_6_A03_771604	X	76545159	82914691	3097	-0.1591
DUNGS_p_TCGA_b84_115_SNP_N_GenomeWideSNP_6_A03_771604	X	82915556	82915802	3	-2.922
DUNGS_p_TCGA_b84_115_SNP_N_GenomeWideSNP_6_A03_771604	X	82921759	92480729	5153	-0.1979
DUNGS_p_TCGA_b84_115_SNP_N_GenomeWideSNP_6_A03_771604	X	92480842	92481002	3	-2.103
DUNGS_p_TCGA_b84_115_SNP_N_GenomeWideSNP_6_A03_771604	X	92483738	92603014	70	-0.1087
DUNGS_p_TCGA_b84_115_SNP_N_GenomeWideSNP_6_A03_771604	X	92603531	92604395	2	-2.2514
DUNGS_p_TCGA_b84_115_SNP_N_GenomeWideSNP_6_A03_771604	X	92604724	110297200	9627	-0.1771
DUNGS_p_TCGA_b84_115_SNP_N_GenomeWideSNP_6_A03_771604	X	110297273	110300659	4	-2.1869
DUNGS_p_TCGA_b84_115_SNP_N_GenomeWideSNP_6_A03_771604	X	110301027	112803237	1435	-0.2061
DUNGS_p_TCGA_b84_115_SNP_N_GenomeWideSNP_6_A03_771604	X	112808948	118964460	3657	0.5329
DUNGS_p_TCGA_b84_115_SNP_N_GenomeWideSNP_6_A03_771604	X	118964736	118964854	2	-0.9871
DUNGS_p_TCGA_b84_115_SNP_N_GenomeWideSNP_6_A03_771604	X	118965853	134848927	8941	0.5296
DUNGS_p_TCGA_b84_115_SNP_N_GenomeWideSNP_6_A03_771604	X	134854929	134893608	12	1.1746
DUNGS_p_TCGA_b84_115_SNP_N_GenomeWideSNP_6_A03_771604	X	134896425	144691668	6267	0.5022
DUNGS_p_TCGA_b84_115_SNP_N_GenomeWideSNP_6_A03_771604	X	144691944	144692923	4	1.5975
DUNGS_p_TCGA_b84_115_SNP_N_GenomeWideSNP_6_A03_771604	X	144693303	154929498	6171	0.5317
DUNGS_p_TCGA_b84_115_SNP_N_GenomeWideSNP_6_A03_771604	X	154964055	155182354	18	-0.0062
DUNGS_p_TCGA_b84_115_SNP_N_GenomeWideSNP_6_A03_771604	Y	2650438	3578681	279	-1.9796
DUNGS_p_TCGA_b84_115_SNP_N_GenomeWideSNP_6_A03_771604	Y	3586569	3591798	4	-3.4333
DUNGS_p_TCGA_b84_115_SNP_N_GenomeWideSNP_6_A03_771604	Y	3592302	6152058	613	-1.9192
DUNGS_p_TCGA_b84_115_SNP_N_GenomeWideSNP_6_A03_771604	Y	6152236	6185289	18	-2.9883
DUNGS_p_TCGA_b84_115_SNP_N_GenomeWideSNP_6_A03_771604	Y	6190150	19179335	4553	-2.0807
DUNGS_p_TCGA_b84_115_SNP_N_GenomeWideSNP_6_A03_771604	Y	19179463	19179540	2	-6.4271
DUNGS_p_TCGA_b84_115_SNP_N_GenomeWideSNP_6_A03_771604	Y	19182271	20890332	801	-2.2305
DUNGS_p_TCGA_b84_115_SNP_N_GenomeWideSNP_6_A03_771604	Y	20891515	20919456	10	-3.3387
DUNGS_p_TCGA_b84_115_SNP_N_GenomeWideSNP_6_A03_771604	Y	20924920	21024613	56	-2.4705
DUNGS_p_TCGA_b84_115_SNP_N_GenomeWideSNP_6_A03_771604	Y	21025062	22941692	681	-2.0464
DUNGS_p_TCGA_b84_115_SNP_N_GenomeWideSNP_6_A03_771604	Y	22942181	22946825	6	-3.3806
DUNGS_p_TCGA_b84_115_SNP_N_GenomeWideSNP_6_A03_771604	Y	22947035	23716684	328	-2.0513
DUNGS_p_TCGA_b84_115_SNP_N_GenomeWideSNP_6_A03_771604	Y	23716914	23732454	6	-3.3579
DUNGS_p_TCGA_b84_115_SNP_N_GenomeWideSNP_6_A03_771604	Y	23736419	24017605	116	-2.0708
DUNGS_p_TCGA_b84_115_SNP_N_GenomeWideSNP_6_A03_771604	Y	24018367	26430674	515	-2.2986
DUNGS_p_TCGA_b84_115_SNP_N_GenomeWideSNP_6_A03_771604	Y	26430908	26469059	17	-1.4215
DUNGS_p_TCGA_b84_115_SNP_N_GenomeWideSNP_6_A03_771604	Y	26473956	27315972	103	-2.4562
DUNGS_p_TCGA_b84_115_SNP_N_GenomeWideSNP_6_A03_771604	Y	27367487	27466078	15	-1.6021
DUNGS_p_TCGA_b84_115_SNP_N_GenomeWideSNP_6_A03_771604	Y	27467181	27480360	3	-3.0128
DUNGS_p_TCGA_b84_115_SNP_N_GenomeWideSNP_6_A03_771604	Y	27481424	27529084	17	-1.5017
DUNGS_p_TCGA_b84_115_SNP_N_GenomeWideSNP_6_A03_771604	Y	27535030	28052736	196	-2.3614
DUNGS_p_TCGA_b84_115_SNP_N_GenomeWideSNP_6_A03_771604	Y	28054028	28112692	28	-1.822
DUNGS_p_TCGA_b84_115_SNP_N_GenomeWideSNP_6_A03_771604	Y	28113407	28322019	42	-2.7363
DUNGS_p_TCGA_b84_115_SNP_N_GenomeWideSNP_6_A03_771604	Y	28322083	28452016	50	-2.2016
DUNGS_p_TCGA_b84_115_SNP_N_GenomeWideSNP_6_A03_771604	Y	28457337	59018259	176	-1.827
