Sample	Chromosome	Start	End	Num_Probes	Segment_Mean
DUNGS_p_TCGA_b84_115_SNP_N_GenomeWideSNP_6_A04_771520	1	61735	86341	15	0.8907
DUNGS_p_TCGA_b84_115_SNP_N_GenomeWideSNP_6_A04_771520	1	98588	356542	14	0.2498
DUNGS_p_TCGA_b84_115_SNP_N_GenomeWideSNP_6_A04_771520	1	404171	5676653	2507	0.0043
DUNGS_p_TCGA_b84_115_SNP_N_GenomeWideSNP_6_A04_771520	1	5679441	5680231	2	-1.4352
DUNGS_p_TCGA_b84_115_SNP_N_GenomeWideSNP_6_A04_771520	1	5680572	9037273	2000	0.0174
DUNGS_p_TCGA_b84_115_SNP_N_GenomeWideSNP_6_A04_771520	1	9039022	9054584	9	-1.2479
DUNGS_p_TCGA_b84_115_SNP_N_GenomeWideSNP_6_A04_771520	1	9056507	10243475	578	0.0295
DUNGS_p_TCGA_b84_115_SNP_N_GenomeWideSNP_6_A04_771520	1	10246129	10256355	7	-0.5895
DUNGS_p_TCGA_b84_115_SNP_N_GenomeWideSNP_6_A04_771520	1	10258806	10370541	72	0.0545
DUNGS_p_TCGA_b84_115_SNP_N_GenomeWideSNP_6_A04_771520	1	10370587	10377983	17	-0.9638
DUNGS_p_TCGA_b84_115_SNP_N_GenomeWideSNP_6_A04_771520	1	10381772	16149067	3200	0.016
DUNGS_p_TCGA_b84_115_SNP_N_GenomeWideSNP_6_A04_771520	1	16149288	16154966	12	0.4553
DUNGS_p_TCGA_b84_115_SNP_N_GenomeWideSNP_6_A04_771520	1	16155010	16896821	308	0.0298
DUNGS_p_TCGA_b84_115_SNP_N_GenomeWideSNP_6_A04_771520	1	16903726	17283075	164	0.4038
DUNGS_p_TCGA_b84_115_SNP_N_GenomeWideSNP_6_A04_771520	1	17284920	25583341	5271	0.0204
DUNGS_p_TCGA_b84_115_SNP_N_GenomeWideSNP_6_A04_771520	1	25593128	25604466	11	-0.3529
DUNGS_p_TCGA_b84_115_SNP_N_GenomeWideSNP_6_A04_771520	1	25605058	25616296	4	-1.4791
DUNGS_p_TCGA_b84_115_SNP_N_GenomeWideSNP_6_A04_771520	1	25618931	48845481	12762	0.0153
DUNGS_p_TCGA_b84_115_SNP_N_GenomeWideSNP_6_A04_771520	1	48846385	48856158	3	-1.2659
DUNGS_p_TCGA_b84_115_SNP_N_GenomeWideSNP_6_A04_771520	1	48857313	72756142	16117	0.0164
DUNGS_p_TCGA_b84_115_SNP_N_GenomeWideSNP_6_A04_771520	1	72756174	72795215	33	0.4192
DUNGS_p_TCGA_b84_115_SNP_N_GenomeWideSNP_6_A04_771520	1	72796863	104163787	20130	0.0186
DUNGS_p_TCGA_b84_115_SNP_N_GenomeWideSNP_6_A04_771520	1	104178038	104303403	26	0.9405
DUNGS_p_TCGA_b84_115_SNP_N_GenomeWideSNP_6_A04_771520	1	104303501	152555527	13656	0.0218
DUNGS_p_TCGA_b84_115_SNP_N_GenomeWideSNP_6_A04_771520	1	152555706	152586594	35	1.0379
DUNGS_p_TCGA_b84_115_SNP_N_GenomeWideSNP_6_A04_771520	1	152590494	152759678	171	0.004
DUNGS_p_TCGA_b84_115_SNP_N_GenomeWideSNP_6_A04_771520	1	152761923	152768700	37	-0.3435
DUNGS_p_TCGA_b84_115_SNP_N_GenomeWideSNP_6_A04_771520	1	152773905	153673674	626	0.0238
DUNGS_p_TCGA_b84_115_SNP_N_GenomeWideSNP_6_A04_771520	1	153676562	153693248	7	0.6613
DUNGS_p_TCGA_b84_115_SNP_N_GenomeWideSNP_6_A04_771520	1	153695340	159559531	3426	0.0233
DUNGS_p_TCGA_b84_115_SNP_N_GenomeWideSNP_6_A04_771520	1	159559934	159560050	3	-0.8004
DUNGS_p_TCGA_b84_115_SNP_N_GenomeWideSNP_6_A04_771520	1	159560304	161523880	1225	0.0216
DUNGS_p_TCGA_b84_115_SNP_N_GenomeWideSNP_6_A04_771520	1	161523982	161638513	44	0.4319
DUNGS_p_TCGA_b84_115_SNP_N_GenomeWideSNP_6_A04_771520	1	161648237	166176043	3701	0.0153
DUNGS_p_TCGA_b84_115_SNP_N_GenomeWideSNP_6_A04_771520	1	166184481	166195702	11	0.5007
DUNGS_p_TCGA_b84_115_SNP_N_GenomeWideSNP_6_A04_771520	1	166196812	169216937	2309	0.0276
DUNGS_p_TCGA_b84_115_SNP_N_GenomeWideSNP_6_A04_771520	1	169233974	169241766	7	0.8372
DUNGS_p_TCGA_b84_115_SNP_N_GenomeWideSNP_6_A04_771520	1	169242401	171407627	1511	0.0261
DUNGS_p_TCGA_b84_115_SNP_N_GenomeWideSNP_6_A04_771520	1	171410491	171413211	6	-0.944
DUNGS_p_TCGA_b84_115_SNP_N_GenomeWideSNP_6_A04_771520	1	171413250	174796266	2010	0.0204
DUNGS_p_TCGA_b84_115_SNP_N_GenomeWideSNP_6_A04_771520	1	174796405	174801737	16	-0.9632
DUNGS_p_TCGA_b84_115_SNP_N_GenomeWideSNP_6_A04_771520	1	174801840	175606428	595	0.0303
DUNGS_p_TCGA_b84_115_SNP_N_GenomeWideSNP_6_A04_771520	1	175608932	175609470	2	-2.6585
DUNGS_p_TCGA_b84_115_SNP_N_GenomeWideSNP_6_A04_771520	1	175611659	179323738	2486	0.0172
DUNGS_p_TCGA_b84_115_SNP_N_GenomeWideSNP_6_A04_771520	1	179330528	179331382	2	-1.5514
DUNGS_p_TCGA_b84_115_SNP_N_GenomeWideSNP_6_A04_771520	1	179333098	187715854	5605	0.0166
DUNGS_p_TCGA_b84_115_SNP_N_GenomeWideSNP_6_A04_771520	1	187717560	187721369	2	1.2545
DUNGS_p_TCGA_b84_115_SNP_N_GenomeWideSNP_6_A04_771520	1	187724610	189084904	859	-0.0036
DUNGS_p_TCGA_b84_115_SNP_N_GenomeWideSNP_6_A04_771520	1	189085327	189085372	2	-1.2074
DUNGS_p_TCGA_b84_115_SNP_N_GenomeWideSNP_6_A04_771520	1	189085409	193104258	2627	0.0082
DUNGS_p_TCGA_b84_115_SNP_N_GenomeWideSNP_6_A04_771520	1	193104525	193104804	5	-1.1081
DUNGS_p_TCGA_b84_115_SNP_N_GenomeWideSNP_6_A04_771520	1	193107206	194448234	1034	6e-04
DUNGS_p_TCGA_b84_115_SNP_N_GenomeWideSNP_6_A04_771520	1	194451411	194455018	2	1.3303
DUNGS_p_TCGA_b84_115_SNP_N_GenomeWideSNP_6_A04_771520	1	194457016	196727850	1456	0.0128
DUNGS_p_TCGA_b84_115_SNP_N_GenomeWideSNP_6_A04_771520	1	196731035	196801655	86	-0.4943
DUNGS_p_TCGA_b84_115_SNP_N_GenomeWideSNP_6_A04_771520	1	196801784	199111363	1390	0.0113
DUNGS_p_TCGA_b84_115_SNP_N_GenomeWideSNP_6_A04_771520	1	199111426	199112471	5	-0.8883
DUNGS_p_TCGA_b84_115_SNP_N_GenomeWideSNP_6_A04_771520	1	199112524	240134702	28419	0.0195
DUNGS_p_TCGA_b84_115_SNP_N_GenomeWideSNP_6_A04_771520	1	240135772	240135933	2	-1.1613
DUNGS_p_TCGA_b84_115_SNP_N_GenomeWideSNP_6_A04_771520	1	240136357	248592872	5955	0.0212
DUNGS_p_TCGA_b84_115_SNP_N_GenomeWideSNP_6_A04_771520	1	248593241	248600297	3	-0.9975
DUNGS_p_TCGA_b84_115_SNP_N_GenomeWideSNP_6_A04_771520	1	248600796	248697391	33	0.0589
DUNGS_p_TCGA_b84_115_SNP_N_GenomeWideSNP_6_A04_771520	1	248709616	248709670	2	1.6358
DUNGS_p_TCGA_b84_115_SNP_N_GenomeWideSNP_6_A04_771520	1	248713868	249224388	183	0.077
DUNGS_p_TCGA_b84_115_SNP_N_GenomeWideSNP_6_A04_771520	2	12784	4203580	2990	0.0038
DUNGS_p_TCGA_b84_115_SNP_N_GenomeWideSNP_6_A04_771520	2	4205687	4223695	40	0.3248
DUNGS_p_TCGA_b84_115_SNP_N_GenomeWideSNP_6_A04_771520	2	4223725	4913700	582	0.0204
DUNGS_p_TCGA_b84_115_SNP_N_GenomeWideSNP_6_A04_771520	2	4913923	4913984	3	-1.7864
DUNGS_p_TCGA_b84_115_SNP_N_GenomeWideSNP_6_A04_771520	2	4914073	34691069	20519	0.0178
DUNGS_p_TCGA_b84_115_SNP_N_GenomeWideSNP_6_A04_771520	2	34699315	34727867	44	0.4229
DUNGS_p_TCGA_b84_115_SNP_N_GenomeWideSNP_6_A04_771520	2	34736513	35984629	883	0.0085
DUNGS_p_TCGA_b84_115_SNP_N_GenomeWideSNP_6_A04_771520	2	35986716	35986908	2	1.1282
DUNGS_p_TCGA_b84_115_SNP_N_GenomeWideSNP_6_A04_771520	2	35987916	40332851	3176	0.024
DUNGS_p_TCGA_b84_115_SNP_N_GenomeWideSNP_6_A04_771520	2	40335410	40335459	2	-1.3688
DUNGS_p_TCGA_b84_115_SNP_N_GenomeWideSNP_6_A04_771520	2	40335876	41238443	773	0.0318
DUNGS_p_TCGA_b84_115_SNP_N_GenomeWideSNP_6_A04_771520	2	41238505	41245887	22	-0.6988
DUNGS_p_TCGA_b84_115_SNP_N_GenomeWideSNP_6_A04_771520	2	41251233	52754865	8205	0.0198
DUNGS_p_TCGA_b84_115_SNP_N_GenomeWideSNP_6_A04_771520	2	52754881	52781542	34	-0.3522
DUNGS_p_TCGA_b84_115_SNP_N_GenomeWideSNP_6_A04_771520	2	52787949	53843747	881	0.0215
DUNGS_p_TCGA_b84_115_SNP_N_GenomeWideSNP_6_A04_771520	2	53845054	53846547	4	-0.9936
DUNGS_p_TCGA_b84_115_SNP_N_GenomeWideSNP_6_A04_771520	2	53847282	74759557	13180	0.0218
DUNGS_p_TCGA_b84_115_SNP_N_GenomeWideSNP_6_A04_771520	2	74759779	74759795	2	-1.1735
DUNGS_p_TCGA_b84_115_SNP_N_GenomeWideSNP_6_A04_771520	2	74763176	86937687	7895	0.0138
DUNGS_p_TCGA_b84_115_SNP_N_GenomeWideSNP_6_A04_771520	2	86953070	86953854	2	1.4666
DUNGS_p_TCGA_b84_115_SNP_N_GenomeWideSNP_6_A04_771520	2	86970406	87287601	73	0.0424
DUNGS_p_TCGA_b84_115_SNP_N_GenomeWideSNP_6_A04_771520	2	87297290	87297725	2	-1.2785
DUNGS_p_TCGA_b84_115_SNP_N_GenomeWideSNP_6_A04_771520	2	87302107	92266408	1149	0.0603
DUNGS_p_TCGA_b84_115_SNP_N_GenomeWideSNP_6_A04_771520	2	92273572	92275027	4	-0.7906
DUNGS_p_TCGA_b84_115_SNP_N_GenomeWideSNP_6_A04_771520	2	92275652	106592329	6261	0.0259
DUNGS_p_TCGA_b84_115_SNP_N_GenomeWideSNP_6_A04_771520	2	106592549	106596104	3	-0.7851
DUNGS_p_TCGA_b84_115_SNP_N_GenomeWideSNP_6_A04_771520	2	106596790	106880095	242	0.0045
DUNGS_p_TCGA_b84_115_SNP_N_GenomeWideSNP_6_A04_771520	2	106880713	106885357	11	-2.3781
DUNGS_p_TCGA_b84_115_SNP_N_GenomeWideSNP_6_A04_771520	2	106887255	110467473	2114	0.007
DUNGS_p_TCGA_b84_115_SNP_N_GenomeWideSNP_6_A04_771520	2	110477250	110741829	6	-0.7913
DUNGS_p_TCGA_b84_115_SNP_N_GenomeWideSNP_6_A04_771520	2	110768242	132083849	12611	0.0151
DUNGS_p_TCGA_b84_115_SNP_N_GenomeWideSNP_6_A04_771520	2	132093032	132096387	6	-0.9986
DUNGS_p_TCGA_b84_115_SNP_N_GenomeWideSNP_6_A04_771520	2	132096439	132221406	76	0.0486
DUNGS_p_TCGA_b84_115_SNP_N_GenomeWideSNP_6_A04_771520	2	132222008	132226368	4	-0.8682
DUNGS_p_TCGA_b84_115_SNP_N_GenomeWideSNP_6_A04_771520	2	132226792	132731650	198	-0.0255
DUNGS_p_TCGA_b84_115_SNP_N_GenomeWideSNP_6_A04_771520	2	132742781	132743242	3	-1.0082
DUNGS_p_TCGA_b84_115_SNP_N_GenomeWideSNP_6_A04_771520	2	132746264	132863072	35	0.0959
DUNGS_p_TCGA_b84_115_SNP_N_GenomeWideSNP_6_A04_771520	2	132865616	132873989	2	-1.2357
DUNGS_p_TCGA_b84_115_SNP_N_GenomeWideSNP_6_A04_771520	2	132876665	146864443	8920	0.0181
DUNGS_p_TCGA_b84_115_SNP_N_GenomeWideSNP_6_A04_771520	2	146864457	146866934	21	0.8016
DUNGS_p_TCGA_b84_115_SNP_N_GenomeWideSNP_6_A04_771520	2	146877806	183264625	22417	0.0207
DUNGS_p_TCGA_b84_115_SNP_N_GenomeWideSNP_6_A04_771520	2	183265113	183265172	2	-6.7369
DUNGS_p_TCGA_b84_115_SNP_N_GenomeWideSNP_6_A04_771520	2	183267045	194687745	6503	0.0156
DUNGS_p_TCGA_b84_115_SNP_N_GenomeWideSNP_6_A04_771520	2	194690304	194693798	2	1.3051
DUNGS_p_TCGA_b84_115_SNP_N_GenomeWideSNP_6_A04_771520	2	194702314	205538202	6226	0.0197
DUNGS_p_TCGA_b84_115_SNP_N_GenomeWideSNP_6_A04_771520	2	205543818	205548370	7	-1.1029
DUNGS_p_TCGA_b84_115_SNP_N_GenomeWideSNP_6_A04_771520	2	205548402	243089456	24054	0.0156
DUNGS_p_TCGA_b84_115_SNP_N_GenomeWideSNP_6_A04_771520	3	60345	224602	157	-4e-04
DUNGS_p_TCGA_b84_115_SNP_N_GenomeWideSNP_6_A04_771520	3	230022	232800	4	-0.9187
DUNGS_p_TCGA_b84_115_SNP_N_GenomeWideSNP_6_A04_771520	3	234877	2649873	2101	0.0196
DUNGS_p_TCGA_b84_115_SNP_N_GenomeWideSNP_6_A04_771520	3	2654691	2655205	4	-1.0365
DUNGS_p_TCGA_b84_115_SNP_N_GenomeWideSNP_6_A04_771520	3	2655482	7302350	4145	0.0208
DUNGS_p_TCGA_b84_115_SNP_N_GenomeWideSNP_6_A04_771520	3	7304978	7305399	2	-1.2093
DUNGS_p_TCGA_b84_115_SNP_N_GenomeWideSNP_6_A04_771520	3	7309658	26613201	13680	0.0204
DUNGS_p_TCGA_b84_115_SNP_N_GenomeWideSNP_6_A04_771520	3	26614974	26614985	8	0.7415
DUNGS_p_TCGA_b84_115_SNP_N_GenomeWideSNP_6_A04_771520	3	26615949	37986928	7632	0.0208
DUNGS_p_TCGA_b84_115_SNP_N_GenomeWideSNP_6_A04_771520	3	37987106	37987142	2	1.3517
DUNGS_p_TCGA_b84_115_SNP_N_GenomeWideSNP_6_A04_771520	3	37987774	46791545	5547	0.0194
DUNGS_p_TCGA_b84_115_SNP_N_GenomeWideSNP_6_A04_771520	3	46793377	46849179	41	-0.9179
DUNGS_p_TCGA_b84_115_SNP_N_GenomeWideSNP_6_A04_771520	3	46849589	47478509	270	0.0179
DUNGS_p_TCGA_b84_115_SNP_N_GenomeWideSNP_6_A04_771520	3	47491822	47497214	3	0.827
DUNGS_p_TCGA_b84_115_SNP_N_GenomeWideSNP_6_A04_771520	3	47504849	54889044	3561	0.0264
DUNGS_p_TCGA_b84_115_SNP_N_GenomeWideSNP_6_A04_771520	3	54890526	54891406	2	-1.2206
DUNGS_p_TCGA_b84_115_SNP_N_GenomeWideSNP_6_A04_771520	3	54891834	62710600	6156	0.015
DUNGS_p_TCGA_b84_115_SNP_N_GenomeWideSNP_6_A04_771520	3	62712682	62715860	8	-0.9579
DUNGS_p_TCGA_b84_115_SNP_N_GenomeWideSNP_6_A04_771520	3	62715908	68732028	4583	0.019
DUNGS_p_TCGA_b84_115_SNP_N_GenomeWideSNP_6_A04_771520	3	68746164	68747364	14	1.1117
DUNGS_p_TCGA_b84_115_SNP_N_GenomeWideSNP_6_A04_771520	3	68747413	70469807	1382	0.0132
DUNGS_p_TCGA_b84_115_SNP_N_GenomeWideSNP_6_A04_771520	3	70469945	70469958	2	-1.3139
DUNGS_p_TCGA_b84_115_SNP_N_GenomeWideSNP_6_A04_771520	3	70473655	75561141	3558	0.0174
DUNGS_p_TCGA_b84_115_SNP_N_GenomeWideSNP_6_A04_771520	3	75568549	75586805	7	0.7677
DUNGS_p_TCGA_b84_115_SNP_N_GenomeWideSNP_6_A04_771520	3	75595181	86261525	5943	0.0193
DUNGS_p_TCGA_b84_115_SNP_N_GenomeWideSNP_6_A04_771520	3	86265202	86265815	2	-2.9058
DUNGS_p_TCGA_b84_115_SNP_N_GenomeWideSNP_6_A04_771520	3	86270162	97712289	4332	0.0142
DUNGS_p_TCGA_b84_115_SNP_N_GenomeWideSNP_6_A04_771520	3	97713502	97713804	3	-0.93
DUNGS_p_TCGA_b84_115_SNP_N_GenomeWideSNP_6_A04_771520	3	97718561	97956918	179	0.0184
DUNGS_p_TCGA_b84_115_SNP_N_GenomeWideSNP_6_A04_771520	3	97956985	97968302	3	-1.0262
DUNGS_p_TCGA_b84_115_SNP_N_GenomeWideSNP_6_A04_771520	3	97970068	98944458	558	0.0237
DUNGS_p_TCGA_b84_115_SNP_N_GenomeWideSNP_6_A04_771520	3	98944476	98949314	36	0.2941
DUNGS_p_TCGA_b84_115_SNP_N_GenomeWideSNP_6_A04_771520	3	98949421	100402298	790	0.0219
DUNGS_p_TCGA_b84_115_SNP_N_GenomeWideSNP_6_A04_771520	3	100411361	100411894	3	-1.1248
DUNGS_p_TCGA_b84_115_SNP_N_GenomeWideSNP_6_A04_771520	3	100413181	100463187	28	-0.0325
DUNGS_p_TCGA_b84_115_SNP_N_GenomeWideSNP_6_A04_771520	3	100468500	100468776	2	-1.4944
DUNGS_p_TCGA_b84_115_SNP_N_GenomeWideSNP_6_A04_771520	3	100471347	110258636	5984	0.0191
DUNGS_p_TCGA_b84_115_SNP_N_GenomeWideSNP_6_A04_771520	3	110263131	110274952	16	-1.1058
DUNGS_p_TCGA_b84_115_SNP_N_GenomeWideSNP_6_A04_771520	3	110277764	114655782	2669	0.0251
DUNGS_p_TCGA_b84_115_SNP_N_GenomeWideSNP_6_A04_771520	3	114660592	114660944	6	-2.5598
DUNGS_p_TCGA_b84_115_SNP_N_GenomeWideSNP_6_A04_771520	3	114668950	125712213	6897	0.0146
DUNGS_p_TCGA_b84_115_SNP_N_GenomeWideSNP_6_A04_771520	3	125712270	125721862	30	-0.8782
DUNGS_p_TCGA_b84_115_SNP_N_GenomeWideSNP_6_A04_771520	3	125722332	129766586	2340	0.0125
DUNGS_p_TCGA_b84_115_SNP_N_GenomeWideSNP_6_A04_771520	3	129775858	129806236	50	0.6108
DUNGS_p_TCGA_b84_115_SNP_N_GenomeWideSNP_6_A04_771520	3	129806924	162545716	20331	0.0201
DUNGS_p_TCGA_b84_115_SNP_N_GenomeWideSNP_6_A04_771520	3	162546229	162633607	65	-0.2487
DUNGS_p_TCGA_b84_115_SNP_N_GenomeWideSNP_6_A04_771520	3	162634145	165795950	1801	0.0176
DUNGS_p_TCGA_b84_115_SNP_N_GenomeWideSNP_6_A04_771520	3	165796468	165796886	2	-1.1246
DUNGS_p_TCGA_b84_115_SNP_N_GenomeWideSNP_6_A04_771520	3	165796893	166063330	170	-3e-04
DUNGS_p_TCGA_b84_115_SNP_N_GenomeWideSNP_6_A04_771520	3	166063784	166064820	3	-1.4408
DUNGS_p_TCGA_b84_115_SNP_N_GenomeWideSNP_6_A04_771520	3	166068093	169348944	1921	0.0197
DUNGS_p_TCGA_b84_115_SNP_N_GenomeWideSNP_6_A04_771520	3	169349862	169352825	4	-1.2082
DUNGS_p_TCGA_b84_115_SNP_N_GenomeWideSNP_6_A04_771520	3	169353852	175080611	3751	0.0216
DUNGS_p_TCGA_b84_115_SNP_N_GenomeWideSNP_6_A04_771520	3	175080747	175081226	4	-0.742
DUNGS_p_TCGA_b84_115_SNP_N_GenomeWideSNP_6_A04_771520	3	175081325	178631965	2203	0.0182
DUNGS_p_TCGA_b84_115_SNP_N_GenomeWideSNP_6_A04_771520	3	178637981	178654969	8	-0.611
DUNGS_p_TCGA_b84_115_SNP_N_GenomeWideSNP_6_A04_771520	3	178661252	186405945	4580	0.0182
DUNGS_p_TCGA_b84_115_SNP_N_GenomeWideSNP_6_A04_771520	3	186406123	186406138	2	-1.2533
DUNGS_p_TCGA_b84_115_SNP_N_GenomeWideSNP_6_A04_771520	3	186412861	192877902	4745	0.0184
DUNGS_p_TCGA_b84_115_SNP_N_GenomeWideSNP_6_A04_771520	3	192877962	192879006	6	1.0048
DUNGS_p_TCGA_b84_115_SNP_N_GenomeWideSNP_6_A04_771520	3	192880473	195285898	1500	0.028
DUNGS_p_TCGA_b84_115_SNP_N_GenomeWideSNP_6_A04_771520	3	195383142	195455508	29	-0.3697
DUNGS_p_TCGA_b84_115_SNP_N_GenomeWideSNP_6_A04_771520	3	195455861	197174477	838	0.0232
DUNGS_p_TCGA_b84_115_SNP_N_GenomeWideSNP_6_A04_771520	3	197176731	197177870	3	-1.0877
DUNGS_p_TCGA_b84_115_SNP_N_GenomeWideSNP_6_A04_771520	3	197184616	197896118	351	0.0398
DUNGS_p_TCGA_b84_115_SNP_N_GenomeWideSNP_6_A04_771520	4	12281	69713	62	0.3297
DUNGS_p_TCGA_b84_115_SNP_N_GenomeWideSNP_6_A04_771520	4	71420	3599392	1449	0.0244
DUNGS_p_TCGA_b84_115_SNP_N_GenomeWideSNP_6_A04_771520	4	3599450	3602184	3	-1.5091
DUNGS_p_TCGA_b84_115_SNP_N_GenomeWideSNP_6_A04_771520	4	3609390	9451923	3739	0.0179
DUNGS_p_TCGA_b84_115_SNP_N_GenomeWideSNP_6_A04_771520	4	9456977	9461230	2	-1.2166
DUNGS_p_TCGA_b84_115_SNP_N_GenomeWideSNP_6_A04_771520	4	9464537	9859897	172	0.0207
DUNGS_p_TCGA_b84_115_SNP_N_GenomeWideSNP_6_A04_771520	4	9859901	9865042	4	0.7905
DUNGS_p_TCGA_b84_115_SNP_N_GenomeWideSNP_6_A04_771520	4	9867502	10210390	378	0.002
DUNGS_p_TCGA_b84_115_SNP_N_GenomeWideSNP_6_A04_771520	4	10214160	10231249	28	-2.0488
DUNGS_p_TCGA_b84_115_SNP_N_GenomeWideSNP_6_A04_771520	4	10231498	10235268	8	-0.635
DUNGS_p_TCGA_b84_115_SNP_N_GenomeWideSNP_6_A04_771520	4	10236142	21078220	7967	0.0227
DUNGS_p_TCGA_b84_115_SNP_N_GenomeWideSNP_6_A04_771520	4	21082551	21083224	4	-0.9883
DUNGS_p_TCGA_b84_115_SNP_N_GenomeWideSNP_6_A04_771520	4	21085330	24215638	2293	0.0155
DUNGS_p_TCGA_b84_115_SNP_N_GenomeWideSNP_6_A04_771520	4	24215719	24215917	2	-1.1131
DUNGS_p_TCGA_b84_115_SNP_N_GenomeWideSNP_6_A04_771520	4	24217753	34778975	6737	0.0172
DUNGS_p_TCGA_b84_115_SNP_N_GenomeWideSNP_6_A04_771520	4	34779004	34824725	42	-0.502
DUNGS_p_TCGA_b84_115_SNP_N_GenomeWideSNP_6_A04_771520	4	34829872	44017141	6059	0.0205
DUNGS_p_TCGA_b84_115_SNP_N_GenomeWideSNP_6_A04_771520	4	44021885	44026404	5	-0.8996
DUNGS_p_TCGA_b84_115_SNP_N_GenomeWideSNP_6_A04_771520	4	44031399	49089374	2914	0.0172
DUNGS_p_TCGA_b84_115_SNP_N_GenomeWideSNP_6_A04_771520	4	49093786	49658223	40	0.3439
DUNGS_p_TCGA_b84_115_SNP_N_GenomeWideSNP_6_A04_771520	4	49658612	63667834	7023	0.0226
DUNGS_p_TCGA_b84_115_SNP_N_GenomeWideSNP_6_A04_771520	4	63669936	63679630	9	-0.7112
DUNGS_p_TCGA_b84_115_SNP_N_GenomeWideSNP_6_A04_771520	4	63684502	64693940	555	0.0321
DUNGS_p_TCGA_b84_115_SNP_N_GenomeWideSNP_6_A04_771520	4	64697469	64704293	7	-2.3088
DUNGS_p_TCGA_b84_115_SNP_N_GenomeWideSNP_6_A04_771520	4	64705156	64707581	15	-0.3934
DUNGS_p_TCGA_b84_115_SNP_N_GenomeWideSNP_6_A04_771520	4	64707605	64708258	7	-3.4657
DUNGS_p_TCGA_b84_115_SNP_N_GenomeWideSNP_6_A04_771520	4	64716431	69261064	2864	0.0135
DUNGS_p_TCGA_b84_115_SNP_N_GenomeWideSNP_6_A04_771520	4	69282205	69288142	5	-1.521
DUNGS_p_TCGA_b84_115_SNP_N_GenomeWideSNP_6_A04_771520	4	69294799	70123510	409	-0.0063
DUNGS_p_TCGA_b84_115_SNP_N_GenomeWideSNP_6_A04_771520	4	70127644	70278449	78	-0.4007
DUNGS_p_TCGA_b84_115_SNP_N_GenomeWideSNP_6_A04_771520	4	70280532	77087769	4093	0.0268
DUNGS_p_TCGA_b84_115_SNP_N_GenomeWideSNP_6_A04_771520	4	77091998	77092287	2	-1.8114
DUNGS_p_TCGA_b84_115_SNP_N_GenomeWideSNP_6_A04_771520	4	77093622	93536428	10276	0.0236
DUNGS_p_TCGA_b84_115_SNP_N_GenomeWideSNP_6_A04_771520	4	93539532	93541669	3	-1.0223
DUNGS_p_TCGA_b84_115_SNP_N_GenomeWideSNP_6_A04_771520	4	93544871	96401017	1732	0.0139
DUNGS_p_TCGA_b84_115_SNP_N_GenomeWideSNP_6_A04_771520	4	96401165	96405795	2	-1.3758
DUNGS_p_TCGA_b84_115_SNP_N_GenomeWideSNP_6_A04_771520	4	96405913	104201019	4549	0.0198
DUNGS_p_TCGA_b84_115_SNP_N_GenomeWideSNP_6_A04_771520	4	104206814	104215706	16	-0.7812
DUNGS_p_TCGA_b84_115_SNP_N_GenomeWideSNP_6_A04_771520	4	104218100	104218102	3	0.4451
DUNGS_p_TCGA_b84_115_SNP_N_GenomeWideSNP_6_A04_771520	4	104220104	104247934	30	-1.1055
DUNGS_p_TCGA_b84_115_SNP_N_GenomeWideSNP_6_A04_771520	4	104249405	115179352	6671	0.021
DUNGS_p_TCGA_b84_115_SNP_N_GenomeWideSNP_6_A04_771520	4	115179428	115179456	3	-0.8754
DUNGS_p_TCGA_b84_115_SNP_N_GenomeWideSNP_6_A04_771520	4	115179474	115940261	478	0.0275
DUNGS_p_TCGA_b84_115_SNP_N_GenomeWideSNP_6_A04_771520	4	115946980	115948139	2	-1.3407
DUNGS_p_TCGA_b84_115_SNP_N_GenomeWideSNP_6_A04_771520	4	115948716	138092195	12800	0.0217
DUNGS_p_TCGA_b84_115_SNP_N_GenomeWideSNP_6_A04_771520	4	138092239	138123323	30	-0.503
DUNGS_p_TCGA_b84_115_SNP_N_GenomeWideSNP_6_A04_771520	4	138123933	138182433	69	0.0073
DUNGS_p_TCGA_b84_115_SNP_N_GenomeWideSNP_6_A04_771520	4	138182481	138182613	4	-0.8361
DUNGS_p_TCGA_b84_115_SNP_N_GenomeWideSNP_6_A04_771520	4	138182713	152791654	8806	0.0207
DUNGS_p_TCGA_b84_115_SNP_N_GenomeWideSNP_6_A04_771520	4	152791692	152792567	9	-0.9038
DUNGS_p_TCGA_b84_115_SNP_N_GenomeWideSNP_6_A04_771520	4	152792891	161066856	5273	0.0157
DUNGS_p_TCGA_b84_115_SNP_N_GenomeWideSNP_6_A04_771520	4	161066881	161070267	11	-0.5292
DUNGS_p_TCGA_b84_115_SNP_N_GenomeWideSNP_6_A04_771520	4	161070504	161567855	362	0.0124
DUNGS_p_TCGA_b84_115_SNP_N_GenomeWideSNP_6_A04_771520	4	161567968	161575183	4	-1.0928
DUNGS_p_TCGA_b84_115_SNP_N_GenomeWideSNP_6_A04_771520	4	161575417	162749911	840	0.0278
DUNGS_p_TCGA_b84_115_SNP_N_GenomeWideSNP_6_A04_771520	4	162751489	162751743	3	-0.8857
DUNGS_p_TCGA_b84_115_SNP_N_GenomeWideSNP_6_A04_771520	4	162751850	171620090	5609	0.0145
DUNGS_p_TCGA_b84_115_SNP_N_GenomeWideSNP_6_A04_771520	4	171624499	171626345	2	-1.1331
DUNGS_p_TCGA_b84_115_SNP_N_GenomeWideSNP_6_A04_771520	4	171626648	172369346	483	-0.0046
DUNGS_p_TCGA_b84_115_SNP_N_GenomeWideSNP_6_A04_771520	4	172374884	172377776	12	1.0072
DUNGS_p_TCGA_b84_115_SNP_N_GenomeWideSNP_6_A04_771520	4	172380371	172987928	397	0.0065
DUNGS_p_TCGA_b84_115_SNP_N_GenomeWideSNP_6_A04_771520	4	172989148	172989373	5	-0.7439
DUNGS_p_TCGA_b84_115_SNP_N_GenomeWideSNP_6_A04_771520	4	172989408	172989519	6	-2.1082
DUNGS_p_TCGA_b84_115_SNP_N_GenomeWideSNP_6_A04_771520	4	172989533	173422522	233	0.017
DUNGS_p_TCGA_b84_115_SNP_N_GenomeWideSNP_6_A04_771520	4	173424947	173453708	9	0.8391
DUNGS_p_TCGA_b84_115_SNP_N_GenomeWideSNP_6_A04_771520	4	173455246	182041509	5595	0.0184
DUNGS_p_TCGA_b84_115_SNP_N_GenomeWideSNP_6_A04_771520	4	182042349	182043081	2	-1.9026
DUNGS_p_TCGA_b84_115_SNP_N_GenomeWideSNP_6_A04_771520	4	182043723	182405799	332	0.0011
DUNGS_p_TCGA_b84_115_SNP_N_GenomeWideSNP_6_A04_771520	4	182407633	182408218	6	-0.8469
DUNGS_p_TCGA_b84_115_SNP_N_GenomeWideSNP_6_A04_771520	4	182408433	184145616	1336	0.0063
DUNGS_p_TCGA_b84_115_SNP_N_GenomeWideSNP_6_A04_771520	4	184150180	184151185	3	-1.298
DUNGS_p_TCGA_b84_115_SNP_N_GenomeWideSNP_6_A04_771520	4	184154126	189221258	3443	0.0191
DUNGS_p_TCGA_b84_115_SNP_N_GenomeWideSNP_6_A04_771520	4	189221360	189221439	4	1.396
DUNGS_p_TCGA_b84_115_SNP_N_GenomeWideSNP_6_A04_771520	4	189222813	189871007	543	0.0307
DUNGS_p_TCGA_b84_115_SNP_N_GenomeWideSNP_6_A04_771520	4	189872329	189872793	2	-2.0022
DUNGS_p_TCGA_b84_115_SNP_N_GenomeWideSNP_6_A04_771520	4	189872850	191027923	632	0.0665
DUNGS_p_TCGA_b84_115_SNP_N_GenomeWideSNP_6_A04_771520	5	15532	16517130	12769	0.0166
DUNGS_p_TCGA_b84_115_SNP_N_GenomeWideSNP_6_A04_771520	5	16517367	16520379	3	-1.1116
DUNGS_p_TCGA_b84_115_SNP_N_GenomeWideSNP_6_A04_771520	5	16522125	21370577	2972	0.0208
DUNGS_p_TCGA_b84_115_SNP_N_GenomeWideSNP_6_A04_771520	5	21376844	21377853	3	-1.8269
DUNGS_p_TCGA_b84_115_SNP_N_GenomeWideSNP_6_A04_771520	5	21386066	26789496	3210	0.0143
DUNGS_p_TCGA_b84_115_SNP_N_GenomeWideSNP_6_A04_771520	5	26797760	26797844	2	-1.6353
DUNGS_p_TCGA_b84_115_SNP_N_GenomeWideSNP_6_A04_771520	5	26803884	46271108	11878	0.0199
DUNGS_p_TCGA_b84_115_SNP_N_GenomeWideSNP_6_A04_771520	5	46271930	46273502	6	-2.4003
DUNGS_p_TCGA_b84_115_SNP_N_GenomeWideSNP_6_A04_771520	5	46278212	57329629	5091	0.0289
DUNGS_p_TCGA_b84_115_SNP_N_GenomeWideSNP_6_A04_771520	5	57329756	57333533	25	-0.4763
DUNGS_p_TCGA_b84_115_SNP_N_GenomeWideSNP_6_A04_771520	5	57338357	57654133	255	0.0456
DUNGS_p_TCGA_b84_115_SNP_N_GenomeWideSNP_6_A04_771520	5	57655814	57655921	3	-1.0854
DUNGS_p_TCGA_b84_115_SNP_N_GenomeWideSNP_6_A04_771520	5	57656309	65267985	4680	0.023
DUNGS_p_TCGA_b84_115_SNP_N_GenomeWideSNP_6_A04_771520	5	65268670	65268874	2	-1.4471
DUNGS_p_TCGA_b84_115_SNP_N_GenomeWideSNP_6_A04_771520	5	65269931	65522888	130	-0.0345
DUNGS_p_TCGA_b84_115_SNP_N_GenomeWideSNP_6_A04_771520	5	65529512	65529662	2	-1.6072
DUNGS_p_TCGA_b84_115_SNP_N_GenomeWideSNP_6_A04_771520	5	65530497	68829347	2235	0.0318
DUNGS_p_TCGA_b84_115_SNP_N_GenomeWideSNP_6_A04_771520	5	68846303	69313673	9	0.6722
DUNGS_p_TCGA_b84_115_SNP_N_GenomeWideSNP_6_A04_771520	5	69313688	70349193	16	0.0237
DUNGS_p_TCGA_b84_115_SNP_N_GenomeWideSNP_6_A04_771520	5	70391185	70391253	2	0.8788
DUNGS_p_TCGA_b84_115_SNP_N_GenomeWideSNP_6_A04_771520	5	70654072	74311838	2423	0.0251
DUNGS_p_TCGA_b84_115_SNP_N_GenomeWideSNP_6_A04_771520	5	74313756	74332599	4	-0.7756
DUNGS_p_TCGA_b84_115_SNP_N_GenomeWideSNP_6_A04_771520	5	74332977	81418763	4470	0.032
DUNGS_p_TCGA_b84_115_SNP_N_GenomeWideSNP_6_A04_771520	5	81419278	81427482	3	-2.4491
DUNGS_p_TCGA_b84_115_SNP_N_GenomeWideSNP_6_A04_771520	5	81428038	99173899	9918	0.0235
DUNGS_p_TCGA_b84_115_SNP_N_GenomeWideSNP_6_A04_771520	5	99175741	99177121	4	-0.8415
DUNGS_p_TCGA_b84_115_SNP_N_GenomeWideSNP_6_A04_771520	5	99177139	106089702	4060	0.0154
DUNGS_p_TCGA_b84_115_SNP_N_GenomeWideSNP_6_A04_771520	5	106090828	106113810	12	-0.455
DUNGS_p_TCGA_b84_115_SNP_N_GenomeWideSNP_6_A04_771520	5	106113984	106227527	79	0.023
DUNGS_p_TCGA_b84_115_SNP_N_GenomeWideSNP_6_A04_771520	5	106229673	106233022	15	-0.9212
DUNGS_p_TCGA_b84_115_SNP_N_GenomeWideSNP_6_A04_771520	5	106233053	150202205	28438	0.0213
DUNGS_p_TCGA_b84_115_SNP_N_GenomeWideSNP_6_A04_771520	5	150205500	150218604	8	-3.1654
DUNGS_p_TCGA_b84_115_SNP_N_GenomeWideSNP_6_A04_771520	5	150223387	155476920	3643	0.0176
DUNGS_p_TCGA_b84_115_SNP_N_GenomeWideSNP_6_A04_771520	5	155476998	155482715	11	-0.9505
DUNGS_p_TCGA_b84_115_SNP_N_GenomeWideSNP_6_A04_771520	5	155482729	159321020	2657	0.0206
DUNGS_p_TCGA_b84_115_SNP_N_GenomeWideSNP_6_A04_771520	5	159321697	159322169	2	-1.8172
DUNGS_p_TCGA_b84_115_SNP_N_GenomeWideSNP_6_A04_771520	5	159322223	180374523	14001	0.018
DUNGS_p_TCGA_b84_115_SNP_N_GenomeWideSNP_6_A04_771520	5	180378710	180417911	18	0.4755
DUNGS_p_TCGA_b84_115_SNP_N_GenomeWideSNP_6_A04_771520	5	180418103	180790320	172	-0.0255
DUNGS_p_TCGA_b84_115_SNP_N_GenomeWideSNP_6_A04_771520	6	149661	4468004	3577	0.0208
DUNGS_p_TCGA_b84_115_SNP_N_GenomeWideSNP_6_A04_771520	6	4470378	4470581	2	-1.1736
DUNGS_p_TCGA_b84_115_SNP_N_GenomeWideSNP_6_A04_771520	6	4471472	19040119	11235	0.0165
DUNGS_p_TCGA_b84_115_SNP_N_GenomeWideSNP_6_A04_771520	6	19042181	19042818	3	-1.1389
DUNGS_p_TCGA_b84_115_SNP_N_GenomeWideSNP_6_A04_771520	6	19044702	23057637	2936	0.0131
DUNGS_p_TCGA_b84_115_SNP_N_GenomeWideSNP_6_A04_771520	6	23060991	23060999	3	-1.0048
DUNGS_p_TCGA_b84_115_SNP_N_GenomeWideSNP_6_A04_771520	6	23064254	23795695	553	0.0177
DUNGS_p_TCGA_b84_115_SNP_N_GenomeWideSNP_6_A04_771520	6	23796178	23796212	3	-2.4845
DUNGS_p_TCGA_b84_115_SNP_N_GenomeWideSNP_6_A04_771520	6	23797913	24974837	823	0.021
DUNGS_p_TCGA_b84_115_SNP_N_GenomeWideSNP_6_A04_771520	6	24975308	24975485	3	-0.9979
DUNGS_p_TCGA_b84_115_SNP_N_GenomeWideSNP_6_A04_771520	6	24975603	26752497	1174	0.0415
DUNGS_p_TCGA_b84_115_SNP_N_GenomeWideSNP_6_A04_771520	6	26752572	26758030	5	0.7307
DUNGS_p_TCGA_b84_115_SNP_N_GenomeWideSNP_6_A04_771520	6	26762387	29850380	1469	0.0297
DUNGS_p_TCGA_b84_115_SNP_N_GenomeWideSNP_6_A04_771520	6	29871636	29896659	11	-1.007
DUNGS_p_TCGA_b84_115_SNP_N_GenomeWideSNP_6_A04_771520	6	29898897	31022113	479	0.0286
DUNGS_p_TCGA_b84_115_SNP_N_GenomeWideSNP_6_A04_771520	6	31022158	31022195	2	-0.9621
DUNGS_p_TCGA_b84_115_SNP_N_GenomeWideSNP_6_A04_771520	6	31025479	31209045	124	0.0479
DUNGS_p_TCGA_b84_115_SNP_N_GenomeWideSNP_6_A04_771520	6	31209510	31210866	3	-0.626
DUNGS_p_TCGA_b84_115_SNP_N_GenomeWideSNP_6_A04_771520	6	31229462	31277686	50	-0.0157
DUNGS_p_TCGA_b84_115_SNP_N_GenomeWideSNP_6_A04_771520	6	31280823	31295406	8	-2.0829
DUNGS_p_TCGA_b84_115_SNP_N_GenomeWideSNP_6_A04_771520	6	31295953	32449050	510	0.0415
DUNGS_p_TCGA_b84_115_SNP_N_GenomeWideSNP_6_A04_771520	6	32449523	32573771	36	0.7858
DUNGS_p_TCGA_b84_115_SNP_N_GenomeWideSNP_6_A04_771520	6	32574014	32690027	79	0.1166
DUNGS_p_TCGA_b84_115_SNP_N_GenomeWideSNP_6_A04_771520	6	32690797	32690830	3	1.2016
DUNGS_p_TCGA_b84_115_SNP_N_GenomeWideSNP_6_A04_771520	6	32692227	33937999	762	0.0227
DUNGS_p_TCGA_b84_115_SNP_N_GenomeWideSNP_6_A04_771520	6	33938743	33942705	7	-0.8229
DUNGS_p_TCGA_b84_115_SNP_N_GenomeWideSNP_6_A04_771520	6	33944586	52781560	12069	0.0186
DUNGS_p_TCGA_b84_115_SNP_N_GenomeWideSNP_6_A04_771520	6	52783041	52787445	4	-0.7845
DUNGS_p_TCGA_b84_115_SNP_N_GenomeWideSNP_6_A04_771520	6	52789828	53436597	452	0.0204
DUNGS_p_TCGA_b84_115_SNP_N_GenomeWideSNP_6_A04_771520	6	53438526	53440185	3	-1.057
DUNGS_p_TCGA_b84_115_SNP_N_GenomeWideSNP_6_A04_771520	6	53440956	53931084	411	0.0258
DUNGS_p_TCGA_b84_115_SNP_N_GenomeWideSNP_6_A04_771520	6	53931151	53931855	7	1.2039
DUNGS_p_TCGA_b84_115_SNP_N_GenomeWideSNP_6_A04_771520	6	53935348	66353061	5037	0.0215
DUNGS_p_TCGA_b84_115_SNP_N_GenomeWideSNP_6_A04_771520	6	66356639	66356757	2	-2.2764
DUNGS_p_TCGA_b84_115_SNP_N_GenomeWideSNP_6_A04_771520	6	66357489	67041451	465	0.0376
DUNGS_p_TCGA_b84_115_SNP_N_GenomeWideSNP_6_A04_771520	6	67042715	67043192	5	0.8665
DUNGS_p_TCGA_b84_115_SNP_N_GenomeWideSNP_6_A04_771520	6	67043235	74591858	5022	0.0218
DUNGS_p_TCGA_b84_115_SNP_N_GenomeWideSNP_6_A04_771520	6	74592225	74594734	6	-0.8403
DUNGS_p_TCGA_b84_115_SNP_N_GenomeWideSNP_6_A04_771520	6	74594754	77429730	1773	0.0239
DUNGS_p_TCGA_b84_115_SNP_N_GenomeWideSNP_6_A04_771520	6	77436159	77452641	20	0.4325
DUNGS_p_TCGA_b84_115_SNP_N_GenomeWideSNP_6_A04_771520	6	77452673	78962889	983	0.0176
DUNGS_p_TCGA_b84_115_SNP_N_GenomeWideSNP_6_A04_771520	6	78969065	79035185	113	0.3833
DUNGS_p_TCGA_b84_115_SNP_N_GenomeWideSNP_6_A04_771520	6	79039234	79371211	232	-0.0094
DUNGS_p_TCGA_b84_115_SNP_N_GenomeWideSNP_6_A04_771520	6	79374055	79374725	2	-1.3539
DUNGS_p_TCGA_b84_115_SNP_N_GenomeWideSNP_6_A04_771520	6	79375176	92379571	8222	0.02
DUNGS_p_TCGA_b84_115_SNP_N_GenomeWideSNP_6_A04_771520	6	92380313	92382145	4	-1.0974
DUNGS_p_TCGA_b84_115_SNP_N_GenomeWideSNP_6_A04_771520	6	92386964	128825271	22437	0.0242
DUNGS_p_TCGA_b84_115_SNP_N_GenomeWideSNP_6_A04_771520	6	128828268	128829399	6	-1.0687
DUNGS_p_TCGA_b84_115_SNP_N_GenomeWideSNP_6_A04_771520	6	128830303	131413789	1815	0.0329
DUNGS_p_TCGA_b84_115_SNP_N_GenomeWideSNP_6_A04_771520	6	131418544	131419022	2	-1.2198
DUNGS_p_TCGA_b84_115_SNP_N_GenomeWideSNP_6_A04_771520	6	131422563	142232907	7053	0.0261
DUNGS_p_TCGA_b84_115_SNP_N_GenomeWideSNP_6_A04_771520	6	142235151	142235961	3	-0.958
DUNGS_p_TCGA_b84_115_SNP_N_GenomeWideSNP_6_A04_771520	6	142244191	153957370	8091	0.0185
DUNGS_p_TCGA_b84_115_SNP_N_GenomeWideSNP_6_A04_771520	6	153960786	153961419	2	-3.4242
DUNGS_p_TCGA_b84_115_SNP_N_GenomeWideSNP_6_A04_771520	6	153961899	153981130	16	0.0072
DUNGS_p_TCGA_b84_115_SNP_N_GenomeWideSNP_6_A04_771520	6	153982350	153992921	3	-1.1324
DUNGS_p_TCGA_b84_115_SNP_N_GenomeWideSNP_6_A04_771520	6	153993697	160182096	4046	0.0178
DUNGS_p_TCGA_b84_115_SNP_N_GenomeWideSNP_6_A04_771520	6	160182186	160182261	2	-1.1814
DUNGS_p_TCGA_b84_115_SNP_N_GenomeWideSNP_6_A04_771520	6	160185972	161032565	629	0.0244
DUNGS_p_TCGA_b84_115_SNP_N_GenomeWideSNP_6_A04_771520	6	161032719	161033283	5	0.8033
DUNGS_p_TCGA_b84_115_SNP_N_GenomeWideSNP_6_A04_771520	6	161068042	170919495	7267	0.0167
DUNGS_p_TCGA_b84_115_SNP_N_GenomeWideSNP_6_A04_771520	6	170982327	171051005	4	0.567
DUNGS_p_TCGA_b84_115_SNP_N_GenomeWideSNP_6_A04_771520	7	43355	4412406	2307	0.0077
DUNGS_p_TCGA_b84_115_SNP_N_GenomeWideSNP_6_A04_771520	7	4416948	4418872	7	-1.0732
DUNGS_p_TCGA_b84_115_SNP_N_GenomeWideSNP_6_A04_771520	7	4421461	6837068	1130	0.0349
DUNGS_p_TCGA_b84_115_SNP_N_GenomeWideSNP_6_A04_771520	7	6838724	6862693	4	-1.0769
DUNGS_p_TCGA_b84_115_SNP_N_GenomeWideSNP_6_A04_771520	7	6864083	22735528	12880	0.0151
DUNGS_p_TCGA_b84_115_SNP_N_GenomeWideSNP_6_A04_771520	7	22735936	22738762	3	-0.9662
DUNGS_p_TCGA_b84_115_SNP_N_GenomeWideSNP_6_A04_771520	7	22740381	38294101	11136	0.0153
DUNGS_p_TCGA_b84_115_SNP_N_GenomeWideSNP_6_A04_771520	7	38294996	38331728	57	0.2902
DUNGS_p_TCGA_b84_115_SNP_N_GenomeWideSNP_6_A04_771520	7	38332030	54386505	11089	0.0143
DUNGS_p_TCGA_b84_115_SNP_N_GenomeWideSNP_6_A04_771520	7	54386509	54386517	5	3.1187
DUNGS_p_TCGA_b84_115_SNP_N_GenomeWideSNP_6_A04_771520	7	54393488	54562463	114	-0.0221
DUNGS_p_TCGA_b84_115_SNP_N_GenomeWideSNP_6_A04_771520	7	54562953	54563190	2	-1.6136
DUNGS_p_TCGA_b84_115_SNP_N_GenomeWideSNP_6_A04_771520	7	54564464	56761500	1457	0.0238
DUNGS_p_TCGA_b84_115_SNP_N_GenomeWideSNP_6_A04_771520	7	56762113	56768814	3	-2.8348
DUNGS_p_TCGA_b84_115_SNP_N_GenomeWideSNP_6_A04_771520	7	56772166	64568852	1564	0.0233
DUNGS_p_TCGA_b84_115_SNP_N_GenomeWideSNP_6_A04_771520	7	64594065	64637128	7	0.7994
DUNGS_p_TCGA_b84_115_SNP_N_GenomeWideSNP_6_A04_771520	7	64638157	65261298	260	0.0367
DUNGS_p_TCGA_b84_115_SNP_N_GenomeWideSNP_6_A04_771520	7	65264524	65283868	10	0.5978
DUNGS_p_TCGA_b84_115_SNP_N_GenomeWideSNP_6_A04_771520	7	65292958	66690571	497	-0.0017
DUNGS_p_TCGA_b84_115_SNP_N_GenomeWideSNP_6_A04_771520	7	66695108	66698934	2	-2.2307
DUNGS_p_TCGA_b84_115_SNP_N_GenomeWideSNP_6_A04_771520	7	66699784	79467526	6803	0.0161
DUNGS_p_TCGA_b84_115_SNP_N_GenomeWideSNP_6_A04_771520	7	79469544	79480150	3	-1.2174
DUNGS_p_TCGA_b84_115_SNP_N_GenomeWideSNP_6_A04_771520	7	79483530	91358314	7696	0.0182
DUNGS_p_TCGA_b84_115_SNP_N_GenomeWideSNP_6_A04_771520	7	91358540	91359591	9	-1.0301
DUNGS_p_TCGA_b84_115_SNP_N_GenomeWideSNP_6_A04_771520	7	91360990	107799659	9318	0.0235
DUNGS_p_TCGA_b84_115_SNP_N_GenomeWideSNP_6_A04_771520	7	107800547	107801669	3	-1.0392
DUNGS_p_TCGA_b84_115_SNP_N_GenomeWideSNP_6_A04_771520	7	107801879	109441212	1109	0.01
DUNGS_p_TCGA_b84_115_SNP_N_GenomeWideSNP_6_A04_771520	7	109441244	109453910	11	-0.4816
DUNGS_p_TCGA_b84_115_SNP_N_GenomeWideSNP_6_A04_771520	7	109453982	140528571	19169	0.0183
DUNGS_p_TCGA_b84_115_SNP_N_GenomeWideSNP_6_A04_771520	7	140528822	140529099	3	-1.0447
DUNGS_p_TCGA_b84_115_SNP_N_GenomeWideSNP_6_A04_771520	7	140531561	140943913	303	0.017
DUNGS_p_TCGA_b84_115_SNP_N_GenomeWideSNP_6_A04_771520	7	140944040	140945954	2	-1.2663
DUNGS_p_TCGA_b84_115_SNP_N_GenomeWideSNP_6_A04_771520	7	140946254	141028746	80	0.0046
DUNGS_p_TCGA_b84_115_SNP_N_GenomeWideSNP_6_A04_771520	7	141030390	141030804	2	-1.3926
DUNGS_p_TCGA_b84_115_SNP_N_GenomeWideSNP_6_A04_771520	7	141031540	141769691	452	0.034
DUNGS_p_TCGA_b84_115_SNP_N_GenomeWideSNP_6_A04_771520	7	141770060	141791908	38	-0.7211
DUNGS_p_TCGA_b84_115_SNP_N_GenomeWideSNP_6_A04_771520	7	141792107	142209098	283	0.0508
DUNGS_p_TCGA_b84_115_SNP_N_GenomeWideSNP_6_A04_771520	7	142211969	142211994	2	-1.1562
DUNGS_p_TCGA_b84_115_SNP_N_GenomeWideSNP_6_A04_771520	7	142213677	142476719	168	0.1371
DUNGS_p_TCGA_b84_115_SNP_N_GenomeWideSNP_6_A04_771520	7	142476764	142485234	14	0.8757
DUNGS_p_TCGA_b84_115_SNP_N_GenomeWideSNP_6_A04_771520	7	142485285	142485666	6	0.3662
DUNGS_p_TCGA_b84_115_SNP_N_GenomeWideSNP_6_A04_771520	7	142485699	142486345	8	0.8186
DUNGS_p_TCGA_b84_115_SNP_N_GenomeWideSNP_6_A04_771520	7	142486495	143218858	467	0.0258
DUNGS_p_TCGA_b84_115_SNP_N_GenomeWideSNP_6_A04_771520	7	143218968	143408430	33	0.7824
DUNGS_p_TCGA_b84_115_SNP_N_GenomeWideSNP_6_A04_771520	7	143425378	143431034	17	-0.1541
DUNGS_p_TCGA_b84_115_SNP_N_GenomeWideSNP_6_A04_771520	7	143444216	143545694	45	0.8507
DUNGS_p_TCGA_b84_115_SNP_N_GenomeWideSNP_6_A04_771520	7	143545705	158947901	9908	0.0172
DUNGS_p_TCGA_b84_115_SNP_N_GenomeWideSNP_6_A04_771520	7	158948951	158957934	5	-0.9055
DUNGS_p_TCGA_b84_115_SNP_N_GenomeWideSNP_6_A04_771520	7	158959370	159127004	110	0.0455
DUNGS_p_TCGA_b84_115_SNP_N_GenomeWideSNP_6_A04_771520	8	31254	46398	2	1.0016
DUNGS_p_TCGA_b84_115_SNP_N_GenomeWideSNP_6_A04_771520	8	112796	593041	325	-0.0168
DUNGS_p_TCGA_b84_115_SNP_N_GenomeWideSNP_6_A04_771520	8	594944	595875	8	1.4703
DUNGS_p_TCGA_b84_115_SNP_N_GenomeWideSNP_6_A04_771520	8	595892	595908	2	5.1501
DUNGS_p_TCGA_b84_115_SNP_N_GenomeWideSNP_6_A04_771520	8	601043	1625418	787	0.0097
DUNGS_p_TCGA_b84_115_SNP_N_GenomeWideSNP_6_A04_771520	8	1625963	1626220	5	-0.757
DUNGS_p_TCGA_b84_115_SNP_N_GenomeWideSNP_6_A04_771520	8	1627174	1820745	116	0.086
DUNGS_p_TCGA_b84_115_SNP_N_GenomeWideSNP_6_A04_771520	8	1821492	1823659	5	-0.5934
DUNGS_p_TCGA_b84_115_SNP_N_GenomeWideSNP_6_A04_771520	8	1824149	2036441	175	0.0376
DUNGS_p_TCGA_b84_115_SNP_N_GenomeWideSNP_6_A04_771520	8	2036476	2036715	2	-0.9287
DUNGS_p_TCGA_b84_115_SNP_N_GenomeWideSNP_6_A04_771520	8	2036733	2055383	30	-0.0752
DUNGS_p_TCGA_b84_115_SNP_N_GenomeWideSNP_6_A04_771520	8	2055438	2061438	6	0.4304
DUNGS_p_TCGA_b84_115_SNP_N_GenomeWideSNP_6_A04_771520	8	2062246	2081212	27	0.032
DUNGS_p_TCGA_b84_115_SNP_N_GenomeWideSNP_6_A04_771520	8	2081251	2081951	7	-0.5042
DUNGS_p_TCGA_b84_115_SNP_N_GenomeWideSNP_6_A04_771520	8	2081992	2082077	4	-1.4651
DUNGS_p_TCGA_b84_115_SNP_N_GenomeWideSNP_6_A04_771520	8	2082186	2247827	150	0.0475
DUNGS_p_TCGA_b84_115_SNP_N_GenomeWideSNP_6_A04_771520	8	2254638	2259358	12	-1.2084
DUNGS_p_TCGA_b84_115_SNP_N_GenomeWideSNP_6_A04_771520	8	2270328	2485305	225	0.0094
DUNGS_p_TCGA_b84_115_SNP_N_GenomeWideSNP_6_A04_771520	8	2487818	2487861	3	-1.0538
DUNGS_p_TCGA_b84_115_SNP_N_GenomeWideSNP_6_A04_771520	8	2488278	7186646	5948	0.0071
DUNGS_p_TCGA_b84_115_SNP_N_GenomeWideSNP_6_A04_771520	8	7193821	7226436	23	-0.9867
DUNGS_p_TCGA_b84_115_SNP_N_GenomeWideSNP_6_A04_771520	8	7237903	8385797	507	0.0864
DUNGS_p_TCGA_b84_115_SNP_N_GenomeWideSNP_6_A04_771520	8	8386150	8386442	4	-1.7188
DUNGS_p_TCGA_b84_115_SNP_N_GenomeWideSNP_6_A04_771520	8	8388307	12232281	2954	0.0214
DUNGS_p_TCGA_b84_115_SNP_N_GenomeWideSNP_6_A04_771520	8	12232416	12234400	7	-1.8686
DUNGS_p_TCGA_b84_115_SNP_N_GenomeWideSNP_6_A04_771520	8	12239835	12241291	9	-0.5303
DUNGS_p_TCGA_b84_115_SNP_N_GenomeWideSNP_6_A04_771520	8	12241505	12247157	16	0.0461
DUNGS_p_TCGA_b84_115_SNP_N_GenomeWideSNP_6_A04_771520	8	12247188	12247486	5	-0.7014
DUNGS_p_TCGA_b84_115_SNP_N_GenomeWideSNP_6_A04_771520	8	12260927	12291824	15	0.2457
DUNGS_p_TCGA_b84_115_SNP_N_GenomeWideSNP_6_A04_771520	8	12304112	12304656	3	-0.8635
DUNGS_p_TCGA_b84_115_SNP_N_GenomeWideSNP_6_A04_771520	8	12310684	13707766	1240	0.0223
DUNGS_p_TCGA_b84_115_SNP_N_GenomeWideSNP_6_A04_771520	8	13709974	13710927	2	-1.1282
DUNGS_p_TCGA_b84_115_SNP_N_GenomeWideSNP_6_A04_771520	8	13713602	23402275	8094	0.0219
DUNGS_p_TCGA_b84_115_SNP_N_GenomeWideSNP_6_A04_771520	8	23402308	23407905	7	-0.6944
DUNGS_p_TCGA_b84_115_SNP_N_GenomeWideSNP_6_A04_771520	8	23410325	24145008	487	0.0236
DUNGS_p_TCGA_b84_115_SNP_N_GenomeWideSNP_6_A04_771520	8	24145430	24151066	4	-1.0086
DUNGS_p_TCGA_b84_115_SNP_N_GenomeWideSNP_6_A04_771520	8	24151508	24979554	663	0.0192
DUNGS_p_TCGA_b84_115_SNP_N_GenomeWideSNP_6_A04_771520	8	24979904	24979987	7	-1.7863
DUNGS_p_TCGA_b84_115_SNP_N_GenomeWideSNP_6_A04_771520	8	24984069	24984250	5	-0.6489
DUNGS_p_TCGA_b84_115_SNP_N_GenomeWideSNP_6_A04_771520	8	24984333	25466774	363	0.022
DUNGS_p_TCGA_b84_115_SNP_N_GenomeWideSNP_6_A04_771520	8	25467328	25471267	2	-0.9156
DUNGS_p_TCGA_b84_115_SNP_N_GenomeWideSNP_6_A04_771520	8	25473689	26774741	1038	0.0298
DUNGS_p_TCGA_b84_115_SNP_N_GenomeWideSNP_6_A04_771520	8	26775366	26775379	2	-1.5387
DUNGS_p_TCGA_b84_115_SNP_N_GenomeWideSNP_6_A04_771520	8	26777325	29815830	2077	0.0245
DUNGS_p_TCGA_b84_115_SNP_N_GenomeWideSNP_6_A04_771520	8	29816442	29818679	2	-1.1215
DUNGS_p_TCGA_b84_115_SNP_N_GenomeWideSNP_6_A04_771520	8	29819395	32678866	1974	0.0157
DUNGS_p_TCGA_b84_115_SNP_N_GenomeWideSNP_6_A04_771520	8	32683098	32688413	8	1.7874
DUNGS_p_TCGA_b84_115_SNP_N_GenomeWideSNP_6_A04_771520	8	32692106	35231942	1444	0.0172
DUNGS_p_TCGA_b84_115_SNP_N_GenomeWideSNP_6_A04_771520	8	35234651	35235378	2	-1.4478
DUNGS_p_TCGA_b84_115_SNP_N_GenomeWideSNP_6_A04_771520	8	35238871	37308772	1194	0.0107
DUNGS_p_TCGA_b84_115_SNP_N_GenomeWideSNP_6_A04_771520	8	37309249	37312661	4	-0.9176
DUNGS_p_TCGA_b84_115_SNP_N_GenomeWideSNP_6_A04_771520	8	37313087	39230659	940	0.0286
DUNGS_p_TCGA_b84_115_SNP_N_GenomeWideSNP_6_A04_771520	8	39235603	39384700	56	-0.4781
DUNGS_p_TCGA_b84_115_SNP_N_GenomeWideSNP_6_A04_771520	8	39384969	39386965	3	-1.6344
DUNGS_p_TCGA_b84_115_SNP_N_GenomeWideSNP_6_A04_771520	8	39388299	63213378	12693	0.0159
DUNGS_p_TCGA_b84_115_SNP_N_GenomeWideSNP_6_A04_771520	8	63217551	63224085	7	-0.6428
DUNGS_p_TCGA_b84_115_SNP_N_GenomeWideSNP_6_A04_771520	8	63229146	68190640	2652	0.02
DUNGS_p_TCGA_b84_115_SNP_N_GenomeWideSNP_6_A04_771520	8	68195769	68196103	3	-0.8007
DUNGS_p_TCGA_b84_115_SNP_N_GenomeWideSNP_6_A04_771520	8	68199559	72212365	2574	0.0122
DUNGS_p_TCGA_b84_115_SNP_N_GenomeWideSNP_6_A04_771520	8	72215311	72216026	4	-0.943
DUNGS_p_TCGA_b84_115_SNP_N_GenomeWideSNP_6_A04_771520	8	72216138	72330585	87	0.0302
DUNGS_p_TCGA_b84_115_SNP_N_GenomeWideSNP_6_A04_771520	8	72333643	72333650	2	-1.0673
DUNGS_p_TCGA_b84_115_SNP_N_GenomeWideSNP_6_A04_771520	8	72333781	79174499	4366	0.0195
DUNGS_p_TCGA_b84_115_SNP_N_GenomeWideSNP_6_A04_771520	8	79178614	79185324	5	-0.9141
DUNGS_p_TCGA_b84_115_SNP_N_GenomeWideSNP_6_A04_771520	8	79188614	87626542	4704	0.0232
DUNGS_p_TCGA_b84_115_SNP_N_GenomeWideSNP_6_A04_771520	8	87628371	87629385	3	-0.9116
DUNGS_p_TCGA_b84_115_SNP_N_GenomeWideSNP_6_A04_771520	8	87629743	95558115	4695	0.0272
DUNGS_p_TCGA_b84_115_SNP_N_GenomeWideSNP_6_A04_771520	8	95559092	95559832	4	-1.1758
DUNGS_p_TCGA_b84_115_SNP_N_GenomeWideSNP_6_A04_771520	8	95560052	117947258	13606	0.0222
DUNGS_p_TCGA_b84_115_SNP_N_GenomeWideSNP_6_A04_771520	8	117947272	117947404	3	-0.9759
DUNGS_p_TCGA_b84_115_SNP_N_GenomeWideSNP_6_A04_771520	8	117947674	128950728	7733	0.0245
DUNGS_p_TCGA_b84_115_SNP_N_GenomeWideSNP_6_A04_771520	8	128951805	128952208	2	-1.3065
DUNGS_p_TCGA_b84_115_SNP_N_GenomeWideSNP_6_A04_771520	8	128952308	144384688	11306	0.0159
DUNGS_p_TCGA_b84_115_SNP_N_GenomeWideSNP_6_A04_771520	8	144385803	144387919	4	-0.944
DUNGS_p_TCGA_b84_115_SNP_N_GenomeWideSNP_6_A04_771520	8	144392930	146298155	604	0.0205
DUNGS_p_TCGA_b84_115_SNP_N_GenomeWideSNP_6_A04_771520	9	46587	589252	479	0.0489
DUNGS_p_TCGA_b84_115_SNP_N_GenomeWideSNP_6_A04_771520	9	591967	608659	46	-0.9719
DUNGS_p_TCGA_b84_115_SNP_N_GenomeWideSNP_6_A04_771520	9	608683	2191246	1857	0.0328
DUNGS_p_TCGA_b84_115_SNP_N_GenomeWideSNP_6_A04_771520	9	2191725	2191976	3	-1.0287
DUNGS_p_TCGA_b84_115_SNP_N_GenomeWideSNP_6_A04_771520	9	2205572	5078423	2871	0.0217
DUNGS_p_TCGA_b84_115_SNP_N_GenomeWideSNP_6_A04_771520	9	5078443	5081852	11	0.5564
DUNGS_p_TCGA_b84_115_SNP_N_GenomeWideSNP_6_A04_771520	9	5081953	6397144	898	0.0241
DUNGS_p_TCGA_b84_115_SNP_N_GenomeWideSNP_6_A04_771520	9	6399538	6399588	2	-1.9916
DUNGS_p_TCGA_b84_115_SNP_N_GenomeWideSNP_6_A04_771520	9	6401077	6401182	2	-6.4015
DUNGS_p_TCGA_b84_115_SNP_N_GenomeWideSNP_6_A04_771520	9	6401361	6769995	267	-0.0115
DUNGS_p_TCGA_b84_115_SNP_N_GenomeWideSNP_6_A04_771520	9	6770374	6770744	4	-1.6019
DUNGS_p_TCGA_b84_115_SNP_N_GenomeWideSNP_6_A04_771520	9	6771267	41952516	24952	0.0169
DUNGS_p_TCGA_b84_115_SNP_N_GenomeWideSNP_6_A04_771520	9	41972506	42024172	6	-1.8219
DUNGS_p_TCGA_b84_115_SNP_N_GenomeWideSNP_6_A04_771520	9	42065266	43602726	35	0.1065
DUNGS_p_TCGA_b84_115_SNP_N_GenomeWideSNP_6_A04_771520	9	43612162	44158037	33	-0.5871
DUNGS_p_TCGA_b84_115_SNP_N_GenomeWideSNP_6_A04_771520	9	44161722	44446136	41	-0.0929
DUNGS_p_TCGA_b84_115_SNP_N_GenomeWideSNP_6_A04_771520	9	44469328	44855737	38	0.5689
DUNGS_p_TCGA_b84_115_SNP_N_GenomeWideSNP_6_A04_771520	9	44866028	68749177	233	0.0435
DUNGS_p_TCGA_b84_115_SNP_N_GenomeWideSNP_6_A04_771520	9	68749364	68837844	16	-0.6078
DUNGS_p_TCGA_b84_115_SNP_N_GenomeWideSNP_6_A04_771520	9	68995234	72032393	1003	0.0199
DUNGS_p_TCGA_b84_115_SNP_N_GenomeWideSNP_6_A04_771520	9	72032396	72048477	20	0.5924
DUNGS_p_TCGA_b84_115_SNP_N_GenomeWideSNP_6_A04_771520	9	72049028	82982395	7889	0.0199
DUNGS_p_TCGA_b84_115_SNP_N_GenomeWideSNP_6_A04_771520	9	82982426	82984491	5	-1.0502
DUNGS_p_TCGA_b84_115_SNP_N_GenomeWideSNP_6_A04_771520	9	82985726	86513271	2455	0.0159
DUNGS_p_TCGA_b84_115_SNP_N_GenomeWideSNP_6_A04_771520	9	86514455	86516839	4	0.9624
DUNGS_p_TCGA_b84_115_SNP_N_GenomeWideSNP_6_A04_771520	9	86516994	88438003	1443	0.0153
DUNGS_p_TCGA_b84_115_SNP_N_GenomeWideSNP_6_A04_771520	9	88441829	88445706	3	-1.5019
DUNGS_p_TCGA_b84_115_SNP_N_GenomeWideSNP_6_A04_771520	9	88446087	89151028	384	0.0267
DUNGS_p_TCGA_b84_115_SNP_N_GenomeWideSNP_6_A04_771520	9	89155447	89156063	2	-1.1187
DUNGS_p_TCGA_b84_115_SNP_N_GenomeWideSNP_6_A04_771520	9	89156866	93561695	3167	0.0147
DUNGS_p_TCGA_b84_115_SNP_N_GenomeWideSNP_6_A04_771520	9	93565965	93570167	5	-0.9231
DUNGS_p_TCGA_b84_115_SNP_N_GenomeWideSNP_6_A04_771520	9	93570463	98372919	3208	0.0224
DUNGS_p_TCGA_b84_115_SNP_N_GenomeWideSNP_6_A04_771520	9	98376367	98376726	3	-0.8586
DUNGS_p_TCGA_b84_115_SNP_N_GenomeWideSNP_6_A04_771520	9	98377121	111314359	9123	0.0185
DUNGS_p_TCGA_b84_115_SNP_N_GenomeWideSNP_6_A04_771520	9	111314741	111342144	29	-0.9525
DUNGS_p_TCGA_b84_115_SNP_N_GenomeWideSNP_6_A04_771520	9	111343154	130558675	13901	0.0153
DUNGS_p_TCGA_b84_115_SNP_N_GenomeWideSNP_6_A04_771520	9	130561067	130562787	5	0.7873
DUNGS_p_TCGA_b84_115_SNP_N_GenomeWideSNP_6_A04_771520	9	130566806	136182510	3257	0.0153
DUNGS_p_TCGA_b84_115_SNP_N_GenomeWideSNP_6_A04_771520	9	136182525	136182785	5	1.4417
DUNGS_p_TCGA_b84_115_SNP_N_GenomeWideSNP_6_A04_771520	9	136183106	138214105	1182	4e-04
DUNGS_p_TCGA_b84_115_SNP_N_GenomeWideSNP_6_A04_771520	9	138215622	138216412	2	-2.0453
DUNGS_p_TCGA_b84_115_SNP_N_GenomeWideSNP_6_A04_771520	9	138217797	140252947	699	0.0074
DUNGS_p_TCGA_b84_115_SNP_N_GenomeWideSNP_6_A04_771520	9	140255642	140255833	3	1.6089
DUNGS_p_TCGA_b84_115_SNP_N_GenomeWideSNP_6_A04_771520	9	140273003	141091394	413	-0.0037
DUNGS_p_TCGA_b84_115_SNP_N_GenomeWideSNP_6_A04_771520	10	72759	2091021	1505	0.0062
DUNGS_p_TCGA_b84_115_SNP_N_GenomeWideSNP_6_A04_771520	10	2092776	2093707	3	-1.1615
DUNGS_p_TCGA_b84_115_SNP_N_GenomeWideSNP_6_A04_771520	10	2095066	4287070	2082	0.0253
DUNGS_p_TCGA_b84_115_SNP_N_GenomeWideSNP_6_A04_771520	10	4290814	4291016	4	1.0281
DUNGS_p_TCGA_b84_115_SNP_N_GenomeWideSNP_6_A04_771520	10	4294071	4437173	194	-0.0074
DUNGS_p_TCGA_b84_115_SNP_N_GenomeWideSNP_6_A04_771520	10	4439129	4443829	7	-0.5979
DUNGS_p_TCGA_b84_115_SNP_N_GenomeWideSNP_6_A04_771520	10	4443841	12293184	6503	0.0174
DUNGS_p_TCGA_b84_115_SNP_N_GenomeWideSNP_6_A04_771520	10	12296450	12297431	6	-1.4252
DUNGS_p_TCGA_b84_115_SNP_N_GenomeWideSNP_6_A04_771520	10	12297565	12874421	491	0.0224
DUNGS_p_TCGA_b84_115_SNP_N_GenomeWideSNP_6_A04_771520	10	12875208	12875451	2	-1.079
DUNGS_p_TCGA_b84_115_SNP_N_GenomeWideSNP_6_A04_771520	10	12876045	16467242	3020	0.0193
DUNGS_p_TCGA_b84_115_SNP_N_GenomeWideSNP_6_A04_771520	10	16470893	16470933	2	-2.8634
DUNGS_p_TCGA_b84_115_SNP_N_GenomeWideSNP_6_A04_771520	10	16476271	24377678	5448	0.018
DUNGS_p_TCGA_b84_115_SNP_N_GenomeWideSNP_6_A04_771520	10	24377679	24379039	11	-0.7645
DUNGS_p_TCGA_b84_115_SNP_N_GenomeWideSNP_6_A04_771520	10	24380660	27223903	1990	0.0163
DUNGS_p_TCGA_b84_115_SNP_N_GenomeWideSNP_6_A04_771520	10	27225904	27228452	12	-0.9743
DUNGS_p_TCGA_b84_115_SNP_N_GenomeWideSNP_6_A04_771520	10	27228473	42654802	7960	0.0173
DUNGS_p_TCGA_b84_115_SNP_N_GenomeWideSNP_6_A04_771520	10	42655672	42853689	37	0.2748
DUNGS_p_TCGA_b84_115_SNP_N_GenomeWideSNP_6_A04_771520	10	42853702	47771030	2704	0.0213
DUNGS_p_TCGA_b84_115_SNP_N_GenomeWideSNP_6_A04_771520	10	47897394	47948060	4	-1.503
DUNGS_p_TCGA_b84_115_SNP_N_GenomeWideSNP_6_A04_771520	10	47960476	48117203	8	0.2822
DUNGS_p_TCGA_b84_115_SNP_N_GenomeWideSNP_6_A04_771520	10	48179770	48902376	287	0.0074
DUNGS_p_TCGA_b84_115_SNP_N_GenomeWideSNP_6_A04_771520	10	48928791	48934756	2	-1.3633
DUNGS_p_TCGA_b84_115_SNP_N_GenomeWideSNP_6_A04_771520	10	48947018	51197138	1371	0.0188
DUNGS_p_TCGA_b84_115_SNP_N_GenomeWideSNP_6_A04_771520	10	51231576	51479651	7	0.5365
DUNGS_p_TCGA_b84_115_SNP_N_GenomeWideSNP_6_A04_771520	10	51492998	51822399	92	0.0909
DUNGS_p_TCGA_b84_115_SNP_N_GenomeWideSNP_6_A04_771520	10	51830360	51867234	4	0.9408
DUNGS_p_TCGA_b84_115_SNP_N_GenomeWideSNP_6_A04_771520	10	51891920	67307936	11035	0.0209
DUNGS_p_TCGA_b84_115_SNP_N_GenomeWideSNP_6_A04_771520	10	67307951	67314446	26	0.361
DUNGS_p_TCGA_b84_115_SNP_N_GenomeWideSNP_6_A04_771520	10	67322795	122763675	36994	0.0172
DUNGS_p_TCGA_b84_115_SNP_N_GenomeWideSNP_6_A04_771520	10	122770663	122777498	20	-1.5312
DUNGS_p_TCGA_b84_115_SNP_N_GenomeWideSNP_6_A04_771520	10	122789542	124332296	1409	0.0099
DUNGS_p_TCGA_b84_115_SNP_N_GenomeWideSNP_6_A04_771520	10	124334013	124346914	7	0.9042
DUNGS_p_TCGA_b84_115_SNP_N_GenomeWideSNP_6_A04_771520	10	124346978	133561098	7014	0.0148
DUNGS_p_TCGA_b84_115_SNP_N_GenomeWideSNP_6_A04_771520	10	133561254	133563406	5	-0.778
DUNGS_p_TCGA_b84_115_SNP_N_GenomeWideSNP_6_A04_771520	10	133563818	133668017	71	-0.0085
DUNGS_p_TCGA_b84_115_SNP_N_GenomeWideSNP_6_A04_771520	10	133668679	133669405	3	-0.8869
DUNGS_p_TCGA_b84_115_SNP_N_GenomeWideSNP_6_A04_771520	10	133669903	135506704	836	0.0244
DUNGS_p_TCGA_b84_115_SNP_N_GenomeWideSNP_6_A04_771520	11	198510	4968117	2480	0.0279
DUNGS_p_TCGA_b84_115_SNP_N_GenomeWideSNP_6_A04_771520	11	4968510	4975705	28	-1.6129
DUNGS_p_TCGA_b84_115_SNP_N_GenomeWideSNP_6_A04_771520	11	4976257	4976907	14	-0.4229
DUNGS_p_TCGA_b84_115_SNP_N_GenomeWideSNP_6_A04_771520	11	4977011	18940870	10251	0.024
DUNGS_p_TCGA_b84_115_SNP_N_GenomeWideSNP_6_A04_771520	11	18949072	18961922	55	0.844
DUNGS_p_TCGA_b84_115_SNP_N_GenomeWideSNP_6_A04_771520	11	18961935	20843891	1681	0.0207
DUNGS_p_TCGA_b84_115_SNP_N_GenomeWideSNP_6_A04_771520	11	20844852	20849758	3	-1.0412
DUNGS_p_TCGA_b84_115_SNP_N_GenomeWideSNP_6_A04_771520	11	20850230	55374048	20186	0.0222
DUNGS_p_TCGA_b84_115_SNP_N_GenomeWideSNP_6_A04_771520	11	55374188	55453009	57	-0.3715
DUNGS_p_TCGA_b84_115_SNP_N_GenomeWideSNP_6_A04_771520	11	55453576	79967504	13311	0.0219
DUNGS_p_TCGA_b84_115_SNP_N_GenomeWideSNP_6_A04_771520	11	79967513	79967564	3	-1.5595
DUNGS_p_TCGA_b84_115_SNP_N_GenomeWideSNP_6_A04_771520	11	79967686	87611311	5440	0.0241
DUNGS_p_TCGA_b84_115_SNP_N_GenomeWideSNP_6_A04_771520	11	87611315	87611865	3	-1.1332
DUNGS_p_TCGA_b84_115_SNP_N_GenomeWideSNP_6_A04_771520	11	87611879	93697936	4025	0.0186
DUNGS_p_TCGA_b84_115_SNP_N_GenomeWideSNP_6_A04_771520	11	93697958	93701588	9	-1.0874
DUNGS_p_TCGA_b84_115_SNP_N_GenomeWideSNP_6_A04_771520	11	93704460	125091568	22131	0.017
DUNGS_p_TCGA_b84_115_SNP_N_GenomeWideSNP_6_A04_771520	11	125095117	125095583	5	-0.873
DUNGS_p_TCGA_b84_115_SNP_N_GenomeWideSNP_6_A04_771520	11	125095599	134944770	7546	0.0161
DUNGS_p_TCGA_b84_115_SNP_N_GenomeWideSNP_6_A04_771520	12	150442	869198	420	0.0127
DUNGS_p_TCGA_b84_115_SNP_N_GenomeWideSNP_6_A04_771520	12	869263	874029	16	-0.6972
DUNGS_p_TCGA_b84_115_SNP_N_GenomeWideSNP_6_A04_771520	12	875354	9630556	5774	0.0219
DUNGS_p_TCGA_b84_115_SNP_N_GenomeWideSNP_6_A04_771520	12	9633870	9728292	25	1.0115
DUNGS_p_TCGA_b84_115_SNP_N_GenomeWideSNP_6_A04_771520	12	9734969	11219423	1044	0.0254
DUNGS_p_TCGA_b84_115_SNP_N_GenomeWideSNP_6_A04_771520	12	11220724	11241532	12	0.4744
DUNGS_p_TCGA_b84_115_SNP_N_GenomeWideSNP_6_A04_771520	12	11251874	16419405	3704	0.0256
DUNGS_p_TCGA_b84_115_SNP_N_GenomeWideSNP_6_A04_771520	12	16420987	16428738	4	-0.9342
DUNGS_p_TCGA_b84_115_SNP_N_GenomeWideSNP_6_A04_771520	12	16434288	33301520	11898	0.024
DUNGS_p_TCGA_b84_115_SNP_N_GenomeWideSNP_6_A04_771520	12	33301534	33307374	24	-0.6147
DUNGS_p_TCGA_b84_115_SNP_N_GenomeWideSNP_6_A04_771520	12	33308360	33386757	46	0.0533
DUNGS_p_TCGA_b84_115_SNP_N_GenomeWideSNP_6_A04_771520	12	33388829	33395142	4	-2.9171
DUNGS_p_TCGA_b84_115_SNP_N_GenomeWideSNP_6_A04_771520	12	33395418	34250696	540	0.0131
DUNGS_p_TCGA_b84_115_SNP_N_GenomeWideSNP_6_A04_771520	12	34256709	34262552	8	-0.9306
DUNGS_p_TCGA_b84_115_SNP_N_GenomeWideSNP_6_A04_771520	12	34263134	38053561	256	0.063
DUNGS_p_TCGA_b84_115_SNP_N_GenomeWideSNP_6_A04_771520	12	38053634	38107715	30	-0.5303
DUNGS_p_TCGA_b84_115_SNP_N_GenomeWideSNP_6_A04_771520	12	38107746	44701141	4046	0.0171
DUNGS_p_TCGA_b84_115_SNP_N_GenomeWideSNP_6_A04_771520	12	44701284	44701619	2	-1.2438
DUNGS_p_TCGA_b84_115_SNP_N_GenomeWideSNP_6_A04_771520	12	44706027	63919989	11365	0.0221
DUNGS_p_TCGA_b84_115_SNP_N_GenomeWideSNP_6_A04_771520	12	63920585	63924805	3	-1.2476
DUNGS_p_TCGA_b84_115_SNP_N_GenomeWideSNP_6_A04_771520	12	63932963	70437675	4290	0.022
DUNGS_p_TCGA_b84_115_SNP_N_GenomeWideSNP_6_A04_771520	12	70440646	70575477	91	-1.0576
DUNGS_p_TCGA_b84_115_SNP_N_GenomeWideSNP_6_A04_771520	12	70579967	75474149	3021	0.0189
DUNGS_p_TCGA_b84_115_SNP_N_GenomeWideSNP_6_A04_771520	12	75480962	75484889	5	-0.7385
DUNGS_p_TCGA_b84_115_SNP_N_GenomeWideSNP_6_A04_771520	12	75485388	87110388	7276	0.0196
DUNGS_p_TCGA_b84_115_SNP_N_GenomeWideSNP_6_A04_771520	12	87112185	87114032	2	-1.127
DUNGS_p_TCGA_b84_115_SNP_N_GenomeWideSNP_6_A04_771520	12	87121250	87526622	226	0.0126
DUNGS_p_TCGA_b84_115_SNP_N_GenomeWideSNP_6_A04_771520	12	87530913	87533261	3	-1.2371
DUNGS_p_TCGA_b84_115_SNP_N_GenomeWideSNP_6_A04_771520	12	87538392	91404512	2340	0.0193
DUNGS_p_TCGA_b84_115_SNP_N_GenomeWideSNP_6_A04_771520	12	91409927	91410596	2	-1.0936
DUNGS_p_TCGA_b84_115_SNP_N_GenomeWideSNP_6_A04_771520	12	91413913	99791814	5857	0.0274
DUNGS_p_TCGA_b84_115_SNP_N_GenomeWideSNP_6_A04_771520	12	99795293	99798720	30	-0.6138
DUNGS_p_TCGA_b84_115_SNP_N_GenomeWideSNP_6_A04_771520	12	99798734	133778189	22789	0.0173
DUNGS_p_TCGA_b84_115_SNP_N_GenomeWideSNP_6_A04_771520	13	19026949	25569345	4421	0.0203
DUNGS_p_TCGA_b84_115_SNP_N_GenomeWideSNP_6_A04_771520	13	25572918	25580632	8	-1.1339
DUNGS_p_TCGA_b84_115_SNP_N_GenomeWideSNP_6_A04_771520	13	25581765	36635029	8152	0.0125
DUNGS_p_TCGA_b84_115_SNP_N_GenomeWideSNP_6_A04_771520	13	36635408	36642259	4	-0.914
DUNGS_p_TCGA_b84_115_SNP_N_GenomeWideSNP_6_A04_771520	13	36642282	39052811	1711	0.0165
DUNGS_p_TCGA_b84_115_SNP_N_GenomeWideSNP_6_A04_771520	13	39057572	39058056	2	1.5044
DUNGS_p_TCGA_b84_115_SNP_N_GenomeWideSNP_6_A04_771520	13	39065057	115108397	50079	0.0166
DUNGS_p_TCGA_b84_115_SNP_N_GenomeWideSNP_6_A04_771520	14	19002124	19607007	45	0.2917
DUNGS_p_TCGA_b84_115_SNP_N_GenomeWideSNP_6_A04_771520	14	19620051	20423372	145	-0.3811
DUNGS_p_TCGA_b84_115_SNP_N_GenomeWideSNP_6_A04_771520	14	20424926	21357147	719	0.0118
DUNGS_p_TCGA_b84_115_SNP_N_GenomeWideSNP_6_A04_771520	14	21362036	21421088	24	-0.9169
DUNGS_p_TCGA_b84_115_SNP_N_GenomeWideSNP_6_A04_771520	14	21424718	41597704	12905	0.023
DUNGS_p_TCGA_b84_115_SNP_N_GenomeWideSNP_6_A04_771520	14	41600973	41628229	14	-1.0605
DUNGS_p_TCGA_b84_115_SNP_N_GenomeWideSNP_6_A04_771520	14	41628474	42987505	862	0.0041
DUNGS_p_TCGA_b84_115_SNP_N_GenomeWideSNP_6_A04_771520	14	42987866	42992434	3	-1.0016
DUNGS_p_TCGA_b84_115_SNP_N_GenomeWideSNP_6_A04_771520	14	42995511	74001123	19651	0.0181
DUNGS_p_TCGA_b84_115_SNP_N_GenomeWideSNP_6_A04_771520	14	74006707	74020979	8	0.9511
DUNGS_p_TCGA_b84_115_SNP_N_GenomeWideSNP_6_A04_771520	14	74029900	74574163	286	0.0446
DUNGS_p_TCGA_b84_115_SNP_N_GenomeWideSNP_6_A04_771520	14	74574755	74574773	2	-0.8763
DUNGS_p_TCGA_b84_115_SNP_N_GenomeWideSNP_6_A04_771520	14	74574801	74832921	160	0.0443
DUNGS_p_TCGA_b84_115_SNP_N_GenomeWideSNP_6_A04_771520	14	74833328	74835238	2	-1.102
DUNGS_p_TCGA_b84_115_SNP_N_GenomeWideSNP_6_A04_771520	14	74843389	76347716	891	0.0219
DUNGS_p_TCGA_b84_115_SNP_N_GenomeWideSNP_6_A04_771520	14	76348241	76348682	5	-1.2589
DUNGS_p_TCGA_b84_115_SNP_N_GenomeWideSNP_6_A04_771520	14	76351123	78501646	1502	0.0128
DUNGS_p_TCGA_b84_115_SNP_N_GenomeWideSNP_6_A04_771520	14	78501880	78502095	3	-1.0025
DUNGS_p_TCGA_b84_115_SNP_N_GenomeWideSNP_6_A04_771520	14	78502411	95415113	11348	0.0178
DUNGS_p_TCGA_b84_115_SNP_N_GenomeWideSNP_6_A04_771520	14	95416598	95417563	3	-1.0392
DUNGS_p_TCGA_b84_115_SNP_N_GenomeWideSNP_6_A04_771520	14	95420055	98130002	1995	0.0165
DUNGS_p_TCGA_b84_115_SNP_N_GenomeWideSNP_6_A04_771520	14	98130052	98140680	28	-1.0138
DUNGS_p_TCGA_b84_115_SNP_N_GenomeWideSNP_6_A04_771520	14	98146801	100419433	1913	0.0261
DUNGS_p_TCGA_b84_115_SNP_N_GenomeWideSNP_6_A04_771520	14	100420996	100429216	3	-1.46
DUNGS_p_TCGA_b84_115_SNP_N_GenomeWideSNP_6_A04_771520	14	100431456	102146959	978	4e-04
DUNGS_p_TCGA_b84_115_SNP_N_GenomeWideSNP_6_A04_771520	14	102147876	102161322	5	-0.6478
DUNGS_p_TCGA_b84_115_SNP_N_GenomeWideSNP_6_A04_771520	14	102161597	103654939	682	0.019
DUNGS_p_TCGA_b84_115_SNP_N_GenomeWideSNP_6_A04_771520	14	103659535	103661718	3	-1.8176
DUNGS_p_TCGA_b84_115_SNP_N_GenomeWideSNP_6_A04_771520	14	103665118	106722071	1112	0.0084
DUNGS_p_TCGA_b84_115_SNP_N_GenomeWideSNP_6_A04_771520	14	106722397	106727469	5	-0.722
DUNGS_p_TCGA_b84_115_SNP_N_GenomeWideSNP_6_A04_771520	14	106728162	106777343	27	0.0081
DUNGS_p_TCGA_b84_115_SNP_N_GenomeWideSNP_6_A04_771520	14	106783044	106818557	10	-0.8206
DUNGS_p_TCGA_b84_115_SNP_N_GenomeWideSNP_6_A04_771520	14	106820744	106879831	32	0.0278
DUNGS_p_TCGA_b84_115_SNP_N_GenomeWideSNP_6_A04_771520	14	106881352	106918108	50	-0.7704
DUNGS_p_TCGA_b84_115_SNP_N_GenomeWideSNP_6_A04_771520	14	106918649	106934548	7	0.8323
DUNGS_p_TCGA_b84_115_SNP_N_GenomeWideSNP_6_A04_771520	14	106939788	107160325	128	0.0226
DUNGS_p_TCGA_b84_115_SNP_N_GenomeWideSNP_6_A04_771520	14	107160399	107174572	12	0.9353
DUNGS_p_TCGA_b84_115_SNP_N_GenomeWideSNP_6_A04_771520	14	107176213	107285437	77	0.0284
DUNGS_p_TCGA_b84_115_SNP_N_GenomeWideSNP_6_A04_771520	15	20016328	20264286	54	0.0765
DUNGS_p_TCGA_b84_115_SNP_N_GenomeWideSNP_6_A04_771520	15	20265978	22385001	288	-0.3257
DUNGS_p_TCGA_b84_115_SNP_N_GenomeWideSNP_6_A04_771520	15	22386915	24688150	1103	-0.0021
DUNGS_p_TCGA_b84_115_SNP_N_GenomeWideSNP_6_A04_771520	15	24688340	24730995	26	0.3606
DUNGS_p_TCGA_b84_115_SNP_N_GenomeWideSNP_6_A04_771520	15	24731872	30546013	3675	0.0245
DUNGS_p_TCGA_b84_115_SNP_N_GenomeWideSNP_6_A04_771520	15	30552145	30561567	2	-1.3435
DUNGS_p_TCGA_b84_115_SNP_N_GenomeWideSNP_6_A04_771520	15	30562770	30913587	67	0.0493
DUNGS_p_TCGA_b84_115_SNP_N_GenomeWideSNP_6_A04_771520	15	30920624	30981045	23	-0.8807
DUNGS_p_TCGA_b84_115_SNP_N_GenomeWideSNP_6_A04_771520	15	31001080	31999645	670	0.0149
DUNGS_p_TCGA_b84_115_SNP_N_GenomeWideSNP_6_A04_771520	15	32011489	32512220	376	0.6153
DUNGS_p_TCGA_b84_115_SNP_N_GenomeWideSNP_6_A04_771520	15	32531316	32561678	7	-0.0693
DUNGS_p_TCGA_b84_115_SNP_N_GenomeWideSNP_6_A04_771520	15	32566511	32618066	9	0.6616
DUNGS_p_TCGA_b84_115_SNP_N_GenomeWideSNP_6_A04_771520	15	32618443	34714123	1523	0.0171
DUNGS_p_TCGA_b84_115_SNP_N_GenomeWideSNP_6_A04_771520	15	34719795	34855818	73	-0.6575
DUNGS_p_TCGA_b84_115_SNP_N_GenomeWideSNP_6_A04_771520	15	34858010	37474721	1878	0.0161
DUNGS_p_TCGA_b84_115_SNP_N_GenomeWideSNP_6_A04_771520	15	37475112	37476433	2	-1.4989
DUNGS_p_TCGA_b84_115_SNP_N_GenomeWideSNP_6_A04_771520	15	37477952	38220841	499	0.0198
DUNGS_p_TCGA_b84_115_SNP_N_GenomeWideSNP_6_A04_771520	15	38221689	38223644	4	-4.571
DUNGS_p_TCGA_b84_115_SNP_N_GenomeWideSNP_6_A04_771520	15	38223839	56790810	11316	0.0126
DUNGS_p_TCGA_b84_115_SNP_N_GenomeWideSNP_6_A04_771520	15	56790839	56800977	23	-0.7439
DUNGS_p_TCGA_b84_115_SNP_N_GenomeWideSNP_6_A04_771520	15	56801623	76048035	12328	0.0182
DUNGS_p_TCGA_b84_115_SNP_N_GenomeWideSNP_6_A04_771520	15	76050869	76066516	6	-1
DUNGS_p_TCGA_b84_115_SNP_N_GenomeWideSNP_6_A04_771520	15	76071757	76878362	435	0.0172
DUNGS_p_TCGA_b84_115_SNP_N_GenomeWideSNP_6_A04_771520	15	76891241	76895775	22	0.6416
DUNGS_p_TCGA_b84_115_SNP_N_GenomeWideSNP_6_A04_771520	15	76902179	83201969	3682	0.0172
DUNGS_p_TCGA_b84_115_SNP_N_GenomeWideSNP_6_A04_771520	15	83202150	83202167	2	1.0995
DUNGS_p_TCGA_b84_115_SNP_N_GenomeWideSNP_6_A04_771520	15	83204194	84540738	753	0.0147
DUNGS_p_TCGA_b84_115_SNP_N_GenomeWideSNP_6_A04_771520	15	84542885	84543550	5	-1.466
DUNGS_p_TCGA_b84_115_SNP_N_GenomeWideSNP_6_A04_771520	15	84547277	102469040	13258	0.0198
DUNGS_p_TCGA_b84_115_SNP_N_GenomeWideSNP_6_A04_771520	16	60777	8366865	5950	0.0065
DUNGS_p_TCGA_b84_115_SNP_N_GenomeWideSNP_6_A04_771520	16	8369358	8369852	5	-0.9086
DUNGS_p_TCGA_b84_115_SNP_N_GenomeWideSNP_6_A04_771520	16	8370625	14780654	5173	0.0153
DUNGS_p_TCGA_b84_115_SNP_N_GenomeWideSNP_6_A04_771520	16	14835067	14888595	2	1.2631
DUNGS_p_TCGA_b84_115_SNP_N_GenomeWideSNP_6_A04_771520	16	14896197	18172481	1678	0.0275
DUNGS_p_TCGA_b84_115_SNP_N_GenomeWideSNP_6_A04_771520	16	18176888	18242726	7	-0.7115
DUNGS_p_TCGA_b84_115_SNP_N_GenomeWideSNP_6_A04_771520	16	18243036	19946944	731	0.0138
DUNGS_p_TCGA_b84_115_SNP_N_GenomeWideSNP_6_A04_771520	16	19947146	19970818	27	0.3488
DUNGS_p_TCGA_b84_115_SNP_N_GenomeWideSNP_6_A04_771520	16	19970865	22588017	1301	0.0163
DUNGS_p_TCGA_b84_115_SNP_N_GenomeWideSNP_6_A04_771520	16	22588050	22701182	58	0.2608
DUNGS_p_TCGA_b84_115_SNP_N_GenomeWideSNP_6_A04_771520	16	22702079	22836623	117	0.0527
DUNGS_p_TCGA_b84_115_SNP_N_GenomeWideSNP_6_A04_771520	16	22839421	22840855	3	-1.0637
DUNGS_p_TCGA_b84_115_SNP_N_GenomeWideSNP_6_A04_771520	16	22840995	29279750	4115	0.0109
DUNGS_p_TCGA_b84_115_SNP_N_GenomeWideSNP_6_A04_771520	16	29280524	29281055	3	-1.6207
DUNGS_p_TCGA_b84_115_SNP_N_GenomeWideSNP_6_A04_771520	16	29281765	58942985	10095	0.0167
DUNGS_p_TCGA_b84_115_SNP_N_GenomeWideSNP_6_A04_771520	16	58947475	58947848	2	-1.1686
DUNGS_p_TCGA_b84_115_SNP_N_GenomeWideSNP_6_A04_771520	16	58948231	64432222	3602	0.0106
DUNGS_p_TCGA_b84_115_SNP_N_GenomeWideSNP_6_A04_771520	16	64434375	64442460	5	-0.7892
DUNGS_p_TCGA_b84_115_SNP_N_GenomeWideSNP_6_A04_771520	16	64443229	75445675	6308	0.0153
DUNGS_p_TCGA_b84_115_SNP_N_GenomeWideSNP_6_A04_771520	16	75447658	75447953	2	-1.5797
DUNGS_p_TCGA_b84_115_SNP_N_GenomeWideSNP_6_A04_771520	16	75454404	76798472	1009	0.0151
DUNGS_p_TCGA_b84_115_SNP_N_GenomeWideSNP_6_A04_771520	16	76798509	76806428	3	-1.6938
DUNGS_p_TCGA_b84_115_SNP_N_GenomeWideSNP_6_A04_771520	16	76808552	78373337	1616	0.0151
DUNGS_p_TCGA_b84_115_SNP_N_GenomeWideSNP_6_A04_771520	16	78373764	78376711	4	-0.9333
DUNGS_p_TCGA_b84_115_SNP_N_GenomeWideSNP_6_A04_771520	16	78376934	79160700	1075	0.0094
DUNGS_p_TCGA_b84_115_SNP_N_GenomeWideSNP_6_A04_771520	16	79161212	79161440	2	-1.2815
DUNGS_p_TCGA_b84_115_SNP_N_GenomeWideSNP_6_A04_771520	16	79161549	80666388	1683	0.0118
DUNGS_p_TCGA_b84_115_SNP_N_GenomeWideSNP_6_A04_771520	16	80666779	80672429	2	-1.685
DUNGS_p_TCGA_b84_115_SNP_N_GenomeWideSNP_6_A04_771520	16	80672704	83888823	3492	0.0062
DUNGS_p_TCGA_b84_115_SNP_N_GenomeWideSNP_6_A04_771520	16	83889680	83891769	4	-2.3788
DUNGS_p_TCGA_b84_115_SNP_N_GenomeWideSNP_6_A04_771520	16	83891918	84910622	901	0.0093
DUNGS_p_TCGA_b84_115_SNP_N_GenomeWideSNP_6_A04_771520	16	84911498	84912331	2	-1.522
DUNGS_p_TCGA_b84_115_SNP_N_GenomeWideSNP_6_A04_771520	16	84912809	90287535	3501	0.0097
DUNGS_p_TCGA_b84_115_SNP_N_GenomeWideSNP_6_A04_771520	17	526	18935523	11654	0.0205
DUNGS_p_TCGA_b84_115_SNP_N_GenomeWideSNP_6_A04_771520	17	18950867	19030156	7	0.9184
DUNGS_p_TCGA_b84_115_SNP_N_GenomeWideSNP_6_A04_771520	17	19046141	39421708	9327	0.0208
DUNGS_p_TCGA_b84_115_SNP_N_GenomeWideSNP_6_A04_771520	17	39423014	39430450	23	-1.1151
DUNGS_p_TCGA_b84_115_SNP_N_GenomeWideSNP_6_A04_771520	17	39430531	41432265	1111	0.0222
DUNGS_p_TCGA_b84_115_SNP_N_GenomeWideSNP_6_A04_771520	17	41438590	41439921	3	1.66
DUNGS_p_TCGA_b84_115_SNP_N_GenomeWideSNP_6_A04_771520	17	41443704	44195363	1421	0.0101
DUNGS_p_TCGA_b84_115_SNP_N_GenomeWideSNP_6_A04_771520	17	44195725	44364170	104	-0.341
DUNGS_p_TCGA_b84_115_SNP_N_GenomeWideSNP_6_A04_771520	17	44394412	44752300	48	0.4501
DUNGS_p_TCGA_b84_115_SNP_N_GenomeWideSNP_6_A04_771520	17	44764994	56212100	7372	0.0161
DUNGS_p_TCGA_b84_115_SNP_N_GenomeWideSNP_6_A04_771520	17	56212514	56214094	4	-0.8161
DUNGS_p_TCGA_b84_115_SNP_N_GenomeWideSNP_6_A04_771520	17	56217398	67884280	6349	0.0158
DUNGS_p_TCGA_b84_115_SNP_N_GenomeWideSNP_6_A04_771520	17	67885266	67891926	4	-0.8548
DUNGS_p_TCGA_b84_115_SNP_N_GenomeWideSNP_6_A04_771520	17	67892018	75170673	4906	0.0175
DUNGS_p_TCGA_b84_115_SNP_N_GenomeWideSNP_6_A04_771520	17	75173033	75173041	2	1.6929
DUNGS_p_TCGA_b84_115_SNP_N_GenomeWideSNP_6_A04_771520	17	75173516	75854830	461	0.0074
DUNGS_p_TCGA_b84_115_SNP_N_GenomeWideSNP_6_A04_771520	17	75860669	75866929	3	-1.1081
DUNGS_p_TCGA_b84_115_SNP_N_GenomeWideSNP_6_A04_771520	17	75868626	79392392	1903	0.0112
DUNGS_p_TCGA_b84_115_SNP_N_GenomeWideSNP_6_A04_771520	17	79392423	79392640	5	0.8093
DUNGS_p_TCGA_b84_115_SNP_N_GenomeWideSNP_6_A04_771520	17	79392672	81049726	629	0.0162
DUNGS_p_TCGA_b84_115_SNP_N_GenomeWideSNP_6_A04_771520	18	11543	57211459	35767	0.0444
DUNGS_p_TCGA_b84_115_SNP_N_GenomeWideSNP_6_A04_771520	18	57214642	57215742	2	-1.4243
DUNGS_p_TCGA_b84_115_SNP_N_GenomeWideSNP_6_A04_771520	18	57216399	60592395	2321	0.0388
DUNGS_p_TCGA_b84_115_SNP_N_GenomeWideSNP_6_A04_771520	18	60592844	60592911	2	-1.4357
DUNGS_p_TCGA_b84_115_SNP_N_GenomeWideSNP_6_A04_771520	18	60595329	78015057	12774	0.0442
DUNGS_p_TCGA_b84_115_SNP_N_GenomeWideSNP_6_A04_771520	19	90910	24149545	11065	0.0222
DUNGS_p_TCGA_b84_115_SNP_N_GenomeWideSNP_6_A04_771520	19	24149636	24151836	2	-1.8111
DUNGS_p_TCGA_b84_115_SNP_N_GenomeWideSNP_6_A04_771520	19	24152535	31284806	2619	0.0094
DUNGS_p_TCGA_b84_115_SNP_N_GenomeWideSNP_6_A04_771520	19	31288118	31288540	2	-1.1838
DUNGS_p_TCGA_b84_115_SNP_N_GenomeWideSNP_6_A04_771520	19	31290599	35855449	3153	0.0156
DUNGS_p_TCGA_b84_115_SNP_N_GenomeWideSNP_6_A04_771520	19	35856043	35866786	21	0.3428
DUNGS_p_TCGA_b84_115_SNP_N_GenomeWideSNP_6_A04_771520	19	35866801	36758897	432	0.0147
DUNGS_p_TCGA_b84_115_SNP_N_GenomeWideSNP_6_A04_771520	19	36805705	36807300	3	-1.0869
DUNGS_p_TCGA_b84_115_SNP_N_GenomeWideSNP_6_A04_771520	19	36825248	43300206	3301	0.0197
DUNGS_p_TCGA_b84_115_SNP_N_GenomeWideSNP_6_A04_771520	19	43302509	43305335	2	-1.7997
DUNGS_p_TCGA_b84_115_SNP_N_GenomeWideSNP_6_A04_771520	19	43308886	43703033	185	0.0393
DUNGS_p_TCGA_b84_115_SNP_N_GenomeWideSNP_6_A04_771520	19	43703504	43721552	9	-1.9177
DUNGS_p_TCGA_b84_115_SNP_N_GenomeWideSNP_6_A04_771520	19	43722416	43756237	12	-3.1552
DUNGS_p_TCGA_b84_115_SNP_N_GenomeWideSNP_6_A04_771520	19	43766659	44902381	751	0.0252
DUNGS_p_TCGA_b84_115_SNP_N_GenomeWideSNP_6_A04_771520	19	44905905	44906619	4	-0.8049
DUNGS_p_TCGA_b84_115_SNP_N_GenomeWideSNP_6_A04_771520	19	44907010	46906997	915	0.0176
DUNGS_p_TCGA_b84_115_SNP_N_GenomeWideSNP_6_A04_771520	19	46911127	46912017	3	-1.0742
DUNGS_p_TCGA_b84_115_SNP_N_GenomeWideSNP_6_A04_771520	19	46913749	50552894	1626	0.0286
DUNGS_p_TCGA_b84_115_SNP_N_GenomeWideSNP_6_A04_771520	19	50558539	50559137	3	-1.4459
DUNGS_p_TCGA_b84_115_SNP_N_GenomeWideSNP_6_A04_771520	19	50563266	53517082	1828	0.0246
DUNGS_p_TCGA_b84_115_SNP_N_GenomeWideSNP_6_A04_771520	19	53518514	53547361	22	0.5573
DUNGS_p_TCGA_b84_115_SNP_N_GenomeWideSNP_6_A04_771520	19	53552229	54722275	785	0.0161
DUNGS_p_TCGA_b84_115_SNP_N_GenomeWideSNP_6_A04_771520	19	54730202	54740997	13	0.486
DUNGS_p_TCGA_b84_115_SNP_N_GenomeWideSNP_6_A04_771520	19	54741012	58537294	2312	0.0205
DUNGS_p_TCGA_b84_115_SNP_N_GenomeWideSNP_6_A04_771520	19	58540546	58540942	2	-1.1923
DUNGS_p_TCGA_b84_115_SNP_N_GenomeWideSNP_6_A04_771520	19	58541797	58899342	214	0.019
DUNGS_p_TCGA_b84_115_SNP_N_GenomeWideSNP_6_A04_771520	19	58899964	58900532	5	-0.7804
DUNGS_p_TCGA_b84_115_SNP_N_GenomeWideSNP_6_A04_771520	19	58901252	59097854	87	-0.0029
DUNGS_p_TCGA_b84_115_SNP_N_GenomeWideSNP_6_A04_771520	20	61305	1560951	1206	0.016
DUNGS_p_TCGA_b84_115_SNP_N_GenomeWideSNP_6_A04_771520	20	1560999	1593893	42	-0.3952
DUNGS_p_TCGA_b84_115_SNP_N_GenomeWideSNP_6_A04_771520	20	1597946	1994350	344	0.0237
DUNGS_p_TCGA_b84_115_SNP_N_GenomeWideSNP_6_A04_771520	20	1996770	1997648	3	-0.9887
DUNGS_p_TCGA_b84_115_SNP_N_GenomeWideSNP_6_A04_771520	20	1999855	14771472	9583	0.0187
DUNGS_p_TCGA_b84_115_SNP_N_GenomeWideSNP_6_A04_771520	20	14781684	14823905	69	-0.9419
DUNGS_p_TCGA_b84_115_SNP_N_GenomeWideSNP_6_A04_771520	20	14830596	23546941	7146	0.0135
DUNGS_p_TCGA_b84_115_SNP_N_GenomeWideSNP_6_A04_771520	20	23549331	23550313	4	-1.4133
DUNGS_p_TCGA_b84_115_SNP_N_GenomeWideSNP_6_A04_771520	20	23551816	29428523	1683	0.0202
DUNGS_p_TCGA_b84_115_SNP_N_GenomeWideSNP_6_A04_771520	20	29436802	29448955	4	-0.8045
DUNGS_p_TCGA_b84_115_SNP_N_GenomeWideSNP_6_A04_771520	20	29454342	29469374	7	0.0237
DUNGS_p_TCGA_b84_115_SNP_N_GenomeWideSNP_6_A04_771520	20	29479840	29492738	5	-1.0751
DUNGS_p_TCGA_b84_115_SNP_N_GenomeWideSNP_6_A04_771520	20	29493853	43322869	8302	0.0159
DUNGS_p_TCGA_b84_115_SNP_N_GenomeWideSNP_6_A04_771520	20	43328573	43329529	2	-1.4937
DUNGS_p_TCGA_b84_115_SNP_N_GenomeWideSNP_6_A04_771520	20	43335063	62409059	13916	0.0132
DUNGS_p_TCGA_b84_115_SNP_N_GenomeWideSNP_6_A04_771520	20	62409477	62459663	10	-0.5074
DUNGS_p_TCGA_b84_115_SNP_N_GenomeWideSNP_6_A04_771520	20	62476559	62956153	208	-0.0179
DUNGS_p_TCGA_b84_115_SNP_N_GenomeWideSNP_6_A04_771520	21	10736871	14472163	137	0.1197
DUNGS_p_TCGA_b84_115_SNP_N_GenomeWideSNP_6_A04_771520	21	14474299	14549965	11	-0.5006
DUNGS_p_TCGA_b84_115_SNP_N_GenomeWideSNP_6_A04_771520	21	14560710	14811739	133	0.0775
DUNGS_p_TCGA_b84_115_SNP_N_GenomeWideSNP_6_A04_771520	21	14812315	14814516	2	-1.2989
DUNGS_p_TCGA_b84_115_SNP_N_GenomeWideSNP_6_A04_771520	21	14818518	20264186	3598	0.0161
DUNGS_p_TCGA_b84_115_SNP_N_GenomeWideSNP_6_A04_771520	21	20264466	20265082	3	-1.0047
DUNGS_p_TCGA_b84_115_SNP_N_GenomeWideSNP_6_A04_771520	21	20267887	24421025	3153	0.0066
DUNGS_p_TCGA_b84_115_SNP_N_GenomeWideSNP_6_A04_771520	21	24423306	24433964	29	-0.8598
DUNGS_p_TCGA_b84_115_SNP_N_GenomeWideSNP_6_A04_771520	21	24433986	25463974	848	0.0146
DUNGS_p_TCGA_b84_115_SNP_N_GenomeWideSNP_6_A04_771520	21	25464079	25464200	2	-1.1056
DUNGS_p_TCGA_b84_115_SNP_N_GenomeWideSNP_6_A04_771520	21	25464939	31257047	4371	0.0109
DUNGS_p_TCGA_b84_115_SNP_N_GenomeWideSNP_6_A04_771520	21	31263518	31263608	3	-1.0482
DUNGS_p_TCGA_b84_115_SNP_N_GenomeWideSNP_6_A04_771520	21	31264480	40248331	6584	0.0166
DUNGS_p_TCGA_b84_115_SNP_N_GenomeWideSNP_6_A04_771520	21	40248440	40249662	2	-1.4132
DUNGS_p_TCGA_b84_115_SNP_N_GenomeWideSNP_6_A04_771520	21	40252150	48096957	5557	0.0067
DUNGS_p_TCGA_b84_115_SNP_N_GenomeWideSNP_6_A04_771520	22	16052528	22468619	3302	0.0179
DUNGS_p_TCGA_b84_115_SNP_N_GenomeWideSNP_6_A04_771520	22	22473918	22481498	7	-0.8119
DUNGS_p_TCGA_b84_115_SNP_N_GenomeWideSNP_6_A04_771520	22	22484778	22752462	340	-0.0098
DUNGS_p_TCGA_b84_115_SNP_N_GenomeWideSNP_6_A04_771520	22	22752680	22752880	4	-1.7659
DUNGS_p_TCGA_b84_115_SNP_N_GenomeWideSNP_6_A04_771520	22	22757321	24330218	965	0.0372
DUNGS_p_TCGA_b84_115_SNP_N_GenomeWideSNP_6_A04_771520	22	24330269	24337949	6	0.6624
DUNGS_p_TCGA_b84_115_SNP_N_GenomeWideSNP_6_A04_771520	22	24344422	24396814	20	-1.8709
DUNGS_p_TCGA_b84_115_SNP_N_GenomeWideSNP_6_A04_771520	22	24401529	36444188	9152	0.0063
DUNGS_p_TCGA_b84_115_SNP_N_GenomeWideSNP_6_A04_771520	22	36444319	36445516	2	-2.3566
DUNGS_p_TCGA_b84_115_SNP_N_GenomeWideSNP_6_A04_771520	22	36445533	49486691	8756	0.0111
DUNGS_p_TCGA_b84_115_SNP_N_GenomeWideSNP_6_A04_771520	22	49487128	49487417	5	-1.2604
DUNGS_p_TCGA_b84_115_SNP_N_GenomeWideSNP_6_A04_771520	22	49488925	50967032	872	-0.036
DUNGS_p_TCGA_b84_115_SNP_N_GenomeWideSNP_6_A04_771520	22	50973108	50973116	5	-0.8841
DUNGS_p_TCGA_b84_115_SNP_N_GenomeWideSNP_6_A04_771520	22	50973754	51234455	147	0.0437
DUNGS_p_TCGA_b84_115_SNP_N_GenomeWideSNP_6_A04_771520	X	168477	91314707	47911	0.0192
DUNGS_p_TCGA_b84_115_SNP_N_GenomeWideSNP_6_A04_771520	X	91322181	91322675	3	-1.2191
DUNGS_p_TCGA_b84_115_SNP_N_GenomeWideSNP_6_A04_771520	X	91324956	101270967	5581	0.0232
DUNGS_p_TCGA_b84_115_SNP_N_GenomeWideSNP_6_A04_771520	X	101271314	101272627	2	-1.5997
DUNGS_p_TCGA_b84_115_SNP_N_GenomeWideSNP_6_A04_771520	X	101274012	115133681	7354	0.0166
DUNGS_p_TCGA_b84_115_SNP_N_GenomeWideSNP_6_A04_771520	X	115137955	115156419	8	-0.7949
DUNGS_p_TCGA_b84_115_SNP_N_GenomeWideSNP_6_A04_771520	X	115156821	121944903	4086	0.0166
DUNGS_p_TCGA_b84_115_SNP_N_GenomeWideSNP_6_A04_771520	X	121947195	121948521	5	-0.9695
DUNGS_p_TCGA_b84_115_SNP_N_GenomeWideSNP_6_A04_771520	X	121950968	134718569	7150	0.0176
DUNGS_p_TCGA_b84_115_SNP_N_GenomeWideSNP_6_A04_771520	X	134719047	134719280	2	-1.1839
DUNGS_p_TCGA_b84_115_SNP_N_GenomeWideSNP_6_A04_771520	X	134719674	134848927	88	0.027
DUNGS_p_TCGA_b84_115_SNP_N_GenomeWideSNP_6_A04_771520	X	134854929	134880074	8	0.5353
DUNGS_p_TCGA_b84_115_SNP_N_GenomeWideSNP_6_A04_771520	X	134891648	143607592	5505	0.0154
DUNGS_p_TCGA_b84_115_SNP_N_GenomeWideSNP_6_A04_771520	X	143609120	143612268	4	-0.8735
DUNGS_p_TCGA_b84_115_SNP_N_GenomeWideSNP_6_A04_771520	X	143614635	155182354	6955	0.0201
DUNGS_p_TCGA_b84_115_SNP_N_GenomeWideSNP_6_A04_771520	Y	2650438	2974832	148	-3.1004
DUNGS_p_TCGA_b84_115_SNP_N_GenomeWideSNP_6_A04_771520	Y	2974958	6035471	689	-2.366
DUNGS_p_TCGA_b84_115_SNP_N_GenomeWideSNP_6_A04_771520	Y	6039351	6050272	5	-5.1329
DUNGS_p_TCGA_b84_115_SNP_N_GenomeWideSNP_6_A04_771520	Y	6056631	6101425	30	-2.1735
DUNGS_p_TCGA_b84_115_SNP_N_GenomeWideSNP_6_A04_771520	Y	6107901	6139266	16	-4.3229
DUNGS_p_TCGA_b84_115_SNP_N_GenomeWideSNP_6_A04_771520	Y	6139570	6153454	11	-2.7579
DUNGS_p_TCGA_b84_115_SNP_N_GenomeWideSNP_6_A04_771520	Y	6155929	6281935	51	-4.2206
DUNGS_p_TCGA_b84_115_SNP_N_GenomeWideSNP_6_A04_771520	Y	6282097	9141542	1481	-3.0868
DUNGS_p_TCGA_b84_115_SNP_N_GenomeWideSNP_6_A04_771520	Y	9142335	9391884	42	-4.2415
DUNGS_p_TCGA_b84_115_SNP_N_GenomeWideSNP_6_A04_771520	Y	9392195	9745717	146	-3.4652
DUNGS_p_TCGA_b84_115_SNP_N_GenomeWideSNP_6_A04_771520	Y	9746260	9759564	9	-5.0032
DUNGS_p_TCGA_b84_115_SNP_N_GenomeWideSNP_6_A04_771520	Y	9774614	9860347	49	-2.861
DUNGS_p_TCGA_b84_115_SNP_N_GenomeWideSNP_6_A04_771520	Y	9865690	9873063	3	-5.2599
DUNGS_p_TCGA_b84_115_SNP_N_GenomeWideSNP_6_A04_771520	Y	9873547	9927722	27	-2.9281
DUNGS_p_TCGA_b84_115_SNP_N_GenomeWideSNP_6_A04_771520	Y	9929688	10076242	43	-2.0497
DUNGS_p_TCGA_b84_115_SNP_N_GenomeWideSNP_6_A04_771520	Y	13134531	14801663	473	-2.9141
DUNGS_p_TCGA_b84_115_SNP_N_GenomeWideSNP_6_A04_771520	Y	14804077	14806006	3	-6.3035
DUNGS_p_TCGA_b84_115_SNP_N_GenomeWideSNP_6_A04_771520	Y	14809887	15028275	101	-3.0593
DUNGS_p_TCGA_b84_115_SNP_N_GenomeWideSNP_6_A04_771520	Y	15030066	15030817	3	-6.5527
DUNGS_p_TCGA_b84_115_SNP_N_GenomeWideSNP_6_A04_771520	Y	15032288	15590276	249	-2.9511
DUNGS_p_TCGA_b84_115_SNP_N_GenomeWideSNP_6_A04_771520	Y	15590342	15594523	3	-6.8433
DUNGS_p_TCGA_b84_115_SNP_N_GenomeWideSNP_6_A04_771520	Y	15594889	16367213	376	-3.079
DUNGS_p_TCGA_b84_115_SNP_N_GenomeWideSNP_6_A04_771520	Y	16368103	16368310	2	-7.1557
DUNGS_p_TCGA_b84_115_SNP_N_GenomeWideSNP_6_A04_771520	Y	16368344	18062494	954	-2.9694
DUNGS_p_TCGA_b84_115_SNP_N_GenomeWideSNP_6_A04_771520	Y	18066156	18066525	2	-6.4564
DUNGS_p_TCGA_b84_115_SNP_N_GenomeWideSNP_6_A04_771520	Y	18069039	18288537	110	-2.7434
DUNGS_p_TCGA_b84_115_SNP_N_GenomeWideSNP_6_A04_771520	Y	18289005	18534435	90	-3.7158
DUNGS_p_TCGA_b84_115_SNP_N_GenomeWideSNP_6_A04_771520	Y	18534603	19179335	351	-2.9633
DUNGS_p_TCGA_b84_115_SNP_N_GenomeWideSNP_6_A04_771520	Y	19179463	19182271	3	-6.2926
DUNGS_p_TCGA_b84_115_SNP_N_GenomeWideSNP_6_A04_771520	Y	19185349	19571480	194	-3.0306
DUNGS_p_TCGA_b84_115_SNP_N_GenomeWideSNP_6_A04_771520	Y	19574890	20890332	606	-3.6485
DUNGS_p_TCGA_b84_115_SNP_N_GenomeWideSNP_6_A04_771520	Y	20891515	20919456	10	-5.4897
DUNGS_p_TCGA_b84_115_SNP_N_GenomeWideSNP_6_A04_771520	Y	20924920	21024613	56	-3.8554
DUNGS_p_TCGA_b84_115_SNP_N_GenomeWideSNP_6_A04_771520	Y	21025062	21872521	353	-3.0646
DUNGS_p_TCGA_b84_115_SNP_N_GenomeWideSNP_6_A04_771520	Y	21872738	21872886	2	-6.8417
DUNGS_p_TCGA_b84_115_SNP_N_GenomeWideSNP_6_A04_771520	Y	21873009	22200699	137	-3.1657
DUNGS_p_TCGA_b84_115_SNP_N_GenomeWideSNP_6_A04_771520	Y	22201357	22243052	10	-2.1902
DUNGS_p_TCGA_b84_115_SNP_N_GenomeWideSNP_6_A04_771520	Y	22262565	22312733	7	-3.5016
DUNGS_p_TCGA_b84_115_SNP_N_GenomeWideSNP_6_A04_771520	Y	22466083	22594164	27	-2.3484
DUNGS_p_TCGA_b84_115_SNP_N_GenomeWideSNP_6_A04_771520	Y	22595220	22905194	126	-3.0495
DUNGS_p_TCGA_b84_115_SNP_N_GenomeWideSNP_6_A04_771520	Y	22914301	22928100	8	-5.1031
DUNGS_p_TCGA_b84_115_SNP_N_GenomeWideSNP_6_A04_771520	Y	22928579	23653771	340	-3.115
DUNGS_p_TCGA_b84_115_SNP_N_GenomeWideSNP_6_A04_771520	Y	23683731	23690350	2	-8.9291
DUNGS_p_TCGA_b84_115_SNP_N_GenomeWideSNP_6_A04_771520	Y	23715701	23775333	40	-3.5626
DUNGS_p_TCGA_b84_115_SNP_N_GenomeWideSNP_6_A04_771520	Y	23779815	23859163	33	-2.4178
DUNGS_p_TCGA_b84_115_SNP_N_GenomeWideSNP_6_A04_771520	Y	23859468	24017605	52	-3.24
DUNGS_p_TCGA_b84_115_SNP_N_GenomeWideSNP_6_A04_771520	Y	24018367	24304580	33	-4.0829
DUNGS_p_TCGA_b84_115_SNP_N_GenomeWideSNP_6_A04_771520	Y	24305453	24534035	114	-3.2675
DUNGS_p_TCGA_b84_115_SNP_N_GenomeWideSNP_6_A04_771520	Y	24534523	24536140	3	-5.243
DUNGS_p_TCGA_b84_115_SNP_N_GenomeWideSNP_6_A04_771520	Y	24536362	24548177	9	-2.8279
DUNGS_p_TCGA_b84_115_SNP_N_GenomeWideSNP_6_A04_771520	Y	24560227	24564454	3	-5.6029
DUNGS_p_TCGA_b84_115_SNP_N_GenomeWideSNP_6_A04_771520	Y	24568959	24583219	14	-3.4076
DUNGS_p_TCGA_b84_115_SNP_N_GenomeWideSNP_6_A04_771520	Y	24583869	24597919	5	-5.4502
DUNGS_p_TCGA_b84_115_SNP_N_GenomeWideSNP_6_A04_771520	Y	24609380	24877908	19	-3.9697
DUNGS_p_TCGA_b84_115_SNP_N_GenomeWideSNP_6_A04_771520	Y	24878447	24964952	19	-4.8706
DUNGS_p_TCGA_b84_115_SNP_N_GenomeWideSNP_6_A04_771520	Y	24979518	25976129	145	-3.4527
DUNGS_p_TCGA_b84_115_SNP_N_GenomeWideSNP_6_A04_771520	Y	25977694	26028862	19	-4.8093
DUNGS_p_TCGA_b84_115_SNP_N_GenomeWideSNP_6_A04_771520	Y	26029800	26172823	64	-3.8965
DUNGS_p_TCGA_b84_115_SNP_N_GenomeWideSNP_6_A04_771520	Y	26173395	26190025	7	-5.4738
DUNGS_p_TCGA_b84_115_SNP_N_GenomeWideSNP_6_A04_771520	Y	26193050	26402039	45	-2.9042
DUNGS_p_TCGA_b84_115_SNP_N_GenomeWideSNP_6_A04_771520	Y	26402498	26430674	16	-3.9956
DUNGS_p_TCGA_b84_115_SNP_N_GenomeWideSNP_6_A04_771520	Y	26430908	26469059	17	-2.1346
DUNGS_p_TCGA_b84_115_SNP_N_GenomeWideSNP_6_A04_771520	Y	26473956	26506863	7	-3.7946
DUNGS_p_TCGA_b84_115_SNP_N_GenomeWideSNP_6_A04_771520	Y	26508486	26613266	10	-2.6781
DUNGS_p_TCGA_b84_115_SNP_N_GenomeWideSNP_6_A04_771520	Y	26619135	26771355	27	-4.5022
DUNGS_p_TCGA_b84_115_SNP_N_GenomeWideSNP_6_A04_771520	Y	26771848	26776515	3	-7.1714
DUNGS_p_TCGA_b84_115_SNP_N_GenomeWideSNP_6_A04_771520	Y	26802327	27315972	56	-4.0226
DUNGS_p_TCGA_b84_115_SNP_N_GenomeWideSNP_6_A04_771520	Y	27367487	27718290	92	-2.7662
DUNGS_p_TCGA_b84_115_SNP_N_GenomeWideSNP_6_A04_771520	Y	27720551	28051716	137	-3.8931
DUNGS_p_TCGA_b84_115_SNP_N_GenomeWideSNP_6_A04_771520	Y	28052268	28113407	31	-2.7643
DUNGS_p_TCGA_b84_115_SNP_N_GenomeWideSNP_6_A04_771520	Y	28114308	28423938	84	-4.1308
DUNGS_p_TCGA_b84_115_SNP_N_GenomeWideSNP_6_A04_771520	Y	28438116	59018259	183	-2.6465
