Sample	Chromosome	Start	End	Num_Probes	Segment_Mean
DUNGS_p_TCGA_b84_115_SNP_N_GenomeWideSNP_6_D01_771532	1	3208470	12101810	4966	0.0304
DUNGS_p_TCGA_b84_115_SNP_N_GenomeWideSNP_6_D01_771532	1	12101894	12385660	161	-0.2372
DUNGS_p_TCGA_b84_115_SNP_N_GenomeWideSNP_6_D01_771532	1	12386181	108427427	55454	0.0542
DUNGS_p_TCGA_b84_115_SNP_N_GenomeWideSNP_6_D01_771532	1	108427470	120323176	7184	-0.2169
DUNGS_p_TCGA_b84_115_SNP_N_GenomeWideSNP_6_D01_771532	1	120323283	216247153	42622	0.2628
DUNGS_p_TCGA_b84_115_SNP_N_GenomeWideSNP_6_D01_771532	1	216248846	216248861	2	-1.0876
DUNGS_p_TCGA_b84_115_SNP_N_GenomeWideSNP_6_D01_771532	1	216248880	233150666	10842	0.2613
DUNGS_p_TCGA_b84_115_SNP_N_GenomeWideSNP_6_D01_771532	1	233150689	233310210	41	0.5492
DUNGS_p_TCGA_b84_115_SNP_N_GenomeWideSNP_6_D01_771532	1	233311620	245880329	7873	0.253
DUNGS_p_TCGA_b84_115_SNP_N_GenomeWideSNP_6_D01_771532	2	474222	131417238	68387	0.0385
DUNGS_p_TCGA_b84_115_SNP_N_GenomeWideSNP_6_D01_771532	2	131418267	131421655	3	-1.3191
DUNGS_p_TCGA_b84_115_SNP_N_GenomeWideSNP_6_D01_771532	2	131422452	191697601	33739	0.0507
DUNGS_p_TCGA_b84_115_SNP_N_GenomeWideSNP_6_D01_771532	2	191704251	191706797	3	-1.3701
DUNGS_p_TCGA_b84_115_SNP_N_GenomeWideSNP_6_D01_771532	2	191706988	242124735	29237	0.0455
DUNGS_p_TCGA_b84_115_SNP_N_GenomeWideSNP_6_D01_771532	3	526235	97872338	52265	-0.2213
DUNGS_p_TCGA_b84_115_SNP_N_GenomeWideSNP_6_D01_771532	3	97873636	97873650	2	-5.4822
DUNGS_p_TCGA_b84_115_SNP_N_GenomeWideSNP_6_D01_771532	3	97876767	137465325	22716	-0.166
DUNGS_p_TCGA_b84_115_SNP_N_GenomeWideSNP_6_D01_771532	3	137537512	199023074	31451	0.3511
DUNGS_p_TCGA_b84_115_SNP_N_GenomeWideSNP_6_D01_771532	4	1043934	91799335	50254	0.059
DUNGS_p_TCGA_b84_115_SNP_N_GenomeWideSNP_6_D01_771532	4	91799533	145278924	29202	-0.2131
DUNGS_p_TCGA_b84_115_SNP_N_GenomeWideSNP_6_D01_771532	4	145283729	181746748	20111	0.0569
DUNGS_p_TCGA_b84_115_SNP_N_GenomeWideSNP_6_D01_771532	4	181747033	181747191	2	-1.3454
DUNGS_p_TCGA_b84_115_SNP_N_GenomeWideSNP_6_D01_771532	4	181753033	189836143	3220	0.0457
DUNGS_p_TCGA_b84_115_SNP_N_GenomeWideSNP_6_D01_771532	5	967233	51232611	26503	0.2618
DUNGS_p_TCGA_b84_115_SNP_N_GenomeWideSNP_6_D01_771532	5	51233419	119912472	37555	-0.0087
DUNGS_p_TCGA_b84_115_SNP_N_GenomeWideSNP_6_D01_771532	5	119912891	119913247	2	-1.4067
DUNGS_p_TCGA_b84_115_SNP_N_GenomeWideSNP_6_D01_771532	5	119913828	130214839	5881	-0.0065
DUNGS_p_TCGA_b84_115_SNP_N_GenomeWideSNP_6_D01_771532	5	130229636	130315536	33	-1.1282
DUNGS_p_TCGA_b84_115_SNP_N_GenomeWideSNP_6_D01_771532	5	130332512	180293075	30579	-0.0148
DUNGS_p_TCGA_b84_115_SNP_N_GenomeWideSNP_6_D01_771532	6	959281	143967067	80421	-0.1031
DUNGS_p_TCGA_b84_115_SNP_N_GenomeWideSNP_6_D01_771532	6	143967113	143972461	2	-1.7401
DUNGS_p_TCGA_b84_115_SNP_N_GenomeWideSNP_6_D01_771532	6	143972781	170745844	16107	-0.2223
DUNGS_p_TCGA_b84_115_SNP_N_GenomeWideSNP_6_D01_771532	7	671810	158077879	81362	0.243
DUNGS_p_TCGA_b84_115_SNP_N_GenomeWideSNP_6_D01_771532	8	607667	145304484	81574	0.0425
DUNGS_p_TCGA_b84_115_SNP_N_GenomeWideSNP_6_D01_771532	9	779932	134840795	66071	-0.0457
DUNGS_p_TCGA_b84_115_SNP_N_GenomeWideSNP_6_D01_771532	9	134843158	134845094	2	-1.4528
DUNGS_p_TCGA_b84_115_SNP_N_GenomeWideSNP_6_D01_771532	9	134846404	140058573	1973	0.0266
DUNGS_p_TCGA_b84_115_SNP_N_GenomeWideSNP_6_D01_771532	10	405240	135075077	80909	-0.036
DUNGS_p_TCGA_b84_115_SNP_N_GenomeWideSNP_6_D01_771532	11	446120	20193356	12548	-0.2234
DUNGS_p_TCGA_b84_115_SNP_N_GenomeWideSNP_6_D01_771532	11	20193516	20195222	2	-2.2605
DUNGS_p_TCGA_b84_115_SNP_N_GenomeWideSNP_6_D01_771532	11	20196436	133647740	64750	-0.0412
DUNGS_p_TCGA_b84_115_SNP_N_GenomeWideSNP_6_D01_771532	12	760163	6296449	3510	0.0143
DUNGS_p_TCGA_b84_115_SNP_N_GenomeWideSNP_6_D01_771532	12	6298377	6310059	3	0.9581
DUNGS_p_TCGA_b84_115_SNP_N_GenomeWideSNP_6_D01_771532	12	6316501	27395629	12206	0.0486
DUNGS_p_TCGA_b84_115_SNP_N_GenomeWideSNP_6_D01_771532	12	27396028	27396074	2	-1.261
DUNGS_p_TCGA_b84_115_SNP_N_GenomeWideSNP_6_D01_771532	12	27397722	39116850	4722	0.0374
DUNGS_p_TCGA_b84_115_SNP_N_GenomeWideSNP_6_D01_771532	12	39117113	39117862	4	-1.0271
DUNGS_p_TCGA_b84_115_SNP_N_GenomeWideSNP_6_D01_771532	12	39119917	131671419	53537	0.0338
DUNGS_p_TCGA_b84_115_SNP_N_GenomeWideSNP_6_D01_771532	13	18348806	114005560	56681	-0.2023
DUNGS_p_TCGA_b84_115_SNP_N_GenomeWideSNP_6_D01_771532	14	19571208	74746636	30760	-0.0702
DUNGS_p_TCGA_b84_115_SNP_N_GenomeWideSNP_6_D01_771532	14	74747452	74749477	2	-1.4461
DUNGS_p_TCGA_b84_115_SNP_N_GenomeWideSNP_6_D01_771532	14	74751170	92147311	11053	-0.0727
DUNGS_p_TCGA_b84_115_SNP_N_GenomeWideSNP_6_D01_771532	14	92148459	92148493	2	-1.663
DUNGS_p_TCGA_b84_115_SNP_N_GenomeWideSNP_6_D01_771532	14	92148741	99363630	5166	-0.0736
DUNGS_p_TCGA_b84_115_SNP_N_GenomeWideSNP_6_D01_771532	14	99368767	99374819	2	-1.275
DUNGS_p_TCGA_b84_115_SNP_N_GenomeWideSNP_6_D01_771532	14	99375482	105059083	2488	-0.0857
DUNGS_p_TCGA_b84_115_SNP_N_GenomeWideSNP_6_D01_771532	15	21238778	99701830	44553	0.0486
DUNGS_p_TCGA_b84_115_SNP_N_GenomeWideSNP_6_D01_771532	16	593460	87907437	40882	0.0355
DUNGS_p_TCGA_b84_115_SNP_N_GenomeWideSNP_6_D01_771532	17	933971	78510305	37004	-0.025
DUNGS_p_TCGA_b84_115_SNP_N_GenomeWideSNP_6_D01_771532	18	319586	75210228	42689	-0.158
DUNGS_p_TCGA_b84_115_SNP_N_GenomeWideSNP_6_D01_771532	19	235018	244346	3	-1.9633
DUNGS_p_TCGA_b84_115_SNP_N_GenomeWideSNP_6_D01_771532	19	244934	1074540	153	-0.1312
DUNGS_p_TCGA_b84_115_SNP_N_GenomeWideSNP_6_D01_771532	19	1078720	1234188	23	-0.4711
DUNGS_p_TCGA_b84_115_SNP_N_GenomeWideSNP_6_D01_771532	19	1288376	23077776	8350	-0.0268
DUNGS_p_TCGA_b84_115_SNP_N_GenomeWideSNP_6_D01_771532	19	23079701	23844832	458	0.4769
DUNGS_p_TCGA_b84_115_SNP_N_GenomeWideSNP_6_D01_771532	19	32932334	43583349	6748	0.1907
DUNGS_p_TCGA_b84_115_SNP_N_GenomeWideSNP_6_D01_771532	19	43588084	43601479	8	-0.5589
DUNGS_p_TCGA_b84_115_SNP_N_GenomeWideSNP_6_D01_771532	19	43601497	63570038	8219	0.182
DUNGS_p_TCGA_b84_115_SNP_N_GenomeWideSNP_6_D01_771532	20	403764	26145899	16836	-0.2054
DUNGS_p_TCGA_b84_115_SNP_N_GenomeWideSNP_6_D01_771532	20	29307634	61690281	20462	0.0791
DUNGS_p_TCGA_b84_115_SNP_N_GenomeWideSNP_6_D01_771532	21	14269492	46503202	20594	-0.0836
DUNGS_p_TCGA_b84_115_SNP_N_GenomeWideSNP_6_D01_771532	22	15803930	47285342	16647	-0.1516
DUNGS_p_TCGA_b84_115_SNP_N_GenomeWideSNP_6_D01_771532	22	47288391	47290947	3	-1.3153
DUNGS_p_TCGA_b84_115_SNP_N_GenomeWideSNP_6_D01_771532	22	47291471	47717016	288	-0.1724
DUNGS_p_TCGA_b84_115_SNP_N_GenomeWideSNP_6_D01_771532	X	3167107	154558783	63805	0.0015
