Sample	Chromosome	Start	End	Num_Probes	Segment_Mean
DUNGS_p_TCGA_b84_115_SNP_N_GenomeWideSNP_6_F09_771514	1	51598	5037526	2097	0.078
DUNGS_p_TCGA_b84_115_SNP_N_GenomeWideSNP_6_F09_771514	1	5039596	5041500	5	-0.9791
DUNGS_p_TCGA_b84_115_SNP_N_GenomeWideSNP_6_F09_771514	1	5043104	9290796	2623	0.0053
DUNGS_p_TCGA_b84_115_SNP_N_GenomeWideSNP_6_F09_771514	1	9292605	9304872	12	0.634
DUNGS_p_TCGA_b84_115_SNP_N_GenomeWideSNP_6_F09_771514	1	9305056	9507029	115	-0.0033
DUNGS_p_TCGA_b84_115_SNP_N_GenomeWideSNP_6_F09_771514	1	9510696	9519068	3	1.1336
DUNGS_p_TCGA_b84_115_SNP_N_GenomeWideSNP_6_F09_771514	1	9519452	10289796	346	-0.01
DUNGS_p_TCGA_b84_115_SNP_N_GenomeWideSNP_6_F09_771514	1	10289931	10304359	21	0.6644
DUNGS_p_TCGA_b84_115_SNP_N_GenomeWideSNP_6_F09_771514	1	10304375	12757167	1306	0.0075
DUNGS_p_TCGA_b84_115_SNP_N_GenomeWideSNP_6_F09_771514	1	12758455	13582502	89	0.4721
DUNGS_p_TCGA_b84_115_SNP_N_GenomeWideSNP_6_F09_771514	1	13588040	16885372	2176	0.0135
DUNGS_p_TCGA_b84_115_SNP_N_GenomeWideSNP_6_F09_771514	1	16888764	16889459	3	1.2614
DUNGS_p_TCGA_b84_115_SNP_N_GenomeWideSNP_6_F09_771514	1	16889467	22218234	3471	0.0047
DUNGS_p_TCGA_b84_115_SNP_N_GenomeWideSNP_6_F09_771514	1	22221143	22230449	2	1.6185
DUNGS_p_TCGA_b84_115_SNP_N_GenomeWideSNP_6_F09_771514	1	22230541	25455216	1905	0.012
DUNGS_p_TCGA_b84_115_SNP_N_GenomeWideSNP_6_F09_771514	1	25455266	25535897	36	0.6009
DUNGS_p_TCGA_b84_115_SNP_N_GenomeWideSNP_6_F09_771514	1	25535931	27252058	735	0.0282
DUNGS_p_TCGA_b84_115_SNP_N_GenomeWideSNP_6_F09_771514	1	27252537	27252539	2	1.586
DUNGS_p_TCGA_b84_115_SNP_N_GenomeWideSNP_6_F09_771514	1	27253466	37649559	5734	0.0067
DUNGS_p_TCGA_b84_115_SNP_N_GenomeWideSNP_6_F09_771514	1	37650213	37693630	28	0.4069
DUNGS_p_TCGA_b84_115_SNP_N_GenomeWideSNP_6_F09_771514	1	37695986	51119926	7537	0.0058
DUNGS_p_TCGA_b84_115_SNP_N_GenomeWideSNP_6_F09_771514	1	51124441	51147756	11	0.5981
DUNGS_p_TCGA_b84_115_SNP_N_GenomeWideSNP_6_F09_771514	1	51150447	54847650	1992	0.0025
DUNGS_p_TCGA_b84_115_SNP_N_GenomeWideSNP_6_F09_771514	1	54857729	54873453	8	0.7318
DUNGS_p_TCGA_b84_115_SNP_N_GenomeWideSNP_6_F09_771514	1	54874020	59811658	3984	0.0028
DUNGS_p_TCGA_b84_115_SNP_N_GenomeWideSNP_6_F09_771514	1	59813177	59816512	3	-1.3986
DUNGS_p_TCGA_b84_115_SNP_N_GenomeWideSNP_6_F09_771514	1	59816624	62048508	1564	0.0116
DUNGS_p_TCGA_b84_115_SNP_N_GenomeWideSNP_6_F09_771514	1	62052182	62056938	4	-1.2556
DUNGS_p_TCGA_b84_115_SNP_N_GenomeWideSNP_6_F09_771514	1	62057079	62211903	133	0.0179
DUNGS_p_TCGA_b84_115_SNP_N_GenomeWideSNP_6_F09_771514	1	62211931	62218957	24	0.4532
DUNGS_p_TCGA_b84_115_SNP_N_GenomeWideSNP_6_F09_771514	1	62219220	65682713	2535	-0.0032
DUNGS_p_TCGA_b84_115_SNP_N_GenomeWideSNP_6_F09_771514	1	65684195	65684260	2	-1.5079
DUNGS_p_TCGA_b84_115_SNP_N_GenomeWideSNP_6_F09_771514	1	65684511	69023074	2423	-0.0065
DUNGS_p_TCGA_b84_115_SNP_N_GenomeWideSNP_6_F09_771514	1	69024545	69038571	11	0.6422
DUNGS_p_TCGA_b84_115_SNP_N_GenomeWideSNP_6_F09_771514	1	69038691	72541504	2065	0.0086
DUNGS_p_TCGA_b84_115_SNP_N_GenomeWideSNP_6_F09_771514	1	72541524	72583736	45	-0.921
DUNGS_p_TCGA_b84_115_SNP_N_GenomeWideSNP_6_F09_771514	1	72584492	104023054	20119	-0.0029
DUNGS_p_TCGA_b84_115_SNP_N_GenomeWideSNP_6_F09_771514	1	104023154	104027091	10	-1.1261
DUNGS_p_TCGA_b84_115_SNP_N_GenomeWideSNP_6_F09_771514	1	104041212	110025950	3609	-0.0038
DUNGS_p_TCGA_b84_115_SNP_N_GenomeWideSNP_6_F09_771514	1	110027165	110047796	35	0.7307
DUNGS_p_TCGA_b84_115_SNP_N_GenomeWideSNP_6_F09_771514	1	110047801	110053306	10	-0.0131
DUNGS_p_TCGA_b84_115_SNP_N_GenomeWideSNP_6_F09_771514	1	110053313	110058147	6	0.6731
DUNGS_p_TCGA_b84_115_SNP_N_GenomeWideSNP_6_F09_771514	1	110062265	111132523	786	0.0029
DUNGS_p_TCGA_b84_115_SNP_N_GenomeWideSNP_6_F09_771514	1	111133168	111141567	6	0.8029
DUNGS_p_TCGA_b84_115_SNP_N_GenomeWideSNP_6_F09_771514	1	111144013	111203227	88	0.0072
DUNGS_p_TCGA_b84_115_SNP_N_GenomeWideSNP_6_F09_771514	1	111203412	111205814	5	-0.8886
DUNGS_p_TCGA_b84_115_SNP_N_GenomeWideSNP_6_F09_771514	1	111206574	112498076	1062	0.0054
DUNGS_p_TCGA_b84_115_SNP_N_GenomeWideSNP_6_F09_771514	1	112498095	112507605	20	-0.5175
DUNGS_p_TCGA_b84_115_SNP_N_GenomeWideSNP_6_F09_771514	1	112507641	119010423	4141	-0.0011
DUNGS_p_TCGA_b84_115_SNP_N_GenomeWideSNP_6_F09_771514	1	119011355	119019029	5	0.8942
DUNGS_p_TCGA_b84_115_SNP_N_GenomeWideSNP_6_F09_771514	1	119019198	146395960	2182	0.0672
DUNGS_p_TCGA_b84_115_SNP_N_GenomeWideSNP_6_F09_771514	1	146780414	147173241	43	0.5102
DUNGS_p_TCGA_b84_115_SNP_N_GenomeWideSNP_6_F09_771514	1	147173894	147308346	19	-0.2265
DUNGS_p_TCGA_b84_115_SNP_N_GenomeWideSNP_6_F09_771514	1	147308430	147469217	73	-1.876
DUNGS_p_TCGA_b84_115_SNP_N_GenomeWideSNP_6_F09_771514	1	147469369	147496467	31	-0.5976
DUNGS_p_TCGA_b84_115_SNP_N_GenomeWideSNP_6_F09_771514	1	147509287	147523315	23	-1.5601
DUNGS_p_TCGA_b84_115_SNP_N_GenomeWideSNP_6_F09_771514	1	147526040	150822151	1529	0.0219
DUNGS_p_TCGA_b84_115_SNP_N_GenomeWideSNP_6_F09_771514	1	150822330	150852342	29	-1.6602
DUNGS_p_TCGA_b84_115_SNP_N_GenomeWideSNP_6_F09_771514	1	150852741	151034106	199	0.0735
DUNGS_p_TCGA_b84_115_SNP_N_GenomeWideSNP_6_F09_771514	1	151034127	151034962	12	0.8181
DUNGS_p_TCGA_b84_115_SNP_N_GenomeWideSNP_6_F09_771514	1	151034983	167483561	11356	0.003
DUNGS_p_TCGA_b84_115_SNP_N_GenomeWideSNP_6_F09_771514	1	167500598	167505369	6	-3.6698
DUNGS_p_TCGA_b84_115_SNP_N_GenomeWideSNP_6_F09_771514	1	167508390	173062561	3527	-0.0025
DUNGS_p_TCGA_b84_115_SNP_N_GenomeWideSNP_6_F09_771514	1	173062889	173068663	23	0.4233
DUNGS_p_TCGA_b84_115_SNP_N_GenomeWideSNP_6_F09_771514	1	173068757	176926556	2512	0.0121
DUNGS_p_TCGA_b84_115_SNP_N_GenomeWideSNP_6_F09_771514	1	176926632	176929280	16	0.6907
DUNGS_p_TCGA_b84_115_SNP_N_GenomeWideSNP_6_F09_771514	1	176929291	185980063	6152	-0.0045
DUNGS_p_TCGA_b84_115_SNP_N_GenomeWideSNP_6_F09_771514	1	185981230	185987992	6	-0.8438
DUNGS_p_TCGA_b84_115_SNP_N_GenomeWideSNP_6_F09_771514	1	185991233	187914780	1234	-8e-04
DUNGS_p_TCGA_b84_115_SNP_N_GenomeWideSNP_6_F09_771514	1	187915106	187915150	2	-1.9905
DUNGS_p_TCGA_b84_115_SNP_N_GenomeWideSNP_6_F09_771514	1	187918670	189980394	1355	-0.0097
DUNGS_p_TCGA_b84_115_SNP_N_GenomeWideSNP_6_F09_771514	1	189980591	189986050	6	-0.8896
DUNGS_p_TCGA_b84_115_SNP_N_GenomeWideSNP_6_F09_771514	1	189990383	192714857	1930	-0.003
DUNGS_p_TCGA_b84_115_SNP_N_GenomeWideSNP_6_F09_771514	1	192718034	192721641	2	1.6862
DUNGS_p_TCGA_b84_115_SNP_N_GenomeWideSNP_6_F09_771514	1	192723639	194981445	1454	-0.0051
DUNGS_p_TCGA_b84_115_SNP_N_GenomeWideSNP_6_F09_771514	1	194981496	195089940	99	0.5595
DUNGS_p_TCGA_b84_115_SNP_N_GenomeWideSNP_6_F09_771514	1	195090236	212704431	11929	0.0031
DUNGS_p_TCGA_b84_115_SNP_N_GenomeWideSNP_6_F09_771514	1	212705059	212711886	9	-0.7652
DUNGS_p_TCGA_b84_115_SNP_N_GenomeWideSNP_6_F09_771514	1	212711918	238117649	17776	0.0025
DUNGS_p_TCGA_b84_115_SNP_N_GenomeWideSNP_6_F09_771514	1	238119045	238119673	3	1.2676
DUNGS_p_TCGA_b84_115_SNP_N_GenomeWideSNP_6_F09_771514	1	238120067	239891158	1462	-9e-04
DUNGS_p_TCGA_b84_115_SNP_N_GenomeWideSNP_6_F09_771514	1	239893443	239896209	3	-1.1023
DUNGS_p_TCGA_b84_115_SNP_N_GenomeWideSNP_6_F09_771514	1	239896709	240487462	448	0.0028
DUNGS_p_TCGA_b84_115_SNP_N_GenomeWideSNP_6_F09_771514	1	240487511	240491378	2	-2.3376
DUNGS_p_TCGA_b84_115_SNP_N_GenomeWideSNP_6_F09_771514	1	240491493	241110904	489	0.0052
DUNGS_p_TCGA_b84_115_SNP_N_GenomeWideSNP_6_F09_771514	1	241110930	241126377	39	0.5389
DUNGS_p_TCGA_b84_115_SNP_N_GenomeWideSNP_6_F09_771514	1	241126383	241195975	39	0.1304
DUNGS_p_TCGA_b84_115_SNP_N_GenomeWideSNP_6_F09_771514	1	241201330	241294770	20	0.6244
DUNGS_p_TCGA_b84_115_SNP_N_GenomeWideSNP_6_F09_771514	1	241324686	247191011	3764	0.0209
DUNGS_p_TCGA_b84_115_SNP_N_GenomeWideSNP_6_F09_771514	2	2784	4181455	2990	0.0234
DUNGS_p_TCGA_b84_115_SNP_N_GenomeWideSNP_6_F09_771514	2	4183562	4201708	42	0.512
DUNGS_p_TCGA_b84_115_SNP_N_GenomeWideSNP_6_F09_771514	2	4201894	7151026	2520	-0.0029
DUNGS_p_TCGA_b84_115_SNP_N_GenomeWideSNP_6_F09_771514	2	7151065	7151815	7	0.7803
DUNGS_p_TCGA_b84_115_SNP_N_GenomeWideSNP_6_F09_771514	2	7151927	24448832	12397	-0.0019
DUNGS_p_TCGA_b84_115_SNP_N_GenomeWideSNP_6_F09_771514	2	24450316	24473006	43	0.3913
DUNGS_p_TCGA_b84_115_SNP_N_GenomeWideSNP_6_F09_771514	2	24473356	32849060	4806	-0.0032
DUNGS_p_TCGA_b84_115_SNP_N_GenomeWideSNP_6_F09_771514	2	32849268	32852110	7	0.7556
DUNGS_p_TCGA_b84_115_SNP_N_GenomeWideSNP_6_F09_771514	2	32853114	33004819	113	-0.012
DUNGS_p_TCGA_b84_115_SNP_N_GenomeWideSNP_6_F09_771514	2	33007630	33008686	2	-1.7549
DUNGS_p_TCGA_b84_115_SNP_N_GenomeWideSNP_6_F09_771514	2	33008810	34384621	1119	-0.0018
DUNGS_p_TCGA_b84_115_SNP_N_GenomeWideSNP_6_F09_771514	2	34384749	34385279	2	-4.7686
DUNGS_p_TCGA_b84_115_SNP_N_GenomeWideSNP_6_F09_771514	2	34385520	35829477	1012	-0.0495
DUNGS_p_TCGA_b84_115_SNP_N_GenomeWideSNP_6_F09_771514	2	35831294	35841420	6	-1.4669
DUNGS_p_TCGA_b84_115_SNP_N_GenomeWideSNP_6_F09_771514	2	35841451	41091739	3949	-0.0028
DUNGS_p_TCGA_b84_115_SNP_N_GenomeWideSNP_6_F09_771514	2	41091947	41096248	13	-0.948
DUNGS_p_TCGA_b84_115_SNP_N_GenomeWideSNP_6_F09_771514	2	41096263	48703509	5413	-0.0025
DUNGS_p_TCGA_b84_115_SNP_N_GenomeWideSNP_6_F09_771514	2	48704656	48709438	3	1.5712
DUNGS_p_TCGA_b84_115_SNP_N_GenomeWideSNP_6_F09_771514	2	48715408	52608232	2799	-0.0173
DUNGS_p_TCGA_b84_115_SNP_N_GenomeWideSNP_6_F09_771514	2	52608369	52635046	35	-1.8657
DUNGS_p_TCGA_b84_115_SNP_N_GenomeWideSNP_6_F09_771514	2	52641453	75041402	14345	-0.0061
DUNGS_p_TCGA_b84_115_SNP_N_GenomeWideSNP_6_F09_771514	2	75041757	75042396	2	-2.5273
DUNGS_p_TCGA_b84_115_SNP_N_GenomeWideSNP_6_F09_771514	2	75043057	89872045	8699	0.0197
DUNGS_p_TCGA_b84_115_SNP_N_GenomeWideSNP_6_F09_771514	2	89872076	89879381	9	-0.6977
DUNGS_p_TCGA_b84_115_SNP_N_GenomeWideSNP_6_F09_771514	2	89879573	94698533	155	0.3285
DUNGS_p_TCGA_b84_115_SNP_N_GenomeWideSNP_6_F09_771514	2	94705115	97080999	814	0.0293
DUNGS_p_TCGA_b84_115_SNP_N_GenomeWideSNP_6_F09_771514	2	97082063	97640959	130	0.3636
DUNGS_p_TCGA_b84_115_SNP_N_GenomeWideSNP_6_F09_771514	2	97643754	106247145	5553	-0.0076
DUNGS_p_TCGA_b84_115_SNP_N_GenomeWideSNP_6_F09_771514	2	106247971	106253840	12	0.8215
DUNGS_p_TCGA_b84_115_SNP_N_GenomeWideSNP_6_F09_771514	2	106254302	111845946	2640	0.0056
DUNGS_p_TCGA_b84_115_SNP_N_GenomeWideSNP_6_F09_771514	2	111849485	111869580	10	0.6773
DUNGS_p_TCGA_b84_115_SNP_N_GenomeWideSNP_6_F09_771514	2	111875248	114043653	1192	0.0174
DUNGS_p_TCGA_b84_115_SNP_N_GenomeWideSNP_6_F09_771514	2	114048245	114100022	6	1.2007
DUNGS_p_TCGA_b84_115_SNP_N_GenomeWideSNP_6_F09_771514	2	114100823	115256138	738	0.0101
DUNGS_p_TCGA_b84_115_SNP_N_GenomeWideSNP_6_F09_771514	2	115256169	115258864	9	0.8813
DUNGS_p_TCGA_b84_115_SNP_N_GenomeWideSNP_6_F09_771514	2	115258975	118670171	2107	-0.0051
DUNGS_p_TCGA_b84_115_SNP_N_GenomeWideSNP_6_F09_771514	2	118670333	118676150	5	1.0426
DUNGS_p_TCGA_b84_115_SNP_N_GenomeWideSNP_6_F09_771514	2	118677444	121047572	1473	0.0051
DUNGS_p_TCGA_b84_115_SNP_N_GenomeWideSNP_6_F09_771514	2	121047590	121057751	8	0.8477
DUNGS_p_TCGA_b84_115_SNP_N_GenomeWideSNP_6_F09_771514	2	121057891	121059476	3	-0.5958
DUNGS_p_TCGA_b84_115_SNP_N_GenomeWideSNP_6_F09_771514	2	121059754	123186818	1365	-0.0097
DUNGS_p_TCGA_b84_115_SNP_N_GenomeWideSNP_6_F09_771514	2	123188589	123188649	2	-0.9112
DUNGS_p_TCGA_b84_115_SNP_N_GenomeWideSNP_6_F09_771514	2	123192219	123198651	11	0.499
DUNGS_p_TCGA_b84_115_SNP_N_GenomeWideSNP_6_F09_771514	2	123198711	123821249	463	-0.0164
DUNGS_p_TCGA_b84_115_SNP_N_GenomeWideSNP_6_F09_771514	2	123823495	123836392	10	-0.7823
DUNGS_p_TCGA_b84_115_SNP_N_GenomeWideSNP_6_F09_771514	2	123836790	131813789	4698	0.0086
DUNGS_p_TCGA_b84_115_SNP_N_GenomeWideSNP_6_F09_771514	2	131814612	131874917	18	0.5744
DUNGS_p_TCGA_b84_115_SNP_N_GenomeWideSNP_6_F09_771514	2	131876404	132414189	248	0.0595
DUNGS_p_TCGA_b84_115_SNP_N_GenomeWideSNP_6_F09_771514	2	132419747	132755199	85	0.3883
DUNGS_p_TCGA_b84_115_SNP_N_GenomeWideSNP_6_F09_771514	2	132763242	137698618	3402	0.0051
DUNGS_p_TCGA_b84_115_SNP_N_GenomeWideSNP_6_F09_771514	2	137700117	137700731	5	-1.3024
DUNGS_p_TCGA_b84_115_SNP_N_GenomeWideSNP_6_F09_771514	2	137701755	140458265	1694	-0.0174
DUNGS_p_TCGA_b84_115_SNP_N_GenomeWideSNP_6_F09_771514	2	140461671	140467370	6	1.1688
DUNGS_p_TCGA_b84_115_SNP_N_GenomeWideSNP_6_F09_771514	2	140470372	146581053	3781	-0.0041
DUNGS_p_TCGA_b84_115_SNP_N_GenomeWideSNP_6_F09_771514	2	146581549	146583404	19	-1.7944
DUNGS_p_TCGA_b84_115_SNP_N_GenomeWideSNP_6_F09_771514	2	146594276	150454129	2055	-0.008
DUNGS_p_TCGA_b84_115_SNP_N_GenomeWideSNP_6_F09_771514	2	150459972	150463233	5	-1.9069
DUNGS_p_TCGA_b84_115_SNP_N_GenomeWideSNP_6_F09_771514	2	150463438	150737180	205	-0.0563
DUNGS_p_TCGA_b84_115_SNP_N_GenomeWideSNP_6_F09_771514	2	150739048	150745978	6	-0.9475
DUNGS_p_TCGA_b84_115_SNP_N_GenomeWideSNP_6_F09_771514	2	150747454	155401042	3107	-0.0092
DUNGS_p_TCGA_b84_115_SNP_N_GenomeWideSNP_6_F09_771514	2	155403085	155408043	4	0.9315
DUNGS_p_TCGA_b84_115_SNP_N_GenomeWideSNP_6_F09_771514	2	155411014	156085099	330	-0.0422
DUNGS_p_TCGA_b84_115_SNP_N_GenomeWideSNP_6_F09_771514	2	156085466	156097859	11	-0.6406
DUNGS_p_TCGA_b84_115_SNP_N_GenomeWideSNP_6_F09_771514	2	156098097	164351734	4886	-0.0068
DUNGS_p_TCGA_b84_115_SNP_N_GenomeWideSNP_6_F09_771514	2	164351834	164352002	2	-2.2204
DUNGS_p_TCGA_b84_115_SNP_N_GenomeWideSNP_6_F09_771514	2	164352781	180116626	9913	-0.0018
DUNGS_p_TCGA_b84_115_SNP_N_GenomeWideSNP_6_F09_771514	2	180116979	180130151	39	0.3594
DUNGS_p_TCGA_b84_115_SNP_N_GenomeWideSNP_6_F09_771514	2	180130366	182821027	1752	-0.0086
DUNGS_p_TCGA_b84_115_SNP_N_GenomeWideSNP_6_F09_771514	2	182821375	182823108	4	-1.4135
DUNGS_p_TCGA_b84_115_SNP_N_GenomeWideSNP_6_F09_771514	2	182824897	186498879	2181	-0.0032
DUNGS_p_TCGA_b84_115_SNP_N_GenomeWideSNP_6_F09_771514	2	186499385	186526860	14	-0.6131
DUNGS_p_TCGA_b84_115_SNP_N_GenomeWideSNP_6_F09_771514	2	186526988	208058999	12512	-0.0065
DUNGS_p_TCGA_b84_115_SNP_N_GenomeWideSNP_6_F09_771514	2	208063157	208068391	23	0.6111
DUNGS_p_TCGA_b84_115_SNP_N_GenomeWideSNP_6_F09_771514	2	208068467	209253406	762	-0.0251
DUNGS_p_TCGA_b84_115_SNP_N_GenomeWideSNP_6_F09_771514	2	209254681	209260184	5	1.0164
DUNGS_p_TCGA_b84_115_SNP_N_GenomeWideSNP_6_F09_771514	2	209260197	213093762	2434	-0.0114
DUNGS_p_TCGA_b84_115_SNP_N_GenomeWideSNP_6_F09_771514	2	213093867	213094320	2	-2.2202
DUNGS_p_TCGA_b84_115_SNP_N_GenomeWideSNP_6_F09_771514	2	213095808	232901812	12672	-0.0018
DUNGS_p_TCGA_b84_115_SNP_N_GenomeWideSNP_6_F09_771514	2	232912603	233043385	98	0.297
DUNGS_p_TCGA_b84_115_SNP_N_GenomeWideSNP_6_F09_771514	2	233045726	234551169	979	-0.0061
DUNGS_p_TCGA_b84_115_SNP_N_GenomeWideSNP_6_F09_771514	2	234551431	234555358	3	-1.6125
DUNGS_p_TCGA_b84_115_SNP_N_GenomeWideSNP_6_F09_771514	2	234555794	235651988	881	0.006
DUNGS_p_TCGA_b84_115_SNP_N_GenomeWideSNP_6_F09_771514	2	235653029	235653271	2	-1.5529
DUNGS_p_TCGA_b84_115_SNP_N_GenomeWideSNP_6_F09_771514	2	235653826	239583883	2589	-0.0054
DUNGS_p_TCGA_b84_115_SNP_N_GenomeWideSNP_6_F09_771514	2	239587531	239590983	6	0.7749
DUNGS_p_TCGA_b84_115_SNP_N_GenomeWideSNP_6_F09_771514	2	239591544	242368149	1570	0.0159
DUNGS_p_TCGA_b84_115_SNP_N_GenomeWideSNP_6_F09_771514	2	242368478	242381759	5	0.9393
DUNGS_p_TCGA_b84_115_SNP_N_GenomeWideSNP_6_F09_771514	2	242381796	242602539	42	0.0422
DUNGS_p_TCGA_b84_115_SNP_N_GenomeWideSNP_6_F09_771514	2	242606740	242607146	9	0.9004
DUNGS_p_TCGA_b84_115_SNP_N_GenomeWideSNP_6_F09_771514	2	242607165	242738129	100	0.1592
DUNGS_p_TCGA_b84_115_SNP_N_GenomeWideSNP_6_F09_771514	3	35345	199602	157	-0.0021
DUNGS_p_TCGA_b84_115_SNP_N_GenomeWideSNP_6_F09_771514	3	205022	207800	4	-3.2691
DUNGS_p_TCGA_b84_115_SNP_N_GenomeWideSNP_6_F09_771514	3	209877	4051395	3473	-0.0128
DUNGS_p_TCGA_b84_115_SNP_N_GenomeWideSNP_6_F09_771514	3	4054710	4081270	60	0.3849
DUNGS_p_TCGA_b84_115_SNP_N_GenomeWideSNP_6_F09_771514	3	4081431	6621543	2156	0.0132
DUNGS_p_TCGA_b84_115_SNP_N_GenomeWideSNP_6_F09_771514	3	6626128	6628332	23	-0.8094
DUNGS_p_TCGA_b84_115_SNP_N_GenomeWideSNP_6_F09_771514	3	6630078	47374915	27691	0.0065
DUNGS_p_TCGA_b84_115_SNP_N_GenomeWideSNP_6_F09_771514	3	47375335	47384216	4	0.9388
DUNGS_p_TCGA_b84_115_SNP_N_GenomeWideSNP_6_F09_771514	3	47384515	60894434	8222	0.0041
DUNGS_p_TCGA_b84_115_SNP_N_GenomeWideSNP_6_F09_771514	3	60895058	60895184	2	-2.0089
DUNGS_p_TCGA_b84_115_SNP_N_GenomeWideSNP_6_F09_771514	3	60895434	61570791	543	0.0077
DUNGS_p_TCGA_b84_115_SNP_N_GenomeWideSNP_6_F09_771514	3	61571602	61573200	2	1.9758
DUNGS_p_TCGA_b84_115_SNP_N_GenomeWideSNP_6_F09_771514	3	61573614	65168421	3103	-0.0016
DUNGS_p_TCGA_b84_115_SNP_N_GenomeWideSNP_6_F09_771514	3	65171285	65174742	20	0.3741
DUNGS_p_TCGA_b84_115_SNP_N_GenomeWideSNP_6_F09_771514	3	65174907	65181944	12	0.9798
DUNGS_p_TCGA_b84_115_SNP_N_GenomeWideSNP_6_F09_771514	3	65181984	68828854	2435	0.0053
DUNGS_p_TCGA_b84_115_SNP_N_GenomeWideSNP_6_F09_771514	3	68828949	68829530	8	-0.5421
DUNGS_p_TCGA_b84_115_SNP_N_GenomeWideSNP_6_F09_771514	3	68829702	68830103	6	-1.5539
DUNGS_p_TCGA_b84_115_SNP_N_GenomeWideSNP_6_F09_771514	3	68831448	70119807	1096	0.0022
DUNGS_p_TCGA_b84_115_SNP_N_GenomeWideSNP_6_F09_771514	3	70119981	70123234	5	0.8931
DUNGS_p_TCGA_b84_115_SNP_N_GenomeWideSNP_6_F09_771514	3	70124793	75474768	3771	9e-04
DUNGS_p_TCGA_b84_115_SNP_N_GenomeWideSNP_6_F09_771514	3	75475063	75477125	3	-1.2465
DUNGS_p_TCGA_b84_115_SNP_N_GenomeWideSNP_6_F09_771514	3	75479508	75974611	150	0.4815
DUNGS_p_TCGA_b84_115_SNP_N_GenomeWideSNP_6_F09_771514	3	75974665	84781874	4930	-0.0038
DUNGS_p_TCGA_b84_115_SNP_N_GenomeWideSNP_6_F09_771514	3	84782374	84782448	2	1.485
DUNGS_p_TCGA_b84_115_SNP_N_GenomeWideSNP_6_F09_771514	3	84782483	84784851	14	0.1062
DUNGS_p_TCGA_b84_115_SNP_N_GenomeWideSNP_6_F09_771514	3	84784925	84789755	6	0.8706
DUNGS_p_TCGA_b84_115_SNP_N_GenomeWideSNP_6_F09_771514	3	84794415	85573477	456	0.0269
DUNGS_p_TCGA_b84_115_SNP_N_GenomeWideSNP_6_F09_771514	3	85574849	85603747	19	-0.4585
DUNGS_p_TCGA_b84_115_SNP_N_GenomeWideSNP_6_F09_771514	3	85603815	89499977	2272	0.0105
DUNGS_p_TCGA_b84_115_SNP_N_GenomeWideSNP_6_F09_771514	3	89502054	89503163	6	1.0319
DUNGS_p_TCGA_b84_115_SNP_N_GenomeWideSNP_6_F09_771514	3	89503178	95002168	382	-0.0042
DUNGS_p_TCGA_b84_115_SNP_N_GenomeWideSNP_6_F09_771514	3	95002706	95010149	4	0.9461
DUNGS_p_TCGA_b84_115_SNP_N_GenomeWideSNP_6_F09_771514	3	95012936	95108882	42	0.0359
DUNGS_p_TCGA_b84_115_SNP_N_GenomeWideSNP_6_F09_771514	3	95109058	95117041	3	1.2316
DUNGS_p_TCGA_b84_115_SNP_N_GenomeWideSNP_6_F09_771514	3	95120707	100427989	2826	-6e-04
DUNGS_p_TCGA_b84_115_SNP_N_GenomeWideSNP_6_F09_771514	3	100428085	100431728	12	-0.9379
DUNGS_p_TCGA_b84_115_SNP_N_GenomeWideSNP_6_F09_771514	3	100431746	126926298	16292	0.001
DUNGS_p_TCGA_b84_115_SNP_N_GenomeWideSNP_6_F09_771514	3	126929354	126952111	12	1.0306
DUNGS_p_TCGA_b84_115_SNP_N_GenomeWideSNP_6_F09_771514	3	126958024	129863939	1830	0.0022
DUNGS_p_TCGA_b84_115_SNP_N_GenomeWideSNP_6_F09_771514	3	129867213	129896851	16	0.9454
DUNGS_p_TCGA_b84_115_SNP_N_GenomeWideSNP_6_F09_771514	3	129903856	131232896	616	-0.0043
DUNGS_p_TCGA_b84_115_SNP_N_GenomeWideSNP_6_F09_771514	3	131236625	131269429	18	0.4059
DUNGS_p_TCGA_b84_115_SNP_N_GenomeWideSNP_6_F09_771514	3	131269443	131281425	36	-0.0478
DUNGS_p_TCGA_b84_115_SNP_N_GenomeWideSNP_6_F09_771514	3	131281471	131402948	45	0.4861
DUNGS_p_TCGA_b84_115_SNP_N_GenomeWideSNP_6_F09_771514	3	131403909	163995786	20273	0.0049
DUNGS_p_TCGA_b84_115_SNP_N_GenomeWideSNP_6_F09_771514	3	163995843	164109266	68	0.5896
DUNGS_p_TCGA_b84_115_SNP_N_GenomeWideSNP_6_F09_771514	3	164109297	165136122	576	-0.0025
DUNGS_p_TCGA_b84_115_SNP_N_GenomeWideSNP_6_F09_771514	3	165141637	165141652	5	1.4534
DUNGS_p_TCGA_b84_115_SNP_N_GenomeWideSNP_6_F09_771514	3	165141655	167563117	1423	0.0013
DUNGS_p_TCGA_b84_115_SNP_N_GenomeWideSNP_6_F09_771514	3	167565295	167576883	8	-0.8189
DUNGS_p_TCGA_b84_115_SNP_N_GenomeWideSNP_6_F09_771514	3	167580709	170212874	1433	-0.0047
DUNGS_p_TCGA_b84_115_SNP_N_GenomeWideSNP_6_F09_771514	3	170216096	170222544	4	-1.6635
DUNGS_p_TCGA_b84_115_SNP_N_GenomeWideSNP_6_F09_771514	3	170222859	176561212	4217	-0.0093
DUNGS_p_TCGA_b84_115_SNP_N_GenomeWideSNP_6_F09_771514	3	176563286	176563305	2	1.9268
DUNGS_p_TCGA_b84_115_SNP_N_GenomeWideSNP_6_F09_771514	3	176563441	180128028	2210	-0.0055
DUNGS_p_TCGA_b84_115_SNP_N_GenomeWideSNP_6_F09_771514	3	180128984	180148166	11	-1.1746
DUNGS_p_TCGA_b84_115_SNP_N_GenomeWideSNP_6_F09_771514	3	180151916	182980068	1632	-0.0135
DUNGS_p_TCGA_b84_115_SNP_N_GenomeWideSNP_6_F09_771514	3	182981042	182981125	2	-1.5787
DUNGS_p_TCGA_b84_115_SNP_N_GenomeWideSNP_6_F09_771514	3	182981447	187561022	2682	0.0133
DUNGS_p_TCGA_b84_115_SNP_N_GenomeWideSNP_6_F09_771514	3	187563423	187568602	6	0.6909
DUNGS_p_TCGA_b84_115_SNP_N_GenomeWideSNP_6_F09_771514	3	187568977	187869381	224	0.0136
DUNGS_p_TCGA_b84_115_SNP_N_GenomeWideSNP_6_F09_771514	3	187869511	187917491	56	0.4114
DUNGS_p_TCGA_b84_115_SNP_N_GenomeWideSNP_6_F09_771514	3	187919298	194356501	4717	0.0054
DUNGS_p_TCGA_b84_115_SNP_N_GenomeWideSNP_6_F09_771514	3	194357441	194363420	11	0.9355
DUNGS_p_TCGA_b84_115_SNP_N_GenomeWideSNP_6_F09_771514	3	194363525	199257001	2637	0.033
DUNGS_p_TCGA_b84_115_SNP_N_GenomeWideSNP_6_F09_771514	3	199257146	199258395	4	1.492
DUNGS_p_TCGA_b84_115_SNP_N_GenomeWideSNP_6_F09_771514	3	199264028	199319853	51	0.0726
DUNGS_p_TCGA_b84_115_SNP_N_GenomeWideSNP_6_F09_771514	3	199320127	199380515	26	0.7077
DUNGS_p_TCGA_b84_115_SNP_N_GenomeWideSNP_6_F09_771514	4	2281	1363551	580	0.103
DUNGS_p_TCGA_b84_115_SNP_N_GenomeWideSNP_6_F09_771514	4	1370848	1380400	5	-0.8001
DUNGS_p_TCGA_b84_115_SNP_N_GenomeWideSNP_6_F09_771514	4	1395675	1406863	5	0.6955
DUNGS_p_TCGA_b84_115_SNP_N_GenomeWideSNP_6_F09_771514	4	1406932	2396440	365	0.0039
DUNGS_p_TCGA_b84_115_SNP_N_GenomeWideSNP_6_F09_771514	4	2396681	2398261	3	1.0255
DUNGS_p_TCGA_b84_115_SNP_N_GenomeWideSNP_6_F09_771514	4	2402997	3565189	551	0.0026
DUNGS_p_TCGA_b84_115_SNP_N_GenomeWideSNP_6_F09_771514	4	3567650	3581191	7	0.9082
DUNGS_p_TCGA_b84_115_SNP_N_GenomeWideSNP_6_F09_771514	4	3583966	3844694	126	0.0345
DUNGS_p_TCGA_b84_115_SNP_N_GenomeWideSNP_6_F09_771514	4	3847588	4228710	84	0.5972
DUNGS_p_TCGA_b84_115_SNP_N_GenomeWideSNP_6_F09_771514	4	4232903	7508729	2612	0.0099
DUNGS_p_TCGA_b84_115_SNP_N_GenomeWideSNP_6_F09_771514	4	7509657	7510244	2	1.3956
DUNGS_p_TCGA_b84_115_SNP_N_GenomeWideSNP_6_F09_771514	4	7511133	8273587	562	0.0287
DUNGS_p_TCGA_b84_115_SNP_N_GenomeWideSNP_6_F09_771514	4	8276581	8285667	9	0.6784
DUNGS_p_TCGA_b84_115_SNP_N_GenomeWideSNP_6_F09_771514	4	8285804	8981401	283	-0.019
DUNGS_p_TCGA_b84_115_SNP_N_GenomeWideSNP_6_F09_771514	4	8985664	9259696	116	0.5744
DUNGS_p_TCGA_b84_115_SNP_N_GenomeWideSNP_6_F09_771514	4	9263088	9807726	465	-0.0069
DUNGS_p_TCGA_b84_115_SNP_N_GenomeWideSNP_6_F09_771514	4	9807922	9808065	4	1.0191
DUNGS_p_TCGA_b84_115_SNP_N_GenomeWideSNP_6_F09_771514	4	9808786	9819488	30	0.127
DUNGS_p_TCGA_b84_115_SNP_N_GenomeWideSNP_6_F09_771514	4	9823258	9839895	23	-1.6346
DUNGS_p_TCGA_b84_115_SNP_N_GenomeWideSNP_6_F09_771514	4	9839910	47904638	25634	0.0018
DUNGS_p_TCGA_b84_115_SNP_N_GenomeWideSNP_6_F09_771514	4	47904758	47943015	19	-0.5837
DUNGS_p_TCGA_b84_115_SNP_N_GenomeWideSNP_6_F09_771514	4	47945079	48784131	384	-0.0235
DUNGS_p_TCGA_b84_115_SNP_N_GenomeWideSNP_6_F09_771514	4	48788543	52391549	49	0.8051
DUNGS_p_TCGA_b84_115_SNP_N_GenomeWideSNP_6_F09_771514	4	52393393	64386888	7587	0.0052
DUNGS_p_TCGA_b84_115_SNP_N_GenomeWideSNP_6_F09_771514	4	64387751	64390349	17	0.5221
DUNGS_p_TCGA_b84_115_SNP_N_GenomeWideSNP_6_F09_771514	4	64390412	64400638	8	-1.003
DUNGS_p_TCGA_b84_115_SNP_N_GenomeWideSNP_6_F09_771514	4	64404811	69021057	2871	7e-04
DUNGS_p_TCGA_b84_115_SNP_N_GenomeWideSNP_6_F09_771514	4	69021159	69222620	77	0.8678
DUNGS_p_TCGA_b84_115_SNP_N_GenomeWideSNP_6_F09_771514	4	69234339	70155852	324	0.0165
DUNGS_p_TCGA_b84_115_SNP_N_GenomeWideSNP_6_F09_771514	4	70158099	70263245	52	0.5693
DUNGS_p_TCGA_b84_115_SNP_N_GenomeWideSNP_6_F09_771514	4	70263941	70276618	10	-0.1271
DUNGS_p_TCGA_b84_115_SNP_N_GenomeWideSNP_6_F09_771514	4	70277485	70324845	24	0.5219
DUNGS_p_TCGA_b84_115_SNP_N_GenomeWideSNP_6_F09_771514	4	70324990	87194247	10429	0.0019
DUNGS_p_TCGA_b84_115_SNP_N_GenomeWideSNP_6_F09_771514	4	87195118	87198788	19	-0.8147
DUNGS_p_TCGA_b84_115_SNP_N_GenomeWideSNP_6_F09_771514	4	87198968	90290720	1898	3e-04
DUNGS_p_TCGA_b84_115_SNP_N_GenomeWideSNP_6_F09_771514	4	90290831	90297907	4	1.1243
DUNGS_p_TCGA_b84_115_SNP_N_GenomeWideSNP_6_F09_771514	4	90298500	93825606	2040	-0.0014
DUNGS_p_TCGA_b84_115_SNP_N_GenomeWideSNP_6_F09_771514	4	93825786	93862859	23	-1.105
DUNGS_p_TCGA_b84_115_SNP_N_GenomeWideSNP_6_F09_771514	4	93865524	93874521	8	-0.0894
DUNGS_p_TCGA_b84_115_SNP_N_GenomeWideSNP_6_F09_771514	4	93877274	93886082	4	-1.1996
DUNGS_p_TCGA_b84_115_SNP_N_GenomeWideSNP_6_F09_771514	4	93886574	100510143	3906	0.0077
DUNGS_p_TCGA_b84_115_SNP_N_GenomeWideSNP_6_F09_771514	4	100511723	100512085	2	1.7915
DUNGS_p_TCGA_b84_115_SNP_N_GenomeWideSNP_6_F09_771514	4	100512220	115400843	9042	-0.0044
DUNGS_p_TCGA_b84_115_SNP_N_GenomeWideSNP_6_F09_771514	4	115401277	115401624	3	1.6737
DUNGS_p_TCGA_b84_115_SNP_N_GenomeWideSNP_6_F09_771514	4	115403678	115727073	226	-0.0051
DUNGS_p_TCGA_b84_115_SNP_N_GenomeWideSNP_6_F09_771514	4	115727615	115729903	3	-2.0225
DUNGS_p_TCGA_b84_115_SNP_N_GenomeWideSNP_6_F09_771514	4	115733875	150344357	20551	-2e-04
DUNGS_p_TCGA_b84_115_SNP_N_GenomeWideSNP_6_F09_771514	4	150344673	150345410	4	-0.9612
DUNGS_p_TCGA_b84_115_SNP_N_GenomeWideSNP_6_F09_771514	4	150347931	152088391	909	0.015
DUNGS_p_TCGA_b84_115_SNP_N_GenomeWideSNP_6_F09_771514	4	152095759	152100590	19	0.5092
DUNGS_p_TCGA_b84_115_SNP_N_GenomeWideSNP_6_F09_771514	4	152100659	155220098	1926	0.0115
DUNGS_p_TCGA_b84_115_SNP_N_GenomeWideSNP_6_F09_771514	4	155220492	155220496	2	-2.1426
DUNGS_p_TCGA_b84_115_SNP_N_GenomeWideSNP_6_F09_771514	4	155224986	181034152	16430	0
DUNGS_p_TCGA_b84_115_SNP_N_GenomeWideSNP_6_F09_771514	4	181034268	181034336	2	-2.2618
DUNGS_p_TCGA_b84_115_SNP_N_GenomeWideSNP_6_F09_771514	4	181035263	190695769	7038	0.0157
DUNGS_p_TCGA_b84_115_SNP_N_GenomeWideSNP_6_F09_771514	4	190701251	191261904	223	0.3427
DUNGS_p_TCGA_b84_115_SNP_N_GenomeWideSNP_6_F09_771514	5	68532	690290	278	0.077
DUNGS_p_TCGA_b84_115_SNP_N_GenomeWideSNP_6_F09_771514	5	695732	878653	87	0.4578
DUNGS_p_TCGA_b84_115_SNP_N_GenomeWideSNP_6_F09_771514	5	886628	1640686	384	0.0873
DUNGS_p_TCGA_b84_115_SNP_N_GenomeWideSNP_6_F09_771514	5	1643212	1695117	21	0.6195
DUNGS_p_TCGA_b84_115_SNP_N_GenomeWideSNP_6_F09_771514	5	1695155	7509573	5180	0.0088
DUNGS_p_TCGA_b84_115_SNP_N_GenomeWideSNP_6_F09_771514	5	7510209	7516044	8	0.7966
DUNGS_p_TCGA_b84_115_SNP_N_GenomeWideSNP_6_F09_771514	5	7516407	8755522	1015	-0.0141
DUNGS_p_TCGA_b84_115_SNP_N_GenomeWideSNP_6_F09_771514	5	8756057	8800142	46	-0.998
DUNGS_p_TCGA_b84_115_SNP_N_GenomeWideSNP_6_F09_771514	5	8802731	12853889	3213	0.0144
DUNGS_p_TCGA_b84_115_SNP_N_GenomeWideSNP_6_F09_771514	5	12868780	12891533	14	-0.8231
DUNGS_p_TCGA_b84_115_SNP_N_GenomeWideSNP_6_F09_771514	5	12902201	15439408	1784	-0.0038
DUNGS_p_TCGA_b84_115_SNP_N_GenomeWideSNP_6_F09_771514	5	15439854	15463817	8	0.6876
DUNGS_p_TCGA_b84_115_SNP_N_GenomeWideSNP_6_F09_771514	5	15473015	15769127	184	0.0386
DUNGS_p_TCGA_b84_115_SNP_N_GenomeWideSNP_6_F09_771514	5	15771492	15776346	13	-0.9881
DUNGS_p_TCGA_b84_115_SNP_N_GenomeWideSNP_6_F09_771514	5	15776485	16365851	390	0.0029
DUNGS_p_TCGA_b84_115_SNP_N_GenomeWideSNP_6_F09_771514	5	16367390	16368231	3	-1.3001
DUNGS_p_TCGA_b84_115_SNP_N_GenomeWideSNP_6_F09_771514	5	16370747	17523116	774	0.0084
DUNGS_p_TCGA_b84_115_SNP_N_GenomeWideSNP_6_F09_771514	5	17525903	17707052	63	0.3246
DUNGS_p_TCGA_b84_115_SNP_N_GenomeWideSNP_6_F09_771514	5	17709792	18885141	778	-0.0172
DUNGS_p_TCGA_b84_115_SNP_N_GenomeWideSNP_6_F09_771514	5	18885404	18889489	3	-1.3656
DUNGS_p_TCGA_b84_115_SNP_N_GenomeWideSNP_6_F09_771514	5	18889489	18959917	41	-0.0214
DUNGS_p_TCGA_b84_115_SNP_N_GenomeWideSNP_6_F09_771514	5	18963255	18963270	2	-1.9561
DUNGS_p_TCGA_b84_115_SNP_N_GenomeWideSNP_6_F09_771514	5	18963740	49744202	16658	0.0044
DUNGS_p_TCGA_b84_115_SNP_N_GenomeWideSNP_6_F09_771514	5	49744215	49839501	40	0.3854
DUNGS_p_TCGA_b84_115_SNP_N_GenomeWideSNP_6_F09_771514	5	49840938	55693360	3747	0.0012
DUNGS_p_TCGA_b84_115_SNP_N_GenomeWideSNP_6_F09_771514	5	55693459	55694624	6	0.9442
DUNGS_p_TCGA_b84_115_SNP_N_GenomeWideSNP_6_F09_771514	5	55699508	57357403	1189	0.0025
DUNGS_p_TCGA_b84_115_SNP_N_GenomeWideSNP_6_F09_771514	5	57361784	57369290	32	1.3807
DUNGS_p_TCGA_b84_115_SNP_N_GenomeWideSNP_6_F09_771514	5	57374114	58338290	739	-0.008
DUNGS_p_TCGA_b84_115_SNP_N_GenomeWideSNP_6_F09_771514	5	58338737	58340327	7	-0.9332
DUNGS_p_TCGA_b84_115_SNP_N_GenomeWideSNP_6_F09_771514	5	58340462	68882059	6562	9e-04
DUNGS_p_TCGA_b84_115_SNP_N_GenomeWideSNP_6_F09_771514	5	68903050	69153891	5	1.1311
DUNGS_p_TCGA_b84_115_SNP_N_GenomeWideSNP_6_F09_771514	5	69269183	70290659	9	0.3042
DUNGS_p_TCGA_b84_115_SNP_N_GenomeWideSNP_6_F09_771514	5	70290660	70343300	8	-0.8599
DUNGS_p_TCGA_b84_115_SNP_N_GenomeWideSNP_6_F09_771514	5	70384949	78143664	4951	0.005
DUNGS_p_TCGA_b84_115_SNP_N_GenomeWideSNP_6_F09_771514	5	78145747	78146927	3	-1.8159
DUNGS_p_TCGA_b84_115_SNP_N_GenomeWideSNP_6_F09_771514	5	78151267	81454519	1945	0.0083
DUNGS_p_TCGA_b84_115_SNP_N_GenomeWideSNP_6_F09_771514	5	81455034	81463238	3	-2.0037
DUNGS_p_TCGA_b84_115_SNP_N_GenomeWideSNP_6_F09_771514	5	81463794	97070877	8727	-0.0102
DUNGS_p_TCGA_b84_115_SNP_N_GenomeWideSNP_6_F09_771514	5	97074222	97125076	43	-1.0575
DUNGS_p_TCGA_b84_115_SNP_N_GenomeWideSNP_6_F09_771514	5	97125440	97141106	5	0.4769
DUNGS_p_TCGA_b84_115_SNP_N_GenomeWideSNP_6_F09_771514	5	97142347	97193834	28	-0.2948
DUNGS_p_TCGA_b84_115_SNP_N_GenomeWideSNP_6_F09_771514	5	97194325	97205451	8	0.4223
DUNGS_p_TCGA_b84_115_SNP_N_GenomeWideSNP_6_F09_771514	5	97206686	97249534	21	-1.185
DUNGS_p_TCGA_b84_115_SNP_N_GenomeWideSNP_6_F09_771514	5	97259536	98519896	724	-0.0137
DUNGS_p_TCGA_b84_115_SNP_N_GenomeWideSNP_6_F09_771514	5	98520857	98537267	11	-0.5547
DUNGS_p_TCGA_b84_115_SNP_N_GenomeWideSNP_6_F09_771514	5	98538460	98552712	11	0.0774
DUNGS_p_TCGA_b84_115_SNP_N_GenomeWideSNP_6_F09_771514	5	98552774	98594496	6	0.7331
DUNGS_p_TCGA_b84_115_SNP_N_GenomeWideSNP_6_F09_771514	5	98600021	98656227	40	-0.1357
DUNGS_p_TCGA_b84_115_SNP_N_GenomeWideSNP_6_F09_771514	5	98659207	98663965	4	-1.1191
DUNGS_p_TCGA_b84_115_SNP_N_GenomeWideSNP_6_F09_771514	5	98665783	98848971	110	-0.0612
DUNGS_p_TCGA_b84_115_SNP_N_GenomeWideSNP_6_F09_771514	5	98861891	98892110	13	0.6401
DUNGS_p_TCGA_b84_115_SNP_N_GenomeWideSNP_6_F09_771514	5	98902342	137838415	25120	-0.0022
DUNGS_p_TCGA_b84_115_SNP_N_GenomeWideSNP_6_F09_771514	5	137838843	137843610	12	-1.0851
DUNGS_p_TCGA_b84_115_SNP_N_GenomeWideSNP_6_F09_771514	5	137844367	140187227	1048	0.0041
DUNGS_p_TCGA_b84_115_SNP_N_GenomeWideSNP_6_F09_771514	5	140197978	140198514	2	1.3448
DUNGS_p_TCGA_b84_115_SNP_N_GenomeWideSNP_6_F09_771514	5	140198906	142393211	1374	-0.0028
DUNGS_p_TCGA_b84_115_SNP_N_GenomeWideSNP_6_F09_771514	5	142396091	142396267	2	-1.944
DUNGS_p_TCGA_b84_115_SNP_N_GenomeWideSNP_6_F09_771514	5	142396424	151494229	6186	0.0022
DUNGS_p_TCGA_b84_115_SNP_N_GenomeWideSNP_6_F09_771514	5	151494293	151500690	19	0.4509
DUNGS_p_TCGA_b84_115_SNP_N_GenomeWideSNP_6_F09_771514	5	151501404	155404711	2658	0.0062
DUNGS_p_TCGA_b84_115_SNP_N_GenomeWideSNP_6_F09_771514	5	155407677	155434757	24	0.5814
DUNGS_p_TCGA_b84_115_SNP_N_GenomeWideSNP_6_F09_771514	5	155436983	165776523	6894	-7e-04
DUNGS_p_TCGA_b84_115_SNP_N_GenomeWideSNP_6_F09_771514	5	165778998	165779462	3	-1.4567
DUNGS_p_TCGA_b84_115_SNP_N_GenomeWideSNP_6_F09_771514	5	165779687	169307427	2764	-6e-04
DUNGS_p_TCGA_b84_115_SNP_N_GenomeWideSNP_6_F09_771514	5	169307487	169308997	2	-1.8244
DUNGS_p_TCGA_b84_115_SNP_N_GenomeWideSNP_6_F09_771514	5	169309023	179036656	6260	0.016
DUNGS_p_TCGA_b84_115_SNP_N_GenomeWideSNP_6_F09_771514	5	179036676	179037206	5	1.3098
DUNGS_p_TCGA_b84_115_SNP_N_GenomeWideSNP_6_F09_771514	5	179037613	180722926	913	0.0626
DUNGS_p_TCGA_b84_115_SNP_N_GenomeWideSNP_6_F09_771514	6	94661	102084	8	0.9734
DUNGS_p_TCGA_b84_115_SNP_N_GenomeWideSNP_6_F09_771514	6	102371	203265	95	0.1339
DUNGS_p_TCGA_b84_115_SNP_N_GenomeWideSNP_6_F09_771514	6	205376	248121	24	0.6461
DUNGS_p_TCGA_b84_115_SNP_N_GenomeWideSNP_6_F09_771514	6	259962	268084	6	-0.8838
DUNGS_p_TCGA_b84_115_SNP_N_GenomeWideSNP_6_F09_771514	6	268326	29945051	21634	0.0102
DUNGS_p_TCGA_b84_115_SNP_N_GenomeWideSNP_6_F09_771514	6	29945166	29958359	20	1.2097
DUNGS_p_TCGA_b84_115_SNP_N_GenomeWideSNP_6_F09_771514	6	29979615	32648589	1218	0.067
DUNGS_p_TCGA_b84_115_SNP_N_GenomeWideSNP_6_F09_771514	6	32652287	32669273	2	2.2701
DUNGS_p_TCGA_b84_115_SNP_N_GenomeWideSNP_6_F09_771514	6	32678024	32717405	29	-0.305
DUNGS_p_TCGA_b84_115_SNP_N_GenomeWideSNP_6_F09_771514	6	32732282	32734596	6	1.2995
DUNGS_p_TCGA_b84_115_SNP_N_GenomeWideSNP_6_F09_771514	6	32758590	51000687	11542	0.0065
DUNGS_p_TCGA_b84_115_SNP_N_GenomeWideSNP_6_F09_771514	6	51001210	51001250	2	1.8871
DUNGS_p_TCGA_b84_115_SNP_N_GenomeWideSNP_6_F09_771514	6	51007232	52719077	1211	-0.005
DUNGS_p_TCGA_b84_115_SNP_N_GenomeWideSNP_6_F09_771514	6	52719343	52738898	26	0.283
DUNGS_p_TCGA_b84_115_SNP_N_GenomeWideSNP_6_F09_771514	6	52739086	52761728	15	0.7546
DUNGS_p_TCGA_b84_115_SNP_N_GenomeWideSNP_6_F09_771514	6	52765183	54039189	963	0.0028
DUNGS_p_TCGA_b84_115_SNP_N_GenomeWideSNP_6_F09_771514	6	54039234	54039814	5	-1.2399
DUNGS_p_TCGA_b84_115_SNP_N_GenomeWideSNP_6_F09_771514	6	54043307	72919646	9440	0.0066
DUNGS_p_TCGA_b84_115_SNP_N_GenomeWideSNP_6_F09_771514	6	72923245	72923593	2	-1.8207
DUNGS_p_TCGA_b84_115_SNP_N_GenomeWideSNP_6_F09_771514	6	72925284	74648586	1089	-0.0024
DUNGS_p_TCGA_b84_115_SNP_N_GenomeWideSNP_6_F09_771514	6	74648953	74660347	13	0.6913
DUNGS_p_TCGA_b84_115_SNP_N_GenomeWideSNP_6_F09_771514	6	74660447	79025784	2770	-0.0018
DUNGS_p_TCGA_b84_115_SNP_N_GenomeWideSNP_6_F09_771514	6	79025824	79091659	109	0.4517
DUNGS_p_TCGA_b84_115_SNP_N_GenomeWideSNP_6_F09_771514	6	79091746	123802118	27762	-0.0017
DUNGS_p_TCGA_b84_115_SNP_N_GenomeWideSNP_6_F09_771514	6	123802424	123822678	12	-0.7181
DUNGS_p_TCGA_b84_115_SNP_N_GenomeWideSNP_6_F09_771514	6	123828640	124276058	302	-0.0236
DUNGS_p_TCGA_b84_115_SNP_N_GenomeWideSNP_6_F09_771514	6	124277388	124278017	6	-0.8293
DUNGS_p_TCGA_b84_115_SNP_N_GenomeWideSNP_6_F09_771514	6	124278434	127223837	1861	0.0021
DUNGS_p_TCGA_b84_115_SNP_N_GenomeWideSNP_6_F09_771514	6	127228247	127229438	4	-1.107
DUNGS_p_TCGA_b84_115_SNP_N_GenomeWideSNP_6_F09_771514	6	127230864	134307961	4713	-0.0057
DUNGS_p_TCGA_b84_115_SNP_N_GenomeWideSNP_6_F09_771514	6	134310764	134311325	2	-1.8305
DUNGS_p_TCGA_b84_115_SNP_N_GenomeWideSNP_6_F09_771514	6	134313765	160952555	17900	0.0034
DUNGS_p_TCGA_b84_115_SNP_N_GenomeWideSNP_6_F09_771514	6	160952709	160988098	7	1.4071
DUNGS_p_TCGA_b84_115_SNP_N_GenomeWideSNP_6_F09_771514	6	160988467	170892930	7269	0.0217
DUNGS_p_TCGA_b84_115_SNP_N_GenomeWideSNP_6_F09_771514	7	52911	5846784	3055	0.0351
DUNGS_p_TCGA_b84_115_SNP_N_GenomeWideSNP_6_F09_771514	7	5850048	5885636	19	0.6066
DUNGS_p_TCGA_b84_115_SNP_N_GenomeWideSNP_6_F09_771514	7	5890264	6803593	372	-0.0097
DUNGS_p_TCGA_b84_115_SNP_N_GenomeWideSNP_6_F09_771514	7	6805249	7027780	83	0.516
DUNGS_p_TCGA_b84_115_SNP_N_GenomeWideSNP_6_F09_771514	7	7029428	38290215	23959	0.0019
DUNGS_p_TCGA_b84_115_SNP_N_GenomeWideSNP_6_F09_771514	7	38291966	38344450	93	0.3693
DUNGS_p_TCGA_b84_115_SNP_N_GenomeWideSNP_6_F09_771514	7	38344670	38353968	8	-0.0049
DUNGS_p_TCGA_b84_115_SNP_N_GenomeWideSNP_6_F09_771514	7	38357890	38364572	5	-1.3058
DUNGS_p_TCGA_b84_115_SNP_N_GenomeWideSNP_6_F09_771514	7	38367482	53185549	10170	0.001
DUNGS_p_TCGA_b84_115_SNP_N_GenomeWideSNP_6_F09_771514	7	53186117	53186406	2	1.5083
DUNGS_p_TCGA_b84_115_SNP_N_GenomeWideSNP_6_F09_771514	7	53189882	54154364	704	0.0264
DUNGS_p_TCGA_b84_115_SNP_N_GenomeWideSNP_6_F09_771514	7	54154379	54154602	2	-1.6446
DUNGS_p_TCGA_b84_115_SNP_N_GenomeWideSNP_6_F09_771514	7	54154872	54157917	6	0.098
DUNGS_p_TCGA_b84_115_SNP_N_GenomeWideSNP_6_F09_771514	7	54158113	54158426	4	0.8292
DUNGS_p_TCGA_b84_115_SNP_N_GenomeWideSNP_6_F09_771514	7	54158515	54347867	134	0.0105
DUNGS_p_TCGA_b84_115_SNP_N_GenomeWideSNP_6_F09_771514	7	54353999	54354011	6	3.8962
DUNGS_p_TCGA_b84_115_SNP_N_GenomeWideSNP_6_F09_771514	7	54360982	61311022	2097	0.0632
DUNGS_p_TCGA_b84_115_SNP_N_GenomeWideSNP_6_F09_771514	7	61365842	62023255	153	0.582
DUNGS_p_TCGA_b84_115_SNP_N_GenomeWideSNP_6_F09_771514	7	62023267	64596057	1072	0.0826
DUNGS_p_TCGA_b84_115_SNP_N_GenomeWideSNP_6_F09_771514	7	64597892	64704137	24	0.8193
DUNGS_p_TCGA_b84_115_SNP_N_GenomeWideSNP_6_F09_771514	7	64704389	67442016	1301	0.0196
DUNGS_p_TCGA_b84_115_SNP_N_GenomeWideSNP_6_F09_771514	7	67442223	67444577	2	-1.6166
DUNGS_p_TCGA_b84_115_SNP_N_GenomeWideSNP_6_F09_771514	7	67445535	72063492	2859	0.0158
DUNGS_p_TCGA_b84_115_SNP_N_GenomeWideSNP_6_F09_771514	7	72068513	72369889	20	0.5713
DUNGS_p_TCGA_b84_115_SNP_N_GenomeWideSNP_6_F09_771514	7	72370769	75912916	954	-0.0175
DUNGS_p_TCGA_b84_115_SNP_N_GenomeWideSNP_6_F09_771514	7	75946697	76120645	50	0.4848
DUNGS_p_TCGA_b84_115_SNP_N_GenomeWideSNP_6_F09_771514	7	76120712	76138571	11	-0.4172
DUNGS_p_TCGA_b84_115_SNP_N_GenomeWideSNP_6_F09_771514	7	76139775	76251246	59	0.4079
DUNGS_p_TCGA_b84_115_SNP_N_GenomeWideSNP_6_F09_771514	7	76251895	89646700	8713	5e-04
DUNGS_p_TCGA_b84_115_SNP_N_GenomeWideSNP_6_F09_771514	7	89646923	89648197	2	-1.7748
DUNGS_p_TCGA_b84_115_SNP_N_GenomeWideSNP_6_F09_771514	7	89651847	100804090	6414	0.0082
DUNGS_p_TCGA_b84_115_SNP_N_GenomeWideSNP_6_F09_771514	7	100807789	100901933	40	0.398
DUNGS_p_TCGA_b84_115_SNP_N_GenomeWideSNP_6_F09_771514	7	100902714	101889169	471	-0.0109
DUNGS_p_TCGA_b84_115_SNP_N_GenomeWideSNP_6_F09_771514	7	102022781	102133551	22	0.58
DUNGS_p_TCGA_b84_115_SNP_N_GenomeWideSNP_6_F09_771514	7	102134280	110592535	5498	0
DUNGS_p_TCGA_b84_115_SNP_N_GenomeWideSNP_6_F09_771514	7	110595800	110606798	7	0.9472
DUNGS_p_TCGA_b84_115_SNP_N_GenomeWideSNP_6_F09_771514	7	110607113	127715837	10428	-0.0039
DUNGS_p_TCGA_b84_115_SNP_N_GenomeWideSNP_6_F09_771514	7	127715944	127718675	14	0.7904
DUNGS_p_TCGA_b84_115_SNP_N_GenomeWideSNP_6_F09_771514	7	127727905	127962824	116	0.0066
DUNGS_p_TCGA_b84_115_SNP_N_GenomeWideSNP_6_F09_771514	7	127966934	128138943	54	0.2833
DUNGS_p_TCGA_b84_115_SNP_N_GenomeWideSNP_6_F09_771514	7	128139359	133407800	3224	0.0023
DUNGS_p_TCGA_b84_115_SNP_N_GenomeWideSNP_6_F09_771514	7	133409342	133459332	62	0.6405
DUNGS_p_TCGA_b84_115_SNP_N_GenomeWideSNP_6_F09_771514	7	133465931	135218165	1256	0.0053
DUNGS_p_TCGA_b84_115_SNP_N_GenomeWideSNP_6_F09_771514	7	135218620	135223322	6	1.0541
DUNGS_p_TCGA_b84_115_SNP_N_GenomeWideSNP_6_F09_771514	7	135223780	141745628	4208	0.0108
DUNGS_p_TCGA_b84_115_SNP_N_GenomeWideSNP_6_F09_771514	7	141746087	141752651	9	-0.7373
DUNGS_p_TCGA_b84_115_SNP_N_GenomeWideSNP_6_F09_771514	7	141752666	141818500	56	0.0506
DUNGS_p_TCGA_b84_115_SNP_N_GenomeWideSNP_6_F09_771514	7	141819614	141838860	15	0.6251
DUNGS_p_TCGA_b84_115_SNP_N_GenomeWideSNP_6_F09_771514	7	141839647	141885061	37	0.1277
DUNGS_p_TCGA_b84_115_SNP_N_GenomeWideSNP_6_F09_771514	7	141900427	141909110	7	0.8178
DUNGS_p_TCGA_b84_115_SNP_N_GenomeWideSNP_6_F09_771514	7	141911612	142144151	89	0.0108
DUNGS_p_TCGA_b84_115_SNP_N_GenomeWideSNP_6_F09_771514	7	142144873	142186497	43	0.8187
DUNGS_p_TCGA_b84_115_SNP_N_GenomeWideSNP_6_F09_771514	7	142186562	143583501	850	0.008
DUNGS_p_TCGA_b84_115_SNP_N_GenomeWideSNP_6_F09_771514	7	143583797	143706682	32	-0.5001
DUNGS_p_TCGA_b84_115_SNP_N_GenomeWideSNP_6_F09_771514	7	143706836	152778571	5584	0.0123
DUNGS_p_TCGA_b84_115_SNP_N_GenomeWideSNP_6_F09_771514	7	152778578	152778645	2	-2.4273
DUNGS_p_TCGA_b84_115_SNP_N_GenomeWideSNP_6_F09_771514	7	152778648	153193483	305	0.0953
DUNGS_p_TCGA_b84_115_SNP_N_GenomeWideSNP_6_F09_771514	7	153194365	153194368	2	1.6393
DUNGS_p_TCGA_b84_115_SNP_N_GenomeWideSNP_6_F09_771514	7	153200063	154517609	1003	0.0258
DUNGS_p_TCGA_b84_115_SNP_N_GenomeWideSNP_6_F09_771514	7	154517698	154520117	26	0.4732
DUNGS_p_TCGA_b84_115_SNP_N_GenomeWideSNP_6_F09_771514	7	154520478	156180229	1196	0.023
DUNGS_p_TCGA_b84_115_SNP_N_GenomeWideSNP_6_F09_771514	7	156182493	156185837	3	1.4831
DUNGS_p_TCGA_b84_115_SNP_N_GenomeWideSNP_6_F09_771514	7	156186967	158090219	1088	0.0321
DUNGS_p_TCGA_b84_115_SNP_N_GenomeWideSNP_6_F09_771514	7	158091191	158096724	3	1.2146
DUNGS_p_TCGA_b84_115_SNP_N_GenomeWideSNP_6_F09_771514	7	158096855	158819765	489	0.138
DUNGS_p_TCGA_b84_115_SNP_N_GenomeWideSNP_6_F09_771514	8	21254	152672	7	0.7611
DUNGS_p_TCGA_b84_115_SNP_N_GenomeWideSNP_6_F09_771514	8	152832	190898	27	-0.1012
DUNGS_p_TCGA_b84_115_SNP_N_GenomeWideSNP_6_F09_771514	8	193201	193732	2	2.1144
DUNGS_p_TCGA_b84_115_SNP_N_GenomeWideSNP_6_F09_771514	8	198314	3611312	3188	0.0369
DUNGS_p_TCGA_b84_115_SNP_N_GenomeWideSNP_6_F09_771514	8	3614270	3615877	8	-0.8913
DUNGS_p_TCGA_b84_115_SNP_N_GenomeWideSNP_6_F09_771514	8	3617883	3775124	220	-0.007
DUNGS_p_TCGA_b84_115_SNP_N_GenomeWideSNP_6_F09_771514	8	3775511	3775513	2	1.9684
DUNGS_p_TCGA_b84_115_SNP_N_GenomeWideSNP_6_F09_771514	8	3775659	6812946	4269	0.0054
DUNGS_p_TCGA_b84_115_SNP_N_GenomeWideSNP_6_F09_771514	8	6813086	6867472	27	0.661
DUNGS_p_TCGA_b84_115_SNP_N_GenomeWideSNP_6_F09_771514	8	6869803	6913150	50	0.1245
DUNGS_p_TCGA_b84_115_SNP_N_GenomeWideSNP_6_F09_771514	8	6921168	7021205	28	0.668
DUNGS_p_TCGA_b84_115_SNP_N_GenomeWideSNP_6_F09_771514	8	7024229	7241738	38	0.1088
DUNGS_p_TCGA_b84_115_SNP_N_GenomeWideSNP_6_F09_771514	8	7241751	8140241	220	0.6357
DUNGS_p_TCGA_b84_115_SNP_N_GenomeWideSNP_6_F09_771514	8	8145176	10261020	1909	0.0103
DUNGS_p_TCGA_b84_115_SNP_N_GenomeWideSNP_6_F09_771514	8	10262010	10301117	41	0.3994
DUNGS_p_TCGA_b84_115_SNP_N_GenomeWideSNP_6_F09_771514	8	10304382	12276652	1292	0.0447
DUNGS_p_TCGA_b84_115_SNP_N_GenomeWideSNP_6_F09_771514	8	12276787	12349027	54	1.4744
DUNGS_p_TCGA_b84_115_SNP_N_GenomeWideSNP_6_F09_771514	8	12355055	12487426	46	0.7663
DUNGS_p_TCGA_b84_115_SNP_N_GenomeWideSNP_6_F09_771514	8	12517914	18901062	5883	0.0029
DUNGS_p_TCGA_b84_115_SNP_N_GenomeWideSNP_6_F09_771514	8	18901280	18902519	4	-1.9725
DUNGS_p_TCGA_b84_115_SNP_N_GenomeWideSNP_6_F09_771514	8	18902567	26927511	6060	0.0034
DUNGS_p_TCGA_b84_115_SNP_N_GenomeWideSNP_6_F09_771514	8	26930396	26936599	8	-0.865
DUNGS_p_TCGA_b84_115_SNP_N_GenomeWideSNP_6_F09_771514	8	26942724	31040485	2634	0.005
DUNGS_p_TCGA_b84_115_SNP_N_GenomeWideSNP_6_F09_771514	8	31042468	31042470	2	1.4878
DUNGS_p_TCGA_b84_115_SNP_N_GenomeWideSNP_6_F09_771514	8	31042498	32798257	1328	0.0012
DUNGS_p_TCGA_b84_115_SNP_N_GenomeWideSNP_6_F09_771514	8	32798408	32807955	9	0.855
DUNGS_p_TCGA_b84_115_SNP_N_GenomeWideSNP_6_F09_771514	8	32811648	39349816	3584	-0.0042
DUNGS_p_TCGA_b84_115_SNP_N_GenomeWideSNP_6_F09_771514	8	39354760	39506122	59	-2.1639
DUNGS_p_TCGA_b84_115_SNP_N_GenomeWideSNP_6_F09_771514	8	39507456	43744052	2559	0.0154
DUNGS_p_TCGA_b84_115_SNP_N_GenomeWideSNP_6_F09_771514	8	43744277	47535393	167	0.3154
DUNGS_p_TCGA_b84_115_SNP_N_GenomeWideSNP_6_F09_771514	8	47548174	47636177	47	-0.0097
DUNGS_p_TCGA_b84_115_SNP_N_GenomeWideSNP_6_F09_771514	8	47640282	47650914	6	0.7023
DUNGS_p_TCGA_b84_115_SNP_N_GenomeWideSNP_6_F09_771514	8	47651587	47825842	87	0.0192
DUNGS_p_TCGA_b84_115_SNP_N_GenomeWideSNP_6_F09_771514	8	47826239	47862427	25	0.4303
DUNGS_p_TCGA_b84_115_SNP_N_GenomeWideSNP_6_F09_771514	8	47866457	58536652	6517	0.0067
DUNGS_p_TCGA_b84_115_SNP_N_GenomeWideSNP_6_F09_771514	8	58536829	58538001	7	1.132
DUNGS_p_TCGA_b84_115_SNP_N_GenomeWideSNP_6_F09_771514	8	58538132	87310435	17499	5e-04
DUNGS_p_TCGA_b84_115_SNP_N_GenomeWideSNP_6_F09_771514	8	87310680	87310831	2	-1.7465
DUNGS_p_TCGA_b84_115_SNP_N_GenomeWideSNP_6_F09_771514	8	87310963	112363822	15172	0.0027
DUNGS_p_TCGA_b84_115_SNP_N_GenomeWideSNP_6_F09_771514	8	112363846	112369457	7	-1.3398
DUNGS_p_TCGA_b84_115_SNP_N_GenomeWideSNP_6_F09_771514	8	112370428	115707643	1842	0.0084
DUNGS_p_TCGA_b84_115_SNP_N_GenomeWideSNP_6_F09_771514	8	115707877	115710248	10	0.6966
DUNGS_p_TCGA_b84_115_SNP_N_GenomeWideSNP_6_F09_771514	8	115710312	137925496	16089	0.0046
DUNGS_p_TCGA_b84_115_SNP_N_GenomeWideSNP_6_F09_771514	8	137929651	137930183	2	1.5498
DUNGS_p_TCGA_b84_115_SNP_N_GenomeWideSNP_6_F09_771514	8	137930778	146268959	5013	0.054
DUNGS_p_TCGA_b84_115_SNP_N_GenomeWideSNP_6_F09_771514	9	36587	39300907	31298	0.0023
DUNGS_p_TCGA_b84_115_SNP_N_GenomeWideSNP_6_F09_771514	9	39303820	45446537	285	0.4613
DUNGS_p_TCGA_b84_115_SNP_N_GenomeWideSNP_6_F09_771514	9	45446552	46237416	32	1.0409
DUNGS_p_TCGA_b84_115_SNP_N_GenomeWideSNP_6_F09_771514	9	46237427	69231763	271	0.5186
DUNGS_p_TCGA_b84_115_SNP_N_GenomeWideSNP_6_F09_771514	9	69231764	69231768	5	1.7337
DUNGS_p_TCGA_b84_115_SNP_N_GenomeWideSNP_6_F09_771514	9	69231974	70195398	33	0.5253
DUNGS_p_TCGA_b84_115_SNP_N_GenomeWideSNP_6_F09_771514	9	70196395	78519025	6129	-0.0011
DUNGS_p_TCGA_b84_115_SNP_N_GenomeWideSNP_6_F09_771514	9	78519648	78522133	6	-0.9604
DUNGS_p_TCGA_b84_115_SNP_N_GenomeWideSNP_6_F09_771514	9	78522538	95509918	12029	0.0054
DUNGS_p_TCGA_b84_115_SNP_N_GenomeWideSNP_6_F09_771514	9	95510532	95512767	3	-2.1804
DUNGS_p_TCGA_b84_115_SNP_N_GenomeWideSNP_6_F09_771514	9	95513605	103920766	5553	0.0077
DUNGS_p_TCGA_b84_115_SNP_N_GenomeWideSNP_6_F09_771514	9	103922019	103922108	3	1.6356
DUNGS_p_TCGA_b84_115_SNP_N_GenomeWideSNP_6_F09_771514	9	103922198	105677760	1203	0.012
DUNGS_p_TCGA_b84_115_SNP_N_GenomeWideSNP_6_F09_771514	9	105678104	105678132	2	-2.2924
DUNGS_p_TCGA_b84_115_SNP_N_GenomeWideSNP_6_F09_771514	9	105680860	106364913	541	-0.0066
DUNGS_p_TCGA_b84_115_SNP_N_GenomeWideSNP_6_F09_771514	9	106365871	106365903	2	-1.7183
DUNGS_p_TCGA_b84_115_SNP_N_GenomeWideSNP_6_F09_771514	9	106368488	112021636	4498	-0.008
DUNGS_p_TCGA_b84_115_SNP_N_GenomeWideSNP_6_F09_771514	9	112021830	112022885	2	-1.9153
DUNGS_p_TCGA_b84_115_SNP_N_GenomeWideSNP_6_F09_771514	9	112023228	112059975	18	0.4742
DUNGS_p_TCGA_b84_115_SNP_N_GenomeWideSNP_6_F09_771514	9	112063135	114533836	1798	-5e-04
DUNGS_p_TCGA_b84_115_SNP_N_GenomeWideSNP_6_F09_771514	9	114536397	114633550	61	0.2697
DUNGS_p_TCGA_b84_115_SNP_N_GenomeWideSNP_6_F09_771514	9	114633691	114820932	152	-0.0135
DUNGS_p_TCGA_b84_115_SNP_N_GenomeWideSNP_6_F09_771514	9	114821138	114826862	2	1.3271
DUNGS_p_TCGA_b84_115_SNP_N_GenomeWideSNP_6_F09_771514	9	114829729	116120317	915	-0.0028
DUNGS_p_TCGA_b84_115_SNP_N_GenomeWideSNP_6_F09_771514	9	116122632	116134002	7	1.5421
DUNGS_p_TCGA_b84_115_SNP_N_GenomeWideSNP_6_F09_771514	9	116134934	139339689	14707	0.0072
DUNGS_p_TCGA_b84_115_SNP_N_GenomeWideSNP_6_F09_771514	9	139347976	139375463	19	0.5946
DUNGS_p_TCGA_b84_115_SNP_N_GenomeWideSNP_6_F09_771514	9	139375539	140068527	301	-0.0137
DUNGS_p_TCGA_b84_115_SNP_N_GenomeWideSNP_6_F09_771514	9	140072737	140211215	114	0.3103
DUNGS_p_TCGA_b84_115_SNP_N_GenomeWideSNP_6_F09_771514	10	62759	4280814	3591	0.0255
DUNGS_p_TCGA_b84_115_SNP_N_GenomeWideSNP_6_F09_771514	10	4280838	4281016	3	1.5145
DUNGS_p_TCGA_b84_115_SNP_N_GenomeWideSNP_6_F09_771514	10	4284071	15051128	9154	-0.0023
DUNGS_p_TCGA_b84_115_SNP_N_GenomeWideSNP_6_F09_771514	10	15051331	15097801	19	0.8026
DUNGS_p_TCGA_b84_115_SNP_N_GenomeWideSNP_6_F09_771514	10	15100282	17819320	2124	-0.0053
DUNGS_p_TCGA_b84_115_SNP_N_GenomeWideSNP_6_F09_771514	10	17835683	17857584	2	1.7726
DUNGS_p_TCGA_b84_115_SNP_N_GenomeWideSNP_6_F09_771514	10	17863977	24417680	4372	-0.0044
DUNGS_p_TCGA_b84_115_SNP_N_GenomeWideSNP_6_F09_771514	10	24417681	24419013	13	1.0244
DUNGS_p_TCGA_b84_115_SNP_N_GenomeWideSNP_6_F09_771514	10	24419045	39110676	9924	0.0018
DUNGS_p_TCGA_b84_115_SNP_N_GenomeWideSNP_6_F09_771514	10	39110814	42216849	96	0.4695
DUNGS_p_TCGA_b84_115_SNP_N_GenomeWideSNP_6_F09_771514	10	42217154	44578499	1738	0.0115
DUNGS_p_TCGA_b84_115_SNP_N_GenomeWideSNP_6_F09_771514	10	44579111	44580423	2	1.5231
DUNGS_p_TCGA_b84_115_SNP_N_GenomeWideSNP_6_F09_771514	10	44580488	45573051	563	-0.0246
DUNGS_p_TCGA_b84_115_SNP_N_GenomeWideSNP_6_F09_771514	10	45576787	47095398	251	0.4859
DUNGS_p_TCGA_b84_115_SNP_N_GenomeWideSNP_6_F09_771514	10	47096701	47103096	24	1.0492
DUNGS_p_TCGA_b84_115_SNP_N_GenomeWideSNP_6_F09_771514	10	47103136	47525233	115	0.4002
DUNGS_p_TCGA_b84_115_SNP_N_GenomeWideSNP_6_F09_771514	10	47556577	51263715	1723	0.0281
DUNGS_p_TCGA_b84_115_SNP_N_GenomeWideSNP_6_F09_771514	10	51265853	51482713	33	0.4534
DUNGS_p_TCGA_b84_115_SNP_N_GenomeWideSNP_6_F09_771514	10	51487632	52080334	363	-0.0436
DUNGS_p_TCGA_b84_115_SNP_N_GenomeWideSNP_6_F09_771514	10	52081196	52149022	29	0.5279
DUNGS_p_TCGA_b84_115_SNP_N_GenomeWideSNP_6_F09_771514	10	52149778	66969695	10643	0.0031
DUNGS_p_TCGA_b84_115_SNP_N_GenomeWideSNP_6_F09_771514	10	66969854	66992801	37	0.6821
DUNGS_p_TCGA_b84_115_SNP_N_GenomeWideSNP_6_F09_771514	10	66992932	80914424	9243	0.0042
DUNGS_p_TCGA_b84_115_SNP_N_GenomeWideSNP_6_F09_771514	10	80914533	81696304	93	0.3884
DUNGS_p_TCGA_b84_115_SNP_N_GenomeWideSNP_6_F09_771514	10	81696931	82868139	817	0.0197
DUNGS_p_TCGA_b84_115_SNP_N_GenomeWideSNP_6_F09_771514	10	82871310	82879763	10	-0.9089
DUNGS_p_TCGA_b84_115_SNP_N_GenomeWideSNP_6_F09_771514	10	82884449	88867811	4298	-0.0052
DUNGS_p_TCGA_b84_115_SNP_N_GenomeWideSNP_6_F09_771514	10	88886418	89028321	28	0.412
DUNGS_p_TCGA_b84_115_SNP_N_GenomeWideSNP_6_F09_771514	10	89036478	122766829	22521	0.0035
DUNGS_p_TCGA_b84_115_SNP_N_GenomeWideSNP_6_F09_771514	10	122766958	122767452	4	1.5868
DUNGS_p_TCGA_b84_115_SNP_N_GenomeWideSNP_6_F09_771514	10	122767488	123449320	757	0.003
DUNGS_p_TCGA_b84_115_SNP_N_GenomeWideSNP_6_F09_771514	10	123449326	123450068	7	1.0363
DUNGS_p_TCGA_b84_115_SNP_N_GenomeWideSNP_6_F09_771514	10	123450131	124334099	650	0.017
DUNGS_p_TCGA_b84_115_SNP_N_GenomeWideSNP_6_F09_771514	10	124334213	124336904	3	-4.8927
DUNGS_p_TCGA_b84_115_SNP_N_GenomeWideSNP_6_F09_771514	10	124336968	135356694	7929	0.0206
DUNGS_p_TCGA_b84_115_SNP_N_GenomeWideSNP_6_F09_771514	11	188510	4926906	2486	0.0287
DUNGS_p_TCGA_b84_115_SNP_N_GenomeWideSNP_6_F09_771514	11	4926919	4932848	25	0.7852
DUNGS_p_TCGA_b84_115_SNP_N_GenomeWideSNP_6_F09_771514	11	4932910	37201625	23911	0.0036
DUNGS_p_TCGA_b84_115_SNP_N_GenomeWideSNP_6_F09_771514	11	37207710	37209930	3	-1.3823
DUNGS_p_TCGA_b84_115_SNP_N_GenomeWideSNP_6_F09_771514	11	37209951	49714343	7513	0.0042
DUNGS_p_TCGA_b84_115_SNP_N_GenomeWideSNP_6_F09_771514	11	49714849	49717264	10	-0.7012
DUNGS_p_TCGA_b84_115_SNP_N_GenomeWideSNP_6_F09_771514	11	49722737	50480585	340	0.1075
DUNGS_p_TCGA_b84_115_SNP_N_GenomeWideSNP_6_F09_771514	11	50529802	51185371	74	0.5245
DUNGS_p_TCGA_b84_115_SNP_N_GenomeWideSNP_6_F09_771514	11	51185372	55119916	338	0.1051
DUNGS_p_TCGA_b84_115_SNP_N_GenomeWideSNP_6_F09_771514	11	55130608	55210152	60	0.6607
DUNGS_p_TCGA_b84_115_SNP_N_GenomeWideSNP_6_F09_771514	11	55217259	55388835	127	-0.0011
DUNGS_p_TCGA_b84_115_SNP_N_GenomeWideSNP_6_F09_771514	11	55389361	55416930	13	0.6957
DUNGS_p_TCGA_b84_115_SNP_N_GenomeWideSNP_6_F09_771514	11	55421999	55438624	21	0.0956
DUNGS_p_TCGA_b84_115_SNP_N_GenomeWideSNP_6_F09_771514	11	55439180	55440363	6	-1.1131
DUNGS_p_TCGA_b84_115_SNP_N_GenomeWideSNP_6_F09_771514	11	55440520	67070411	6011	0.0174
DUNGS_p_TCGA_b84_115_SNP_N_GenomeWideSNP_6_F09_771514	11	67074411	67527195	150	0.3602
DUNGS_p_TCGA_b84_115_SNP_N_GenomeWideSNP_6_F09_771514	11	67531677	71063021	2027	0.0045
DUNGS_p_TCGA_b84_115_SNP_N_GenomeWideSNP_6_F09_771514	11	71063773	71078106	6	0.9925
DUNGS_p_TCGA_b84_115_SNP_N_GenomeWideSNP_6_F09_771514	11	71083114	81339851	6399	0.004
DUNGS_p_TCGA_b84_115_SNP_N_GenomeWideSNP_6_F09_771514	11	81340294	81340672	3	1.5728
DUNGS_p_TCGA_b84_115_SNP_N_GenomeWideSNP_6_F09_771514	11	81346292	89153876	5190	-0.0082
DUNGS_p_TCGA_b84_115_SNP_N_GenomeWideSNP_6_F09_771514	11	89169255	89186575	5	1.2778
DUNGS_p_TCGA_b84_115_SNP_N_GenomeWideSNP_6_F09_771514	11	89187752	91422258	1387	0.0142
DUNGS_p_TCGA_b84_115_SNP_N_GenomeWideSNP_6_F09_771514	11	91423398	91424639	2	-1.591
DUNGS_p_TCGA_b84_115_SNP_N_GenomeWideSNP_6_F09_771514	11	91425076	92779199	1026	0.0173
DUNGS_p_TCGA_b84_115_SNP_N_GenomeWideSNP_6_F09_771514	11	92779650	92780634	3	-1.2908
DUNGS_p_TCGA_b84_115_SNP_N_GenomeWideSNP_6_F09_771514	11	92781444	107286589	10511	0.0023
DUNGS_p_TCGA_b84_115_SNP_N_GenomeWideSNP_6_F09_771514	11	107289717	107290308	2	-1.8345
DUNGS_p_TCGA_b84_115_SNP_N_GenomeWideSNP_6_F09_771514	11	107292923	132336736	17997	0.002
DUNGS_p_TCGA_b84_115_SNP_N_GenomeWideSNP_6_F09_771514	11	132337003	132384612	30	0.4132
DUNGS_p_TCGA_b84_115_SNP_N_GenomeWideSNP_6_F09_771514	11	132386851	134449982	1563	0.0476
DUNGS_p_TCGA_b84_115_SNP_N_GenomeWideSNP_6_F09_771514	12	20703	734335	416	0.1415
DUNGS_p_TCGA_b84_115_SNP_N_GenomeWideSNP_6_F09_771514	12	735997	744290	20	-0.9268
DUNGS_p_TCGA_b84_115_SNP_N_GenomeWideSNP_6_F09_771514	12	745615	2121720	845	0.0379
DUNGS_p_TCGA_b84_115_SNP_N_GenomeWideSNP_6_F09_771514	12	2121736	2123265	13	0.645
DUNGS_p_TCGA_b84_115_SNP_N_GenomeWideSNP_6_F09_771514	12	2123308	8209102	4252	0.0102
DUNGS_p_TCGA_b84_115_SNP_N_GenomeWideSNP_6_F09_771514	12	8212166	8447960	78	0.4567
DUNGS_p_TCGA_b84_115_SNP_N_GenomeWideSNP_6_F09_771514	12	8449755	8487620	25	1.2541
DUNGS_p_TCGA_b84_115_SNP_N_GenomeWideSNP_6_F09_771514	12	8488059	24782178	10919	0.0079
DUNGS_p_TCGA_b84_115_SNP_N_GenomeWideSNP_6_F09_771514	12	24783703	24789976	5	-1.0186
DUNGS_p_TCGA_b84_115_SNP_N_GenomeWideSNP_6_F09_771514	12	24790052	27539174	2122	-3e-04
DUNGS_p_TCGA_b84_115_SNP_N_GenomeWideSNP_6_F09_771514	12	27539247	27541560	16	-1.0472
DUNGS_p_TCGA_b84_115_SNP_N_GenomeWideSNP_6_F09_771514	12	27541610	44186092	9846	0.0167
DUNGS_p_TCGA_b84_115_SNP_N_GenomeWideSNP_6_F09_771514	12	44190705	44204930	7	0.8857
DUNGS_p_TCGA_b84_115_SNP_N_GenomeWideSNP_6_F09_771514	12	44207466	54000562	5630	0.0133
DUNGS_p_TCGA_b84_115_SNP_N_GenomeWideSNP_6_F09_771514	12	54000615	54001039	5	1.0306
DUNGS_p_TCGA_b84_115_SNP_N_GenomeWideSNP_6_F09_771514	12	54001071	62287212	5044	0.0022
DUNGS_p_TCGA_b84_115_SNP_N_GenomeWideSNP_6_F09_771514	12	62287447	62332853	11	0.6835
DUNGS_p_TCGA_b84_115_SNP_N_GenomeWideSNP_6_F09_771514	12	62332892	71487866	6026	-2e-04
DUNGS_p_TCGA_b84_115_SNP_N_GenomeWideSNP_6_F09_771514	12	71492598	71493458	3	1.6852
DUNGS_p_TCGA_b84_115_SNP_N_GenomeWideSNP_6_F09_771514	12	71494234	89007481	10590	-0.0045
DUNGS_p_TCGA_b84_115_SNP_N_GenomeWideSNP_6_F09_771514	12	89015800	89017688	8	-1.2285
DUNGS_p_TCGA_b84_115_SNP_N_GenomeWideSNP_6_F09_771514	12	89017744	98319982	6465	-0.0019
DUNGS_p_TCGA_b84_115_SNP_N_GenomeWideSNP_6_F09_771514	12	98320317	98320462	7	0.7355
DUNGS_p_TCGA_b84_115_SNP_N_GenomeWideSNP_6_F09_771514	12	98320501	98321220	7	1.4273
DUNGS_p_TCGA_b84_115_SNP_N_GenomeWideSNP_6_F09_771514	12	98321940	98322193	4	-0.383
DUNGS_p_TCGA_b84_115_SNP_N_GenomeWideSNP_6_F09_771514	12	98322283	98327249	9	0.6193
DUNGS_p_TCGA_b84_115_SNP_N_GenomeWideSNP_6_F09_771514	12	98327264	103472449	3312	0.0084
DUNGS_p_TCGA_b84_115_SNP_N_GenomeWideSNP_6_F09_771514	12	103472696	103485071	11	0.6383
DUNGS_p_TCGA_b84_115_SNP_N_GenomeWideSNP_6_F09_771514	12	103488006	125760442	14535	0.0044
DUNGS_p_TCGA_b84_115_SNP_N_GenomeWideSNP_6_F09_771514	12	125760528	125775650	9	0.7441
DUNGS_p_TCGA_b84_115_SNP_N_GenomeWideSNP_6_F09_771514	12	125776618	126614400	782	0.0232
DUNGS_p_TCGA_b84_115_SNP_N_GenomeWideSNP_6_F09_771514	12	126614902	126614911	2	1.6008
DUNGS_p_TCGA_b84_115_SNP_N_GenomeWideSNP_6_F09_771514	12	126615273	130291938	3166	0.0418
DUNGS_p_TCGA_b84_115_SNP_N_GenomeWideSNP_6_F09_771514	12	130291998	130362400	67	0.3629
DUNGS_p_TCGA_b84_115_SNP_N_GenomeWideSNP_6_F09_771514	12	130369745	130370891	2	-0.7596
DUNGS_p_TCGA_b84_115_SNP_N_GenomeWideSNP_6_F09_771514	12	130374552	130686539	316	0.0413
DUNGS_p_TCGA_b84_115_SNP_N_GenomeWideSNP_6_F09_771514	12	130686668	130698621	4	-0.9151
DUNGS_p_TCGA_b84_115_SNP_N_GenomeWideSNP_6_F09_771514	12	130698636	130699179	5	-2.5125
DUNGS_p_TCGA_b84_115_SNP_N_GenomeWideSNP_6_F09_771514	12	130699222	132288262	577	0.0739
DUNGS_p_TCGA_b84_115_SNP_N_GenomeWideSNP_6_F09_771514	13	17924949	18212519	70	0.397
DUNGS_p_TCGA_b84_115_SNP_N_GenomeWideSNP_6_F09_771514	13	18213173	18298872	19	0.9971
DUNGS_p_TCGA_b84_115_SNP_N_GenomeWideSNP_6_F09_771514	13	18300078	22527177	2809	0.0293
DUNGS_p_TCGA_b84_115_SNP_N_GenomeWideSNP_6_F09_771514	13	22527187	22530876	5	-1.3674
DUNGS_p_TCGA_b84_115_SNP_N_GenomeWideSNP_6_F09_771514	13	22530906	23845341	1102	-0.0037
DUNGS_p_TCGA_b84_115_SNP_N_GenomeWideSNP_6_F09_771514	13	23852953	23918277	35	0.4195
DUNGS_p_TCGA_b84_115_SNP_N_GenomeWideSNP_6_F09_771514	13	23920166	24017396	114	0.0183
DUNGS_p_TCGA_b84_115_SNP_N_GenomeWideSNP_6_F09_771514	13	24018453	24028505	3	-1.0359
DUNGS_p_TCGA_b84_115_SNP_N_GenomeWideSNP_6_F09_771514	13	24028591	24042537	14	-0.0022
DUNGS_p_TCGA_b84_115_SNP_N_GenomeWideSNP_6_F09_771514	13	24043058	24114673	39	0.391
DUNGS_p_TCGA_b84_115_SNP_N_GenomeWideSNP_6_F09_771514	13	24115395	49959045	18178	-3e-04
DUNGS_p_TCGA_b84_115_SNP_N_GenomeWideSNP_6_F09_771514	13	49967893	49973386	4	1.5439
DUNGS_p_TCGA_b84_115_SNP_N_GenomeWideSNP_6_F09_771514	13	49974381	56656627	3765	0.0046
DUNGS_p_TCGA_b84_115_SNP_N_GenomeWideSNP_6_F09_771514	13	56661148	56674570	27	-0.7584
DUNGS_p_TCGA_b84_115_SNP_N_GenomeWideSNP_6_F09_771514	13	56676369	71374989	9015	-0.0044
DUNGS_p_TCGA_b84_115_SNP_N_GenomeWideSNP_6_F09_771514	13	71375556	71378557	4	1.68
DUNGS_p_TCGA_b84_115_SNP_N_GenomeWideSNP_6_F09_771514	13	71378606	75506730	3050	0.0109
DUNGS_p_TCGA_b84_115_SNP_N_GenomeWideSNP_6_F09_771514	13	75508841	75510689	11	0.5937
DUNGS_p_TCGA_b84_115_SNP_N_GenomeWideSNP_6_F09_771514	13	75510717	76530471	759	-0.027
DUNGS_p_TCGA_b84_115_SNP_N_GenomeWideSNP_6_F09_771514	13	76530833	76532192	2	-1.9227
DUNGS_p_TCGA_b84_115_SNP_N_GenomeWideSNP_6_F09_771514	13	76536100	114109781	25348	4e-04
DUNGS_p_TCGA_b84_115_SNP_N_GenomeWideSNP_6_F09_771514	13	114109987	114126499	8	0.5069
DUNGS_p_TCGA_b84_115_SNP_N_GenomeWideSNP_6_F09_771514	14	18072124	19207186	79	0.3654
DUNGS_p_TCGA_b84_115_SNP_N_GenomeWideSNP_6_F09_771514	14	19213349	20023382	498	-0.0537
DUNGS_p_TCGA_b84_115_SNP_N_GenomeWideSNP_6_F09_771514	14	20024837	20027273	2	-2.1544
DUNGS_p_TCGA_b84_115_SNP_N_GenomeWideSNP_6_F09_771514	14	20027311	21198754	747	0.0223
DUNGS_p_TCGA_b84_115_SNP_N_GenomeWideSNP_6_F09_771514	14	21199394	21200268	2	-1.7995
DUNGS_p_TCGA_b84_115_SNP_N_GenomeWideSNP_6_F09_771514	14	21200450	23494982	1596	0.0602
DUNGS_p_TCGA_b84_115_SNP_N_GenomeWideSNP_6_F09_771514	14	23496446	23564890	49	0.3237
DUNGS_p_TCGA_b84_115_SNP_N_GenomeWideSNP_6_F09_771514	14	23569582	23986144	216	-0.0074
DUNGS_p_TCGA_b84_115_SNP_N_GenomeWideSNP_6_F09_771514	14	23986895	23997199	7	0.6738
DUNGS_p_TCGA_b84_115_SNP_N_GenomeWideSNP_6_F09_771514	14	23999711	25849482	1370	-8e-04
DUNGS_p_TCGA_b84_115_SNP_N_GenomeWideSNP_6_F09_771514	14	25853743	25854753	9	0.8853
DUNGS_p_TCGA_b84_115_SNP_N_GenomeWideSNP_6_F09_771514	14	25864944	40678108	9275	-8e-04
DUNGS_p_TCGA_b84_115_SNP_N_GenomeWideSNP_6_F09_771514	14	40680246	40707179	11	-1.6198
DUNGS_p_TCGA_b84_115_SNP_N_GenomeWideSNP_6_F09_771514	14	40707565	40723727	2	-6.4726
DUNGS_p_TCGA_b84_115_SNP_N_GenomeWideSNP_6_F09_771514	14	40726999	40821927	63	0.0077
DUNGS_p_TCGA_b84_115_SNP_N_GenomeWideSNP_6_F09_771514	14	40822030	40823256	5	-1.0215
DUNGS_p_TCGA_b84_115_SNP_N_GenomeWideSNP_6_F09_771514	14	40823714	41920337	690	-0.0052
DUNGS_p_TCGA_b84_115_SNP_N_GenomeWideSNP_6_F09_771514	14	41920492	41920591	2	1.7806
DUNGS_p_TCGA_b84_115_SNP_N_GenomeWideSNP_6_F09_771514	14	41920899	45660660	2111	-0.0197
DUNGS_p_TCGA_b84_115_SNP_N_GenomeWideSNP_6_F09_771514	14	45661808	45661927	2	-1.828
DUNGS_p_TCGA_b84_115_SNP_N_GenomeWideSNP_6_F09_771514	14	45662650	46777086	660	-0.0015
DUNGS_p_TCGA_b84_115_SNP_N_GenomeWideSNP_6_F09_771514	14	46778036	46792304	11	-1.0316
DUNGS_p_TCGA_b84_115_SNP_N_GenomeWideSNP_6_F09_771514	14	46792857	47917894	733	0.011
DUNGS_p_TCGA_b84_115_SNP_N_GenomeWideSNP_6_F09_771514	14	47917993	47918097	2	-1.8983
DUNGS_p_TCGA_b84_115_SNP_N_GenomeWideSNP_6_F09_771514	14	47919766	55281860	4714	-0.0031
DUNGS_p_TCGA_b84_115_SNP_N_GenomeWideSNP_6_F09_771514	14	55281884	55315764	35	0.3297
DUNGS_p_TCGA_b84_115_SNP_N_GenomeWideSNP_6_F09_771514	14	55316638	57827860	1872	0.0037
DUNGS_p_TCGA_b84_115_SNP_N_GenomeWideSNP_6_F09_771514	14	57831950	57841771	2	-1.6525
DUNGS_p_TCGA_b84_115_SNP_N_GenomeWideSNP_6_F09_771514	14	57842616	63022186	3284	-0.0037
DUNGS_p_TCGA_b84_115_SNP_N_GenomeWideSNP_6_F09_771514	14	63023205	63031245	3	1.3383
DUNGS_p_TCGA_b84_115_SNP_N_GenomeWideSNP_6_F09_771514	14	63032180	65139359	1345	-0.0084
DUNGS_p_TCGA_b84_115_SNP_N_GenomeWideSNP_6_F09_771514	14	65141793	65144967	3	-1.3005
DUNGS_p_TCGA_b84_115_SNP_N_GenomeWideSNP_6_F09_771514	14	65149784	68320668	1862	0
DUNGS_p_TCGA_b84_115_SNP_N_GenomeWideSNP_6_F09_771514	14	68328630	68357236	14	0.5618
DUNGS_p_TCGA_b84_115_SNP_N_GenomeWideSNP_6_F09_771514	14	68357344	69092022	461	0.0336
DUNGS_p_TCGA_b84_115_SNP_N_GenomeWideSNP_6_F09_771514	14	69092037	69098300	8	0.6867
DUNGS_p_TCGA_b84_115_SNP_N_GenomeWideSNP_6_F09_771514	14	69102579	73059948	2622	0.0032
DUNGS_p_TCGA_b84_115_SNP_N_GenomeWideSNP_6_F09_771514	14	73060374	73126226	25	0.4015
DUNGS_p_TCGA_b84_115_SNP_N_GenomeWideSNP_6_F09_771514	14	73126284	74172381	601	0.0011
DUNGS_p_TCGA_b84_115_SNP_N_GenomeWideSNP_6_F09_771514	14	74176633	74177775	2	1.2105
DUNGS_p_TCGA_b84_115_SNP_N_GenomeWideSNP_6_F09_771514	14	74178043	75661337	914	0.0061
DUNGS_p_TCGA_b84_115_SNP_N_GenomeWideSNP_6_F09_771514	14	75663443	75664045	2	1.4569
DUNGS_p_TCGA_b84_115_SNP_N_GenomeWideSNP_6_F09_771514	14	75664352	83573821	5442	0.0032
DUNGS_p_TCGA_b84_115_SNP_N_GenomeWideSNP_6_F09_771514	14	83573860	83574565	2	1.9588
DUNGS_p_TCGA_b84_115_SNP_N_GenomeWideSNP_6_F09_771514	14	83574778	84634843	637	0.0096
DUNGS_p_TCGA_b84_115_SNP_N_GenomeWideSNP_6_F09_771514	14	84634908	84635048	3	-1.1184
DUNGS_p_TCGA_b84_115_SNP_N_GenomeWideSNP_6_F09_771514	14	84635179	85354507	564	0.0169
DUNGS_p_TCGA_b84_115_SNP_N_GenomeWideSNP_6_F09_771514	14	85356065	85364125	5	-0.6357
DUNGS_p_TCGA_b84_115_SNP_N_GenomeWideSNP_6_F09_771514	14	85364476	85381926	10	-1.4381
DUNGS_p_TCGA_b84_115_SNP_N_GenomeWideSNP_6_F09_771514	14	85385888	86061890	485	-0.0061
DUNGS_p_TCGA_b84_115_SNP_N_GenomeWideSNP_6_F09_771514	14	86062437	86062637	2	-1.6159
DUNGS_p_TCGA_b84_115_SNP_N_GenomeWideSNP_6_F09_771514	14	86065920	105934571	12307	0.0102
DUNGS_p_TCGA_b84_115_SNP_N_GenomeWideSNP_6_F09_771514	14	105935767	105952397	7	-0.8036
DUNGS_p_TCGA_b84_115_SNP_N_GenomeWideSNP_6_F09_771514	14	105953387	106356482	273	0.193
DUNGS_p_TCGA_b84_115_SNP_N_GenomeWideSNP_6_F09_771514	15	18276341	18370264	18	0.4115
DUNGS_p_TCGA_b84_115_SNP_N_GenomeWideSNP_6_F09_771514	15	18372288	18412742	11	0.9926
DUNGS_p_TCGA_b84_115_SNP_N_GenomeWideSNP_6_F09_771514	15	18415652	18454752	17	0.1577
DUNGS_p_TCGA_b84_115_SNP_N_GenomeWideSNP_6_F09_771514	15	18463975	19080173	110	0.8157
DUNGS_p_TCGA_b84_115_SNP_N_GenomeWideSNP_6_F09_771514	15	19090388	19090596	2	-1.1795
DUNGS_p_TCGA_b84_115_SNP_N_GenomeWideSNP_6_F09_771514	15	19103576	19787133	152	0.7294
DUNGS_p_TCGA_b84_115_SNP_N_GenomeWideSNP_6_F09_771514	15	19788634	19813175	6	2.2763
DUNGS_p_TCGA_b84_115_SNP_N_GenomeWideSNP_6_F09_771514	15	19818876	20224763	107	1.1515
DUNGS_p_TCGA_b84_115_SNP_N_GenomeWideSNP_6_F09_771514	15	20232440	20304073	10	0.5643
DUNGS_p_TCGA_b84_115_SNP_N_GenomeWideSNP_6_F09_771514	15	20306536	22022195	915	0.0704
DUNGS_p_TCGA_b84_115_SNP_N_GenomeWideSNP_6_F09_771514	15	22023095	22376118	168	0.5278
DUNGS_p_TCGA_b84_115_SNP_N_GenomeWideSNP_6_F09_771514	15	22376358	26208003	2710	0.0134
DUNGS_p_TCGA_b84_115_SNP_N_GenomeWideSNP_6_F09_771514	15	26213583	27000239	79	0.4813
DUNGS_p_TCGA_b84_115_SNP_N_GenomeWideSNP_6_F09_771514	15	27002025	39953430	8404	0.0153
DUNGS_p_TCGA_b84_115_SNP_N_GenomeWideSNP_6_F09_771514	15	39954777	39963149	5	1.0099
DUNGS_p_TCGA_b84_115_SNP_N_GenomeWideSNP_6_F09_771514	15	39964315	56496888	10265	-0.0056
DUNGS_p_TCGA_b84_115_SNP_N_GenomeWideSNP_6_F09_771514	15	56497055	56502486	5	-0.9941
DUNGS_p_TCGA_b84_115_SNP_N_GenomeWideSNP_6_F09_771514	15	56504720	74682399	11420	-0.0027
DUNGS_p_TCGA_b84_115_SNP_N_GenomeWideSNP_6_F09_771514	15	74682822	74689499	14	0.5988
DUNGS_p_TCGA_b84_115_SNP_N_GenomeWideSNP_6_F09_771514	15	74689525	80393477	3647	-0.0031
DUNGS_p_TCGA_b84_115_SNP_N_GenomeWideSNP_6_F09_771514	15	80457224	80995370	22	0.5333
DUNGS_p_TCGA_b84_115_SNP_N_GenomeWideSNP_6_F09_771514	15	80995386	82331721	760	0.0035
DUNGS_p_TCGA_b84_115_SNP_N_GenomeWideSNP_6_F09_771514	15	82331742	82343625	12	0.5448
DUNGS_p_TCGA_b84_115_SNP_N_GenomeWideSNP_6_F09_771514	15	82343951	82616289	173	-0.0047
DUNGS_p_TCGA_b84_115_SNP_N_GenomeWideSNP_6_F09_771514	15	82618486	82890625	30	0.4468
DUNGS_p_TCGA_b84_115_SNP_N_GenomeWideSNP_6_F09_771514	15	82891450	82907323	11	-0.341
DUNGS_p_TCGA_b84_115_SNP_N_GenomeWideSNP_6_F09_771514	15	82907922	82916806	3	1.0115
DUNGS_p_TCGA_b84_115_SNP_N_GenomeWideSNP_6_F09_771514	15	82917298	83580582	372	-0.0036
DUNGS_p_TCGA_b84_115_SNP_N_GenomeWideSNP_6_F09_771514	15	83580584	83632356	17	0.4783
DUNGS_p_TCGA_b84_115_SNP_N_GenomeWideSNP_6_F09_771514	15	83638964	84143143	356	-0.0037
DUNGS_p_TCGA_b84_115_SNP_N_GenomeWideSNP_6_F09_771514	15	84143282	84146266	9	0.8403
DUNGS_p_TCGA_b84_115_SNP_N_GenomeWideSNP_6_F09_771514	15	84146455	85892619	1521	0.0057
DUNGS_p_TCGA_b84_115_SNP_N_GenomeWideSNP_6_F09_771514	15	85893788	85896034	2	-1.975
DUNGS_p_TCGA_b84_115_SNP_N_GenomeWideSNP_6_F09_771514	15	85897788	88727150	1869	-0.0067
DUNGS_p_TCGA_b84_115_SNP_N_GenomeWideSNP_6_F09_771514	15	88728943	88730567	3	-1.371
DUNGS_p_TCGA_b84_115_SNP_N_GenomeWideSNP_6_F09_771514	15	88730622	90606982	1539	-0.0121
DUNGS_p_TCGA_b84_115_SNP_N_GenomeWideSNP_6_F09_771514	15	90606997	90607278	7	0.9519
DUNGS_p_TCGA_b84_115_SNP_N_GenomeWideSNP_6_F09_771514	15	90607295	95599646	3890	0.004
DUNGS_p_TCGA_b84_115_SNP_N_GenomeWideSNP_6_F09_771514	15	95599664	95600017	2	-1.7496
DUNGS_p_TCGA_b84_115_SNP_N_GenomeWideSNP_6_F09_771514	15	95601610	96619978	760	-0.001
DUNGS_p_TCGA_b84_115_SNP_N_GenomeWideSNP_6_F09_771514	15	96624359	96634577	4	0.958
DUNGS_p_TCGA_b84_115_SNP_N_GenomeWideSNP_6_F09_771514	15	96635228	100222659	2673	0.0402
DUNGS_p_TCGA_b84_115_SNP_N_GenomeWideSNP_6_F09_771514	15	100238125	100286563	12	0.6891
DUNGS_p_TCGA_b84_115_SNP_N_GenomeWideSNP_6_F09_771514	16	777	12592606	9505	0.0291
DUNGS_p_TCGA_b84_115_SNP_N_GenomeWideSNP_6_F09_771514	16	12592620	12621544	64	0.3391
DUNGS_p_TCGA_b84_115_SNP_N_GenomeWideSNP_6_F09_771514	16	12621613	12750558	121	-0.0383
DUNGS_p_TCGA_b84_115_SNP_N_GenomeWideSNP_6_F09_771514	16	12750711	12753677	4	1.0262
DUNGS_p_TCGA_b84_115_SNP_N_GenomeWideSNP_6_F09_771514	16	12753865	14036025	1088	-0.0085
DUNGS_p_TCGA_b84_115_SNP_N_GenomeWideSNP_6_F09_771514	16	14040552	14041551	3	1.0708
DUNGS_p_TCGA_b84_115_SNP_N_GenomeWideSNP_6_F09_771514	16	14041571	14658557	334	0.0045
DUNGS_p_TCGA_b84_115_SNP_N_GenomeWideSNP_6_F09_771514	16	14659710	15023758	91	0.5674
DUNGS_p_TCGA_b84_115_SNP_N_GenomeWideSNP_6_F09_771514	16	15032942	19851864	2332	0.0767
DUNGS_p_TCGA_b84_115_SNP_N_GenomeWideSNP_6_F09_771514	16	19853151	19873333	27	-0.6914
DUNGS_p_TCGA_b84_115_SNP_N_GenomeWideSNP_6_F09_771514	16	19873376	27550786	4890	0.0284
DUNGS_p_TCGA_b84_115_SNP_N_GenomeWideSNP_6_F09_771514	16	27551437	27560472	2	1.6638
DUNGS_p_TCGA_b84_115_SNP_N_GenomeWideSNP_6_F09_771514	16	27561332	27715136	90	0.0419
DUNGS_p_TCGA_b84_115_SNP_N_GenomeWideSNP_6_F09_771514	16	27715366	27723473	10	0.6796
DUNGS_p_TCGA_b84_115_SNP_N_GenomeWideSNP_6_F09_771514	16	27726752	28539522	440	-0.004
DUNGS_p_TCGA_b84_115_SNP_N_GenomeWideSNP_6_F09_771514	16	28556704	28731428	6	0.7741
DUNGS_p_TCGA_b84_115_SNP_N_GenomeWideSNP_6_F09_771514	16	28732153	31873117	1067	0.0727
DUNGS_p_TCGA_b84_115_SNP_N_GenomeWideSNP_6_F09_771514	16	31873382	33766577	316	0.5341
DUNGS_p_TCGA_b84_115_SNP_N_GenomeWideSNP_6_F09_771514	16	33770364	34317102	176	0.1827
DUNGS_p_TCGA_b84_115_SNP_N_GenomeWideSNP_6_F09_771514	16	34317210	34612229	168	0.6021
DUNGS_p_TCGA_b84_115_SNP_N_GenomeWideSNP_6_F09_771514	16	34613067	52967442	5390	0.0074
DUNGS_p_TCGA_b84_115_SNP_N_GenomeWideSNP_6_F09_771514	16	52967598	52974062	15	0.54
DUNGS_p_TCGA_b84_115_SNP_N_GenomeWideSNP_6_F09_771514	16	52974105	54347071	1205	0.0024
DUNGS_p_TCGA_b84_115_SNP_N_GenomeWideSNP_6_F09_771514	16	54348387	54350579	2	-1.6054
DUNGS_p_TCGA_b84_115_SNP_N_GenomeWideSNP_6_F09_771514	16	54352452	54379898	24	0.3464
DUNGS_p_TCGA_b84_115_SNP_N_GenomeWideSNP_6_F09_771514	16	54379945	68682675	8770	0.0045
DUNGS_p_TCGA_b84_115_SNP_N_GenomeWideSNP_6_F09_771514	16	68694369	68697043	2	-1.6123
DUNGS_p_TCGA_b84_115_SNP_N_GenomeWideSNP_6_F09_771514	16	68709028	76929109	5750	0.0084
DUNGS_p_TCGA_b84_115_SNP_N_GenomeWideSNP_6_F09_771514	16	76929941	76942239	16	-2.273
DUNGS_p_TCGA_b84_115_SNP_N_GenomeWideSNP_6_F09_771514	16	76942266	83272753	6984	0.0234
DUNGS_p_TCGA_b84_115_SNP_N_GenomeWideSNP_6_F09_771514	16	83274000	83279247	4	-1.7657
DUNGS_p_TCGA_b84_115_SNP_N_GenomeWideSNP_6_F09_771514	16	83280365	83468999	164	0.1227
DUNGS_p_TCGA_b84_115_SNP_N_GenomeWideSNP_6_F09_771514	16	83469832	83470310	2	-2.2675
DUNGS_p_TCGA_b84_115_SNP_N_GenomeWideSNP_6_F09_771514	16	83470380	88815036	3497	0.0453
DUNGS_p_TCGA_b84_115_SNP_N_GenomeWideSNP_6_F09_771514	17	526	371849	173	0.203
DUNGS_p_TCGA_b84_115_SNP_N_GenomeWideSNP_6_F09_771514	17	374821	374997	2	-2.0056
DUNGS_p_TCGA_b84_115_SNP_N_GenomeWideSNP_6_F09_771514	17	376394	9905657	5617	0.013
DUNGS_p_TCGA_b84_115_SNP_N_GenomeWideSNP_6_F09_771514	17	9907785	9922640	11	0.9006
DUNGS_p_TCGA_b84_115_SNP_N_GenomeWideSNP_6_F09_771514	17	9924163	10250971	270	0.0352
DUNGS_p_TCGA_b84_115_SNP_N_GenomeWideSNP_6_F09_771514	17	10251584	10254416	4	-1.5046
DUNGS_p_TCGA_b84_115_SNP_N_GenomeWideSNP_6_F09_771514	17	10256197	18219492	5343	0.0076
DUNGS_p_TCGA_b84_115_SNP_N_GenomeWideSNP_6_F09_771514	17	18219553	18224238	12	0.6582
DUNGS_p_TCGA_b84_115_SNP_N_GenomeWideSNP_6_F09_771514	17	18224264	18260587	19	0.0151
DUNGS_p_TCGA_b84_115_SNP_N_GenomeWideSNP_6_F09_771514	17	18296117	18381685	21	0.8345
DUNGS_p_TCGA_b84_115_SNP_N_GenomeWideSNP_6_F09_771514	17	18382033	21258364	1227	0.0466
DUNGS_p_TCGA_b84_115_SNP_N_GenomeWideSNP_6_F09_771514	17	21269272	21292601	11	0.6999
DUNGS_p_TCGA_b84_115_SNP_N_GenomeWideSNP_6_F09_771514	17	21293812	22418825	371	0.1986
DUNGS_p_TCGA_b84_115_SNP_N_GenomeWideSNP_6_F09_771514	17	22418962	22427995	12	0.7901
DUNGS_p_TCGA_b84_115_SNP_N_GenomeWideSNP_6_F09_771514	17	22428176	22797056	193	-0.0409
DUNGS_p_TCGA_b84_115_SNP_N_GenomeWideSNP_6_F09_771514	17	22799022	22817999	10	0.7081
DUNGS_p_TCGA_b84_115_SNP_N_GenomeWideSNP_6_F09_771514	17	22823395	31429250	5087	0.0098
DUNGS_p_TCGA_b84_115_SNP_N_GenomeWideSNP_6_F09_771514	17	31429427	31460645	21	0.5072
DUNGS_p_TCGA_b84_115_SNP_N_GenomeWideSNP_6_F09_771514	17	31460821	31919128	74	-0.0143
DUNGS_p_TCGA_b84_115_SNP_N_GenomeWideSNP_6_F09_771514	17	31919159	31939401	33	0.4654
DUNGS_p_TCGA_b84_115_SNP_N_GenomeWideSNP_6_F09_771514	17	31939971	36675211	2477	0.0057
DUNGS_p_TCGA_b84_115_SNP_N_GenomeWideSNP_6_F09_771514	17	36675234	36683683	21	-0.3802
DUNGS_p_TCGA_b84_115_SNP_N_GenomeWideSNP_6_F09_771514	17	36683699	36683976	3	-2.207
DUNGS_p_TCGA_b84_115_SNP_N_GenomeWideSNP_6_F09_771514	17	36684057	36936394	260	0.0114
DUNGS_p_TCGA_b84_115_SNP_N_GenomeWideSNP_6_F09_771514	17	36940846	36941158	2	1.5202
DUNGS_p_TCGA_b84_115_SNP_N_GenomeWideSNP_6_F09_771514	17	36942125	38256148	580	-0.0086
DUNGS_p_TCGA_b84_115_SNP_N_GenomeWideSNP_6_F09_771514	17	38259024	38286245	14	0.5882
DUNGS_p_TCGA_b84_115_SNP_N_GenomeWideSNP_6_F09_771514	17	38288238	38493428	146	-0.0156
DUNGS_p_TCGA_b84_115_SNP_N_GenomeWideSNP_6_F09_771514	17	38493481	38496519	5	0.7794
DUNGS_p_TCGA_b84_115_SNP_N_GenomeWideSNP_6_F09_771514	17	38496557	38515089	46	0.0124
DUNGS_p_TCGA_b84_115_SNP_N_GenomeWideSNP_6_F09_771514	17	38517540	38518072	4	1.1332
DUNGS_p_TCGA_b84_115_SNP_N_GenomeWideSNP_6_F09_771514	17	38518249	41709662	1579	0.0393
DUNGS_p_TCGA_b84_115_SNP_N_GenomeWideSNP_6_F09_771514	17	41717786	42139835	53	0.8108
DUNGS_p_TCGA_b84_115_SNP_N_GenomeWideSNP_6_F09_771514	17	42139861	78643088	21635	0.0048
DUNGS_p_TCGA_b84_115_SNP_N_GenomeWideSNP_6_F09_771514	18	1543	14134900	10088	0.0072
DUNGS_p_TCGA_b84_115_SNP_N_GenomeWideSNP_6_F09_771514	18	14139483	14341375	50	0.466
DUNGS_p_TCGA_b84_115_SNP_N_GenomeWideSNP_6_F09_771514	18	14341752	15082486	258	0.1071
DUNGS_p_TCGA_b84_115_SNP_N_GenomeWideSNP_6_F09_771514	18	15083591	15392408	66	0.6056
DUNGS_p_TCGA_b84_115_SNP_N_GenomeWideSNP_6_F09_771514	18	16783351	24548070	4746	4e-04
DUNGS_p_TCGA_b84_115_SNP_N_GenomeWideSNP_6_F09_771514	18	24552780	24555742	2	-1.5558
DUNGS_p_TCGA_b84_115_SNP_N_GenomeWideSNP_6_F09_771514	18	24555972	36514488	7661	-0.0048
DUNGS_p_TCGA_b84_115_SNP_N_GenomeWideSNP_6_F09_771514	18	36514604	36523496	15	-0.692
DUNGS_p_TCGA_b84_115_SNP_N_GenomeWideSNP_6_F09_771514	18	36523810	38293035	1207	-0.0059
DUNGS_p_TCGA_b84_115_SNP_N_GenomeWideSNP_6_F09_771514	18	38294472	38311149	20	-0.5111
DUNGS_p_TCGA_b84_115_SNP_N_GenomeWideSNP_6_F09_771514	18	38311164	46819630	5801	-0.0023
DUNGS_p_TCGA_b84_115_SNP_N_GenomeWideSNP_6_F09_771514	18	46819769	46819927	3	1.5551
DUNGS_p_TCGA_b84_115_SNP_N_GenomeWideSNP_6_F09_771514	18	46820024	69099218	15812	-0.0105
DUNGS_p_TCGA_b84_115_SNP_N_GenomeWideSNP_6_F09_771514	18	69099263	69103053	22	0.5604
DUNGS_p_TCGA_b84_115_SNP_N_GenomeWideSNP_6_F09_771514	18	69105054	69132543	23	-0.3876
DUNGS_p_TCGA_b84_115_SNP_N_GenomeWideSNP_6_F09_771514	18	69132673	73052916	3116	-0.012
DUNGS_p_TCGA_b84_115_SNP_N_GenomeWideSNP_6_F09_771514	18	73054374	73055395	2	-1.6394
DUNGS_p_TCGA_b84_115_SNP_N_GenomeWideSNP_6_F09_771514	18	73055870	76116029	1977	0.0203
DUNGS_p_TCGA_b84_115_SNP_N_GenomeWideSNP_6_F09_771514	19	41910	6933709	2331	0.0236
DUNGS_p_TCGA_b84_115_SNP_N_GenomeWideSNP_6_F09_771514	19	6938798	6944033	3	-1.3116
DUNGS_p_TCGA_b84_115_SNP_N_GenomeWideSNP_6_F09_771514	19	6947350	8257473	606	0.0223
DUNGS_p_TCGA_b84_115_SNP_N_GenomeWideSNP_6_F09_771514	19	8257848	8257971	3	1.7173
DUNGS_p_TCGA_b84_115_SNP_N_GenomeWideSNP_6_F09_771514	19	8257988	15915380	3901	0.0022
DUNGS_p_TCGA_b84_115_SNP_N_GenomeWideSNP_6_F09_771514	19	15916678	15918677	2	-1.7877
DUNGS_p_TCGA_b84_115_SNP_N_GenomeWideSNP_6_F09_771514	19	15919348	21440503	2742	0.0418
DUNGS_p_TCGA_b84_115_SNP_N_GenomeWideSNP_6_F09_771514	19	21442676	21443222	3	1.3382
DUNGS_p_TCGA_b84_115_SNP_N_GenomeWideSNP_6_F09_771514	19	21445790	21606759	97	0.0145
DUNGS_p_TCGA_b84_115_SNP_N_GenomeWideSNP_6_F09_771514	19	21607480	21636628	20	0.5966
DUNGS_p_TCGA_b84_115_SNP_N_GenomeWideSNP_6_F09_771514	19	21640078	22129459	293	0.0324
DUNGS_p_TCGA_b84_115_SNP_N_GenomeWideSNP_6_F09_771514	19	22130592	22133745	4	-1.2178
DUNGS_p_TCGA_b84_115_SNP_N_GenomeWideSNP_6_F09_771514	19	22134825	22233735	64	0.3423
DUNGS_p_TCGA_b84_115_SNP_N_GenomeWideSNP_6_F09_771514	19	22234190	23351335	614	0.025
DUNGS_p_TCGA_b84_115_SNP_N_GenomeWideSNP_6_F09_771514	19	23352454	23375054	13	0.575
DUNGS_p_TCGA_b84_115_SNP_N_GenomeWideSNP_6_F09_771514	19	23376244	34907201	2225	0.0414
DUNGS_p_TCGA_b84_115_SNP_N_GenomeWideSNP_6_F09_771514	19	34908815	34914420	3	-1.0296
DUNGS_p_TCGA_b84_115_SNP_N_GenomeWideSNP_6_F09_771514	19	34914707	35283085	276	0.0132
DUNGS_p_TCGA_b84_115_SNP_N_GenomeWideSNP_6_F09_771514	19	35286026	35288552	2	1.4736
DUNGS_p_TCGA_b84_115_SNP_N_GenomeWideSNP_6_F09_771514	19	35289347	37878816	1903	-0.002
DUNGS_p_TCGA_b84_115_SNP_N_GenomeWideSNP_6_F09_771514	19	37879133	37883481	3	-1.3672
DUNGS_p_TCGA_b84_115_SNP_N_GenomeWideSNP_6_F09_771514	19	37886959	40547921	1736	-0.006
DUNGS_p_TCGA_b84_115_SNP_N_GenomeWideSNP_6_F09_771514	19	40548046	40548126	2	-1.5041
DUNGS_p_TCGA_b84_115_SNP_N_GenomeWideSNP_6_F09_771514	19	40548399	40553619	14	0.2869
DUNGS_p_TCGA_b84_115_SNP_N_GenomeWideSNP_6_F09_771514	19	40553688	40558626	3	-1.1332
DUNGS_p_TCGA_b84_115_SNP_N_GenomeWideSNP_6_F09_771514	19	40558641	41444831	429	0.0126
DUNGS_p_TCGA_b84_115_SNP_N_GenomeWideSNP_6_F09_771514	19	41448692	41539253	21	0.4557
DUNGS_p_TCGA_b84_115_SNP_N_GenomeWideSNP_6_F09_771514	19	41539284	44264079	1409	-0.0027
DUNGS_p_TCGA_b84_115_SNP_N_GenomeWideSNP_6_F09_771514	19	44264396	44265322	2	1.5202
DUNGS_p_TCGA_b84_115_SNP_N_GenomeWideSNP_6_F09_771514	19	44265549	44406471	68	0.0166
DUNGS_p_TCGA_b84_115_SNP_N_GenomeWideSNP_6_F09_771514	19	44415372	44434467	10	0.4744
DUNGS_p_TCGA_b84_115_SNP_N_GenomeWideSNP_6_F09_771514	19	44434930	45050838	354	0.0023
DUNGS_p_TCGA_b84_115_SNP_N_GenomeWideSNP_6_F09_771514	19	45051396	45051443	3	1.1357
DUNGS_p_TCGA_b84_115_SNP_N_GenomeWideSNP_6_F09_771514	19	45051521	46044479	500	0.0084
DUNGS_p_TCGA_b84_115_SNP_N_GenomeWideSNP_6_F09_771514	19	46044497	46086176	37	0.3439
DUNGS_p_TCGA_b84_115_SNP_N_GenomeWideSNP_6_F09_771514	19	46086890	47907168	877	0.0098
DUNGS_p_TCGA_b84_115_SNP_N_GenomeWideSNP_6_F09_771514	19	47908811	48139858	89	0.6392
DUNGS_p_TCGA_b84_115_SNP_N_GenomeWideSNP_6_F09_771514	19	48140535	56834427	4319	0.02
DUNGS_p_TCGA_b84_115_SNP_N_GenomeWideSNP_6_F09_771514	19	56834742	56846717	10	-0.9189
DUNGS_p_TCGA_b84_115_SNP_N_GenomeWideSNP_6_F09_771514	19	56847282	59924612	2043	0.0851
DUNGS_p_TCGA_b84_115_SNP_N_GenomeWideSNP_6_F09_771514	19	59929058	60071402	60	0.5005
DUNGS_p_TCGA_b84_115_SNP_N_GenomeWideSNP_6_F09_771514	19	60071417	61153844	605	0
DUNGS_p_TCGA_b84_115_SNP_N_GenomeWideSNP_6_F09_771514	19	61154419	61159187	14	0.6078
DUNGS_p_TCGA_b84_115_SNP_N_GenomeWideSNP_6_F09_771514	19	61160311	63569257	1559	0.0057
DUNGS_p_TCGA_b84_115_SNP_N_GenomeWideSNP_6_F09_771514	19	63570038	63789666	105	0.2931
DUNGS_p_TCGA_b84_115_SNP_N_GenomeWideSNP_6_F09_771514	20	9305	9690	11	0.7102
DUNGS_p_TCGA_b84_115_SNP_N_GenomeWideSNP_6_F09_771514	20	9795	1494911	1163	0.0773
DUNGS_p_TCGA_b84_115_SNP_N_GenomeWideSNP_6_F09_771514	20	1495044	1508951	32	0.4699
DUNGS_p_TCGA_b84_115_SNP_N_GenomeWideSNP_6_F09_771514	20	1508999	1541849	41	2.0467
DUNGS_p_TCGA_b84_115_SNP_N_GenomeWideSNP_6_F09_771514	20	1541893	4759876	2385	0.0113
DUNGS_p_TCGA_b84_115_SNP_N_GenomeWideSNP_6_F09_771514	20	4760666	4761056	3	-1.0761
DUNGS_p_TCGA_b84_115_SNP_N_GenomeWideSNP_6_F09_771514	20	4761678	5598792	560	0.0198
DUNGS_p_TCGA_b84_115_SNP_N_GenomeWideSNP_6_F09_771514	20	5602708	5607444	6	-0.9747
DUNGS_p_TCGA_b84_115_SNP_N_GenomeWideSNP_6_F09_771514	20	5607697	23662047	14309	0.003
DUNGS_p_TCGA_b84_115_SNP_N_GenomeWideSNP_6_F09_771514	20	23663070	23738589	49	0.355
DUNGS_p_TCGA_b84_115_SNP_N_GenomeWideSNP_6_F09_771514	20	23739659	24683946	752	0.0428
DUNGS_p_TCGA_b84_115_SNP_N_GenomeWideSNP_6_F09_771514	20	24684506	24690817	6	0.9992
DUNGS_p_TCGA_b84_115_SNP_N_GenomeWideSNP_6_F09_771514	20	24690836	26187367	733	0.0407
DUNGS_p_TCGA_b84_115_SNP_N_GenomeWideSNP_6_F09_771514	20	26187964	29298710	88	0.3933
DUNGS_p_TCGA_b84_115_SNP_N_GenomeWideSNP_6_F09_771514	20	29299132	29500601	102	-0.0162
DUNGS_p_TCGA_b84_115_SNP_N_GenomeWideSNP_6_F09_771514	20	29504171	29512533	6	-0.852
DUNGS_p_TCGA_b84_115_SNP_N_GenomeWideSNP_6_F09_771514	20	29516566	55010361	17269	0.0086
DUNGS_p_TCGA_b84_115_SNP_N_GenomeWideSNP_6_F09_771514	20	55010752	55012818	5	0.9735
DUNGS_p_TCGA_b84_115_SNP_N_GenomeWideSNP_6_F09_771514	20	55013595	57521602	1947	0.0058
DUNGS_p_TCGA_b84_115_SNP_N_GenomeWideSNP_6_F09_771514	20	57521992	57536018	8	0.8276
DUNGS_p_TCGA_b84_115_SNP_N_GenomeWideSNP_6_F09_771514	20	57536845	59270252	1565	0.0049
DUNGS_p_TCGA_b84_115_SNP_N_GenomeWideSNP_6_F09_771514	20	59270357	59272697	2	1.5333
DUNGS_p_TCGA_b84_115_SNP_N_GenomeWideSNP_6_F09_771514	20	59276281	62426597	1489	0.0476
DUNGS_p_TCGA_b84_115_SNP_N_GenomeWideSNP_6_F09_771514	21	9758742	9976060	39	0.3366
DUNGS_p_TCGA_b84_115_SNP_N_GenomeWideSNP_6_F09_771514	21	9978015	10063781	43	-0.3066
DUNGS_p_TCGA_b84_115_SNP_N_GenomeWideSNP_6_F09_771514	21	10064717	14269492	405	0.2918
DUNGS_p_TCGA_b84_115_SNP_N_GenomeWideSNP_6_F09_771514	21	14294380	22696310	6071	-0.0033
DUNGS_p_TCGA_b84_115_SNP_N_GenomeWideSNP_6_F09_771514	21	22697999	22709180	15	-0.7747
DUNGS_p_TCGA_b84_115_SNP_N_GenomeWideSNP_6_F09_771514	21	22709643	39882854	12846	0.0012
DUNGS_p_TCGA_b84_115_SNP_N_GenomeWideSNP_6_F09_771514	21	39884232	39884824	2	-1.6626
DUNGS_p_TCGA_b84_115_SNP_N_GenomeWideSNP_6_F09_771514	21	39887197	46921385	5013	0.0295
DUNGS_p_TCGA_b84_115_SNP_N_GenomeWideSNP_6_F09_771514	22	14432528	16435605	783	0.11
DUNGS_p_TCGA_b84_115_SNP_N_GenomeWideSNP_6_F09_771514	22	16438748	16448726	6	1.0517
DUNGS_p_TCGA_b84_115_SNP_N_GenomeWideSNP_6_F09_771514	22	16448785	19792736	2059	0.1424
DUNGS_p_TCGA_b84_115_SNP_N_GenomeWideSNP_6_F09_771514	22	19795026	20175294	54	0.6853
DUNGS_p_TCGA_b84_115_SNP_N_GenomeWideSNP_6_F09_771514	22	20175355	22674422	1723	0.1519
DUNGS_p_TCGA_b84_115_SNP_N_GenomeWideSNP_6_F09_771514	22	22680529	22731529	20	1.3078
DUNGS_p_TCGA_b84_115_SNP_N_GenomeWideSNP_6_F09_771514	22	22732321	24012780	831	0.0212
DUNGS_p_TCGA_b84_115_SNP_N_GenomeWideSNP_6_F09_771514	22	24014408	24086933	80	0.4975
DUNGS_p_TCGA_b84_115_SNP_N_GenomeWideSNP_6_F09_771514	22	24087268	28200258	3442	0.0182
DUNGS_p_TCGA_b84_115_SNP_N_GenomeWideSNP_6_F09_771514	22	28200312	28211717	5	1.32
DUNGS_p_TCGA_b84_115_SNP_N_GenomeWideSNP_6_F09_771514	22	28211801	34790144	4804	0.0031
DUNGS_p_TCGA_b84_115_SNP_N_GenomeWideSNP_6_F09_771514	22	34790159	34805628	8	0.9908
DUNGS_p_TCGA_b84_115_SNP_N_GenomeWideSNP_6_F09_771514	22	34808713	37620866	1669	0.0086
DUNGS_p_TCGA_b84_115_SNP_N_GenomeWideSNP_6_F09_771514	22	37625201	37626850	3	-1.1639
DUNGS_p_TCGA_b84_115_SNP_N_GenomeWideSNP_6_F09_771514	22	37629060	37678846	35	-0.0118
DUNGS_p_TCGA_b84_115_SNP_N_GenomeWideSNP_6_F09_771514	22	37679985	37729258	40	0.5643
DUNGS_p_TCGA_b84_115_SNP_N_GenomeWideSNP_6_F09_771514	22	37733740	41262362	1905	0.0069
DUNGS_p_TCGA_b84_115_SNP_N_GenomeWideSNP_6_F09_771514	22	41264406	41307134	15	0.5885
DUNGS_p_TCGA_b84_115_SNP_N_GenomeWideSNP_6_F09_771514	22	41309995	46462926	3696	0.0085
DUNGS_p_TCGA_b84_115_SNP_N_GenomeWideSNP_6_F09_771514	22	46462963	46465487	5	-0.9509
DUNGS_p_TCGA_b84_115_SNP_N_GenomeWideSNP_6_F09_771514	22	46466848	47746428	1227	0.0183
DUNGS_p_TCGA_b84_115_SNP_N_GenomeWideSNP_6_F09_771514	22	47746576	47746875	4	-1.3842
DUNGS_p_TCGA_b84_115_SNP_N_GenomeWideSNP_6_F09_771514	22	47749754	49581321	1169	0.1314
DUNGS_p_TCGA_b84_115_SNP_N_GenomeWideSNP_6_F09_771514	X	108477	8326726	4412	0.026
DUNGS_p_TCGA_b84_115_SNP_N_GenomeWideSNP_6_F09_771514	X	8326773	8334935	13	-0.9645
DUNGS_p_TCGA_b84_115_SNP_N_GenomeWideSNP_6_F09_771514	X	8336707	8557666	173	0.0223
DUNGS_p_TCGA_b84_115_SNP_N_GenomeWideSNP_6_F09_771514	X	8558153	8559691	4	-2.2151
DUNGS_p_TCGA_b84_115_SNP_N_GenomeWideSNP_6_F09_771514	X	8559803	12662659	3057	0.0403
DUNGS_p_TCGA_b84_115_SNP_N_GenomeWideSNP_6_F09_771514	X	12668490	12669991	6	-1.1885
DUNGS_p_TCGA_b84_115_SNP_N_GenomeWideSNP_6_F09_771514	X	12671100	13361545	494	0.0698
DUNGS_p_TCGA_b84_115_SNP_N_GenomeWideSNP_6_F09_771514	X	13362224	13363748	3	-1.7749
DUNGS_p_TCGA_b84_115_SNP_N_GenomeWideSNP_6_F09_771514	X	13364148	13386706	19	-0.0688
DUNGS_p_TCGA_b84_115_SNP_N_GenomeWideSNP_6_F09_771514	X	13388894	13389114	2	-2.294
DUNGS_p_TCGA_b84_115_SNP_N_GenomeWideSNP_6_F09_771514	X	13391551	13543843	129	0.0239
DUNGS_p_TCGA_b84_115_SNP_N_GenomeWideSNP_6_F09_771514	X	13544104	13547655	2	1.5765
DUNGS_p_TCGA_b84_115_SNP_N_GenomeWideSNP_6_F09_771514	X	13547710	13852857	228	0.0415
DUNGS_p_TCGA_b84_115_SNP_N_GenomeWideSNP_6_F09_771514	X	13852876	13857934	5	-1.0955
DUNGS_p_TCGA_b84_115_SNP_N_GenomeWideSNP_6_F09_771514	X	13862687	15161803	816	0.037
DUNGS_p_TCGA_b84_115_SNP_N_GenomeWideSNP_6_F09_771514	X	15162412	15162619	2	-2.4252
DUNGS_p_TCGA_b84_115_SNP_N_GenomeWideSNP_6_F09_771514	X	15163784	19370511	2447	0.0238
DUNGS_p_TCGA_b84_115_SNP_N_GenomeWideSNP_6_F09_771514	X	19376224	19384772	7	-1.1171
DUNGS_p_TCGA_b84_115_SNP_N_GenomeWideSNP_6_F09_771514	X	19384853	24973615	3513	0.0068
DUNGS_p_TCGA_b84_115_SNP_N_GenomeWideSNP_6_F09_771514	X	24980216	24983066	3	-3.493
DUNGS_p_TCGA_b84_115_SNP_N_GenomeWideSNP_6_F09_771514	X	24984228	43333222	11486	0.0127
DUNGS_p_TCGA_b84_115_SNP_N_GenomeWideSNP_6_F09_771514	X	43337841	43344119	2	-2.4084
DUNGS_p_TCGA_b84_115_SNP_N_GenomeWideSNP_6_F09_771514	X	43346007	51436598	3987	0.0359
DUNGS_p_TCGA_b84_115_SNP_N_GenomeWideSNP_6_F09_771514	X	51445209	51450822	2	2.0084
DUNGS_p_TCGA_b84_115_SNP_N_GenomeWideSNP_6_F09_771514	X	51453285	51735280	133	0.0604
DUNGS_p_TCGA_b84_115_SNP_N_GenomeWideSNP_6_F09_771514	X	51738398	51751421	10	0.8001
DUNGS_p_TCGA_b84_115_SNP_N_GenomeWideSNP_6_F09_771514	X	51758022	56966582	2067	0.053
DUNGS_p_TCGA_b84_115_SNP_N_GenomeWideSNP_6_F09_771514	X	56966615	56970873	11	0.8182
DUNGS_p_TCGA_b84_115_SNP_N_GenomeWideSNP_6_F09_771514	X	56971016	58206415	556	0.0396
DUNGS_p_TCGA_b84_115_SNP_N_GenomeWideSNP_6_F09_771514	X	58208972	61923072	125	0.4201
DUNGS_p_TCGA_b84_115_SNP_N_GenomeWideSNP_6_F09_771514	X	61933513	74185061	5393	0.0369
DUNGS_p_TCGA_b84_115_SNP_N_GenomeWideSNP_6_F09_771514	X	74185390	74191467	3	-2.4741
DUNGS_p_TCGA_b84_115_SNP_N_GenomeWideSNP_6_F09_771514	X	74195520	86876007	6745	0.0276
DUNGS_p_TCGA_b84_115_SNP_N_GenomeWideSNP_6_F09_771514	X	86878491	86882005	2	-2.5711
DUNGS_p_TCGA_b84_115_SNP_N_GenomeWideSNP_6_F09_771514	X	86885414	87634004	516	-0.0052
DUNGS_p_TCGA_b84_115_SNP_N_GenomeWideSNP_6_F09_771514	X	87634035	87643387	15	-0.8973
DUNGS_p_TCGA_b84_115_SNP_N_GenomeWideSNP_6_F09_771514	X	87643689	87656708	21	-0.0836
DUNGS_p_TCGA_b84_115_SNP_N_GenomeWideSNP_6_F09_771514	X	87660932	87665495	6	1.0593
DUNGS_p_TCGA_b84_115_SNP_N_GenomeWideSNP_6_F09_771514	X	87666517	87937417	156	0.0384
DUNGS_p_TCGA_b84_115_SNP_N_GenomeWideSNP_6_F09_771514	X	87938785	87939254	2	-2.7776
DUNGS_p_TCGA_b84_115_SNP_N_GenomeWideSNP_6_F09_771514	X	87939815	90575241	1113	0.0145
DUNGS_p_TCGA_b84_115_SNP_N_GenomeWideSNP_6_F09_771514	X	90575522	90578173	2	-2.5408
DUNGS_p_TCGA_b84_115_SNP_N_GenomeWideSNP_6_F09_771514	X	90578742	94817580	2227	0.0195
DUNGS_p_TCGA_b84_115_SNP_N_GenomeWideSNP_6_F09_771514	X	94820827	94827070	4	-2.1291
DUNGS_p_TCGA_b84_115_SNP_N_GenomeWideSNP_6_F09_771514	X	94827735	97981329	1880	0.0043
DUNGS_p_TCGA_b84_115_SNP_N_GenomeWideSNP_6_F09_771514	X	97981370	97983487	2	-2.3773
DUNGS_p_TCGA_b84_115_SNP_N_GenomeWideSNP_6_F09_771514	X	97983644	99766906	941	0.0312
DUNGS_p_TCGA_b84_115_SNP_N_GenomeWideSNP_6_F09_771514	X	99767005	99767290	2	-2.3294
DUNGS_p_TCGA_b84_115_SNP_N_GenomeWideSNP_6_F09_771514	X	99771484	100781415	526	0.056
DUNGS_p_TCGA_b84_115_SNP_N_GenomeWideSNP_6_F09_771514	X	100781650	100781717	3	1.6406
DUNGS_p_TCGA_b84_115_SNP_N_GenomeWideSNP_6_F09_771514	X	100783026	102971530	1052	0.0236
DUNGS_p_TCGA_b84_115_SNP_N_GenomeWideSNP_6_F09_771514	X	102972046	102972064	2	-2.2148
DUNGS_p_TCGA_b84_115_SNP_N_GenomeWideSNP_6_F09_771514	X	102972130	114371429	6198	0.0448
DUNGS_p_TCGA_b84_115_SNP_N_GenomeWideSNP_6_F09_771514	X	114372244	114373161	2	-4.816
DUNGS_p_TCGA_b84_115_SNP_N_GenomeWideSNP_6_F09_771514	X	114373646	116103182	1047	0.0416
DUNGS_p_TCGA_b84_115_SNP_N_GenomeWideSNP_6_F09_771514	X	116106291	116109468	4	-1.5092
DUNGS_p_TCGA_b84_115_SNP_N_GenomeWideSNP_6_F09_771514	X	116115310	116403721	160	-0.0131
DUNGS_p_TCGA_b84_115_SNP_N_GenomeWideSNP_6_F09_771514	X	116403812	116403874	2	-2.6761
DUNGS_p_TCGA_b84_115_SNP_N_GenomeWideSNP_6_F09_771514	X	116404062	154835548	22935	0.0377
DUNGS_p_TCGA_b84_115_SNP_N_GenomeWideSNP_6_F09_771514	Y	2710438	8671794	2194	-0.8276
DUNGS_p_TCGA_b84_115_SNP_N_GenomeWideSNP_6_F09_771514	Y	8675140	8676189	2	1.4761
DUNGS_p_TCGA_b84_115_SNP_N_GenomeWideSNP_6_F09_771514	Y	8676436	9232214	215	-0.8315
DUNGS_p_TCGA_b84_115_SNP_N_GenomeWideSNP_6_F09_771514	Y	9232560	9997994	18	-0.0421
DUNGS_p_TCGA_b84_115_SNP_N_GenomeWideSNP_6_F09_771514	Y	9998262	20721953	4365	-0.8821
DUNGS_p_TCGA_b84_115_SNP_N_GenomeWideSNP_6_F09_771514	Y	20725977	20898745	8	0.1756
DUNGS_p_TCGA_b84_115_SNP_N_GenomeWideSNP_6_F09_771514	Y	20924356	26018676	1322	-0.8504
DUNGS_p_TCGA_b84_115_SNP_N_GenomeWideSNP_6_F09_771514	Y	26019358	26051432	9	-0.0078
DUNGS_p_TCGA_b84_115_SNP_N_GenomeWideSNP_6_F09_771514	Y	26051858	57427647	457	-0.8406
