Sample	Chromosome	Start	End	Num_Probes	Segment_Mean
DUNGS_p_TCGA_b84_115_SNP_N_GenomeWideSNP_6_C09_771624	1	51598	219482	23	0.2859
DUNGS_p_TCGA_b84_115_SNP_N_GenomeWideSNP_6_C09_771624	1	219540	16022502	8401	0.0011
DUNGS_p_TCGA_b84_115_SNP_N_GenomeWideSNP_6_C09_771624	1	16026084	16026512	6	-2.1645
DUNGS_p_TCGA_b84_115_SNP_N_GenomeWideSNP_6_C09_771624	1	16026788	16688677	295	0.0042
DUNGS_p_TCGA_b84_115_SNP_N_GenomeWideSNP_6_C09_771624	1	16692220	17134834	176	0.227
DUNGS_p_TCGA_b84_115_SNP_N_GenomeWideSNP_6_C09_771624	1	17148828	72541504	34104	0.0034
DUNGS_p_TCGA_b84_115_SNP_N_GenomeWideSNP_6_C09_771624	1	72541524	72583736	45	1.1256
DUNGS_p_TCGA_b84_115_SNP_N_GenomeWideSNP_6_C09_771624	1	72584492	93884301	13733	0.006
DUNGS_p_TCGA_b84_115_SNP_N_GenomeWideSNP_6_C09_771624	1	93890011	93890020	2	-1.4112
DUNGS_p_TCGA_b84_115_SNP_N_GenomeWideSNP_6_C09_771624	1	93890060	98948845	3246	0.0068
DUNGS_p_TCGA_b84_115_SNP_N_GenomeWideSNP_6_C09_771624	1	98949916	98952600	3	-1.1566
DUNGS_p_TCGA_b84_115_SNP_N_GenomeWideSNP_6_C09_771624	1	98952695	104023054	3135	0.0012
DUNGS_p_TCGA_b84_115_SNP_N_GenomeWideSNP_6_C09_771624	1	104023154	104041212	11	0.6212
DUNGS_p_TCGA_b84_115_SNP_N_GenomeWideSNP_6_C09_771624	1	104041509	105820759	934	0.0061
DUNGS_p_TCGA_b84_115_SNP_N_GenomeWideSNP_6_C09_771624	1	105820833	105823898	15	-0.5423
DUNGS_p_TCGA_b84_115_SNP_N_GenomeWideSNP_6_C09_771624	1	105825578	108531282	1944	0.0069
DUNGS_p_TCGA_b84_115_SNP_N_GenomeWideSNP_6_C09_771624	1	108535758	108539019	3	-0.7938
DUNGS_p_TCGA_b84_115_SNP_N_GenomeWideSNP_6_C09_771624	1	108540627	110034497	726	0.0163
DUNGS_p_TCGA_b84_115_SNP_N_GenomeWideSNP_6_C09_771624	1	110034560	110047653	20	0.3674
DUNGS_p_TCGA_b84_115_SNP_N_GenomeWideSNP_6_C09_771624	1	110047796	112491849	1955	0.0112
DUNGS_p_TCGA_b84_115_SNP_N_GenomeWideSNP_6_C09_771624	1	112497488	112498764	23	-0.4961
DUNGS_p_TCGA_b84_115_SNP_N_GenomeWideSNP_6_C09_771624	1	112498899	151028563	8260	0.0154
DUNGS_p_TCGA_b84_115_SNP_N_GenomeWideSNP_6_C09_771624	1	151028579	151035194	34	-0.2878
DUNGS_p_TCGA_b84_115_SNP_N_GenomeWideSNP_6_C09_771624	1	151035324	167483561	11354	0.0079
DUNGS_p_TCGA_b84_115_SNP_N_GenomeWideSNP_6_C09_771624	1	167500598	167508390	7	0.9949
DUNGS_p_TCGA_b84_115_SNP_N_GenomeWideSNP_6_C09_771624	1	167509025	187289596	13047	0.0086
DUNGS_p_TCGA_b84_115_SNP_N_GenomeWideSNP_6_C09_771624	1	187293846	187297984	7	-0.8144
DUNGS_p_TCGA_b84_115_SNP_N_GenomeWideSNP_6_C09_771624	1	187299103	194981496	5165	0.015
DUNGS_p_TCGA_b84_115_SNP_N_GenomeWideSNP_6_C09_771624	1	194994473	195068473	90	0.5635
DUNGS_p_TCGA_b84_115_SNP_N_GenomeWideSNP_6_C09_771624	1	195068610	196571159	830	0.0074
DUNGS_p_TCGA_b84_115_SNP_N_GenomeWideSNP_6_C09_771624	1	196573483	196574402	3	-1.0229
DUNGS_p_TCGA_b84_115_SNP_N_GenomeWideSNP_6_C09_771624	1	196577982	196748831	141	-0.0114
DUNGS_p_TCGA_b84_115_SNP_N_GenomeWideSNP_6_C09_771624	1	196748847	196748860	2	-0.9946
DUNGS_p_TCGA_b84_115_SNP_N_GenomeWideSNP_6_C09_771624	1	196748979	197355903	380	0.0113
DUNGS_p_TCGA_b84_115_SNP_N_GenomeWideSNP_6_C09_771624	1	197356017	197356035	2	1.0476
DUNGS_p_TCGA_b84_115_SNP_N_GenomeWideSNP_6_C09_771624	1	197356045	197377986	29	0.0183
DUNGS_p_TCGA_b84_115_SNP_N_GenomeWideSNP_6_C09_771624	1	197378049	197379094	5	0.7145
DUNGS_p_TCGA_b84_115_SNP_N_GenomeWideSNP_6_C09_771624	1	197379147	201399796	2680	-8e-04
DUNGS_p_TCGA_b84_115_SNP_N_GenomeWideSNP_6_C09_771624	1	201399884	201399899	2	-1.5556
DUNGS_p_TCGA_b84_115_SNP_N_GenomeWideSNP_6_C09_771624	1	201400116	208137685	4758	0.0017
DUNGS_p_TCGA_b84_115_SNP_N_GenomeWideSNP_6_C09_771624	1	208148236	208150607	3	-1.6146
DUNGS_p_TCGA_b84_115_SNP_N_GenomeWideSNP_6_C09_771624	1	208153175	211066442	1951	-0.0034
DUNGS_p_TCGA_b84_115_SNP_N_GenomeWideSNP_6_C09_771624	1	211071078	211077059	8	-0.6091
DUNGS_p_TCGA_b84_115_SNP_N_GenomeWideSNP_6_C09_771624	1	211081076	238145171	18959	0.0059
DUNGS_p_TCGA_b84_115_SNP_N_GenomeWideSNP_6_C09_771624	1	238145728	238182010	28	-0.9245
DUNGS_p_TCGA_b84_115_SNP_N_GenomeWideSNP_6_C09_771624	1	238184344	246776239	6027	0.0089
DUNGS_p_TCGA_b84_115_SNP_N_GenomeWideSNP_6_C09_771624	1	246776293	246875180	40	0.3731
DUNGS_p_TCGA_b84_115_SNP_N_GenomeWideSNP_6_C09_771624	1	246875487	247191011	143	0.0607
DUNGS_p_TCGA_b84_115_SNP_N_GenomeWideSNP_6_C09_771624	2	2784	4183562	2991	-0.0029
DUNGS_p_TCGA_b84_115_SNP_N_GenomeWideSNP_6_C09_771624	2	4191739	4201042	36	-0.5332
DUNGS_p_TCGA_b84_115_SNP_N_GenomeWideSNP_6_C09_771624	2	4201387	5653490	1166	0.0103
DUNGS_p_TCGA_b84_115_SNP_N_GenomeWideSNP_6_C09_771624	2	5653772	5655032	4	-0.88
DUNGS_p_TCGA_b84_115_SNP_N_GenomeWideSNP_6_C09_771624	2	5655236	19437965	10467	0.0064
DUNGS_p_TCGA_b84_115_SNP_N_GenomeWideSNP_6_C09_771624	2	19442988	19443320	2	-0.9802
DUNGS_p_TCGA_b84_115_SNP_N_GenomeWideSNP_6_C09_771624	2	19455506	29497389	6026	0.0017
DUNGS_p_TCGA_b84_115_SNP_N_GenomeWideSNP_6_C09_771624	2	29497519	29498099	5	-0.6082
DUNGS_p_TCGA_b84_115_SNP_N_GenomeWideSNP_6_C09_771624	2	29498150	34538784	3438	0.0044
DUNGS_p_TCGA_b84_115_SNP_N_GenomeWideSNP_6_C09_771624	2	34544573	34590561	47	-0.4873
DUNGS_p_TCGA_b84_115_SNP_N_GenomeWideSNP_6_C09_771624	2	34590667	36189099	1158	0.0136
DUNGS_p_TCGA_b84_115_SNP_N_GenomeWideSNP_6_C09_771624	2	36189100	36189110	7	-0.5487
DUNGS_p_TCGA_b84_115_SNP_N_GenomeWideSNP_6_C09_771624	2	36190123	36346905	142	0.0346
DUNGS_p_TCGA_b84_115_SNP_N_GenomeWideSNP_6_C09_771624	2	36347585	36347611	2	-1.1929
DUNGS_p_TCGA_b84_115_SNP_N_GenomeWideSNP_6_C09_771624	2	36348534	52608385	11754	0.0094
DUNGS_p_TCGA_b84_115_SNP_N_GenomeWideSNP_6_C09_771624	2	52612257	52635046	33	0.7674
DUNGS_p_TCGA_b84_115_SNP_N_GenomeWideSNP_6_C09_771624	2	52641453	79130543	17198	0.0074
DUNGS_p_TCGA_b84_115_SNP_N_GenomeWideSNP_6_C09_771624	2	79131262	79150982	8	-0.5405
DUNGS_p_TCGA_b84_115_SNP_N_GenomeWideSNP_6_C09_771624	2	79151162	79182654	29	-0.0459
DUNGS_p_TCGA_b84_115_SNP_N_GenomeWideSNP_6_C09_771624	2	79184286	79195607	7	0.6329
DUNGS_p_TCGA_b84_115_SNP_N_GenomeWideSNP_6_C09_771624	2	79196319	86791198	4725	0.0013
DUNGS_p_TCGA_b84_115_SNP_N_GenomeWideSNP_6_C09_771624	2	86806581	86807365	2	-1.7303
DUNGS_p_TCGA_b84_115_SNP_N_GenomeWideSNP_6_C09_771624	2	86823917	87162774	78	0.0105
DUNGS_p_TCGA_b84_115_SNP_N_GenomeWideSNP_6_C09_771624	2	87163345	87777487	196	0.4093
DUNGS_p_TCGA_b84_115_SNP_N_GenomeWideSNP_6_C09_771624	2	87805782	107807168	8469	0.0092
DUNGS_p_TCGA_b84_115_SNP_N_GenomeWideSNP_6_C09_771624	2	107813401	107847339	2	-1.1696
DUNGS_p_TCGA_b84_115_SNP_N_GenomeWideSNP_6_C09_771624	2	107858520	115256049	3587	0.0127
DUNGS_p_TCGA_b84_115_SNP_N_GenomeWideSNP_6_C09_771624	2	115256064	115258540	11	0.4264
DUNGS_p_TCGA_b84_115_SNP_N_GenomeWideSNP_6_C09_771624	2	115258740	123193484	4968	4e-04
DUNGS_p_TCGA_b84_115_SNP_N_GenomeWideSNP_6_C09_771624	2	123196369	123198711	9	-0.7811
DUNGS_p_TCGA_b84_115_SNP_N_GenomeWideSNP_6_C09_771624	2	123200123	125876687	1781	-2e-04
DUNGS_p_TCGA_b84_115_SNP_N_GenomeWideSNP_6_C09_771624	2	125878884	125884430	2	-0.9715
DUNGS_p_TCGA_b84_115_SNP_N_GenomeWideSNP_6_C09_771624	2	125884687	159418942	20307	0.0043
DUNGS_p_TCGA_b84_115_SNP_N_GenomeWideSNP_6_C09_771624	2	159421882	159434736	5	-0.6915
DUNGS_p_TCGA_b84_115_SNP_N_GenomeWideSNP_6_C09_771624	2	159438339	242135208	51345	0.0064
DUNGS_p_TCGA_b84_115_SNP_N_GenomeWideSNP_6_C09_771624	2	242135367	242135485	2	-1.1049
DUNGS_p_TCGA_b84_115_SNP_N_GenomeWideSNP_6_C09_771624	2	242144065	242738129	194	0.0491
DUNGS_p_TCGA_b84_115_SNP_N_GenomeWideSNP_6_C09_771624	3	35345	6617993	5846	0.0273
DUNGS_p_TCGA_b84_115_SNP_N_GenomeWideSNP_6_C09_771624	3	6618507	6628332	27	0.3339
DUNGS_p_TCGA_b84_115_SNP_N_GenomeWideSNP_6_C09_771624	3	6630078	20282794	9447	0.0039
DUNGS_p_TCGA_b84_115_SNP_N_GenomeWideSNP_6_C09_771624	3	20288129	20291087	3	-0.7879
DUNGS_p_TCGA_b84_115_SNP_N_GenomeWideSNP_6_C09_771624	3	20303085	25371081	3784	0.0182
DUNGS_p_TCGA_b84_115_SNP_N_GenomeWideSNP_6_C09_771624	3	25371764	25371969	3	-1.1225
DUNGS_p_TCGA_b84_115_SNP_N_GenomeWideSNP_6_C09_771624	3	25373179	26586501	969	0.0208
DUNGS_p_TCGA_b84_115_SNP_N_GenomeWideSNP_6_C09_771624	3	26586611	26590953	23	-0.8789
DUNGS_p_TCGA_b84_115_SNP_N_GenomeWideSNP_6_C09_771624	3	26590974	68828854	27805	0.0054
DUNGS_p_TCGA_b84_115_SNP_N_GenomeWideSNP_6_C09_771624	3	68828949	68830103	14	1.0443
DUNGS_p_TCGA_b84_115_SNP_N_GenomeWideSNP_6_C09_771624	3	68831448	70623373	1424	-0.0018
DUNGS_p_TCGA_b84_115_SNP_N_GenomeWideSNP_6_C09_771624	3	70625161	70650043	20	0.3127
DUNGS_p_TCGA_b84_115_SNP_N_GenomeWideSNP_6_C09_771624	3	70650523	75651239	3499	0.0037
DUNGS_p_TCGA_b84_115_SNP_N_GenomeWideSNP_6_C09_771624	3	75655239	75691329	9	0.5048
DUNGS_p_TCGA_b84_115_SNP_N_GenomeWideSNP_6_C09_771624	3	75695864	87866391	6764	0.0074
DUNGS_p_TCGA_b84_115_SNP_N_GenomeWideSNP_6_C09_771624	3	87866666	87866863	2	-1.3992
DUNGS_p_TCGA_b84_115_SNP_N_GenomeWideSNP_6_C09_771624	3	87868208	89469791	958	0.0116
DUNGS_p_TCGA_b84_115_SNP_N_GenomeWideSNP_6_C09_771624	3	89477282	89477416	7	-0.645
DUNGS_p_TCGA_b84_115_SNP_N_GenomeWideSNP_6_C09_771624	3	89477432	89489635	7	0.1537
DUNGS_p_TCGA_b84_115_SNP_N_GenomeWideSNP_6_C09_771624	3	89489715	89502071	37	-0.7801
DUNGS_p_TCGA_b84_115_SNP_N_GenomeWideSNP_6_C09_771624	3	89502611	100427288	3251	0.0067
DUNGS_p_TCGA_b84_115_SNP_N_GenomeWideSNP_6_C09_771624	3	100427309	100432111	33	-0.5384
DUNGS_p_TCGA_b84_115_SNP_N_GenomeWideSNP_6_C09_771624	3	100433654	126918927	16279	0.0065
DUNGS_p_TCGA_b84_115_SNP_N_GenomeWideSNP_6_C09_771624	3	126926298	126941452	10	0.9744
DUNGS_p_TCGA_b84_115_SNP_N_GenomeWideSNP_6_C09_771624	3	126945019	131245549	2473	0.0053
DUNGS_p_TCGA_b84_115_SNP_N_GenomeWideSNP_6_C09_771624	3	131246388	131277494	43	0.5814
DUNGS_p_TCGA_b84_115_SNP_N_GenomeWideSNP_6_C09_771624	3	131277660	164197211	20460	0.0091
DUNGS_p_TCGA_b84_115_SNP_N_GenomeWideSNP_6_C09_771624	3	164200421	164202256	2	1.5929
DUNGS_p_TCGA_b84_115_SNP_N_GenomeWideSNP_6_C09_771624	3	164208853	166542068	1270	0.0125
DUNGS_p_TCGA_b84_115_SNP_N_GenomeWideSNP_6_C09_771624	3	166542079	166545107	10	0.4363
DUNGS_p_TCGA_b84_115_SNP_N_GenomeWideSNP_6_C09_771624	3	166545146	178203488	7397	0.0221
DUNGS_p_TCGA_b84_115_SNP_N_GenomeWideSNP_6_C09_771624	3	178203906	178209405	3	-0.911
DUNGS_p_TCGA_b84_115_SNP_N_GenomeWideSNP_6_C09_771624	3	178212668	187888832	5712	0.0067
DUNGS_p_TCGA_b84_115_SNP_N_GenomeWideSNP_6_C09_771624	3	187895555	187900465	11	-0.9289
DUNGS_p_TCGA_b84_115_SNP_N_GenomeWideSNP_6_C09_771624	3	187904564	189413207	1197	0.0025
DUNGS_p_TCGA_b84_115_SNP_N_GenomeWideSNP_6_C09_771624	3	189414346	189416055	2	-0.9786
DUNGS_p_TCGA_b84_115_SNP_N_GenomeWideSNP_6_C09_771624	3	189417543	194360596	3535	0.0044
DUNGS_p_TCGA_b84_115_SNP_N_GenomeWideSNP_6_C09_771624	3	194360656	194365597	19	-1.2182
DUNGS_p_TCGA_b84_115_SNP_N_GenomeWideSNP_6_C09_771624	3	194369129	195056625	465	-0.0046
DUNGS_p_TCGA_b84_115_SNP_N_GenomeWideSNP_6_C09_771624	3	195061655	195063080	4	-0.8793
DUNGS_p_TCGA_b84_115_SNP_N_GenomeWideSNP_6_C09_771624	3	195063953	199322975	2219	0.0327
DUNGS_p_TCGA_b84_115_SNP_N_GenomeWideSNP_6_C09_771624	3	199329613	199380515	20	-0.287
DUNGS_p_TCGA_b84_115_SNP_N_GenomeWideSNP_6_C09_771624	4	2281	56719	58	0.2934
DUNGS_p_TCGA_b84_115_SNP_N_GenomeWideSNP_6_C09_771624	4	58821	2715306	1028	0.0279
DUNGS_p_TCGA_b84_115_SNP_N_GenomeWideSNP_6_C09_771624	4	2715532	2718461	2	-1.0613
DUNGS_p_TCGA_b84_115_SNP_N_GenomeWideSNP_6_C09_771624	4	2718807	3569248	424	-0.0085
DUNGS_p_TCGA_b84_115_SNP_N_GenomeWideSNP_6_C09_771624	4	3569667	3571982	2	-2.1539
DUNGS_p_TCGA_b84_115_SNP_N_GenomeWideSNP_6_C09_771624	4	3579188	6455287	2068	-0.0073
DUNGS_p_TCGA_b84_115_SNP_N_GenomeWideSNP_6_C09_771624	4	6455432	6455615	2	-1.4674
DUNGS_p_TCGA_b84_115_SNP_N_GenomeWideSNP_6_C09_771624	4	6455675	9066075	1670	0.0072
DUNGS_p_TCGA_b84_115_SNP_N_GenomeWideSNP_6_C09_771624	4	9070328	9074070	3	-1.1881
DUNGS_p_TCGA_b84_115_SNP_N_GenomeWideSNP_6_C09_771624	4	9079832	9819488	552	-0.0012
DUNGS_p_TCGA_b84_115_SNP_N_GenomeWideSNP_6_C09_771624	4	9823258	9843364	31	1.3293
DUNGS_p_TCGA_b84_115_SNP_N_GenomeWideSNP_6_C09_771624	4	9843706	9844366	5	0.5226
DUNGS_p_TCGA_b84_115_SNP_N_GenomeWideSNP_6_C09_771624	4	9845240	9999813	171	-0.0191
DUNGS_p_TCGA_b84_115_SNP_N_GenomeWideSNP_6_C09_771624	4	10001452	10009766	16	-2.4987
DUNGS_p_TCGA_b84_115_SNP_N_GenomeWideSNP_6_C09_771624	4	10011816	11987984	1611	0.0069
DUNGS_p_TCGA_b84_115_SNP_N_GenomeWideSNP_6_C09_771624	4	11988030	11988353	5	0.5799
DUNGS_p_TCGA_b84_115_SNP_N_GenomeWideSNP_6_C09_771624	4	11988416	22320054	7425	0.0054
DUNGS_p_TCGA_b84_115_SNP_N_GenomeWideSNP_6_C09_771624	4	22320167	22320176	2	-1.0433
DUNGS_p_TCGA_b84_115_SNP_N_GenomeWideSNP_6_C09_771624	4	22324128	32110027	6478	0.0035
DUNGS_p_TCGA_b84_115_SNP_N_GenomeWideSNP_6_C09_771624	4	32111086	32150017	24	0.2741
DUNGS_p_TCGA_b84_115_SNP_N_GenomeWideSNP_6_C09_771624	4	32152431	34455370	1271	0.0028
DUNGS_p_TCGA_b84_115_SNP_N_GenomeWideSNP_6_C09_771624	4	34455399	34501120	42	0.7149
DUNGS_p_TCGA_b84_115_SNP_N_GenomeWideSNP_6_C09_771624	4	34506267	35690807	778	0.0178
DUNGS_p_TCGA_b84_115_SNP_N_GenomeWideSNP_6_C09_771624	4	35691376	35693913	5	-0.5881
DUNGS_p_TCGA_b84_115_SNP_N_GenomeWideSNP_6_C09_771624	4	35693929	60001733	13298	0.0118
DUNGS_p_TCGA_b84_115_SNP_N_GenomeWideSNP_6_C09_771624	4	60002365	60013040	7	0.7574
DUNGS_p_TCGA_b84_115_SNP_N_GenomeWideSNP_6_C09_771624	4	60014130	61619533	1015	0.0082
DUNGS_p_TCGA_b84_115_SNP_N_GenomeWideSNP_6_C09_771624	4	61623530	61624547	2	1.3663
DUNGS_p_TCGA_b84_115_SNP_N_GenomeWideSNP_6_C09_771624	4	61628281	63350429	939	0.0193
DUNGS_p_TCGA_b84_115_SNP_N_GenomeWideSNP_6_C09_771624	4	63352531	63354182	7	-0.5457
DUNGS_p_TCGA_b84_115_SNP_N_GenomeWideSNP_6_C09_771624	4	63354257	64388380	578	0.0276
DUNGS_p_TCGA_b84_115_SNP_N_GenomeWideSNP_6_C09_771624	4	64390176	64390724	5	0.7144
DUNGS_p_TCGA_b84_115_SNP_N_GenomeWideSNP_6_C09_771624	4	64390803	68909443	2859	0.0143
DUNGS_p_TCGA_b84_115_SNP_N_GenomeWideSNP_6_C09_771624	4	68927029	68970737	11	-1.0265
DUNGS_p_TCGA_b84_115_SNP_N_GenomeWideSNP_6_C09_771624	4	68977394	69054598	12	0.1633
DUNGS_p_TCGA_b84_115_SNP_N_GenomeWideSNP_6_C09_771624	4	69057536	69187710	67	0.7437
DUNGS_p_TCGA_b84_115_SNP_N_GenomeWideSNP_6_C09_771624	4	69188929	70162241	332	0.0613
DUNGS_p_TCGA_b84_115_SNP_N_GenomeWideSNP_6_C09_771624	4	70163001	70261488	47	0.3108
DUNGS_p_TCGA_b84_115_SNP_N_GenomeWideSNP_6_C09_771624	4	70263213	84132406	8503	0.0068
DUNGS_p_TCGA_b84_115_SNP_N_GenomeWideSNP_6_C09_771624	4	84133755	84136490	3	-1.0282
DUNGS_p_TCGA_b84_115_SNP_N_GenomeWideSNP_6_C09_771624	4	84146013	86329554	1322	-0.0069
DUNGS_p_TCGA_b84_115_SNP_N_GenomeWideSNP_6_C09_771624	4	86329898	86343056	6	0.6757
DUNGS_p_TCGA_b84_115_SNP_N_GenomeWideSNP_6_C09_771624	4	86343943	87194247	631	0.0102
DUNGS_p_TCGA_b84_115_SNP_N_GenomeWideSNP_6_C09_771624	4	87195118	87198968	20	-0.573
DUNGS_p_TCGA_b84_115_SNP_N_GenomeWideSNP_6_C09_771624	4	87199113	88989253	1094	0.0159
DUNGS_p_TCGA_b84_115_SNP_N_GenomeWideSNP_6_C09_771624	4	88989318	88989424	4	0.6936
DUNGS_p_TCGA_b84_115_SNP_N_GenomeWideSNP_6_C09_771624	4	88989583	92494780	2175	0.0042
DUNGS_p_TCGA_b84_115_SNP_N_GenomeWideSNP_6_C09_771624	4	92501920	92502794	2	-1.1101
DUNGS_p_TCGA_b84_115_SNP_N_GenomeWideSNP_6_C09_771624	4	92505247	112525864	11779	0.0101
DUNGS_p_TCGA_b84_115_SNP_N_GenomeWideSNP_6_C09_771624	4	112526500	112526529	3	-0.8053
DUNGS_p_TCGA_b84_115_SNP_N_GenomeWideSNP_6_C09_771624	4	112526806	135231279	13446	0.0109
DUNGS_p_TCGA_b84_115_SNP_N_GenomeWideSNP_6_C09_771624	4	135231543	135341051	44	0.2247
DUNGS_p_TCGA_b84_115_SNP_N_GenomeWideSNP_6_C09_771624	4	135346155	140505531	3220	0.0087
DUNGS_p_TCGA_b84_115_SNP_N_GenomeWideSNP_6_C09_771624	4	140505945	140511936	4	0.7299
DUNGS_p_TCGA_b84_115_SNP_N_GenomeWideSNP_6_C09_771624	4	140514839	140817780	185	0.0214
DUNGS_p_TCGA_b84_115_SNP_N_GenomeWideSNP_6_C09_771624	4	140818503	140819887	4	-0.6901
DUNGS_p_TCGA_b84_115_SNP_N_GenomeWideSNP_6_C09_771624	4	140821241	157521189	10187	0.0081
DUNGS_p_TCGA_b84_115_SNP_N_GenomeWideSNP_6_C09_771624	4	157524827	157525372	13	-0.6196
DUNGS_p_TCGA_b84_115_SNP_N_GenomeWideSNP_6_C09_771624	4	157527491	161287453	2235	0.0028
DUNGS_p_TCGA_b84_115_SNP_N_GenomeWideSNP_6_C09_771624	4	161287533	161290217	8	0.4193
DUNGS_p_TCGA_b84_115_SNP_N_GenomeWideSNP_6_C09_771624	4	161290239	162093186	589	0.001
DUNGS_p_TCGA_b84_115_SNP_N_GenomeWideSNP_6_C09_771624	4	162093296	162104369	28	0.2345
DUNGS_p_TCGA_b84_115_SNP_N_GenomeWideSNP_6_C09_771624	4	162104408	162787730	501	0.043
DUNGS_p_TCGA_b84_115_SNP_N_GenomeWideSNP_6_C09_771624	4	162789959	162830463	18	0.2842
DUNGS_p_TCGA_b84_115_SNP_N_GenomeWideSNP_6_C09_771624	4	162831352	169891057	4492	0.0062
DUNGS_p_TCGA_b84_115_SNP_N_GenomeWideSNP_6_C09_771624	4	169893231	169893872	3	-1.0507
DUNGS_p_TCGA_b84_115_SNP_N_GenomeWideSNP_6_C09_771624	4	169894148	189458252	13046	0.0137
DUNGS_p_TCGA_b84_115_SNP_N_GenomeWideSNP_6_C09_771624	4	189458354	189458418	3	1.8178
DUNGS_p_TCGA_b84_115_SNP_N_GenomeWideSNP_6_C09_771624	4	189458433	190426037	789	0.0455
DUNGS_p_TCGA_b84_115_SNP_N_GenomeWideSNP_6_C09_771624	4	190432112	190436258	4	-3.1748
DUNGS_p_TCGA_b84_115_SNP_N_GenomeWideSNP_6_C09_771624	4	190436765	191261904	386	0.0466
DUNGS_p_TCGA_b84_115_SNP_N_GenomeWideSNP_6_C09_771624	5	68532	854765	346	0.0216
DUNGS_p_TCGA_b84_115_SNP_N_GenomeWideSNP_6_C09_771624	5	859141	871541	8	-0.5097
DUNGS_p_TCGA_b84_115_SNP_N_GenomeWideSNP_6_C09_771624	5	871755	12853889	9878	0.0101
DUNGS_p_TCGA_b84_115_SNP_N_GenomeWideSNP_6_C09_771624	5	12868780	12891533	14	-0.3438
DUNGS_p_TCGA_b84_115_SNP_N_GenomeWideSNP_6_C09_771624	5	12902201	16178128	2230	0.0215
DUNGS_p_TCGA_b84_115_SNP_N_GenomeWideSNP_6_C09_771624	5	16178176	16178214	2	-0.9358
DUNGS_p_TCGA_b84_115_SNP_N_GenomeWideSNP_6_C09_771624	5	16180544	17566410	951	0.014
DUNGS_p_TCGA_b84_115_SNP_N_GenomeWideSNP_6_C09_771624	5	17568801	17651360	14	-0.8244
DUNGS_p_TCGA_b84_115_SNP_N_GenomeWideSNP_6_C09_771624	5	17658073	18477989	554	0.0206
DUNGS_p_TCGA_b84_115_SNP_N_GenomeWideSNP_6_C09_771624	5	18478709	18489767	5	-0.6077
DUNGS_p_TCGA_b84_115_SNP_N_GenomeWideSNP_6_C09_771624	5	18494307	20472958	1176	0.0247
DUNGS_p_TCGA_b84_115_SNP_N_GenomeWideSNP_6_C09_771624	5	20473002	20487482	33	0.2564
DUNGS_p_TCGA_b84_115_SNP_N_GenomeWideSNP_6_C09_771624	5	20490898	21485033	579	0.0123
DUNGS_p_TCGA_b84_115_SNP_N_GenomeWideSNP_6_C09_771624	5	21486957	21488195	5	0.9313
DUNGS_p_TCGA_b84_115_SNP_N_GenomeWideSNP_6_C09_771624	5	21488253	24595981	1778	0.0082
DUNGS_p_TCGA_b84_115_SNP_N_GenomeWideSNP_6_C09_771624	5	24595991	24608018	7	0.496
DUNGS_p_TCGA_b84_115_SNP_N_GenomeWideSNP_6_C09_771624	5	24608165	26012019	879	0.0452
DUNGS_p_TCGA_b84_115_SNP_N_GenomeWideSNP_6_C09_771624	5	26015193	26023601	4	0.6847
DUNGS_p_TCGA_b84_115_SNP_N_GenomeWideSNP_6_C09_771624	5	26023652	26825114	491	0.0164
DUNGS_p_TCGA_b84_115_SNP_N_GenomeWideSNP_6_C09_771624	5	26825238	26839641	5	0.6969
DUNGS_p_TCGA_b84_115_SNP_N_GenomeWideSNP_6_C09_771624	5	26843556	39844389	8569	0.0108
DUNGS_p_TCGA_b84_115_SNP_N_GenomeWideSNP_6_C09_771624	5	39844711	39844726	2	-2.3341
DUNGS_p_TCGA_b84_115_SNP_N_GenomeWideSNP_6_C09_771624	5	39844742	57357403	8399	0.021
DUNGS_p_TCGA_b84_115_SNP_N_GenomeWideSNP_6_C09_771624	5	57361784	57369290	32	1.2126
DUNGS_p_TCGA_b84_115_SNP_N_GenomeWideSNP_6_C09_771624	5	57374114	61609129	2839	0.0184
DUNGS_p_TCGA_b84_115_SNP_N_GenomeWideSNP_6_C09_771624	5	61610748	61618486	5	-0.7172
DUNGS_p_TCGA_b84_115_SNP_N_GenomeWideSNP_6_C09_771624	5	61629034	68882059	4464	0.0183
DUNGS_p_TCGA_b84_115_SNP_N_GenomeWideSNP_6_C09_771624	5	68903050	69110733	2	-2.1371
DUNGS_p_TCGA_b84_115_SNP_N_GenomeWideSNP_6_C09_771624	5	69110747	97510885	15898	0.0152
DUNGS_p_TCGA_b84_115_SNP_N_GenomeWideSNP_6_C09_771624	5	97512764	97512981	4	1.1912
DUNGS_p_TCGA_b84_115_SNP_N_GenomeWideSNP_6_C09_771624	5	97517812	103888380	3681	0.0239
DUNGS_p_TCGA_b84_115_SNP_N_GenomeWideSNP_6_C09_771624	5	103888447	103888503	2	1.3087
DUNGS_p_TCGA_b84_115_SNP_N_GenomeWideSNP_6_C09_771624	5	103888948	151494364	30834	0.0154
DUNGS_p_TCGA_b84_115_SNP_N_GenomeWideSNP_6_C09_771624	5	151495579	151498544	14	-0.8963
DUNGS_p_TCGA_b84_115_SNP_N_GenomeWideSNP_6_C09_771624	5	151500464	155407682	2664	0.0112
DUNGS_p_TCGA_b84_115_SNP_N_GenomeWideSNP_6_C09_771624	5	155407683	155412691	6	-0.9052
DUNGS_p_TCGA_b84_115_SNP_N_GenomeWideSNP_6_C09_771624	5	155414527	157073671	1120	0.0181
DUNGS_p_TCGA_b84_115_SNP_N_GenomeWideSNP_6_C09_771624	5	157074864	157075829	2	-0.946
DUNGS_p_TCGA_b84_115_SNP_N_GenomeWideSNP_6_C09_771624	5	157076099	157461805	287	0.0184
DUNGS_p_TCGA_b84_115_SNP_N_GenomeWideSNP_6_C09_771624	5	157461942	157462822	2	1.1525
DUNGS_p_TCGA_b84_115_SNP_N_GenomeWideSNP_6_C09_771624	5	157466012	175306114	12694	0.0137
DUNGS_p_TCGA_b84_115_SNP_N_GenomeWideSNP_6_C09_771624	5	175320152	175496740	27	0.2855
DUNGS_p_TCGA_b84_115_SNP_N_GenomeWideSNP_6_C09_771624	5	175496898	177098746	714	-0.0053
DUNGS_p_TCGA_b84_115_SNP_N_GenomeWideSNP_6_C09_771624	5	177100569	177165211	6	-0.8318
DUNGS_p_TCGA_b84_115_SNP_N_GenomeWideSNP_6_C09_771624	5	177187571	178036292	446	0.0173
DUNGS_p_TCGA_b84_115_SNP_N_GenomeWideSNP_6_C09_771624	5	178040296	178045769	5	-0.5966
DUNGS_p_TCGA_b84_115_SNP_N_GenomeWideSNP_6_C09_771624	5	178051461	180307129	1363	0.0204
DUNGS_p_TCGA_b84_115_SNP_N_GenomeWideSNP_6_C09_771624	5	180311316	180350709	19	-2.1565
DUNGS_p_TCGA_b84_115_SNP_N_GenomeWideSNP_6_C09_771624	5	180365831	180722926	171	0.0135
DUNGS_p_TCGA_b84_115_SNP_N_GenomeWideSNP_6_C09_771624	6	94661	248017	126	0.0379
DUNGS_p_TCGA_b84_115_SNP_N_GenomeWideSNP_6_C09_771624	6	248121	330784	84	-0.2632
DUNGS_p_TCGA_b84_115_SNP_N_GenomeWideSNP_6_C09_771624	6	332532	9103624	7200	0.0079
DUNGS_p_TCGA_b84_115_SNP_N_GenomeWideSNP_6_C09_771624	6	9119775	9122876	2	-1.6395
DUNGS_p_TCGA_b84_115_SNP_N_GenomeWideSNP_6_C09_771624	6	9141797	19148098	7403	0.0048
DUNGS_p_TCGA_b84_115_SNP_N_GenomeWideSNP_6_C09_771624	6	19150160	19150797	3	-0.8512
DUNGS_p_TCGA_b84_115_SNP_N_GenomeWideSNP_6_C09_771624	6	19152681	29944682	6947	0.0111
DUNGS_p_TCGA_b84_115_SNP_N_GenomeWideSNP_6_C09_771624	6	29944720	30016448	40	0.3662
DUNGS_p_TCGA_b84_115_SNP_N_GenomeWideSNP_6_C09_771624	6	30022199	32732282	1232	0.0028
DUNGS_p_TCGA_b84_115_SNP_N_GenomeWideSNP_6_C09_771624	6	32732569	32733915	4	-1.212
DUNGS_p_TCGA_b84_115_SNP_N_GenomeWideSNP_6_C09_771624	6	32734596	32798005	46	0.0396
DUNGS_p_TCGA_b84_115_SNP_N_GenomeWideSNP_6_C09_771624	6	32798775	32798790	2	-1.1612
DUNGS_p_TCGA_b84_115_SNP_N_GenomeWideSNP_6_C09_771624	6	32798808	54039189	13712	0.003
DUNGS_p_TCGA_b84_115_SNP_N_GenomeWideSNP_6_C09_771624	6	54039234	54039814	5	-1.7415
DUNGS_p_TCGA_b84_115_SNP_N_GenomeWideSNP_6_C09_771624	6	54043307	67094767	5501	0.0159
DUNGS_p_TCGA_b84_115_SNP_N_GenomeWideSNP_6_C09_771624	6	67097634	67099913	7	0.8003
DUNGS_p_TCGA_b84_115_SNP_N_GenomeWideSNP_6_C09_771624	6	67099956	72919646	3932	0.0036
DUNGS_p_TCGA_b84_115_SNP_N_GenomeWideSNP_6_C09_771624	6	72923245	72923593	2	1.153
DUNGS_p_TCGA_b84_115_SNP_N_GenomeWideSNP_6_C09_771624	6	72925284	74648586	1089	-0.0044
DUNGS_p_TCGA_b84_115_SNP_N_GenomeWideSNP_6_C09_771624	6	74648953	74658138	10	0.8869
DUNGS_p_TCGA_b84_115_SNP_N_GenomeWideSNP_6_C09_771624	6	74660283	77478211	1762	0.0035
DUNGS_p_TCGA_b84_115_SNP_N_GenomeWideSNP_6_C09_771624	6	77479216	77509408	29	-0.3813
DUNGS_p_TCGA_b84_115_SNP_N_GenomeWideSNP_6_C09_771624	6	77509476	79019608	981	0.0029
DUNGS_p_TCGA_b84_115_SNP_N_GenomeWideSNP_6_C09_771624	6	79025784	79028553	7	-2.3448
DUNGS_p_TCGA_b84_115_SNP_N_GenomeWideSNP_6_C09_771624	6	79028807	79029495	7	-4.2355
DUNGS_p_TCGA_b84_115_SNP_N_GenomeWideSNP_6_C09_771624	6	79029515	79076427	57	-2.2209
DUNGS_p_TCGA_b84_115_SNP_N_GenomeWideSNP_6_C09_771624	6	79076472	79077818	5	-3.8387
DUNGS_p_TCGA_b84_115_SNP_N_GenomeWideSNP_6_C09_771624	6	79077872	79091904	37	-2.0648
DUNGS_p_TCGA_b84_115_SNP_N_GenomeWideSNP_6_C09_771624	6	79095953	98754956	12350	0.0065
DUNGS_p_TCGA_b84_115_SNP_N_GenomeWideSNP_6_C09_771624	6	98758931	98759316	2	-1.3327
DUNGS_p_TCGA_b84_115_SNP_N_GenomeWideSNP_6_C09_771624	6	98761783	103841509	3151	0.0057
DUNGS_p_TCGA_b84_115_SNP_N_GenomeWideSNP_6_C09_771624	6	103841518	103868754	48	0.6376
DUNGS_p_TCGA_b84_115_SNP_N_GenomeWideSNP_6_C09_771624	6	103872163	114328648	6683	0.0052
DUNGS_p_TCGA_b84_115_SNP_N_GenomeWideSNP_6_C09_771624	6	114331534	114331709	2	1.0738
DUNGS_p_TCGA_b84_115_SNP_N_GenomeWideSNP_6_C09_771624	6	114332504	159991834	29637	0.0055
DUNGS_p_TCGA_b84_115_SNP_N_GenomeWideSNP_6_C09_771624	6	159994408	159994435	2	-1.1197
DUNGS_p_TCGA_b84_115_SNP_N_GenomeWideSNP_6_C09_771624	6	159995693	170892930	7960	0.0094
DUNGS_p_TCGA_b84_115_SNP_N_GenomeWideSNP_6_C09_771624	7	52911	5931979	3087	-4e-04
DUNGS_p_TCGA_b84_115_SNP_N_GenomeWideSNP_6_C09_771624	7	5933681	5952986	4	-0.7261
DUNGS_p_TCGA_b84_115_SNP_N_GenomeWideSNP_6_C09_771624	7	5966103	11571540	4223	0.0218
DUNGS_p_TCGA_b84_115_SNP_N_GenomeWideSNP_6_C09_771624	7	11571823	11572033	3	-0.6774
DUNGS_p_TCGA_b84_115_SNP_N_GenomeWideSNP_6_C09_771624	7	11572357	12098488	489	0.0183
DUNGS_p_TCGA_b84_115_SNP_N_GenomeWideSNP_6_C09_771624	7	12098942	12220043	108	0.5789
DUNGS_p_TCGA_b84_115_SNP_N_GenomeWideSNP_6_C09_771624	7	12221464	15193584	2363	0.0146
DUNGS_p_TCGA_b84_115_SNP_N_GenomeWideSNP_6_C09_771624	7	15196507	15197256	3	-1.6091
DUNGS_p_TCGA_b84_115_SNP_N_GenomeWideSNP_6_C09_771624	7	15201033	54353999	28337	0.0048
DUNGS_p_TCGA_b84_115_SNP_N_GenomeWideSNP_6_C09_771624	7	54354003	54354011	5	1.7656
DUNGS_p_TCGA_b84_115_SNP_N_GenomeWideSNP_6_C09_771624	7	54360982	75991284	8494	0.0034
DUNGS_p_TCGA_b84_115_SNP_N_GenomeWideSNP_6_C09_771624	7	75991299	75999233	3	-1.27
DUNGS_p_TCGA_b84_115_SNP_N_GenomeWideSNP_6_C09_771624	7	75999244	85631061	6384	0.0091
DUNGS_p_TCGA_b84_115_SNP_N_GenomeWideSNP_6_C09_771624	7	85631613	85638808	3	-0.7798
DUNGS_p_TCGA_b84_115_SNP_N_GenomeWideSNP_6_C09_771624	7	85640083	86770701	665	0.0121
DUNGS_p_TCGA_b84_115_SNP_N_GenomeWideSNP_6_C09_771624	7	86778739	86784824	3	-0.8387
DUNGS_p_TCGA_b84_115_SNP_N_GenomeWideSNP_6_C09_771624	7	86786163	89357575	1546	0.0266
DUNGS_p_TCGA_b84_115_SNP_N_GenomeWideSNP_6_C09_771624	7	89359744	89362785	3	-0.8119
DUNGS_p_TCGA_b84_115_SNP_N_GenomeWideSNP_6_C09_771624	7	89370015	100867643	6652	0.0041
DUNGS_p_TCGA_b84_115_SNP_N_GenomeWideSNP_6_C09_771624	7	100868518	100868706	2	-1.4268
DUNGS_p_TCGA_b84_115_SNP_N_GenomeWideSNP_6_C09_771624	7	100872978	109221034	5072	0.0073
DUNGS_p_TCGA_b84_115_SNP_N_GenomeWideSNP_6_C09_771624	7	109224328	109228480	25	-0.6744
DUNGS_p_TCGA_b84_115_SNP_N_GenomeWideSNP_6_C09_771624	7	109228865	109241146	10	-2.6942
DUNGS_p_TCGA_b84_115_SNP_N_GenomeWideSNP_6_C09_771624	7	109241218	109256906	21	0.2527
DUNGS_p_TCGA_b84_115_SNP_N_GenomeWideSNP_6_C09_771624	7	109257076	141409593	19985	0.005
DUNGS_p_TCGA_b84_115_SNP_N_GenomeWideSNP_6_C09_771624	7	141416112	141438576	42	-0.6856
DUNGS_p_TCGA_b84_115_SNP_N_GenomeWideSNP_6_C09_771624	7	141441750	142154515	451	0.008
DUNGS_p_TCGA_b84_115_SNP_N_GenomeWideSNP_6_C09_771624	7	142156294	142165914	29	-0.2975
DUNGS_p_TCGA_b84_115_SNP_N_GenomeWideSNP_6_C09_771624	7	142176424	143535212	840	0.0213
DUNGS_p_TCGA_b84_115_SNP_N_GenomeWideSNP_6_C09_771624	7	143540168	143540378	3	-1.8747
DUNGS_p_TCGA_b84_115_SNP_N_GenomeWideSNP_6_C09_771624	7	143542557	143697880	39	0.632
DUNGS_p_TCGA_b84_115_SNP_N_GenomeWideSNP_6_C09_771624	7	143705862	144025384	225	-0.0057
DUNGS_p_TCGA_b84_115_SNP_N_GenomeWideSNP_6_C09_771624	7	144028916	144029664	2	-0.8736
DUNGS_p_TCGA_b84_115_SNP_N_GenomeWideSNP_6_C09_771624	7	144039089	144394156	230	0.0155
DUNGS_p_TCGA_b84_115_SNP_N_GenomeWideSNP_6_C09_771624	7	144394475	144401736	3	0.7524
DUNGS_p_TCGA_b84_115_SNP_N_GenomeWideSNP_6_C09_771624	7	144401898	149420407	3138	0.0025
DUNGS_p_TCGA_b84_115_SNP_N_GenomeWideSNP_6_C09_771624	7	149425988	149437009	6	-0.757
DUNGS_p_TCGA_b84_115_SNP_N_GenomeWideSNP_6_C09_771624	7	149440955	149918110	258	0.0163
DUNGS_p_TCGA_b84_115_SNP_N_GenomeWideSNP_6_C09_771624	7	149919764	149931800	4	-0.7812
DUNGS_p_TCGA_b84_115_SNP_N_GenomeWideSNP_6_C09_771624	7	149931877	150005173	61	-0.0254
DUNGS_p_TCGA_b84_115_SNP_N_GenomeWideSNP_6_C09_771624	7	150005348	150011964	5	-0.6381
DUNGS_p_TCGA_b84_115_SNP_N_GenomeWideSNP_6_C09_771624	7	150012289	152778571	1655	0.0045
DUNGS_p_TCGA_b84_115_SNP_N_GenomeWideSNP_6_C09_771624	7	152778578	152778645	2	-2.7313
DUNGS_p_TCGA_b84_115_SNP_N_GenomeWideSNP_6_C09_771624	7	152778648	154020828	864	0.0213
DUNGS_p_TCGA_b84_115_SNP_N_GenomeWideSNP_6_C09_771624	7	154024104	154030546	4	0.858
DUNGS_p_TCGA_b84_115_SNP_N_GenomeWideSNP_6_C09_771624	7	154031763	158648000	3136	0.0064
DUNGS_p_TCGA_b84_115_SNP_N_GenomeWideSNP_6_C09_771624	7	158650695	158652131	2	-1.2864
DUNGS_p_TCGA_b84_115_SNP_N_GenomeWideSNP_6_C09_771624	7	158657808	158819765	109	0.0131
DUNGS_p_TCGA_b84_115_SNP_N_GenomeWideSNP_6_C09_771624	8	21254	583041	327	0.0297
DUNGS_p_TCGA_b84_115_SNP_N_GenomeWideSNP_6_C09_771624	8	584944	585892	9	-0.4644
DUNGS_p_TCGA_b84_115_SNP_N_GenomeWideSNP_6_C09_771624	8	585908	1808923	910	0.0127
DUNGS_p_TCGA_b84_115_SNP_N_GenomeWideSNP_6_C09_771624	8	1809846	1810307	2	-1.0994
DUNGS_p_TCGA_b84_115_SNP_N_GenomeWideSNP_6_C09_771624	8	1811066	3984952	2538	0.0067
DUNGS_p_TCGA_b84_115_SNP_N_GenomeWideSNP_6_C09_771624	8	3984967	3989724	10	-0.9064
DUNGS_p_TCGA_b84_115_SNP_N_GenomeWideSNP_6_C09_771624	8	3990061	3990713	10	0.1433
DUNGS_p_TCGA_b84_115_SNP_N_GenomeWideSNP_6_C09_771624	8	3990871	3990886	2	-2.7575
DUNGS_p_TCGA_b84_115_SNP_N_GenomeWideSNP_6_C09_771624	8	3990969	7259591	4063	0.0159
DUNGS_p_TCGA_b84_115_SNP_N_GenomeWideSNP_6_C09_771624	8	7259650	7825372	138	-0.2263
DUNGS_p_TCGA_b84_115_SNP_N_GenomeWideSNP_6_C09_771624	8	7836168	8015379	46	0.0448
DUNGS_p_TCGA_b84_115_SNP_N_GenomeWideSNP_6_C09_771624	8	8015420	8055342	18	-0.3756
DUNGS_p_TCGA_b84_115_SNP_N_GenomeWideSNP_6_C09_771624	8	8055446	11986960	3237	-6e-04
DUNGS_p_TCGA_b84_115_SNP_N_GenomeWideSNP_6_C09_771624	8	12025135	12037718	5	0.7021
DUNGS_p_TCGA_b84_115_SNP_N_GenomeWideSNP_6_C09_771624	8	12038532	12260380	11	-0.0614
DUNGS_p_TCGA_b84_115_SNP_N_GenomeWideSNP_6_C09_771624	8	12261219	12291857	39	-1.5242
DUNGS_p_TCGA_b84_115_SNP_N_GenomeWideSNP_6_C09_771624	8	12305298	12447535	47	-0.3041
DUNGS_p_TCGA_b84_115_SNP_N_GenomeWideSNP_6_C09_771624	8	12456949	15822286	3131	0.0095
DUNGS_p_TCGA_b84_115_SNP_N_GenomeWideSNP_6_C09_771624	8	15824234	15831260	6	-0.9304
DUNGS_p_TCGA_b84_115_SNP_N_GenomeWideSNP_6_C09_771624	8	15832640	24200953	6663	0.0092
DUNGS_p_TCGA_b84_115_SNP_N_GenomeWideSNP_6_C09_771624	8	24201375	24207011	4	-0.7708
DUNGS_p_TCGA_b84_115_SNP_N_GenomeWideSNP_6_C09_771624	8	24207453	25031417	654	-0.0139
DUNGS_p_TCGA_b84_115_SNP_N_GenomeWideSNP_6_C09_771624	8	25031487	25040250	22	0.9259
DUNGS_p_TCGA_b84_115_SNP_N_GenomeWideSNP_6_C09_771624	8	25047021	25466123	318	-0.015
DUNGS_p_TCGA_b84_115_SNP_N_GenomeWideSNP_6_C09_771624	8	25471121	25471186	2	-1.0638
DUNGS_p_TCGA_b84_115_SNP_N_GenomeWideSNP_6_C09_771624	8	25471367	39349816	8728	-0.0033
DUNGS_p_TCGA_b84_115_SNP_N_GenomeWideSNP_6_C09_771624	8	39354760	39506122	59	0.6886
DUNGS_p_TCGA_b84_115_SNP_N_GenomeWideSNP_6_C09_771624	8	39507456	40301274	589	0.0222
DUNGS_p_TCGA_b84_115_SNP_N_GenomeWideSNP_6_C09_771624	8	40302954	40308668	34	-0.8249
DUNGS_p_TCGA_b84_115_SNP_N_GenomeWideSNP_6_C09_771624	8	40312067	40891153	452	0.0068
DUNGS_p_TCGA_b84_115_SNP_N_GenomeWideSNP_6_C09_771624	8	40897009	40897628	2	-2.2592
DUNGS_p_TCGA_b84_115_SNP_N_GenomeWideSNP_6_C09_771624	8	40902837	51194564	3521	0.0108
DUNGS_p_TCGA_b84_115_SNP_N_GenomeWideSNP_6_C09_771624	8	51194577	51201131	9	0.4888
DUNGS_p_TCGA_b84_115_SNP_N_GenomeWideSNP_6_C09_771624	8	51201172	68710223	10954	0.0046
DUNGS_p_TCGA_b84_115_SNP_N_GenomeWideSNP_6_C09_771624	8	68710686	68710954	6	0.6863
DUNGS_p_TCGA_b84_115_SNP_N_GenomeWideSNP_6_C09_771624	8	68711045	102468843	20450	0.0075
DUNGS_p_TCGA_b84_115_SNP_N_GenomeWideSNP_6_C09_771624	8	102468864	102468931	3	-0.8154
DUNGS_p_TCGA_b84_115_SNP_N_GenomeWideSNP_6_C09_771624	8	102469058	112363642	6067	0.0099
DUNGS_p_TCGA_b84_115_SNP_N_GenomeWideSNP_6_C09_771624	8	112363822	112364436	7	-1.707
DUNGS_p_TCGA_b84_115_SNP_N_GenomeWideSNP_6_C09_771624	8	112369457	115703730	1829	0.014
DUNGS_p_TCGA_b84_115_SNP_N_GenomeWideSNP_6_C09_771624	8	115703829	115710907	33	-0.4637
DUNGS_p_TCGA_b84_115_SNP_N_GenomeWideSNP_6_C09_771624	8	115719873	120221191	3113	0.0075
DUNGS_p_TCGA_b84_115_SNP_N_GenomeWideSNP_6_C09_771624	8	120223965	120228627	4	-2.9112
DUNGS_p_TCGA_b84_115_SNP_N_GenomeWideSNP_6_C09_771624	8	120232035	120748439	367	8e-04
DUNGS_p_TCGA_b84_115_SNP_N_GenomeWideSNP_6_C09_771624	8	120750871	120750913	2	-0.8612
DUNGS_p_TCGA_b84_115_SNP_N_GenomeWideSNP_6_C09_771624	8	120757827	131917051	7766	0.0089
DUNGS_p_TCGA_b84_115_SNP_N_GenomeWideSNP_6_C09_771624	8	131920881	131921797	2	-1.0554
DUNGS_p_TCGA_b84_115_SNP_N_GenomeWideSNP_6_C09_771624	8	131924374	140672684	7173	0.0048
DUNGS_p_TCGA_b84_115_SNP_N_GenomeWideSNP_6_C09_771624	8	140673518	140673573	2	1.4457
DUNGS_p_TCGA_b84_115_SNP_N_GenomeWideSNP_6_C09_771624	8	140673804	140679763	11	0.1374
DUNGS_p_TCGA_b84_115_SNP_N_GenomeWideSNP_6_C09_771624	8	140680936	140683139	3	-0.8159
DUNGS_p_TCGA_b84_115_SNP_N_GenomeWideSNP_6_C09_771624	8	140683634	146268959	2652	0.0191
DUNGS_p_TCGA_b84_115_SNP_N_GenomeWideSNP_6_C09_771624	9	36587	58920	7	-0.3786
DUNGS_p_TCGA_b84_115_SNP_N_GenomeWideSNP_6_C09_771624	9	78030	6685986	6389	0.0159
DUNGS_p_TCGA_b84_115_SNP_N_GenomeWideSNP_6_C09_771624	9	6691145	6698357	7	-0.7559
DUNGS_p_TCGA_b84_115_SNP_N_GenomeWideSNP_6_C09_771624	9	6702314	43024297	24996	0.0105
DUNGS_p_TCGA_b84_115_SNP_N_GenomeWideSNP_6_C09_771624	9	43054842	43412533	15	-0.5813
DUNGS_p_TCGA_b84_115_SNP_N_GenomeWideSNP_6_C09_771624	9	43445848	44936301	137	0.2185
DUNGS_p_TCGA_b84_115_SNP_N_GenomeWideSNP_6_C09_771624	9	44936428	67665361	134	-0.264
DUNGS_p_TCGA_b84_115_SNP_N_GenomeWideSNP_6_C09_771624	9	67665657	67673801	6	0.1993
DUNGS_p_TCGA_b84_115_SNP_N_GenomeWideSNP_6_C09_771624	9	67675871	67675877	4	1.2132
DUNGS_p_TCGA_b84_115_SNP_N_GenomeWideSNP_6_C09_771624	9	67675879	67709310	10	0.2584
DUNGS_p_TCGA_b84_115_SNP_N_GenomeWideSNP_6_C09_771624	9	67709342	78744280	6546	-0.011
DUNGS_p_TCGA_b84_115_SNP_N_GenomeWideSNP_6_C09_771624	9	78746701	78749156	4	-1.4541
DUNGS_p_TCGA_b84_115_SNP_N_GenomeWideSNP_6_C09_771624	9	78756684	140211215	41734	7e-04
DUNGS_p_TCGA_b84_115_SNP_N_GenomeWideSNP_6_C09_771624	10	62759	4280814	3591	0.0018
DUNGS_p_TCGA_b84_115_SNP_N_GenomeWideSNP_6_C09_771624	10	4280838	4281016	3	0.9209
DUNGS_p_TCGA_b84_115_SNP_N_GenomeWideSNP_6_C09_771624	10	4284071	20880880	13463	9e-04
DUNGS_p_TCGA_b84_115_SNP_N_GenomeWideSNP_6_C09_771624	10	20890118	20893509	5	-0.763
DUNGS_p_TCGA_b84_115_SNP_N_GenomeWideSNP_6_C09_771624	10	20893540	24415269	2202	0.0014
DUNGS_p_TCGA_b84_115_SNP_N_GenomeWideSNP_6_C09_771624	10	24417680	24419045	15	0.6105
DUNGS_p_TCGA_b84_115_SNP_N_GenomeWideSNP_6_C09_771624	10	24420666	27268427	2000	-0.0101
DUNGS_p_TCGA_b84_115_SNP_N_GenomeWideSNP_6_C09_771624	10	27268445	27268479	3	0.9964
DUNGS_p_TCGA_b84_115_SNP_N_GenomeWideSNP_6_C09_771624	10	27269999	37495151	7170	0.004
DUNGS_p_TCGA_b84_115_SNP_N_GenomeWideSNP_6_C09_771624	10	37501154	37507620	2	-1.2032
DUNGS_p_TCGA_b84_115_SNP_N_GenomeWideSNP_6_C09_771624	10	37519420	44166457	2225	-0.0047
DUNGS_p_TCGA_b84_115_SNP_N_GenomeWideSNP_6_C09_771624	10	44166464	44168927	2	-1.3715
DUNGS_p_TCGA_b84_115_SNP_N_GenomeWideSNP_6_C09_771624	10	44169435	45963863	929	-1e-04
DUNGS_p_TCGA_b84_115_SNP_N_GenomeWideSNP_6_C09_771624	10	46005056	46457573	79	0.2838
DUNGS_p_TCGA_b84_115_SNP_N_GenomeWideSNP_6_C09_771624	10	46461472	46479812	27	-0.1436
DUNGS_p_TCGA_b84_115_SNP_N_GenomeWideSNP_6_C09_771624	10	46479827	46839717	74	0.3852
DUNGS_p_TCGA_b84_115_SNP_N_GenomeWideSNP_6_C09_771624	10	47011195	48554762	493	-0.0125
DUNGS_p_TCGA_b84_115_SNP_N_GenomeWideSNP_6_C09_771624	10	48567024	48578525	3	0.9609
DUNGS_p_TCGA_b84_115_SNP_N_GenomeWideSNP_6_C09_771624	10	48651181	48957597	13	0.2749
DUNGS_p_TCGA_b84_115_SNP_N_GenomeWideSNP_6_C09_771624	10	48957609	59759686	7563	0.0124
DUNGS_p_TCGA_b84_115_SNP_N_GenomeWideSNP_6_C09_771624	10	59762347	59764274	2	-1.0665
DUNGS_p_TCGA_b84_115_SNP_N_GenomeWideSNP_6_C09_771624	10	59766820	66976282	4926	0.0013
DUNGS_p_TCGA_b84_115_SNP_N_GenomeWideSNP_6_C09_771624	10	66977929	66984452	28	-2.0086
DUNGS_p_TCGA_b84_115_SNP_N_GenomeWideSNP_6_C09_771624	10	66992801	81984157	9514	0.0067
DUNGS_p_TCGA_b84_115_SNP_N_GenomeWideSNP_6_C09_771624	10	81984298	81987058	2	-2.4788
DUNGS_p_TCGA_b84_115_SNP_N_GenomeWideSNP_6_C09_771624	10	81987428	92074500	7215	-0.0024
DUNGS_p_TCGA_b84_115_SNP_N_GenomeWideSNP_6_C09_771624	10	92077336	92078106	3	-1.1835
DUNGS_p_TCGA_b84_115_SNP_N_GenomeWideSNP_6_C09_771624	10	92079458	124293745	21676	0.0011
DUNGS_p_TCGA_b84_115_SNP_N_GenomeWideSNP_6_C09_771624	10	124294743	124294761	2	-1.041
DUNGS_p_TCGA_b84_115_SNP_N_GenomeWideSNP_6_C09_771624	10	124295308	127057480	1901	0.0033
DUNGS_p_TCGA_b84_115_SNP_N_GenomeWideSNP_6_C09_771624	10	127058623	127062933	2	-1.1121
DUNGS_p_TCGA_b84_115_SNP_N_GenomeWideSNP_6_C09_771624	10	127064050	135356694	6046	-0.0055
DUNGS_p_TCGA_b84_115_SNP_N_GenomeWideSNP_6_C09_771624	11	188510	4926819	2483	0.0024
DUNGS_p_TCGA_b84_115_SNP_N_GenomeWideSNP_6_C09_771624	11	4926853	4930605	23	0.822
DUNGS_p_TCGA_b84_115_SNP_N_GenomeWideSNP_6_C09_771624	11	4931740	5744668	805	0.0156
DUNGS_p_TCGA_b84_115_SNP_N_GenomeWideSNP_6_C09_771624	11	5746177	5785627	48	0.2464
DUNGS_p_TCGA_b84_115_SNP_N_GenomeWideSNP_6_C09_771624	11	5786864	89299216	51369	0.0055
DUNGS_p_TCGA_b84_115_SNP_N_GenomeWideSNP_6_C09_771624	11	89335741	89339152	2	-1.1431
DUNGS_p_TCGA_b84_115_SNP_N_GenomeWideSNP_6_C09_771624	11	89367331	95445461	4346	0.0064
DUNGS_p_TCGA_b84_115_SNP_N_GenomeWideSNP_6_C09_771624	11	95445478	95445655	6	-0.6547
DUNGS_p_TCGA_b84_115_SNP_N_GenomeWideSNP_6_C09_771624	11	95456847	97381725	1415	0.0097
DUNGS_p_TCGA_b84_115_SNP_N_GenomeWideSNP_6_C09_771624	11	97382002	97384541	2	1.2027
DUNGS_p_TCGA_b84_115_SNP_N_GenomeWideSNP_6_C09_771624	11	97384554	107286589	7148	0.0079
DUNGS_p_TCGA_b84_115_SNP_N_GenomeWideSNP_6_C09_771624	11	107289717	107290308	2	-3.8355
DUNGS_p_TCGA_b84_115_SNP_N_GenomeWideSNP_6_C09_771624	11	107292923	134449982	19590	-5e-04
DUNGS_p_TCGA_b84_115_SNP_N_GenomeWideSNP_6_C09_771624	12	20703	734094	415	0.0169
DUNGS_p_TCGA_b84_115_SNP_N_GenomeWideSNP_6_C09_771624	12	734335	750251	40	0.2233
DUNGS_p_TCGA_b84_115_SNP_N_GenomeWideSNP_6_C09_771624	12	753439	9525137	5757	0.0032
DUNGS_p_TCGA_b84_115_SNP_N_GenomeWideSNP_6_C09_771624	12	9529176	9619559	23	-1.892
DUNGS_p_TCGA_b84_115_SNP_N_GenomeWideSNP_6_C09_771624	12	9626236	11402845	1191	0.0112
DUNGS_p_TCGA_b84_115_SNP_N_GenomeWideSNP_6_C09_771624	12	11403759	11434673	30	0.5548
DUNGS_p_TCGA_b84_115_SNP_N_GenomeWideSNP_6_C09_771624	12	11443459	21035364	6540	0.0019
DUNGS_p_TCGA_b84_115_SNP_N_GenomeWideSNP_6_C09_771624	12	21035519	21036574	15	-0.3716
DUNGS_p_TCGA_b84_115_SNP_N_GenomeWideSNP_6_C09_771624	12	21036597	24870662	2635	0.0018
DUNGS_p_TCGA_b84_115_SNP_N_GenomeWideSNP_6_C09_771624	12	24872534	24882503	13	0.3372
DUNGS_p_TCGA_b84_115_SNP_N_GenomeWideSNP_6_C09_771624	12	24889776	27262134	1840	-0.0031
DUNGS_p_TCGA_b84_115_SNP_N_GenomeWideSNP_6_C09_771624	12	27262843	27268208	3	-0.7576
DUNGS_p_TCGA_b84_115_SNP_N_GenomeWideSNP_6_C09_771624	12	27269507	27539125	192	0.0238
DUNGS_p_TCGA_b84_115_SNP_N_GenomeWideSNP_6_C09_771624	12	27539174	27542629	26	-0.7877
DUNGS_p_TCGA_b84_115_SNP_N_GenomeWideSNP_6_C09_771624	12	27548428	33185927	4178	0.0051
DUNGS_p_TCGA_b84_115_SNP_N_GenomeWideSNP_6_C09_771624	12	33192673	33198641	27	-0.5145
DUNGS_p_TCGA_b84_115_SNP_N_GenomeWideSNP_6_C09_771624	12	33199627	44186092	5632	0.0131
DUNGS_p_TCGA_b84_115_SNP_N_GenomeWideSNP_6_C09_771624	12	44190705	44195804	4	-2.0319
DUNGS_p_TCGA_b84_115_SNP_N_GenomeWideSNP_6_C09_771624	12	44199559	98315945	33779	0.0054
DUNGS_p_TCGA_b84_115_SNP_N_GenomeWideSNP_6_C09_771624	12	98319424	98322865	31	-0.7109
DUNGS_p_TCGA_b84_115_SNP_N_GenomeWideSNP_6_C09_771624	12	98327224	100536701	1363	0.0086
DUNGS_p_TCGA_b84_115_SNP_N_GenomeWideSNP_6_C09_771624	12	100537013	100539122	5	-0.5309
DUNGS_p_TCGA_b84_115_SNP_N_GenomeWideSNP_6_C09_771624	12	100539292	100619732	72	0.0056
DUNGS_p_TCGA_b84_115_SNP_N_GenomeWideSNP_6_C09_771624	12	100621143	100624311	3	-0.9325
DUNGS_p_TCGA_b84_115_SNP_N_GenomeWideSNP_6_C09_771624	12	100624395	107005547	4469	0.0038
DUNGS_p_TCGA_b84_115_SNP_N_GenomeWideSNP_6_C09_771624	12	107007904	107008196	2	1.031
DUNGS_p_TCGA_b84_115_SNP_N_GenomeWideSNP_6_C09_771624	12	107008254	126999998	13031	0.0037
DUNGS_p_TCGA_b84_115_SNP_N_GenomeWideSNP_6_C09_771624	12	127000261	127000275	2	-1.2497
DUNGS_p_TCGA_b84_115_SNP_N_GenomeWideSNP_6_C09_771624	12	127000696	127296717	284	-0.0037
DUNGS_p_TCGA_b84_115_SNP_N_GenomeWideSNP_6_C09_771624	12	127296855	127299963	2	-1.1242
DUNGS_p_TCGA_b84_115_SNP_N_GenomeWideSNP_6_C09_771624	12	127300697	129328204	1855	0.0024
DUNGS_p_TCGA_b84_115_SNP_N_GenomeWideSNP_6_C09_771624	12	129328957	129329860	2	-0.9447
DUNGS_p_TCGA_b84_115_SNP_N_GenomeWideSNP_6_C09_771624	12	129330893	130300574	739	0.0028
DUNGS_p_TCGA_b84_115_SNP_N_GenomeWideSNP_6_C09_771624	12	130300614	130300683	3	-0.8765
DUNGS_p_TCGA_b84_115_SNP_N_GenomeWideSNP_6_C09_771624	12	130301178	130343385	49	0.0563
DUNGS_p_TCGA_b84_115_SNP_N_GenomeWideSNP_6_C09_771624	12	130360121	130362400	5	0.8316
DUNGS_p_TCGA_b84_115_SNP_N_GenomeWideSNP_6_C09_771624	12	130369745	130686668	319	-0.0059
DUNGS_p_TCGA_b84_115_SNP_N_GenomeWideSNP_6_C09_771624	12	130698537	130699288	13	-1.8835
DUNGS_p_TCGA_b84_115_SNP_N_GenomeWideSNP_6_C09_771624	12	130708284	132288262	572	0.0352
DUNGS_p_TCGA_b84_115_SNP_N_GenomeWideSNP_6_C09_771624	13	17924949	19019459	567	0.0119
DUNGS_p_TCGA_b84_115_SNP_N_GenomeWideSNP_6_C09_771624	13	19021895	19021910	2	-1.629
DUNGS_p_TCGA_b84_115_SNP_N_GenomeWideSNP_6_C09_771624	13	19022501	51756793	22880	0.0072
DUNGS_p_TCGA_b84_115_SNP_N_GenomeWideSNP_6_C09_771624	13	51760508	51808690	10	0.6283
DUNGS_p_TCGA_b84_115_SNP_N_GenomeWideSNP_6_C09_771624	13	51810671	51957217	54	0.0842
DUNGS_p_TCGA_b84_115_SNP_N_GenomeWideSNP_6_C09_771624	13	51969153	52050136	15	-0.5815
DUNGS_p_TCGA_b84_115_SNP_N_GenomeWideSNP_6_C09_771624	13	52051698	60358315	4931	0.0031
DUNGS_p_TCGA_b84_115_SNP_N_GenomeWideSNP_6_C09_771624	13	60359949	60360499	4	0.7285
DUNGS_p_TCGA_b84_115_SNP_N_GenomeWideSNP_6_C09_771624	13	60363130	71374989	6736	0.0117
DUNGS_p_TCGA_b84_115_SNP_N_GenomeWideSNP_6_C09_771624	13	71375556	71378557	4	1.3391
DUNGS_p_TCGA_b84_115_SNP_N_GenomeWideSNP_6_C09_771624	13	71378606	114126499	29178	0.0047
DUNGS_p_TCGA_b84_115_SNP_N_GenomeWideSNP_6_C09_771624	14	18072124	18240412	17	0.0719
DUNGS_p_TCGA_b84_115_SNP_N_GenomeWideSNP_6_C09_771624	14	18241044	18399001	4	-0.9865
DUNGS_p_TCGA_b84_115_SNP_N_GenomeWideSNP_6_C09_771624	14	18403712	18508611	12	-0.1953
DUNGS_p_TCGA_b84_115_SNP_N_GenomeWideSNP_6_C09_771624	14	18521076	18914107	30	0.4057
DUNGS_p_TCGA_b84_115_SNP_N_GenomeWideSNP_6_C09_771624	14	18916877	19188667	14	-0.2199
DUNGS_p_TCGA_b84_115_SNP_N_GenomeWideSNP_6_C09_771624	14	19205064	19493212	113	0.6867
DUNGS_p_TCGA_b84_115_SNP_N_GenomeWideSNP_6_C09_771624	14	19494766	23554299	2764	0.0306
DUNGS_p_TCGA_b84_115_SNP_N_GenomeWideSNP_6_C09_771624	14	23557983	23558859	8	-0.5295
DUNGS_p_TCGA_b84_115_SNP_N_GenomeWideSNP_6_C09_771624	14	23559005	34496525	7051	0.0034
DUNGS_p_TCGA_b84_115_SNP_N_GenomeWideSNP_6_C09_771624	14	34498746	34499497	3	-0.8128
DUNGS_p_TCGA_b84_115_SNP_N_GenomeWideSNP_6_C09_771624	14	34504169	34579354	42	-0.0194
DUNGS_p_TCGA_b84_115_SNP_N_GenomeWideSNP_6_C09_771624	14	34579399	34579525	3	-1.0426
DUNGS_p_TCGA_b84_115_SNP_N_GenomeWideSNP_6_C09_771624	14	34580548	37864290	2025	0.0015
DUNGS_p_TCGA_b84_115_SNP_N_GenomeWideSNP_6_C09_771624	14	37869205	37869948	9	-0.8622
DUNGS_p_TCGA_b84_115_SNP_N_GenomeWideSNP_6_C09_771624	14	37870125	39678679	1032	8e-04
DUNGS_p_TCGA_b84_115_SNP_N_GenomeWideSNP_6_C09_771624	14	39683673	39686670	2	0.9036
DUNGS_p_TCGA_b84_115_SNP_N_GenomeWideSNP_6_C09_771624	14	39687916	40677384	720	0.0209
DUNGS_p_TCGA_b84_115_SNP_N_GenomeWideSNP_6_C09_771624	14	40678108	40726999	15	-0.4282
DUNGS_p_TCGA_b84_115_SNP_N_GenomeWideSNP_6_C09_771624	14	40727099	105848388	41468	0.0019
DUNGS_p_TCGA_b84_115_SNP_N_GenomeWideSNP_6_C09_771624	14	105854089	105970542	52	0.3413
DUNGS_p_TCGA_b84_115_SNP_N_GenomeWideSNP_6_C09_771624	14	105971108	106356482	264	0.0734
DUNGS_p_TCGA_b84_115_SNP_N_GenomeWideSNP_6_C09_771624	15	18276341	18838435	98	-0.0651
DUNGS_p_TCGA_b84_115_SNP_N_GenomeWideSNP_6_C09_771624	15	18841465	18846497	12	-0.8339
DUNGS_p_TCGA_b84_115_SNP_N_GenomeWideSNP_6_C09_771624	15	18846673	21904021	1170	4e-04
DUNGS_p_TCGA_b84_115_SNP_N_GenomeWideSNP_6_C09_771624	15	21908260	21913196	7	-1.0578
DUNGS_p_TCGA_b84_115_SNP_N_GenomeWideSNP_6_C09_771624	15	21914589	24579934	1866	0.0065
DUNGS_p_TCGA_b84_115_SNP_N_GenomeWideSNP_6_C09_771624	15	24583160	24583718	3	-1.0926
DUNGS_p_TCGA_b84_115_SNP_N_GenomeWideSNP_6_C09_771624	15	24584887	28203223	1949	0.0123
DUNGS_p_TCGA_b84_115_SNP_N_GenomeWideSNP_6_C09_771624	15	28231568	28608929	105	-0.4411
DUNGS_p_TCGA_b84_115_SNP_N_GenomeWideSNP_6_C09_771624	15	28609050	30248179	1055	0.0074
DUNGS_p_TCGA_b84_115_SNP_N_GenomeWideSNP_6_C09_771624	15	30248706	30690275	68	-0.2644
DUNGS_p_TCGA_b84_115_SNP_N_GenomeWideSNP_6_C09_771624	15	30691907	32451519	1475	0.0041
DUNGS_p_TCGA_b84_115_SNP_N_GenomeWideSNP_6_C09_771624	15	32452256	32582214	73	0.28
DUNGS_p_TCGA_b84_115_SNP_N_GenomeWideSNP_6_C09_771624	15	32582778	61053257	18638	6e-04
DUNGS_p_TCGA_b84_115_SNP_N_GenomeWideSNP_6_C09_771624	15	61054989	61056153	2	-1.4553
DUNGS_p_TCGA_b84_115_SNP_N_GenomeWideSNP_6_C09_771624	15	61057755	74665417	7868	0.0033
DUNGS_p_TCGA_b84_115_SNP_N_GenomeWideSNP_6_C09_771624	15	74678296	74682830	22	-1.9161
DUNGS_p_TCGA_b84_115_SNP_N_GenomeWideSNP_6_C09_771624	15	74689234	80865645	3667	0.0014
DUNGS_p_TCGA_b84_115_SNP_N_GenomeWideSNP_6_C09_771624	15	80880206	80905894	4	-1.8175
DUNGS_p_TCGA_b84_115_SNP_N_GenomeWideSNP_6_C09_771624	15	80966604	100286563	14030	0.0029
DUNGS_p_TCGA_b84_115_SNP_N_GenomeWideSNP_6_C09_771624	16	777	4073925	1623	-0.0019
DUNGS_p_TCGA_b84_115_SNP_N_GenomeWideSNP_6_C09_771624	16	4076419	4080025	3	-1.3965
DUNGS_p_TCGA_b84_115_SNP_N_GenomeWideSNP_6_C09_771624	16	4084899	5675075	1160	0.0058
DUNGS_p_TCGA_b84_115_SNP_N_GenomeWideSNP_6_C09_771624	16	5680531	5680809	4	-0.7915
DUNGS_p_TCGA_b84_115_SNP_N_GenomeWideSNP_6_C09_771624	16	5681107	14956269	8358	9e-04
DUNGS_p_TCGA_b84_115_SNP_N_GenomeWideSNP_6_C09_771624	16	14956345	15101563	95	0.2424
DUNGS_p_TCGA_b84_115_SNP_N_GenomeWideSNP_6_C09_771624	16	15148795	15394650	23	-0.3254
DUNGS_p_TCGA_b84_115_SNP_N_GenomeWideSNP_6_C09_771624	16	15398628	18611693	1578	0.0235
DUNGS_p_TCGA_b84_115_SNP_N_GenomeWideSNP_6_C09_771624	16	18623756	18633537	4	-1.1404
DUNGS_p_TCGA_b84_115_SNP_N_GenomeWideSNP_6_C09_771624	16	18634733	19850527	692	0.0043
DUNGS_p_TCGA_b84_115_SNP_N_GenomeWideSNP_6_C09_771624	16	19851501	19873333	29	0.2983
DUNGS_p_TCGA_b84_115_SNP_N_GenomeWideSNP_6_C09_771624	16	19873376	21428039	913	0.0153
DUNGS_p_TCGA_b84_115_SNP_N_GenomeWideSNP_6_C09_771624	16	21440723	21496289	18	-0.2723
DUNGS_p_TCGA_b84_115_SNP_N_GenomeWideSNP_6_C09_771624	16	21498841	21650439	99	0.0328
DUNGS_p_TCGA_b84_115_SNP_N_GenomeWideSNP_6_C09_771624	16	21650633	21668967	4	-0.59
DUNGS_p_TCGA_b84_115_SNP_N_GenomeWideSNP_6_C09_771624	16	21678247	34324072	5965	-1e-04
DUNGS_p_TCGA_b84_115_SNP_N_GenomeWideSNP_6_C09_771624	16	34328205	34614572	168	0.5089
DUNGS_p_TCGA_b84_115_SNP_N_GenomeWideSNP_6_C09_771624	16	34618468	76929109	21156	0.0016
DUNGS_p_TCGA_b84_115_SNP_N_GenomeWideSNP_6_C09_771624	16	76929941	76940641	15	-2.6071
DUNGS_p_TCGA_b84_115_SNP_N_GenomeWideSNP_6_C09_771624	16	76942239	76942266	2	-1.0793
DUNGS_p_TCGA_b84_115_SNP_N_GenomeWideSNP_6_C09_771624	16	76942502	79560064	3072	0.006
DUNGS_p_TCGA_b84_115_SNP_N_GenomeWideSNP_6_C09_771624	16	79561808	79562903	3	-0.8595
DUNGS_p_TCGA_b84_115_SNP_N_GenomeWideSNP_6_C09_771624	16	79564259	83780072	4321	0.0022
DUNGS_p_TCGA_b84_115_SNP_N_GenomeWideSNP_6_C09_771624	16	83785842	83786163	2	-1.5444
DUNGS_p_TCGA_b84_115_SNP_N_GenomeWideSNP_6_C09_771624	16	83786522	84711515	705	-0.0111
DUNGS_p_TCGA_b84_115_SNP_N_GenomeWideSNP_6_C09_771624	16	84715016	84725983	11	0.3801
DUNGS_p_TCGA_b84_115_SNP_N_GenomeWideSNP_6_C09_771624	16	84726228	84949950	254	0.0145
DUNGS_p_TCGA_b84_115_SNP_N_GenomeWideSNP_6_C09_771624	16	84951376	84952620	4	-0.763
DUNGS_p_TCGA_b84_115_SNP_N_GenomeWideSNP_6_C09_771624	16	84953148	88815036	2278	0.009
DUNGS_p_TCGA_b84_115_SNP_N_GenomeWideSNP_6_C09_771624	17	526	551739	299	0.01
DUNGS_p_TCGA_b84_115_SNP_N_GenomeWideSNP_6_C09_771624	17	557776	558010	3	-0.856
DUNGS_p_TCGA_b84_115_SNP_N_GenomeWideSNP_6_C09_771624	17	558183	653924	53	0.0043
DUNGS_p_TCGA_b84_115_SNP_N_GenomeWideSNP_6_C09_771624	17	660436	660922	2	0.9509
DUNGS_p_TCGA_b84_115_SNP_N_GenomeWideSNP_6_C09_771624	17	663209	4321333	2013	0.0025
DUNGS_p_TCGA_b84_115_SNP_N_GenomeWideSNP_6_C09_771624	17	4321838	4322322	3	-0.7808
DUNGS_p_TCGA_b84_115_SNP_N_GenomeWideSNP_6_C09_771624	17	4325501	4487396	74	-0.0213
DUNGS_p_TCGA_b84_115_SNP_N_GenomeWideSNP_6_C09_771624	17	4491080	4491300	3	-1.0088
DUNGS_p_TCGA_b84_115_SNP_N_GenomeWideSNP_6_C09_771624	17	4493928	6236683	1116	1e-04
DUNGS_p_TCGA_b84_115_SNP_N_GenomeWideSNP_6_C09_771624	17	6237356	6237404	2	-1.0997
DUNGS_p_TCGA_b84_115_SNP_N_GenomeWideSNP_6_C09_771624	17	6237444	7198751	537	0.0014
DUNGS_p_TCGA_b84_115_SNP_N_GenomeWideSNP_6_C09_771624	17	7206073	7206530	2	-2.2054
DUNGS_p_TCGA_b84_115_SNP_N_GenomeWideSNP_6_C09_771624	17	7207200	16595026	6410	0.0055
DUNGS_p_TCGA_b84_115_SNP_N_GenomeWideSNP_6_C09_771624	17	16598056	16650272	6	0.8606
DUNGS_p_TCGA_b84_115_SNP_N_GenomeWideSNP_6_C09_771624	17	16650465	18296117	929	-0.0032
DUNGS_p_TCGA_b84_115_SNP_N_GenomeWideSNP_6_C09_771624	17	18299671	18405311	27	-1.823
DUNGS_p_TCGA_b84_115_SNP_N_GenomeWideSNP_6_C09_771624	17	18405946	31460821	6926	0.0057
DUNGS_p_TCGA_b84_115_SNP_N_GenomeWideSNP_6_C09_771624	17	31461241	31501716	36	0.4454
DUNGS_p_TCGA_b84_115_SNP_N_GenomeWideSNP_6_C09_771624	17	31509204	36675234	2548	0.0146
DUNGS_p_TCGA_b84_115_SNP_N_GenomeWideSNP_6_C09_771624	17	36676540	36683683	20	-0.7592
DUNGS_p_TCGA_b84_115_SNP_N_GenomeWideSNP_6_C09_771624	17	36683699	36684057	4	-1.8849
DUNGS_p_TCGA_b84_115_SNP_N_GenomeWideSNP_6_C09_771624	17	36686250	41518916	2513	0.0148
DUNGS_p_TCGA_b84_115_SNP_N_GenomeWideSNP_6_C09_771624	17	41521621	41707062	117	0.3733
DUNGS_p_TCGA_b84_115_SNP_N_GenomeWideSNP_6_C09_771624	17	41707463	41750187	9	0.0568
DUNGS_p_TCGA_b84_115_SNP_N_GenomeWideSNP_6_C09_771624	17	41750189	42107479	47	-0.5348
DUNGS_p_TCGA_b84_115_SNP_N_GenomeWideSNP_6_C09_771624	17	42120174	74754658	19881	0.0103
DUNGS_p_TCGA_b84_115_SNP_N_GenomeWideSNP_6_C09_771624	17	74757255	74757985	3	-1.465
DUNGS_p_TCGA_b84_115_SNP_N_GenomeWideSNP_6_C09_771624	17	74758639	78643088	1753	8e-04
DUNGS_p_TCGA_b84_115_SNP_N_GenomeWideSNP_6_C09_771624	18	1543	26066383	16081	0.0109
DUNGS_p_TCGA_b84_115_SNP_N_GenomeWideSNP_6_C09_771624	18	26068546	26069966	4	-0.6945
DUNGS_p_TCGA_b84_115_SNP_N_GenomeWideSNP_6_C09_771624	18	26072612	38305676	8015	0.0058
DUNGS_p_TCGA_b84_115_SNP_N_GenomeWideSNP_6_C09_771624	18	38310567	38312393	26	-0.547
DUNGS_p_TCGA_b84_115_SNP_N_GenomeWideSNP_6_C09_771624	18	38314935	40558283	1318	0.0142
DUNGS_p_TCGA_b84_115_SNP_N_GenomeWideSNP_6_C09_771624	18	40561970	40561986	2	-1.1152
DUNGS_p_TCGA_b84_115_SNP_N_GenomeWideSNP_6_C09_771624	18	40562170	60239781	13859	0.0039
DUNGS_p_TCGA_b84_115_SNP_N_GenomeWideSNP_6_C09_771624	18	60239894	60241951	2	-1.3115
DUNGS_p_TCGA_b84_115_SNP_N_GenomeWideSNP_6_C09_771624	18	60244460	61353975	729	0.0079
DUNGS_p_TCGA_b84_115_SNP_N_GenomeWideSNP_6_C09_771624	18	61353988	61358237	18	0.7806
DUNGS_p_TCGA_b84_115_SNP_N_GenomeWideSNP_6_C09_771624	18	61358253	61878472	360	0.0536
DUNGS_p_TCGA_b84_115_SNP_N_GenomeWideSNP_6_C09_771624	18	61878525	61883718	12	0.4374
DUNGS_p_TCGA_b84_115_SNP_N_GenomeWideSNP_6_C09_771624	18	61883743	76116029	10443	0.0194
DUNGS_p_TCGA_b84_115_SNP_N_GenomeWideSNP_6_C09_771624	19	41910	9134800	3415	1e-04
DUNGS_p_TCGA_b84_115_SNP_N_GenomeWideSNP_6_C09_771624	19	9135672	9139121	5	-0.8074
DUNGS_p_TCGA_b84_115_SNP_N_GenomeWideSNP_6_C09_771624	19	9145760	11024689	874	7e-04
DUNGS_p_TCGA_b84_115_SNP_N_GenomeWideSNP_6_C09_771624	19	11029662	11030052	2	-1.2728
DUNGS_p_TCGA_b84_115_SNP_N_GenomeWideSNP_6_C09_771624	19	11038408	24248797	6950	0.0024
DUNGS_p_TCGA_b84_115_SNP_N_GenomeWideSNP_6_C09_771624	19	24252658	24256797	10	-0.7766
DUNGS_p_TCGA_b84_115_SNP_N_GenomeWideSNP_6_C09_771624	19	24279522	40541162	5583	-0.0019
DUNGS_p_TCGA_b84_115_SNP_N_GenomeWideSNP_6_C09_771624	19	40541333	40553688	22	-0.5977
DUNGS_p_TCGA_b84_115_SNP_N_GenomeWideSNP_6_C09_771624	19	40558584	41498315	436	-0.0022
DUNGS_p_TCGA_b84_115_SNP_N_GenomeWideSNP_6_C09_771624	19	41498355	41499140	2	-1.0644
DUNGS_p_TCGA_b84_115_SNP_N_GenomeWideSNP_6_C09_771624	19	41517088	48389173	3486	0.0018
DUNGS_p_TCGA_b84_115_SNP_N_GenomeWideSNP_6_C09_771624	19	48394873	48448077	22	-0.7164
DUNGS_p_TCGA_b84_115_SNP_N_GenomeWideSNP_6_C09_771624	19	48458499	58208894	5130	0.0031
DUNGS_p_TCGA_b84_115_SNP_N_GenomeWideSNP_6_C09_771624	19	58210326	58244041	23	0.86
DUNGS_p_TCGA_b84_115_SNP_N_GenomeWideSNP_6_C09_771624	19	58246052	63632326	3363	0.0043
DUNGS_p_TCGA_b84_115_SNP_N_GenomeWideSNP_6_C09_771624	19	63635220	63636187	2	-1.3226
DUNGS_p_TCGA_b84_115_SNP_N_GenomeWideSNP_6_C09_771624	19	63637868	63789666	52	-0.0267
DUNGS_p_TCGA_b84_115_SNP_N_GenomeWideSNP_6_C09_771624	20	9305	1509580	1208	0.0158
DUNGS_p_TCGA_b84_115_SNP_N_GenomeWideSNP_6_C09_771624	20	1509667	1545946	41	-0.5697
DUNGS_p_TCGA_b84_115_SNP_N_GenomeWideSNP_6_C09_771624	20	1546106	15249374	10408	0.0051
DUNGS_p_TCGA_b84_115_SNP_N_GenomeWideSNP_6_C09_771624	20	15249902	15250374	3	-1.1235
DUNGS_p_TCGA_b84_115_SNP_N_GenomeWideSNP_6_C09_771624	20	15253258	28111932	8435	-1e-04
DUNGS_p_TCGA_b84_115_SNP_N_GenomeWideSNP_6_C09_771624	20	28119491	28119554	2	1.0406
DUNGS_p_TCGA_b84_115_SNP_N_GenomeWideSNP_6_C09_771624	20	28141554	39335467	5717	0.0049
DUNGS_p_TCGA_b84_115_SNP_N_GenomeWideSNP_6_C09_771624	20	39340481	39344738	2	0.9745
DUNGS_p_TCGA_b84_115_SNP_N_GenomeWideSNP_6_C09_771624	20	39344799	52078275	9211	0.0023
DUNGS_p_TCGA_b84_115_SNP_N_GenomeWideSNP_6_C09_771624	20	52081215	52087626	25	-0.6323
DUNGS_p_TCGA_b84_115_SNP_N_GenomeWideSNP_6_C09_771624	20	52087628	52091124	7	-1.2245
DUNGS_p_TCGA_b84_115_SNP_N_GenomeWideSNP_6_C09_771624	20	52091480	52092058	6	-0.3682
DUNGS_p_TCGA_b84_115_SNP_N_GenomeWideSNP_6_C09_771624	20	52095981	62426597	7466	0.0013
DUNGS_p_TCGA_b84_115_SNP_N_GenomeWideSNP_6_C09_771624	21	9758742	18976322	3715	0.003
DUNGS_p_TCGA_b84_115_SNP_N_GenomeWideSNP_6_C09_771624	21	18977128	19002805	29	0.5181
DUNGS_p_TCGA_b84_115_SNP_N_GenomeWideSNP_6_C09_771624	21	19003746	27202384	6292	0.0083
DUNGS_p_TCGA_b84_115_SNP_N_GenomeWideSNP_6_C09_771624	21	27204531	27204723	3	-1.1199
DUNGS_p_TCGA_b84_115_SNP_N_GenomeWideSNP_6_C09_771624	21	27205475	28587138	1059	0.0096
DUNGS_p_TCGA_b84_115_SNP_N_GenomeWideSNP_6_C09_771624	21	28590490	28599659	3	0.7192
DUNGS_p_TCGA_b84_115_SNP_N_GenomeWideSNP_6_C09_771624	21	28603614	31662333	2192	0.0079
DUNGS_p_TCGA_b84_115_SNP_N_GenomeWideSNP_6_C09_771624	21	31662788	31662979	2	-1.0685
DUNGS_p_TCGA_b84_115_SNP_N_GenomeWideSNP_6_C09_771624	21	31663692	32158326	325	-0.0104
DUNGS_p_TCGA_b84_115_SNP_N_GenomeWideSNP_6_C09_771624	21	32159854	32161919	3	-1.185
DUNGS_p_TCGA_b84_115_SNP_N_GenomeWideSNP_6_C09_771624	21	32173420	36447405	3105	-0.0019
DUNGS_p_TCGA_b84_115_SNP_N_GenomeWideSNP_6_C09_771624	21	36447699	36447815	3	-0.8172
DUNGS_p_TCGA_b84_115_SNP_N_GenomeWideSNP_6_C09_771624	21	36454989	46921385	7703	0.0032
DUNGS_p_TCGA_b84_115_SNP_N_GenomeWideSNP_6_C09_771624	22	14432528	14619362	29	0.3539
DUNGS_p_TCGA_b84_115_SNP_N_GenomeWideSNP_6_C09_771624	22	14619487	14741969	15	-0.1046
DUNGS_p_TCGA_b84_115_SNP_N_GenomeWideSNP_6_C09_771624	22	14745495	14782930	12	0.478
DUNGS_p_TCGA_b84_115_SNP_N_GenomeWideSNP_6_C09_771624	22	14783333	15875551	319	0.0186
DUNGS_p_TCGA_b84_115_SNP_N_GenomeWideSNP_6_C09_771624	22	15879034	15879508	2	-1.3344
DUNGS_p_TCGA_b84_115_SNP_N_GenomeWideSNP_6_C09_771624	22	15879890	17112919	840	0.0043
DUNGS_p_TCGA_b84_115_SNP_N_GenomeWideSNP_6_C09_771624	22	17128440	17128454	2	1.1155
DUNGS_p_TCGA_b84_115_SNP_N_GenomeWideSNP_6_C09_771624	22	17150421	20139185	1659	0.0038
DUNGS_p_TCGA_b84_115_SNP_N_GenomeWideSNP_6_C09_771624	22	20145866	20164248	13	0.458
DUNGS_p_TCGA_b84_115_SNP_N_GenomeWideSNP_6_C09_771624	22	20170434	31912803	8478	0.0062
DUNGS_p_TCGA_b84_115_SNP_N_GenomeWideSNP_6_C09_771624	22	31913233	31913237	2	-1.2738
DUNGS_p_TCGA_b84_115_SNP_N_GenomeWideSNP_6_C09_771624	22	31916339	37373999	3981	-0.0011
DUNGS_p_TCGA_b84_115_SNP_N_GenomeWideSNP_6_C09_771624	22	37376993	37380402	3	0.7505
DUNGS_p_TCGA_b84_115_SNP_N_GenomeWideSNP_6_C09_771624	22	37384049	37617856	128	-0.0053
DUNGS_p_TCGA_b84_115_SNP_N_GenomeWideSNP_6_C09_771624	22	37620866	37626850	4	-0.682
DUNGS_p_TCGA_b84_115_SNP_N_GenomeWideSNP_6_C09_771624	22	37629060	41227226	1960	0.0013
DUNGS_p_TCGA_b84_115_SNP_N_GenomeWideSNP_6_C09_771624	22	41229384	41264406	21	0.6221
DUNGS_p_TCGA_b84_115_SNP_N_GenomeWideSNP_6_C09_771624	22	41272906	49581321	6115	-0.0035
DUNGS_p_TCGA_b84_115_SNP_N_GenomeWideSNP_6_C09_771624	X	108477	602249	75	0.0063
DUNGS_p_TCGA_b84_115_SNP_N_GenomeWideSNP_6_C09_771624	X	602858	2599364	18	0.4017
DUNGS_p_TCGA_b84_115_SNP_N_GenomeWideSNP_6_C09_771624	X	2675209	2947748	161	-0.0182
DUNGS_p_TCGA_b84_115_SNP_N_GenomeWideSNP_6_C09_771624	X	2951966	2952925	4	1.0817
DUNGS_p_TCGA_b84_115_SNP_N_GenomeWideSNP_6_C09_771624	X	2952986	88779076	46727	0.0079
DUNGS_p_TCGA_b84_115_SNP_N_GenomeWideSNP_6_C09_771624	X	88793518	88793772	2	-1.5541
DUNGS_p_TCGA_b84_115_SNP_N_GenomeWideSNP_6_C09_771624	X	88797104	89027659	75	-0.0025
DUNGS_p_TCGA_b84_115_SNP_N_GenomeWideSNP_6_C09_771624	X	89030236	89042895	2	-1.3205
DUNGS_p_TCGA_b84_115_SNP_N_GenomeWideSNP_6_C09_771624	X	89048097	90572342	618	-0.0014
DUNGS_p_TCGA_b84_115_SNP_N_GenomeWideSNP_6_C09_771624	X	90572390	90609394	43	0.2591
DUNGS_p_TCGA_b84_115_SNP_N_GenomeWideSNP_6_C09_771624	X	90614059	103612861	6972	0.0017
DUNGS_p_TCGA_b84_115_SNP_N_GenomeWideSNP_6_C09_771624	X	103613011	103614804	2	-1.6561
DUNGS_p_TCGA_b84_115_SNP_N_GenomeWideSNP_6_C09_771624	X	103615260	106996945	1703	0.0012
DUNGS_p_TCGA_b84_115_SNP_N_GenomeWideSNP_6_C09_771624	X	106997798	106998688	2	-1.3032
DUNGS_p_TCGA_b84_115_SNP_N_GenomeWideSNP_6_C09_771624	X	107003468	114941583	4402	-0.0019
DUNGS_p_TCGA_b84_115_SNP_N_GenomeWideSNP_6_C09_771624	X	114942586	114942941	2	1.1134
DUNGS_p_TCGA_b84_115_SNP_N_GenomeWideSNP_6_C09_771624	X	114942982	115047709	58	-0.0054
DUNGS_p_TCGA_b84_115_SNP_N_GenomeWideSNP_6_C09_771624	X	115051983	115064666	7	-0.6717
DUNGS_p_TCGA_b84_115_SNP_N_GenomeWideSNP_6_C09_771624	X	115070447	134682595	11327	0.0107
DUNGS_p_TCGA_b84_115_SNP_N_GenomeWideSNP_6_C09_771624	X	134684985	134707740	7	-0.7065
DUNGS_p_TCGA_b84_115_SNP_N_GenomeWideSNP_6_C09_771624	X	134719314	151950939	11278	0.0015
DUNGS_p_TCGA_b84_115_SNP_N_GenomeWideSNP_6_C09_771624	X	151952322	151952370	2	-1.5096
DUNGS_p_TCGA_b84_115_SNP_N_GenomeWideSNP_6_C09_771624	X	151952678	154835548	1188	0.0037
DUNGS_p_TCGA_b84_115_SNP_N_GenomeWideSNP_6_C09_771624	Y	2710438	25863334	8072	-0.924
DUNGS_p_TCGA_b84_115_SNP_N_GenomeWideSNP_6_C09_771624	Y	25865178	25933154	23	-1.2922
DUNGS_p_TCGA_b84_115_SNP_N_GenomeWideSNP_6_C09_771624	Y	25933704	57427647	495	-0.9743
