Sample	Chromosome	Start	End	Num_Probes	Segment_Mean
DUNGS_p_TCGA_b84_115_SNP_N_GenomeWideSNP_6_G11_771644	1	51598	4693440	1784	0.0192
DUNGS_p_TCGA_b84_115_SNP_N_GenomeWideSNP_6_G11_771644	1	4693974	4697358	3	-0.9915
DUNGS_p_TCGA_b84_115_SNP_N_GenomeWideSNP_6_G11_771644	1	4697881	12756874	4740	0.0189
DUNGS_p_TCGA_b84_115_SNP_N_GenomeWideSNP_6_G11_771644	1	12757167	13596688	95	0.2933
DUNGS_p_TCGA_b84_115_SNP_N_GenomeWideSNP_6_G11_771644	1	13605999	16679113	2096	0.0196
DUNGS_p_TCGA_b84_115_SNP_N_GenomeWideSNP_6_G11_771644	1	16679512	16961936	103	0.256
DUNGS_p_TCGA_b84_115_SNP_N_GenomeWideSNP_6_G11_771644	1	16965844	25050918	5062	0.0264
DUNGS_p_TCGA_b84_115_SNP_N_GenomeWideSNP_6_G11_771644	1	25052966	25053832	3	-1.3014
DUNGS_p_TCGA_b84_115_SNP_N_GenomeWideSNP_6_G11_771644	1	25056738	25455928	292	0.0386
DUNGS_p_TCGA_b84_115_SNP_N_GenomeWideSNP_6_G11_771644	1	25465715	25477053	11	-1.6018
DUNGS_p_TCGA_b84_115_SNP_N_GenomeWideSNP_6_G11_771644	1	25477645	25484039	3	-4.4475
DUNGS_p_TCGA_b84_115_SNP_N_GenomeWideSNP_6_G11_771644	1	25488883	25519533	13	-1.276
DUNGS_p_TCGA_b84_115_SNP_N_GenomeWideSNP_6_G11_771644	1	25519573	25534799	4	-0.758
DUNGS_p_TCGA_b84_115_SNP_N_GenomeWideSNP_6_G11_771644	1	25535897	34875620	4975	0.023
DUNGS_p_TCGA_b84_115_SNP_N_GenomeWideSNP_6_G11_771644	1	34875623	34877078	15	0.3912
DUNGS_p_TCGA_b84_115_SNP_N_GenomeWideSNP_6_G11_771644	1	34886855	38616176	2017	0.0235
DUNGS_p_TCGA_b84_115_SNP_N_GenomeWideSNP_6_G11_771644	1	38617544	38617622	2	-1.1269
DUNGS_p_TCGA_b84_115_SNP_N_GenomeWideSNP_6_G11_771644	1	38618172	59818690	13033	0.0178
DUNGS_p_TCGA_b84_115_SNP_N_GenomeWideSNP_6_G11_771644	1	59824654	59830867	2	1.0866
DUNGS_p_TCGA_b84_115_SNP_N_GenomeWideSNP_6_G11_771644	1	59831294	72535958	8749	0.0084
DUNGS_p_TCGA_b84_115_SNP_N_GenomeWideSNP_6_G11_771644	1	72541006	72541504	3	-0.4033
DUNGS_p_TCGA_b84_115_SNP_N_GenomeWideSNP_6_G11_771644	1	72541524	72583721	44	-1.3364
DUNGS_p_TCGA_b84_115_SNP_N_GenomeWideSNP_6_G11_771644	1	72583736	75823432	1934	-0.003
DUNGS_p_TCGA_b84_115_SNP_N_GenomeWideSNP_6_G11_771644	1	75827351	75827442	2	-2.479
DUNGS_p_TCGA_b84_115_SNP_N_GenomeWideSNP_6_G11_771644	1	75832097	81661190	3859	0.007
DUNGS_p_TCGA_b84_115_SNP_N_GenomeWideSNP_6_G11_771644	1	81661193	81661312	5	-1.2631
DUNGS_p_TCGA_b84_115_SNP_N_GenomeWideSNP_6_G11_771644	1	81661456	103904753	14289	0.0086
DUNGS_p_TCGA_b84_115_SNP_N_GenomeWideSNP_6_G11_771644	1	103910761	103965310	29	0.5788
DUNGS_p_TCGA_b84_115_SNP_N_GenomeWideSNP_6_G11_771644	1	103979561	104041212	13	-0.4515
DUNGS_p_TCGA_b84_115_SNP_N_GenomeWideSNP_6_G11_771644	1	104041509	105803667	929	-0.0041
DUNGS_p_TCGA_b84_115_SNP_N_GenomeWideSNP_6_G11_771644	1	105803685	105823898	20	0.4571
DUNGS_p_TCGA_b84_115_SNP_N_GenomeWideSNP_6_G11_771644	1	105825578	108563949	1964	-0.001
DUNGS_p_TCGA_b84_115_SNP_N_GenomeWideSNP_6_G11_771644	1	108567878	108631146	6	0.6093
DUNGS_p_TCGA_b84_115_SNP_N_GenomeWideSNP_6_G11_771644	1	108651174	110025907	688	0.0294
DUNGS_p_TCGA_b84_115_SNP_N_GenomeWideSNP_6_G11_771644	1	110025950	110054653	51	0.3409
DUNGS_p_TCGA_b84_115_SNP_N_GenomeWideSNP_6_G11_771644	1	110058147	111977407	1498	0.0321
DUNGS_p_TCGA_b84_115_SNP_N_GenomeWideSNP_6_G11_771644	1	111977522	111977999	2	-1.0074
DUNGS_p_TCGA_b84_115_SNP_N_GenomeWideSNP_6_G11_771644	1	111981676	112491849	439	0.0035
DUNGS_p_TCGA_b84_115_SNP_N_GenomeWideSNP_6_G11_771644	1	112497488	112498913	25	-0.4586
DUNGS_p_TCGA_b84_115_SNP_N_GenomeWideSNP_6_G11_771644	1	112507479	121023852	5182	0.0217
DUNGS_p_TCGA_b84_115_SNP_N_GenomeWideSNP_6_G11_771644	1	121024953	143553915	68	0.2824
DUNGS_p_TCGA_b84_115_SNP_N_GenomeWideSNP_6_G11_771644	1	143560896	143560909	3	1.5984
DUNGS_p_TCGA_b84_115_SNP_N_GenomeWideSNP_6_G11_771644	1	143576984	144812597	387	0.2735
DUNGS_p_TCGA_b84_115_SNP_N_GenomeWideSNP_6_G11_771644	1	144823465	146180183	632	-0.0052
DUNGS_p_TCGA_b84_115_SNP_N_GenomeWideSNP_6_G11_771644	1	146186749	147475203	219	0.3154
DUNGS_p_TCGA_b84_115_SNP_N_GenomeWideSNP_6_G11_771644	1	147475520	147521544	29	0.8888
DUNGS_p_TCGA_b84_115_SNP_N_GenomeWideSNP_6_G11_771644	1	147523315	148015166	64	0.3515
DUNGS_p_TCGA_b84_115_SNP_N_GenomeWideSNP_6_G11_771644	1	148024648	150822330	1467	0.0117
DUNGS_p_TCGA_b84_115_SNP_N_GenomeWideSNP_6_G11_771644	1	150822391	150857118	35	0.9782
DUNGS_p_TCGA_b84_115_SNP_N_GenomeWideSNP_6_G11_771644	1	150857189	151026302	170	-0.0185
DUNGS_p_TCGA_b84_115_SNP_N_GenomeWideSNP_6_G11_771644	1	151028547	151035324	37	0.4896
DUNGS_p_TCGA_b84_115_SNP_N_GenomeWideSNP_6_G11_771644	1	151040529	157133197	3626	-0.0024
DUNGS_p_TCGA_b84_115_SNP_N_GenomeWideSNP_6_G11_771644	1	157135125	157136383	2	-1.4229
DUNGS_p_TCGA_b84_115_SNP_N_GenomeWideSNP_6_G11_771644	1	157141442	166031459	6608	0.0167
DUNGS_p_TCGA_b84_115_SNP_N_GenomeWideSNP_6_G11_771644	1	166032807	166033543	4	-1.1244
DUNGS_p_TCGA_b84_115_SNP_N_GenomeWideSNP_6_G11_771644	1	166035137	173063179	4649	0.002
DUNGS_p_TCGA_b84_115_SNP_N_GenomeWideSNP_6_G11_771644	1	173063322	173068477	16	-0.754
DUNGS_p_TCGA_b84_115_SNP_N_GenomeWideSNP_6_G11_771644	1	173068495	174888821	1182	0.0011
DUNGS_p_TCGA_b84_115_SNP_N_GenomeWideSNP_6_G11_771644	1	174895136	177855868	2067	0.4133
DUNGS_p_TCGA_b84_115_SNP_N_GenomeWideSNP_6_G11_771644	1	177857425	184404347	4411	0.1363
DUNGS_p_TCGA_b84_115_SNP_N_GenomeWideSNP_6_G11_771644	1	184404593	184408696	4	-0.5901
DUNGS_p_TCGA_b84_115_SNP_N_GenomeWideSNP_6_G11_771644	1	184414580	194981496	7010	0.1791
DUNGS_p_TCGA_b84_115_SNP_N_GenomeWideSNP_6_G11_771644	1	194994473	195057649	69	0.5476
DUNGS_p_TCGA_b84_115_SNP_N_GenomeWideSNP_6_G11_771644	1	195057666	208137685	8853	0.1402
DUNGS_p_TCGA_b84_115_SNP_N_GenomeWideSNP_6_G11_771644	1	208148236	208150607	3	-2.2298
DUNGS_p_TCGA_b84_115_SNP_N_GenomeWideSNP_6_G11_771644	1	208153175	211919131	2464	-0.0317
DUNGS_p_TCGA_b84_115_SNP_N_GenomeWideSNP_6_G11_771644	1	211919165	211957883	32	0.1934
DUNGS_p_TCGA_b84_115_SNP_N_GenomeWideSNP_6_G11_771644	1	211958378	220433291	6130	-0.0778
DUNGS_p_TCGA_b84_115_SNP_N_GenomeWideSNP_6_G11_771644	1	220441457	220443627	2	-1.2762
DUNGS_p_TCGA_b84_115_SNP_N_GenomeWideSNP_6_G11_771644	1	220448757	227876030	4449	-0.0813
DUNGS_p_TCGA_b84_115_SNP_N_GenomeWideSNP_6_G11_771644	1	227877792	227887154	7	0.4868
DUNGS_p_TCGA_b84_115_SNP_N_GenomeWideSNP_6_G11_771644	1	227887577	239189784	8687	0.0214
DUNGS_p_TCGA_b84_115_SNP_N_GenomeWideSNP_6_G11_771644	1	239191112	239202133	9	-0.4571
DUNGS_p_TCGA_b84_115_SNP_N_GenomeWideSNP_6_G11_771644	1	239202656	241212216	1599	0.0148
DUNGS_p_TCGA_b84_115_SNP_N_GenomeWideSNP_6_G11_771644	1	241230465	241294770	13	0.5534
DUNGS_p_TCGA_b84_115_SNP_N_GenomeWideSNP_6_G11_771644	1	241324686	242775527	948	0.0414
DUNGS_p_TCGA_b84_115_SNP_N_GenomeWideSNP_6_G11_771644	1	242775622	242775856	2	1.0697
DUNGS_p_TCGA_b84_115_SNP_N_GenomeWideSNP_6_G11_771644	1	242775938	243703033	592	0.0173
DUNGS_p_TCGA_b84_115_SNP_N_GenomeWideSNP_6_G11_771644	1	243703662	243713527	11	-0.9503
DUNGS_p_TCGA_b84_115_SNP_N_GenomeWideSNP_6_G11_771644	1	243716274	247191011	2211	0.0332
DUNGS_p_TCGA_b84_115_SNP_N_GenomeWideSNP_6_G11_771644	2	2784	1109052	761	0.0232
DUNGS_p_TCGA_b84_115_SNP_N_GenomeWideSNP_6_G11_771644	2	1109227	1109420	2	-1.0781
DUNGS_p_TCGA_b84_115_SNP_N_GenomeWideSNP_6_G11_771644	2	1111378	4183562	2228	0.0108
DUNGS_p_TCGA_b84_115_SNP_N_GenomeWideSNP_6_G11_771644	2	4191739	4201042	36	-2.1676
DUNGS_p_TCGA_b84_115_SNP_N_GenomeWideSNP_6_G11_771644	2	4201387	4201894	6	-0.6201
DUNGS_p_TCGA_b84_115_SNP_N_GenomeWideSNP_6_G11_771644	2	4207937	34544573	21103	0.0177
DUNGS_p_TCGA_b84_115_SNP_N_GenomeWideSNP_6_G11_771644	2	34552819	34564978	16	-0.3194
DUNGS_p_TCGA_b84_115_SNP_N_GenomeWideSNP_6_G11_771644	2	34570274	34570632	7	-1.2309
DUNGS_p_TCGA_b84_115_SNP_N_GenomeWideSNP_6_G11_771644	2	34570972	34581371	21	-0.4109
DUNGS_p_TCGA_b84_115_SNP_N_GenomeWideSNP_6_G11_771644	2	34590017	45622438	8125	0.0077
DUNGS_p_TCGA_b84_115_SNP_N_GenomeWideSNP_6_G11_771644	2	45622674	45623898	4	-0.8637
DUNGS_p_TCGA_b84_115_SNP_N_GenomeWideSNP_6_G11_771644	2	45626229	52608385	4936	0.0119
DUNGS_p_TCGA_b84_115_SNP_N_GenomeWideSNP_6_G11_771644	2	52612257	52635046	33	0.7792
DUNGS_p_TCGA_b84_115_SNP_N_GenomeWideSNP_6_G11_771644	2	52641453	79180730	17233	0.0131
DUNGS_p_TCGA_b84_115_SNP_N_GenomeWideSNP_6_G11_771644	2	79180846	79196319	10	0.5663
DUNGS_p_TCGA_b84_115_SNP_N_GenomeWideSNP_6_G11_771644	2	79197326	79210111	16	-0.3238
DUNGS_p_TCGA_b84_115_SNP_N_GenomeWideSNP_6_G11_771644	2	79212293	87295883	4839	0.0132
DUNGS_p_TCGA_b84_115_SNP_N_GenomeWideSNP_6_G11_771644	2	87295900	87302231	7	-0.2755
DUNGS_p_TCGA_b84_115_SNP_N_GenomeWideSNP_6_G11_771644	2	87303980	88924883	624	0.052
DUNGS_p_TCGA_b84_115_SNP_N_GenomeWideSNP_6_G11_771644	2	88925020	89040822	82	-0.2224
DUNGS_p_TCGA_b84_115_SNP_N_GenomeWideSNP_6_G11_771644	2	89041262	106248065	6898	0.0304
DUNGS_p_TCGA_b84_115_SNP_N_GenomeWideSNP_6_G11_771644	2	106249661	106251789	8	-2.2108
DUNGS_p_TCGA_b84_115_SNP_N_GenomeWideSNP_6_G11_771644	2	106253687	114822199	4293	0.026
DUNGS_p_TCGA_b84_115_SNP_N_GenomeWideSNP_6_G11_771644	2	114826086	114829013	3	-0.8839
DUNGS_p_TCGA_b84_115_SNP_N_GenomeWideSNP_6_G11_771644	2	114829309	117490315	1625	0.0069
DUNGS_p_TCGA_b84_115_SNP_N_GenomeWideSNP_6_G11_771644	2	117490442	117548125	28	-0.256
DUNGS_p_TCGA_b84_115_SNP_N_GenomeWideSNP_6_G11_771644	2	117548361	119232846	1142	0.0201
DUNGS_p_TCGA_b84_115_SNP_N_GenomeWideSNP_6_G11_771644	2	119232965	119233147	3	-0.8888
DUNGS_p_TCGA_b84_115_SNP_N_GenomeWideSNP_6_G11_771644	2	119236184	126158693	4426	0.0121
DUNGS_p_TCGA_b84_115_SNP_N_GenomeWideSNP_6_G11_771644	2	126168121	126168383	2	-2.762
DUNGS_p_TCGA_b84_115_SNP_N_GenomeWideSNP_6_G11_771644	2	126168402	129354948	1947	0.0217
DUNGS_p_TCGA_b84_115_SNP_N_GenomeWideSNP_6_G11_771644	2	129354972	129356767	13	-0.7521
DUNGS_p_TCGA_b84_115_SNP_N_GenomeWideSNP_6_G11_771644	2	129356785	130511849	882	0.0168
DUNGS_p_TCGA_b84_115_SNP_N_GenomeWideSNP_6_G11_771644	2	130533809	130625531	20	0.3286
DUNGS_p_TCGA_b84_115_SNP_N_GenomeWideSNP_6_G11_771644	2	130633342	146580927	9596	0.0137
DUNGS_p_TCGA_b84_115_SNP_N_GenomeWideSNP_6_G11_771644	2	146581053	146594928	25	-0.3344
DUNGS_p_TCGA_b84_115_SNP_N_GenomeWideSNP_6_G11_771644	2	146594945	153495731	4203	0.0106
DUNGS_p_TCGA_b84_115_SNP_N_GenomeWideSNP_6_G11_771644	2	153504314	153505030	3	-2.2861
DUNGS_p_TCGA_b84_115_SNP_N_GenomeWideSNP_6_G11_771644	2	153508815	159369731	3420	0.0066
DUNGS_p_TCGA_b84_115_SNP_N_GenomeWideSNP_6_G11_771644	2	159370768	159371044	2	-1.0779
DUNGS_p_TCGA_b84_115_SNP_N_GenomeWideSNP_6_G11_771644	2	159372949	181295275	13766	0.0111
DUNGS_p_TCGA_b84_115_SNP_N_GenomeWideSNP_6_G11_771644	2	181299480	181300218	2	1.2934
DUNGS_p_TCGA_b84_115_SNP_N_GenomeWideSNP_6_G11_771644	2	181302071	208058999	15625	0.0089
DUNGS_p_TCGA_b84_115_SNP_N_GenomeWideSNP_6_G11_771644	2	208063157	208067581	18	0.4186
DUNGS_p_TCGA_b84_115_SNP_N_GenomeWideSNP_6_G11_771644	2	208067721	212889567	3045	0.0076
DUNGS_p_TCGA_b84_115_SNP_N_GenomeWideSNP_6_G11_771644	2	212894794	212898629	15	-1.1146
DUNGS_p_TCGA_b84_115_SNP_N_GenomeWideSNP_6_G11_771644	2	212898935	212899614	6	-0.3889
DUNGS_p_TCGA_b84_115_SNP_N_GenomeWideSNP_6_G11_771644	2	212899663	212900070	4	-1.3429
DUNGS_p_TCGA_b84_115_SNP_N_GenomeWideSNP_6_G11_771644	2	212900371	242738129	19094	0.0162
DUNGS_p_TCGA_b84_115_SNP_N_GenomeWideSNP_6_G11_771644	3	35345	2631107	2270	-0.0801
DUNGS_p_TCGA_b84_115_SNP_N_GenomeWideSNP_6_G11_771644	3	2632255	2640743	9	-0.644
DUNGS_p_TCGA_b84_115_SNP_N_GenomeWideSNP_6_G11_771644	3	2650155	5488866	2562	-0.0482
DUNGS_p_TCGA_b84_115_SNP_N_GenomeWideSNP_6_G11_771644	3	5489020	5489909	2	-1.3885
DUNGS_p_TCGA_b84_115_SNP_N_GenomeWideSNP_6_G11_771644	3	5490732	23954307	13095	-0.0526
DUNGS_p_TCGA_b84_115_SNP_N_GenomeWideSNP_6_G11_771644	3	23956433	23957332	2	-1.3528
DUNGS_p_TCGA_b84_115_SNP_N_GenomeWideSNP_6_G11_771644	3	23957334	26586653	2141	-0.0489
DUNGS_p_TCGA_b84_115_SNP_N_GenomeWideSNP_6_G11_771644	3	26586671	26586889	4	-0.8784
DUNGS_p_TCGA_b84_115_SNP_N_GenomeWideSNP_6_G11_771644	3	26586902	46750820	13191	-0.0526
DUNGS_p_TCGA_b84_115_SNP_N_GenomeWideSNP_6_G11_771644	3	46755094	46758254	3	-1.0914
DUNGS_p_TCGA_b84_115_SNP_N_GenomeWideSNP_6_G11_771644	3	46758587	70632174	16068	-0.0567
DUNGS_p_TCGA_b84_115_SNP_N_GenomeWideSNP_6_G11_771644	3	70632206	70632890	2	-1.9355
DUNGS_p_TCGA_b84_115_SNP_N_GenomeWideSNP_6_G11_771644	3	70633152	75551899	3480	-0.0499
DUNGS_p_TCGA_b84_115_SNP_N_GenomeWideSNP_6_G11_771644	3	75552183	75859609	87	0.2581
DUNGS_p_TCGA_b84_115_SNP_N_GenomeWideSNP_6_G11_771644	3	75865241	85686447	5501	-0.0654
DUNGS_p_TCGA_b84_115_SNP_N_GenomeWideSNP_6_G11_771644	3	85687613	85687761	2	-1.1416
DUNGS_p_TCGA_b84_115_SNP_N_GenomeWideSNP_6_G11_771644	3	85688503	88448629	1500	-0.0643
DUNGS_p_TCGA_b84_115_SNP_N_GenomeWideSNP_6_G11_771644	3	88450448	95010149	1118	0.4126
DUNGS_p_TCGA_b84_115_SNP_N_GenomeWideSNP_6_G11_771644	3	95012936	95223382	84	0.9143
DUNGS_p_TCGA_b84_115_SNP_N_GenomeWideSNP_6_G11_771644	3	95226623	95389014	60	0.5244
DUNGS_p_TCGA_b84_115_SNP_N_GenomeWideSNP_6_G11_771644	3	95394448	95880518	251	-0.0754
DUNGS_p_TCGA_b84_115_SNP_N_GenomeWideSNP_6_G11_771644	3	95881127	96086387	99	0.4848
DUNGS_p_TCGA_b84_115_SNP_N_GenomeWideSNP_6_G11_771644	3	96093730	96192500	43	0.7567
DUNGS_p_TCGA_b84_115_SNP_N_GenomeWideSNP_6_G11_771644	3	96194601	96977735	478	-0.0964
DUNGS_p_TCGA_b84_115_SNP_N_GenomeWideSNP_6_G11_771644	3	96978787	97193042	105	0.4597
DUNGS_p_TCGA_b84_115_SNP_N_GenomeWideSNP_6_G11_771644	3	97193696	97214548	11	0.1932
DUNGS_p_TCGA_b84_115_SNP_N_GenomeWideSNP_6_G11_771644	3	97218560	97226001	3	1.1321
DUNGS_p_TCGA_b84_115_SNP_N_GenomeWideSNP_6_G11_771644	3	97227699	97413451	94	-0.0782
DUNGS_p_TCGA_b84_115_SNP_N_GenomeWideSNP_6_G11_771644	3	97417109	97418596	5	0.9035
DUNGS_p_TCGA_b84_115_SNP_N_GenomeWideSNP_6_G11_771644	3	97421650	100427989	1638	-0.0835
DUNGS_p_TCGA_b84_115_SNP_N_GenomeWideSNP_6_G11_771644	3	100428085	100431492	9	-1.0394
DUNGS_p_TCGA_b84_115_SNP_N_GenomeWideSNP_6_G11_771644	3	100431602	101062987	419	-0.0932
DUNGS_p_TCGA_b84_115_SNP_N_GenomeWideSNP_6_G11_771644	3	101066050	101127234	23	0.8209
DUNGS_p_TCGA_b84_115_SNP_N_GenomeWideSNP_6_G11_771644	3	101129864	101823237	323	-0.0674
DUNGS_p_TCGA_b84_115_SNP_N_GenomeWideSNP_6_G11_771644	3	101823486	101841230	13	0.3288
DUNGS_p_TCGA_b84_115_SNP_N_GenomeWideSNP_6_G11_771644	3	101841649	101860051	11	0.8763
DUNGS_p_TCGA_b84_115_SNP_N_GenomeWideSNP_6_G11_771644	3	101860263	119238218	10910	-0.0262
DUNGS_p_TCGA_b84_115_SNP_N_GenomeWideSNP_6_G11_771644	3	119238261	120935873	1053	0.1942
DUNGS_p_TCGA_b84_115_SNP_N_GenomeWideSNP_6_G11_771644	3	120937135	121163432	123	-0.0517
DUNGS_p_TCGA_b84_115_SNP_N_GenomeWideSNP_6_G11_771644	3	121164371	123555569	1273	0.2523
DUNGS_p_TCGA_b84_115_SNP_N_GenomeWideSNP_6_G11_771644	3	123561507	129881393	3996	-0.0656
DUNGS_p_TCGA_b84_115_SNP_N_GenomeWideSNP_6_G11_771644	3	129881911	129895021	8	0.4783
DUNGS_p_TCGA_b84_115_SNP_N_GenomeWideSNP_6_G11_771644	3	129896851	131243312	623	-0.0759
DUNGS_p_TCGA_b84_115_SNP_N_GenomeWideSNP_6_G11_771644	3	131243814	131288926	54	0.5472
DUNGS_p_TCGA_b84_115_SNP_N_GenomeWideSNP_6_G11_771644	3	131289614	133472020	1444	-0.0883
DUNGS_p_TCGA_b84_115_SNP_N_GenomeWideSNP_6_G11_771644	3	133472037	133475463	3	0.8284
DUNGS_p_TCGA_b84_115_SNP_N_GenomeWideSNP_6_G11_771644	3	133475926	153830172	12691	-0.0698
DUNGS_p_TCGA_b84_115_SNP_N_GenomeWideSNP_6_G11_771644	3	153830448	153832722	7	0.5513
DUNGS_p_TCGA_b84_115_SNP_N_GenomeWideSNP_6_G11_771644	3	153832740	161259047	4470	-0.0781
DUNGS_p_TCGA_b84_115_SNP_N_GenomeWideSNP_6_G11_771644	3	161260067	163995351	1695	0.282
DUNGS_p_TCGA_b84_115_SNP_N_GenomeWideSNP_6_G11_771644	3	163995433	164013564	14	-0.233
DUNGS_p_TCGA_b84_115_SNP_N_GenomeWideSNP_6_G11_771644	3	164015644	164023184	7	-1.3072
DUNGS_p_TCGA_b84_115_SNP_N_GenomeWideSNP_6_G11_771644	3	164028410	164111493	54	-0.0453
DUNGS_p_TCGA_b84_115_SNP_N_GenomeWideSNP_6_G11_771644	3	164111606	164197211	66	0.4303
DUNGS_p_TCGA_b84_115_SNP_N_GenomeWideSNP_6_G11_771644	3	164200421	164202256	2	-3.2975
DUNGS_p_TCGA_b84_115_SNP_N_GenomeWideSNP_6_G11_771644	3	164208853	174244559	5999	0.4055
DUNGS_p_TCGA_b84_115_SNP_N_GenomeWideSNP_6_G11_771644	3	174245010	194357441	13137	-0.0025
DUNGS_p_TCGA_b84_115_SNP_N_GenomeWideSNP_6_G11_771644	3	194360596	194361700	7	1.0355
DUNGS_p_TCGA_b84_115_SNP_N_GenomeWideSNP_6_G11_771644	3	194363167	196115877	1174	0.0146
DUNGS_p_TCGA_b84_115_SNP_N_GenomeWideSNP_6_G11_771644	3	196122605	196123134	5	-0.9937
DUNGS_p_TCGA_b84_115_SNP_N_GenomeWideSNP_6_G11_771644	3	196123769	196875861	323	0.0211
DUNGS_p_TCGA_b84_115_SNP_N_GenomeWideSNP_6_G11_771644	3	196884256	196964365	46	0.3877
DUNGS_p_TCGA_b84_115_SNP_N_GenomeWideSNP_6_G11_771644	3	196964532	199380515	1173	0.0331
DUNGS_p_TCGA_b84_115_SNP_N_GenomeWideSNP_6_G11_771644	4	2281	12881	11	0.1073
DUNGS_p_TCGA_b84_115_SNP_N_GenomeWideSNP_6_G11_771644	4	13178	26310	15	0.4764
DUNGS_p_TCGA_b84_115_SNP_N_GenomeWideSNP_6_G11_771644	4	26331	4065502	1645	0.0408
DUNGS_p_TCGA_b84_115_SNP_N_GenomeWideSNP_6_G11_771644	4	4066344	4227530	53	0.395
DUNGS_p_TCGA_b84_115_SNP_N_GenomeWideSNP_6_G11_771644	4	4228074	4968872	575	0.0342
DUNGS_p_TCGA_b84_115_SNP_N_GenomeWideSNP_6_G11_771644	4	4971174	4973373	2	0.8941
DUNGS_p_TCGA_b84_115_SNP_N_GenomeWideSNP_6_G11_771644	4	4975170	5282169	265	0.046
DUNGS_p_TCGA_b84_115_SNP_N_GenomeWideSNP_6_G11_771644	4	5283649	5288410	4	-0.7732
DUNGS_p_TCGA_b84_115_SNP_N_GenomeWideSNP_6_G11_771644	4	5289029	5361657	44	4e-04
DUNGS_p_TCGA_b84_115_SNP_N_GenomeWideSNP_6_G11_771644	4	5366335	5371835	4	-1.0589
DUNGS_p_TCGA_b84_115_SNP_N_GenomeWideSNP_6_G11_771644	4	5374196	9066075	2636	0.0361
DUNGS_p_TCGA_b84_115_SNP_N_GenomeWideSNP_6_G11_771644	4	9070328	9228235	49	0.3291
DUNGS_p_TCGA_b84_115_SNP_N_GenomeWideSNP_6_G11_771644	4	9235511	9838406	521	0.0435
DUNGS_p_TCGA_b84_115_SNP_N_GenomeWideSNP_6_G11_771644	4	9838728	9848395	25	0.4355
DUNGS_p_TCGA_b84_115_SNP_N_GenomeWideSNP_6_G11_771644	4	9849761	12253946	2004	0.0287
DUNGS_p_TCGA_b84_115_SNP_N_GenomeWideSNP_6_G11_771644	4	12260156	12265834	3	0.8683
DUNGS_p_TCGA_b84_115_SNP_N_GenomeWideSNP_6_G11_771644	4	12265835	19709748	5320	0.0251
DUNGS_p_TCGA_b84_115_SNP_N_GenomeWideSNP_6_G11_771644	4	19710131	19724976	5	-0.8326
DUNGS_p_TCGA_b84_115_SNP_N_GenomeWideSNP_6_G11_771644	4	19725240	34455399	9668	0.0224
DUNGS_p_TCGA_b84_115_SNP_N_GenomeWideSNP_6_G11_771644	4	34455420	34455435	2	-1.8677
DUNGS_p_TCGA_b84_115_SNP_N_GenomeWideSNP_6_G11_771644	4	34455449	34501120	39	0.5435
DUNGS_p_TCGA_b84_115_SNP_N_GenomeWideSNP_6_G11_771644	4	34506267	56295470	11685	0.0196
DUNGS_p_TCGA_b84_115_SNP_N_GenomeWideSNP_6_G11_771644	4	56301378	56302231	3	-0.8593
DUNGS_p_TCGA_b84_115_SNP_N_GenomeWideSNP_6_G11_771644	4	56303136	63024160	4180	0.0065
DUNGS_p_TCGA_b84_115_SNP_N_GenomeWideSNP_6_G11_771644	4	63025192	63026101	2	-1.0579
DUNGS_p_TCGA_b84_115_SNP_N_GenomeWideSNP_6_G11_771644	4	63031213	64388110	753	0.0231
DUNGS_p_TCGA_b84_115_SNP_N_GenomeWideSNP_6_G11_771644	4	64388123	64390724	11	0.644
DUNGS_p_TCGA_b84_115_SNP_N_GenomeWideSNP_6_G11_771644	4	64390803	68927029	2860	0.0025
DUNGS_p_TCGA_b84_115_SNP_N_GenomeWideSNP_6_G11_771644	4	68937665	68942668	3	-1.5623
DUNGS_p_TCGA_b84_115_SNP_N_GenomeWideSNP_6_G11_771644	4	68943146	70158099	416	0.0296
DUNGS_p_TCGA_b84_115_SNP_N_GenomeWideSNP_6_G11_771644	4	70162233	70270740	57	-0.5153
DUNGS_p_TCGA_b84_115_SNP_N_GenomeWideSNP_6_G11_771644	4	70273685	72986342	1495	6e-04
DUNGS_p_TCGA_b84_115_SNP_N_GenomeWideSNP_6_G11_771644	4	72986536	72997988	2	-1.1075
DUNGS_p_TCGA_b84_115_SNP_N_GenomeWideSNP_6_G11_771644	4	72998173	92762840	12407	0.0093
DUNGS_p_TCGA_b84_115_SNP_N_GenomeWideSNP_6_G11_771644	4	92763815	92767826	2	1.1103
DUNGS_p_TCGA_b84_115_SNP_N_GenomeWideSNP_6_G11_771644	4	92769320	104435155	6784	0.0085
DUNGS_p_TCGA_b84_115_SNP_N_GenomeWideSNP_6_G11_771644	4	104437549	104437550	2	-1.0423
DUNGS_p_TCGA_b84_115_SNP_N_GenomeWideSNP_6_G11_771644	4	104437551	107705708	1910	0.0106
DUNGS_p_TCGA_b84_115_SNP_N_GenomeWideSNP_6_G11_771644	4	107719713	107720288	3	-0.9418
DUNGS_p_TCGA_b84_115_SNP_N_GenomeWideSNP_6_G11_771644	4	107722658	115393077	4776	0.0067
DUNGS_p_TCGA_b84_115_SNP_N_GenomeWideSNP_6_G11_771644	4	115393105	115401624	25	0.6875
DUNGS_p_TCGA_b84_115_SNP_N_GenomeWideSNP_6_G11_771644	4	115403678	138311870	13272	0.0032
DUNGS_p_TCGA_b84_115_SNP_N_GenomeWideSNP_6_G11_771644	4	138311966	138312376	9	-0.9855
DUNGS_p_TCGA_b84_115_SNP_N_GenomeWideSNP_6_G11_771644	4	138312388	157107539	11646	0.0127
DUNGS_p_TCGA_b84_115_SNP_N_GenomeWideSNP_6_G11_771644	4	157107690	157107969	4	-0.7368
DUNGS_p_TCGA_b84_115_SNP_N_GenomeWideSNP_6_G11_771644	4	157109711	157176082	52	-0.0072
DUNGS_p_TCGA_b84_115_SNP_N_GenomeWideSNP_6_G11_771644	4	157187425	157192655	16	-0.8726
DUNGS_p_TCGA_b84_115_SNP_N_GenomeWideSNP_6_G11_771644	4	157194147	191022559	22272	0.0078
DUNGS_p_TCGA_b84_115_SNP_N_GenomeWideSNP_6_G11_771644	4	191028537	191261904	62	0.3009
DUNGS_p_TCGA_b84_115_SNP_N_GenomeWideSNP_6_G11_771644	5	68532	1980293	961	0.0274
DUNGS_p_TCGA_b84_115_SNP_N_GenomeWideSNP_6_G11_771644	5	1980353	1981889	3	-0.9561
DUNGS_p_TCGA_b84_115_SNP_N_GenomeWideSNP_6_G11_771644	5	1983367	3124990	1056	0.0116
DUNGS_p_TCGA_b84_115_SNP_N_GenomeWideSNP_6_G11_771644	5	3125852	3125862	2	-0.895
DUNGS_p_TCGA_b84_115_SNP_N_GenomeWideSNP_6_G11_771644	5	3126104	8755240	4950	0.0192
DUNGS_p_TCGA_b84_115_SNP_N_GenomeWideSNP_6_G11_771644	5	8755522	8800142	47	-1.0062
DUNGS_p_TCGA_b84_115_SNP_N_GenomeWideSNP_6_G11_771644	5	8802731	10884507	1801	0.0137
DUNGS_p_TCGA_b84_115_SNP_N_GenomeWideSNP_6_G11_771644	5	10885171	10885271	2	-1.4055
DUNGS_p_TCGA_b84_115_SNP_N_GenomeWideSNP_6_G11_771644	5	10886704	12853889	1410	0.0222
DUNGS_p_TCGA_b84_115_SNP_N_GenomeWideSNP_6_G11_771644	5	12868780	12879650	11	-1.7637
DUNGS_p_TCGA_b84_115_SNP_N_GenomeWideSNP_6_G11_771644	5	12886857	57357403	25686	0.0187
DUNGS_p_TCGA_b84_115_SNP_N_GenomeWideSNP_6_G11_771644	5	57361784	57387570	39	-0.3324
DUNGS_p_TCGA_b84_115_SNP_N_GenomeWideSNP_6_G11_771644	5	57389342	69269200	7308	0.0144
DUNGS_p_TCGA_b84_115_SNP_N_GenomeWideSNP_6_G11_771644	5	69349429	70290662	10	0.3976
DUNGS_p_TCGA_b84_115_SNP_N_GenomeWideSNP_6_G11_771644	5	70342415	70427009	8	1.1921
DUNGS_p_TCGA_b84_115_SNP_N_GenomeWideSNP_6_G11_771644	5	70689828	81455046	6898	0.0201
DUNGS_p_TCGA_b84_115_SNP_N_GenomeWideSNP_6_G11_771644	5	81463238	81482867	7	0.645
DUNGS_p_TCGA_b84_115_SNP_N_GenomeWideSNP_6_G11_771644	5	81487020	86147512	2750	0.0061
DUNGS_p_TCGA_b84_115_SNP_N_GenomeWideSNP_6_G11_771644	5	86151134	86157385	4	-0.995
DUNGS_p_TCGA_b84_115_SNP_N_GenomeWideSNP_6_G11_771644	5	86158523	101137000	8305	0.0124
DUNGS_p_TCGA_b84_115_SNP_N_GenomeWideSNP_6_G11_771644	5	101137770	101143488	2	-1.0671
DUNGS_p_TCGA_b84_115_SNP_N_GenomeWideSNP_6_G11_771644	5	101144177	103879120	1592	0.0112
DUNGS_p_TCGA_b84_115_SNP_N_GenomeWideSNP_6_G11_771644	5	103888272	103889071	6	0.7332
DUNGS_p_TCGA_b84_115_SNP_N_GenomeWideSNP_6_G11_771644	5	103889089	112288302	5612	0.0076
DUNGS_p_TCGA_b84_115_SNP_N_GenomeWideSNP_6_G11_771644	5	112292438	112304546	9	-0.9769
DUNGS_p_TCGA_b84_115_SNP_N_GenomeWideSNP_6_G11_771644	5	112312122	130320556	11949	0.0076
DUNGS_p_TCGA_b84_115_SNP_N_GenomeWideSNP_6_G11_771644	5	130322743	130325096	2	1.105
DUNGS_p_TCGA_b84_115_SNP_N_GenomeWideSNP_6_G11_771644	5	130328493	156353281	16578	0.0223
DUNGS_p_TCGA_b84_115_SNP_N_GenomeWideSNP_6_G11_771644	5	156354509	156358817	5	-0.8901
DUNGS_p_TCGA_b84_115_SNP_N_GenomeWideSNP_6_G11_771644	5	156359871	175392693	13479	0.0191
DUNGS_p_TCGA_b84_115_SNP_N_GenomeWideSNP_6_G11_771644	5	175398295	175409786	5	-0.8123
DUNGS_p_TCGA_b84_115_SNP_N_GenomeWideSNP_6_G11_771644	5	175456803	177160157	727	0.0353
DUNGS_p_TCGA_b84_115_SNP_N_GenomeWideSNP_6_G11_771644	5	177161185	177198586	6	0.5765
DUNGS_p_TCGA_b84_115_SNP_N_GenomeWideSNP_6_G11_771644	5	177198832	179036656	1082	0.0254
DUNGS_p_TCGA_b84_115_SNP_N_GenomeWideSNP_6_G11_771644	5	179036676	179037758	9	0.5285
DUNGS_p_TCGA_b84_115_SNP_N_GenomeWideSNP_6_G11_771644	5	179037873	180307129	719	0.0221
DUNGS_p_TCGA_b84_115_SNP_N_GenomeWideSNP_6_G11_771644	5	180311316	180350709	19	-0.3656
DUNGS_p_TCGA_b84_115_SNP_N_GenomeWideSNP_6_G11_771644	5	180365831	180722926	171	0.0103
DUNGS_p_TCGA_b84_115_SNP_N_GenomeWideSNP_6_G11_771644	6	94661	199283	101	0.076
DUNGS_p_TCGA_b84_115_SNP_N_GenomeWideSNP_6_G11_771644	6	202353	239725	22	0.6589
DUNGS_p_TCGA_b84_115_SNP_N_GenomeWideSNP_6_G11_771644	6	239837	311333	71	0.2884
DUNGS_p_TCGA_b84_115_SNP_N_GenomeWideSNP_6_G11_771644	6	318453	5971210	4671	0.004
DUNGS_p_TCGA_b84_115_SNP_N_GenomeWideSNP_6_G11_771644	6	5978930	5979435	3	-0.9071
DUNGS_p_TCGA_b84_115_SNP_N_GenomeWideSNP_6_G11_771644	6	5982044	8486018	2072	-0.0013
DUNGS_p_TCGA_b84_115_SNP_N_GenomeWideSNP_6_G11_771644	6	8487229	8487242	2	-1.1716
DUNGS_p_TCGA_b84_115_SNP_N_GenomeWideSNP_6_G11_771644	6	8490431	9103624	468	-0.0041
DUNGS_p_TCGA_b84_115_SNP_N_GenomeWideSNP_6_G11_771644	6	9119775	9122876	2	-1.2716
DUNGS_p_TCGA_b84_115_SNP_N_GenomeWideSNP_6_G11_771644	6	9141797	17192116	6019	0.0042
DUNGS_p_TCGA_b84_115_SNP_N_GenomeWideSNP_6_G11_771644	6	17192901	17197884	2	1.1308
DUNGS_p_TCGA_b84_115_SNP_N_GenomeWideSNP_6_G11_771644	6	17198806	29945051	8334	0.0068
DUNGS_p_TCGA_b84_115_SNP_N_GenomeWideSNP_6_G11_771644	6	29945166	30009555	37	0.6036
DUNGS_p_TCGA_b84_115_SNP_N_GenomeWideSNP_6_G11_771644	6	30016448	31388802	653	0.0457
DUNGS_p_TCGA_b84_115_SNP_N_GenomeWideSNP_6_G11_771644	6	31394255	31417903	12	1.0578
DUNGS_p_TCGA_b84_115_SNP_N_GenomeWideSNP_6_G11_771644	6	31425326	32560907	508	0.0233
DUNGS_p_TCGA_b84_115_SNP_N_GenomeWideSNP_6_G11_771644	6	32562253	32678343	32	1.8331
DUNGS_p_TCGA_b84_115_SNP_N_GenomeWideSNP_6_G11_771644	6	32681749	32694886	13	0.1078
DUNGS_p_TCGA_b84_115_SNP_N_GenomeWideSNP_6_G11_771644	6	32695435	32710085	8	1.0286
DUNGS_p_TCGA_b84_115_SNP_N_GenomeWideSNP_6_G11_771644	6	32710247	32717405	6	0.1867
DUNGS_p_TCGA_b84_115_SNP_N_GenomeWideSNP_6_G11_771644	6	32732282	32734596	6	1.3863
DUNGS_p_TCGA_b84_115_SNP_N_GenomeWideSNP_6_G11_771644	6	32758590	32798005	45	0.115
DUNGS_p_TCGA_b84_115_SNP_N_GenomeWideSNP_6_G11_771644	6	32798775	32798808	3	1.8867
DUNGS_p_TCGA_b84_115_SNP_N_GenomeWideSNP_6_G11_771644	6	32798923	47281615	9325	0.0522
DUNGS_p_TCGA_b84_115_SNP_N_GenomeWideSNP_6_G11_771644	6	47284844	47292167	4	-0.8895
DUNGS_p_TCGA_b84_115_SNP_N_GenomeWideSNP_6_G11_771644	6	47296720	52719077	3378	0.0019
DUNGS_p_TCGA_b84_115_SNP_N_GenomeWideSNP_6_G11_771644	6	52719343	52772441	53	0.2094
DUNGS_p_TCGA_b84_115_SNP_N_GenomeWideSNP_6_G11_771644	6	52772531	54039043	949	0.0081
DUNGS_p_TCGA_b84_115_SNP_N_GenomeWideSNP_6_G11_771644	6	54039110	54039814	7	-1.2374
DUNGS_p_TCGA_b84_115_SNP_N_GenomeWideSNP_6_G11_771644	6	54043307	62298714	2679	0.0177
DUNGS_p_TCGA_b84_115_SNP_N_GenomeWideSNP_6_G11_771644	6	62298727	62298965	7	0.6009
DUNGS_p_TCGA_b84_115_SNP_N_GenomeWideSNP_6_G11_771644	6	62299111	65767450	1914	0.0228
DUNGS_p_TCGA_b84_115_SNP_N_GenomeWideSNP_6_G11_771644	6	65768120	65770513	3	-1.0266
DUNGS_p_TCGA_b84_115_SNP_N_GenomeWideSNP_6_G11_771644	6	65774105	67094767	898	0.0181
DUNGS_p_TCGA_b84_115_SNP_N_GenomeWideSNP_6_G11_771644	6	67097634	67099913	7	-2.2768
DUNGS_p_TCGA_b84_115_SNP_N_GenomeWideSNP_6_G11_771644	6	67099956	72919646	3932	0.0176
DUNGS_p_TCGA_b84_115_SNP_N_GenomeWideSNP_6_G11_771644	6	72923245	72923593	2	-1.7266
DUNGS_p_TCGA_b84_115_SNP_N_GenomeWideSNP_6_G11_771644	6	72925284	74648529	1088	-0.003
DUNGS_p_TCGA_b84_115_SNP_N_GenomeWideSNP_6_G11_771644	6	74648586	74658138	11	0.6166
DUNGS_p_TCGA_b84_115_SNP_N_GenomeWideSNP_6_G11_771644	6	74660283	77493251	1771	-0.0065
DUNGS_p_TCGA_b84_115_SNP_N_GenomeWideSNP_6_G11_771644	6	77496587	77508989	14	-0.558
DUNGS_p_TCGA_b84_115_SNP_N_GenomeWideSNP_6_G11_771644	6	77509101	79019608	987	4e-04
DUNGS_p_TCGA_b84_115_SNP_N_GenomeWideSNP_6_G11_771644	6	79025784	79028500	5	-2.1957
DUNGS_p_TCGA_b84_115_SNP_N_GenomeWideSNP_6_G11_771644	6	79028521	79029515	10	-3.8293
DUNGS_p_TCGA_b84_115_SNP_N_GenomeWideSNP_6_G11_771644	6	79029672	79091904	98	-2.2897
DUNGS_p_TCGA_b84_115_SNP_N_GenomeWideSNP_6_G11_771644	6	79095953	80184265	649	0.0121
DUNGS_p_TCGA_b84_115_SNP_N_GenomeWideSNP_6_G11_771644	6	80186652	80187859	6	-0.5917
DUNGS_p_TCGA_b84_115_SNP_N_GenomeWideSNP_6_G11_771644	6	80188885	87130663	4368	0.0058
DUNGS_p_TCGA_b84_115_SNP_N_GenomeWideSNP_6_G11_771644	6	87130957	87138870	6	-0.8162
DUNGS_p_TCGA_b84_115_SNP_N_GenomeWideSNP_6_G11_771644	6	87140292	103841338	10472	0.0117
DUNGS_p_TCGA_b84_115_SNP_N_GenomeWideSNP_6_G11_771644	6	103841496	103854423	20	-0.3676
DUNGS_p_TCGA_b84_115_SNP_N_GenomeWideSNP_6_G11_771644	6	103854475	114328648	6713	0.0083
DUNGS_p_TCGA_b84_115_SNP_N_GenomeWideSNP_6_G11_771644	6	114331534	114331709	2	-1.3171
DUNGS_p_TCGA_b84_115_SNP_N_GenomeWideSNP_6_G11_771644	6	114332504	115302149	577	9e-04
DUNGS_p_TCGA_b84_115_SNP_N_GenomeWideSNP_6_G11_771644	6	115309225	115309483	4	-1.1355
DUNGS_p_TCGA_b84_115_SNP_N_GenomeWideSNP_6_G11_771644	6	115312969	153999063	25044	-0.015
DUNGS_p_TCGA_b84_115_SNP_N_GenomeWideSNP_6_G11_771644	6	154002479	154003112	2	-1.2551
DUNGS_p_TCGA_b84_115_SNP_N_GenomeWideSNP_6_G11_771644	6	154003592	170824459	11970	-0.0254
DUNGS_p_TCGA_b84_115_SNP_N_GenomeWideSNP_6_G11_771644	6	170892304	170892930	2	0.7518
DUNGS_p_TCGA_b84_115_SNP_N_GenomeWideSNP_6_G11_771644	7	52911	61624679	40767	0.2344
DUNGS_p_TCGA_b84_115_SNP_N_GenomeWideSNP_6_G11_771644	7	61624692	62680496	292	1.0041
DUNGS_p_TCGA_b84_115_SNP_N_GenomeWideSNP_6_G11_771644	7	62692176	63123134	140	0.7769
DUNGS_p_TCGA_b84_115_SNP_N_GenomeWideSNP_6_G11_771644	7	63124758	63241097	62	0.4207
DUNGS_p_TCGA_b84_115_SNP_N_GenomeWideSNP_6_G11_771644	7	63242857	64233133	507	0.7355
DUNGS_p_TCGA_b84_115_SNP_N_GenomeWideSNP_6_G11_771644	7	64274563	64329761	19	1.3266
DUNGS_p_TCGA_b84_115_SNP_N_GenomeWideSNP_6_G11_771644	7	64331597	64619679	163	0.797
DUNGS_p_TCGA_b84_115_SNP_N_GenomeWideSNP_6_G11_771644	7	64635407	65170444	179	1.2291
DUNGS_p_TCGA_b84_115_SNP_N_GenomeWideSNP_6_G11_771644	7	65174431	66266675	384	0.9588
DUNGS_p_TCGA_b84_115_SNP_N_GenomeWideSNP_6_G11_771644	7	66266764	66336369	24	1.3342
DUNGS_p_TCGA_b84_115_SNP_N_GenomeWideSNP_6_G11_771644	7	66337219	68005115	1134	0.8724
DUNGS_p_TCGA_b84_115_SNP_N_GenomeWideSNP_6_G11_771644	7	68006055	70805847	1789	-0.0256
DUNGS_p_TCGA_b84_115_SNP_N_GenomeWideSNP_6_G11_771644	7	70815733	70816495	2	0.9552
DUNGS_p_TCGA_b84_115_SNP_N_GenomeWideSNP_6_G11_771644	7	70817252	71253372	269	-0.0329
DUNGS_p_TCGA_b84_115_SNP_N_GenomeWideSNP_6_G11_771644	7	71253781	71536373	199	0.9271
DUNGS_p_TCGA_b84_115_SNP_N_GenomeWideSNP_6_G11_771644	7	71537804	71815187	119	0.0401
DUNGS_p_TCGA_b84_115_SNP_N_GenomeWideSNP_6_G11_771644	7	71823965	71933119	36	0.932
DUNGS_p_TCGA_b84_115_SNP_N_GenomeWideSNP_6_G11_771644	7	71946026	72087823	52	0.0659
DUNGS_p_TCGA_b84_115_SNP_N_GenomeWideSNP_6_G11_771644	7	72093620	72096449	4	0.7773
DUNGS_p_TCGA_b84_115_SNP_N_GenomeWideSNP_6_G11_771644	7	72096523	73159688	285	-0.014
DUNGS_p_TCGA_b84_115_SNP_N_GenomeWideSNP_6_G11_771644	7	73163954	73220531	22	0.7186
DUNGS_p_TCGA_b84_115_SNP_N_GenomeWideSNP_6_G11_771644	7	73223089	89843682	9613	-0.0271
DUNGS_p_TCGA_b84_115_SNP_N_GenomeWideSNP_6_G11_771644	7	89847010	89847149	3	-0.8513
DUNGS_p_TCGA_b84_115_SNP_N_GenomeWideSNP_6_G11_771644	7	89850022	91046078	872	-0.0213
DUNGS_p_TCGA_b84_115_SNP_N_GenomeWideSNP_6_G11_771644	7	91056820	91062974	5	0.6029
DUNGS_p_TCGA_b84_115_SNP_N_GenomeWideSNP_6_G11_771644	7	91063835	97239868	3862	-0.0276
DUNGS_p_TCGA_b84_115_SNP_N_GenomeWideSNP_6_G11_771644	7	97239895	97240411	7	-1.1866
DUNGS_p_TCGA_b84_115_SNP_N_GenomeWideSNP_6_G11_771644	7	97242176	101889169	2054	-0.0134
DUNGS_p_TCGA_b84_115_SNP_N_GenomeWideSNP_6_G11_771644	7	102022781	102181307	45	0.3274
DUNGS_p_TCGA_b84_115_SNP_N_GenomeWideSNP_6_G11_771644	7	102182164	109228865	4566	-0.0225
DUNGS_p_TCGA_b84_115_SNP_N_GenomeWideSNP_6_G11_771644	7	109229015	109241146	9	-0.5089
DUNGS_p_TCGA_b84_115_SNP_N_GenomeWideSNP_6_G11_771644	7	109241218	112848164	2310	-0.0163
DUNGS_p_TCGA_b84_115_SNP_N_GenomeWideSNP_6_G11_771644	7	112855271	112859723	6	-1.3997
DUNGS_p_TCGA_b84_115_SNP_N_GenomeWideSNP_6_G11_771644	7	112869845	124383883	6782	-0.0332
DUNGS_p_TCGA_b84_115_SNP_N_GenomeWideSNP_6_G11_771644	7	124387037	124387082	2	1.0336
DUNGS_p_TCGA_b84_115_SNP_N_GenomeWideSNP_6_G11_771644	7	124387741	124717958	182	-0.06
DUNGS_p_TCGA_b84_115_SNP_N_GenomeWideSNP_6_G11_771644	7	124720459	124721113	2	1.0852
DUNGS_p_TCGA_b84_115_SNP_N_GenomeWideSNP_6_G11_771644	7	124723015	125832210	761	-0.0253
DUNGS_p_TCGA_b84_115_SNP_N_GenomeWideSNP_6_G11_771644	7	125832718	125833851	12	0.9866
DUNGS_p_TCGA_b84_115_SNP_N_GenomeWideSNP_6_G11_771644	7	125834112	141417001	9959	-0.0223
DUNGS_p_TCGA_b84_115_SNP_N_GenomeWideSNP_6_G11_771644	7	141417096	141445629	37	0.2963
DUNGS_p_TCGA_b84_115_SNP_N_GenomeWideSNP_6_G11_771644	7	141452011	141691401	186	-0.0441
DUNGS_p_TCGA_b84_115_SNP_N_GenomeWideSNP_6_G11_771644	7	141693581	141693868	5	-0.8042
DUNGS_p_TCGA_b84_115_SNP_N_GenomeWideSNP_6_G11_771644	7	141694120	142154515	255	-0.0631
DUNGS_p_TCGA_b84_115_SNP_N_GenomeWideSNP_6_G11_771644	7	142156294	142163009	12	-2.7305
DUNGS_p_TCGA_b84_115_SNP_N_GenomeWideSNP_6_G11_771644	7	142164707	142165268	10	-0.7911
DUNGS_p_TCGA_b84_115_SNP_N_GenomeWideSNP_6_G11_771644	7	142165340	142165614	5	-2.2825
DUNGS_p_TCGA_b84_115_SNP_N_GenomeWideSNP_6_G11_771644	7	142165684	142928530	470	-0.0141
DUNGS_p_TCGA_b84_115_SNP_N_GenomeWideSNP_6_G11_771644	7	142928980	143039363	34	-0.3277
DUNGS_p_TCGA_b84_115_SNP_N_GenomeWideSNP_6_G11_771644	7	143056311	143083821	26	0.0977
DUNGS_p_TCGA_b84_115_SNP_N_GenomeWideSNP_6_G11_771644	7	143101053	143198992	42	-0.4091
DUNGS_p_TCGA_b84_115_SNP_N_GenomeWideSNP_6_G11_771644	7	143203099	143340569	121	-0.0086
DUNGS_p_TCGA_b84_115_SNP_N_GenomeWideSNP_6_G11_771644	7	143340617	143342084	9	0.51
DUNGS_p_TCGA_b84_115_SNP_N_GenomeWideSNP_6_G11_771644	7	143342102	143527185	139	-0.0255
DUNGS_p_TCGA_b84_115_SNP_N_GenomeWideSNP_6_G11_771644	7	143535212	143634679	28	0.3335
DUNGS_p_TCGA_b84_115_SNP_N_GenomeWideSNP_6_G11_771644	7	143637634	158819765	9719	-0.0203
DUNGS_p_TCGA_b84_115_SNP_N_GenomeWideSNP_6_G11_771644	8	21254	3775124	3452	-0.0055
DUNGS_p_TCGA_b84_115_SNP_N_GenomeWideSNP_6_G11_771644	8	3775511	3775513	2	1.3686
DUNGS_p_TCGA_b84_115_SNP_N_GenomeWideSNP_6_G11_771644	8	3775659	3862811	140	-0.03
DUNGS_p_TCGA_b84_115_SNP_N_GenomeWideSNP_6_G11_771644	8	3863725	3864060	2	-1.2
DUNGS_p_TCGA_b84_115_SNP_N_GenomeWideSNP_6_G11_771644	8	3866894	4777377	1474	-0.0018
DUNGS_p_TCGA_b84_115_SNP_N_GenomeWideSNP_6_G11_771644	8	4777783	4782440	2	-1.3475
DUNGS_p_TCGA_b84_115_SNP_N_GenomeWideSNP_6_G11_771644	8	4784660	5522614	937	-0.023
DUNGS_p_TCGA_b84_115_SNP_N_GenomeWideSNP_6_G11_771644	8	5522669	5522871	2	-1.4319
DUNGS_p_TCGA_b84_115_SNP_N_GenomeWideSNP_6_G11_771644	8	5523480	7174056	1827	-0.0165
DUNGS_p_TCGA_b84_115_SNP_N_GenomeWideSNP_6_G11_771644	8	7181231	8140241	248	0.3057
DUNGS_p_TCGA_b84_115_SNP_N_GenomeWideSNP_6_G11_771644	8	8145176	12242625	3239	0.0049
DUNGS_p_TCGA_b84_115_SNP_N_GenomeWideSNP_6_G11_771644	8	12260380	12483119	101	0.5256
DUNGS_p_TCGA_b84_115_SNP_N_GenomeWideSNP_6_G11_771644	8	12483262	12603300	34	0.2145
DUNGS_p_TCGA_b84_115_SNP_N_GenomeWideSNP_6_G11_771644	8	12604206	14431172	1801	-0.0972
DUNGS_p_TCGA_b84_115_SNP_N_GenomeWideSNP_6_G11_771644	8	14431231	14435509	3	-1.0082
DUNGS_p_TCGA_b84_115_SNP_N_GenomeWideSNP_6_G11_771644	8	14440185	38407620	17163	-0.0955
DUNGS_p_TCGA_b84_115_SNP_N_GenomeWideSNP_6_G11_771644	8	38409516	38410244	4	0.7552
DUNGS_p_TCGA_b84_115_SNP_N_GenomeWideSNP_6_G11_771644	8	38410369	39349816	509	0.0066
DUNGS_p_TCGA_b84_115_SNP_N_GenomeWideSNP_6_G11_771644	8	39354760	39506122	59	-2.5812
DUNGS_p_TCGA_b84_115_SNP_N_GenomeWideSNP_6_G11_771644	8	39507456	40891153	1075	-0.0141
DUNGS_p_TCGA_b84_115_SNP_N_GenomeWideSNP_6_G11_771644	8	40897009	40897628	2	-2.1405
DUNGS_p_TCGA_b84_115_SNP_N_GenomeWideSNP_6_G11_771644	8	40902837	47636177	1696	0.0123
DUNGS_p_TCGA_b84_115_SNP_N_GenomeWideSNP_6_G11_771644	8	47640282	47665260	12	0.549
DUNGS_p_TCGA_b84_115_SNP_N_GenomeWideSNP_6_G11_771644	8	47666514	72374919	15141	0.0216
DUNGS_p_TCGA_b84_115_SNP_N_GenomeWideSNP_6_G11_771644	8	72377865	72379153	9	-0.3473
DUNGS_p_TCGA_b84_115_SNP_N_GenomeWideSNP_6_G11_771644	8	72382417	112360670	24149	0.1544
DUNGS_p_TCGA_b84_115_SNP_N_GenomeWideSNP_6_G11_771644	8	112363455	112364436	10	0.7112
DUNGS_p_TCGA_b84_115_SNP_N_GenomeWideSNP_6_G11_771644	8	112369457	115704877	1840	0.1442
DUNGS_p_TCGA_b84_115_SNP_N_GenomeWideSNP_6_G11_771644	8	115707526	115709898	7	0.7188
DUNGS_p_TCGA_b84_115_SNP_N_GenomeWideSNP_6_G11_771644	8	115709953	120023460	2944	0.1569
DUNGS_p_TCGA_b84_115_SNP_N_GenomeWideSNP_6_G11_771644	8	120023932	120025130	2	-0.8345
DUNGS_p_TCGA_b84_115_SNP_N_GenomeWideSNP_6_G11_771644	8	120025224	121895711	1266	0.1539
DUNGS_p_TCGA_b84_115_SNP_N_GenomeWideSNP_6_G11_771644	8	121896003	121896678	4	-0.4644
DUNGS_p_TCGA_b84_115_SNP_N_GenomeWideSNP_6_G11_771644	8	121898100	123131740	824	0.1547
DUNGS_p_TCGA_b84_115_SNP_N_GenomeWideSNP_6_G11_771644	8	123138684	123138900	4	0.8083
DUNGS_p_TCGA_b84_115_SNP_N_GenomeWideSNP_6_G11_771644	8	123139048	131254886	5699	0.1627
DUNGS_p_TCGA_b84_115_SNP_N_GenomeWideSNP_6_G11_771644	8	131255929	131380383	81	0.4172
DUNGS_p_TCGA_b84_115_SNP_N_GenomeWideSNP_6_G11_771644	8	131382551	131917051	443	0.1721
DUNGS_p_TCGA_b84_115_SNP_N_GenomeWideSNP_6_G11_771644	8	131920881	131924374	3	-1.3256
DUNGS_p_TCGA_b84_115_SNP_N_GenomeWideSNP_6_G11_771644	8	131924906	132512765	444	0.1605
DUNGS_p_TCGA_b84_115_SNP_N_GenomeWideSNP_6_G11_771644	8	132514739	132656325	81	0.4112
DUNGS_p_TCGA_b84_115_SNP_N_GenomeWideSNP_6_G11_771644	8	132657316	135247557	2245	0.1689
DUNGS_p_TCGA_b84_115_SNP_N_GenomeWideSNP_6_G11_771644	8	135249539	138749329	2698	0.399
DUNGS_p_TCGA_b84_115_SNP_N_GenomeWideSNP_6_G11_771644	8	138753046	146268959	4372	0.0552
DUNGS_p_TCGA_b84_115_SNP_N_GenomeWideSNP_6_G11_771644	9	36587	475543	374	0.008
DUNGS_p_TCGA_b84_115_SNP_N_GenomeWideSNP_6_G11_771644	9	477944	538438	54	0.5608
DUNGS_p_TCGA_b84_115_SNP_N_GenomeWideSNP_6_G11_771644	9	539750	5055954	4811	-0.0589
DUNGS_p_TCGA_b84_115_SNP_N_GenomeWideSNP_6_G11_771644	9	5060831	5124065	91	0.151
DUNGS_p_TCGA_b84_115_SNP_N_GenomeWideSNP_6_G11_771644	9	5124627	7205560	1587	-0.0828
DUNGS_p_TCGA_b84_115_SNP_N_GenomeWideSNP_6_G11_771644	9	7207946	7212482	3	0.9315
DUNGS_p_TCGA_b84_115_SNP_N_GenomeWideSNP_6_G11_771644	9	7212495	10300942	3005	-0.1192
DUNGS_p_TCGA_b84_115_SNP_N_GenomeWideSNP_6_G11_771644	9	10304941	10315264	17	0.5528
DUNGS_p_TCGA_b84_115_SNP_N_GenomeWideSNP_6_G11_771644	9	10319917	11827288	1230	-0.1005
DUNGS_p_TCGA_b84_115_SNP_N_GenomeWideSNP_6_G11_771644	9	11827596	11829805	5	-1.0066
DUNGS_p_TCGA_b84_115_SNP_N_GenomeWideSNP_6_G11_771644	9	11829832	25582656	10932	-0.0918
DUNGS_p_TCGA_b84_115_SNP_N_GenomeWideSNP_6_G11_771644	9	25587965	25593763	7	-0.6677
DUNGS_p_TCGA_b84_115_SNP_N_GenomeWideSNP_6_G11_771644	9	25594425	38798958	9104	-0.085
DUNGS_p_TCGA_b84_115_SNP_N_GenomeWideSNP_6_G11_771644	9	38902297	43177963	191	0.131
DUNGS_p_TCGA_b84_115_SNP_N_GenomeWideSNP_6_G11_771644	9	43255666	44054868	42	-0.3222
DUNGS_p_TCGA_b84_115_SNP_N_GenomeWideSNP_6_G11_771644	9	44076786	67673801	238	0.3115
DUNGS_p_TCGA_b84_115_SNP_N_GenomeWideSNP_6_G11_771644	9	67675871	67675879	5	1.792
DUNGS_p_TCGA_b84_115_SNP_N_GenomeWideSNP_6_G11_771644	9	67678160	70179791	224	0.1816
DUNGS_p_TCGA_b84_115_SNP_N_GenomeWideSNP_6_G11_771644	9	70185821	102472307	22604	-0.0789
DUNGS_p_TCGA_b84_115_SNP_N_GenomeWideSNP_6_G11_771644	9	102472962	102473918	3	-0.9613
DUNGS_p_TCGA_b84_115_SNP_N_GenomeWideSNP_6_G11_771644	9	102477596	103922019	1118	-0.0362
DUNGS_p_TCGA_b84_115_SNP_N_GenomeWideSNP_6_G11_771644	9	103922034	103922108	2	0.9745
DUNGS_p_TCGA_b84_115_SNP_N_GenomeWideSNP_6_G11_771644	9	103922198	108715175	3449	-0.0345
DUNGS_p_TCGA_b84_115_SNP_N_GenomeWideSNP_6_G11_771644	9	108716094	108716251	2	-1.6189
DUNGS_p_TCGA_b84_115_SNP_N_GenomeWideSNP_6_G11_771644	9	108716714	117616828	6937	-0.0288
DUNGS_p_TCGA_b84_115_SNP_N_GenomeWideSNP_6_G11_771644	9	117617299	117617397	2	-1.2502
DUNGS_p_TCGA_b84_115_SNP_N_GenomeWideSNP_6_G11_771644	9	117617814	117895045	176	-0.0201
DUNGS_p_TCGA_b84_115_SNP_N_GenomeWideSNP_6_G11_771644	9	117895811	117896341	2	0.9666
DUNGS_p_TCGA_b84_115_SNP_N_GenomeWideSNP_6_G11_771644	9	117896588	129852313	8334	-0.0109
DUNGS_p_TCGA_b84_115_SNP_N_GenomeWideSNP_6_G11_771644	9	129853017	129858458	5	-0.7317
DUNGS_p_TCGA_b84_115_SNP_N_GenomeWideSNP_6_G11_771644	9	129860305	137353926	4318	-0.026
DUNGS_p_TCGA_b84_115_SNP_N_GenomeWideSNP_6_G11_771644	9	137355443	137356233	2	-1.6388
DUNGS_p_TCGA_b84_115_SNP_N_GenomeWideSNP_6_G11_771644	9	137357618	140211215	1115	-0.0195
DUNGS_p_TCGA_b84_115_SNP_N_GenomeWideSNP_6_G11_771644	10	62759	81732	4	1.0141
DUNGS_p_TCGA_b84_115_SNP_N_GenomeWideSNP_6_G11_771644	10	94198	13089606	10944	-0.0291
DUNGS_p_TCGA_b84_115_SNP_N_GenomeWideSNP_6_G11_771644	10	13089662	13090176	7	-0.8757
DUNGS_p_TCGA_b84_115_SNP_N_GenomeWideSNP_6_G11_771644	10	13090434	17132433	3435	-0.0229
DUNGS_p_TCGA_b84_115_SNP_N_GenomeWideSNP_6_G11_771644	10	17135003	17135779	3	-0.9596
DUNGS_p_TCGA_b84_115_SNP_N_GenomeWideSNP_6_G11_771644	10	17143465	20824254	2615	-0.0271
DUNGS_p_TCGA_b84_115_SNP_N_GenomeWideSNP_6_G11_771644	10	20830090	20855711	24	0.6155
DUNGS_p_TCGA_b84_115_SNP_N_GenomeWideSNP_6_G11_771644	10	20861902	39104006	12168	-0.022
DUNGS_p_TCGA_b84_115_SNP_N_GenomeWideSNP_6_G11_771644	10	39104058	42002139	43	0.2423
DUNGS_p_TCGA_b84_115_SNP_N_GenomeWideSNP_6_G11_771644	10	42005267	42080059	13	0.7025
DUNGS_p_TCGA_b84_115_SNP_N_GenomeWideSNP_6_G11_771644	10	42083236	42173129	21	0.1862
DUNGS_p_TCGA_b84_115_SNP_N_GenomeWideSNP_6_G11_771644	10	42173695	47417400	2706	-0.0055
DUNGS_p_TCGA_b84_115_SNP_N_GenomeWideSNP_6_G11_771644	10	47432905	47468066	3	1.0903
DUNGS_p_TCGA_b84_115_SNP_N_GenomeWideSNP_6_G11_771644	10	47480482	48356772	290	-0.0324
DUNGS_p_TCGA_b84_115_SNP_N_GenomeWideSNP_6_G11_771644	10	48391956	48567024	8	0.5498
DUNGS_p_TCGA_b84_115_SNP_N_GenomeWideSNP_6_G11_771644	10	48567033	51500366	1469	-0.0178
DUNGS_p_TCGA_b84_115_SNP_N_GenomeWideSNP_6_G11_771644	10	51510990	51527225	2	-1.3871
DUNGS_p_TCGA_b84_115_SNP_N_GenomeWideSNP_6_G11_771644	10	51537240	58880511	5465	-0.0391
DUNGS_p_TCGA_b84_115_SNP_N_GenomeWideSNP_6_G11_771644	10	58880527	58888501	4	-1.0203
DUNGS_p_TCGA_b84_115_SNP_N_GenomeWideSNP_6_G11_771644	10	58892060	66976085	5564	-0.0207
DUNGS_p_TCGA_b84_115_SNP_N_GenomeWideSNP_6_G11_771644	10	66976164	66996153	35	-0.3494
DUNGS_p_TCGA_b84_115_SNP_N_GenomeWideSNP_6_G11_771644	10	66996190	77922857	6803	-0.0249
DUNGS_p_TCGA_b84_115_SNP_N_GenomeWideSNP_6_G11_771644	10	77927067	77927616	2	-1.3378
DUNGS_p_TCGA_b84_115_SNP_N_GenomeWideSNP_6_G11_771644	10	77931273	81022774	2444	-0.0228
DUNGS_p_TCGA_b84_115_SNP_N_GenomeWideSNP_6_G11_771644	10	81053880	81167477	9	0.5332
DUNGS_p_TCGA_b84_115_SNP_N_GenomeWideSNP_6_G11_771644	10	81184181	132160761	35092	-0.0194
DUNGS_p_TCGA_b84_115_SNP_N_GenomeWideSNP_6_G11_771644	10	132160832	132160885	2	-1.1387
DUNGS_p_TCGA_b84_115_SNP_N_GenomeWideSNP_6_G11_771644	10	132161131	132208544	42	-0.0124
DUNGS_p_TCGA_b84_115_SNP_N_GenomeWideSNP_6_G11_771644	10	132209333	132270100	60	-0.2283
DUNGS_p_TCGA_b84_115_SNP_N_GenomeWideSNP_6_G11_771644	10	132277666	135356694	1902	-0.0411
DUNGS_p_TCGA_b84_115_SNP_N_GenomeWideSNP_6_G11_771644	11	188510	3444241	1351	0.0245
DUNGS_p_TCGA_b84_115_SNP_N_GenomeWideSNP_6_G11_771644	11	3445006	3445117	2	-1.2532
DUNGS_p_TCGA_b84_115_SNP_N_GenomeWideSNP_6_G11_771644	11	3463102	5740499	1955	0.0123
DUNGS_p_TCGA_b84_115_SNP_N_GenomeWideSNP_6_G11_771644	11	5743981	5765715	33	-0.7518
DUNGS_p_TCGA_b84_115_SNP_N_GenomeWideSNP_6_G11_771644	11	5765914	6074552	247	0.0271
DUNGS_p_TCGA_b84_115_SNP_N_GenomeWideSNP_6_G11_771644	11	6077223	6078670	2	1.1343
DUNGS_p_TCGA_b84_115_SNP_N_GenomeWideSNP_6_G11_771644	11	6079079	21547168	11650	0.0201
DUNGS_p_TCGA_b84_115_SNP_N_GenomeWideSNP_6_G11_771644	11	21547931	21562329	15	-0.3826
DUNGS_p_TCGA_b84_115_SNP_N_GenomeWideSNP_6_G11_771644	11	21562563	36936481	10938	0.0151
DUNGS_p_TCGA_b84_115_SNP_N_GenomeWideSNP_6_G11_771644	11	36945063	36974806	16	-1.4444
DUNGS_p_TCGA_b84_115_SNP_N_GenomeWideSNP_6_G11_771644	11	36979552	48690201	7318	0.0181
DUNGS_p_TCGA_b84_115_SNP_N_GenomeWideSNP_6_G11_771644	11	48690679	48729252	16	0.392
DUNGS_p_TCGA_b84_115_SNP_N_GenomeWideSNP_6_G11_771644	11	48729302	49664951	375	-0.0059
DUNGS_p_TCGA_b84_115_SNP_N_GenomeWideSNP_6_G11_771644	11	49667437	49714167	18	-0.7653
DUNGS_p_TCGA_b84_115_SNP_N_GenomeWideSNP_6_G11_771644	11	49714247	55130764	767	0.0687
DUNGS_p_TCGA_b84_115_SNP_N_GenomeWideSNP_6_G11_771644	11	55130779	55198894	45	0.6328
DUNGS_p_TCGA_b84_115_SNP_N_GenomeWideSNP_6_G11_771644	11	55200787	55597658	303	0.052
DUNGS_p_TCGA_b84_115_SNP_N_GenomeWideSNP_6_G11_771644	11	55599088	55599221	2	-1.1133
DUNGS_p_TCGA_b84_115_SNP_N_GenomeWideSNP_6_G11_771644	11	55605015	67263973	5960	0.027
DUNGS_p_TCGA_b84_115_SNP_N_GenomeWideSNP_6_G11_771644	11	67267202	67520656	70	0.2388
DUNGS_p_TCGA_b84_115_SNP_N_GenomeWideSNP_6_G11_771644	11	67525372	79645161	6987	0.0308
DUNGS_p_TCGA_b84_115_SNP_N_GenomeWideSNP_6_G11_771644	11	79645196	79645212	2	-1.739
DUNGS_p_TCGA_b84_115_SNP_N_GenomeWideSNP_6_G11_771644	11	79645334	89242221	6652	0.0139
DUNGS_p_TCGA_b84_115_SNP_N_GenomeWideSNP_6_G11_771644	11	89250992	89275845	2	-1.9632
DUNGS_p_TCGA_b84_115_SNP_N_GenomeWideSNP_6_G11_771644	11	89295887	89443292	9	0.6574
DUNGS_p_TCGA_b84_115_SNP_N_GenomeWideSNP_6_G11_771644	11	89447606	101523239	8962	0.0124
DUNGS_p_TCGA_b84_115_SNP_N_GenomeWideSNP_6_G11_771644	11	101523378	101523457	2	-1.2549
DUNGS_p_TCGA_b84_115_SNP_N_GenomeWideSNP_6_G11_771644	11	101525156	106735929	3555	0.0092
DUNGS_p_TCGA_b84_115_SNP_N_GenomeWideSNP_6_G11_771644	11	106743866	106744338	7	-0.9017
DUNGS_p_TCGA_b84_115_SNP_N_GenomeWideSNP_6_G11_771644	11	106757572	134449982	19978	0.0234
DUNGS_p_TCGA_b84_115_SNP_N_GenomeWideSNP_6_G11_771644	12	20703	8312091	5579	0.0962
DUNGS_p_TCGA_b84_115_SNP_N_GenomeWideSNP_6_G11_771644	12	8319702	8340484	7	0.9394
DUNGS_p_TCGA_b84_115_SNP_N_GenomeWideSNP_6_G11_771644	12	8344733	8874633	260	0.1523
DUNGS_p_TCGA_b84_115_SNP_N_GenomeWideSNP_6_G11_771644	12	8877646	9521823	365	0.5113
DUNGS_p_TCGA_b84_115_SNP_N_GenomeWideSNP_6_G11_771644	12	9525137	9606832	23	-1.3054
DUNGS_p_TCGA_b84_115_SNP_N_GenomeWideSNP_6_G11_771644	12	9619559	9911008	224	0.4928
DUNGS_p_TCGA_b84_115_SNP_N_GenomeWideSNP_6_G11_771644	12	9912781	11110690	822	0.0881
DUNGS_p_TCGA_b84_115_SNP_N_GenomeWideSNP_6_G11_771644	12	11111991	11143141	13	1.0064
DUNGS_p_TCGA_b84_115_SNP_N_GenomeWideSNP_6_G11_771644	12	11148096	11402844	132	0.1438
DUNGS_p_TCGA_b84_115_SNP_N_GenomeWideSNP_6_G11_771644	12	11402845	11443459	32	1.0077
DUNGS_p_TCGA_b84_115_SNP_N_GenomeWideSNP_6_G11_771644	12	11443869	22140069	7304	0.087
DUNGS_p_TCGA_b84_115_SNP_N_GenomeWideSNP_6_G11_771644	12	22140085	22140494	9	0.7792
DUNGS_p_TCGA_b84_115_SNP_N_GenomeWideSNP_6_G11_771644	12	22144199	33185778	8123	0.0866
DUNGS_p_TCGA_b84_115_SNP_N_GenomeWideSNP_6_G11_771644	12	33185812	33198232	30	0.4652
DUNGS_p_TCGA_b84_115_SNP_N_GenomeWideSNP_6_G11_771644	12	33198345	36493309	896	0.0954
DUNGS_p_TCGA_b84_115_SNP_N_GenomeWideSNP_6_G11_771644	12	36505560	36506044	3	-1.3145
DUNGS_p_TCGA_b84_115_SNP_N_GenomeWideSNP_6_G11_771644	12	36555107	44186092	4735	-0.0813
DUNGS_p_TCGA_b84_115_SNP_N_GenomeWideSNP_6_G11_771644	12	44190705	44195804	4	-2.547
DUNGS_p_TCGA_b84_115_SNP_N_GenomeWideSNP_6_G11_771644	12	44199559	56411705	6842	0.0137
DUNGS_p_TCGA_b84_115_SNP_N_GenomeWideSNP_6_G11_771644	12	56419523	57016429	381	0.919
DUNGS_p_TCGA_b84_115_SNP_N_GenomeWideSNP_6_G11_771644	12	57017115	57508241	419	0.6352
DUNGS_p_TCGA_b84_115_SNP_N_GenomeWideSNP_6_G11_771644	12	57508247	57513802	24	0.3468
DUNGS_p_TCGA_b84_115_SNP_N_GenomeWideSNP_6_G11_771644	12	57513843	58590026	716	0.6688
DUNGS_p_TCGA_b84_115_SNP_N_GenomeWideSNP_6_G11_771644	12	58593664	59871560	708	-0.014
DUNGS_p_TCGA_b84_115_SNP_N_GenomeWideSNP_6_G11_771644	12	59871715	59873731	3	-0.9541
DUNGS_p_TCGA_b84_115_SNP_N_GenomeWideSNP_6_G11_771644	12	59873833	63957302	2490	0.0125
DUNGS_p_TCGA_b84_115_SNP_N_GenomeWideSNP_6_G11_771644	12	63963967	64971114	616	1.2653
DUNGS_p_TCGA_b84_115_SNP_N_GenomeWideSNP_6_G11_771644	12	64972502	65339396	255	0.8601
DUNGS_p_TCGA_b84_115_SNP_N_GenomeWideSNP_6_G11_771644	12	65340149	68614216	2413	1.1672
DUNGS_p_TCGA_b84_115_SNP_N_GenomeWideSNP_6_G11_771644	12	68615643	70100887	1008	0.7903
DUNGS_p_TCGA_b84_115_SNP_N_GenomeWideSNP_6_G11_771644	12	70102322	70103294	2	2.0611
DUNGS_p_TCGA_b84_115_SNP_N_GenomeWideSNP_6_G11_771644	12	70105162	70651588	348	0.7029
DUNGS_p_TCGA_b84_115_SNP_N_GenomeWideSNP_6_G11_771644	12	70651751	70652914	3	-0.5254
DUNGS_p_TCGA_b84_115_SNP_N_GenomeWideSNP_6_G11_771644	12	70653922	70815769	92	0.679
DUNGS_p_TCGA_b84_115_SNP_N_GenomeWideSNP_6_G11_771644	12	70819550	82687318	7356	0.0145
DUNGS_p_TCGA_b84_115_SNP_N_GenomeWideSNP_6_G11_771644	12	82687421	82689372	3	-1.4201
DUNGS_p_TCGA_b84_115_SNP_N_GenomeWideSNP_6_G11_771644	12	82689410	98319904	10105	-0.0824
DUNGS_p_TCGA_b84_115_SNP_N_GenomeWideSNP_6_G11_771644	12	98319982	98321220	15	0.5353
DUNGS_p_TCGA_b84_115_SNP_N_GenomeWideSNP_6_G11_771644	12	98321940	100865003	1596	-0.0729
DUNGS_p_TCGA_b84_115_SNP_N_GenomeWideSNP_6_G11_771644	12	100866032	100866250	3	-1.2813
DUNGS_p_TCGA_b84_115_SNP_N_GenomeWideSNP_6_G11_771644	12	100867083	130686668	20617	-0.0759
DUNGS_p_TCGA_b84_115_SNP_N_GenomeWideSNP_6_G11_771644	12	130698537	130699179	8	-2.5916
DUNGS_p_TCGA_b84_115_SNP_N_GenomeWideSNP_6_G11_771644	12	130699222	130699288	5	-1.0858
DUNGS_p_TCGA_b84_115_SNP_N_GenomeWideSNP_6_G11_771644	12	130708284	132288262	572	-0.0806
DUNGS_p_TCGA_b84_115_SNP_N_GenomeWideSNP_6_G11_771644	13	17924949	18305911	101	0.1957
DUNGS_p_TCGA_b84_115_SNP_N_GenomeWideSNP_6_G11_771644	13	18306095	19019459	466	0.0119
DUNGS_p_TCGA_b84_115_SNP_N_GenomeWideSNP_6_G11_771644	13	19021895	19021910	2	-1.1796
DUNGS_p_TCGA_b84_115_SNP_N_GenomeWideSNP_6_G11_771644	13	19022501	19713766	338	0.0296
DUNGS_p_TCGA_b84_115_SNP_N_GenomeWideSNP_6_G11_771644	13	19718781	19725940	3	-0.9273
DUNGS_p_TCGA_b84_115_SNP_N_GenomeWideSNP_6_G11_771644	13	19730547	22527187	1989	-1e-04
DUNGS_p_TCGA_b84_115_SNP_N_GenomeWideSNP_6_G11_771644	13	22527210	22531131	8	-1.6666
DUNGS_p_TCGA_b84_115_SNP_N_GenomeWideSNP_6_G11_771644	13	22531148	22531515	5	-3.5046
DUNGS_p_TCGA_b84_115_SNP_N_GenomeWideSNP_6_G11_771644	13	22536195	23933607	1147	-0.0011
DUNGS_p_TCGA_b84_115_SNP_N_GenomeWideSNP_6_G11_771644	13	23937590	23937678	4	0.7718
DUNGS_p_TCGA_b84_115_SNP_N_GenomeWideSNP_6_G11_771644	13	23938031	29370965	4017	0.0093
DUNGS_p_TCGA_b84_115_SNP_N_GenomeWideSNP_6_G11_771644	13	29371674	29373559	2	-1.2894
DUNGS_p_TCGA_b84_115_SNP_N_GenomeWideSNP_6_G11_771644	13	29373850	33086263	2811	0.0082
DUNGS_p_TCGA_b84_115_SNP_N_GenomeWideSNP_6_G11_771644	13	33090789	33095304	5	-0.9173
DUNGS_p_TCGA_b84_115_SNP_N_GenomeWideSNP_6_G11_771644	13	33096437	52251042	12729	0.0041
DUNGS_p_TCGA_b84_115_SNP_N_GenomeWideSNP_6_G11_771644	13	52257854	52260984	4	-0.9035
DUNGS_p_TCGA_b84_115_SNP_N_GenomeWideSNP_6_G11_771644	13	52261784	57482791	2975	-0.005
DUNGS_p_TCGA_b84_115_SNP_N_GenomeWideSNP_6_G11_771644	13	57488282	57495031	6	-1.066
DUNGS_p_TCGA_b84_115_SNP_N_GenomeWideSNP_6_G11_771644	13	57500053	63122206	3384	0.0025
DUNGS_p_TCGA_b84_115_SNP_N_GenomeWideSNP_6_G11_771644	13	63122793	63134693	9	-0.8104
DUNGS_p_TCGA_b84_115_SNP_N_GenomeWideSNP_6_G11_771644	13	63137564	63877246	428	-0.0309
DUNGS_p_TCGA_b84_115_SNP_N_GenomeWideSNP_6_G11_771644	13	63878033	63878806	4	-0.8015
DUNGS_p_TCGA_b84_115_SNP_N_GenomeWideSNP_6_G11_771644	13	63879900	71374989	4762	-0.0049
DUNGS_p_TCGA_b84_115_SNP_N_GenomeWideSNP_6_G11_771644	13	71375556	71378557	4	-2.601
DUNGS_p_TCGA_b84_115_SNP_N_GenomeWideSNP_6_G11_771644	13	71378606	114126499	29178	0.0085
DUNGS_p_TCGA_b84_115_SNP_N_GenomeWideSNP_6_G11_771644	14	18072124	18677007	45	0.1648
DUNGS_p_TCGA_b84_115_SNP_N_GenomeWideSNP_6_G11_771644	14	18690051	18922833	21	-0.2656
DUNGS_p_TCGA_b84_115_SNP_N_GenomeWideSNP_6_G11_771644	14	18947072	19207186	13	0.1284
DUNGS_p_TCGA_b84_115_SNP_N_GenomeWideSNP_6_G11_771644	14	19213349	19493212	111	-0.3996
DUNGS_p_TCGA_b84_115_SNP_N_GenomeWideSNP_6_G11_771644	14	19494766	21464623	1372	-0.0514
DUNGS_p_TCGA_b84_115_SNP_N_GenomeWideSNP_6_G11_771644	14	21466062	21466311	4	0.735
DUNGS_p_TCGA_b84_115_SNP_N_GenomeWideSNP_6_G11_771644	14	21466459	21491517	25	-0.1163
DUNGS_p_TCGA_b84_115_SNP_N_GenomeWideSNP_6_G11_771644	14	21492816	22029777	447	-0.3444
DUNGS_p_TCGA_b84_115_SNP_N_GenomeWideSNP_6_G11_771644	14	22029814	23500989	891	0.013
DUNGS_p_TCGA_b84_115_SNP_N_GenomeWideSNP_6_G11_771644	14	23514669	23554299	25	-0.6372
DUNGS_p_TCGA_b84_115_SNP_N_GenomeWideSNP_6_G11_771644	14	23557983	40678108	10896	0.0346
DUNGS_p_TCGA_b84_115_SNP_N_GenomeWideSNP_6_G11_771644	14	40680246	40723727	13	-0.6531
DUNGS_p_TCGA_b84_115_SNP_N_GenomeWideSNP_6_G11_771644	14	40726999	61295930	13004	0.0388
DUNGS_p_TCGA_b84_115_SNP_N_GenomeWideSNP_6_G11_771644	14	61300967	61301095	2	-1.1576
DUNGS_p_TCGA_b84_115_SNP_N_GenomeWideSNP_6_G11_771644	14	61301495	69082337	4854	-0.0607
DUNGS_p_TCGA_b84_115_SNP_N_GenomeWideSNP_6_G11_771644	14	69082355	69106739	25	0.2381
DUNGS_p_TCGA_b84_115_SNP_N_GenomeWideSNP_6_G11_771644	14	69111240	73070876	2624	-0.0573
DUNGS_p_TCGA_b84_115_SNP_N_GenomeWideSNP_6_G11_771644	14	73076460	73090732	8	-1.441
DUNGS_p_TCGA_b84_115_SNP_N_GenomeWideSNP_6_G11_771644	14	73099653	85521664	8283	-0.052
DUNGS_p_TCGA_b84_115_SNP_N_GenomeWideSNP_6_G11_771644	14	85530379	85558194	38	-1.3631
DUNGS_p_TCGA_b84_115_SNP_N_GenomeWideSNP_6_G11_771644	14	85559964	87473129	1219	-0.067
DUNGS_p_TCGA_b84_115_SNP_N_GenomeWideSNP_6_G11_771644	14	87473147	87473527	5	-0.7564
DUNGS_p_TCGA_b84_115_SNP_N_GenomeWideSNP_6_G11_771644	14	87473638	105170380	11150	-0.0525
DUNGS_p_TCGA_b84_115_SNP_N_GenomeWideSNP_6_G11_771644	14	105174078	105196443	5	0.7756
DUNGS_p_TCGA_b84_115_SNP_N_GenomeWideSNP_6_G11_771644	14	105225913	105322206	21	0.0733
DUNGS_p_TCGA_b84_115_SNP_N_GenomeWideSNP_6_G11_771644	14	105324067	105777182	191	-0.1971
DUNGS_p_TCGA_b84_115_SNP_N_GenomeWideSNP_6_G11_771644	14	105780642	105824912	26	-0.5637
DUNGS_p_TCGA_b84_115_SNP_N_GenomeWideSNP_6_G11_771644	14	105825048	105854089	15	-0.1096
DUNGS_p_TCGA_b84_115_SNP_N_GenomeWideSNP_6_G11_771644	14	105867070	105873098	7	-0.934
DUNGS_p_TCGA_b84_115_SNP_N_GenomeWideSNP_6_G11_771644	14	105886988	105945406	33	-0.126
DUNGS_p_TCGA_b84_115_SNP_N_GenomeWideSNP_6_G11_771644	14	105950876	105989153	51	-0.7499
DUNGS_p_TCGA_b84_115_SNP_N_GenomeWideSNP_6_G11_771644	14	105989694	106005593	7	0.4851
DUNGS_p_TCGA_b84_115_SNP_N_GenomeWideSNP_6_G11_771644	14	106010833	106356482	217	-0.1104
DUNGS_p_TCGA_b84_115_SNP_N_GenomeWideSNP_6_G11_771644	15	18276341	18412742	29	0.3603
DUNGS_p_TCGA_b84_115_SNP_N_GenomeWideSNP_6_G11_771644	15	18415652	22238109	1411	0.0377
DUNGS_p_TCGA_b84_115_SNP_N_GenomeWideSNP_6_G11_771644	15	22238183	22265550	21	0.3996
DUNGS_p_TCGA_b84_115_SNP_N_GenomeWideSNP_6_G11_771644	15	22265883	22369590	50	-0.0251
DUNGS_p_TCGA_b84_115_SNP_N_GenomeWideSNP_6_G11_771644	15	22369592	22380634	10	-0.5622
DUNGS_p_TCGA_b84_115_SNP_N_GenomeWideSNP_6_G11_771644	15	22381671	24111285	1284	-0.0413
DUNGS_p_TCGA_b84_115_SNP_N_GenomeWideSNP_6_G11_771644	15	24113245	24114249	2	-3.7217
DUNGS_p_TCGA_b84_115_SNP_N_GenomeWideSNP_6_G11_771644	15	24114681	26208003	1419	-0.0443
DUNGS_p_TCGA_b84_115_SNP_N_GenomeWideSNP_6_G11_771644	15	26213583	26811239	63	0.2295
DUNGS_p_TCGA_b84_115_SNP_N_GenomeWideSNP_6_G11_771644	15	26812205	28157206	812	-0.0335
DUNGS_p_TCGA_b84_115_SNP_N_GenomeWideSNP_6_G11_771644	15	28157323	28332215	39	0.3199
DUNGS_p_TCGA_b84_115_SNP_N_GenomeWideSNP_6_G11_771644	15	28332322	30258779	1127	-0.031
DUNGS_p_TCGA_b84_115_SNP_N_GenomeWideSNP_6_G11_771644	15	30258798	30701544	72	0.2518
DUNGS_p_TCGA_b84_115_SNP_N_GenomeWideSNP_6_G11_771644	15	30702897	32458416	1475	-0.0337
DUNGS_p_TCGA_b84_115_SNP_N_GenomeWideSNP_6_G11_771644	15	32458604	32645302	82	0.2051
DUNGS_p_TCGA_b84_115_SNP_N_GenomeWideSNP_6_G11_771644	15	32649551	66527933	21877	-0.0365
DUNGS_p_TCGA_b84_115_SNP_N_GenomeWideSNP_6_G11_771644	15	66542136	66543755	6	-1.6954
DUNGS_p_TCGA_b84_115_SNP_N_GenomeWideSNP_6_G11_771644	15	66544569	80457224	8287	-0.024
DUNGS_p_TCGA_b84_115_SNP_N_GenomeWideSNP_6_G11_771644	15	80467154	80995370	21	0.3133
DUNGS_p_TCGA_b84_115_SNP_N_GenomeWideSNP_6_G11_771644	15	80995386	82619355	947	-0.0266
DUNGS_p_TCGA_b84_115_SNP_N_GenomeWideSNP_6_G11_771644	15	82652350	82891483	30	0.3012
DUNGS_p_TCGA_b84_115_SNP_N_GenomeWideSNP_6_G11_771644	15	82892291	90566759	5596	-0.0279
DUNGS_p_TCGA_b84_115_SNP_N_GenomeWideSNP_6_G11_771644	15	90566878	90567298	3	1.1431
DUNGS_p_TCGA_b84_115_SNP_N_GenomeWideSNP_6_G11_771644	15	90567762	90567933	7	0.2667
DUNGS_p_TCGA_b84_115_SNP_N_GenomeWideSNP_6_G11_771644	15	90567974	100222659	7430	-0.0352
DUNGS_p_TCGA_b84_115_SNP_N_GenomeWideSNP_6_G11_771644	15	100238125	100286563	12	0.4246
DUNGS_p_TCGA_b84_115_SNP_N_GenomeWideSNP_6_G11_771644	16	777	6851442	4244	0.0135
DUNGS_p_TCGA_b84_115_SNP_N_GenomeWideSNP_6_G11_771644	16	6854359	6856452	2	-1.1362
DUNGS_p_TCGA_b84_115_SNP_N_GenomeWideSNP_6_G11_771644	16	6865782	11298229	4294	0.0146
DUNGS_p_TCGA_b84_115_SNP_N_GenomeWideSNP_6_G11_771644	16	11298691	11301388	3	-0.9335
DUNGS_p_TCGA_b84_115_SNP_N_GenomeWideSNP_6_G11_771644	16	11301615	14814359	2592	0.0245
DUNGS_p_TCGA_b84_115_SNP_N_GenomeWideSNP_6_G11_771644	16	14837252	15032942	76	0.3416
DUNGS_p_TCGA_b84_115_SNP_N_GenomeWideSNP_6_G11_771644	16	15034391	19853151	2332	0.0317
DUNGS_p_TCGA_b84_115_SNP_N_GenomeWideSNP_6_G11_771644	16	19853309	19854734	6	0.7059
DUNGS_p_TCGA_b84_115_SNP_N_GenomeWideSNP_6_G11_771644	16	19856830	20385937	410	0.016
DUNGS_p_TCGA_b84_115_SNP_N_GenomeWideSNP_6_G11_771644	16	20386099	20392289	8	0.5719
DUNGS_p_TCGA_b84_115_SNP_N_GenomeWideSNP_6_G11_771644	16	20395300	21678247	637	0.0203
DUNGS_p_TCGA_b84_115_SNP_N_GenomeWideSNP_6_G11_771644	16	21682607	21947639	60	0.2211
DUNGS_p_TCGA_b84_115_SNP_N_GenomeWideSNP_6_G11_771644	16	21949835	22495551	212	0.0528
DUNGS_p_TCGA_b84_115_SNP_N_GenomeWideSNP_6_G11_771644	16	22498379	22523305	5	-1.0731
DUNGS_p_TCGA_b84_115_SNP_N_GenomeWideSNP_6_G11_771644	16	22533085	22611252	56	-0.2263
DUNGS_p_TCGA_b84_115_SNP_N_GenomeWideSNP_6_G11_771644	16	22611363	29265852	4266	0.0217
DUNGS_p_TCGA_b84_115_SNP_N_GenomeWideSNP_6_G11_771644	16	29265865	29561253	36	0.313
DUNGS_p_TCGA_b84_115_SNP_N_GenomeWideSNP_6_G11_771644	16	29562103	31867652	834	0.029
DUNGS_p_TCGA_b84_115_SNP_N_GenomeWideSNP_6_G11_771644	16	31873117	32496123	110	0.4195
DUNGS_p_TCGA_b84_115_SNP_N_GenomeWideSNP_6_G11_771644	16	32496402	32496410	5	1.3982
DUNGS_p_TCGA_b84_115_SNP_N_GenomeWideSNP_6_G11_771644	16	32516775	33830140	207	0.4216
DUNGS_p_TCGA_b84_115_SNP_N_GenomeWideSNP_6_G11_771644	16	33833804	54362909	6963	0.0092
DUNGS_p_TCGA_b84_115_SNP_N_GenomeWideSNP_6_G11_771644	16	54363056	54379470	11	0.5124
DUNGS_p_TCGA_b84_115_SNP_N_GenomeWideSNP_6_G11_771644	16	54379898	68694369	8772	0.0023
DUNGS_p_TCGA_b84_115_SNP_N_GenomeWideSNP_6_G11_771644	16	68697043	68755897	17	-0.3805
DUNGS_p_TCGA_b84_115_SNP_N_GenomeWideSNP_6_G11_771644	16	68768945	68803834	5	0.7034
DUNGS_p_TCGA_b84_115_SNP_N_GenomeWideSNP_6_G11_771644	16	68803840	72917379	2501	0.0087
DUNGS_p_TCGA_b84_115_SNP_N_GenomeWideSNP_6_G11_771644	16	72921524	73009537	14	-0.6539
DUNGS_p_TCGA_b84_115_SNP_N_GenomeWideSNP_6_G11_771644	16	73014102	76929109	3214	0.0056
DUNGS_p_TCGA_b84_115_SNP_N_GenomeWideSNP_6_G11_771644	16	76929941	76942239	16	1.1395
DUNGS_p_TCGA_b84_115_SNP_N_GenomeWideSNP_6_G11_771644	16	76942266	88815036	10651	0.0063
DUNGS_p_TCGA_b84_115_SNP_N_GenomeWideSNP_6_G11_771644	17	526	14962821	9701	0.0268
DUNGS_p_TCGA_b84_115_SNP_N_GenomeWideSNP_6_G11_771644	17	14963090	15000863	47	0.2674
DUNGS_p_TCGA_b84_115_SNP_N_GenomeWideSNP_6_G11_771644	17	15000898	18296117	1704	0.0246
DUNGS_p_TCGA_b84_115_SNP_N_GenomeWideSNP_6_G11_771644	17	18299671	18405311	27	0.6666
DUNGS_p_TCGA_b84_115_SNP_N_GenomeWideSNP_6_G11_771644	17	18405946	19442850	383	0.0398
DUNGS_p_TCGA_b84_115_SNP_N_GenomeWideSNP_6_G11_771644	17	19443144	19479039	24	-0.9414
DUNGS_p_TCGA_b84_115_SNP_N_GenomeWideSNP_6_G11_771644	17	19479350	29148099	4827	0.0369
DUNGS_p_TCGA_b84_115_SNP_N_GenomeWideSNP_6_G11_771644	17	29148515	29154104	3	-0.8255
DUNGS_p_TCGA_b84_115_SNP_N_GenomeWideSNP_6_G11_771644	17	29154622	29748281	549	0.0098
DUNGS_p_TCGA_b84_115_SNP_N_GenomeWideSNP_6_G11_771644	17	29748454	29749299	2	-1.4663
DUNGS_p_TCGA_b84_115_SNP_N_GenomeWideSNP_6_G11_771644	17	29752446	31460821	1138	0.0203
DUNGS_p_TCGA_b84_115_SNP_N_GenomeWideSNP_6_G11_771644	17	31461241	31610407	41	0.9341
DUNGS_p_TCGA_b84_115_SNP_N_GenomeWideSNP_6_G11_771644	17	31653809	36676860	2555	0.0396
DUNGS_p_TCGA_b84_115_SNP_N_GenomeWideSNP_6_G11_771644	17	36677012	36684057	12	0.4613
DUNGS_p_TCGA_b84_115_SNP_N_GenomeWideSNP_6_G11_771644	17	36686250	38787791	1110	0.0377
DUNGS_p_TCGA_b84_115_SNP_N_GenomeWideSNP_6_G11_771644	17	38794116	38795447	3	-0.8146
DUNGS_p_TCGA_b84_115_SNP_N_GenomeWideSNP_6_G11_771644	17	38799230	41518415	1399	0.0318
DUNGS_p_TCGA_b84_115_SNP_N_GenomeWideSNP_6_G11_771644	17	41518916	42107479	174	0.4167
DUNGS_p_TCGA_b84_115_SNP_N_GenomeWideSNP_6_G11_771644	17	42120174	78643088	21637	0.0328
DUNGS_p_TCGA_b84_115_SNP_N_GenomeWideSNP_6_G11_771644	18	1543	48202	3	1.1281
DUNGS_p_TCGA_b84_115_SNP_N_GenomeWideSNP_6_G11_771644	18	68315	3853942	2721	0.0136
DUNGS_p_TCGA_b84_115_SNP_N_GenomeWideSNP_6_G11_771644	18	3856748	3857271	3	-0.8561
DUNGS_p_TCGA_b84_115_SNP_N_GenomeWideSNP_6_G11_771644	18	3857290	6515695	1916	0.0099
DUNGS_p_TCGA_b84_115_SNP_N_GenomeWideSNP_6_G11_771644	18	6515966	6549406	25	-0.278
DUNGS_p_TCGA_b84_115_SNP_N_GenomeWideSNP_6_G11_771644	18	6551798	12214734	4249	0.0119
DUNGS_p_TCGA_b84_115_SNP_N_GenomeWideSNP_6_G11_771644	18	12216368	12218772	2	-1.3886
DUNGS_p_TCGA_b84_115_SNP_N_GenomeWideSNP_6_G11_771644	18	12228863	14173414	1178	0.0273
DUNGS_p_TCGA_b84_115_SNP_N_GenomeWideSNP_6_G11_771644	18	14175310	14341375	41	0.2728
DUNGS_p_TCGA_b84_115_SNP_N_GenomeWideSNP_6_G11_771644	18	14341752	15089162	261	0.0124
DUNGS_p_TCGA_b84_115_SNP_N_GenomeWideSNP_6_G11_771644	18	15092421	15392408	63	0.258
DUNGS_p_TCGA_b84_115_SNP_N_GenomeWideSNP_6_G11_771644	18	16783351	26066383	5619	0.0069
DUNGS_p_TCGA_b84_115_SNP_N_GenomeWideSNP_6_G11_771644	18	26068546	26069966	4	-1.2542
DUNGS_p_TCGA_b84_115_SNP_N_GenomeWideSNP_6_G11_771644	18	26072612	36512703	6779	0.0046
DUNGS_p_TCGA_b84_115_SNP_N_GenomeWideSNP_6_G11_771644	18	36512725	36519387	20	0.3796
DUNGS_p_TCGA_b84_115_SNP_N_GenomeWideSNP_6_G11_771644	18	36522022	46604337	6893	0.0135
DUNGS_p_TCGA_b84_115_SNP_N_GenomeWideSNP_6_G11_771644	18	46605668	46605952	2	-1.166
DUNGS_p_TCGA_b84_115_SNP_N_GenomeWideSNP_6_G11_771644	18	46607542	61878525	10636	0.0108
DUNGS_p_TCGA_b84_115_SNP_N_GenomeWideSNP_6_G11_771644	18	61878579	61879320	10	0.5285
DUNGS_p_TCGA_b84_115_SNP_N_GenomeWideSNP_6_G11_771644	18	61883718	64320609	1810	-0.0011
DUNGS_p_TCGA_b84_115_SNP_N_GenomeWideSNP_6_G11_771644	18	64320641	64336820	10	-0.4892
DUNGS_p_TCGA_b84_115_SNP_N_GenomeWideSNP_6_G11_771644	18	64339395	64428407	72	-0.003
DUNGS_p_TCGA_b84_115_SNP_N_GenomeWideSNP_6_G11_771644	18	64428506	64439627	8	-0.5407
DUNGS_p_TCGA_b84_115_SNP_N_GenomeWideSNP_6_G11_771644	18	64440854	65358207	720	0.0078
DUNGS_p_TCGA_b84_115_SNP_N_GenomeWideSNP_6_G11_771644	18	65358832	65368807	10	-0.6942
DUNGS_p_TCGA_b84_115_SNP_N_GenomeWideSNP_6_G11_771644	18	65371011	75504076	7497	-0.0038
DUNGS_p_TCGA_b84_115_SNP_N_GenomeWideSNP_6_G11_771644	18	75506719	75507191	3	-1.2275
DUNGS_p_TCGA_b84_115_SNP_N_GenomeWideSNP_6_G11_771644	18	75511595	76116029	314	0.0057
DUNGS_p_TCGA_b84_115_SNP_N_GenomeWideSNP_6_G11_771644	19	41910	5457659	1600	-0.0286
DUNGS_p_TCGA_b84_115_SNP_N_GenomeWideSNP_6_G11_771644	19	5461239	5461653	3	1.0185
DUNGS_p_TCGA_b84_115_SNP_N_GenomeWideSNP_6_G11_771644	19	5461700	6932885	726	-0.0048
DUNGS_p_TCGA_b84_115_SNP_N_GenomeWideSNP_6_G11_771644	19	6933336	6938798	3	0.8619
DUNGS_p_TCGA_b84_115_SNP_N_GenomeWideSNP_6_G11_771644	19	6939270	11024689	1962	-0.0146
DUNGS_p_TCGA_b84_115_SNP_N_GenomeWideSNP_6_G11_771644	19	11029662	11030052	2	-1.185
DUNGS_p_TCGA_b84_115_SNP_N_GenomeWideSNP_6_G11_771644	19	11038408	24252658	6951	-0.0033
DUNGS_p_TCGA_b84_115_SNP_N_GenomeWideSNP_6_G11_771644	19	24253260	24256797	9	-0.7202
DUNGS_p_TCGA_b84_115_SNP_N_GenomeWideSNP_6_G11_771644	19	24279522	38551876	4221	0.0586
DUNGS_p_TCGA_b84_115_SNP_N_GenomeWideSNP_6_G11_771644	19	38552698	39124070	418	0.3383
DUNGS_p_TCGA_b84_115_SNP_N_GenomeWideSNP_6_G11_771644	19	39124517	40350568	770	0.08
DUNGS_p_TCGA_b84_115_SNP_N_GenomeWideSNP_6_G11_771644	19	40355614	40355883	6	-0.8072
DUNGS_p_TCGA_b84_115_SNP_N_GenomeWideSNP_6_G11_771644	19	40357887	46042836	2986	0.0657
DUNGS_p_TCGA_b84_115_SNP_N_GenomeWideSNP_6_G11_771644	19	46044223	46061245	22	0.4218
DUNGS_p_TCGA_b84_115_SNP_N_GenomeWideSNP_6_G11_771644	19	46062587	56019905	4740	0.0205
DUNGS_p_TCGA_b84_115_SNP_N_GenomeWideSNP_6_G11_771644	19	56024079	56025050	6	-1.0378
DUNGS_p_TCGA_b84_115_SNP_N_GenomeWideSNP_6_G11_771644	19	56031019	58208894	1512	0.0113
DUNGS_p_TCGA_b84_115_SNP_N_GenomeWideSNP_6_G11_771644	19	58210326	58238667	21	0.6311
DUNGS_p_TCGA_b84_115_SNP_N_GenomeWideSNP_6_G11_771644	19	58239173	60964869	1563	0.0572
DUNGS_p_TCGA_b84_115_SNP_N_GenomeWideSNP_6_G11_771644	19	60969862	60978105	7	0.6117
DUNGS_p_TCGA_b84_115_SNP_N_GenomeWideSNP_6_G11_771644	19	60980753	63789666	1849	-3e-04
DUNGS_p_TCGA_b84_115_SNP_N_GenomeWideSNP_6_G11_771644	20	9305	9307	3	-0.4922
DUNGS_p_TCGA_b84_115_SNP_N_GenomeWideSNP_6_G11_771644	20	9308	1508951	1203	0.0025
DUNGS_p_TCGA_b84_115_SNP_N_GenomeWideSNP_6_G11_771644	20	1508999	1530207	37	-0.3301
DUNGS_p_TCGA_b84_115_SNP_N_GenomeWideSNP_6_G11_771644	20	1538257	1541893	5	-1.3752
DUNGS_p_TCGA_b84_115_SNP_N_GenomeWideSNP_6_G11_771644	20	1545946	28050463	18830	-0.0155
DUNGS_p_TCGA_b84_115_SNP_N_GenomeWideSNP_6_G11_771644	20	28055256	28062616	3	-1.1905
DUNGS_p_TCGA_b84_115_SNP_N_GenomeWideSNP_6_G11_771644	20	28068003	28143576	19	-0.2085
DUNGS_p_TCGA_b84_115_SNP_N_GenomeWideSNP_6_G11_771644	20	28147343	28212524	22	0.108
DUNGS_p_TCGA_b84_115_SNP_N_GenomeWideSNP_6_G11_771644	20	28215440	29298710	16	0.3894
DUNGS_p_TCGA_b84_115_SNP_N_GenomeWideSNP_6_G11_771644	20	29299132	40077099	6181	0.0389
DUNGS_p_TCGA_b84_115_SNP_N_GenomeWideSNP_6_G11_771644	20	40078139	40078212	2	-1.1479
DUNGS_p_TCGA_b84_115_SNP_N_GenomeWideSNP_6_G11_771644	20	40079104	45205498	3834	0.0437
DUNGS_p_TCGA_b84_115_SNP_N_GenomeWideSNP_6_G11_771644	20	45206685	45206827	2	-1.408
DUNGS_p_TCGA_b84_115_SNP_N_GenomeWideSNP_6_G11_771644	20	45210204	52078275	4870	0.0318
DUNGS_p_TCGA_b84_115_SNP_N_GenomeWideSNP_6_G11_771644	20	52081215	52086643	22	-0.4762
DUNGS_p_TCGA_b84_115_SNP_N_GenomeWideSNP_6_G11_771644	20	52087236	52091124	10	-0.9989
DUNGS_p_TCGA_b84_115_SNP_N_GenomeWideSNP_6_G11_771644	20	52091480	52092058	6	-0.1701
DUNGS_p_TCGA_b84_115_SNP_N_GenomeWideSNP_6_G11_771644	20	52095981	56102792	3318	0.0315
DUNGS_p_TCGA_b84_115_SNP_N_GenomeWideSNP_6_G11_771644	20	56103385	56107455	6	-0.5171
DUNGS_p_TCGA_b84_115_SNP_N_GenomeWideSNP_6_G11_771644	20	56109156	62386512	4137	0.0201
DUNGS_p_TCGA_b84_115_SNP_N_GenomeWideSNP_6_G11_771644	20	62425139	62426597	5	-0.916
DUNGS_p_TCGA_b84_115_SNP_N_GenomeWideSNP_6_G11_771644	21	9758742	9975295	36	-0.2433
DUNGS_p_TCGA_b84_115_SNP_N_GenomeWideSNP_6_G11_771644	21	9975997	22573005	6439	0.0055
DUNGS_p_TCGA_b84_115_SNP_N_GenomeWideSNP_6_G11_771644	21	22577771	22586529	9	-1.1815
DUNGS_p_TCGA_b84_115_SNP_N_GenomeWideSNP_6_G11_771644	21	22588870	43792481	16181	0.0114
DUNGS_p_TCGA_b84_115_SNP_N_GenomeWideSNP_6_G11_771644	21	43795301	43797240	2	1.1019
DUNGS_p_TCGA_b84_115_SNP_N_GenomeWideSNP_6_G11_771644	21	43798095	46921385	1767	0.0357
DUNGS_p_TCGA_b84_115_SNP_N_GenomeWideSNP_6_G11_771644	22	14432528	17004771	1191	0.0401
DUNGS_p_TCGA_b84_115_SNP_N_GenomeWideSNP_6_G11_771644	22	17006129	17009153	8	-5.9629
DUNGS_p_TCGA_b84_115_SNP_N_GenomeWideSNP_6_G11_771644	22	17010060	22601745	3393	0.0371
DUNGS_p_TCGA_b84_115_SNP_N_GenomeWideSNP_6_G11_771644	22	22613016	22662933	30	0.6164
DUNGS_p_TCGA_b84_115_SNP_N_GenomeWideSNP_6_G11_771644	22	22667307	22674422	3	-0.2356
DUNGS_p_TCGA_b84_115_SNP_N_GenomeWideSNP_6_G11_771644	22	22680529	22724015	18	-1.869
DUNGS_p_TCGA_b84_115_SNP_N_GenomeWideSNP_6_G11_771644	22	22726814	24042296	848	0.0333
DUNGS_p_TCGA_b84_115_SNP_N_GenomeWideSNP_6_G11_771644	22	24048430	24048830	3	0.6669
DUNGS_p_TCGA_b84_115_SNP_N_GenomeWideSNP_6_G11_771644	22	24048899	24066672	26	0.2025
DUNGS_p_TCGA_b84_115_SNP_N_GenomeWideSNP_6_G11_771644	22	24066674	24066678	5	0.7707
DUNGS_p_TCGA_b84_115_SNP_N_GenomeWideSNP_6_G11_771644	22	24075901	24156486	104	0.0682
DUNGS_p_TCGA_b84_115_SNP_N_GenomeWideSNP_6_G11_771644	22	24165198	24176998	15	0.3878
DUNGS_p_TCGA_b84_115_SNP_N_GenomeWideSNP_6_G11_771644	22	24179902	37620866	9840	0.0217
DUNGS_p_TCGA_b84_115_SNP_N_GenomeWideSNP_6_G11_771644	22	37625201	37626850	3	-3.7583
DUNGS_p_TCGA_b84_115_SNP_N_GenomeWideSNP_6_G11_771644	22	37629060	47073530	6345	-0.0155
DUNGS_p_TCGA_b84_115_SNP_N_GenomeWideSNP_6_G11_771644	22	47075323	47075361	2	-1.1963
DUNGS_p_TCGA_b84_115_SNP_N_GenomeWideSNP_6_G11_771644	22	47075921	48211407	1069	-0.0428
DUNGS_p_TCGA_b84_115_SNP_N_GenomeWideSNP_6_G11_771644	22	48211922	48213536	3	-1.259
DUNGS_p_TCGA_b84_115_SNP_N_GenomeWideSNP_6_G11_771644	22	48213664	49581321	677	-0.0055
DUNGS_p_TCGA_b84_115_SNP_N_GenomeWideSNP_6_G11_771644	X	108477	32893866	20610	0.0091
DUNGS_p_TCGA_b84_115_SNP_N_GenomeWideSNP_6_G11_771644	X	32897375	32898179	3	-1.4312
DUNGS_p_TCGA_b84_115_SNP_N_GenomeWideSNP_6_G11_771644	X	32899960	106109374	35332	0.0189
DUNGS_p_TCGA_b84_115_SNP_N_GenomeWideSNP_6_G11_771644	X	106109654	106115196	5	-0.8211
DUNGS_p_TCGA_b84_115_SNP_N_GenomeWideSNP_6_G11_771644	X	106120194	150043556	26291	0.0144
DUNGS_p_TCGA_b84_115_SNP_N_GenomeWideSNP_6_G11_771644	X	150044592	150046117	2	1.1876
DUNGS_p_TCGA_b84_115_SNP_N_GenomeWideSNP_6_G11_771644	X	150047213	150117562	48	-0.0169
DUNGS_p_TCGA_b84_115_SNP_N_GenomeWideSNP_6_G11_771644	X	150120756	150124260	3	0.6403
DUNGS_p_TCGA_b84_115_SNP_N_GenomeWideSNP_6_G11_771644	X	150125277	150216587	82	0.0447
DUNGS_p_TCGA_b84_115_SNP_N_GenomeWideSNP_6_G11_771644	X	150216983	150217929	2	-1.1897
DUNGS_p_TCGA_b84_115_SNP_N_GenomeWideSNP_6_G11_771644	X	150218799	154835548	2297	0.0213
DUNGS_p_TCGA_b84_115_SNP_N_GenomeWideSNP_6_G11_771644	Y	2710438	2943369	115	-2.9106
DUNGS_p_TCGA_b84_115_SNP_N_GenomeWideSNP_6_G11_771644	Y	2947448	2954833	7	-4.5637
DUNGS_p_TCGA_b84_115_SNP_N_GenomeWideSNP_6_G11_771644	Y	2955266	2972181	11	-3.2193
DUNGS_p_TCGA_b84_115_SNP_N_GenomeWideSNP_6_G11_771644	Y	2975500	6161425	706	-2.3552
DUNGS_p_TCGA_b84_115_SNP_N_GenomeWideSNP_6_G11_771644	Y	6167901	6198474	14	-4.2811
DUNGS_p_TCGA_b84_115_SNP_N_GenomeWideSNP_6_G11_771644	Y	6198517	6212058	10	-2.776
DUNGS_p_TCGA_b84_115_SNP_N_GenomeWideSNP_6_G11_771644	Y	6212236	6250150	19	-4.4238
DUNGS_p_TCGA_b84_115_SNP_N_GenomeWideSNP_6_G11_771644	Y	6255294	6257798	5	-1.9318
DUNGS_p_TCGA_b84_115_SNP_N_GenomeWideSNP_6_G11_771644	Y	6271209	6356423	37	-4.13
DUNGS_p_TCGA_b84_115_SNP_N_GenomeWideSNP_6_G11_771644	Y	6359046	6592106	72	-2.8548
DUNGS_p_TCGA_b84_115_SNP_N_GenomeWideSNP_6_G11_771644	Y	6597454	6642806	8	-1.5558
DUNGS_p_TCGA_b84_115_SNP_N_GenomeWideSNP_6_G11_771644	Y	6648027	7052648	198	-2.9135
DUNGS_p_TCGA_b84_115_SNP_N_GenomeWideSNP_6_G11_771644	Y	7054405	7055523	2	-6.8584
DUNGS_p_TCGA_b84_115_SNP_N_GenomeWideSNP_6_G11_771644	Y	7056131	7459842	182	-2.8511
DUNGS_p_TCGA_b84_115_SNP_N_GenomeWideSNP_6_G11_771644	Y	7460746	7578866	58	-3.5264
DUNGS_p_TCGA_b84_115_SNP_N_GenomeWideSNP_6_G11_771644	Y	7579201	7698901	72	-2.9399
DUNGS_p_TCGA_b84_115_SNP_N_GenomeWideSNP_6_G11_771644	Y	7702376	7703394	4	-6.4862
DUNGS_p_TCGA_b84_115_SNP_N_GenomeWideSNP_6_G11_771644	Y	7706694	9223699	884	-3.1728
DUNGS_p_TCGA_b84_115_SNP_N_GenomeWideSNP_6_G11_771644	Y	9224332	10001884	29	-4.4967
DUNGS_p_TCGA_b84_115_SNP_N_GenomeWideSNP_6_G11_771644	Y	10002195	10432994	172	-3.4275
DUNGS_p_TCGA_b84_115_SNP_N_GenomeWideSNP_6_G11_771644	Y	10433373	13174143	515	-2.7948
DUNGS_p_TCGA_b84_115_SNP_N_GenomeWideSNP_6_G11_771644	Y	13174651	13175876	3	-6.2586
DUNGS_p_TCGA_b84_115_SNP_N_GenomeWideSNP_6_G11_771644	Y	13189694	13302392	55	-2.8364
DUNGS_p_TCGA_b84_115_SNP_N_GenomeWideSNP_6_G11_771644	Y	13302918	13315400	8	-5.1248
DUNGS_p_TCGA_b84_115_SNP_N_GenomeWideSNP_6_G11_771644	Y	13319281	14099670	353	-3.0379
DUNGS_p_TCGA_b84_115_SNP_N_GenomeWideSNP_6_G11_771644	Y	14099736	14103917	3	-6.8575
DUNGS_p_TCGA_b84_115_SNP_N_GenomeWideSNP_6_G11_771644	Y	14104283	15899492	908	-3.0256
DUNGS_p_TCGA_b84_115_SNP_N_GenomeWideSNP_6_G11_771644	Y	15903505	15905418	2	-6.7472
DUNGS_p_TCGA_b84_115_SNP_N_GenomeWideSNP_6_G11_771644	Y	15905853	16571888	420	-2.9345
DUNGS_p_TCGA_b84_115_SNP_N_GenomeWideSNP_6_G11_771644	Y	16575550	16575919	2	-6.4706
DUNGS_p_TCGA_b84_115_SNP_N_GenomeWideSNP_6_G11_771644	Y	16578433	16780637	100	-3.0072
DUNGS_p_TCGA_b84_115_SNP_N_GenomeWideSNP_6_G11_771644	Y	16783449	16862929	32	-3.7142
DUNGS_p_TCGA_b84_115_SNP_N_GenomeWideSNP_6_G11_771644	Y	16865423	16875210	6	-5.2297
DUNGS_p_TCGA_b84_115_SNP_N_GenomeWideSNP_6_G11_771644	Y	16877638	17038883	59	-3.5077
DUNGS_p_TCGA_b84_115_SNP_N_GenomeWideSNP_6_G11_771644	Y	17042729	17677531	349	-2.9965
DUNGS_p_TCGA_b84_115_SNP_N_GenomeWideSNP_6_G11_771644	Y	17678064	17688934	5	-6.2355
DUNGS_p_TCGA_b84_115_SNP_N_GenomeWideSNP_6_G11_771644	Y	17691665	18080026	194	-3.0802
DUNGS_p_TCGA_b84_115_SNP_N_GenomeWideSNP_6_G11_771644	Y	18080874	18464291	178	-3.5361
DUNGS_p_TCGA_b84_115_SNP_N_GenomeWideSNP_6_G11_771644	Y	18465414	18472221	11	-5.2458
DUNGS_p_TCGA_b84_115_SNP_N_GenomeWideSNP_6_G11_771644	Y	18472916	19021246	236	-3.4816
DUNGS_p_TCGA_b84_115_SNP_N_GenomeWideSNP_6_G11_771644	Y	19022102	19129530	51	-4.2905
DUNGS_p_TCGA_b84_115_SNP_N_GenomeWideSNP_6_G11_771644	Y	19131260	19349720	131	-3.528
DUNGS_p_TCGA_b84_115_SNP_N_GenomeWideSNP_6_G11_771644	Y	19350903	19384308	11	-5.1746
DUNGS_p_TCGA_b84_115_SNP_N_GenomeWideSNP_6_G11_771644	Y	19385236	19430134	32	-3.7309
DUNGS_p_TCGA_b84_115_SNP_N_GenomeWideSNP_6_G11_771644	Y	19430886	19431561	2	-8.0397
DUNGS_p_TCGA_b84_115_SNP_N_GenomeWideSNP_6_G11_771644	Y	19431797	19484001	21	-3.914
DUNGS_p_TCGA_b84_115_SNP_N_GenomeWideSNP_6_G11_771644	Y	19484450	20284198	338	-3.0141
DUNGS_p_TCGA_b84_115_SNP_N_GenomeWideSNP_6_G11_771644	Y	20284743	20378035	37	-3.9671
DUNGS_p_TCGA_b84_115_SNP_N_GenomeWideSNP_6_G11_771644	Y	20378641	21314582	286	-3.0095
DUNGS_p_TCGA_b84_115_SNP_N_GenomeWideSNP_6_G11_771644	Y	21323689	21342205	11	-4.9299
DUNGS_p_TCGA_b84_115_SNP_N_GenomeWideSNP_6_G11_771644	Y	21343497	22063159	337	-3.1036
DUNGS_p_TCGA_b84_115_SNP_N_GenomeWideSNP_6_G11_771644	Y	22093119	22099738	2	-8.9433
DUNGS_p_TCGA_b84_115_SNP_N_GenomeWideSNP_6_G11_771644	Y	22125089	22163737	26	-3.8576
DUNGS_p_TCGA_b84_115_SNP_N_GenomeWideSNP_6_G11_771644	Y	22163985	22268551	47	-2.6349
DUNGS_p_TCGA_b84_115_SNP_N_GenomeWideSNP_6_G11_771644	Y	22268856	22529167	59	-3.3445
DUNGS_p_TCGA_b84_115_SNP_N_GenomeWideSNP_6_G11_771644	Y	22587206	22705157	20	-4.3241
DUNGS_p_TCGA_b84_115_SNP_N_GenomeWideSNP_6_G11_771644	Y	22706134	22925190	113	-3.1294
DUNGS_p_TCGA_b84_115_SNP_N_GenomeWideSNP_6_G11_771644	Y	22925469	22992607	36	-3.704
DUNGS_p_TCGA_b84_115_SNP_N_GenomeWideSNP_6_G11_771644	Y	22993257	23374340	43	-4.5493
DUNGS_p_TCGA_b84_115_SNP_N_GenomeWideSNP_6_G11_771644	Y	23388906	24385517	145	-3.5255
DUNGS_p_TCGA_b84_115_SNP_N_GenomeWideSNP_6_G11_771644	Y	24387082	24627620	97	-4.0853
DUNGS_p_TCGA_b84_115_SNP_N_GenomeWideSNP_6_G11_771644	Y	24632208	24818154	43	-2.9682
DUNGS_p_TCGA_b84_115_SNP_N_GenomeWideSNP_6_G11_771644	Y	24819177	24821991	3	-6.0639
DUNGS_p_TCGA_b84_115_SNP_N_GenomeWideSNP_6_G11_771644	Y	24826480	24842055	10	-3.0658
DUNGS_p_TCGA_b84_115_SNP_N_GenomeWideSNP_6_G11_771644	Y	24842746	24878447	15	-1.6319
DUNGS_p_TCGA_b84_115_SNP_N_GenomeWideSNP_6_G11_771644	Y	24883344	25028523	18	-2.9192
DUNGS_p_TCGA_b84_115_SNP_N_GenomeWideSNP_6_G11_771644	Y	25040317	25649572	80	-4.2596
DUNGS_p_TCGA_b84_115_SNP_N_GenomeWideSNP_6_G11_771644	Y	25664067	26129939	98	-2.5938
DUNGS_p_TCGA_b84_115_SNP_N_GenomeWideSNP_6_G11_771644	Y	26130472	26463416	139	-3.9356
DUNGS_p_TCGA_b84_115_SNP_N_GenomeWideSNP_6_G11_771644	Y	26464490	26523696	29	-2.6607
DUNGS_p_TCGA_b84_115_SNP_N_GenomeWideSNP_6_G11_771644	Y	26527268	26731407	40	-4.5552
DUNGS_p_TCGA_b84_115_SNP_N_GenomeWideSNP_6_G11_771644	Y	26731471	26861404	50	-3.3362
DUNGS_p_TCGA_b84_115_SNP_N_GenomeWideSNP_6_G11_771644	Y	26866725	57427647	176	-2.4894
