Sample	Chromosome	Start	End	Num_Probes	Segment_Mean
DUNGS_p_TCGA_b84_115_SNP_N_GenomeWideSNP_6_D08_771472	1	3218610	5699415	1648	0.0503
DUNGS_p_TCGA_b84_115_SNP_N_GenomeWideSNP_6_D08_771472	1	5699475	5700007	3	-0.9756
DUNGS_p_TCGA_b84_115_SNP_N_GenomeWideSNP_6_D08_771472	1	5700116	20184935	7634	0.0483
DUNGS_p_TCGA_b84_115_SNP_N_GenomeWideSNP_6_D08_771472	1	20186973	20187321	2	-1.0124
DUNGS_p_TCGA_b84_115_SNP_N_GenomeWideSNP_6_D08_771472	1	20187511	28888101	4127	0.053
DUNGS_p_TCGA_b84_115_SNP_N_GenomeWideSNP_6_D08_771472	1	28891362	28895150	2	-0.9735
DUNGS_p_TCGA_b84_115_SNP_N_GenomeWideSNP_6_D08_771472	1	28899008	36867234	4162	0.0489
DUNGS_p_TCGA_b84_115_SNP_N_GenomeWideSNP_6_D08_771472	1	36872665	36873318	4	-0.886
DUNGS_p_TCGA_b84_115_SNP_N_GenomeWideSNP_6_D08_771472	1	36874242	48180964	6094	0.0518
DUNGS_p_TCGA_b84_115_SNP_N_GenomeWideSNP_6_D08_771472	1	48181286	48217954	27	0.3381
DUNGS_p_TCGA_b84_115_SNP_N_GenomeWideSNP_6_D08_771472	1	48217969	217441706	86294	0.0709
DUNGS_p_TCGA_b84_115_SNP_N_GenomeWideSNP_6_D08_771472	1	217442207	217442638	3	-0.8086
DUNGS_p_TCGA_b84_115_SNP_N_GenomeWideSNP_6_D08_771472	1	217445081	247813706	19201	0.0902
DUNGS_p_TCGA_b84_115_SNP_N_GenomeWideSNP_6_D08_771472	2	484222	45753961	26830	0.0406
DUNGS_p_TCGA_b84_115_SNP_N_GenomeWideSNP_6_D08_771472	2	45759027	45759054	2	-1.1248
DUNGS_p_TCGA_b84_115_SNP_N_GenomeWideSNP_6_D08_771472	2	45764419	74146977	16184	0.0464
DUNGS_p_TCGA_b84_115_SNP_N_GenomeWideSNP_6_D08_771472	2	74147627	74147818	2	-1.0067
DUNGS_p_TCGA_b84_115_SNP_N_GenomeWideSNP_6_D08_771472	2	74150256	106993244	13396	0.0443
DUNGS_p_TCGA_b84_115_SNP_N_GenomeWideSNP_6_D08_771472	2	106994241	107002759	4	-0.8234
DUNGS_p_TCGA_b84_115_SNP_N_GenomeWideSNP_6_D08_771472	2	107006564	216181893	58876	0.0677
DUNGS_p_TCGA_b84_115_SNP_N_GenomeWideSNP_6_D08_771472	2	216184431	216229097	34	0.3572
DUNGS_p_TCGA_b84_115_SNP_N_GenomeWideSNP_6_D08_771472	2	216229674	224411192	5349	0.0805
DUNGS_p_TCGA_b84_115_SNP_N_GenomeWideSNP_6_D08_771472	2	224411262	224412606	2	-1.4325
DUNGS_p_TCGA_b84_115_SNP_N_GenomeWideSNP_6_D08_771472	2	224413227	242476062	10682	0.0848
DUNGS_p_TCGA_b84_115_SNP_N_GenomeWideSNP_6_D08_771472	3	2212571	4834503	1508	-0.1585
DUNGS_p_TCGA_b84_115_SNP_N_GenomeWideSNP_6_D08_771472	3	4836425	4837269	2	-1.192
DUNGS_p_TCGA_b84_115_SNP_N_GenomeWideSNP_6_D08_771472	3	4838209	66577919	36108	-0.1984
DUNGS_p_TCGA_b84_115_SNP_N_GenomeWideSNP_6_D08_771472	3	66578057	70855001	2957	0.0372
DUNGS_p_TCGA_b84_115_SNP_N_GenomeWideSNP_6_D08_771472	3	70857408	89447354	10053	-0.1697
DUNGS_p_TCGA_b84_115_SNP_N_GenomeWideSNP_6_D08_771472	3	89447423	89447856	3	0.0749
DUNGS_p_TCGA_b84_115_SNP_N_GenomeWideSNP_6_D08_771472	3	89451378	90485962	307	1.4807
DUNGS_p_TCGA_b84_115_SNP_N_GenomeWideSNP_6_D08_771472	3	93734671	156260245	34576	0.0485
DUNGS_p_TCGA_b84_115_SNP_N_GenomeWideSNP_6_D08_771472	3	156263108	156263765	2	-1.144
DUNGS_p_TCGA_b84_115_SNP_N_GenomeWideSNP_6_D08_771472	3	156265940	167620526	5409	0.0499
DUNGS_p_TCGA_b84_115_SNP_N_GenomeWideSNP_6_D08_771472	3	167622673	167784341	99	0.2662
DUNGS_p_TCGA_b84_115_SNP_N_GenomeWideSNP_6_D08_771472	3	167791358	167791686	2	-0.8451
DUNGS_p_TCGA_b84_115_SNP_N_GenomeWideSNP_6_D08_771472	3	167796646	188483275	11001	0.2354
DUNGS_p_TCGA_b84_115_SNP_N_GenomeWideSNP_6_D08_771472	3	188485076	188532809	29	-0.8782
DUNGS_p_TCGA_b84_115_SNP_N_GenomeWideSNP_6_D08_771472	3	188539317	197538677	4372	0.2291
DUNGS_p_TCGA_b84_115_SNP_N_GenomeWideSNP_6_D08_771472	4	1053934	5080187	1808	0.0471
DUNGS_p_TCGA_b84_115_SNP_N_GenomeWideSNP_6_D08_771472	4	5084137	5436769	254	-0.2571
DUNGS_p_TCGA_b84_115_SNP_N_GenomeWideSNP_6_D08_771472	4	5436892	91861833	48341	0.053
DUNGS_p_TCGA_b84_115_SNP_N_GenomeWideSNP_6_D08_771472	4	91862940	91941868	75	-0.2278
DUNGS_p_TCGA_b84_115_SNP_N_GenomeWideSNP_6_D08_771472	4	91941942	128464753	20299	0.0458
DUNGS_p_TCGA_b84_115_SNP_N_GenomeWideSNP_6_D08_771472	4	128466533	128477679	2	-1.0878
DUNGS_p_TCGA_b84_115_SNP_N_GenomeWideSNP_6_D08_771472	4	128480273	145444132	8873	0.045
DUNGS_p_TCGA_b84_115_SNP_N_GenomeWideSNP_6_D08_771472	4	145450959	153095684	4080	-0.1852
DUNGS_p_TCGA_b84_115_SNP_N_GenomeWideSNP_6_D08_771472	4	153099273	153099853	2	-1.2516
DUNGS_p_TCGA_b84_115_SNP_N_GenomeWideSNP_6_D08_771472	4	153099920	153435184	130	-0.1409
DUNGS_p_TCGA_b84_115_SNP_N_GenomeWideSNP_6_D08_771472	4	153437725	153438333	2	-1.2903
DUNGS_p_TCGA_b84_115_SNP_N_GenomeWideSNP_6_D08_771472	4	153443449	161428270	4812	-0.1775
DUNGS_p_TCGA_b84_115_SNP_N_GenomeWideSNP_6_D08_771472	4	161429125	161429391	2	-1.2707
DUNGS_p_TCGA_b84_115_SNP_N_GenomeWideSNP_6_D08_771472	4	161429694	162477082	569	-0.186
DUNGS_p_TCGA_b84_115_SNP_N_GenomeWideSNP_6_D08_771472	4	162477184	162480449	2	-1.3491
DUNGS_p_TCGA_b84_115_SNP_N_GenomeWideSNP_6_D08_771472	4	162480911	183437132	11432	-0.1823
DUNGS_p_TCGA_b84_115_SNP_N_GenomeWideSNP_6_D08_771472	4	183452214	183452733	4	-1.2494
DUNGS_p_TCGA_b84_115_SNP_N_GenomeWideSNP_6_D08_771472	4	183452998	188763651	2107	-0.1868
DUNGS_p_TCGA_b84_115_SNP_N_GenomeWideSNP_6_D08_771472	5	914233	126457615	67841	0.0693
DUNGS_p_TCGA_b84_115_SNP_N_GenomeWideSNP_6_D08_771472	5	126458126	126458317	2	-1.3128
DUNGS_p_TCGA_b84_115_SNP_N_GenomeWideSNP_6_D08_771472	5	126463639	135796008	5529	0.0535
DUNGS_p_TCGA_b84_115_SNP_N_GenomeWideSNP_6_D08_771472	5	135802949	135804895	2	-1.0564
DUNGS_p_TCGA_b84_115_SNP_N_GenomeWideSNP_6_D08_771472	5	135807927	148450915	7389	0.0501
DUNGS_p_TCGA_b84_115_SNP_N_GenomeWideSNP_6_D08_771472	5	148452043	148455134	3	-0.9915
DUNGS_p_TCGA_b84_115_SNP_N_GenomeWideSNP_6_D08_771472	5	148459267	175346597	17757	0.0468
DUNGS_p_TCGA_b84_115_SNP_N_GenomeWideSNP_6_D08_771472	5	175346628	175348822	4	-0.7924
DUNGS_p_TCGA_b84_115_SNP_N_GenomeWideSNP_6_D08_771472	5	175348842	180360469	2026	0.0477
DUNGS_p_TCGA_b84_115_SNP_N_GenomeWideSNP_6_D08_771472	6	1014281	19057681	12723	0.0933
DUNGS_p_TCGA_b84_115_SNP_N_GenomeWideSNP_6_D08_771472	6	19057696	19058415	4	-0.6895
DUNGS_p_TCGA_b84_115_SNP_N_GenomeWideSNP_6_D08_771472	6	19061382	19569263	341	0.0865
DUNGS_p_TCGA_b84_115_SNP_N_GenomeWideSNP_6_D08_771472	6	19569753	19570634	2	-0.8672
DUNGS_p_TCGA_b84_115_SNP_N_GenomeWideSNP_6_D08_771472	6	19570707	39056150	9761	0.0966
DUNGS_p_TCGA_b84_115_SNP_N_GenomeWideSNP_6_D08_771472	6	39060576	43279041	2766	-0.2094
DUNGS_p_TCGA_b84_115_SNP_N_GenomeWideSNP_6_D08_771472	6	43284080	43285148	3	-1.5211
DUNGS_p_TCGA_b84_115_SNP_N_GenomeWideSNP_6_D08_771472	6	43293101	99586477	28747	-0.2281
DUNGS_p_TCGA_b84_115_SNP_N_GenomeWideSNP_6_D08_771472	6	99588385	170903919	42192	0.0496
DUNGS_p_TCGA_b84_115_SNP_N_GenomeWideSNP_6_D08_771472	7	705284	3309180	993	-0.1149
DUNGS_p_TCGA_b84_115_SNP_N_GenomeWideSNP_6_D08_771472	7	3312870	3633837	132	0.099
DUNGS_p_TCGA_b84_115_SNP_N_GenomeWideSNP_6_D08_771472	7	3637930	16169658	6659	-0.1371
DUNGS_p_TCGA_b84_115_SNP_N_GenomeWideSNP_6_D08_771472	7	16171560	16172259	2	1.2052
DUNGS_p_TCGA_b84_115_SNP_N_GenomeWideSNP_6_D08_771472	7	16176841	52609269	23051	-0.1199
DUNGS_p_TCGA_b84_115_SNP_N_GenomeWideSNP_6_D08_771472	7	52610334	53232228	441	2.211
DUNGS_p_TCGA_b84_115_SNP_N_GenomeWideSNP_6_D08_771472	7	53232480	53237359	3	0.9485
DUNGS_p_TCGA_b84_115_SNP_N_GenomeWideSNP_6_D08_771472	7	53237564	53447401	167	2.4535
DUNGS_p_TCGA_b84_115_SNP_N_GenomeWideSNP_6_D08_771472	7	53449223	53731634	113	1.8651
DUNGS_p_TCGA_b84_115_SNP_N_GenomeWideSNP_6_D08_771472	7	53735796	53865681	92	2.1604
DUNGS_p_TCGA_b84_115_SNP_N_GenomeWideSNP_6_D08_771472	7	53866024	54184708	176	1.7643
DUNGS_p_TCGA_b84_115_SNP_N_GenomeWideSNP_6_D08_771472	7	54184839	55269964	864	1.3955
DUNGS_p_TCGA_b84_115_SNP_N_GenomeWideSNP_6_D08_771472	7	55271446	55272485	3	0.3825
DUNGS_p_TCGA_b84_115_SNP_N_GenomeWideSNP_6_D08_771472	7	55277964	55790604	315	1.3906
DUNGS_p_TCGA_b84_115_SNP_N_GenomeWideSNP_6_D08_771472	7	55791435	55793010	2	-0.2781
DUNGS_p_TCGA_b84_115_SNP_N_GenomeWideSNP_6_D08_771472	7	55798100	55987513	74	1.5238
DUNGS_p_TCGA_b84_115_SNP_N_GenomeWideSNP_6_D08_771472	7	55987920	56016934	3	0.8015
DUNGS_p_TCGA_b84_115_SNP_N_GenomeWideSNP_6_D08_771472	7	56022731	63445078	383	-0.0686
DUNGS_p_TCGA_b84_115_SNP_N_GenomeWideSNP_6_D08_771472	7	63445432	63452973	2	1.0372
DUNGS_p_TCGA_b84_115_SNP_N_GenomeWideSNP_6_D08_771472	7	63453528	70084983	2886	0.0583
DUNGS_p_TCGA_b84_115_SNP_N_GenomeWideSNP_6_D08_771472	7	70085409	71485611	854	0.2759
DUNGS_p_TCGA_b84_115_SNP_N_GenomeWideSNP_6_D08_771472	7	71486929	124163263	26133	0.0572
DUNGS_p_TCGA_b84_115_SNP_N_GenomeWideSNP_6_D08_771472	7	124163766	124164127	3	-0.9263
DUNGS_p_TCGA_b84_115_SNP_N_GenomeWideSNP_6_D08_771472	7	124164636	158385118	18012	0.0561
DUNGS_p_TCGA_b84_115_SNP_N_GenomeWideSNP_6_D08_771472	8	617667	39799193	22766	-0.1658
DUNGS_p_TCGA_b84_115_SNP_N_GenomeWideSNP_6_D08_771472	8	39800461	63719844	11364	0.0512
DUNGS_p_TCGA_b84_115_SNP_N_GenomeWideSNP_6_D08_771472	8	63721532	63721664	2	-1.2139
DUNGS_p_TCGA_b84_115_SNP_N_GenomeWideSNP_6_D08_771472	8	63723283	64340081	367	0.0365
DUNGS_p_TCGA_b84_115_SNP_N_GenomeWideSNP_6_D08_771472	8	64340262	64340597	2	-1.2323
DUNGS_p_TCGA_b84_115_SNP_N_GenomeWideSNP_6_D08_771472	8	64348293	81452333	9738	0.0513
DUNGS_p_TCGA_b84_115_SNP_N_GenomeWideSNP_6_D08_771472	8	81457906	81467428	5	0.7958
DUNGS_p_TCGA_b84_115_SNP_N_GenomeWideSNP_6_D08_771472	8	81469704	145232496	37337	0.0523
DUNGS_p_TCGA_b84_115_SNP_N_GenomeWideSNP_6_D08_771472	9	789932	92679331	38293	-0.1706
DUNGS_p_TCGA_b84_115_SNP_N_GenomeWideSNP_6_D08_771472	9	92679390	140938752	29765	0.0475
DUNGS_p_TCGA_b84_115_SNP_N_GenomeWideSNP_6_D08_771472	10	415240	1456758	336	0.0531
DUNGS_p_TCGA_b84_115_SNP_N_GenomeWideSNP_6_D08_771472	10	1456768	1456776	3	-0.8099
DUNGS_p_TCGA_b84_115_SNP_N_GenomeWideSNP_6_D08_771472	10	1460442	23123734	15622	0.0499
DUNGS_p_TCGA_b84_115_SNP_N_GenomeWideSNP_6_D08_771472	10	23125459	23126000	3	-0.7793
DUNGS_p_TCGA_b84_115_SNP_N_GenomeWideSNP_6_D08_771472	10	23129838	129012678	61779	5e-04
DUNGS_p_TCGA_b84_115_SNP_N_GenomeWideSNP_6_D08_771472	10	129014678	129015808	3	-0.8332
DUNGS_p_TCGA_b84_115_SNP_N_GenomeWideSNP_6_D08_771472	10	129016861	134116771	2890	0.0176
DUNGS_p_TCGA_b84_115_SNP_N_GenomeWideSNP_6_D08_771472	10	134117776	134118509	2	-1.2223
DUNGS_p_TCGA_b84_115_SNP_N_GenomeWideSNP_6_D08_771472	10	134123019	135225087	269	0.031
DUNGS_p_TCGA_b84_115_SNP_N_GenomeWideSNP_6_D08_771472	11	456120	47065072	29504	-0.1728
DUNGS_p_TCGA_b84_115_SNP_N_GenomeWideSNP_6_D08_771472	11	47065839	93479302	20767	0.0591
DUNGS_p_TCGA_b84_115_SNP_N_GenomeWideSNP_6_D08_771472	11	93489977	93499506	9	-0.9232
DUNGS_p_TCGA_b84_115_SNP_N_GenomeWideSNP_6_D08_771472	11	93501297	95544420	1443	0.0707
DUNGS_p_TCGA_b84_115_SNP_N_GenomeWideSNP_6_D08_771472	11	95545280	95545340	2	-1.1774
DUNGS_p_TCGA_b84_115_SNP_N_GenomeWideSNP_6_D08_771472	11	95547144	125166854	19483	0.0596
DUNGS_p_TCGA_b84_115_SNP_N_GenomeWideSNP_6_D08_771472	11	125167475	125167506	2	-1.0425
DUNGS_p_TCGA_b84_115_SNP_N_GenomeWideSNP_6_D08_771472	11	125168815	134142530	6080	0.0612
DUNGS_p_TCGA_b84_115_SNP_N_GenomeWideSNP_6_D08_771472	12	889902	1038742	65	0.0557
DUNGS_p_TCGA_b84_115_SNP_N_GenomeWideSNP_6_D08_771472	12	1038766	6390955	3433	-0.2157
DUNGS_p_TCGA_b84_115_SNP_N_GenomeWideSNP_6_D08_771472	12	6392643	7077377	286	0.2148
DUNGS_p_TCGA_b84_115_SNP_N_GenomeWideSNP_6_D08_771472	12	7082711	21771929	8189	-0.216
DUNGS_p_TCGA_b84_115_SNP_N_GenomeWideSNP_6_D08_771472	12	21772286	22158948	229	0.2314
DUNGS_p_TCGA_b84_115_SNP_N_GenomeWideSNP_6_D08_771472	12	22161969	23549720	942	-0.22
DUNGS_p_TCGA_b84_115_SNP_N_GenomeWideSNP_6_D08_771472	12	23549973	32330415	5678	0.0662
DUNGS_p_TCGA_b84_115_SNP_N_GenomeWideSNP_6_D08_771472	12	32331195	32331669	2	-1.2812
DUNGS_p_TCGA_b84_115_SNP_N_GenomeWideSNP_6_D08_771472	12	32336962	33519450	746	0.0537
DUNGS_p_TCGA_b84_115_SNP_N_GenomeWideSNP_6_D08_771472	12	33519525	42488244	2034	-0.1767
DUNGS_p_TCGA_b84_115_SNP_N_GenomeWideSNP_6_D08_771472	12	42490475	42490709	2	1.7554
DUNGS_p_TCGA_b84_115_SNP_N_GenomeWideSNP_6_D08_771472	12	42490951	52389507	4994	-0.2111
DUNGS_p_TCGA_b84_115_SNP_N_GenomeWideSNP_6_D08_771472	12	52393208	58152371	3035	0.1968
DUNGS_p_TCGA_b84_115_SNP_N_GenomeWideSNP_6_D08_771472	12	58152581	62516560	2726	-0.2127
DUNGS_p_TCGA_b84_115_SNP_N_GenomeWideSNP_6_D08_771472	12	62519406	62520955	2	-1.301
DUNGS_p_TCGA_b84_115_SNP_N_GenomeWideSNP_6_D08_771472	12	62522051	62659978	88	-0.2183
DUNGS_p_TCGA_b84_115_SNP_N_GenomeWideSNP_6_D08_771472	12	62660483	62712070	24	0.1362
DUNGS_p_TCGA_b84_115_SNP_N_GenomeWideSNP_6_D08_771472	12	62713703	62859420	71	-0.2161
DUNGS_p_TCGA_b84_115_SNP_N_GenomeWideSNP_6_D08_771472	12	62867655	76409990	8366	0.0642
DUNGS_p_TCGA_b84_115_SNP_N_GenomeWideSNP_6_D08_771472	12	76415277	79322464	1917	-0.2226
DUNGS_p_TCGA_b84_115_SNP_N_GenomeWideSNP_6_D08_771472	12	79323361	79323502	3	-1.6585
DUNGS_p_TCGA_b84_115_SNP_N_GenomeWideSNP_6_D08_771472	12	79328999	108594069	18186	-0.1814
DUNGS_p_TCGA_b84_115_SNP_N_GenomeWideSNP_6_D08_771472	12	108596080	121011178	7357	0.1695
DUNGS_p_TCGA_b84_115_SNP_N_GenomeWideSNP_6_D08_771472	12	121012216	122138129	582	-0.2191
DUNGS_p_TCGA_b84_115_SNP_N_GenomeWideSNP_6_D08_771472	12	122143419	126069934	1943	0.1081
DUNGS_p_TCGA_b84_115_SNP_N_GenomeWideSNP_6_D08_771472	12	126070224	132075570	2829	-0.1803
DUNGS_p_TCGA_b84_115_SNP_N_GenomeWideSNP_6_D08_771472	12	132076082	132077820	2	-1.329
DUNGS_p_TCGA_b84_115_SNP_N_GenomeWideSNP_6_D08_771472	12	132077900	133161346	248	-0.1804
DUNGS_p_TCGA_b84_115_SNP_N_GenomeWideSNP_6_D08_771472	13	19450806	30212446	6343	-0.2222
DUNGS_p_TCGA_b84_115_SNP_N_GenomeWideSNP_6_D08_771472	13	30212940	30213039	2	-1.6549
DUNGS_p_TCGA_b84_115_SNP_N_GenomeWideSNP_6_D08_771472	13	30213872	64254856	19581	-0.2175
DUNGS_p_TCGA_b84_115_SNP_N_GenomeWideSNP_6_D08_771472	13	64946543	114987458	30751	0.0963
DUNGS_p_TCGA_b84_115_SNP_N_GenomeWideSNP_6_D08_771472	14	20501368	32681459	6060	0.0527
DUNGS_p_TCGA_b84_115_SNP_N_GenomeWideSNP_6_D08_771472	14	32688898	32926953	203	-0.2293
DUNGS_p_TCGA_b84_115_SNP_N_GenomeWideSNP_6_D08_771472	14	32927323	105988038	43208	0.0536
DUNGS_p_TCGA_b84_115_SNP_N_GenomeWideSNP_6_D08_771472	15	23687685	101884307	44551	0.0587
DUNGS_p_TCGA_b84_115_SNP_N_GenomeWideSNP_6_D08_771472	16	653459	30942713	13512	0.02
DUNGS_p_TCGA_b84_115_SNP_N_GenomeWideSNP_6_D08_771472	16	30943982	30944754	2	-1.1329
DUNGS_p_TCGA_b84_115_SNP_N_GenomeWideSNP_6_D08_771472	16	30946506	78748752	20368	-0.0336
DUNGS_p_TCGA_b84_115_SNP_N_GenomeWideSNP_6_D08_771472	16	78749341	79056420	117	-0.313
DUNGS_p_TCGA_b84_115_SNP_N_GenomeWideSNP_6_D08_771472	16	79056756	79057120	3	-0.9711
DUNGS_p_TCGA_b84_115_SNP_N_GenomeWideSNP_6_D08_771472	16	79057144	79085201	46	-0.3253
DUNGS_p_TCGA_b84_115_SNP_N_GenomeWideSNP_6_D08_771472	16	79086311	89379936	6768	-0.0837
DUNGS_p_TCGA_b84_115_SNP_N_GenomeWideSNP_6_D08_771472	17	987221	9622544	4327	0.016
DUNGS_p_TCGA_b84_115_SNP_N_GenomeWideSNP_6_D08_771472	17	9624792	9628574	3	-1.1408
DUNGS_p_TCGA_b84_115_SNP_N_GenomeWideSNP_6_D08_771472	17	9630688	80917016	32674	0.0654
DUNGS_p_TCGA_b84_115_SNP_N_GenomeWideSNP_6_D08_771472	18	329586	30390647	15321	0.0544
DUNGS_p_TCGA_b84_115_SNP_N_GenomeWideSNP_6_D08_771472	18	30390884	30391115	4	-0.8748
DUNGS_p_TCGA_b84_115_SNP_N_GenomeWideSNP_6_D08_771472	18	30392068	38084222	4646	-0.1665
DUNGS_p_TCGA_b84_115_SNP_N_GenomeWideSNP_6_D08_771472	18	38084525	41190901	1728	0.0564
DUNGS_p_TCGA_b84_115_SNP_N_GenomeWideSNP_6_D08_771472	18	41191924	41191933	2	-1.1579
DUNGS_p_TCGA_b84_115_SNP_N_GenomeWideSNP_6_D08_771472	18	41192213	69027305	17263	-0.0991
DUNGS_p_TCGA_b84_115_SNP_N_GenomeWideSNP_6_D08_771472	18	69029682	69029878	2	-3.3158
DUNGS_p_TCGA_b84_115_SNP_N_GenomeWideSNP_6_D08_771472	18	69030354	77109240	3720	-0.1793
DUNGS_p_TCGA_b84_115_SNP_N_GenomeWideSNP_6_D08_771472	19	284018	58878226	23962	-0.1669
DUNGS_p_TCGA_b84_115_SNP_N_GenomeWideSNP_6_D08_771472	20	455764	21931233	14349	-0.1878
DUNGS_p_TCGA_b84_115_SNP_N_GenomeWideSNP_6_D08_771472	20	21932229	62219837	22952	0.0672
DUNGS_p_TCGA_b84_115_SNP_N_GenomeWideSNP_6_D08_771472	21	15347621	47678774	20593	0.0659
DUNGS_p_TCGA_b84_115_SNP_N_GenomeWideSNP_6_D08_771472	22	17423930	32331594	6049	-0.2134
DUNGS_p_TCGA_b84_115_SNP_N_GenomeWideSNP_6_D08_771472	22	32332163	32385858	36	0.0341
DUNGS_p_TCGA_b84_115_SNP_N_GenomeWideSNP_6_D08_771472	22	32388254	33048354	464	-0.2042
DUNGS_p_TCGA_b84_115_SNP_N_GenomeWideSNP_6_D08_771472	22	33051407	40876234	4790	0.0732
DUNGS_p_TCGA_b84_115_SNP_N_GenomeWideSNP_6_D08_771472	22	40889607	49331012	5598	-0.2108
DUNGS_p_TCGA_b84_115_SNP_N_GenomeWideSNP_6_D08_771472	X	3157107	41171733	17199	0.0086
DUNGS_p_TCGA_b84_115_SNP_N_GenomeWideSNP_6_D08_771472	X	41173021	41233146	35	-0.6699
DUNGS_p_TCGA_b84_115_SNP_N_GenomeWideSNP_6_D08_771472	X	41235848	96321451	19574	0.0026
DUNGS_p_TCGA_b84_115_SNP_N_GenomeWideSNP_6_D08_771472	X	96322075	96323493	2	-1.8574
DUNGS_p_TCGA_b84_115_SNP_N_GenomeWideSNP_6_D08_771472	X	96324561	154905589	27012	0.0021
