Sample	Chromosome	Start	End	Num_Probes	Segment_Mean
DUNGS_p_TCGA_b84_115_SNP_N_GenomeWideSNP_6_C04_771582	1	3208470	63379219	33520	-0.2968
DUNGS_p_TCGA_b84_115_SNP_N_GenomeWideSNP_6_C04_771582	1	63383914	63413102	25	-0.9145
DUNGS_p_TCGA_b84_115_SNP_N_GenomeWideSNP_6_C04_771582	1	63414994	63828158	230	0.697
DUNGS_p_TCGA_b84_115_SNP_N_GenomeWideSNP_6_C04_771582	1	63834817	63905464	63	0.2463
DUNGS_p_TCGA_b84_115_SNP_N_GenomeWideSNP_6_C04_771582	1	63905902	63914512	6	-3.0894
DUNGS_p_TCGA_b84_115_SNP_N_GenomeWideSNP_6_C04_771582	1	63919070	68502172	3395	0.1817
DUNGS_p_TCGA_b84_115_SNP_N_GenomeWideSNP_6_C04_771582	1	68502314	69250250	425	0.6257
DUNGS_p_TCGA_b84_115_SNP_N_GenomeWideSNP_6_C04_771582	1	69252746	76244615	3699	0.0888
DUNGS_p_TCGA_b84_115_SNP_N_GenomeWideSNP_6_C04_771582	1	76257721	76349425	110	-0.2662
DUNGS_p_TCGA_b84_115_SNP_N_GenomeWideSNP_6_C04_771582	1	76349651	76352558	2	0.7178
DUNGS_p_TCGA_b84_115_SNP_N_GenomeWideSNP_6_C04_771582	1	76352818	77604100	818	-0.2698
DUNGS_p_TCGA_b84_115_SNP_N_GenomeWideSNP_6_C04_771582	1	77605671	79083360	797	0.4817
DUNGS_p_TCGA_b84_115_SNP_N_GenomeWideSNP_6_C04_771582	1	79092221	89170448	6342	0.0012
DUNGS_p_TCGA_b84_115_SNP_N_GenomeWideSNP_6_C04_771582	1	89171991	95597618	3902	-0.3132
DUNGS_p_TCGA_b84_115_SNP_N_GenomeWideSNP_6_C04_771582	1	95600324	95603018	7	0.2518
DUNGS_p_TCGA_b84_115_SNP_N_GenomeWideSNP_6_C04_771582	1	95604084	95618206	8	-0.4272
DUNGS_p_TCGA_b84_115_SNP_N_GenomeWideSNP_6_C04_771582	1	95621677	95728951	70	0.1252
DUNGS_p_TCGA_b84_115_SNP_N_GenomeWideSNP_6_C04_771582	1	95732127	96488424	463	-0.3414
DUNGS_p_TCGA_b84_115_SNP_N_GenomeWideSNP_6_C04_771582	1	96491549	96492046	3	-1.5756
DUNGS_p_TCGA_b84_115_SNP_N_GenomeWideSNP_6_C04_771582	1	96495958	97469025	554	-0.3618
DUNGS_p_TCGA_b84_115_SNP_N_GenomeWideSNP_6_C04_771582	1	97469299	97945872	285	0.096
DUNGS_p_TCGA_b84_115_SNP_N_GenomeWideSNP_6_C04_771582	1	97950903	101255126	1982	-0.3459
DUNGS_p_TCGA_b84_115_SNP_N_GenomeWideSNP_6_C04_771582	1	101256100	105107280	1904	0.0739
DUNGS_p_TCGA_b84_115_SNP_N_GenomeWideSNP_6_C04_771582	1	105195738	120328884	9160	-0.3266
DUNGS_p_TCGA_b84_115_SNP_N_GenomeWideSNP_6_C04_771582	1	142745296	204340548	34490	0.3452
DUNGS_p_TCGA_b84_115_SNP_N_GenomeWideSNP_6_C04_771582	1	204341304	204350112	4	-0.3334
DUNGS_p_TCGA_b84_115_SNP_N_GenomeWideSNP_6_C04_771582	1	204351917	205061478	351	0.2853
DUNGS_p_TCGA_b84_115_SNP_N_GenomeWideSNP_6_C04_771582	1	205063951	205065329	3	-0.5554
DUNGS_p_TCGA_b84_115_SNP_N_GenomeWideSNP_6_C04_771582	1	205068450	209987183	3574	0.2697
DUNGS_p_TCGA_b84_115_SNP_N_GenomeWideSNP_6_C04_771582	1	209990058	209990073	2	-1.7085
DUNGS_p_TCGA_b84_115_SNP_N_GenomeWideSNP_6_C04_771582	1	209992217	243960941	22279	0.2715
DUNGS_p_TCGA_b84_115_SNP_N_GenomeWideSNP_6_C04_771582	1	243964734	244010618	55	0.5664
DUNGS_p_TCGA_b84_115_SNP_N_GenomeWideSNP_6_C04_771582	1	244011062	244203493	156	0.2811
DUNGS_p_TCGA_b84_115_SNP_N_GenomeWideSNP_6_C04_771582	1	244209243	244216001	8	0.8474
DUNGS_p_TCGA_b84_115_SNP_N_GenomeWideSNP_6_C04_771582	1	244216309	244239828	17	0.4978
DUNGS_p_TCGA_b84_115_SNP_N_GenomeWideSNP_6_C04_771582	1	244240843	245880329	436	0.2539
DUNGS_p_TCGA_b84_115_SNP_N_GenomeWideSNP_6_C04_771582	2	474222	8646476	4945	0.4206
DUNGS_p_TCGA_b84_115_SNP_N_GenomeWideSNP_6_C04_771582	2	8648609	8648671	2	-0.5565
DUNGS_p_TCGA_b84_115_SNP_N_GenomeWideSNP_6_C04_771582	2	8653871	65631894	32984	0.4157
DUNGS_p_TCGA_b84_115_SNP_N_GenomeWideSNP_6_C04_771582	2	65632690	65634729	2	-0.6234
DUNGS_p_TCGA_b84_115_SNP_N_GenomeWideSNP_6_C04_771582	2	65635899	79573451	7845	0.4081
DUNGS_p_TCGA_b84_115_SNP_N_GenomeWideSNP_6_C04_771582	2	79575792	79575805	2	-0.7135
DUNGS_p_TCGA_b84_115_SNP_N_GenomeWideSNP_6_C04_771582	2	79576961	114850793	14300	0.4105
DUNGS_p_TCGA_b84_115_SNP_N_GenomeWideSNP_6_C04_771582	2	114852917	120603167	2978	0.0541
DUNGS_p_TCGA_b84_115_SNP_N_GenomeWideSNP_6_C04_771582	2	120607546	120608439	3	-0.5564
DUNGS_p_TCGA_b84_115_SNP_N_GenomeWideSNP_6_C04_771582	2	120610922	123597686	1876	0.0843
DUNGS_p_TCGA_b84_115_SNP_N_GenomeWideSNP_6_C04_771582	2	123600408	123607529	6	-0.6683
DUNGS_p_TCGA_b84_115_SNP_N_GenomeWideSNP_6_C04_771582	2	123609169	235324652	62386	0.0502
DUNGS_p_TCGA_b84_115_SNP_N_GenomeWideSNP_6_C04_771582	2	235325091	235325096	2	-1.0758
DUNGS_p_TCGA_b84_115_SNP_N_GenomeWideSNP_6_C04_771582	2	235325612	242124735	4038	0.0914
DUNGS_p_TCGA_b84_115_SNP_N_GenomeWideSNP_6_C04_771582	3	526235	58070598	32383	-0.3174
DUNGS_p_TCGA_b84_115_SNP_N_GenomeWideSNP_6_C04_771582	3	58070988	58072436	2	-1.9652
DUNGS_p_TCGA_b84_115_SNP_N_GenomeWideSNP_6_C04_771582	3	58073484	135024464	41136	-0.3316
DUNGS_p_TCGA_b84_115_SNP_N_GenomeWideSNP_6_C04_771582	3	135026484	135026607	2	-1.4981
DUNGS_p_TCGA_b84_115_SNP_N_GenomeWideSNP_6_C04_771582	3	135028757	149793191	7471	-0.3389
DUNGS_p_TCGA_b84_115_SNP_N_GenomeWideSNP_6_C04_771582	3	149795762	149795821	2	-1.5122
DUNGS_p_TCGA_b84_115_SNP_N_GenomeWideSNP_6_C04_771582	3	149796845	166504530	8870	-0.3366
DUNGS_p_TCGA_b84_115_SNP_N_GenomeWideSNP_6_C04_771582	3	166504968	166505608	2	-1.4562
DUNGS_p_TCGA_b84_115_SNP_N_GenomeWideSNP_6_C04_771582	3	166513373	182530707	8122	-0.3371
DUNGS_p_TCGA_b84_115_SNP_N_GenomeWideSNP_6_C04_771582	3	182531432	182538072	7	-0.7308
DUNGS_p_TCGA_b84_115_SNP_N_GenomeWideSNP_6_C04_771582	3	182539037	183063007	248	-0.3006
DUNGS_p_TCGA_b84_115_SNP_N_GenomeWideSNP_6_C04_771582	3	183063868	183072604	5	-1.0225
DUNGS_p_TCGA_b84_115_SNP_N_GenomeWideSNP_6_C04_771582	3	183073292	199023074	8184	-0.3117
DUNGS_p_TCGA_b84_115_SNP_N_GenomeWideSNP_6_C04_771582	4	1043934	9280121	4303	-0.275
DUNGS_p_TCGA_b84_115_SNP_N_GenomeWideSNP_6_C04_771582	4	9281786	13427979	3091	0.1616
DUNGS_p_TCGA_b84_115_SNP_N_GenomeWideSNP_6_C04_771582	4	13434708	13451723	15	-0.286
DUNGS_p_TCGA_b84_115_SNP_N_GenomeWideSNP_6_C04_771582	4	13452842	15793891	1780	0.1235
DUNGS_p_TCGA_b84_115_SNP_N_GenomeWideSNP_6_C04_771582	4	15798299	21364804	3650	1.0866
DUNGS_p_TCGA_b84_115_SNP_N_GenomeWideSNP_6_C04_771582	4	21368255	23313066	1168	0.1136
DUNGS_p_TCGA_b84_115_SNP_N_GenomeWideSNP_6_C04_771582	4	23316934	27394255	2703	1.2367
DUNGS_p_TCGA_b84_115_SNP_N_GenomeWideSNP_6_C04_771582	4	27399966	30562645	1968	0.071
DUNGS_p_TCGA_b84_115_SNP_N_GenomeWideSNP_6_C04_771582	4	30563125	53416622	10036	0.4208
DUNGS_p_TCGA_b84_115_SNP_N_GenomeWideSNP_6_C04_771582	4	53419780	84133755	16993	0.1004
DUNGS_p_TCGA_b84_115_SNP_N_GenomeWideSNP_6_C04_771582	4	84136390	84136490	2	-0.9537
DUNGS_p_TCGA_b84_115_SNP_N_GenomeWideSNP_6_C04_771582	4	84146013	136640655	28596	0.094
DUNGS_p_TCGA_b84_115_SNP_N_GenomeWideSNP_6_C04_771582	4	136644625	137387639	381	-0.3687
DUNGS_p_TCGA_b84_115_SNP_N_GenomeWideSNP_6_C04_771582	4	137388212	189836143	28103	0.0771
DUNGS_p_TCGA_b84_115_SNP_N_GenomeWideSNP_6_C04_771582	5	967233	9257172	6002	0.3888
DUNGS_p_TCGA_b84_115_SNP_N_GenomeWideSNP_6_C04_771582	5	9258549	9258700	5	-0.3081
DUNGS_p_TCGA_b84_115_SNP_N_GenomeWideSNP_6_C04_771582	5	9267028	9583028	218	0.3672
DUNGS_p_TCGA_b84_115_SNP_N_GenomeWideSNP_6_C04_771582	5	9583323	11015227	910	0.0749
DUNGS_p_TCGA_b84_115_SNP_N_GenomeWideSNP_6_C04_771582	5	11015734	52105071	19930	0.3839
DUNGS_p_TCGA_b84_115_SNP_N_GenomeWideSNP_6_C04_771582	5	52105179	52105192	2	-0.6732
DUNGS_p_TCGA_b84_115_SNP_N_GenomeWideSNP_6_C04_771582	5	52105254	61332573	5853	0.4146
DUNGS_p_TCGA_b84_115_SNP_N_GenomeWideSNP_6_C04_771582	5	61332688	64654440	1469	0.0694
DUNGS_p_TCGA_b84_115_SNP_N_GenomeWideSNP_6_C04_771582	5	64657766	66425544	1178	0.3939
DUNGS_p_TCGA_b84_115_SNP_N_GenomeWideSNP_6_C04_771582	5	66426330	68776409	1502	0.0942
DUNGS_p_TCGA_b84_115_SNP_N_GenomeWideSNP_6_C04_771582	5	70696964	79722590	5548	0.4077
DUNGS_p_TCGA_b84_115_SNP_N_GenomeWideSNP_6_C04_771582	5	79723162	126485514	25224	0.0931
DUNGS_p_TCGA_b84_115_SNP_N_GenomeWideSNP_6_C04_771582	5	126486025	126486216	2	-1.0702
DUNGS_p_TCGA_b84_115_SNP_N_GenomeWideSNP_6_C04_771582	5	126491538	148815982	13184	0.1199
DUNGS_p_TCGA_b84_115_SNP_N_GenomeWideSNP_6_C04_771582	5	148816821	157461805	5673	-0.3408
DUNGS_p_TCGA_b84_115_SNP_N_GenomeWideSNP_6_C04_771582	5	157461942	157462822	2	0.9348
DUNGS_p_TCGA_b84_115_SNP_N_GenomeWideSNP_6_C04_771582	5	157466012	180293075	13851	-0.3398
DUNGS_p_TCGA_b84_115_SNP_N_GenomeWideSNP_6_C04_771582	6	959281	2182478	926	0.4947
DUNGS_p_TCGA_b84_115_SNP_N_GenomeWideSNP_6_C04_771582	6	2184101	2949532	607	0.1775
DUNGS_p_TCGA_b84_115_SNP_N_GenomeWideSNP_6_C04_771582	6	2951806	2959612	9	-0.209
DUNGS_p_TCGA_b84_115_SNP_N_GenomeWideSNP_6_C04_771582	6	2960008	4855472	1191	0.2157
DUNGS_p_TCGA_b84_115_SNP_N_GenomeWideSNP_6_C04_771582	6	4856435	5249474	343	-0.205
DUNGS_p_TCGA_b84_115_SNP_N_GenomeWideSNP_6_C04_771582	6	5249850	5356644	37	0.2352
DUNGS_p_TCGA_b84_115_SNP_N_GenomeWideSNP_6_C04_771582	6	5359249	6513761	935	0.498
DUNGS_p_TCGA_b84_115_SNP_N_GenomeWideSNP_6_C04_771582	6	6514021	7683930	882	0.2021
DUNGS_p_TCGA_b84_115_SNP_N_GenomeWideSNP_6_C04_771582	6	7683958	8012573	276	-0.2092
DUNGS_p_TCGA_b84_115_SNP_N_GenomeWideSNP_6_C04_771582	6	8012753	8701004	480	0.1946
DUNGS_p_TCGA_b84_115_SNP_N_GenomeWideSNP_6_C04_771582	6	8704709	12369709	2358	0.4972
DUNGS_p_TCGA_b84_115_SNP_N_GenomeWideSNP_6_C04_771582	6	12369907	16304738	2722	0.1942
DUNGS_p_TCGA_b84_115_SNP_N_GenomeWideSNP_6_C04_771582	6	16308947	16309154	2	-0.7825
DUNGS_p_TCGA_b84_115_SNP_N_GenomeWideSNP_6_C04_771582	6	16311540	51000687	19145	0.1906
DUNGS_p_TCGA_b84_115_SNP_N_GenomeWideSNP_6_C04_771582	6	51001210	51001250	2	1.3841
DUNGS_p_TCGA_b84_115_SNP_N_GenomeWideSNP_6_C04_771582	6	51007232	62292496	4006	0.1766
DUNGS_p_TCGA_b84_115_SNP_N_GenomeWideSNP_6_C04_771582	6	62294926	65735966	1635	0.4332
DUNGS_p_TCGA_b84_115_SNP_N_GenomeWideSNP_6_C04_771582	6	65736726	72362581	3731	-0.3747
DUNGS_p_TCGA_b84_115_SNP_N_GenomeWideSNP_6_C04_771582	6	72368792	72368989	2	-1.86
DUNGS_p_TCGA_b84_115_SNP_N_GenomeWideSNP_6_C04_771582	6	72372161	87403584	8378	-0.3485
DUNGS_p_TCGA_b84_115_SNP_N_GenomeWideSNP_6_C04_771582	6	87403702	87408292	4	-2.839
DUNGS_p_TCGA_b84_115_SNP_N_GenomeWideSNP_6_C04_771582	6	87408753	130847627	24707	-0.3462
DUNGS_p_TCGA_b84_115_SNP_N_GenomeWideSNP_6_C04_771582	6	130847741	130848009	2	-1.7178
DUNGS_p_TCGA_b84_115_SNP_N_GenomeWideSNP_6_C04_771582	6	130848323	133455600	1720	-0.3609
DUNGS_p_TCGA_b84_115_SNP_N_GenomeWideSNP_6_C04_771582	6	133459368	170745844	22430	-1.0024
DUNGS_p_TCGA_b84_115_SNP_N_GenomeWideSNP_6_C04_771582	7	671810	26449002	13993	0.0847
DUNGS_p_TCGA_b84_115_SNP_N_GenomeWideSNP_6_C04_771582	7	26449651	26450165	2	1.1471
DUNGS_p_TCGA_b84_115_SNP_N_GenomeWideSNP_6_C04_771582	7	26450888	32802625	4096	0.1042
DUNGS_p_TCGA_b84_115_SNP_N_GenomeWideSNP_6_C04_771582	7	32802882	32814198	2	1.1167
DUNGS_p_TCGA_b84_115_SNP_N_GenomeWideSNP_6_C04_771582	7	32820777	138479875	53528	0.1137
DUNGS_p_TCGA_b84_115_SNP_N_GenomeWideSNP_6_C04_771582	7	138481740	158077879	9741	0.4588
DUNGS_p_TCGA_b84_115_SNP_N_GenomeWideSNP_6_C04_771582	8	607667	5128734	2433	0.4365
DUNGS_p_TCGA_b84_115_SNP_N_GenomeWideSNP_6_C04_771582	8	5130073	5234930	117	0.1066
DUNGS_p_TCGA_b84_115_SNP_N_GenomeWideSNP_6_C04_771582	8	6195127	13704515	3265	0.4552
DUNGS_p_TCGA_b84_115_SNP_N_GenomeWideSNP_6_C04_771582	8	13708159	16397014	2016	0.0819
DUNGS_p_TCGA_b84_115_SNP_N_GenomeWideSNP_6_C04_771582	8	16397478	16397494	2	1.0623
DUNGS_p_TCGA_b84_115_SNP_N_GenomeWideSNP_6_C04_771582	8	16397746	16599436	94	0.108
DUNGS_p_TCGA_b84_115_SNP_N_GenomeWideSNP_6_C04_771582	8	16599568	18423192	1480	0.4669
DUNGS_p_TCGA_b84_115_SNP_N_GenomeWideSNP_6_C04_771582	8	18423793	28797503	7341	0.1339
DUNGS_p_TCGA_b84_115_SNP_N_GenomeWideSNP_6_C04_771582	8	28799116	28802243	2	1.1446
DUNGS_p_TCGA_b84_115_SNP_N_GenomeWideSNP_6_C04_771582	8	28802261	47580110	8025	0.1145
DUNGS_p_TCGA_b84_115_SNP_N_GenomeWideSNP_6_C04_771582	8	47583027	47620246	24	0.4417
DUNGS_p_TCGA_b84_115_SNP_N_GenomeWideSNP_6_C04_771582	8	47629025	50060598	1026	0.0991
DUNGS_p_TCGA_b84_115_SNP_N_GenomeWideSNP_6_C04_771582	8	50061653	58267466	4678	-0.3458
DUNGS_p_TCGA_b84_115_SNP_N_GenomeWideSNP_6_C04_771582	8	58268059	72655843	8485	0.0885
DUNGS_p_TCGA_b84_115_SNP_N_GenomeWideSNP_6_C04_771582	8	72672698	72699253	40	0.707
DUNGS_p_TCGA_b84_115_SNP_N_GenomeWideSNP_6_C04_771582	8	72701904	72737425	30	0.0731
DUNGS_p_TCGA_b84_115_SNP_N_GenomeWideSNP_6_C04_771582	8	72738355	83556362	6234	0.6737
DUNGS_p_TCGA_b84_115_SNP_N_GenomeWideSNP_6_C04_771582	8	83585764	99090125	8776	0.0895
DUNGS_p_TCGA_b84_115_SNP_N_GenomeWideSNP_6_C04_771582	8	99099456	103367930	2408	0.7221
DUNGS_p_TCGA_b84_115_SNP_N_GenomeWideSNP_6_C04_771582	8	103383156	104759769	771	0.4347
DUNGS_p_TCGA_b84_115_SNP_N_GenomeWideSNP_6_C04_771582	8	104760102	104760116	2	-0.5702
DUNGS_p_TCGA_b84_115_SNP_N_GenomeWideSNP_6_C04_771582	8	104762861	104914596	77	0.3932
DUNGS_p_TCGA_b84_115_SNP_N_GenomeWideSNP_6_C04_771582	8	104915385	104918369	2	-0.6352
DUNGS_p_TCGA_b84_115_SNP_N_GenomeWideSNP_6_C04_771582	8	104919654	109377467	2403	0.4025
DUNGS_p_TCGA_b84_115_SNP_N_GenomeWideSNP_6_C04_771582	8	109378462	109388501	5	0.9905
DUNGS_p_TCGA_b84_115_SNP_N_GenomeWideSNP_6_C04_771582	8	109390845	111034310	841	0.4176
DUNGS_p_TCGA_b84_115_SNP_N_GenomeWideSNP_6_C04_771582	8	111036054	112186678	582	0.866
DUNGS_p_TCGA_b84_115_SNP_N_GenomeWideSNP_6_C04_771582	8	112190237	114028803	935	0.3797
DUNGS_p_TCGA_b84_115_SNP_N_GenomeWideSNP_6_C04_771582	8	114030852	114031134	2	-1.1327
DUNGS_p_TCGA_b84_115_SNP_N_GenomeWideSNP_6_C04_771582	8	114035061	118771218	2618	0.3994
DUNGS_p_TCGA_b84_115_SNP_N_GenomeWideSNP_6_C04_771582	8	118772991	118773056	2	-0.8279
DUNGS_p_TCGA_b84_115_SNP_N_GenomeWideSNP_6_C04_771582	8	118774333	121691221	2072	0.4339
DUNGS_p_TCGA_b84_115_SNP_N_GenomeWideSNP_6_C04_771582	8	121693873	123670022	1267	-0.329
DUNGS_p_TCGA_b84_115_SNP_N_GenomeWideSNP_6_C04_771582	8	123677320	132863707	6298	0.4421
DUNGS_p_TCGA_b84_115_SNP_N_GenomeWideSNP_6_C04_771582	8	132864634	145304484	7221	-0.3367
DUNGS_p_TCGA_b84_115_SNP_N_GenomeWideSNP_6_C04_771582	9	779932	14345146	7549	0.057
DUNGS_p_TCGA_b84_115_SNP_N_GenomeWideSNP_6_C04_771582	9	14346493	15991121	1217	-0.27
DUNGS_p_TCGA_b84_115_SNP_N_GenomeWideSNP_6_C04_771582	9	15991203	23283240	5573	0.3178
DUNGS_p_TCGA_b84_115_SNP_N_GenomeWideSNP_6_C04_771582	9	23285433	25134663	1186	-0.4365
DUNGS_p_TCGA_b84_115_SNP_N_GenomeWideSNP_6_C04_771582	9	25139090	38737688	7820	0.0971
DUNGS_p_TCGA_b84_115_SNP_N_GenomeWideSNP_6_C04_771582	9	70228864	70923488	619	-0.3317
DUNGS_p_TCGA_b84_115_SNP_N_GenomeWideSNP_6_C04_771582	9	70929991	70932545	3	0.4972
DUNGS_p_TCGA_b84_115_SNP_N_GenomeWideSNP_6_C04_771582	9	70935873	105193084	22466	-0.3129
DUNGS_p_TCGA_b84_115_SNP_N_GenomeWideSNP_6_C04_771582	9	105194245	105199169	3	-1.4493
DUNGS_p_TCGA_b84_115_SNP_N_GenomeWideSNP_6_C04_771582	9	105200240	106819299	1090	-0.3152
DUNGS_p_TCGA_b84_115_SNP_N_GenomeWideSNP_6_C04_771582	9	106820125	106828982	7	-0.8926
DUNGS_p_TCGA_b84_115_SNP_N_GenomeWideSNP_6_C04_771582	9	106829022	140058573	20513	-0.2471
DUNGS_p_TCGA_b84_115_SNP_N_GenomeWideSNP_6_C04_771582	10	405240	28674776	19497	-0.3597
DUNGS_p_TCGA_b84_115_SNP_N_GenomeWideSNP_6_C04_771582	10	28677560	28680478	6	0.4828
DUNGS_p_TCGA_b84_115_SNP_N_GenomeWideSNP_6_C04_771582	10	28680671	28683399	5	-0.512
DUNGS_p_TCGA_b84_115_SNP_N_GenomeWideSNP_6_C04_771582	10	28686624	30404140	1374	0.4221
DUNGS_p_TCGA_b84_115_SNP_N_GenomeWideSNP_6_C04_771582	10	30409566	32393843	1339	1.2255
DUNGS_p_TCGA_b84_115_SNP_N_GenomeWideSNP_6_C04_771582	10	32394206	32398835	4	0.3451
DUNGS_p_TCGA_b84_115_SNP_N_GenomeWideSNP_6_C04_771582	10	32399751	33137568	423	1.2215
DUNGS_p_TCGA_b84_115_SNP_N_GenomeWideSNP_6_C04_771582	10	33143446	34638424	1110	0.4465
DUNGS_p_TCGA_b84_115_SNP_N_GenomeWideSNP_6_C04_771582	10	34641684	34753092	65	0.9107
DUNGS_p_TCGA_b84_115_SNP_N_GenomeWideSNP_6_C04_771582	10	34754832	42267976	2311	0.392
DUNGS_p_TCGA_b84_115_SNP_N_GenomeWideSNP_6_C04_771582	10	42273086	95192225	29491	-0.3298
DUNGS_p_TCGA_b84_115_SNP_N_GenomeWideSNP_6_C04_771582	10	95193365	95193394	2	-1.4529
DUNGS_p_TCGA_b84_115_SNP_N_GenomeWideSNP_6_C04_771582	10	95194570	95737466	391	-0.3037
DUNGS_p_TCGA_b84_115_SNP_N_GenomeWideSNP_6_C04_771582	10	95739018	95741489	5	-0.9095
DUNGS_p_TCGA_b84_115_SNP_N_GenomeWideSNP_6_C04_771582	10	95744722	106685014	6248	-0.3029
DUNGS_p_TCGA_b84_115_SNP_N_GenomeWideSNP_6_C04_771582	10	106685767	106685855	2	-1.4615
DUNGS_p_TCGA_b84_115_SNP_N_GenomeWideSNP_6_C04_771582	10	106686002	135075077	18636	-0.316
DUNGS_p_TCGA_b84_115_SNP_N_GenomeWideSNP_6_C04_771582	11	446120	36073916	23011	-0.0628
DUNGS_p_TCGA_b84_115_SNP_N_GenomeWideSNP_6_C04_771582	11	36075549	36075575	2	-1.1079
DUNGS_p_TCGA_b84_115_SNP_N_GenomeWideSNP_6_C04_771582	11	36076753	38107011	854	-0.097
DUNGS_p_TCGA_b84_115_SNP_N_GenomeWideSNP_6_C04_771582	11	38107809	38989040	506	0.1985
DUNGS_p_TCGA_b84_115_SNP_N_GenomeWideSNP_6_C04_771582	11	38994888	39061298	29	-0.1578
DUNGS_p_TCGA_b84_115_SNP_N_GenomeWideSNP_6_C04_771582	11	39076116	44167799	3410	-0.5712
DUNGS_p_TCGA_b84_115_SNP_N_GenomeWideSNP_6_C04_771582	11	44170311	44172125	3	-1.5027
DUNGS_p_TCGA_b84_115_SNP_N_GenomeWideSNP_6_C04_771582	11	44173368	50011906	2726	-0.5377
DUNGS_p_TCGA_b84_115_SNP_N_GenomeWideSNP_6_C04_771582	11	55770374	58852356	1718	-0.8152
DUNGS_p_TCGA_b84_115_SNP_N_GenomeWideSNP_6_C04_771582	11	58855260	65681822	2858	-0.2171
DUNGS_p_TCGA_b84_115_SNP_N_GenomeWideSNP_6_C04_771582	11	65683734	65689222	6	-1.3569
DUNGS_p_TCGA_b84_115_SNP_N_GenomeWideSNP_6_C04_771582	11	65700349	65834178	54	-0.1967
DUNGS_p_TCGA_b84_115_SNP_N_GenomeWideSNP_6_C04_771582	11	65837787	80414187	7828	0.5181
DUNGS_p_TCGA_b84_115_SNP_N_GenomeWideSNP_6_C04_771582	11	80418674	80449089	33	-0.1771
DUNGS_p_TCGA_b84_115_SNP_N_GenomeWideSNP_6_C04_771582	11	80451769	84114693	2084	0.2253
DUNGS_p_TCGA_b84_115_SNP_N_GenomeWideSNP_6_C04_771582	11	84185427	84200171	12	-0.8188
DUNGS_p_TCGA_b84_115_SNP_N_GenomeWideSNP_6_C04_771582	11	84251688	87039471	1809	0.272
DUNGS_p_TCGA_b84_115_SNP_N_GenomeWideSNP_6_C04_771582	11	87041257	105873153	11595	-0.3518
DUNGS_p_TCGA_b84_115_SNP_N_GenomeWideSNP_6_C04_771582	11	105875221	105875729	4	-1.7169
DUNGS_p_TCGA_b84_115_SNP_N_GenomeWideSNP_6_C04_771582	11	105876793	133647740	18758	-0.3218
DUNGS_p_TCGA_b84_115_SNP_N_GenomeWideSNP_6_C04_771582	12	760163	131671419	73984	0.1106
DUNGS_p_TCGA_b84_115_SNP_N_GenomeWideSNP_6_C04_771582	13	18348806	18824545	306	-2.3744
DUNGS_p_TCGA_b84_115_SNP_N_GenomeWideSNP_6_C04_771582	13	18824644	18833721	3	-6.2116
DUNGS_p_TCGA_b84_115_SNP_N_GenomeWideSNP_6_C04_771582	13	18835497	18902673	48	-2.2519
DUNGS_p_TCGA_b84_115_SNP_N_GenomeWideSNP_6_C04_771582	13	19003323	19627993	102	-0.2995
DUNGS_p_TCGA_b84_115_SNP_N_GenomeWideSNP_6_C04_771582	13	19630487	19630505	2	-1.2338
DUNGS_p_TCGA_b84_115_SNP_N_GenomeWideSNP_6_C04_771582	13	19632139	21510645	965	-0.3295
DUNGS_p_TCGA_b84_115_SNP_N_GenomeWideSNP_6_C04_771582	13	21516240	21516416	2	-2.0267
DUNGS_p_TCGA_b84_115_SNP_N_GenomeWideSNP_6_C04_771582	13	21517575	45988615	15974	-0.3275
DUNGS_p_TCGA_b84_115_SNP_N_GenomeWideSNP_6_C04_771582	13	45991047	47225156	913	-1.0037
DUNGS_p_TCGA_b84_115_SNP_N_GenomeWideSNP_6_C04_771582	13	47226648	47227237	11	-0.1872
DUNGS_p_TCGA_b84_115_SNP_N_GenomeWideSNP_6_C04_771582	13	47232098	47784830	315	-0.9687
DUNGS_p_TCGA_b84_115_SNP_N_GenomeWideSNP_6_C04_771582	13	47786474	47796350	11	-0.3719
DUNGS_p_TCGA_b84_115_SNP_N_GenomeWideSNP_6_C04_771582	13	47796436	48543011	588	-0.939
DUNGS_p_TCGA_b84_115_SNP_N_GenomeWideSNP_6_C04_771582	13	48550578	51079726	709	0.0997
DUNGS_p_TCGA_b84_115_SNP_N_GenomeWideSNP_6_C04_771582	13	51081654	51088853	3	-0.8469
DUNGS_p_TCGA_b84_115_SNP_N_GenomeWideSNP_6_C04_771582	13	51091609	60658341	4785	0.0876
DUNGS_p_TCGA_b84_115_SNP_N_GenomeWideSNP_6_C04_771582	13	60658803	60662545	3	-0.7198
DUNGS_p_TCGA_b84_115_SNP_N_GenomeWideSNP_6_C04_771582	13	60662722	62138422	733	0.0749
DUNGS_p_TCGA_b84_115_SNP_N_GenomeWideSNP_6_C04_771582	13	62141827	73831242	6205	0.4114
DUNGS_p_TCGA_b84_115_SNP_N_GenomeWideSNP_6_C04_771582	13	73832760	73832798	2	-0.5737
DUNGS_p_TCGA_b84_115_SNP_N_GenomeWideSNP_6_C04_771582	13	73836353	83190291	5746	0.4144
DUNGS_p_TCGA_b84_115_SNP_N_GenomeWideSNP_6_C04_771582	13	83192334	84452075	661	-1.0036
DUNGS_p_TCGA_b84_115_SNP_N_GenomeWideSNP_6_C04_771582	13	84452118	84452393	8	-0.2217
DUNGS_p_TCGA_b84_115_SNP_N_GenomeWideSNP_6_C04_771582	13	84452592	85535200	712	-1.0051
DUNGS_p_TCGA_b84_115_SNP_N_GenomeWideSNP_6_C04_771582	13	85538773	91066296	3094	0.0825
DUNGS_p_TCGA_b84_115_SNP_N_GenomeWideSNP_6_C04_771582	13	91068745	91069217	2	-0.8597
DUNGS_p_TCGA_b84_115_SNP_N_GenomeWideSNP_6_C04_771582	13	91069667	114005560	14778	0.1075
DUNGS_p_TCGA_b84_115_SNP_N_GenomeWideSNP_6_C04_771582	14	19571208	38001090	10109	0.4454
DUNGS_p_TCGA_b84_115_SNP_N_GenomeWideSNP_6_C04_771582	14	38001105	38001465	9	-0.0011
DUNGS_p_TCGA_b84_115_SNP_N_GenomeWideSNP_6_C04_771582	14	38001473	105059083	39355	0.4442
DUNGS_p_TCGA_b84_115_SNP_N_GenomeWideSNP_6_C04_771582	15	21238778	24016081	1578	-0.3217
DUNGS_p_TCGA_b84_115_SNP_N_GenomeWideSNP_6_C04_771582	15	24018786	24019303	2	-1.5927
DUNGS_p_TCGA_b84_115_SNP_N_GenomeWideSNP_6_C04_771582	15	24020331	36834731	5827	-0.3294
DUNGS_p_TCGA_b84_115_SNP_N_GenomeWideSNP_6_C04_771582	15	36835058	36836162	3	-1.2546
DUNGS_p_TCGA_b84_115_SNP_N_GenomeWideSNP_6_C04_771582	15	36836533	58206050	12596	-0.3157
DUNGS_p_TCGA_b84_115_SNP_N_GenomeWideSNP_6_C04_771582	15	58206083	58213259	4	-1.3499
DUNGS_p_TCGA_b84_115_SNP_N_GenomeWideSNP_6_C04_771582	15	58215506	93801410	20985	-0.3047
DUNGS_p_TCGA_b84_115_SNP_N_GenomeWideSNP_6_C04_771582	15	93803636	93804026	3	-1.4983
DUNGS_p_TCGA_b84_115_SNP_N_GenomeWideSNP_6_C04_771582	15	93809869	99701830	3555	-0.3361
DUNGS_p_TCGA_b84_115_SNP_N_GenomeWideSNP_6_C04_771582	16	593460	20999605	9411	-0.2972
DUNGS_p_TCGA_b84_115_SNP_N_GenomeWideSNP_6_C04_771582	16	21006910	21259539	130	-0.8903
DUNGS_p_TCGA_b84_115_SNP_N_GenomeWideSNP_6_C04_771582	16	22692705	23694376	580	0.4693
DUNGS_p_TCGA_b84_115_SNP_N_GenomeWideSNP_6_C04_771582	16	23695508	24654155	608	0.1233
DUNGS_p_TCGA_b84_115_SNP_N_GenomeWideSNP_6_C04_771582	16	24654643	25300065	390	0.4529
DUNGS_p_TCGA_b84_115_SNP_N_GenomeWideSNP_6_C04_771582	16	25300861	25464668	135	0.118
DUNGS_p_TCGA_b84_115_SNP_N_GenomeWideSNP_6_C04_771582	16	25465017	25892725	358	0.4477
DUNGS_p_TCGA_b84_115_SNP_N_GenomeWideSNP_6_C04_771582	16	25893029	31757800	2283	0.1184
DUNGS_p_TCGA_b84_115_SNP_N_GenomeWideSNP_6_C04_771582	16	45065166	69408394	14942	-0.2831
DUNGS_p_TCGA_b84_115_SNP_N_GenomeWideSNP_6_C04_771582	16	69415622	69757550	64	0.2401
DUNGS_p_TCGA_b84_115_SNP_N_GenomeWideSNP_6_C04_771582	16	69762695	84378022	10061	-0.2712
DUNGS_p_TCGA_b84_115_SNP_N_GenomeWideSNP_6_C04_771582	16	84378807	84379087	2	-1.3002
DUNGS_p_TCGA_b84_115_SNP_N_GenomeWideSNP_6_C04_771582	16	84380376	87907437	1918	-0.2574
DUNGS_p_TCGA_b84_115_SNP_N_GenomeWideSNP_6_C04_771582	17	933971	21245985	9642	-0.3096
DUNGS_p_TCGA_b84_115_SNP_N_GenomeWideSNP_6_C04_771582	17	22294644	44373941	9313	0.4588
DUNGS_p_TCGA_b84_115_SNP_N_GenomeWideSNP_6_C04_771582	17	44374627	44381025	2	-0.5908
DUNGS_p_TCGA_b84_115_SNP_N_GenomeWideSNP_6_C04_771582	17	44383855	72957599	15883	0.4558
DUNGS_p_TCGA_b84_115_SNP_N_GenomeWideSNP_6_C04_771582	17	73075902	73076755	3	-0.7718
DUNGS_p_TCGA_b84_115_SNP_N_GenomeWideSNP_6_C04_771582	17	73077299	78510305	2161	0.4899
DUNGS_p_TCGA_b84_115_SNP_N_GenomeWideSNP_6_C04_771582	18	319586	8314955	4248	0.0898
DUNGS_p_TCGA_b84_115_SNP_N_GenomeWideSNP_6_C04_771582	18	8315430	8315443	2	-0.989
DUNGS_p_TCGA_b84_115_SNP_N_GenomeWideSNP_6_C04_771582	18	8315813	24037075	8279	0.1199
DUNGS_p_TCGA_b84_115_SNP_N_GenomeWideSNP_6_C04_771582	18	24037382	24044751	6	-0.4049
DUNGS_p_TCGA_b84_115_SNP_N_GenomeWideSNP_6_C04_771582	18	24047043	25300788	646	0.0532
DUNGS_p_TCGA_b84_115_SNP_N_GenomeWideSNP_6_C04_771582	18	25303161	25315841	3	-0.7567
DUNGS_p_TCGA_b84_115_SNP_N_GenomeWideSNP_6_C04_771582	18	25316326	65619368	24937	0.0828
DUNGS_p_TCGA_b84_115_SNP_N_GenomeWideSNP_6_C04_771582	18	65622439	65622463	2	1.0744
DUNGS_p_TCGA_b84_115_SNP_N_GenomeWideSNP_6_C04_771582	18	65622967	75210228	4566	0.0849
DUNGS_p_TCGA_b84_115_SNP_N_GenomeWideSNP_6_C04_771582	19	235018	7244119	2023	-0.2998
DUNGS_p_TCGA_b84_115_SNP_N_GenomeWideSNP_6_C04_771582	19	7246465	7276273	9	0.243
DUNGS_p_TCGA_b84_115_SNP_N_GenomeWideSNP_6_C04_771582	19	7295986	23844670	6954	-0.3039
DUNGS_p_TCGA_b84_115_SNP_N_GenomeWideSNP_6_C04_771582	19	23844832	63570038	14976	0.1232
DUNGS_p_TCGA_b84_115_SNP_N_GenomeWideSNP_6_C04_771582	20	403764	17928701	11470	0.034
DUNGS_p_TCGA_b84_115_SNP_N_GenomeWideSNP_6_C04_771582	20	17929396	61690281	25828	0.4079
DUNGS_p_TCGA_b84_115_SNP_N_GenomeWideSNP_6_C04_771582	21	14269492	14422242	59	-0.3128
DUNGS_p_TCGA_b84_115_SNP_N_GenomeWideSNP_6_C04_771582	21	14422297	14422297	2	-1.9244
DUNGS_p_TCGA_b84_115_SNP_N_GenomeWideSNP_6_C04_771582	21	14422600	22653040	5330	-0.3685
DUNGS_p_TCGA_b84_115_SNP_N_GenomeWideSNP_6_C04_771582	21	22871009	23719211	254	0.0456
DUNGS_p_TCGA_b84_115_SNP_N_GenomeWideSNP_6_C04_771582	21	23727086	23761888	29	-1.1285
DUNGS_p_TCGA_b84_115_SNP_N_GenomeWideSNP_6_C04_771582	21	23764594	28555381	3407	-0.361
DUNGS_p_TCGA_b84_115_SNP_N_GenomeWideSNP_6_C04_771582	21	28686174	29179545	401	-0.9798
DUNGS_p_TCGA_b84_115_SNP_N_GenomeWideSNP_6_C04_771582	21	29180955	46503202	11112	-0.3103
DUNGS_p_TCGA_b84_115_SNP_N_GenomeWideSNP_6_C04_771582	22	15803930	45544853	15181	-0.2842
DUNGS_p_TCGA_b84_115_SNP_N_GenomeWideSNP_6_C04_771582	22	45546530	45547879	2	0.7025
DUNGS_p_TCGA_b84_115_SNP_N_GenomeWideSNP_6_C04_771582	22	45547934	47717016	1755	-0.2925
DUNGS_p_TCGA_b84_115_SNP_N_GenomeWideSNP_6_C04_771582	X	3167107	31695053	12978	0.0077
DUNGS_p_TCGA_b84_115_SNP_N_GenomeWideSNP_6_C04_771582	X	31703010	31704269	2	1.0723
DUNGS_p_TCGA_b84_115_SNP_N_GenomeWideSNP_6_C04_771582	X	31705285	40908947	4163	0.0046
DUNGS_p_TCGA_b84_115_SNP_N_GenomeWideSNP_6_C04_771582	X	40915124	40918112	3	-0.8738
DUNGS_p_TCGA_b84_115_SNP_N_GenomeWideSNP_6_C04_771582	X	40922082	85211541	15594	0.0246
DUNGS_p_TCGA_b84_115_SNP_N_GenomeWideSNP_6_C04_771582	X	85212102	85212542	8	-0.8956
DUNGS_p_TCGA_b84_115_SNP_N_GenomeWideSNP_6_C04_771582	X	85212621	154558783	31057	-0.0092
