Sample	Chromosome	Start	End	Num_Probes	Segment_Mean
DUNGS_p_TCGA_b84_115_SNP_N_GenomeWideSNP_6_F01_771606	1	51598	8959860	4538	0.2081
DUNGS_p_TCGA_b84_115_SNP_N_GenomeWideSNP_6_F01_771606	1	8961609	8977171	9	-0.8806
DUNGS_p_TCGA_b84_115_SNP_N_GenomeWideSNP_6_F01_771606	1	8979094	10289931	655	0.2246
DUNGS_p_TCGA_b84_115_SNP_N_GenomeWideSNP_6_F01_771606	1	10292989	10300570	19	-0.3463
DUNGS_p_TCGA_b84_115_SNP_N_GenomeWideSNP_6_F01_771606	1	10304359	16021590	3199	0.1988
DUNGS_p_TCGA_b84_115_SNP_N_GenomeWideSNP_6_F01_771606	1	16021654	16026512	10	0.8553
DUNGS_p_TCGA_b84_115_SNP_N_GenomeWideSNP_6_F01_771606	1	16026788	16758780	308	0.1657
DUNGS_p_TCGA_b84_115_SNP_N_GenomeWideSNP_6_F01_771606	1	16760654	16782196	5	-0.6431
DUNGS_p_TCGA_b84_115_SNP_N_GenomeWideSNP_6_F01_771606	1	16794306	16878565	37	0.1668
DUNGS_p_TCGA_b84_115_SNP_N_GenomeWideSNP_6_F01_771606	1	16884037	16885328	12	1.0911
DUNGS_p_TCGA_b84_115_SNP_N_GenomeWideSNP_6_F01_771606	1	16885372	17098117	62	0.2919
DUNGS_p_TCGA_b84_115_SNP_N_GenomeWideSNP_6_F01_771606	1	17101293	17130157	28	0.6234
DUNGS_p_TCGA_b84_115_SNP_N_GenomeWideSNP_6_F01_771606	1	17130231	22449643	3556	0.2041
DUNGS_p_TCGA_b84_115_SNP_N_GenomeWideSNP_6_F01_771606	1	22450650	22767239	190	-0.0904
DUNGS_p_TCGA_b84_115_SNP_N_GenomeWideSNP_6_F01_771606	1	22773438	25332267	1477	0.2104
DUNGS_p_TCGA_b84_115_SNP_N_GenomeWideSNP_6_F01_771606	1	25332324	25332339	2	-1.1012
DUNGS_p_TCGA_b84_115_SNP_N_GenomeWideSNP_6_F01_771606	1	25332546	27252058	838	0.2159
DUNGS_p_TCGA_b84_115_SNP_N_GenomeWideSNP_6_F01_771606	1	27252537	27252539	2	-1.3871
DUNGS_p_TCGA_b84_115_SNP_N_GenomeWideSNP_6_F01_771606	1	27253466	49263015	12474	0.2062
DUNGS_p_TCGA_b84_115_SNP_N_GenomeWideSNP_6_F01_771606	1	49264154	107441911	37783	-0.0928
DUNGS_p_TCGA_b84_115_SNP_N_GenomeWideSNP_6_F01_771606	1	107442357	107446768	2	-4.0354
DUNGS_p_TCGA_b84_115_SNP_N_GenomeWideSNP_6_F01_771606	1	107447284	107602850	118	-0.1285
DUNGS_p_TCGA_b84_115_SNP_N_GenomeWideSNP_6_F01_771606	1	107603482	107603497	2	-2.3079
DUNGS_p_TCGA_b84_115_SNP_N_GenomeWideSNP_6_F01_771606	1	107606215	110034641	1479	-0.0855
DUNGS_p_TCGA_b84_115_SNP_N_GenomeWideSNP_6_F01_771606	1	110034785	110046521	15	-0.9324
DUNGS_p_TCGA_b84_115_SNP_N_GenomeWideSNP_6_F01_771606	1	110047649	150821800	10031	0
DUNGS_p_TCGA_b84_115_SNP_N_GenomeWideSNP_6_F01_771606	1	150822151	150853164	34	1.2211
DUNGS_p_TCGA_b84_115_SNP_N_GenomeWideSNP_6_F01_771606	1	150853200	159885444	5519	0.211
DUNGS_p_TCGA_b84_115_SNP_N_GenomeWideSNP_6_F01_771606	1	159885483	159888525	8	0.9005
DUNGS_p_TCGA_b84_115_SNP_N_GenomeWideSNP_6_F01_771606	1	159888667	164101768	3443	0.196
DUNGS_p_TCGA_b84_115_SNP_N_GenomeWideSNP_6_F01_771606	1	164101818	164102314	5	1.1488
DUNGS_p_TCGA_b84_115_SNP_N_GenomeWideSNP_6_F01_771606	1	164104602	167483561	2588	0.2078
DUNGS_p_TCGA_b84_115_SNP_N_GenomeWideSNP_6_F01_771606	1	167500598	167508390	7	1.2132
DUNGS_p_TCGA_b84_115_SNP_N_GenomeWideSNP_6_F01_771606	1	167509025	173063028	3528	0.2182
DUNGS_p_TCGA_b84_115_SNP_N_GenomeWideSNP_6_F01_771606	1	173063179	173068463	16	-0.5857
DUNGS_p_TCGA_b84_115_SNP_N_GenomeWideSNP_6_F01_771606	1	173068477	173873051	594	0.2054
DUNGS_p_TCGA_b84_115_SNP_N_GenomeWideSNP_6_F01_771606	1	173875555	173876093	2	-4.2395
DUNGS_p_TCGA_b84_115_SNP_N_GenomeWideSNP_6_F01_771606	1	173878282	191422415	11671	0.2222
DUNGS_p_TCGA_b84_115_SNP_N_GenomeWideSNP_6_F01_771606	1	191422902	191422955	3	1.486
DUNGS_p_TCGA_b84_115_SNP_N_GenomeWideSNP_6_F01_771606	1	191422971	194981496	2405	0.2398
DUNGS_p_TCGA_b84_115_SNP_N_GenomeWideSNP_6_F01_771606	1	194994473	194998709	4	-1.9184
DUNGS_p_TCGA_b84_115_SNP_N_GenomeWideSNP_6_F01_771606	1	195005246	195082414	92	-0.2962
DUNGS_p_TCGA_b84_115_SNP_N_GenomeWideSNP_6_F01_771606	1	195083353	241103961	32119	0.2146
DUNGS_p_TCGA_b84_115_SNP_N_GenomeWideSNP_6_F01_771606	1	241105182	241151280	63	-0.0972
DUNGS_p_TCGA_b84_115_SNP_N_GenomeWideSNP_6_F01_771606	1	241151317	247191011	3803	0.2169
DUNGS_p_TCGA_b84_115_SNP_N_GenomeWideSNP_6_F01_771606	2	2784	4891575	3612	-0.0945
DUNGS_p_TCGA_b84_115_SNP_N_GenomeWideSNP_6_F01_771606	2	4891798	4891986	5	-1.2966
DUNGS_p_TCGA_b84_115_SNP_N_GenomeWideSNP_6_F01_771606	2	4892934	6223038	1097	-0.1012
DUNGS_p_TCGA_b84_115_SNP_N_GenomeWideSNP_6_F01_771606	2	6223235	6223628	5	-0.9938
DUNGS_p_TCGA_b84_115_SNP_N_GenomeWideSNP_6_F01_771606	2	6224742	34544573	19417	-0.0812
DUNGS_p_TCGA_b84_115_SNP_N_GenomeWideSNP_6_F01_771606	2	34552819	34590017	45	0.2863
DUNGS_p_TCGA_b84_115_SNP_N_GenomeWideSNP_6_F01_771606	2	34590561	35820889	877	-0.0888
DUNGS_p_TCGA_b84_115_SNP_N_GenomeWideSNP_6_F01_771606	2	35821540	35841420	8	0.9543
DUNGS_p_TCGA_b84_115_SNP_N_GenomeWideSNP_6_F01_771606	2	35841451	41091739	3949	-0.0869
DUNGS_p_TCGA_b84_115_SNP_N_GenomeWideSNP_6_F01_771606	2	41091947	41105228	27	-0.578
DUNGS_p_TCGA_b84_115_SNP_N_GenomeWideSNP_6_F01_771606	2	41105258	53697251	9118	-0.0748
DUNGS_p_TCGA_b84_115_SNP_N_GenomeWideSNP_6_F01_771606	2	53698558	53700051	4	-1.2235
DUNGS_p_TCGA_b84_115_SNP_N_GenomeWideSNP_6_F01_771606	2	53700786	84081121	19487	-0.0818
DUNGS_p_TCGA_b84_115_SNP_N_GenomeWideSNP_6_F01_771606	2	84081334	84081718	2	-1.5945
DUNGS_p_TCGA_b84_115_SNP_N_GenomeWideSNP_6_F01_771606	2	84084050	87104007	1663	-0.0656
DUNGS_p_TCGA_b84_115_SNP_N_GenomeWideSNP_6_F01_771606	2	87112842	87141112	4	-1.1517
DUNGS_p_TCGA_b84_115_SNP_N_GenomeWideSNP_6_F01_771606	2	87150801	87366798	108	-0.206
DUNGS_p_TCGA_b84_115_SNP_N_GenomeWideSNP_6_F01_771606	2	87367890	87376453	5	-1.3083
DUNGS_p_TCGA_b84_115_SNP_N_GenomeWideSNP_6_F01_771606	2	87379991	87656528	67	-0.2609
DUNGS_p_TCGA_b84_115_SNP_N_GenomeWideSNP_6_F01_771606	2	87656619	87659520	3	-1.1496
DUNGS_p_TCGA_b84_115_SNP_N_GenomeWideSNP_6_F01_771606	2	87666842	91233073	914	-0.1404
DUNGS_p_TCGA_b84_115_SNP_N_GenomeWideSNP_6_F01_771606	2	91246621	94705115	72	-0.4371
DUNGS_p_TCGA_b84_115_SNP_N_GenomeWideSNP_6_F01_771606	2	94705277	106246527	6495	-0.0727
DUNGS_p_TCGA_b84_115_SNP_N_GenomeWideSNP_6_F01_771606	2	106247145	106249661	4	-0.8478
DUNGS_p_TCGA_b84_115_SNP_N_GenomeWideSNP_6_F01_771606	2	106249763	106251789	7	-2.721
DUNGS_p_TCGA_b84_115_SNP_N_GenomeWideSNP_6_F01_771606	2	106253687	110534145	2210	-0.0953
DUNGS_p_TCGA_b84_115_SNP_N_GenomeWideSNP_6_F01_771606	2	110542321	111113237	8	-0.9174
DUNGS_p_TCGA_b84_115_SNP_N_GenomeWideSNP_6_F01_771606	2	111114271	125355316	8863	-0.0811
DUNGS_p_TCGA_b84_115_SNP_N_GenomeWideSNP_6_F01_771606	2	125356650	125361637	3	-1.2749
DUNGS_p_TCGA_b84_115_SNP_N_GenomeWideSNP_6_F01_771606	2	125364602	126890024	876	-0.0764
DUNGS_p_TCGA_b84_115_SNP_N_GenomeWideSNP_6_F01_771606	2	126890509	126894029	2	-1.7535
DUNGS_p_TCGA_b84_115_SNP_N_GenomeWideSNP_6_F01_771606	2	126894549	131800319	2772	-0.0815
DUNGS_p_TCGA_b84_115_SNP_N_GenomeWideSNP_6_F01_771606	2	131809502	131813789	8	-1.019
DUNGS_p_TCGA_b84_115_SNP_N_GenomeWideSNP_6_F01_771606	2	131814612	132430814	270	-0.1026
DUNGS_p_TCGA_b84_115_SNP_N_GenomeWideSNP_6_F01_771606	2	132436020	132436185	2	-6.2342
DUNGS_p_TCGA_b84_115_SNP_N_GenomeWideSNP_6_F01_771606	2	132438597	137956768	3642	-0.0899
DUNGS_p_TCGA_b84_115_SNP_N_GenomeWideSNP_6_F01_771606	2	137957561	137962467	2	-3.6152
DUNGS_p_TCGA_b84_115_SNP_N_GenomeWideSNP_6_F01_771606	2	137962633	146581549	5324	-0.0778
DUNGS_p_TCGA_b84_115_SNP_N_GenomeWideSNP_6_F01_771606	2	146581564	146583404	18	0.6881
DUNGS_p_TCGA_b84_115_SNP_N_GenomeWideSNP_6_F01_771606	2	146594276	174301195	16955	-0.0719
DUNGS_p_TCGA_b84_115_SNP_N_GenomeWideSNP_6_F01_771606	2	174301357	174305814	3	-1.5765
DUNGS_p_TCGA_b84_115_SNP_N_GenomeWideSNP_6_F01_771606	2	174305902	176966760	1504	-0.0657
DUNGS_p_TCGA_b84_115_SNP_N_GenomeWideSNP_6_F01_771606	2	176967088	176980779	3	1.3301
DUNGS_p_TCGA_b84_115_SNP_N_GenomeWideSNP_6_F01_771606	2	176983384	182972870	3952	-0.0625
DUNGS_p_TCGA_b84_115_SNP_N_GenomeWideSNP_6_F01_771606	2	182973358	182973417	2	-6.4609
DUNGS_p_TCGA_b84_115_SNP_N_GenomeWideSNP_6_F01_771606	2	182976218	183253635	188	-0.0439
DUNGS_p_TCGA_b84_115_SNP_N_GenomeWideSNP_6_F01_771606	2	183255492	183259767	3	-1.1312
DUNGS_p_TCGA_b84_115_SNP_N_GenomeWideSNP_6_F01_771606	2	183268118	184000803	406	-0.0852
DUNGS_p_TCGA_b84_115_SNP_N_GenomeWideSNP_6_F01_771606	2	184001003	184031698	14	-0.6222
DUNGS_p_TCGA_b84_115_SNP_N_GenomeWideSNP_6_F01_771606	2	184032166	205246447	12117	-0.0618
DUNGS_p_TCGA_b84_115_SNP_N_GenomeWideSNP_6_F01_771606	2	205252063	205256615	7	-0.9069
DUNGS_p_TCGA_b84_115_SNP_N_GenomeWideSNP_6_F01_771606	2	205256647	239520797	22283	-0.0806
DUNGS_p_TCGA_b84_115_SNP_N_GenomeWideSNP_6_F01_771606	2	239522120	239529992	10	-0.8062
DUNGS_p_TCGA_b84_115_SNP_N_GenomeWideSNP_6_F01_771606	2	239530051	242738129	1761	-0.0794
DUNGS_p_TCGA_b84_115_SNP_N_GenomeWideSNP_6_F01_771606	3	35345	6761011	5983	-0.1024
DUNGS_p_TCGA_b84_115_SNP_N_GenomeWideSNP_6_F01_771606	3	6769900	6770490	3	-1.3809
DUNGS_p_TCGA_b84_115_SNP_N_GenomeWideSNP_6_F01_771606	3	6770561	46768381	27297	-0.0933
DUNGS_p_TCGA_b84_115_SNP_N_GenomeWideSNP_6_F01_771606	3	46776821	46784392	11	-0.7144
DUNGS_p_TCGA_b84_115_SNP_N_GenomeWideSNP_6_F01_771606	3	46784424	46787798	5	-1.7585
DUNGS_p_TCGA_b84_115_SNP_N_GenomeWideSNP_6_F01_771606	3	46787978	46834483	26	-0.6523
DUNGS_p_TCGA_b84_115_SNP_N_GenomeWideSNP_6_F01_771606	3	46834836	60600141	8168	-0.0899
DUNGS_p_TCGA_b84_115_SNP_N_GenomeWideSNP_6_F01_771606	3	60600158	60600698	3	1.1773
DUNGS_p_TCGA_b84_115_SNP_N_GenomeWideSNP_6_F01_771606	3	60601046	62685640	1819	-0.1031
DUNGS_p_TCGA_b84_115_SNP_N_GenomeWideSNP_6_F01_771606	3	62687722	62690948	9	-0.896
DUNGS_p_TCGA_b84_115_SNP_N_GenomeWideSNP_6_F01_771606	3	62691342	63054541	281	-0.11
DUNGS_p_TCGA_b84_115_SNP_N_GenomeWideSNP_6_F01_771606	3	63055072	63057156	3	-1.4636
DUNGS_p_TCGA_b84_115_SNP_N_GenomeWideSNP_6_F01_771606	3	63057913	68828974	4301	-0.1027
DUNGS_p_TCGA_b84_115_SNP_N_GenomeWideSNP_6_F01_771606	3	68829136	68830103	12	0.932
DUNGS_p_TCGA_b84_115_SNP_N_GenomeWideSNP_6_F01_771606	3	68831448	86344215	10895	-0.0851
DUNGS_p_TCGA_b84_115_SNP_N_GenomeWideSNP_6_F01_771606	3	86347892	86348505	2	-1.7307
DUNGS_p_TCGA_b84_115_SNP_N_GenomeWideSNP_6_F01_771606	3	86352852	100420474	5076	-0.0798
DUNGS_p_TCGA_b84_115_SNP_N_GenomeWideSNP_6_F01_771606	3	100427148	100432004	37	0.2913
DUNGS_p_TCGA_b84_115_SNP_N_GenomeWideSNP_6_F01_771606	3	100432111	101941686	818	-0.0767
DUNGS_p_TCGA_b84_115_SNP_N_GenomeWideSNP_6_F01_771606	3	101941781	101951466	5	-0.9652
DUNGS_p_TCGA_b84_115_SNP_N_GenomeWideSNP_6_F01_771606	3	101954037	110293258	5173	-0.0645
DUNGS_p_TCGA_b84_115_SNP_N_GenomeWideSNP_6_F01_771606	3	110293548	110306180	8	-0.978
DUNGS_p_TCGA_b84_115_SNP_N_GenomeWideSNP_6_F01_771606	3	110310110	111741326	803	-0.0787
DUNGS_p_TCGA_b84_115_SNP_N_GenomeWideSNP_6_F01_771606	3	111745821	111757642	16	-0.9748
DUNGS_p_TCGA_b84_115_SNP_N_GenomeWideSNP_6_F01_771606	3	111760454	116138472	2669	-0.0842
DUNGS_p_TCGA_b84_115_SNP_N_GenomeWideSNP_6_F01_771606	3	116143282	116151640	7	-2.5538
DUNGS_p_TCGA_b84_115_SNP_N_GenomeWideSNP_6_F01_771606	3	116151708	127195268	6900	-0.0922
DUNGS_p_TCGA_b84_115_SNP_N_GenomeWideSNP_6_F01_771606	3	127195289	127195880	9	-0.8546
DUNGS_p_TCGA_b84_115_SNP_N_GenomeWideSNP_6_F01_771606	3	127197303	127203338	5	-0.1481
DUNGS_p_TCGA_b84_115_SNP_N_GenomeWideSNP_6_F01_771606	3	127203645	127204552	12	-1.497
DUNGS_p_TCGA_b84_115_SNP_N_GenomeWideSNP_6_F01_771606	3	127205022	131268976	2346	-0.0987
DUNGS_p_TCGA_b84_115_SNP_N_GenomeWideSNP_6_F01_771606	3	131269064	131281471	39	0.4176
DUNGS_p_TCGA_b84_115_SNP_N_GenomeWideSNP_6_F01_771606	3	131281703	142025229	6748	-0.1025
DUNGS_p_TCGA_b84_115_SNP_N_GenomeWideSNP_6_F01_771606	3	142028391	142029674	2	-2.365
DUNGS_p_TCGA_b84_115_SNP_N_GenomeWideSNP_6_F01_771606	3	142043308	151997644	6121	-0.0921
DUNGS_p_TCGA_b84_115_SNP_N_GenomeWideSNP_6_F01_771606	3	151998413	152003335	3	-1.6631
DUNGS_p_TCGA_b84_115_SNP_N_GenomeWideSNP_6_F01_771606	3	152003990	159503788	4650	-0.0851
DUNGS_p_TCGA_b84_115_SNP_N_GenomeWideSNP_6_F01_771606	3	159512791	159513076	4	-1.0489
DUNGS_p_TCGA_b84_115_SNP_N_GenomeWideSNP_6_F01_771606	3	159513354	163706659	2608	-0.0933
DUNGS_p_TCGA_b84_115_SNP_N_GenomeWideSNP_6_F01_771606	3	163709339	163709531	6	0.6593
DUNGS_p_TCGA_b84_115_SNP_N_GenomeWideSNP_6_F01_771606	3	163709653	164028410	195	-0.0801
DUNGS_p_TCGA_b84_115_SNP_N_GenomeWideSNP_6_F01_771606	3	164028923	164057742	14	-0.7131
DUNGS_p_TCGA_b84_115_SNP_N_GenomeWideSNP_6_F01_771606	3	164057755	167535922	2021	-0.073
DUNGS_p_TCGA_b84_115_SNP_N_GenomeWideSNP_6_F01_771606	3	167539095	167556615	9	-0.8731
DUNGS_p_TCGA_b84_115_SNP_N_GenomeWideSNP_6_F01_771606	3	167557505	176561212	5670	-0.0796
DUNGS_p_TCGA_b84_115_SNP_N_GenomeWideSNP_6_F01_771606	3	176563286	176563920	6	-1.2107
DUNGS_p_TCGA_b84_115_SNP_N_GenomeWideSNP_6_F01_771606	3	176564019	194360596	11538	-0.0864
DUNGS_p_TCGA_b84_115_SNP_N_GenomeWideSNP_6_F01_771606	3	194360656	194365597	19	0.5103
DUNGS_p_TCGA_b84_115_SNP_N_GenomeWideSNP_6_F01_771606	3	194369129	196897393	1493	-0.0807
DUNGS_p_TCGA_b84_115_SNP_N_GenomeWideSNP_6_F01_771606	3	196903444	196941532	24	-0.6532
DUNGS_p_TCGA_b84_115_SNP_N_GenomeWideSNP_6_F01_771606	3	196941547	199380515	1191	-0.0736
DUNGS_p_TCGA_b84_115_SNP_N_GenomeWideSNP_6_F01_771606	4	2281	41428	44	-0.0931
DUNGS_p_TCGA_b84_115_SNP_N_GenomeWideSNP_6_F01_771606	4	41518	3569248	1468	0.21
DUNGS_p_TCGA_b84_115_SNP_N_GenomeWideSNP_6_F01_771606	4	3569667	3571982	2	-2.3926
DUNGS_p_TCGA_b84_115_SNP_N_GenomeWideSNP_6_F01_771606	4	3579188	5281907	1051	0.1841
DUNGS_p_TCGA_b84_115_SNP_N_GenomeWideSNP_6_F01_771606	4	5282169	5283649	2	-1.4922
DUNGS_p_TCGA_b84_115_SNP_N_GenomeWideSNP_6_F01_771606	4	5288093	9819488	3242	0.1882
DUNGS_p_TCGA_b84_115_SNP_N_GenomeWideSNP_6_F01_771606	4	9823258	9840596	29	-1.8917
DUNGS_p_TCGA_b84_115_SNP_N_GenomeWideSNP_6_F01_771606	4	9843312	10007835	184	0.1759
DUNGS_p_TCGA_b84_115_SNP_N_GenomeWideSNP_6_F01_771606	4	10007932	10009254	8	0.8174
DUNGS_p_TCGA_b84_115_SNP_N_GenomeWideSNP_6_F01_771606	4	10009609	11987802	1611	0.2237
DUNGS_p_TCGA_b84_115_SNP_N_GenomeWideSNP_6_F01_771606	4	11987850	11990068	12	0.7443
DUNGS_p_TCGA_b84_115_SNP_N_GenomeWideSNP_6_F01_771606	4	11990185	20687318	6158	0.2164
DUNGS_p_TCGA_b84_115_SNP_N_GenomeWideSNP_6_F01_771606	4	20691649	20694440	6	-0.7083
DUNGS_p_TCGA_b84_115_SNP_N_GenomeWideSNP_6_F01_771606	4	20696239	43711898	15133	0.229
DUNGS_p_TCGA_b84_115_SNP_N_GenomeWideSNP_6_F01_771606	4	43716642	43720503	4	-1.1289
DUNGS_p_TCGA_b84_115_SNP_N_GenomeWideSNP_6_F01_771606	4	43721161	48911388	2930	0.2203
DUNGS_p_TCGA_b84_115_SNP_N_GenomeWideSNP_6_F01_771606	4	48962541	49353369	26	-0.4244
DUNGS_p_TCGA_b84_115_SNP_N_GenomeWideSNP_6_F01_771606	4	52380456	63350429	7024	0.2201
DUNGS_p_TCGA_b84_115_SNP_N_GenomeWideSNP_6_F01_771606	4	63352531	63354257	8	-0.7357
DUNGS_p_TCGA_b84_115_SNP_N_GenomeWideSNP_6_F01_771606	4	63362225	64376535	556	0.2248
DUNGS_p_TCGA_b84_115_SNP_N_GenomeWideSNP_6_F01_771606	4	64380064	64386888	7	-1.9503
DUNGS_p_TCGA_b84_115_SNP_N_GenomeWideSNP_6_F01_771606	4	64387751	64390200	16	-0.6312
DUNGS_p_TCGA_b84_115_SNP_N_GenomeWideSNP_6_F01_771606	4	64390349	64390853	6	-3.2084
DUNGS_p_TCGA_b84_115_SNP_N_GenomeWideSNP_6_F01_771606	4	64399026	64400638	3	1.1496
DUNGS_p_TCGA_b84_115_SNP_N_GenomeWideSNP_6_F01_771606	4	64404811	66283749	1215	0.2407
DUNGS_p_TCGA_b84_115_SNP_N_GenomeWideSNP_6_F01_771606	4	66283780	66284919	4	1.1032
DUNGS_p_TCGA_b84_115_SNP_N_GenomeWideSNP_6_F01_771606	4	66285254	68943146	1639	0.2166
DUNGS_p_TCGA_b84_115_SNP_N_GenomeWideSNP_6_F01_771606	4	68943659	68970737	6	-1.2115
DUNGS_p_TCGA_b84_115_SNP_N_GenomeWideSNP_6_F01_771606	4	68977394	69043083	10	0.3487
DUNGS_p_TCGA_b84_115_SNP_N_GenomeWideSNP_6_F01_771606	4	69049737	69187710	69	-0.1027
DUNGS_p_TCGA_b84_115_SNP_N_GenomeWideSNP_6_F01_771606	4	69188929	70155839	328	0.2324
DUNGS_p_TCGA_b84_115_SNP_N_GenomeWideSNP_6_F01_771606	4	70155852	70266611	57	-0.4501
DUNGS_p_TCGA_b84_115_SNP_N_GenomeWideSNP_6_F01_771606	4	70266713	85161227	9141	0.2252
DUNGS_p_TCGA_b84_115_SNP_N_GenomeWideSNP_6_F01_771606	4	85162151	92041740	4286	-0.0816
DUNGS_p_TCGA_b84_115_SNP_N_GenomeWideSNP_6_F01_771606	4	92042933	92052858	2	-1.4082
DUNGS_p_TCGA_b84_115_SNP_N_GenomeWideSNP_6_F01_771606	4	92064134	96620040	2698	-0.0852
DUNGS_p_TCGA_b84_115_SNP_N_GenomeWideSNP_6_F01_771606	4	96620188	96624818	2	-1.7674
DUNGS_p_TCGA_b84_115_SNP_N_GenomeWideSNP_6_F01_771606	4	96624936	104420468	4547	-0.0806
DUNGS_p_TCGA_b84_115_SNP_N_GenomeWideSNP_6_F01_771606	4	104426263	104439620	21	-0.736
DUNGS_p_TCGA_b84_115_SNP_N_GenomeWideSNP_6_F01_771606	4	104439737	104443620	3	-4.6931
DUNGS_p_TCGA_b84_115_SNP_N_GenomeWideSNP_6_F01_771606	4	104448392	104462310	21	-1.0564
DUNGS_p_TCGA_b84_115_SNP_N_GenomeWideSNP_6_F01_771606	4	104464105	104965020	341	-0.0933
DUNGS_p_TCGA_b84_115_SNP_N_GenomeWideSNP_6_F01_771606	4	104971079	104971085	4	0.9203
DUNGS_p_TCGA_b84_115_SNP_N_GenomeWideSNP_6_F01_771606	4	104971086	135314750	17947	-0.0782
DUNGS_p_TCGA_b84_115_SNP_N_GenomeWideSNP_6_F01_771606	4	135315619	135316429	2	-1.5425
DUNGS_p_TCGA_b84_115_SNP_N_GenomeWideSNP_6_F01_771606	4	135317567	138311553	1662	-0.0723
DUNGS_p_TCGA_b84_115_SNP_N_GenomeWideSNP_6_F01_771606	4	138311645	138327937	21	-0.7836
DUNGS_p_TCGA_b84_115_SNP_N_GenomeWideSNP_6_F01_771606	4	138328430	153011142	8887	-0.0896
DUNGS_p_TCGA_b84_115_SNP_N_GenomeWideSNP_6_F01_771606	4	153011163	153012017	8	-1.2275
DUNGS_p_TCGA_b84_115_SNP_N_GenomeWideSNP_6_F01_771606	4	153012341	172605921	12587	-0.0862
DUNGS_p_TCGA_b84_115_SNP_N_GenomeWideSNP_6_F01_771606	4	172611459	172614351	12	0.9516
DUNGS_p_TCGA_b84_115_SNP_N_GenomeWideSNP_6_F01_771606	4	172616946	173224503	397	-0.1096
DUNGS_p_TCGA_b84_115_SNP_N_GenomeWideSNP_6_F01_771606	4	173225723	173226108	12	-1.2424
DUNGS_p_TCGA_b84_115_SNP_N_GenomeWideSNP_6_F01_771606	4	173232554	173659097	232	-0.0552
DUNGS_p_TCGA_b84_115_SNP_N_GenomeWideSNP_6_F01_771606	4	173661522	173665218	7	1.0014
DUNGS_p_TCGA_b84_115_SNP_N_GenomeWideSNP_6_F01_771606	4	173677707	182278503	5597	-0.0793
DUNGS_p_TCGA_b84_115_SNP_N_GenomeWideSNP_6_F01_771606	4	182279343	182280075	2	-2.2873
DUNGS_p_TCGA_b84_115_SNP_N_GenomeWideSNP_6_F01_771606	4	182280717	189458252	5120	-0.0993
DUNGS_p_TCGA_b84_115_SNP_N_GenomeWideSNP_6_F01_771606	4	189458354	189458433	4	1.2702
DUNGS_p_TCGA_b84_115_SNP_N_GenomeWideSNP_6_F01_771606	4	189459807	190108001	544	-0.0799
DUNGS_p_TCGA_b84_115_SNP_N_GenomeWideSNP_6_F01_771606	4	190109323	190109787	2	-2.528
DUNGS_p_TCGA_b84_115_SNP_N_GenomeWideSNP_6_F01_771606	4	190109844	191249182	629	-0.1042
DUNGS_p_TCGA_b84_115_SNP_N_GenomeWideSNP_6_F01_771606	4	191250145	191261904	3	-0.6138
DUNGS_p_TCGA_b84_115_SNP_N_GenomeWideSNP_6_F01_771606	5	68532	775205	316	0.173
DUNGS_p_TCGA_b84_115_SNP_N_GenomeWideSNP_6_F01_771606	5	775396	873036	42	-0.194
DUNGS_p_TCGA_b84_115_SNP_N_GenomeWideSNP_6_F01_771606	5	875123	12181283	9520	0.208
DUNGS_p_TCGA_b84_115_SNP_N_GenomeWideSNP_6_F01_771606	5	12181972	12181986	2	-1.3027
DUNGS_p_TCGA_b84_115_SNP_N_GenomeWideSNP_6_F01_771606	5	12184394	21406334	5862	0.2223
DUNGS_p_TCGA_b84_115_SNP_N_GenomeWideSNP_6_F01_771606	5	21412601	21413610	3	-1.6889
DUNGS_p_TCGA_b84_115_SNP_N_GenomeWideSNP_6_F01_771606	5	21421823	26825253	3211	0.2198
DUNGS_p_TCGA_b84_115_SNP_N_GenomeWideSNP_6_F01_771606	5	26833517	26833601	2	-1.7981
DUNGS_p_TCGA_b84_115_SNP_N_GenomeWideSNP_6_F01_771606	5	26839641	46306865	11880	0.2227
DUNGS_p_TCGA_b84_115_SNP_N_GenomeWideSNP_6_F01_771606	5	46307687	46309259	6	-1.9343
DUNGS_p_TCGA_b84_115_SNP_N_GenomeWideSNP_6_F01_771606	5	46313969	57361784	5086	0.2257
DUNGS_p_TCGA_b84_115_SNP_N_GenomeWideSNP_6_F01_771606	5	57361920	57369290	31	-0.412
DUNGS_p_TCGA_b84_115_SNP_N_GenomeWideSNP_6_F01_771606	5	57374114	57689890	255	0.2127
DUNGS_p_TCGA_b84_115_SNP_N_GenomeWideSNP_6_F01_771606	5	57691571	57691678	3	-1.1636
DUNGS_p_TCGA_b84_115_SNP_N_GenomeWideSNP_6_F01_771606	5	57692066	81454519	13971	0.2247
DUNGS_p_TCGA_b84_115_SNP_N_GenomeWideSNP_6_F01_771606	5	81455034	81463238	3	-2.581
DUNGS_p_TCGA_b84_115_SNP_N_GenomeWideSNP_6_F01_771606	5	81463794	103877599	12658	0.2386
DUNGS_p_TCGA_b84_115_SNP_N_GenomeWideSNP_6_F01_771606	5	103879120	103888503	5	1.2794
DUNGS_p_TCGA_b84_115_SNP_N_GenomeWideSNP_6_F01_771606	5	103888948	106255426	1410	0.2407
DUNGS_p_TCGA_b84_115_SNP_N_GenomeWideSNP_6_F01_771606	5	106257572	106260999	19	-0.6174
DUNGS_p_TCGA_b84_115_SNP_N_GenomeWideSNP_6_F01_771606	5	106261016	126485514	13933	0.2299
DUNGS_p_TCGA_b84_115_SNP_N_GenomeWideSNP_6_F01_771606	5	126486025	126486216	2	-1.2394
DUNGS_p_TCGA_b84_115_SNP_N_GenomeWideSNP_6_F01_771606	5	126491538	139145455	7418	0.2207
DUNGS_p_TCGA_b84_115_SNP_N_GenomeWideSNP_6_F01_771606	5	139149061	139164128	6	-0.5736
DUNGS_p_TCGA_b84_115_SNP_N_GenomeWideSNP_6_F01_771606	5	139164253	150182398	7073	0.2206
DUNGS_p_TCGA_b84_115_SNP_N_GenomeWideSNP_6_F01_771606	5	150185693	150198797	8	-2.7582
DUNGS_p_TCGA_b84_115_SNP_N_GenomeWideSNP_6_F01_771606	5	150203580	155407680	3642	0.2179
DUNGS_p_TCGA_b84_115_SNP_N_GenomeWideSNP_6_F01_771606	5	155407682	155427835	19	-0.3265
DUNGS_p_TCGA_b84_115_SNP_N_GenomeWideSNP_6_F01_771606	5	155427837	177597989	14983	0.2158
DUNGS_p_TCGA_b84_115_SNP_N_GenomeWideSNP_6_F01_771606	5	177598987	177606446	3	1.4192
DUNGS_p_TCGA_b84_115_SNP_N_GenomeWideSNP_6_F01_771606	5	177608071	179018709	926	0.1901
DUNGS_p_TCGA_b84_115_SNP_N_GenomeWideSNP_6_F01_771606	5	179018851	179036723	16	-0.2514
DUNGS_p_TCGA_b84_115_SNP_N_GenomeWideSNP_6_F01_771606	5	179036739	180304774	724	0.2273
DUNGS_p_TCGA_b84_115_SNP_N_GenomeWideSNP_6_F01_771606	5	180307090	180375006	24	0.5817
DUNGS_p_TCGA_b84_115_SNP_N_GenomeWideSNP_6_F01_771606	5	180375047	180424080	43	0.0581
DUNGS_p_TCGA_b84_115_SNP_N_GenomeWideSNP_6_F01_771606	5	180425119	180426872	6	-0.6558
DUNGS_p_TCGA_b84_115_SNP_N_GenomeWideSNP_6_F01_771606	5	180430727	180722926	119	0.1995
DUNGS_p_TCGA_b84_115_SNP_N_GenomeWideSNP_6_F01_771606	6	94661	1879189	1549	-0.0935
DUNGS_p_TCGA_b84_115_SNP_N_GenomeWideSNP_6_F01_771606	6	1879723	1880154	2	-1.7285
DUNGS_p_TCGA_b84_115_SNP_N_GenomeWideSNP_6_F01_771606	6	1880353	7395255	4490	-0.1062
DUNGS_p_TCGA_b84_115_SNP_N_GenomeWideSNP_6_F01_771606	6	7395301	7395329	2	-1.9887
DUNGS_p_TCGA_b84_115_SNP_N_GenomeWideSNP_6_F01_771606	6	7395501	23165616	11711	-0.096
DUNGS_p_TCGA_b84_115_SNP_N_GenomeWideSNP_6_F01_771606	6	23168970	23168978	3	-1.4963
DUNGS_p_TCGA_b84_115_SNP_N_GenomeWideSNP_6_F01_771606	6	23172233	23903674	553	-0.0841
DUNGS_p_TCGA_b84_115_SNP_N_GenomeWideSNP_6_F01_771606	6	23904157	23904191	3	-1.759
DUNGS_p_TCGA_b84_115_SNP_N_GenomeWideSNP_6_F01_771606	6	23905892	31385665	4143	-0.102
DUNGS_p_TCGA_b84_115_SNP_N_GenomeWideSNP_6_F01_771606	6	31388802	31403385	8	-1.8818
DUNGS_p_TCGA_b84_115_SNP_N_GenomeWideSNP_6_F01_771606	6	31403932	32557501	511	-0.0935
DUNGS_p_TCGA_b84_115_SNP_N_GenomeWideSNP_6_F01_771606	6	32560779	32681749	35	1.2495
DUNGS_p_TCGA_b84_115_SNP_N_GenomeWideSNP_6_F01_771606	6	32681992	32732282	27	-0.0156
DUNGS_p_TCGA_b84_115_SNP_N_GenomeWideSNP_6_F01_771606	6	32732569	32734596	5	0.917
DUNGS_p_TCGA_b84_115_SNP_N_GenomeWideSNP_6_F01_771606	6	32758590	32794174	37	-0.1256
DUNGS_p_TCGA_b84_115_SNP_N_GenomeWideSNP_6_F01_771606	6	32796593	32798808	11	0.8798
DUNGS_p_TCGA_b84_115_SNP_N_GenomeWideSNP_6_F01_771606	6	32798923	34046721	765	-0.1038
DUNGS_p_TCGA_b84_115_SNP_N_GenomeWideSNP_6_F01_771606	6	34049989	34050683	6	-2.1599
DUNGS_p_TCGA_b84_115_SNP_N_GenomeWideSNP_6_F01_771606	6	34052564	34149396	61	-0.0178
DUNGS_p_TCGA_b84_115_SNP_N_GenomeWideSNP_6_F01_771606	6	34149425	34149758	2	-1.6206
DUNGS_p_TCGA_b84_115_SNP_N_GenomeWideSNP_6_F01_771606	6	34151276	54039043	12875	-0.1032
DUNGS_p_TCGA_b84_115_SNP_N_GenomeWideSNP_6_F01_771606	6	54039110	54039814	7	1.358
DUNGS_p_TCGA_b84_115_SNP_N_GenomeWideSNP_6_F01_771606	6	54043307	74648586	10531	-0.0924
DUNGS_p_TCGA_b84_115_SNP_N_GenomeWideSNP_6_F01_771606	6	74648953	74651462	6	-1.6091
DUNGS_p_TCGA_b84_115_SNP_N_GenomeWideSNP_6_F01_771606	6	74651482	74660283	5	-0.6754
DUNGS_p_TCGA_b84_115_SNP_N_GenomeWideSNP_6_F01_771606	6	74660333	77485918	1765	-0.0832
DUNGS_p_TCGA_b84_115_SNP_N_GenomeWideSNP_6_F01_771606	6	77485950	77509476	26	0.317
DUNGS_p_TCGA_b84_115_SNP_N_GenomeWideSNP_6_F01_771606	6	77517792	79028863	989	-0.1012
DUNGS_p_TCGA_b84_115_SNP_N_GenomeWideSNP_6_F01_771606	6	79028887	79098352	106	0.2713
DUNGS_p_TCGA_b84_115_SNP_N_GenomeWideSNP_6_F01_771606	6	79098438	92436292	8455	-0.0984
DUNGS_p_TCGA_b84_115_SNP_N_GenomeWideSNP_6_F01_771606	6	92437034	92438866	4	-2.1917
DUNGS_p_TCGA_b84_115_SNP_N_GenomeWideSNP_6_F01_771606	6	92443685	95148856	1866	-0.0819
DUNGS_p_TCGA_b84_115_SNP_N_GenomeWideSNP_6_F01_771606	6	95151000	95152547	2	1.1673
DUNGS_p_TCGA_b84_115_SNP_N_GenomeWideSNP_6_F01_771606	6	95154531	103841518	5175	-0.0818
DUNGS_p_TCGA_b84_115_SNP_N_GenomeWideSNP_6_F01_771606	6	103841522	103854423	17	0.5316
DUNGS_p_TCGA_b84_115_SNP_N_GenomeWideSNP_6_F01_771606	6	103854475	137142627	21104	-0.0803
DUNGS_p_TCGA_b84_115_SNP_N_GenomeWideSNP_6_F01_771606	6	137146486	137176206	13	-0.6731
DUNGS_p_TCGA_b84_115_SNP_N_GenomeWideSNP_6_F01_771606	6	137176427	153999063	11223	-0.0863
DUNGS_p_TCGA_b84_115_SNP_N_GenomeWideSNP_6_F01_771606	6	154002479	154003112	2	-3.3581
DUNGS_p_TCGA_b84_115_SNP_N_GenomeWideSNP_6_F01_771606	6	154003592	154024043	17	-0.0808
DUNGS_p_TCGA_b84_115_SNP_N_GenomeWideSNP_6_F01_771606	6	154033580	154034614	2	-2.1527
DUNGS_p_TCGA_b84_115_SNP_N_GenomeWideSNP_6_F01_771606	6	154035390	170892930	11953	-0.0959
DUNGS_p_TCGA_b84_115_SNP_N_GenomeWideSNP_6_F01_771606	7	52911	6906527	3477	-0.1076
DUNGS_p_TCGA_b84_115_SNP_N_GenomeWideSNP_6_F01_771606	7	6907805	8372814	1254	0.4576
DUNGS_p_TCGA_b84_115_SNP_N_GenomeWideSNP_6_F01_771606	7	8374537	9208374	770	-0.0728
DUNGS_p_TCGA_b84_115_SNP_N_GenomeWideSNP_6_F01_771606	7	9208381	12359945	2519	0.2277
DUNGS_p_TCGA_b84_115_SNP_N_GenomeWideSNP_6_F01_771606	7	12360120	12377232	9	1.0836
DUNGS_p_TCGA_b84_115_SNP_N_GenomeWideSNP_6_F01_771606	7	12382892	15049586	2130	0.2461
DUNGS_p_TCGA_b84_115_SNP_N_GenomeWideSNP_6_F01_771606	7	15051375	15215406	133	0.8572
DUNGS_p_TCGA_b84_115_SNP_N_GenomeWideSNP_6_F01_771606	7	15217595	15299294	44	1.4178
DUNGS_p_TCGA_b84_115_SNP_N_GenomeWideSNP_6_F01_771606	7	15300337	15307094	10	0.698
DUNGS_p_TCGA_b84_115_SNP_N_GenomeWideSNP_6_F01_771606	7	15311532	19633313	3687	1.3193
DUNGS_p_TCGA_b84_115_SNP_N_GenomeWideSNP_6_F01_771606	7	19644072	19644994	2	-0.7366
DUNGS_p_TCGA_b84_115_SNP_N_GenomeWideSNP_6_F01_771606	7	19648044	22401305	2085	1.2218
DUNGS_p_TCGA_b84_115_SNP_N_GenomeWideSNP_6_F01_771606	7	22401997	22405279	3	0.279
DUNGS_p_TCGA_b84_115_SNP_N_GenomeWideSNP_6_F01_771606	7	22408940	23320938	670	1.2836
DUNGS_p_TCGA_b84_115_SNP_N_GenomeWideSNP_6_F01_771606	7	23321766	26998870	2707	0.9405
DUNGS_p_TCGA_b84_115_SNP_N_GenomeWideSNP_6_F01_771606	7	27007653	27636836	374	0.6224
DUNGS_p_TCGA_b84_115_SNP_N_GenomeWideSNP_6_F01_771606	7	27639182	28232696	423	0.9816
DUNGS_p_TCGA_b84_115_SNP_N_GenomeWideSNP_6_F01_771606	7	28234269	28644384	359	0.635
DUNGS_p_TCGA_b84_115_SNP_N_GenomeWideSNP_6_F01_771606	7	28645835	33304878	3300	0.9443
DUNGS_p_TCGA_b84_115_SNP_N_GenomeWideSNP_6_F01_771606	7	33307473	33778213	315	0.6226
DUNGS_p_TCGA_b84_115_SNP_N_GenomeWideSNP_6_F01_771606	7	33778454	33934236	129	0.8958
DUNGS_p_TCGA_b84_115_SNP_N_GenomeWideSNP_6_F01_771606	7	33939524	54353999	14217	0.214
DUNGS_p_TCGA_b84_115_SNP_N_GenomeWideSNP_6_F01_771606	7	54354003	54354011	5	3.4866
DUNGS_p_TCGA_b84_115_SNP_N_GenomeWideSNP_6_F01_771606	7	54360982	56728994	1573	0.2063
DUNGS_p_TCGA_b84_115_SNP_N_GenomeWideSNP_6_F01_771606	7	56729607	56736308	3	-2.6056
DUNGS_p_TCGA_b84_115_SNP_N_GenomeWideSNP_6_F01_771606	7	56739660	61408105	531	0.1422
DUNGS_p_TCGA_b84_115_SNP_N_GenomeWideSNP_6_F01_771606	7	61408455	61624692	39	-0.5587
DUNGS_p_TCGA_b84_115_SNP_N_GenomeWideSNP_6_F01_771606	7	61624729	64206287	994	0.1706
DUNGS_p_TCGA_b84_115_SNP_N_GenomeWideSNP_6_F01_771606	7	64231500	64274563	7	1.0077
DUNGS_p_TCGA_b84_115_SNP_N_GenomeWideSNP_6_F01_771606	7	64275592	64589253	174	0.1773
DUNGS_p_TCGA_b84_115_SNP_N_GenomeWideSNP_6_F01_771606	7	64596057	64697999	22	-0.3722
DUNGS_p_TCGA_b84_115_SNP_N_GenomeWideSNP_6_F01_771606	7	64703608	66266675	548	0.1885
DUNGS_p_TCGA_b84_115_SNP_N_GenomeWideSNP_6_F01_771606	7	66266764	66393280	39	-0.245
DUNGS_p_TCGA_b84_115_SNP_N_GenomeWideSNP_6_F01_771606	7	66395512	70058374	2370	0.1851
DUNGS_p_TCGA_b84_115_SNP_N_GenomeWideSNP_6_F01_771606	7	70061186	70064077	2	-1.8954
DUNGS_p_TCGA_b84_115_SNP_N_GenomeWideSNP_6_F01_771606	7	70066179	79327295	4420	0.1977
DUNGS_p_TCGA_b84_115_SNP_N_GenomeWideSNP_6_F01_771606	7	79327574	79328552	3	-1.0719
DUNGS_p_TCGA_b84_115_SNP_N_GenomeWideSNP_6_F01_771606	7	79333914	91196476	7691	0.2337
DUNGS_p_TCGA_b84_115_SNP_N_GenomeWideSNP_6_F01_771606	7	91196707	91197527	8	-0.775
DUNGS_p_TCGA_b84_115_SNP_N_GenomeWideSNP_6_F01_771606	7	91198926	97223906	3748	0.228
DUNGS_p_TCGA_b84_115_SNP_N_GenomeWideSNP_6_F01_771606	7	97233396	97233442	7	-0.625
DUNGS_p_TCGA_b84_115_SNP_N_GenomeWideSNP_6_F01_771606	7	97233445	100809081	1554	0.2061
DUNGS_p_TCGA_b84_115_SNP_N_GenomeWideSNP_6_F01_771606	7	100811029	100812763	3	-1.23
DUNGS_p_TCGA_b84_115_SNP_N_GenomeWideSNP_6_F01_771606	7	100819061	101889169	506	0.2133
DUNGS_p_TCGA_b84_115_SNP_N_GenomeWideSNP_6_F01_771606	7	102022781	102181307	45	-0.0975
DUNGS_p_TCGA_b84_115_SNP_N_GenomeWideSNP_6_F01_771606	7	102182164	107587783	3453	0.23
DUNGS_p_TCGA_b84_115_SNP_N_GenomeWideSNP_6_F01_771606	7	107588892	107588905	2	-1.7558
DUNGS_p_TCGA_b84_115_SNP_N_GenomeWideSNP_6_F01_771606	7	107589115	109224993	1099	0.2453
DUNGS_p_TCGA_b84_115_SNP_N_GenomeWideSNP_6_F01_771606	7	109225008	109229015	13	-0.3961
DUNGS_p_TCGA_b84_115_SNP_N_GenomeWideSNP_6_F01_771606	7	109229045	126235162	10353	0.2324
DUNGS_p_TCGA_b84_115_SNP_N_GenomeWideSNP_6_F01_771606	7	126236123	126240149	3	1.0865
DUNGS_p_TCGA_b84_115_SNP_N_GenomeWideSNP_6_F01_771606	7	126243530	127559575	860	-0.1019
DUNGS_p_TCGA_b84_115_SNP_N_GenomeWideSNP_6_F01_771606	7	127566363	141409593	8798	0.2193
DUNGS_p_TCGA_b84_115_SNP_N_GenomeWideSNP_6_F01_771606	7	141416112	141438377	41	-0.4594
DUNGS_p_TCGA_b84_115_SNP_N_GenomeWideSNP_6_F01_771606	7	141438576	142928980	950	0.232
DUNGS_p_TCGA_b84_115_SNP_N_GenomeWideSNP_6_F01_771606	7	142929090	143039363	33	0.7273
DUNGS_p_TCGA_b84_115_SNP_N_GenomeWideSNP_6_F01_771606	7	143056311	143075149	18	0.0575
DUNGS_p_TCGA_b84_115_SNP_N_GenomeWideSNP_6_F01_771606	7	143075464	143176638	45	0.7592
DUNGS_p_TCGA_b84_115_SNP_N_GenomeWideSNP_6_F01_771606	7	143177236	143527185	274	0.2137
DUNGS_p_TCGA_b84_115_SNP_N_GenomeWideSNP_6_F01_771606	7	143535212	143634600	27	-0.1905
DUNGS_p_TCGA_b84_115_SNP_N_GenomeWideSNP_6_F01_771606	7	143634679	149210512	3523	0.2292
DUNGS_p_TCGA_b84_115_SNP_N_GenomeWideSNP_6_F01_771606	7	149210547	149343417	59	-0.1235
DUNGS_p_TCGA_b84_115_SNP_N_GenomeWideSNP_6_F01_771606	7	149344529	152202006	1550	0.2269
DUNGS_p_TCGA_b84_115_SNP_N_GenomeWideSNP_6_F01_771606	7	152204868	152210920	3	-1.1668
DUNGS_p_TCGA_b84_115_SNP_N_GenomeWideSNP_6_F01_771606	7	152217456	158819765	4585	0.2074
DUNGS_p_TCGA_b84_115_SNP_N_GenomeWideSNP_6_F01_771606	8	21254	584973	329	-0.1598
DUNGS_p_TCGA_b84_115_SNP_N_GenomeWideSNP_6_F01_771606	8	585220	585875	6	1.4657
DUNGS_p_TCGA_b84_115_SNP_N_GenomeWideSNP_6_F01_771606	8	585892	585908	2	4.6104
DUNGS_p_TCGA_b84_115_SNP_N_GenomeWideSNP_6_F01_771606	8	591043	1354475	566	-0.121
DUNGS_p_TCGA_b84_115_SNP_N_GenomeWideSNP_6_F01_771606	8	1354769	1355009	3	-1.683
DUNGS_p_TCGA_b84_115_SNP_N_GenomeWideSNP_6_F01_771606	8	1355095	2068619	583	-0.1069
DUNGS_p_TCGA_b84_115_SNP_N_GenomeWideSNP_6_F01_771606	8	2068658	2069358	7	-0.5966
DUNGS_p_TCGA_b84_115_SNP_N_GenomeWideSNP_6_F01_771606	8	2069399	2069484	4	-2.1665
DUNGS_p_TCGA_b84_115_SNP_N_GenomeWideSNP_6_F01_771606	8	2069593	2235066	148	-0.0389
DUNGS_p_TCGA_b84_115_SNP_N_GenomeWideSNP_6_F01_771606	8	2235095	2246765	14	-1.0759
DUNGS_p_TCGA_b84_115_SNP_N_GenomeWideSNP_6_F01_771606	8	2257735	7174056	6176	-0.1046
DUNGS_p_TCGA_b84_115_SNP_N_GenomeWideSNP_6_F01_771606	8	7181231	7225429	25	-1.2527
DUNGS_p_TCGA_b84_115_SNP_N_GenomeWideSNP_6_F01_771606	8	7237790	8034441	200	-0.0858
DUNGS_p_TCGA_b84_115_SNP_N_GenomeWideSNP_6_F01_771606	8	8034591	8129435	19	-0.7851
DUNGS_p_TCGA_b84_115_SNP_N_GenomeWideSNP_6_F01_771606	8	8130592	8423601	288	-0.1309
DUNGS_p_TCGA_b84_115_SNP_N_GenomeWideSNP_6_F01_771606	8	8423767	8423852	2	-2.4352
DUNGS_p_TCGA_b84_115_SNP_N_GenomeWideSNP_6_F01_771606	8	8425717	12242625	2953	-0.1182
DUNGS_p_TCGA_b84_115_SNP_N_GenomeWideSNP_6_F01_771606	8	12260380	12278771	10	-1.7781
DUNGS_p_TCGA_b84_115_SNP_N_GenomeWideSNP_6_F01_771606	8	12284206	12349027	47	-0.6573
DUNGS_p_TCGA_b84_115_SNP_N_GenomeWideSNP_6_F01_771606	8	12355055	18489190	5557	-0.0841
DUNGS_p_TCGA_b84_115_SNP_N_GenomeWideSNP_6_F01_771606	8	18489370	18490492	3	-1.8491
DUNGS_p_TCGA_b84_115_SNP_N_GenomeWideSNP_6_F01_771606	8	18490662	23458253	3777	-0.103
DUNGS_p_TCGA_b84_115_SNP_N_GenomeWideSNP_6_F01_771606	8	23463685	23463756	4	-1.2922
DUNGS_p_TCGA_b84_115_SNP_N_GenomeWideSNP_6_F01_771606	8	23463816	25031487	1148	-0.092
DUNGS_p_TCGA_b84_115_SNP_N_GenomeWideSNP_6_F01_771606	8	25032119	25040167	20	-0.9945
DUNGS_p_TCGA_b84_115_SNP_N_GenomeWideSNP_6_F01_771606	8	25040250	26830658	1402	-0.1069
DUNGS_p_TCGA_b84_115_SNP_N_GenomeWideSNP_6_F01_771606	8	26831283	26831296	2	-1.7602
DUNGS_p_TCGA_b84_115_SNP_N_GenomeWideSNP_6_F01_771606	8	26833242	32798408	4053	-0.101
DUNGS_p_TCGA_b84_115_SNP_N_GenomeWideSNP_6_F01_771606	8	32802640	32807955	8	2.0572
DUNGS_p_TCGA_b84_115_SNP_N_GenomeWideSNP_6_F01_771606	8	32811648	39406789	3603	-0.0979
DUNGS_p_TCGA_b84_115_SNP_N_GenomeWideSNP_6_F01_771606	8	39407171	39508186	44	-0.5651
DUNGS_p_TCGA_b84_115_SNP_N_GenomeWideSNP_6_F01_771606	8	39508281	72377865	17923	-0.0941
DUNGS_p_TCGA_b84_115_SNP_N_GenomeWideSNP_6_F01_771606	8	72377918	72378580	3	-1.3301
DUNGS_p_TCGA_b84_115_SNP_N_GenomeWideSNP_6_F01_771606	8	72378692	79337054	4455	-0.0933
DUNGS_p_TCGA_b84_115_SNP_N_GenomeWideSNP_6_F01_771606	8	79341169	79351169	6	-1.2825
DUNGS_p_TCGA_b84_115_SNP_N_GenomeWideSNP_6_F01_771606	8	79351457	83755475	2562	-0.0821
DUNGS_p_TCGA_b84_115_SNP_N_GenomeWideSNP_6_F01_771606	8	83756533	83789042	35	-0.5985
DUNGS_p_TCGA_b84_115_SNP_N_GenomeWideSNP_6_F01_771606	8	83792796	112363642	17099	-0.0921
DUNGS_p_TCGA_b84_115_SNP_N_GenomeWideSNP_6_F01_771606	8	112363822	112364214	3	1.2603
DUNGS_p_TCGA_b84_115_SNP_N_GenomeWideSNP_6_F01_771606	8	112364257	146268959	22961	-0.0919
DUNGS_p_TCGA_b84_115_SNP_N_GenomeWideSNP_6_F01_771606	9	36587	579252	477	-0.0905
DUNGS_p_TCGA_b84_115_SNP_N_GenomeWideSNP_6_F01_771606	9	581967	598659	46	-0.8829
DUNGS_p_TCGA_b84_115_SNP_N_GenomeWideSNP_6_F01_771606	9	598683	6389588	5642	-0.0956
DUNGS_p_TCGA_b84_115_SNP_N_GenomeWideSNP_6_F01_771606	9	6391077	6391182	2	-2.5775
DUNGS_p_TCGA_b84_115_SNP_N_GenomeWideSNP_6_F01_771606	9	6391361	6759995	267	-0.1368
DUNGS_p_TCGA_b84_115_SNP_N_GenomeWideSNP_6_F01_771606	9	6760374	6760744	4	-1.6619
DUNGS_p_TCGA_b84_115_SNP_N_GenomeWideSNP_6_F01_771606	9	6761267	6926215	133	-0.107
DUNGS_p_TCGA_b84_115_SNP_N_GenomeWideSNP_6_F01_771606	9	6928013	6929798	3	-2.0284
DUNGS_p_TCGA_b84_115_SNP_N_GenomeWideSNP_6_F01_771606	9	6930375	41832529	24805	-0.0874
DUNGS_p_TCGA_b84_115_SNP_N_GenomeWideSNP_6_F01_771606	9	41836811	42014172	11	-1.3893
DUNGS_p_TCGA_b84_115_SNP_N_GenomeWideSNP_6_F01_771606	9	42055266	44213237	103	-0.3987
DUNGS_p_TCGA_b84_115_SNP_N_GenomeWideSNP_6_F01_771606	9	44325975	44936428	59	0.2292
DUNGS_p_TCGA_b84_115_SNP_N_GenomeWideSNP_6_F01_771606	9	44994936	71222223	1238	-0.1669
DUNGS_p_TCGA_b84_115_SNP_N_GenomeWideSNP_6_F01_771606	9	71222312	71225667	4	1.1671
DUNGS_p_TCGA_b84_115_SNP_N_GenomeWideSNP_6_F01_771606	9	71225775	82172215	7903	-0.0902
DUNGS_p_TCGA_b84_115_SNP_N_GenomeWideSNP_6_F01_771606	9	82172246	82174311	5	-1.0151
DUNGS_p_TCGA_b84_115_SNP_N_GenomeWideSNP_6_F01_771606	9	82175546	85703091	2454	-0.1043
DUNGS_p_TCGA_b84_115_SNP_N_GenomeWideSNP_6_F01_771606	9	85704275	85707360	6	0.8455
DUNGS_p_TCGA_b84_115_SNP_N_GenomeWideSNP_6_F01_771606	9	85708098	110354562	17333	-0.0943
DUNGS_p_TCGA_b84_115_SNP_N_GenomeWideSNP_6_F01_771606	9	110354854	110381965	28	-0.8483
DUNGS_p_TCGA_b84_115_SNP_N_GenomeWideSNP_6_F01_771606	9	110382975	114763299	3366	-0.0888
DUNGS_p_TCGA_b84_115_SNP_N_GenomeWideSNP_6_F01_771606	9	114764292	114764311	2	-1.5807
DUNGS_p_TCGA_b84_115_SNP_N_GenomeWideSNP_6_F01_771606	9	114764370	135172331	13794	-0.099
DUNGS_p_TCGA_b84_115_SNP_N_GenomeWideSNP_6_F01_771606	9	135172346	135172606	5	1.1129
DUNGS_p_TCGA_b84_115_SNP_N_GenomeWideSNP_6_F01_771606	9	135172927	137351189	1181	-0.1095
DUNGS_p_TCGA_b84_115_SNP_N_GenomeWideSNP_6_F01_771606	9	137353926	137359537	12	-0.8818
DUNGS_p_TCGA_b84_115_SNP_N_GenomeWideSNP_6_F01_771606	9	137359564	139372609	689	-0.0989
DUNGS_p_TCGA_b84_115_SNP_N_GenomeWideSNP_6_F01_771606	9	139372768	139392824	5	1.1753
DUNGS_p_TCGA_b84_115_SNP_N_GenomeWideSNP_6_F01_771606	9	139392856	140034411	276	-0.1024
DUNGS_p_TCGA_b84_115_SNP_N_GenomeWideSNP_6_F01_771606	9	140038764	140040536	3	1.0151
DUNGS_p_TCGA_b84_115_SNP_N_GenomeWideSNP_6_F01_771606	9	140040905	140211215	133	-0.1537
DUNGS_p_TCGA_b84_115_SNP_N_GenomeWideSNP_6_F01_771606	10	62759	1197392	664	-0.0803
DUNGS_p_TCGA_b84_115_SNP_N_GenomeWideSNP_6_F01_771606	10	1198101	1198271	3	-1.428
DUNGS_p_TCGA_b84_115_SNP_N_GenomeWideSNP_6_F01_771606	10	1198304	1543341	273	-0.1209
DUNGS_p_TCGA_b84_115_SNP_N_GenomeWideSNP_6_F01_771606	10	1544410	1548145	3	-1.3709
DUNGS_p_TCGA_b84_115_SNP_N_GenomeWideSNP_6_F01_771606	10	1550068	4427173	2845	-0.0915
DUNGS_p_TCGA_b84_115_SNP_N_GenomeWideSNP_6_F01_771606	10	4429129	4429686	6	-0.9927
DUNGS_p_TCGA_b84_115_SNP_N_GenomeWideSNP_6_F01_771606	10	4433829	11194327	5747	-0.089
DUNGS_p_TCGA_b84_115_SNP_N_GenomeWideSNP_6_F01_771606	10	11196121	11196544	4	-1.1233
DUNGS_p_TCGA_b84_115_SNP_N_GenomeWideSNP_6_F01_771606	10	11197179	12203863	688	-0.0922
DUNGS_p_TCGA_b84_115_SNP_N_GenomeWideSNP_6_F01_771606	10	12206003	12209518	2	1.0412
DUNGS_p_TCGA_b84_115_SNP_N_GenomeWideSNP_6_F01_771606	10	12217003	12333190	63	-0.0872
DUNGS_p_TCGA_b84_115_SNP_N_GenomeWideSNP_6_F01_771606	10	12336456	12337437	6	-1.4572
DUNGS_p_TCGA_b84_115_SNP_N_GenomeWideSNP_6_F01_771606	10	12337571	16005997	3153	-0.092
DUNGS_p_TCGA_b84_115_SNP_N_GenomeWideSNP_6_F01_771606	10	16006541	16007230	2	-1.2465
DUNGS_p_TCGA_b84_115_SNP_N_GenomeWideSNP_6_F01_771606	10	16009403	16507248	358	-0.0885
DUNGS_p_TCGA_b84_115_SNP_N_GenomeWideSNP_6_F01_771606	10	16510899	16510939	2	-3.9287
DUNGS_p_TCGA_b84_115_SNP_N_GenomeWideSNP_6_F01_771606	10	16516277	24417688	5452	-0.0958
DUNGS_p_TCGA_b84_115_SNP_N_GenomeWideSNP_6_F01_771606	10	24417924	24418060	4	-1.5157
DUNGS_p_TCGA_b84_115_SNP_N_GenomeWideSNP_6_F01_771606	10	24418914	25635379	814	-0.1124
DUNGS_p_TCGA_b84_115_SNP_N_GenomeWideSNP_6_F01_771606	10	25637314	25640214	2	-1.7928
DUNGS_p_TCGA_b84_115_SNP_N_GenomeWideSNP_6_F01_771606	10	25641039	27263909	1178	-0.0857
DUNGS_p_TCGA_b84_115_SNP_N_GenomeWideSNP_6_F01_771606	10	27265910	27268479	13	-1.2621
DUNGS_p_TCGA_b84_115_SNP_N_GenomeWideSNP_6_F01_771606	10	27269999	47241036	10700	-0.0951
DUNGS_p_TCGA_b84_115_SNP_N_GenomeWideSNP_6_F01_771606	10	47417400	47484198	6	-1.4041
DUNGS_p_TCGA_b84_115_SNP_N_GenomeWideSNP_6_F01_771606	10	47484724	48522382	293	-0.1065
DUNGS_p_TCGA_b84_115_SNP_N_GenomeWideSNP_6_F01_771606	10	48548797	48554762	2	-2.7392
DUNGS_p_TCGA_b84_115_SNP_N_GenomeWideSNP_6_F01_771606	10	48567024	51487650	1466	-0.095
DUNGS_p_TCGA_b84_115_SNP_N_GenomeWideSNP_6_F01_771606	10	51488491	51580604	10	0.5375
DUNGS_p_TCGA_b84_115_SNP_N_GenomeWideSNP_6_F01_771606	10	51607985	87258889	24533	-0.0873
DUNGS_p_TCGA_b84_115_SNP_N_GenomeWideSNP_6_F01_771606	10	87260652	87274336	3	-1.4156
DUNGS_p_TCGA_b84_115_SNP_N_GenomeWideSNP_6_F01_771606	10	87274610	111378931	15493	-0.0936
DUNGS_p_TCGA_b84_115_SNP_N_GenomeWideSNP_6_F01_771606	10	111379052	111382239	3	-1.3567
DUNGS_p_TCGA_b84_115_SNP_N_GenomeWideSNP_6_F01_771606	10	111382937	122753665	8023	-0.0988
DUNGS_p_TCGA_b84_115_SNP_N_GenomeWideSNP_6_F01_771606	10	122760653	122767488	20	-1.5023
DUNGS_p_TCGA_b84_115_SNP_N_GenomeWideSNP_6_F01_771606	10	122779532	132491314	7638	-0.1077
DUNGS_p_TCGA_b84_115_SNP_N_GenomeWideSNP_6_F01_771606	10	132492233	132498390	12	-0.7941
DUNGS_p_TCGA_b84_115_SNP_N_GenomeWideSNP_6_F01_771606	10	132498683	135356694	1695	-0.1124
DUNGS_p_TCGA_b84_115_SNP_N_GenomeWideSNP_6_F01_771606	11	188510	4191324	1789	-0.0885
DUNGS_p_TCGA_b84_115_SNP_N_GenomeWideSNP_6_F01_771606	11	4192351	4218568	9	-0.8295
DUNGS_p_TCGA_b84_115_SNP_N_GenomeWideSNP_6_F01_771606	11	4219149	4924226	682	-0.1015
DUNGS_p_TCGA_b84_115_SNP_N_GenomeWideSNP_6_F01_771606	11	4924693	4932848	31	-1.4078
DUNGS_p_TCGA_b84_115_SNP_N_GenomeWideSNP_6_F01_771606	11	4932910	8931232	3151	-0.0938
DUNGS_p_TCGA_b84_115_SNP_N_GenomeWideSNP_6_F01_771606	11	8931349	18894043	7106	0.591
DUNGS_p_TCGA_b84_115_SNP_N_GenomeWideSNP_6_F01_771606	11	18894208	18918314	59	0.9674
DUNGS_p_TCGA_b84_115_SNP_N_GenomeWideSNP_6_F01_771606	11	18918394	20800467	1684	0.5865
DUNGS_p_TCGA_b84_115_SNP_N_GenomeWideSNP_6_F01_771606	11	20801428	20806334	3	-0.6194
DUNGS_p_TCGA_b84_115_SNP_N_GenomeWideSNP_6_F01_771606	11	20806806	28555226	5646	0.6394
DUNGS_p_TCGA_b84_115_SNP_N_GenomeWideSNP_6_F01_771606	11	28555354	30268666	1081	0.2029
DUNGS_p_TCGA_b84_115_SNP_N_GenomeWideSNP_6_F01_771606	11	30269049	32315555	1338	-0.1077
DUNGS_p_TCGA_b84_115_SNP_N_GenomeWideSNP_6_F01_771606	11	32321913	32345277	28	0.8291
DUNGS_p_TCGA_b84_115_SNP_N_GenomeWideSNP_6_F01_771606	11	32348971	43038864	7666	-0.0819
DUNGS_p_TCGA_b84_115_SNP_N_GenomeWideSNP_6_F01_771606	11	43041329	43066630	20	0.8577
DUNGS_p_TCGA_b84_115_SNP_N_GenomeWideSNP_6_F01_771606	11	43067045	43092549	11	-0.159
DUNGS_p_TCGA_b84_115_SNP_N_GenomeWideSNP_6_F01_771606	11	43093918	43996564	614	0.4385
DUNGS_p_TCGA_b84_115_SNP_N_GenomeWideSNP_6_F01_771606	11	43998208	44586659	428	-0.0913
DUNGS_p_TCGA_b84_115_SNP_N_GenomeWideSNP_6_F01_771606	11	44588790	44887211	278	0.2138
DUNGS_p_TCGA_b84_115_SNP_N_GenomeWideSNP_6_F01_771606	11	44887617	45507451	474	-0.1175
DUNGS_p_TCGA_b84_115_SNP_N_GenomeWideSNP_6_F01_771606	11	45511192	46590611	522	0.2455
DUNGS_p_TCGA_b84_115_SNP_N_GenomeWideSNP_6_F01_771606	11	46592862	48701641	914	0.5732
DUNGS_p_TCGA_b84_115_SNP_N_GenomeWideSNP_6_F01_771606	11	48717759	48717860	2	-0.8839
DUNGS_p_TCGA_b84_115_SNP_N_GenomeWideSNP_6_F01_771606	11	48717868	49820373	486	0.5994
DUNGS_p_TCGA_b84_115_SNP_N_GenomeWideSNP_6_F01_771606	11	49820388	51049446	301	-0.1356
DUNGS_p_TCGA_b84_115_SNP_N_GenomeWideSNP_6_F01_771606	11	51051627	67311424	6706	0.2115
DUNGS_p_TCGA_b84_115_SNP_N_GenomeWideSNP_6_F01_771606	11	67314125	67493069	50	-0.158
DUNGS_p_TCGA_b84_115_SNP_N_GenomeWideSNP_6_F01_771606	11	67503736	79645152	6990	0.2072
DUNGS_p_TCGA_b84_115_SNP_N_GenomeWideSNP_6_F01_771606	11	79645161	79645212	3	-1.1531
DUNGS_p_TCGA_b84_115_SNP_N_GenomeWideSNP_6_F01_771606	11	79645334	134449982	39167	0.2126
DUNGS_p_TCGA_b84_115_SNP_N_GenomeWideSNP_6_F01_771606	12	20703	739539	422	-0.0989
DUNGS_p_TCGA_b84_115_SNP_N_GenomeWideSNP_6_F01_771606	12	739577	744290	14	-0.7529
DUNGS_p_TCGA_b84_115_SNP_N_GenomeWideSNP_6_F01_771606	12	745615	8373127	5159	-0.093
DUNGS_p_TCGA_b84_115_SNP_N_GenomeWideSNP_6_F01_771606	12	8379556	8384896	4	-1.1623
DUNGS_p_TCGA_b84_115_SNP_N_GenomeWideSNP_6_F01_771606	12	8386223	9521823	612	-0.1109
DUNGS_p_TCGA_b84_115_SNP_N_GenomeWideSNP_6_F01_771606	12	9525137	9619559	24	0.8434
DUNGS_p_TCGA_b84_115_SNP_N_GenomeWideSNP_6_F01_771606	12	9626236	11113635	1048	-0.0692
DUNGS_p_TCGA_b84_115_SNP_N_GenomeWideSNP_6_F01_771606	12	11113977	11132799	9	0.7761
DUNGS_p_TCGA_b84_115_SNP_N_GenomeWideSNP_6_F01_771606	12	11143141	16310672	3704	-0.0804
DUNGS_p_TCGA_b84_115_SNP_N_GenomeWideSNP_6_F01_771606	12	16312254	16312592	2	-1.8827
DUNGS_p_TCGA_b84_115_SNP_N_GenomeWideSNP_6_F01_771606	12	16319824	21035569	3000	-0.0871
DUNGS_p_TCGA_b84_115_SNP_N_GenomeWideSNP_6_F01_771606	12	21035698	21035773	3	-1.2249
DUNGS_p_TCGA_b84_115_SNP_N_GenomeWideSNP_6_F01_771606	12	21035809	22140069	760	-0.0734
DUNGS_p_TCGA_b84_115_SNP_N_GenomeWideSNP_6_F01_771606	12	22140085	22140481	8	-0.9344
DUNGS_p_TCGA_b84_115_SNP_N_GenomeWideSNP_6_F01_771606	12	22140494	33193705	8139	-0.0794
DUNGS_p_TCGA_b84_115_SNP_N_GenomeWideSNP_6_F01_771606	12	33193929	33198345	16	-0.769
DUNGS_p_TCGA_b84_115_SNP_N_GenomeWideSNP_6_F01_771606	12	33198641	33278024	47	0.0551
DUNGS_p_TCGA_b84_115_SNP_N_GenomeWideSNP_6_F01_771606	12	33280096	33286409	4	-2.9015
DUNGS_p_TCGA_b84_115_SNP_N_GenomeWideSNP_6_F01_771606	12	33286685	36339406	800	-0.0912
DUNGS_p_TCGA_b84_115_SNP_N_GenomeWideSNP_6_F01_771606	12	36339504	36447719	39	-0.6844
DUNGS_p_TCGA_b84_115_SNP_N_GenomeWideSNP_6_F01_771606	12	36448747	42987408	4042	-0.0861
DUNGS_p_TCGA_b84_115_SNP_N_GenomeWideSNP_6_F01_771606	12	42987551	42987886	2	-1.8296
DUNGS_p_TCGA_b84_115_SNP_N_GenomeWideSNP_6_F01_771606	12	42992294	57007498	7924	-0.0763
DUNGS_p_TCGA_b84_115_SNP_N_GenomeWideSNP_6_F01_771606	12	57016418	57016429	2	-1.6487
DUNGS_p_TCGA_b84_115_SNP_N_GenomeWideSNP_6_F01_771606	12	57017115	62398390	3501	-0.0833
DUNGS_p_TCGA_b84_115_SNP_N_GenomeWideSNP_6_F01_771606	12	62403535	62404116	2	-1.6715
DUNGS_p_TCGA_b84_115_SNP_N_GenomeWideSNP_6_F01_771606	12	62405176	68723942	4230	-0.0825
DUNGS_p_TCGA_b84_115_SNP_N_GenomeWideSNP_6_F01_771606	12	68726913	68861744	91	-1.0571
DUNGS_p_TCGA_b84_115_SNP_N_GenomeWideSNP_6_F01_771606	12	68866234	71528383	1694	-0.0853
DUNGS_p_TCGA_b84_115_SNP_N_GenomeWideSNP_6_F01_771606	12	71531671	71531672	2	1.4395
DUNGS_p_TCGA_b84_115_SNP_N_GenomeWideSNP_6_F01_771606	12	71539459	86050753	8834	-0.0786
DUNGS_p_TCGA_b84_115_SNP_N_GenomeWideSNP_6_F01_771606	12	86055044	86057392	3	-1.5659
DUNGS_p_TCGA_b84_115_SNP_N_GenomeWideSNP_6_F01_771606	12	86062523	98315945	8199	-0.0785
DUNGS_p_TCGA_b84_115_SNP_N_GenomeWideSNP_6_F01_771606	12	98319424	98322851	30	-0.8053
DUNGS_p_TCGA_b84_115_SNP_N_GenomeWideSNP_6_F01_771606	12	98322865	132288262	22791	-0.0992
DUNGS_p_TCGA_b84_115_SNP_N_GenomeWideSNP_6_F01_771606	13	17924949	24467345	4421	-0.0952
DUNGS_p_TCGA_b84_115_SNP_N_GenomeWideSNP_6_F01_771606	13	24470918	24477924	7	-1.0351
DUNGS_p_TCGA_b84_115_SNP_N_GenomeWideSNP_6_F01_771606	13	24478632	31436094	5243	-0.0964
DUNGS_p_TCGA_b84_115_SNP_N_GenomeWideSNP_6_F01_771606	13	31436408	31436423	2	-1.5138
DUNGS_p_TCGA_b84_115_SNP_N_GenomeWideSNP_6_F01_771606	13	31438047	36982757	3924	-0.0941
DUNGS_p_TCGA_b84_115_SNP_N_GenomeWideSNP_6_F01_771606	13	36986330	36986387	3	1.024
DUNGS_p_TCGA_b84_115_SNP_N_GenomeWideSNP_6_F01_771606	13	36986609	37950811	698	-0.0842
DUNGS_p_TCGA_b84_115_SNP_N_GenomeWideSNP_6_F01_771606	13	37955572	37956056	2	1.6414
DUNGS_p_TCGA_b84_115_SNP_N_GenomeWideSNP_6_F01_771606	13	37963057	114126499	50081	-0.084
DUNGS_p_TCGA_b84_115_SNP_N_GenomeWideSNP_6_F01_771606	14	18072124	18690051	46	-0.1862
DUNGS_p_TCGA_b84_115_SNP_N_GenomeWideSNP_6_F01_771606	14	18730853	18763249	4	-1.9976
DUNGS_p_TCGA_b84_115_SNP_N_GenomeWideSNP_6_F01_771606	14	18767885	19620380	233	-0.2857
DUNGS_p_TCGA_b84_115_SNP_N_GenomeWideSNP_6_F01_771606	14	19623124	19625036	2	1.6746
DUNGS_p_TCGA_b84_115_SNP_N_GenomeWideSNP_6_F01_771606	14	19627107	20426096	623	-0.1149
DUNGS_p_TCGA_b84_115_SNP_N_GenomeWideSNP_6_F01_771606	14	20426987	20490928	25	-0.8499
DUNGS_p_TCGA_b84_115_SNP_N_GenomeWideSNP_6_F01_771606	14	20494558	40667454	12907	-0.088
DUNGS_p_TCGA_b84_115_SNP_N_GenomeWideSNP_6_F01_771606	14	40670723	40707109	20	-0.8159
DUNGS_p_TCGA_b84_115_SNP_N_GenomeWideSNP_6_F01_771606	14	40707179	42057255	855	-0.085
DUNGS_p_TCGA_b84_115_SNP_N_GenomeWideSNP_6_F01_771606	14	42057616	42062184	3	-1.589
DUNGS_p_TCGA_b84_115_SNP_N_GenomeWideSNP_6_F01_771606	14	42065261	73076460	19655	-0.0857
DUNGS_p_TCGA_b84_115_SNP_N_GenomeWideSNP_6_F01_771606	14	73076604	73099668	9	0.8012
DUNGS_p_TCGA_b84_115_SNP_N_GenomeWideSNP_6_F01_771606	14	73100484	73639861	276	-0.085
DUNGS_p_TCGA_b84_115_SNP_N_GenomeWideSNP_6_F01_771606	14	73640655	73641158	6	0.7688
DUNGS_p_TCGA_b84_115_SNP_N_GenomeWideSNP_6_F01_771606	14	73642440	75417994	1058	-0.0848
DUNGS_p_TCGA_b84_115_SNP_N_GenomeWideSNP_6_F01_771606	14	75418234	75418435	4	-1.3953
DUNGS_p_TCGA_b84_115_SNP_N_GenomeWideSNP_6_F01_771606	14	75420876	75661337	183	-0.0702
DUNGS_p_TCGA_b84_115_SNP_N_GenomeWideSNP_6_F01_771606	14	75663443	75664045	2	-2.1909
DUNGS_p_TCGA_b84_115_SNP_N_GenomeWideSNP_6_F01_771606	14	75664352	77098131	969	-0.0966
DUNGS_p_TCGA_b84_115_SNP_N_GenomeWideSNP_6_F01_771606	14	77098155	77105145	5	-1.1122
DUNGS_p_TCGA_b84_115_SNP_N_GenomeWideSNP_6_F01_771606	14	77105372	94718410	11857	-0.0949
DUNGS_p_TCGA_b84_115_SNP_N_GenomeWideSNP_6_F01_771606	14	94718536	94720802	2	-1.8687
DUNGS_p_TCGA_b84_115_SNP_N_GenomeWideSNP_6_F01_771606	14	94721878	97199824	1834	-0.1082
DUNGS_p_TCGA_b84_115_SNP_N_GenomeWideSNP_6_F01_771606	14	97199838	97210433	26	-1.058
DUNGS_p_TCGA_b84_115_SNP_N_GenomeWideSNP_6_F01_771606	14	97216554	99489186	1913	-0.0944
DUNGS_p_TCGA_b84_115_SNP_N_GenomeWideSNP_6_F01_771606	14	99490749	99498969	3	-1.4517
DUNGS_p_TCGA_b84_115_SNP_N_GenomeWideSNP_6_F01_771606	14	99501209	102724692	1665	-0.0961
DUNGS_p_TCGA_b84_115_SNP_N_GenomeWideSNP_6_F01_771606	14	102729288	102731471	3	-2.0054
DUNGS_p_TCGA_b84_115_SNP_N_GenomeWideSNP_6_F01_771606	14	102734871	105848388	1144	-0.118
DUNGS_p_TCGA_b84_115_SNP_N_GenomeWideSNP_6_F01_771606	14	105854089	105889602	10	-1.0371
DUNGS_p_TCGA_b84_115_SNP_N_GenomeWideSNP_6_F01_771606	14	105891789	105950876	32	-0.1034
DUNGS_p_TCGA_b84_115_SNP_N_GenomeWideSNP_6_F01_771606	14	105952397	105989694	51	-0.7743
DUNGS_p_TCGA_b84_115_SNP_N_GenomeWideSNP_6_F01_771606	14	105993576	106356482	223	-0.0324
DUNGS_p_TCGA_b84_115_SNP_N_GenomeWideSNP_6_F01_771606	15	18276341	18466953	48	0.0782
DUNGS_p_TCGA_b84_115_SNP_N_GenomeWideSNP_6_F01_771606	15	18476969	18838318	48	-0.4172
DUNGS_p_TCGA_b84_115_SNP_N_GenomeWideSNP_6_F01_771606	15	18838380	18846971	21	-0.9742
DUNGS_p_TCGA_b84_115_SNP_N_GenomeWideSNP_6_F01_771606	15	18850041	19398683	150	-0.3006
DUNGS_p_TCGA_b84_115_SNP_N_GenomeWideSNP_6_F01_771606	15	19399146	19465359	22	0.1508
DUNGS_p_TCGA_b84_115_SNP_N_GenomeWideSNP_6_F01_771606	15	19466192	19764921	18	-0.6701
DUNGS_p_TCGA_b84_115_SNP_N_GenomeWideSNP_6_F01_771606	15	19781841	19788634	4	-2.0456
DUNGS_p_TCGA_b84_115_SNP_N_GenomeWideSNP_6_F01_771606	15	19792388	19884565	30	-0.2636
DUNGS_p_TCGA_b84_115_SNP_N_GenomeWideSNP_6_F01_771606	15	19886365	28307034	4793	0.1955
DUNGS_p_TCGA_b84_115_SNP_N_GenomeWideSNP_6_F01_771606	15	28310380	28821677	116	-0.0998
DUNGS_p_TCGA_b84_115_SNP_N_GenomeWideSNP_6_F01_771606	15	28823483	29808162	663	0.2199
DUNGS_p_TCGA_b84_115_SNP_N_GenomeWideSNP_6_F01_771606	15	29808902	30298530	366	0.6318
DUNGS_p_TCGA_b84_115_SNP_N_GenomeWideSNP_6_F01_771606	15	30298847	32481928	1539	0.2085
DUNGS_p_TCGA_b84_115_SNP_N_GenomeWideSNP_6_F01_771606	15	32482614	32643110	77	-0.6492
DUNGS_p_TCGA_b84_115_SNP_N_GenomeWideSNP_6_F01_771606	15	32645302	36008133	2380	0.2168
DUNGS_p_TCGA_b84_115_SNP_N_GenomeWideSNP_6_F01_771606	15	36008981	36010936	4	-4.8475
DUNGS_p_TCGA_b84_115_SNP_N_GenomeWideSNP_6_F01_771606	15	36011131	54574485	11307	0.2078
DUNGS_p_TCGA_b84_115_SNP_N_GenomeWideSNP_6_F01_771606	15	54574968	54588915	33	-0.21
DUNGS_p_TCGA_b84_115_SNP_N_GenomeWideSNP_6_F01_771606	15	54588993	73232833	12148	0.209
DUNGS_p_TCGA_b84_115_SNP_N_GenomeWideSNP_6_F01_771606	15	73233436	73837924	182	-0.1278
DUNGS_p_TCGA_b84_115_SNP_N_GenomeWideSNP_6_F01_771606	15	73848212	73851955	4	-2.2173
DUNGS_p_TCGA_b84_115_SNP_N_GenomeWideSNP_6_F01_771606	15	73853571	74665417	436	-0.0904
DUNGS_p_TCGA_b84_115_SNP_N_GenomeWideSNP_6_F01_771606	15	74678296	74689234	23	0.383
DUNGS_p_TCGA_b84_115_SNP_N_GenomeWideSNP_6_F01_771606	15	74689249	82331721	4435	-0.1119
DUNGS_p_TCGA_b84_115_SNP_N_GenomeWideSNP_6_F01_771606	15	82331742	82334554	6	-2.2017
DUNGS_p_TCGA_b84_115_SNP_N_GenomeWideSNP_6_F01_771606	15	82338281	95060803	9430	-0.1068
DUNGS_p_TCGA_b84_115_SNP_N_GenomeWideSNP_6_F01_771606	15	95060989	98791838	2707	0.2181
DUNGS_p_TCGA_b84_115_SNP_N_GenomeWideSNP_6_F01_771606	15	98791984	98792736	2	-1.191
DUNGS_p_TCGA_b84_115_SNP_N_GenomeWideSNP_6_F01_771606	15	98792806	100258445	1117	0.2223
DUNGS_p_TCGA_b84_115_SNP_N_GenomeWideSNP_6_F01_771606	15	100262764	100286563	3	-1.7847
DUNGS_p_TCGA_b84_115_SNP_N_GenomeWideSNP_6_F01_771606	16	777	29734039	19286	0.189
DUNGS_p_TCGA_b84_115_SNP_N_GenomeWideSNP_6_F01_771606	16	29736163	30227821	144	-0.0571
DUNGS_p_TCGA_b84_115_SNP_N_GenomeWideSNP_6_F01_771606	16	30239585	32000335	676	0.2097
DUNGS_p_TCGA_b84_115_SNP_N_GenomeWideSNP_6_F01_771606	16	32010045	32054387	9	-0.4992
DUNGS_p_TCGA_b84_115_SNP_N_GenomeWideSNP_6_F01_771606	16	32066353	32418325	50	0.178
DUNGS_p_TCGA_b84_115_SNP_N_GenomeWideSNP_6_F01_771606	16	32419268	32522392	26	0.5798
DUNGS_p_TCGA_b84_115_SNP_N_GenomeWideSNP_6_F01_771606	16	32522407	34080363	238	0.1494
DUNGS_p_TCGA_b84_115_SNP_N_GenomeWideSNP_6_F01_771606	16	34083818	34317102	137	0.4389
DUNGS_p_TCGA_b84_115_SNP_N_GenomeWideSNP_6_F01_771606	16	34317210	45054863	309	0.1238
DUNGS_p_TCGA_b84_115_SNP_N_GenomeWideSNP_6_F01_771606	16	45060707	49288597	2426	0.4343
DUNGS_p_TCGA_b84_115_SNP_N_GenomeWideSNP_6_F01_771606	16	49290875	51173503	1448	0.8427
DUNGS_p_TCGA_b84_115_SNP_N_GenomeWideSNP_6_F01_771606	16	51175593	54304408	2560	-0.1141
DUNGS_p_TCGA_b84_115_SNP_N_GenomeWideSNP_6_F01_771606	16	54304447	54401237	71	-0.5339
DUNGS_p_TCGA_b84_115_SNP_N_GenomeWideSNP_6_F01_771606	16	54401301	54410560	4	-1.5757
DUNGS_p_TCGA_b84_115_SNP_N_GenomeWideSNP_6_F01_771606	16	54413855	57252472	1710	-0.5045
DUNGS_p_TCGA_b84_115_SNP_N_GenomeWideSNP_6_F01_771606	16	57255663	61309855	2629	-0.0937
DUNGS_p_TCGA_b84_115_SNP_N_GenomeWideSNP_6_F01_771606	16	61320872	61581118	166	0.7741
DUNGS_p_TCGA_b84_115_SNP_N_GenomeWideSNP_6_F01_771606	16	61581641	62989723	982	0.3893
DUNGS_p_TCGA_b84_115_SNP_N_GenomeWideSNP_6_F01_771606	16	62991876	62999961	5	-0.501
DUNGS_p_TCGA_b84_115_SNP_N_GenomeWideSNP_6_F01_771606	16	63000730	66569368	2243	0.5714
DUNGS_p_TCGA_b84_115_SNP_N_GenomeWideSNP_6_F01_771606	16	66570797	68755897	1039	0.9902
DUNGS_p_TCGA_b84_115_SNP_N_GenomeWideSNP_6_F01_771606	16	68768945	68803840	6	0.009
DUNGS_p_TCGA_b84_115_SNP_N_GenomeWideSNP_6_F01_771606	16	68803908	69660615	435	0.9838
DUNGS_p_TCGA_b84_115_SNP_N_GenomeWideSNP_6_F01_771606	16	69660894	69888760	130	0.5922
DUNGS_p_TCGA_b84_115_SNP_N_GenomeWideSNP_6_F01_771606	16	69895660	72215434	1397	0.1929
DUNGS_p_TCGA_b84_115_SNP_N_GenomeWideSNP_6_F01_771606	16	72217067	73237491	674	0.7072
DUNGS_p_TCGA_b84_115_SNP_N_GenomeWideSNP_6_F01_771606	16	73244191	74547336	757	1.0334
DUNGS_p_TCGA_b84_115_SNP_N_GenomeWideSNP_6_F01_771606	16	74549670	75352965	719	-0.0857
DUNGS_p_TCGA_b84_115_SNP_N_GenomeWideSNP_6_F01_771606	16	75355973	75363929	4	-1.4039
DUNGS_p_TCGA_b84_115_SNP_N_GenomeWideSNP_6_F01_771606	16	75366053	75709835	308	-0.1069
DUNGS_p_TCGA_b84_115_SNP_N_GenomeWideSNP_6_F01_771606	16	75713179	76220702	581	0.9358
DUNGS_p_TCGA_b84_115_SNP_N_GenomeWideSNP_6_F01_771606	16	76221069	76221437	2	-0.4576
DUNGS_p_TCGA_b84_115_SNP_N_GenomeWideSNP_6_F01_771606	16	76221469	76260141	43	0.9389
DUNGS_p_TCGA_b84_115_SNP_N_GenomeWideSNP_6_F01_771606	16	76260209	76260321	3	0.1031
DUNGS_p_TCGA_b84_115_SNP_N_GenomeWideSNP_6_F01_771606	16	76260347	78871344	3046	0.809
DUNGS_p_TCGA_b84_115_SNP_N_GenomeWideSNP_6_F01_771606	16	78878518	79223889	397	-0.1162
DUNGS_p_TCGA_b84_115_SNP_N_GenomeWideSNP_6_F01_771606	16	79224280	79229930	2	-2.808
DUNGS_p_TCGA_b84_115_SNP_N_GenomeWideSNP_6_F01_771606	16	79230205	82447181	3493	-0.1181
DUNGS_p_TCGA_b84_115_SNP_N_GenomeWideSNP_6_F01_771606	16	82448961	82449270	3	-2.2176
DUNGS_p_TCGA_b84_115_SNP_N_GenomeWideSNP_6_F01_771606	16	82449419	83467163	900	-0.1218
DUNGS_p_TCGA_b84_115_SNP_N_GenomeWideSNP_6_F01_771606	16	83468123	83469832	3	-2.1418
DUNGS_p_TCGA_b84_115_SNP_N_GenomeWideSNP_6_F01_771606	16	83470310	83777244	243	-0.0797
DUNGS_p_TCGA_b84_115_SNP_N_GenomeWideSNP_6_F01_771606	16	83780072	83794832	10	0.3324
DUNGS_p_TCGA_b84_115_SNP_N_GenomeWideSNP_6_F01_771606	16	83795557	83821339	13	-0.1948
DUNGS_p_TCGA_b84_115_SNP_N_GenomeWideSNP_6_F01_771606	16	83821383	83886205	35	-0.5425
DUNGS_p_TCGA_b84_115_SNP_N_GenomeWideSNP_6_F01_771606	16	83888074	84694200	625	-0.0942
DUNGS_p_TCGA_b84_115_SNP_N_GenomeWideSNP_6_F01_771606	16	84694269	84694434	3	-3.0108
DUNGS_p_TCGA_b84_115_SNP_N_GenomeWideSNP_6_F01_771606	16	84694981	88630618	2521	-0.0953
DUNGS_p_TCGA_b84_115_SNP_N_GenomeWideSNP_6_F01_771606	16	88630747	88631160	2	1.3948
DUNGS_p_TCGA_b84_115_SNP_N_GenomeWideSNP_6_F01_771606	16	88631615	88815036	46	-0.2034
DUNGS_p_TCGA_b84_115_SNP_N_GenomeWideSNP_6_F01_771606	17	526	36676616	20994	-0.0944
DUNGS_p_TCGA_b84_115_SNP_N_GenomeWideSNP_6_F01_771606	17	36676629	36686250	20	-0.8519
DUNGS_p_TCGA_b84_115_SNP_N_GenomeWideSNP_6_F01_771606	17	36686366	38787791	1109	-0.0915
DUNGS_p_TCGA_b84_115_SNP_N_GenomeWideSNP_6_F01_771606	17	38794116	38795447	3	1.361
DUNGS_p_TCGA_b84_115_SNP_N_GenomeWideSNP_6_F01_771606	17	38799230	41547555	1420	-0.0994
DUNGS_p_TCGA_b84_115_SNP_N_GenomeWideSNP_6_F01_771606	17	41551142	41718140	104	-0.4802
DUNGS_p_TCGA_b84_115_SNP_N_GenomeWideSNP_6_F01_771606	17	41719947	42092938	44	0.2228
DUNGS_p_TCGA_b84_115_SNP_N_GenomeWideSNP_6_F01_771606	17	42096609	45292316	1630	-0.0945
DUNGS_p_TCGA_b84_115_SNP_N_GenomeWideSNP_6_F01_771606	17	45293472	45297374	4	-1.1385
DUNGS_p_TCGA_b84_115_SNP_N_GenomeWideSNP_6_F01_771606	17	45297407	46895192	868	-0.0761
DUNGS_p_TCGA_b84_115_SNP_N_GenomeWideSNP_6_F01_771606	17	46897176	46897218	2	-1.9475
DUNGS_p_TCGA_b84_115_SNP_N_GenomeWideSNP_6_F01_771606	17	46897717	78643088	19138	-0.0995
DUNGS_p_TCGA_b84_115_SNP_N_GenomeWideSNP_6_F01_771606	18	1543	12182231	8907	-0.1028
DUNGS_p_TCGA_b84_115_SNP_N_GenomeWideSNP_6_F01_771606	18	12182655	12188194	3	-1.9705
DUNGS_p_TCGA_b84_115_SNP_N_GenomeWideSNP_6_F01_771606	18	12191399	61980603	31603	-0.0976
DUNGS_p_TCGA_b84_115_SNP_N_GenomeWideSNP_6_F01_771606	18	61982362	61982406	2	-1.8801
DUNGS_p_TCGA_b84_115_SNP_N_GenomeWideSNP_6_F01_771606	18	61984771	68512615	4725	-0.0788
DUNGS_p_TCGA_b84_115_SNP_N_GenomeWideSNP_6_F01_771606	18	68515622	68516159	2	-2.1092
DUNGS_p_TCGA_b84_115_SNP_N_GenomeWideSNP_6_F01_771606	18	68516814	76116029	5627	-0.1091
DUNGS_p_TCGA_b84_115_SNP_N_GenomeWideSNP_6_F01_771606	19	41910	21606759	9688	-0.0784
DUNGS_p_TCGA_b84_115_SNP_N_GenomeWideSNP_6_F01_771606	19	21607480	21611709	2	-1.7852
DUNGS_p_TCGA_b84_115_SNP_N_GenomeWideSNP_6_F01_771606	19	21611951	22088391	281	-0.0808
DUNGS_p_TCGA_b84_115_SNP_N_GenomeWideSNP_6_F01_771606	19	22089624	22142540	36	-0.3751
DUNGS_p_TCGA_b84_115_SNP_N_GenomeWideSNP_6_F01_771606	19	22142551	22987041	471	-0.0939
DUNGS_p_TCGA_b84_115_SNP_N_GenomeWideSNP_6_F01_771606	19	22989943	22990316	2	-1.572
DUNGS_p_TCGA_b84_115_SNP_N_GenomeWideSNP_6_F01_771606	19	22991934	48389173	10305	-0.1052
DUNGS_p_TCGA_b84_115_SNP_N_GenomeWideSNP_6_F01_771606	19	48394873	48448077	22	-2.6045
DUNGS_p_TCGA_b84_115_SNP_N_GenomeWideSNP_6_F01_771606	19	48458499	48481754	18	-0.1313
DUNGS_p_TCGA_b84_115_SNP_N_GenomeWideSNP_6_F01_771606	19	48482591	48496602	3	-1.1653
DUNGS_p_TCGA_b84_115_SNP_N_GenomeWideSNP_6_F01_771606	19	48497168	49597745	731	-0.0803
DUNGS_p_TCGA_b84_115_SNP_N_GenomeWideSNP_6_F01_771606	19	49598364	49598387	2	-2.2539
DUNGS_p_TCGA_b84_115_SNP_N_GenomeWideSNP_6_F01_771606	19	49598459	55244706	2545	-0.0863
DUNGS_p_TCGA_b84_115_SNP_N_GenomeWideSNP_6_F01_771606	19	55250351	55250949	3	-1.7696
DUNGS_p_TCGA_b84_115_SNP_N_GenomeWideSNP_6_F01_771606	19	55255078	63789666	5268	-0.0821
DUNGS_p_TCGA_b84_115_SNP_N_GenomeWideSNP_6_F01_771606	20	9305	1515653	1211	0.1882
DUNGS_p_TCGA_b84_115_SNP_N_GenomeWideSNP_6_F01_771606	20	1515721	1545946	38	-0.2643
DUNGS_p_TCGA_b84_115_SNP_N_GenomeWideSNP_6_F01_771606	20	1546106	3976706	1683	0.1903
DUNGS_p_TCGA_b84_115_SNP_N_GenomeWideSNP_6_F01_771606	20	3977026	3977035	2	-1.2939
DUNGS_p_TCGA_b84_115_SNP_N_GenomeWideSNP_6_F01_771606	20	3977777	14715486	8238	0.1839
DUNGS_p_TCGA_b84_115_SNP_N_GenomeWideSNP_6_F01_771606	20	14715511	14778596	73	-0.448
DUNGS_p_TCGA_b84_115_SNP_N_GenomeWideSNP_6_F01_771606	20	14779625	23494941	7145	0.1731
DUNGS_p_TCGA_b84_115_SNP_N_GenomeWideSNP_6_F01_771606	20	23497331	23497911	3	-0.9189
DUNGS_p_TCGA_b84_115_SNP_N_GenomeWideSNP_6_F01_771606	20	23498313	26253579	1681	0.17
DUNGS_p_TCGA_b84_115_SNP_N_GenomeWideSNP_6_F01_771606	20	28034013	28141554	24	-0.4035
DUNGS_p_TCGA_b84_115_SNP_N_GenomeWideSNP_6_F01_771606	20	28143486	62426597	22433	0.1919
DUNGS_p_TCGA_b84_115_SNP_N_GenomeWideSNP_6_F01_771606	21	9758742	13389230	135	-0.272
DUNGS_p_TCGA_b84_115_SNP_N_GenomeWideSNP_6_F01_771606	21	13389650	13471836	13	-0.9695
DUNGS_p_TCGA_b84_115_SNP_N_GenomeWideSNP_6_F01_771606	21	13482581	19364525	3915	-0.0964
DUNGS_p_TCGA_b84_115_SNP_N_GenomeWideSNP_6_F01_771606	21	19370157	19370187	2	-1.7555
DUNGS_p_TCGA_b84_115_SNP_N_GenomeWideSNP_6_F01_771606	21	19370336	23342896	2972	-0.0694
DUNGS_p_TCGA_b84_115_SNP_N_GenomeWideSNP_6_F01_771606	21	23345177	23358581	33	-0.7554
DUNGS_p_TCGA_b84_115_SNP_N_GenomeWideSNP_6_F01_771606	21	23358891	46921385	17364	-0.0908
DUNGS_p_TCGA_b84_115_SNP_N_GenomeWideSNP_6_F01_771606	22	14432528	20804023	3304	-0.1258
DUNGS_p_TCGA_b84_115_SNP_N_GenomeWideSNP_6_F01_771606	22	20804492	20804613	4	-1.7538
DUNGS_p_TCGA_b84_115_SNP_N_GenomeWideSNP_6_F01_771606	22	20811498	21082462	341	-0.1417
DUNGS_p_TCGA_b84_115_SNP_N_GenomeWideSNP_6_F01_771606	22	21082680	21082880	4	-1.7929
DUNGS_p_TCGA_b84_115_SNP_N_GenomeWideSNP_6_F01_771606	22	21087321	21589859	266	-0.1296
DUNGS_p_TCGA_b84_115_SNP_N_GenomeWideSNP_6_F01_771606	22	21592730	21593274	6	-1.0982
DUNGS_p_TCGA_b84_115_SNP_N_GenomeWideSNP_6_F01_771606	22	21596118	22601745	667	-0.1331
DUNGS_p_TCGA_b84_115_SNP_N_GenomeWideSNP_6_F01_771606	22	22613016	22618434	6	0.8305
DUNGS_p_TCGA_b84_115_SNP_N_GenomeWideSNP_6_F01_771606	22	22618457	22674422	27	4e-04
DUNGS_p_TCGA_b84_115_SNP_N_GenomeWideSNP_6_F01_771606	22	22680529	22726814	19	-1.5614
DUNGS_p_TCGA_b84_115_SNP_N_GenomeWideSNP_6_F01_771606	22	22731529	34733205	9131	-0.1215
DUNGS_p_TCGA_b84_115_SNP_N_GenomeWideSNP_6_F01_771606	22	34733731	34733930	2	-2.1912
DUNGS_p_TCGA_b84_115_SNP_N_GenomeWideSNP_6_F01_771606	22	34736480	34774134	20	-0.118
DUNGS_p_TCGA_b84_115_SNP_N_GenomeWideSNP_6_F01_771606	22	34774265	34775538	4	-1.4266
DUNGS_p_TCGA_b84_115_SNP_N_GenomeWideSNP_6_F01_771606	22	34778293	47872695	8754	-0.1041
DUNGS_p_TCGA_b84_115_SNP_N_GenomeWideSNP_6_F01_771606	22	47873132	47878683	7	-1.6341
DUNGS_p_TCGA_b84_115_SNP_N_GenomeWideSNP_6_F01_771606	22	47878763	49319974	871	-0.1375
DUNGS_p_TCGA_b84_115_SNP_N_GenomeWideSNP_6_F01_771606	22	49319976	49319979	3	-2.1359
DUNGS_p_TCGA_b84_115_SNP_N_GenomeWideSNP_6_F01_771606	22	49319982	49581321	147	-0.1255
DUNGS_p_TCGA_b84_115_SNP_N_GenomeWideSNP_6_F01_771606	X	108477	47827875	29227	0.0205
DUNGS_p_TCGA_b84_115_SNP_N_GenomeWideSNP_6_F01_771606	X	47829965	47829972	2	-1.5015
DUNGS_p_TCGA_b84_115_SNP_N_GenomeWideSNP_6_F01_771606	X	47830432	55707456	3115	0.0056
DUNGS_p_TCGA_b84_115_SNP_N_GenomeWideSNP_6_F01_771606	X	55717658	55724281	5	0.8301
DUNGS_p_TCGA_b84_115_SNP_N_GenomeWideSNP_6_F01_771606	X	55724411	56488444	383	0.0444
DUNGS_p_TCGA_b84_115_SNP_N_GenomeWideSNP_6_F01_771606	X	56489641	56490534	2	-1.4317
DUNGS_p_TCGA_b84_115_SNP_N_GenomeWideSNP_6_F01_771606	X	56490635	90857162	15068	0.0243
DUNGS_p_TCGA_b84_115_SNP_N_GenomeWideSNP_6_F01_771606	X	90857274	90858396	6	-0.7748
DUNGS_p_TCGA_b84_115_SNP_N_GenomeWideSNP_6_F01_771606	X	90858427	91201363	118	0.0192
DUNGS_p_TCGA_b84_115_SNP_N_GenomeWideSNP_6_F01_771606	X	91208837	91209331	3	-1.3347
DUNGS_p_TCGA_b84_115_SNP_N_GenomeWideSNP_6_F01_771606	X	91211612	114194349	12516	0.0199
DUNGS_p_TCGA_b84_115_SNP_N_GenomeWideSNP_6_F01_771606	X	114194691	114194713	2	1.4888
DUNGS_p_TCGA_b84_115_SNP_N_GenomeWideSNP_6_F01_771606	X	114194816	115047709	419	-0.0072
DUNGS_p_TCGA_b84_115_SNP_N_GenomeWideSNP_6_F01_771606	X	115051983	115064666	7	-1.0805
DUNGS_p_TCGA_b84_115_SNP_N_GenomeWideSNP_6_F01_771606	X	115070447	154835548	23802	0.0158
DUNGS_p_TCGA_b84_115_SNP_N_GenomeWideSNP_6_F01_771606	Y	2710438	2972181	133	-2.7185
DUNGS_p_TCGA_b84_115_SNP_N_GenomeWideSNP_6_F01_771606	Y	2975500	6161425	706	-2.3369
DUNGS_p_TCGA_b84_115_SNP_N_GenomeWideSNP_6_F01_771606	Y	6167901	6341935	78	-3.8154
DUNGS_p_TCGA_b84_115_SNP_N_GenomeWideSNP_6_F01_771606	Y	6342097	7459842	469	-2.6503
DUNGS_p_TCGA_b84_115_SNP_N_GenomeWideSNP_6_F01_771606	Y	7460746	7478121	8	-4.2228
DUNGS_p_TCGA_b84_115_SNP_N_GenomeWideSNP_6_F01_771606	Y	7478484	7851430	238	-2.6839
DUNGS_p_TCGA_b84_115_SNP_N_GenomeWideSNP_6_F01_771606	Y	7851746	7899326	46	-3.4123
DUNGS_p_TCGA_b84_115_SNP_N_GenomeWideSNP_6_F01_771606	Y	7900699	9228140	730	-2.8753
DUNGS_p_TCGA_b84_115_SNP_N_GenomeWideSNP_6_F01_771606	Y	9230545	9231678	2	-6.6654
DUNGS_p_TCGA_b84_115_SNP_N_GenomeWideSNP_6_F01_771606	Y	9232214	9997994	19	-3.7621
DUNGS_p_TCGA_b84_115_SNP_N_GenomeWideSNP_6_F01_771606	Y	9998262	10136990	66	-2.7901
DUNGS_p_TCGA_b84_115_SNP_N_GenomeWideSNP_6_F01_771606	Y	10141709	10243865	40	-3.6907
DUNGS_p_TCGA_b84_115_SNP_N_GenomeWideSNP_6_F01_771606	Y	10258550	10295104	11	-2.3182
DUNGS_p_TCGA_b84_115_SNP_N_GenomeWideSNP_6_F01_771606	Y	10300734	10317782	11	-4.1174
DUNGS_p_TCGA_b84_115_SNP_N_GenomeWideSNP_6_F01_771606	Y	10317941	10356260	23	-2.7346
DUNGS_p_TCGA_b84_115_SNP_N_GenomeWideSNP_6_F01_771606	Y	10357458	10385211	10	-4.3902
DUNGS_p_TCGA_b84_115_SNP_N_GenomeWideSNP_6_F01_771606	Y	10394949	13311057	593	-2.6391
DUNGS_p_TCGA_b84_115_SNP_N_GenomeWideSNP_6_F01_771606	Y	13313471	13315400	3	-6.2593
DUNGS_p_TCGA_b84_115_SNP_N_GenomeWideSNP_6_F01_771606	Y	13319281	16802371	1801	-2.7153
DUNGS_p_TCGA_b84_115_SNP_N_GenomeWideSNP_6_F01_771606	Y	16803385	17043829	86	-3.4407
DUNGS_p_TCGA_b84_115_SNP_N_GenomeWideSNP_6_F01_771606	Y	17043997	17677531	347	-2.63
DUNGS_p_TCGA_b84_115_SNP_N_GenomeWideSNP_6_F01_771606	Y	17678064	17694743	7	-5.4585
DUNGS_p_TCGA_b84_115_SNP_N_GenomeWideSNP_6_F01_771606	Y	17695184	18014193	166	-2.7138
DUNGS_p_TCGA_b84_115_SNP_N_GenomeWideSNP_6_F01_771606	Y	18019303	19430134	676	-3.4148
DUNGS_p_TCGA_b84_115_SNP_N_GenomeWideSNP_6_F01_771606	Y	19430886	19431561	2	-8.0352
DUNGS_p_TCGA_b84_115_SNP_N_GenomeWideSNP_6_F01_771606	Y	19431797	19511837	35	-3.4202
DUNGS_p_TCGA_b84_115_SNP_N_GenomeWideSNP_6_F01_771606	Y	19513852	20023760	224	-2.7454
DUNGS_p_TCGA_b84_115_SNP_N_GenomeWideSNP_6_F01_771606	Y	20027017	20030131	5	-4.7931
DUNGS_p_TCGA_b84_115_SNP_N_GenomeWideSNP_6_F01_771606	Y	20030771	20369699	128	-2.8368
DUNGS_p_TCGA_b84_115_SNP_N_GenomeWideSNP_6_F01_771606	Y	20376701	20377220	2	-6.7712
DUNGS_p_TCGA_b84_115_SNP_N_GenomeWideSNP_6_F01_771606	Y	20377586	20461354	39	-2.7635
DUNGS_p_TCGA_b84_115_SNP_N_GenomeWideSNP_6_F01_771606	Y	20462512	20463158	2	-6.3859
DUNGS_p_TCGA_b84_115_SNP_N_GenomeWideSNP_6_F01_771606	Y	20474233	21323689	248	-2.7202
DUNGS_p_TCGA_b84_115_SNP_N_GenomeWideSNP_6_F01_771606	Y	21323766	21343925	12	-4.506
DUNGS_p_TCGA_b84_115_SNP_N_GenomeWideSNP_6_F01_771606	Y	21344565	21652803	129	-2.7501
DUNGS_p_TCGA_b84_115_SNP_N_GenomeWideSNP_6_F01_771606	Y	21657178	21660857	6	-4.4538
DUNGS_p_TCGA_b84_115_SNP_N_GenomeWideSNP_6_F01_771606	Y	21661198	22022048	177	-2.7209
DUNGS_p_TCGA_b84_115_SNP_N_GenomeWideSNP_6_F01_771606	Y	22035590	22042052	5	-4.489
DUNGS_p_TCGA_b84_115_SNP_N_GenomeWideSNP_6_F01_771606	Y	22042286	22063159	18	-2.5874
DUNGS_p_TCGA_b84_115_SNP_N_GenomeWideSNP_6_F01_771606	Y	22093119	22099738	2	-8.6464
DUNGS_p_TCGA_b84_115_SNP_N_GenomeWideSNP_6_F01_771606	Y	22125089	22925469	266	-2.9331
DUNGS_p_TCGA_b84_115_SNP_N_GenomeWideSNP_6_F01_771606	Y	22926090	24385517	223	-3.4956
DUNGS_p_TCGA_b84_115_SNP_N_GenomeWideSNP_6_F01_771606	Y	24387082	24468693	32	-4.3779
DUNGS_p_TCGA_b84_115_SNP_N_GenomeWideSNP_6_F01_771606	Y	24469941	24818154	108	-3.2285
DUNGS_p_TCGA_b84_115_SNP_N_GenomeWideSNP_6_F01_771606	Y	24819177	24821991	3	-6.0085
DUNGS_p_TCGA_b84_115_SNP_N_GenomeWideSNP_6_F01_771606	Y	24826480	25040317	44	-3.0007
DUNGS_p_TCGA_b84_115_SNP_N_GenomeWideSNP_6_F01_771606	Y	25040616	25337977	41	-4.4105
DUNGS_p_TCGA_b84_115_SNP_N_GenomeWideSNP_6_F01_771606	Y	25357159	26589710	312	-3.3151
DUNGS_p_TCGA_b84_115_SNP_N_GenomeWideSNP_6_F01_771606	Y	26590145	26731407	32	-4.2917
DUNGS_p_TCGA_b84_115_SNP_N_GenomeWideSNP_6_F01_771606	Y	26731471	26833326	43	-3.2606
DUNGS_p_TCGA_b84_115_SNP_N_GenomeWideSNP_6_F01_771606	Y	26847504	57427647	183	-2.5667
