Sample	Chromosome	Start	End	Num_Probes	Segment_Mean
DUNGS_p_TCGA_b84_115_SNP_N_GenomeWideSNP_6_D05_771612	1	61735	82315	10	0.1084
DUNGS_p_TCGA_b84_115_SNP_N_GenomeWideSNP_6_D05_771612	1	82650	229677	14	-0.4462
DUNGS_p_TCGA_b84_115_SNP_N_GenomeWideSNP_6_D05_771612	1	235670	625470	10	0.2133
DUNGS_p_TCGA_b84_115_SNP_N_GenomeWideSNP_6_D05_771612	1	707099	12892508	6530	-0.2848
DUNGS_p_TCGA_b84_115_SNP_N_GenomeWideSNP_6_D05_771612	1	12909977	12927107	7	-2.0671
DUNGS_p_TCGA_b84_115_SNP_N_GenomeWideSNP_6_D05_771612	1	12927856	13214448	9	-0.3563
DUNGS_p_TCGA_b84_115_SNP_N_GenomeWideSNP_6_D05_771612	1	13375345	13377047	8	-0.9058
DUNGS_p_TCGA_b84_115_SNP_N_GenomeWideSNP_6_D05_771612	1	13384168	16869363	2147	-0.2841
DUNGS_p_TCGA_b84_115_SNP_N_GenomeWideSNP_6_D05_771612	1	16871278	17017078	63	-0.5318
DUNGS_p_TCGA_b84_115_SNP_N_GenomeWideSNP_6_D05_771612	1	17017530	17048479	17	-1.0906
DUNGS_p_TCGA_b84_115_SNP_N_GenomeWideSNP_6_D05_771612	1	17056457	17261888	84	-0.5071
DUNGS_p_TCGA_b84_115_SNP_N_GenomeWideSNP_6_D05_771612	1	17262232	25583341	5277	-0.2754
DUNGS_p_TCGA_b84_115_SNP_N_GenomeWideSNP_6_D05_771612	1	25593128	25604466	11	-1.6228
DUNGS_p_TCGA_b84_115_SNP_N_GenomeWideSNP_6_D05_771612	1	25605058	25611452	3	-4.0538
DUNGS_p_TCGA_b84_115_SNP_N_GenomeWideSNP_6_D05_771612	1	25616296	25662212	17	-1.2886
DUNGS_p_TCGA_b84_115_SNP_N_GenomeWideSNP_6_D05_771612	1	25663310	71793039	28286	-0.2872
DUNGS_p_TCGA_b84_115_SNP_N_GenomeWideSNP_6_D05_771612	1	71793221	71793222	2	-1.3894
DUNGS_p_TCGA_b84_115_SNP_N_GenomeWideSNP_6_D05_771612	1	71796914	72768916	588	-0.3075
DUNGS_p_TCGA_b84_115_SNP_N_GenomeWideSNP_6_D05_771612	1	72768936	72811148	45	0.4226
DUNGS_p_TCGA_b84_115_SNP_N_GenomeWideSNP_6_D05_771612	1	72811904	75193633	1450	-0.2958
DUNGS_p_TCGA_b84_115_SNP_N_GenomeWideSNP_6_D05_771612	1	75199290	75199784	2	0.7347
DUNGS_p_TCGA_b84_115_SNP_N_GenomeWideSNP_6_D05_771612	1	75203583	75483430	161	-0.2507
DUNGS_p_TCGA_b84_115_SNP_N_GenomeWideSNP_6_D05_771612	1	75484925	75591332	54	-1.0827
DUNGS_p_TCGA_b84_115_SNP_N_GenomeWideSNP_6_D05_771612	1	75605708	76050844	266	-0.2846
DUNGS_p_TCGA_b84_115_SNP_N_GenomeWideSNP_6_D05_771612	1	76054763	76054854	2	-1.9654
DUNGS_p_TCGA_b84_115_SNP_N_GenomeWideSNP_6_D05_771612	1	76059509	81619707	3651	-0.3029
DUNGS_p_TCGA_b84_115_SNP_N_GenomeWideSNP_6_D05_771612	1	81625888	81625967	2	-1.7489
DUNGS_p_TCGA_b84_115_SNP_N_GenomeWideSNP_6_D05_771612	1	81629650	81888456	204	-0.3262
DUNGS_p_TCGA_b84_115_SNP_N_GenomeWideSNP_6_D05_771612	1	81888602	81888605	2	0.7227
DUNGS_p_TCGA_b84_115_SNP_N_GenomeWideSNP_6_D05_771612	1	81888667	82590000	512	-0.3156
DUNGS_p_TCGA_b84_115_SNP_N_GenomeWideSNP_6_D05_771612	1	82590298	82675112	37	0.1363
DUNGS_p_TCGA_b84_115_SNP_N_GenomeWideSNP_6_D05_771612	1	82677026	91054674	5641	-0.3091
DUNGS_p_TCGA_b84_115_SNP_N_GenomeWideSNP_6_D05_771612	1	91057356	91074951	12	0.2382
DUNGS_p_TCGA_b84_115_SNP_N_GenomeWideSNP_6_D05_771612	1	91075340	91159586	77	-0.3359
DUNGS_p_TCGA_b84_115_SNP_N_GenomeWideSNP_6_D05_771612	1	91166964	94677212	2080	0.1181
DUNGS_p_TCGA_b84_115_SNP_N_GenomeWideSNP_6_D05_771612	1	94677921	95158603	390	-0.3913
DUNGS_p_TCGA_b84_115_SNP_N_GenomeWideSNP_6_D05_771612	1	95159588	101239376	3812	0.1342
DUNGS_p_TCGA_b84_115_SNP_N_GenomeWideSNP_6_D05_771612	1	101243058	101285010	33	-0.4026
DUNGS_p_TCGA_b84_115_SNP_N_GenomeWideSNP_6_D05_771612	1	101292268	102134138	574	0.1065
DUNGS_p_TCGA_b84_115_SNP_N_GenomeWideSNP_6_D05_771612	1	102135087	102663872	390	-0.1053
DUNGS_p_TCGA_b84_115_SNP_N_GenomeWideSNP_6_D05_771612	1	102669967	104041057	710	0.1227
DUNGS_p_TCGA_b84_115_SNP_N_GenomeWideSNP_6_D05_771612	1	104044198	106013376	991	-0.3856
DUNGS_p_TCGA_b84_115_SNP_N_GenomeWideSNP_6_D05_771612	1	106019205	106022375	17	-1.3492
DUNGS_p_TCGA_b84_115_SNP_N_GenomeWideSNP_6_D05_771612	1	106024055	107907237	1272	-0.3723
DUNGS_p_TCGA_b84_115_SNP_N_GenomeWideSNP_6_D05_771612	1	107909663	110224384	1386	-0.106
DUNGS_p_TCGA_b84_115_SNP_N_GenomeWideSNP_6_D05_771612	1	110224427	110226970	10	-0.686
DUNGS_p_TCGA_b84_115_SNP_N_GenomeWideSNP_6_D05_771612	1	110227317	110227515	4	0.2511
DUNGS_p_TCGA_b84_115_SNP_N_GenomeWideSNP_6_D05_771612	1	110232974	110240178	17	-1.4824
DUNGS_p_TCGA_b84_115_SNP_N_GenomeWideSNP_6_D05_771612	1	110242953	112690326	1959	-0.0931
DUNGS_p_TCGA_b84_115_SNP_N_GenomeWideSNP_6_D05_771612	1	112695965	112697390	25	-0.8225
DUNGS_p_TCGA_b84_115_SNP_N_GenomeWideSNP_6_D05_771612	1	112705956	115071420	1449	-0.1018
DUNGS_p_TCGA_b84_115_SNP_N_GenomeWideSNP_6_D05_771612	1	115071884	121355881	3738	-0.6331
DUNGS_p_TCGA_b84_115_SNP_N_GenomeWideSNP_6_D05_771612	1	121436219	145173423	240	0.0134
DUNGS_p_TCGA_b84_115_SNP_N_GenomeWideSNP_6_D05_771612	1	145180842	149545372	1124	0.2912
DUNGS_p_TCGA_b84_115_SNP_N_GenomeWideSNP_6_D05_771612	1	149545386	149691746	16	-0.298
DUNGS_p_TCGA_b84_115_SNP_N_GenomeWideSNP_6_D05_771612	1	149692388	152555176	1479	0.2662
DUNGS_p_TCGA_b84_115_SNP_N_GenomeWideSNP_6_D05_771612	1	152555527	152555706	2	-0.4572
DUNGS_p_TCGA_b84_115_SNP_N_GenomeWideSNP_6_D05_771612	1	152555767	152586594	34	-1.8628
DUNGS_p_TCGA_b84_115_SNP_N_GenomeWideSNP_6_D05_771612	1	152590494	152759678	171	0.2588
DUNGS_p_TCGA_b84_115_SNP_N_GenomeWideSNP_6_D05_771612	1	152761923	152768700	37	0.6739
DUNGS_p_TCGA_b84_115_SNP_N_GenomeWideSNP_6_D05_771612	1	152773905	163881773	7130	0.2088
DUNGS_p_TCGA_b84_115_SNP_N_GenomeWideSNP_6_D05_771612	1	163884827	166878464	2441	0.5401
DUNGS_p_TCGA_b84_115_SNP_N_GenomeWideSNP_6_D05_771612	1	166879326	190675212	16002	0.1827
DUNGS_p_TCGA_b84_115_SNP_N_GenomeWideSNP_6_D05_771612	1	190675519	190675536	2	-1.0628
DUNGS_p_TCGA_b84_115_SNP_N_GenomeWideSNP_6_D05_771612	1	190679982	193155792	1595	0.1866
DUNGS_p_TCGA_b84_115_SNP_N_GenomeWideSNP_6_D05_771612	1	193156279	193156332	3	1.0603
DUNGS_p_TCGA_b84_115_SNP_N_GenomeWideSNP_6_D05_771612	1	193156348	196727850	2406	0.1927
DUNGS_p_TCGA_b84_115_SNP_N_GenomeWideSNP_6_D05_771612	1	196731035	196758149	37	0.6834
DUNGS_p_TCGA_b84_115_SNP_N_GenomeWideSNP_6_D05_771612	1	196758159	196791026	31	0.295
DUNGS_p_TCGA_b84_115_SNP_N_GenomeWideSNP_6_D05_771612	1	196791043	196799505	10	0.7576
DUNGS_p_TCGA_b84_115_SNP_N_GenomeWideSNP_6_D05_771612	1	196799699	248749560	35825	0.1868
DUNGS_p_TCGA_b84_115_SNP_N_GenomeWideSNP_6_D05_771612	1	248753216	248794464	26	-0.5566
DUNGS_p_TCGA_b84_115_SNP_N_GenomeWideSNP_6_D05_771612	1	248795289	248805339	5	0.101
DUNGS_p_TCGA_b84_115_SNP_N_GenomeWideSNP_6_D05_771612	1	248808557	248809369	4	0.9791
DUNGS_p_TCGA_b84_115_SNP_N_GenomeWideSNP_6_D05_771612	1	248818483	249224388	140	0.2185
DUNGS_p_TCGA_b84_115_SNP_N_GenomeWideSNP_6_D05_771612	2	12784	295255	181	0.1745
DUNGS_p_TCGA_b84_115_SNP_N_GenomeWideSNP_6_D05_771612	2	296789	296852	3	-0.8895
DUNGS_p_TCGA_b84_115_SNP_N_GenomeWideSNP_6_D05_771612	2	300879	4205687	2807	0.1906
DUNGS_p_TCGA_b84_115_SNP_N_GenomeWideSNP_6_D05_771612	2	4213864	4223725	40	-0.4605
DUNGS_p_TCGA_b84_115_SNP_N_GenomeWideSNP_6_D05_771612	2	4223833	34691069	21103	0.1819
DUNGS_p_TCGA_b84_115_SNP_N_GenomeWideSNP_6_D05_771612	2	34699315	34737057	46	-0.2783
DUNGS_p_TCGA_b84_115_SNP_N_GenomeWideSNP_6_D05_771612	2	34737163	35000446	189	0.2286
DUNGS_p_TCGA_b84_115_SNP_N_GenomeWideSNP_6_D05_771612	2	35001138	35009220	13	-0.1646
DUNGS_p_TCGA_b84_115_SNP_N_GenomeWideSNP_6_D05_771612	2	35009879	35975973	676	0.2137
DUNGS_p_TCGA_b84_115_SNP_N_GenomeWideSNP_6_D05_771612	2	35977790	35986716	4	-2.2987
DUNGS_p_TCGA_b84_115_SNP_N_GenomeWideSNP_6_D05_771612	2	35986908	46838247	8191	0.1812
DUNGS_p_TCGA_b84_115_SNP_N_GenomeWideSNP_6_D05_771612	2	46840840	47538757	496	0.5331
DUNGS_p_TCGA_b84_115_SNP_N_GenomeWideSNP_6_D05_771612	2	47545563	52754468	3487	0.1836
DUNGS_p_TCGA_b84_115_SNP_N_GenomeWideSNP_6_D05_771612	2	52754480	52781542	39	0.907
DUNGS_p_TCGA_b84_115_SNP_N_GenomeWideSNP_6_D05_771612	2	52787949	67152355	9341	0.175
DUNGS_p_TCGA_b84_115_SNP_N_GenomeWideSNP_6_D05_771612	2	67154656	67158316	3	-0.6433
DUNGS_p_TCGA_b84_115_SNP_N_GenomeWideSNP_6_D05_771612	2	67159055	76842314	6233	0.1834
DUNGS_p_TCGA_b84_115_SNP_N_GenomeWideSNP_6_D05_771612	2	76844466	76845426	6	-0.5964
DUNGS_p_TCGA_b84_115_SNP_N_GenomeWideSNP_6_D05_771612	2	76847586	86937687	6379	0.1909
DUNGS_p_TCGA_b84_115_SNP_N_GenomeWideSNP_6_D05_771612	2	86953070	86953854	2	-1.2691
DUNGS_p_TCGA_b84_115_SNP_N_GenomeWideSNP_6_D05_771612	2	86970406	98025647	2139	0.1557
DUNGS_p_TCGA_b84_115_SNP_N_GenomeWideSNP_6_D05_771612	2	98063372	98154265	8	-0.3463
DUNGS_p_TCGA_b84_115_SNP_N_GenomeWideSNP_6_D05_771612	2	98157272	98161710	3	-1.54
DUNGS_p_TCGA_b84_115_SNP_N_GenomeWideSNP_6_D05_771612	2	98162189	106660701	5410	-0.0279
DUNGS_p_TCGA_b84_115_SNP_N_GenomeWideSNP_6_D05_771612	2	106662027	106662363	2	-1.0769
DUNGS_p_TCGA_b84_115_SNP_N_GenomeWideSNP_6_D05_771612	2	106662386	106880095	172	-0.0388
DUNGS_p_TCGA_b84_115_SNP_N_GenomeWideSNP_6_D05_771612	2	106880713	106885357	11	-2.3459
DUNGS_p_TCGA_b84_115_SNP_N_GenomeWideSNP_6_D05_771612	2	106887255	129638478	13468	-0.0225
DUNGS_p_TCGA_b84_115_SNP_N_GenomeWideSNP_6_D05_771612	2	129638502	129640315	14	-0.6441
DUNGS_p_TCGA_b84_115_SNP_N_GenomeWideSNP_6_D05_771612	2	129640329	133034717	1606	-0.0272
DUNGS_p_TCGA_b84_115_SNP_N_GenomeWideSNP_6_D05_771612	2	133038340	133117260	31	0.3378
DUNGS_p_TCGA_b84_115_SNP_N_GenomeWideSNP_6_D05_771612	2	133121946	141780355	5741	-0.0383
DUNGS_p_TCGA_b84_115_SNP_N_GenomeWideSNP_6_D05_771612	2	141780658	141811764	25	-1.0367
DUNGS_p_TCGA_b84_115_SNP_N_GenomeWideSNP_6_D05_771612	2	141812589	142071687	153	-0.6861
DUNGS_p_TCGA_b84_115_SNP_N_GenomeWideSNP_6_D05_771612	2	142074734	142455213	299	-0.0398
DUNGS_p_TCGA_b84_115_SNP_N_GenomeWideSNP_6_D05_771612	2	142457916	142720381	236	-0.6668
DUNGS_p_TCGA_b84_115_SNP_N_GenomeWideSNP_6_D05_771612	2	142723425	202422866	35790	-0.0347
DUNGS_p_TCGA_b84_115_SNP_N_GenomeWideSNP_6_D05_771612	2	202423395	202423704	3	0.7661
DUNGS_p_TCGA_b84_115_SNP_N_GenomeWideSNP_6_D05_771612	2	202426707	208350754	3659	-0.0365
DUNGS_p_TCGA_b84_115_SNP_N_GenomeWideSNP_6_D05_771612	2	208354912	208359336	18	-0.7378
DUNGS_p_TCGA_b84_115_SNP_N_GenomeWideSNP_6_D05_771612	2	208359476	222471013	9117	-0.0308
DUNGS_p_TCGA_b84_115_SNP_N_GenomeWideSNP_6_D05_771612	2	222471460	222471516	2	1.1284
DUNGS_p_TCGA_b84_115_SNP_N_GenomeWideSNP_6_D05_771612	2	222472562	243089456	13045	-0.0312
DUNGS_p_TCGA_b84_115_SNP_N_GenomeWideSNP_6_D05_771612	3	60345	224602	157	0.1756
DUNGS_p_TCGA_b84_115_SNP_N_GenomeWideSNP_6_D05_771612	3	230022	232800	4	-0.953
DUNGS_p_TCGA_b84_115_SNP_N_GenomeWideSNP_6_D05_771612	3	234877	6317359	5426	0.1581
DUNGS_p_TCGA_b84_115_SNP_N_GenomeWideSNP_6_D05_771612	3	6319263	6335472	19	1.0191
DUNGS_p_TCGA_b84_115_SNP_N_GenomeWideSNP_6_D05_771612	3	6338436	6646543	244	0.5055
DUNGS_p_TCGA_b84_115_SNP_N_GenomeWideSNP_6_D05_771612	3	6651128	6653332	23	-0.7402
DUNGS_p_TCGA_b84_115_SNP_N_GenomeWideSNP_6_D05_771612	3	6655078	7106880	372	0.5121
DUNGS_p_TCGA_b84_115_SNP_N_GenomeWideSNP_6_D05_771612	3	7110094	17520968	7562	0.1443
DUNGS_p_TCGA_b84_115_SNP_N_GenomeWideSNP_6_D05_771612	3	17521203	17550730	10	-0.2774
DUNGS_p_TCGA_b84_115_SNP_N_GenomeWideSNP_6_D05_771612	3	17551125	18621139	566	0.1195
DUNGS_p_TCGA_b84_115_SNP_N_GenomeWideSNP_6_D05_771612	3	18623278	18623423	3	-0.9228
DUNGS_p_TCGA_b84_115_SNP_N_GenomeWideSNP_6_D05_771612	3	18623658	26707636	5797	0.1432
DUNGS_p_TCGA_b84_115_SNP_N_GenomeWideSNP_6_D05_771612	3	26710645	26779337	55	-0.2743
DUNGS_p_TCGA_b84_115_SNP_N_GenomeWideSNP_6_D05_771612	3	26783236	26856595	61	0.2215
DUNGS_p_TCGA_b84_115_SNP_N_GenomeWideSNP_6_D05_771612	3	26858787	27039502	113	-0.2861
DUNGS_p_TCGA_b84_115_SNP_N_GenomeWideSNP_6_D05_771612	3	27043795	27070849	17	0.1846
DUNGS_p_TCGA_b84_115_SNP_N_GenomeWideSNP_6_D05_771612	3	27071022	28133043	656	-0.329
DUNGS_p_TCGA_b84_115_SNP_N_GenomeWideSNP_6_D05_771612	3	28133703	28195226	81	0.1049
DUNGS_p_TCGA_b84_115_SNP_N_GenomeWideSNP_6_D05_771612	3	28195241	28205844	9	0.4357
DUNGS_p_TCGA_b84_115_SNP_N_GenomeWideSNP_6_D05_771612	3	28206877	28373154	105	0.1259
DUNGS_p_TCGA_b84_115_SNP_N_GenomeWideSNP_6_D05_771612	3	28392858	62282482	21653	-0.3048
DUNGS_p_TCGA_b84_115_SNP_N_GenomeWideSNP_6_D05_771612	3	62285588	62778763	460	0.1866
DUNGS_p_TCGA_b84_115_SNP_N_GenomeWideSNP_6_D05_771612	3	62779005	68746164	4514	-0.3108
DUNGS_p_TCGA_b84_115_SNP_N_GenomeWideSNP_6_D05_771612	3	68746259	68747413	14	0.3283
DUNGS_p_TCGA_b84_115_SNP_N_GenomeWideSNP_6_D05_771612	3	68748758	69234073	392	-0.319
DUNGS_p_TCGA_b84_115_SNP_N_GenomeWideSNP_6_D05_771612	3	69242277	69276078	31	0.1341
DUNGS_p_TCGA_b84_115_SNP_N_GenomeWideSNP_6_D05_771612	3	69276116	72637774	2561	-0.3235
DUNGS_p_TCGA_b84_115_SNP_N_GenomeWideSNP_6_D05_771612	3	72639229	72639332	2	-1.6762
DUNGS_p_TCGA_b84_115_SNP_N_GenomeWideSNP_6_D05_771612	3	72641416	73548535	636	-0.3271
DUNGS_p_TCGA_b84_115_SNP_N_GenomeWideSNP_6_D05_771612	3	73550488	73643591	70	0.1231
DUNGS_p_TCGA_b84_115_SNP_N_GenomeWideSNP_6_D05_771612	3	73645584	73802369	138	-0.3273
DUNGS_p_TCGA_b84_115_SNP_N_GenomeWideSNP_6_D05_771612	3	73803443	83342076	5471	0.1375
DUNGS_p_TCGA_b84_115_SNP_N_GenomeWideSNP_6_D05_771612	3	83345924	83346184	2	-0.8711
DUNGS_p_TCGA_b84_115_SNP_N_GenomeWideSNP_6_D05_771612	3	83350031	84698990	648	0.1493
DUNGS_p_TCGA_b84_115_SNP_N_GenomeWideSNP_6_D05_771612	3	84699184	84702136	16	-0.2544
DUNGS_p_TCGA_b84_115_SNP_N_GenomeWideSNP_6_D05_771612	3	84702161	98944511	6003	0.1335
DUNGS_p_TCGA_b84_115_SNP_N_GenomeWideSNP_6_D05_771612	3	98944547	98949301	32	-0.2921
DUNGS_p_TCGA_b84_115_SNP_N_GenomeWideSNP_6_D05_771612	3	98949308	128394505	18130	0.1237
DUNGS_p_TCGA_b84_115_SNP_N_GenomeWideSNP_6_D05_771612	3	128395490	128412331	10	0.6026
DUNGS_p_TCGA_b84_115_SNP_N_GenomeWideSNP_6_D05_771612	3	128414161	129763698	626	0.1176
DUNGS_p_TCGA_b84_115_SNP_N_GenomeWideSNP_6_D05_771612	3	129766586	129806236	51	0.6824
DUNGS_p_TCGA_b84_115_SNP_N_GenomeWideSNP_6_D05_771612	3	129806924	130135006	220	0.1286
DUNGS_p_TCGA_b84_115_SNP_N_GenomeWideSNP_6_D05_771612	3	130135070	130135084	2	-0.9773
DUNGS_p_TCGA_b84_115_SNP_N_GenomeWideSNP_6_D05_771612	3	130135440	131989330	1222	0.1311
DUNGS_p_TCGA_b84_115_SNP_N_GenomeWideSNP_6_D05_771612	3	131989347	131995684	5	-0.8619
DUNGS_p_TCGA_b84_115_SNP_N_GenomeWideSNP_6_D05_771612	3	132000477	136019099	2591	0.1243
DUNGS_p_TCGA_b84_115_SNP_N_GenomeWideSNP_6_D05_771612	3	136022951	136025426	2	-1.3969
DUNGS_p_TCGA_b84_115_SNP_N_GenomeWideSNP_6_D05_771612	3	136038541	160771119	15142	0.126
DUNGS_p_TCGA_b84_115_SNP_N_GenomeWideSNP_6_D05_771612	3	160774244	160778198	6	-0.6157
DUNGS_p_TCGA_b84_115_SNP_N_GenomeWideSNP_6_D05_771612	3	160779594	162512739	1120	0.1408
DUNGS_p_TCGA_b84_115_SNP_N_GenomeWideSNP_6_D05_771612	3	162513092	162625995	68	0.6676
DUNGS_p_TCGA_b84_115_SNP_N_GenomeWideSNP_6_D05_771612	3	162626572	175080980	7673	0.1338
DUNGS_p_TCGA_b84_115_SNP_N_GenomeWideSNP_6_D05_771612	3	175081226	175355879	224	-0.2903
DUNGS_p_TCGA_b84_115_SNP_N_GenomeWideSNP_6_D05_771612	3	175359343	192877902	11315	0.1307
DUNGS_p_TCGA_b84_115_SNP_N_GenomeWideSNP_6_D05_771612	3	192877962	192882903	19	-0.9955
DUNGS_p_TCGA_b84_115_SNP_N_GenomeWideSNP_6_D05_771612	3	192886435	195285664	1486	0.1354
DUNGS_p_TCGA_b84_115_SNP_N_GenomeWideSNP_6_D05_771612	3	195285898	195418263	8	-1.4652
DUNGS_p_TCGA_b84_115_SNP_N_GenomeWideSNP_6_D05_771612	3	195422289	195455508	22	-0.7443
DUNGS_p_TCGA_b84_115_SNP_N_GenomeWideSNP_6_D05_771612	3	195455861	195464507	14	-0.0734
DUNGS_p_TCGA_b84_115_SNP_N_GenomeWideSNP_6_D05_771612	3	195464866	195474763	4	-0.9937
DUNGS_p_TCGA_b84_115_SNP_N_GenomeWideSNP_6_D05_771612	3	195478694	195661550	80	0.0822
DUNGS_p_TCGA_b84_115_SNP_N_GenomeWideSNP_6_D05_771612	3	195690846	195701115	3	-1.5295
DUNGS_p_TCGA_b84_115_SNP_N_GenomeWideSNP_6_D05_771612	3	195701163	197896118	1091	0.1378
DUNGS_p_TCGA_b84_115_SNP_N_GenomeWideSNP_6_D05_771612	4	12281	29025	17	-0.1789
DUNGS_p_TCGA_b84_115_SNP_N_GenomeWideSNP_6_D05_771612	4	34526	66719	41	-0.6354
DUNGS_p_TCGA_b84_115_SNP_N_GenomeWideSNP_6_D05_771612	4	68821	4103344	1646	0.2071
DUNGS_p_TCGA_b84_115_SNP_N_GenomeWideSNP_6_D05_771612	4	4110230	4152760	10	-0.5463
DUNGS_p_TCGA_b84_115_SNP_N_GenomeWideSNP_6_D05_771612	4	4160063	9451923	3539	0.2081
DUNGS_p_TCGA_b84_115_SNP_N_GenomeWideSNP_6_D05_771612	4	9456977	9479345	10	-0.5274
DUNGS_p_TCGA_b84_115_SNP_N_GenomeWideSNP_6_D05_771612	4	9486087	10210390	546	0.1832
DUNGS_p_TCGA_b84_115_SNP_N_GenomeWideSNP_6_D05_771612	4	10214160	10231249	28	-2.0758
DUNGS_p_TCGA_b84_115_SNP_N_GenomeWideSNP_6_D05_771612	4	10231498	10235268	8	-0.4953
DUNGS_p_TCGA_b84_115_SNP_N_GenomeWideSNP_6_D05_771612	4	10236142	14472676	3460	0.185
DUNGS_p_TCGA_b84_115_SNP_N_GenomeWideSNP_6_D05_771612	4	14473087	14476453	2	-0.8662
DUNGS_p_TCGA_b84_115_SNP_N_GenomeWideSNP_6_D05_771612	4	14476940	21494680	4852	0.188
DUNGS_p_TCGA_b84_115_SNP_N_GenomeWideSNP_6_D05_771612	4	21494981	21494995	2	-1.2038
DUNGS_p_TCGA_b84_115_SNP_N_GenomeWideSNP_6_D05_771612	4	21497278	34779054	8691	0.1892
DUNGS_p_TCGA_b84_115_SNP_N_GenomeWideSNP_6_D05_771612	4	34786500	34829872	39	-0.2071
DUNGS_p_TCGA_b84_115_SNP_N_GenomeWideSNP_6_D05_771612	4	34829913	45005852	6652	0.1873
DUNGS_p_TCGA_b84_115_SNP_N_GenomeWideSNP_6_D05_771612	4	45006192	45006335	3	-0.9266
DUNGS_p_TCGA_b84_115_SNP_N_GenomeWideSNP_6_D05_771612	4	45010969	49093786	2323	0.1943
DUNGS_p_TCGA_b84_115_SNP_N_GenomeWideSNP_6_D05_771612	4	49114095	49658612	40	-0.069
DUNGS_p_TCGA_b84_115_SNP_N_GenomeWideSNP_6_D05_771612	4	52685699	55086397	1429	0.1853
DUNGS_p_TCGA_b84_115_SNP_N_GenomeWideSNP_6_D05_771612	4	55093689	61327312	4252	-0.3016
DUNGS_p_TCGA_b84_115_SNP_N_GenomeWideSNP_6_D05_771612	4	61329994	61331617	2	0.7047
DUNGS_p_TCGA_b84_115_SNP_N_GenomeWideSNP_6_D05_771612	4	61335564	63667834	1339	-0.3115
DUNGS_p_TCGA_b84_115_SNP_N_GenomeWideSNP_6_D05_771612	4	63669936	63671662	8	-1.0677
DUNGS_p_TCGA_b84_115_SNP_N_GenomeWideSNP_6_D05_771612	4	63679630	64131238	242	-0.2978
DUNGS_p_TCGA_b84_115_SNP_N_GenomeWideSNP_6_D05_771612	4	64141278	64147093	4	-1.1765
DUNGS_p_TCGA_b84_115_SNP_N_GenomeWideSNP_6_D05_771612	4	64151660	64151913	2	-6.4792
DUNGS_p_TCGA_b84_115_SNP_N_GenomeWideSNP_6_D05_771612	4	64154567	64693940	308	-0.2863
DUNGS_p_TCGA_b84_115_SNP_N_GenomeWideSNP_6_D05_771612	4	64697469	64704293	7	-1.9118
DUNGS_p_TCGA_b84_115_SNP_N_GenomeWideSNP_6_D05_771612	4	64705156	64707605	16	-0.4972
DUNGS_p_TCGA_b84_115_SNP_N_GenomeWideSNP_6_D05_771612	4	64707754	64708258	6	-3.6285
DUNGS_p_TCGA_b84_115_SNP_N_GenomeWideSNP_6_D05_771612	4	64716431	69374955	2887	-0.3042
DUNGS_p_TCGA_b84_115_SNP_N_GenomeWideSNP_6_D05_771612	4	69375160	69591612	75	0.1042
DUNGS_p_TCGA_b84_115_SNP_N_GenomeWideSNP_6_D05_771612	4	69591782	70123510	316	-0.2801
DUNGS_p_TCGA_b84_115_SNP_N_GenomeWideSNP_6_D05_771612	4	70127644	70148877	15	-0.8503
DUNGS_p_TCGA_b84_115_SNP_N_GenomeWideSNP_6_D05_771612	4	70149157	70175258	15	-1.6558
DUNGS_p_TCGA_b84_115_SNP_N_GenomeWideSNP_6_D05_771612	4	70175976	70231799	24	-1.1222
DUNGS_p_TCGA_b84_115_SNP_N_GenomeWideSNP_6_D05_771612	4	70232022	77793240	4635	-0.3054
DUNGS_p_TCGA_b84_115_SNP_N_GenomeWideSNP_6_D05_771612	4	77793336	77793372	2	-1.8476
DUNGS_p_TCGA_b84_115_SNP_N_GenomeWideSNP_6_D05_771612	4	77793375	104745571	16430	-0.3104
DUNGS_p_TCGA_b84_115_SNP_N_GenomeWideSNP_6_D05_771612	4	104751630	104751637	5	0.6563
DUNGS_p_TCGA_b84_115_SNP_N_GenomeWideSNP_6_D05_771612	4	104751644	106530803	1037	-0.304
DUNGS_p_TCGA_b84_115_SNP_N_GenomeWideSNP_6_D05_771612	4	106531744	106531758	2	-1.6468
DUNGS_p_TCGA_b84_115_SNP_N_GenomeWideSNP_6_D05_771612	4	106531938	115173700	5279	-0.3105
DUNGS_p_TCGA_b84_115_SNP_N_GenomeWideSNP_6_D05_771612	4	115175323	115179638	18	-0.6471
DUNGS_p_TCGA_b84_115_SNP_N_GenomeWideSNP_6_D05_771612	4	115179655	115182175	5	-1.3807
DUNGS_p_TCGA_b84_115_SNP_N_GenomeWideSNP_6_D05_771612	4	115184229	115184266	3	0.5198
DUNGS_p_TCGA_b84_115_SNP_N_GenomeWideSNP_6_D05_771612	4	115184310	135137508	11620	-0.3044
DUNGS_p_TCGA_b84_115_SNP_N_GenomeWideSNP_6_D05_771612	4	135138220	135138314	2	-2.9255
DUNGS_p_TCGA_b84_115_SNP_N_GenomeWideSNP_6_D05_771612	4	135140403	172368442	23149	-0.305
DUNGS_p_TCGA_b84_115_SNP_N_GenomeWideSNP_6_D05_771612	4	172368531	172377710	12	-1.3588
DUNGS_p_TCGA_b84_115_SNP_N_GenomeWideSNP_6_D05_771612	4	172377724	172463643	47	-0.2042
DUNGS_p_TCGA_b84_115_SNP_N_GenomeWideSNP_6_D05_771612	4	172466860	172490202	22	0.212
DUNGS_p_TCGA_b84_115_SNP_N_GenomeWideSNP_6_D05_771612	4	172493043	172987433	323	-0.3104
DUNGS_p_TCGA_b84_115_SNP_N_GenomeWideSNP_6_D05_771612	4	172987596	172989505	17	0.0616
DUNGS_p_TCGA_b84_115_SNP_N_GenomeWideSNP_6_D05_771612	4	172989519	178141311	3007	-0.3132
DUNGS_p_TCGA_b84_115_SNP_N_GenomeWideSNP_6_D05_771612	4	178142390	178142536	2	-2.239
DUNGS_p_TCGA_b84_115_SNP_N_GenomeWideSNP_6_D05_771612	4	178152133	180093706	1376	-0.284
DUNGS_p_TCGA_b84_115_SNP_N_GenomeWideSNP_6_D05_771612	4	180097988	180098338	2	-2.1526
DUNGS_p_TCGA_b84_115_SNP_N_GenomeWideSNP_6_D05_771612	4	180101922	189221258	6573	-0.2994
DUNGS_p_TCGA_b84_115_SNP_N_GenomeWideSNP_6_D05_771612	4	189221360	189221375	2	-2.0061
DUNGS_p_TCGA_b84_115_SNP_N_GenomeWideSNP_6_D05_771612	4	189221424	191027923	1179	-0.2725
DUNGS_p_TCGA_b84_115_SNP_N_GenomeWideSNP_6_D05_771612	5	15532	685748	307	0.1808
DUNGS_p_TCGA_b84_115_SNP_N_GenomeWideSNP_6_D05_771612	5	698371	741695	17	0.9633
DUNGS_p_TCGA_b84_115_SNP_N_GenomeWideSNP_6_D05_771612	5	742039	809806	26	0.3126
DUNGS_p_TCGA_b84_115_SNP_N_GenomeWideSNP_6_D05_771612	5	817850	825653	14	-0.6984
DUNGS_p_TCGA_b84_115_SNP_N_GenomeWideSNP_6_D05_771612	5	833628	12791045	9868	0.1939
DUNGS_p_TCGA_b84_115_SNP_N_GenomeWideSNP_6_D05_771612	5	12791720	12826650	13	-0.3715
DUNGS_p_TCGA_b84_115_SNP_N_GenomeWideSNP_6_D05_771612	5	12833857	17345088	3075	0.1925
DUNGS_p_TCGA_b84_115_SNP_N_GenomeWideSNP_6_D05_771612	5	17347706	17356239	6	-0.8149
DUNGS_p_TCGA_b84_115_SNP_N_GenomeWideSNP_6_D05_771612	5	17358269	17601553	107	0.2062
DUNGS_p_TCGA_b84_115_SNP_N_GenomeWideSNP_6_D05_771612	5	17601728	17625633	14	-0.7281
DUNGS_p_TCGA_b84_115_SNP_N_GenomeWideSNP_6_D05_771612	5	17629520	21376844	2298	0.2056
DUNGS_p_TCGA_b84_115_SNP_N_GenomeWideSNP_6_D05_771612	5	21377839	21377853	2	1.7501
DUNGS_p_TCGA_b84_115_SNP_N_GenomeWideSNP_6_D05_771612	5	21386066	29618031	4856	0.1984
DUNGS_p_TCGA_b84_115_SNP_N_GenomeWideSNP_6_D05_771612	5	29625318	29635164	7	0.9272
DUNGS_p_TCGA_b84_115_SNP_N_GenomeWideSNP_6_D05_771612	5	29638998	39808632	6918	0.1897
DUNGS_p_TCGA_b84_115_SNP_N_GenomeWideSNP_6_D05_771612	5	39808954	39808985	3	-1.0575
DUNGS_p_TCGA_b84_115_SNP_N_GenomeWideSNP_6_D05_771612	5	39809003	46210089	3296	0.1823
DUNGS_p_TCGA_b84_115_SNP_N_GenomeWideSNP_6_D05_771612	5	46210646	46251306	8	-0.7568
DUNGS_p_TCGA_b84_115_SNP_N_GenomeWideSNP_6_D05_771612	5	46271008	57326027	5093	0.1891
DUNGS_p_TCGA_b84_115_SNP_N_GenomeWideSNP_6_D05_771612	5	57326163	57333533	31	-0.406
DUNGS_p_TCGA_b84_115_SNP_N_GenomeWideSNP_6_D05_771612	5	57338357	155475105	60409	0.1864
DUNGS_p_TCGA_b84_115_SNP_N_GenomeWideSNP_6_D05_771612	5	155476772	155495250	15	-0.5627
DUNGS_p_TCGA_b84_115_SNP_N_GenomeWideSNP_6_D05_771612	5	155495253	175460087	14110	0.1907
DUNGS_p_TCGA_b84_115_SNP_N_GenomeWideSNP_6_D05_771612	5	175465689	175469507	2	1.3393
DUNGS_p_TCGA_b84_115_SNP_N_GenomeWideSNP_6_D05_771612	5	175470324	177198449	729	0.2108
DUNGS_p_TCGA_b84_115_SNP_N_GenomeWideSNP_6_D05_771612	5	177227551	177232605	3	2.169
DUNGS_p_TCGA_b84_115_SNP_N_GenomeWideSNP_6_D05_771612	5	177254965	180175501	1702	0.2018
DUNGS_p_TCGA_b84_115_SNP_N_GenomeWideSNP_6_D05_771612	5	180177342	180193184	7	0.6913
DUNGS_p_TCGA_b84_115_SNP_N_GenomeWideSNP_6_D05_771612	5	180193199	180378710	106	0.2044
DUNGS_p_TCGA_b84_115_SNP_N_GenomeWideSNP_6_D05_771612	5	180378888	180418103	18	-0.2282
DUNGS_p_TCGA_b84_115_SNP_N_GenomeWideSNP_6_D05_771612	5	180433225	180790320	171	0.2391
DUNGS_p_TCGA_b84_115_SNP_N_GenomeWideSNP_6_D05_771612	6	149661	254283	101	0.2127
DUNGS_p_TCGA_b84_115_SNP_N_GenomeWideSNP_6_D05_771612	6	257353	365138	91	-0.2085
DUNGS_p_TCGA_b84_115_SNP_N_GenomeWideSNP_6_D05_771612	6	365720	29837188	21576	0.2124
DUNGS_p_TCGA_b84_115_SNP_N_GenomeWideSNP_6_D05_771612	6	29837314	29850196	15	-0.9167
DUNGS_p_TCGA_b84_115_SNP_N_GenomeWideSNP_6_D05_771612	6	29850274	31287222	678	0.1612
DUNGS_p_TCGA_b84_115_SNP_N_GenomeWideSNP_6_D05_771612	6	31287501	31295953	3	-1.9154
DUNGS_p_TCGA_b84_115_SNP_N_GenomeWideSNP_6_D05_771612	6	31295987	32431552	507	0.2148
DUNGS_p_TCGA_b84_115_SNP_N_GenomeWideSNP_6_D05_771612	6	32448129	32508476	22	-0.2264
DUNGS_p_TCGA_b84_115_SNP_N_GenomeWideSNP_6_D05_771612	6	32509283	32530144	6	0.2324
DUNGS_p_TCGA_b84_115_SNP_N_GenomeWideSNP_6_D05_771612	6	32530298	32573771	10	0.7998
DUNGS_p_TCGA_b84_115_SNP_N_GenomeWideSNP_6_D05_771612	6	32574014	32581889	10	0.0972
DUNGS_p_TCGA_b84_115_SNP_N_GenomeWideSNP_6_D05_771612	6	32582203	32602107	10	-1.1247
DUNGS_p_TCGA_b84_115_SNP_N_GenomeWideSNP_6_D05_771612	6	32602269	48930865	10443	0.1515
DUNGS_p_TCGA_b84_115_SNP_N_GenomeWideSNP_6_D05_771612	6	48931729	48935200	5	-0.7878
DUNGS_p_TCGA_b84_115_SNP_N_GenomeWideSNP_6_D05_771612	6	48946563	67008262	8796	0.151
DUNGS_p_TCGA_b84_115_SNP_N_GenomeWideSNP_6_D05_771612	6	67008286	67048629	56	-0.6662
DUNGS_p_TCGA_b84_115_SNP_N_GenomeWideSNP_6_D05_771612	6	67049406	67804693	663	0.1475
DUNGS_p_TCGA_b84_115_SNP_N_GenomeWideSNP_6_D05_771612	6	67804700	68446227	404	-0.3011
DUNGS_p_TCGA_b84_115_SNP_N_GenomeWideSNP_6_D05_771612	6	68449237	72906477	2875	0.1485
DUNGS_p_TCGA_b84_115_SNP_N_GenomeWideSNP_6_D05_771612	6	72906753	75838431	1886	-0.3091
DUNGS_p_TCGA_b84_115_SNP_N_GenomeWideSNP_6_D05_771612	6	75838596	77436532	961	0.1509
DUNGS_p_TCGA_b84_115_SNP_N_GenomeWideSNP_6_D05_771612	6	77439868	77452757	21	-0.3608
DUNGS_p_TCGA_b84_115_SNP_N_GenomeWideSNP_6_D05_771612	6	77461073	77582212	105	0.156
DUNGS_p_TCGA_b84_115_SNP_N_GenomeWideSNP_6_D05_771612	6	77584009	79497349	1291	-0.3108
DUNGS_p_TCGA_b84_115_SNP_N_GenomeWideSNP_6_D05_771612	6	79503171	79586225	50	0.1417
DUNGS_p_TCGA_b84_115_SNP_N_GenomeWideSNP_6_D05_771612	6	79589228	95285922	10098	-0.3109
DUNGS_p_TCGA_b84_115_SNP_N_GenomeWideSNP_6_D05_771612	6	95291024	95292392	2	-1.3776
DUNGS_p_TCGA_b84_115_SNP_N_GenomeWideSNP_6_D05_771612	6	95295064	97757782	1426	-0.3044
DUNGS_p_TCGA_b84_115_SNP_N_GenomeWideSNP_6_D05_771612	6	97762390	97804134	26	0.0912
DUNGS_p_TCGA_b84_115_SNP_N_GenomeWideSNP_6_D05_771612	6	97804910	97866572	22	-0.3075
DUNGS_p_TCGA_b84_115_SNP_N_GenomeWideSNP_6_D05_771612	6	97875496	103734825	3576	0.1517
DUNGS_p_TCGA_b84_115_SNP_N_GenomeWideSNP_6_D05_771612	6	103734829	103762061	47	0.7977
DUNGS_p_TCGA_b84_115_SNP_N_GenomeWideSNP_6_D05_771612	6	103765470	134266268	19111	0.1445
DUNGS_p_TCGA_b84_115_SNP_N_GenomeWideSNP_6_D05_771612	6	134269071	134269632	2	-2.0938
DUNGS_p_TCGA_b84_115_SNP_N_GenomeWideSNP_6_D05_771612	6	134272072	170919495	25174	0.1474
DUNGS_p_TCGA_b84_115_SNP_N_GenomeWideSNP_6_D05_771612	6	170982327	171051005	4	-0.2617
DUNGS_p_TCGA_b84_115_SNP_N_GenomeWideSNP_6_D05_771612	7	43355	3389090	1428	0.3999
DUNGS_p_TCGA_b84_115_SNP_N_GenomeWideSNP_6_D05_771612	7	3395079	3398760	6	-0.3796
DUNGS_p_TCGA_b84_115_SNP_N_GenomeWideSNP_6_D05_771612	7	3398816	4620030	1044	0.4188
DUNGS_p_TCGA_b84_115_SNP_N_GenomeWideSNP_6_D05_771612	7	4620099	4620194	7	0.9992
DUNGS_p_TCGA_b84_115_SNP_N_GenomeWideSNP_6_D05_771612	7	4620560	29688165	19024	0.394
DUNGS_p_TCGA_b84_115_SNP_N_GenomeWideSNP_6_D05_771612	7	29689685	29690059	2	-0.9369
DUNGS_p_TCGA_b84_115_SNP_N_GenomeWideSNP_6_D05_771612	7	29691083	38387443	6076	0.3857
DUNGS_p_TCGA_b84_115_SNP_N_GenomeWideSNP_6_D05_771612	7	38391365	38398047	5	-0.996
DUNGS_p_TCGA_b84_115_SNP_N_GenomeWideSNP_6_D05_771612	7	38400957	44276843	3866	0.3901
DUNGS_p_TCGA_b84_115_SNP_N_GenomeWideSNP_6_D05_771612	7	44283071	44355099	32	-0.317
DUNGS_p_TCGA_b84_115_SNP_N_GenomeWideSNP_6_D05_771612	7	44371414	46492712	1294	0.3875
DUNGS_p_TCGA_b84_115_SNP_N_GenomeWideSNP_6_D05_771612	7	46494018	46494033	2	-0.6381
DUNGS_p_TCGA_b84_115_SNP_N_GenomeWideSNP_6_D05_771612	7	46494046	54386505	5827	0.3884
DUNGS_p_TCGA_b84_115_SNP_N_GenomeWideSNP_6_D05_771612	7	54386509	54386517	5	1.8081
DUNGS_p_TCGA_b84_115_SNP_N_GenomeWideSNP_6_D05_771612	7	54393488	61876144	2141	0.3769
DUNGS_p_TCGA_b84_115_SNP_N_GenomeWideSNP_6_D05_771612	7	61888128	62156731	58	-0.1055
DUNGS_p_TCGA_b84_115_SNP_N_GenomeWideSNP_6_D05_771612	7	62156733	62156736	2	-2.6251
DUNGS_p_TCGA_b84_115_SNP_N_GenomeWideSNP_6_D05_771612	7	62161619	62365702	39	-0.1841
DUNGS_p_TCGA_b84_115_SNP_N_GenomeWideSNP_6_D05_771612	7	62369833	62369834	2	-1.5855
DUNGS_p_TCGA_b84_115_SNP_N_GenomeWideSNP_6_D05_771612	7	62385277	64594065	899	-0.0055
DUNGS_p_TCGA_b84_115_SNP_N_GenomeWideSNP_6_D05_771612	7	64594341	64595118	4	-1.4652
DUNGS_p_TCGA_b84_115_SNP_N_GenomeWideSNP_6_D05_771612	7	64595698	69782635	2713	-0.0292
DUNGS_p_TCGA_b84_115_SNP_N_GenomeWideSNP_6_D05_771612	7	69783429	74859651	2196	0.3643
DUNGS_p_TCGA_b84_115_SNP_N_GenomeWideSNP_6_D05_771612	7	75034646	77369847	1088	-0.026
DUNGS_p_TCGA_b84_115_SNP_N_GenomeWideSNP_6_D05_771612	7	77371788	82359753	3533	0.2001
DUNGS_p_TCGA_b84_115_SNP_N_GenomeWideSNP_6_D05_771612	7	82361634	83223390	594	-0.0277
DUNGS_p_TCGA_b84_115_SNP_N_GenomeWideSNP_6_D05_771612	7	83223424	85940035	1688	0.2
DUNGS_p_TCGA_b84_115_SNP_N_GenomeWideSNP_6_D05_771612	7	85940275	85945903	3	-0.5576
DUNGS_p_TCGA_b84_115_SNP_N_GenomeWideSNP_6_D05_771612	7	85948420	86125795	100	0.2156
DUNGS_p_TCGA_b84_115_SNP_N_GenomeWideSNP_6_D05_771612	7	86129396	88483587	1403	-0.3133
DUNGS_p_TCGA_b84_115_SNP_N_GenomeWideSNP_6_D05_771612	7	88487936	89352541	541	0.2464
DUNGS_p_TCGA_b84_115_SNP_N_GenomeWideSNP_6_D05_771612	7	89354936	89776417	297	0.5787
DUNGS_p_TCGA_b84_115_SNP_N_GenomeWideSNP_6_D05_771612	7	89776870	89787296	4	0.11
DUNGS_p_TCGA_b84_115_SNP_N_GenomeWideSNP_6_D05_771612	7	89787400	91040344	892	-0.3134
DUNGS_p_TCGA_b84_115_SNP_N_GenomeWideSNP_6_D05_771612	7	91040425	91040589	3	-1.287
DUNGS_p_TCGA_b84_115_SNP_N_GenomeWideSNP_6_D05_771612	7	91040727	97395462	3979	-0.3122
DUNGS_p_TCGA_b84_115_SNP_N_GenomeWideSNP_6_D05_771612	7	97395465	97402475	14	-1.2214
DUNGS_p_TCGA_b84_115_SNP_N_GenomeWideSNP_6_D05_771612	7	97404240	101118817	1587	-0.301
DUNGS_p_TCGA_b84_115_SNP_N_GenomeWideSNP_6_D05_771612	7	101120527	101137314	9	0.1988
DUNGS_p_TCGA_b84_115_SNP_N_GenomeWideSNP_6_D05_771612	7	101141867	102447229	523	-0.2699
DUNGS_p_TCGA_b84_115_SNP_N_GenomeWideSNP_6_D05_771612	7	102447452	103179595	357	0.186
DUNGS_p_TCGA_b84_115_SNP_N_GenomeWideSNP_6_D05_771612	7	103180150	104883305	1217	0.5449
DUNGS_p_TCGA_b84_115_SNP_N_GenomeWideSNP_6_D05_771612	7	104891414	105153191	117	-0.3167
DUNGS_p_TCGA_b84_115_SNP_N_GenomeWideSNP_6_D05_771612	7	105153242	105166520	7	-0.8167
DUNGS_p_TCGA_b84_115_SNP_N_GenomeWideSNP_6_D05_771612	7	105166776	106843379	1182	-0.3173
DUNGS_p_TCGA_b84_115_SNP_N_GenomeWideSNP_6_D05_771612	7	106847035	106872532	12	-0.0886
DUNGS_p_TCGA_b84_115_SNP_N_GenomeWideSNP_6_D05_771612	7	106873045	107110813	101	0.2038
DUNGS_p_TCGA_b84_115_SNP_N_GenomeWideSNP_6_D05_771612	7	107111184	107712074	362	-0.0328
DUNGS_p_TCGA_b84_115_SNP_N_GenomeWideSNP_6_D05_771612	7	107712638	109437100	1173	-0.3013
DUNGS_p_TCGA_b84_115_SNP_N_GenomeWideSNP_6_D05_771612	7	109437101	109453910	28	0.3055
DUNGS_p_TCGA_b84_115_SNP_N_GenomeWideSNP_6_D05_771612	7	109453982	109658868	138	-0.323
DUNGS_p_TCGA_b84_115_SNP_N_GenomeWideSNP_6_D05_771612	7	109667548	111077531	966	0.2002
DUNGS_p_TCGA_b84_115_SNP_N_GenomeWideSNP_6_D05_771612	7	111077582	117060281	3607	-0.3161
DUNGS_p_TCGA_b84_115_SNP_N_GenomeWideSNP_6_D05_771612	7	117067822	122664719	3243	0.2007
DUNGS_p_TCGA_b84_115_SNP_N_GenomeWideSNP_6_D05_771612	7	122671216	126045556	2094	-0.3048
DUNGS_p_TCGA_b84_115_SNP_N_GenomeWideSNP_6_D05_771612	7	126045651	126046880	15	0.1921
DUNGS_p_TCGA_b84_115_SNP_N_GenomeWideSNP_6_D05_771612	7	126046881	133785177	4705	-0.3109
DUNGS_p_TCGA_b84_115_SNP_N_GenomeWideSNP_6_D05_771612	7	133785195	133795634	26	-0.7403
DUNGS_p_TCGA_b84_115_SNP_N_GenomeWideSNP_6_D05_771612	7	133795665	134203135	329	-0.3158
DUNGS_p_TCGA_b84_115_SNP_N_GenomeWideSNP_6_D05_771612	7	134207477	134211239	6	0.3096
DUNGS_p_TCGA_b84_115_SNP_N_GenomeWideSNP_6_D05_771612	7	134215403	142474939	5372	-0.3073
DUNGS_p_TCGA_b84_115_SNP_N_GenomeWideSNP_6_D05_771612	7	142476719	142486345	29	0.4011
DUNGS_p_TCGA_b84_115_SNP_N_GenomeWideSNP_6_D05_771612	7	142486495	143216729	463	-0.2833
DUNGS_p_TCGA_b84_115_SNP_N_GenomeWideSNP_6_D05_771612	7	143216852	143408430	37	-0.0066
DUNGS_p_TCGA_b84_115_SNP_N_GenomeWideSNP_6_D05_771612	7	143425378	143477675	36	-0.236
DUNGS_p_TCGA_b84_115_SNP_N_GenomeWideSNP_6_D05_771612	7	143477801	143568059	32	0.2239
DUNGS_p_TCGA_b84_115_SNP_N_GenomeWideSNP_6_D05_771612	7	143572166	159127004	10017	-0.3064
DUNGS_p_TCGA_b84_115_SNP_N_GenomeWideSNP_6_D05_771612	8	31254	6205666	6978	0.1344
DUNGS_p_TCGA_b84_115_SNP_N_GenomeWideSNP_6_D05_771612	8	6205967	6215165	22	-0.7915
DUNGS_p_TCGA_b84_115_SNP_N_GenomeWideSNP_6_D05_771612	8	6215865	6825536	724	0.1412
DUNGS_p_TCGA_b84_115_SNP_N_GenomeWideSNP_6_D05_771612	8	6825676	6827186	14	-0.4129
DUNGS_p_TCGA_b84_115_SNP_N_GenomeWideSNP_6_D05_771612	8	6827199	12240162	3598	0.1277
DUNGS_p_TCGA_b84_115_SNP_N_GenomeWideSNP_6_D05_771612	8	12240182	12277278	41	-0.2736
DUNGS_p_TCGA_b84_115_SNP_N_GenomeWideSNP_6_D05_771612	8	12281121	15292962	2709	0.1325
DUNGS_p_TCGA_b84_115_SNP_N_GenomeWideSNP_6_D05_771612	8	15293931	15295445	2	-0.8861
DUNGS_p_TCGA_b84_115_SNP_N_GenomeWideSNP_6_D05_771612	8	15296703	23402308	6631	0.1411
DUNGS_p_TCGA_b84_115_SNP_N_GenomeWideSNP_6_D05_771612	8	23407740	23407871	5	-0.638
DUNGS_p_TCGA_b84_115_SNP_N_GenomeWideSNP_6_D05_771612	8	23407905	24974522	1144	0.1255
DUNGS_p_TCGA_b84_115_SNP_N_GenomeWideSNP_6_D05_771612	8	24974577	24984333	24	-2.295
DUNGS_p_TCGA_b84_115_SNP_N_GenomeWideSNP_6_D05_771612	8	24991104	25410206	318	0.1409
DUNGS_p_TCGA_b84_115_SNP_N_GenomeWideSNP_6_D05_771612	8	25415204	25415269	2	-0.913
DUNGS_p_TCGA_b84_115_SNP_N_GenomeWideSNP_6_D05_771612	8	25415450	39230659	8729	0.1327
DUNGS_p_TCGA_b84_115_SNP_N_GenomeWideSNP_6_D05_771612	8	39235603	39395109	65	-0.1403
DUNGS_p_TCGA_b84_115_SNP_N_GenomeWideSNP_6_D05_771612	8	39395857	72212365	17923	0.1238
DUNGS_p_TCGA_b84_115_SNP_N_GenomeWideSNP_6_D05_771612	8	72215311	72216222	6	-0.6993
DUNGS_p_TCGA_b84_115_SNP_N_GenomeWideSNP_6_D05_771612	8	72216434	95557552	13853	0.1247
DUNGS_p_TCGA_b84_115_SNP_N_GenomeWideSNP_6_D05_771612	8	95557602	95557992	6	0.8865
DUNGS_p_TCGA_b84_115_SNP_N_GenomeWideSNP_6_D05_771612	8	95558115	109899401	8982	0.1211
DUNGS_p_TCGA_b84_115_SNP_N_GenomeWideSNP_6_D05_771612	8	109900836	109902374	3	1.0976
DUNGS_p_TCGA_b84_115_SNP_N_GenomeWideSNP_6_D05_771612	8	109905047	115632043	3149	0.134
DUNGS_p_TCGA_b84_115_SNP_N_GenomeWideSNP_6_D05_771612	8	115634487	115641689	34	-0.4887
DUNGS_p_TCGA_b84_115_SNP_N_GenomeWideSNP_6_D05_771612	8	115641731	146298155	21095	0.1284
DUNGS_p_TCGA_b84_115_SNP_N_GenomeWideSNP_6_D05_771612	9	46587	12182949	11438	-0.2903
DUNGS_p_TCGA_b84_115_SNP_N_GenomeWideSNP_6_D05_771612	9	12189877	12220601	25	-1.7959
DUNGS_p_TCGA_b84_115_SNP_N_GenomeWideSNP_6_D05_771612	9	12222448	12476820	201	-0.2536
DUNGS_p_TCGA_b84_115_SNP_N_GenomeWideSNP_6_D05_771612	9	12485451	12586414	87	-1.0556
DUNGS_p_TCGA_b84_115_SNP_N_GenomeWideSNP_6_D05_771612	9	12588950	16037531	2728	-0.2958
DUNGS_p_TCGA_b84_115_SNP_N_GenomeWideSNP_6_D05_771612	9	16039521	16040663	3	-1.2445
DUNGS_p_TCGA_b84_115_SNP_N_GenomeWideSNP_6_D05_771612	9	16042898	22492889	5418	-0.2984
DUNGS_p_TCGA_b84_115_SNP_N_GenomeWideSNP_6_D05_771612	9	22501913	22502699	2	-4.1471
DUNGS_p_TCGA_b84_115_SNP_N_GenomeWideSNP_6_D05_771612	9	22509340	41846811	11486	-0.2888
DUNGS_p_TCGA_b84_115_SNP_N_GenomeWideSNP_6_D05_771612	9	41892866	42023587	9	0.2889
DUNGS_p_TCGA_b84_115_SNP_N_GenomeWideSNP_6_D05_771612	9	42024172	42065266	2	-1.8268
DUNGS_p_TCGA_b84_115_SNP_N_GenomeWideSNP_6_D05_771612	9	42065343	43472537	23	-0.2764
DUNGS_p_TCGA_b84_115_SNP_N_GenomeWideSNP_6_D05_771612	9	43505852	43511711	2	-2.3792
DUNGS_p_TCGA_b84_115_SNP_N_GenomeWideSNP_6_D05_771612	9	43511855	44469328	84	-0.3902
DUNGS_p_TCGA_b84_115_SNP_N_GenomeWideSNP_6_D05_771612	9	44629223	44837527	35	-0.7387
DUNGS_p_TCGA_b84_115_SNP_N_GenomeWideSNP_6_D05_771612	9	44840918	87930889	12763	-0.3024
DUNGS_p_TCGA_b84_115_SNP_N_GenomeWideSNP_6_D05_771612	9	87931126	87936303	2	-1.677
DUNGS_p_TCGA_b84_115_SNP_N_GenomeWideSNP_6_D05_771612	9	87936431	90522594	1875	-0.2991
DUNGS_p_TCGA_b84_115_SNP_N_GenomeWideSNP_6_D05_771612	9	90554151	90554219	2	-1.4511
DUNGS_p_TCGA_b84_115_SNP_N_GenomeWideSNP_6_D05_771612	9	90557957	107792756	11687	-0.2932
DUNGS_p_TCGA_b84_115_SNP_N_GenomeWideSNP_6_D05_771612	9	107794920	107795068	2	-1.4296
DUNGS_p_TCGA_b84_115_SNP_N_GenomeWideSNP_6_D05_771612	9	107795081	116841180	6797	-0.2989
DUNGS_p_TCGA_b84_115_SNP_N_GenomeWideSNP_6_D05_771612	9	116842333	116842496	2	-1.647
DUNGS_p_TCGA_b84_115_SNP_N_GenomeWideSNP_6_D05_771612	9	116843132	128976320	8779	-0.2976
DUNGS_p_TCGA_b84_115_SNP_N_GenomeWideSNP_6_D05_771612	9	128976350	128976662	3	0.8289
DUNGS_p_TCGA_b84_115_SNP_N_GenomeWideSNP_6_D05_771612	9	128976702	141091394	6549	-0.2815
DUNGS_p_TCGA_b84_115_SNP_N_GenomeWideSNP_6_D05_771612	10	72759	5030267	4332	0.2027
DUNGS_p_TCGA_b84_115_SNP_N_GenomeWideSNP_6_D05_771612	10	5030368	5072264	28	0.5618
DUNGS_p_TCGA_b84_115_SNP_N_GenomeWideSNP_6_D05_771612	10	5075724	13050005	6591	0.1894
DUNGS_p_TCGA_b84_115_SNP_N_GenomeWideSNP_6_D05_771612	10	13050023	13050170	4	-1.0641
DUNGS_p_TCGA_b84_115_SNP_N_GenomeWideSNP_6_D05_771612	10	13050428	31246510	13368	0.1847
DUNGS_p_TCGA_b84_115_SNP_N_GenomeWideSNP_6_D05_771612	10	31251334	31251822	12	0.6795
DUNGS_p_TCGA_b84_115_SNP_N_GenomeWideSNP_6_D05_771612	10	31251885	46691480	7279	0.1884
DUNGS_p_TCGA_b84_115_SNP_N_GenomeWideSNP_6_D05_771612	10	46917315	46943377	5	-0.7506
DUNGS_p_TCGA_b84_115_SNP_N_GenomeWideSNP_6_D05_771612	10	46946708	47771030	362	0.1275
DUNGS_p_TCGA_b84_115_SNP_N_GenomeWideSNP_6_D05_771612	10	47897394	47948060	4	-1.5679
DUNGS_p_TCGA_b84_115_SNP_N_GenomeWideSNP_6_D05_771612	10	47960476	51000594	1622	0.1881
DUNGS_p_TCGA_b84_115_SNP_N_GenomeWideSNP_6_D05_771612	10	51004136	51015042	6	-0.4368
DUNGS_p_TCGA_b84_115_SNP_N_GenomeWideSNP_6_D05_771612	10	51015519	59094568	5504	0.1986
DUNGS_p_TCGA_b84_115_SNP_N_GenomeWideSNP_6_D05_771612	10	59094597	59095203	7	0.7195
DUNGS_p_TCGA_b84_115_SNP_N_GenomeWideSNP_6_D05_771612	10	59095288	59203049	95	0.2219
DUNGS_p_TCGA_b84_115_SNP_N_GenomeWideSNP_6_D05_771612	10	59210505	59218495	5	-0.4565
DUNGS_p_TCGA_b84_115_SNP_N_GenomeWideSNP_6_D05_771612	10	59222054	61471694	1642	0.192
DUNGS_p_TCGA_b84_115_SNP_N_GenomeWideSNP_6_D05_771612	10	61478521	61550057	58	-0.2391
DUNGS_p_TCGA_b84_115_SNP_N_GenomeWideSNP_6_D05_771612	10	61554006	67307923	3866	0.1891
DUNGS_p_TCGA_b84_115_SNP_N_GenomeWideSNP_6_D05_771612	10	67307936	67314446	27	-0.3209
DUNGS_p_TCGA_b84_115_SNP_N_GenomeWideSNP_6_D05_771612	10	67322795	135434551	46354	0.1922
DUNGS_p_TCGA_b84_115_SNP_N_GenomeWideSNP_6_D05_771612	10	135449357	135506704	5	-0.6471
DUNGS_p_TCGA_b84_115_SNP_N_GenomeWideSNP_6_D05_771612	11	198510	4963419	2463	-0.0339
DUNGS_p_TCGA_b84_115_SNP_N_GenomeWideSNP_6_D05_771612	11	4963432	4976614	54	0.168
DUNGS_p_TCGA_b84_115_SNP_N_GenomeWideSNP_6_D05_771612	11	4976814	5788092	793	-0.0443
DUNGS_p_TCGA_b84_115_SNP_N_GenomeWideSNP_6_D05_771612	11	5789601	5821982	40	0.1894
DUNGS_p_TCGA_b84_115_SNP_N_GenomeWideSNP_6_D05_771612	11	5824883	18950357	9434	-0.0536
DUNGS_p_TCGA_b84_115_SNP_N_GenomeWideSNP_6_D05_771612	11	18950586	18961065	27	-0.3698
DUNGS_p_TCGA_b84_115_SNP_N_GenomeWideSNP_6_D05_771612	11	18961097	20843891	1698	-0.0548
DUNGS_p_TCGA_b84_115_SNP_N_GenomeWideSNP_6_D05_771612	11	20844852	20849758	3	-1.9698
DUNGS_p_TCGA_b84_115_SNP_N_GenomeWideSNP_6_D05_771612	11	20850230	21846894	921	-0.0416
DUNGS_p_TCGA_b84_115_SNP_N_GenomeWideSNP_6_D05_771612	11	21847506	21848752	5	-1.9776
DUNGS_p_TCGA_b84_115_SNP_N_GenomeWideSNP_6_D05_771612	11	21850657	25654935	2693	-0.0499
DUNGS_p_TCGA_b84_115_SNP_N_GenomeWideSNP_6_D05_771612	11	25655213	25660676	2	-2.0354
DUNGS_p_TCGA_b84_115_SNP_N_GenomeWideSNP_6_D05_771612	11	25662734	29681222	2736	-0.0398
DUNGS_p_TCGA_b84_115_SNP_N_GenomeWideSNP_6_D05_771612	11	29685916	29701005	5	-0.8081
DUNGS_p_TCGA_b84_115_SNP_N_GenomeWideSNP_6_D05_771612	11	29702047	51337258	13490	-0.0501
DUNGS_p_TCGA_b84_115_SNP_N_GenomeWideSNP_6_D05_771612	11	51352990	51357245	3	-1.1605
DUNGS_p_TCGA_b84_115_SNP_N_GenomeWideSNP_6_D05_771612	11	51375310	55363340	329	-0.0365
DUNGS_p_TCGA_b84_115_SNP_N_GenomeWideSNP_6_D05_771612	11	55374032	55376511	10	-0.8736
DUNGS_p_TCGA_b84_115_SNP_N_GenomeWideSNP_6_D05_771612	11	55376634	55442318	38	-2.0901
DUNGS_p_TCGA_b84_115_SNP_N_GenomeWideSNP_6_D05_771612	11	55444211	55445945	5	0.1182
DUNGS_p_TCGA_b84_115_SNP_N_GenomeWideSNP_6_D05_771612	11	55447237	55453009	6	-1.7159
DUNGS_p_TCGA_b84_115_SNP_N_GenomeWideSNP_6_D05_771612	11	55453576	81503468	14635	-0.0512
DUNGS_p_TCGA_b84_115_SNP_N_GenomeWideSNP_6_D05_771612	11	81503992	81517158	10	-4.7926
DUNGS_p_TCGA_b84_115_SNP_N_GenomeWideSNP_6_D05_771612	11	81522632	106614752	17442	-0.0554
DUNGS_p_TCGA_b84_115_SNP_N_GenomeWideSNP_6_D05_771612	11	106619739	106620202	4	-1.5936
DUNGS_p_TCGA_b84_115_SNP_N_GenomeWideSNP_6_D05_771612	11	106629571	132423281	18483	-0.057
DUNGS_p_TCGA_b84_115_SNP_N_GenomeWideSNP_6_D05_771612	11	132427317	132431958	6	-1.8841
DUNGS_p_TCGA_b84_115_SNP_N_GenomeWideSNP_6_D05_771612	11	132434368	134944770	1893	-0.0524
DUNGS_p_TCGA_b84_115_SNP_N_GenomeWideSNP_6_D05_771612	12	150442	865970	418	0.2209
DUNGS_p_TCGA_b84_115_SNP_N_GenomeWideSNP_6_D05_771612	12	869109	874029	18	-0.5668
DUNGS_p_TCGA_b84_115_SNP_N_GenomeWideSNP_6_D05_771612	12	875354	2235889	832	0.2358
DUNGS_p_TCGA_b84_115_SNP_N_GenomeWideSNP_6_D05_771612	12	2245862	2257920	41	-0.5677
DUNGS_p_TCGA_b84_115_SNP_N_GenomeWideSNP_6_D05_771612	12	2258023	6240359	3246	0.1934
DUNGS_p_TCGA_b84_115_SNP_N_GenomeWideSNP_6_D05_771612	12	6245565	6245592	2	-0.8436
DUNGS_p_TCGA_b84_115_SNP_N_GenomeWideSNP_6_D05_771612	12	6248965	8366167	1005	0.1826
DUNGS_p_TCGA_b84_115_SNP_N_GenomeWideSNP_6_D05_771612	12	8366601	8372757	5	-0.3591
DUNGS_p_TCGA_b84_115_SNP_N_GenomeWideSNP_6_D05_771612	12	8378251	8559122	63	0.1641
DUNGS_p_TCGA_b84_115_SNP_N_GenomeWideSNP_6_D05_771612	12	8559516	8567624	6	-0.4603
DUNGS_p_TCGA_b84_115_SNP_N_GenomeWideSNP_6_D05_771612	12	8567639	11220827	1645	0.1942
DUNGS_p_TCGA_b84_115_SNP_N_GenomeWideSNP_6_D05_771612	12	11222368	11260275	13	0.7642
DUNGS_p_TCGA_b84_115_SNP_N_GenomeWideSNP_6_D05_771612	12	11261335	30235581	13304	0.1875
DUNGS_p_TCGA_b84_115_SNP_N_GenomeWideSNP_6_D05_771612	12	30239267	30243575	19	-0.4817
DUNGS_p_TCGA_b84_115_SNP_N_GenomeWideSNP_6_D05_771612	12	30243590	30335424	121	0.2114
DUNGS_p_TCGA_b84_115_SNP_N_GenomeWideSNP_6_D05_771612	12	30336349	30336747	4	-0.4283
DUNGS_p_TCGA_b84_115_SNP_N_GenomeWideSNP_6_D05_771612	12	30337209	31898875	1121	0.1918
DUNGS_p_TCGA_b84_115_SNP_N_GenomeWideSNP_6_D05_771612	12	31900550	31909908	13	-0.7974
DUNGS_p_TCGA_b84_115_SNP_N_GenomeWideSNP_6_D05_771612	12	31917220	33294644	1017	0.1893
DUNGS_p_TCGA_b84_115_SNP_N_GenomeWideSNP_6_D05_771612	12	33294660	33307374	28	-0.2617
DUNGS_p_TCGA_b84_115_SNP_N_GenomeWideSNP_6_D05_771612	12	33308360	38668897	1036	0.2246
DUNGS_p_TCGA_b84_115_SNP_N_GenomeWideSNP_6_D05_771612	12	38671949	38674678	4	0.8362
DUNGS_p_TCGA_b84_115_SNP_N_GenomeWideSNP_6_D05_771612	12	38677595	41934390	2110	0.1933
DUNGS_p_TCGA_b84_115_SNP_N_GenomeWideSNP_6_D05_771612	12	41938165	41945403	10	-0.7171
DUNGS_p_TCGA_b84_115_SNP_N_GenomeWideSNP_6_D05_771612	12	41946539	45904438	2472	0.1911
DUNGS_p_TCGA_b84_115_SNP_N_GenomeWideSNP_6_D05_771612	12	45905840	45909537	3	-2.3978
DUNGS_p_TCGA_b84_115_SNP_N_GenomeWideSNP_6_D05_771612	12	45913292	58721183	7219	0.1868
DUNGS_p_TCGA_b84_115_SNP_N_GenomeWideSNP_6_D05_771612	12	58721231	58730162	3	-0.9565
DUNGS_p_TCGA_b84_115_SNP_N_GenomeWideSNP_6_D05_771612	12	58730848	78196771	12703	0.1844
DUNGS_p_TCGA_b84_115_SNP_N_GenomeWideSNP_6_D05_771612	12	78212394	78212781	2	-0.8543
DUNGS_p_TCGA_b84_115_SNP_N_GenomeWideSNP_6_D05_771612	12	78215191	90483350	7384	0.1823
DUNGS_p_TCGA_b84_115_SNP_N_GenomeWideSNP_6_D05_771612	12	90491669	90491980	4	-1.0894
DUNGS_p_TCGA_b84_115_SNP_N_GenomeWideSNP_6_D05_771612	12	90491994	117377640	18297	0.1885
DUNGS_p_TCGA_b84_115_SNP_N_GenomeWideSNP_6_D05_771612	12	117383270	117404767	15	0.5629
DUNGS_p_TCGA_b84_115_SNP_N_GenomeWideSNP_6_D05_771612	12	117406001	131930258	10187	0.1967
DUNGS_p_TCGA_b84_115_SNP_N_GenomeWideSNP_6_D05_771612	12	131930263	131934514	13	-0.158
DUNGS_p_TCGA_b84_115_SNP_N_GenomeWideSNP_6_D05_771612	12	131934761	133778189	770	0.2148
DUNGS_p_TCGA_b84_115_SNP_N_GenomeWideSNP_6_D05_771612	13	19026949	19776854	356	-0.2614
DUNGS_p_TCGA_b84_115_SNP_N_GenomeWideSNP_6_D05_771612	13	19777093	19781460	3	-1.2834
DUNGS_p_TCGA_b84_115_SNP_N_GenomeWideSNP_6_D05_771612	13	19781766	25971481	4325	-0.2919
DUNGS_p_TCGA_b84_115_SNP_N_GenomeWideSNP_6_D05_771612	13	25972480	25979656	12	-2.3375
DUNGS_p_TCGA_b84_115_SNP_N_GenomeWideSNP_6_D05_771612	13	25981163	38071135	8883	-0.3058
DUNGS_p_TCGA_b84_115_SNP_N_GenomeWideSNP_6_D05_771612	13	38072036	38088387	19	0.4051
DUNGS_p_TCGA_b84_115_SNP_N_GenomeWideSNP_6_D05_771612	13	38088609	64664743	16666	-0.2963
DUNGS_p_TCGA_b84_115_SNP_N_GenomeWideSNP_6_D05_771612	13	64665185	64665434	3	-1.3571
DUNGS_p_TCGA_b84_115_SNP_N_GenomeWideSNP_6_D05_771612	13	64672778	69249481	2831	-0.2976
DUNGS_p_TCGA_b84_115_SNP_N_GenomeWideSNP_6_D05_771612	13	69250779	69251649	7	0.2934
DUNGS_p_TCGA_b84_115_SNP_N_GenomeWideSNP_6_D05_771612	13	69251980	72476988	2091	-0.2931
DUNGS_p_TCGA_b84_115_SNP_N_GenomeWideSNP_6_D05_771612	13	72477555	72480556	4	-2.3722
DUNGS_p_TCGA_b84_115_SNP_N_GenomeWideSNP_6_D05_771612	13	72480605	73303459	656	-0.3079
DUNGS_p_TCGA_b84_115_SNP_N_GenomeWideSNP_6_D05_771612	13	73307527	73308030	2	-1.654
DUNGS_p_TCGA_b84_115_SNP_N_GenomeWideSNP_6_D05_771612	13	73308901	89337009	10322	-0.2995
DUNGS_p_TCGA_b84_115_SNP_N_GenomeWideSNP_6_D05_771612	13	89340429	89343815	3	-1.3234
DUNGS_p_TCGA_b84_115_SNP_N_GenomeWideSNP_6_D05_771612	13	89344377	94687480	3509	-0.3001
DUNGS_p_TCGA_b84_115_SNP_N_GenomeWideSNP_6_D05_771612	13	94689471	95090320	321	0.1803
DUNGS_p_TCGA_b84_115_SNP_N_GenomeWideSNP_6_D05_771612	13	95091739	115108397	14364	-0.3031
DUNGS_p_TCGA_b84_115_SNP_N_GenomeWideSNP_6_D05_771612	14	19002124	19382209	24	-0.1079
DUNGS_p_TCGA_b84_115_SNP_N_GenomeWideSNP_6_D05_771612	14	19382344	19469520	14	0.6745
DUNGS_p_TCGA_b84_115_SNP_N_GenomeWideSNP_6_D05_771612	14	19541714	20143509	42	0.204
DUNGS_p_TCGA_b84_115_SNP_N_GenomeWideSNP_6_D05_771612	14	20157843	20424926	111	0.6171
DUNGS_p_TCGA_b84_115_SNP_N_GenomeWideSNP_6_D05_771612	14	20425509	20550540	92	-0.0113
DUNGS_p_TCGA_b84_115_SNP_N_GenomeWideSNP_6_D05_771612	14	20553284	20555196	2	1.3817
DUNGS_p_TCGA_b84_115_SNP_N_GenomeWideSNP_6_D05_771612	14	20557267	41607529	13561	-0.0149
DUNGS_p_TCGA_b84_115_SNP_N_GenomeWideSNP_6_D05_771612	14	41607634	41657349	17	0.398
DUNGS_p_TCGA_b84_115_SNP_N_GenomeWideSNP_6_D05_771612	14	41670102	54699995	8046	-0.0271
DUNGS_p_TCGA_b84_115_SNP_N_GenomeWideSNP_6_D05_771612	14	54713774	54714012	4	-0.9091
DUNGS_p_TCGA_b84_115_SNP_N_GenomeWideSNP_6_D05_771612	14	54714476	67041440	8040	-0.0394
DUNGS_p_TCGA_b84_115_SNP_N_GenomeWideSNP_6_D05_771612	14	67041635	67407847	147	-0.3338
DUNGS_p_TCGA_b84_115_SNP_N_GenomeWideSNP_6_D05_771612	14	67410266	74001123	4268	-0.0291
DUNGS_p_TCGA_b84_115_SNP_N_GenomeWideSNP_6_D05_771612	14	74006707	74029900	9	0.8099
DUNGS_p_TCGA_b84_115_SNP_N_GenomeWideSNP_6_D05_771612	14	74029915	86284754	8179	-0.029
DUNGS_p_TCGA_b84_115_SNP_N_GenomeWideSNP_6_D05_771612	14	86286312	86312173	15	-0.924
DUNGS_p_TCGA_b84_115_SNP_N_GenomeWideSNP_6_D05_771612	14	86316135	106526966	12639	-0.0232
DUNGS_p_TCGA_b84_115_SNP_N_GenomeWideSNP_6_D05_771612	14	106530364	106547314	8	-0.7129
DUNGS_p_TCGA_b84_115_SNP_N_GenomeWideSNP_6_D05_771612	14	106547507	106561441	9	-2.4944
DUNGS_p_TCGA_b84_115_SNP_N_GenomeWideSNP_6_D05_771612	14	106567100	106715330	66	-0.039
DUNGS_p_TCGA_b84_115_SNP_N_GenomeWideSNP_6_D05_771612	14	106715489	106728162	10	-0.6904
DUNGS_p_TCGA_b84_115_SNP_N_GenomeWideSNP_6_D05_771612	14	106736240	106872062	66	0.1255
DUNGS_p_TCGA_b84_115_SNP_N_GenomeWideSNP_6_D05_771612	14	106874361	106939788	60	-0.6418
DUNGS_p_TCGA_b84_115_SNP_N_GenomeWideSNP_6_D05_771612	14	106943522	107161100	133	-2e-04
DUNGS_p_TCGA_b84_115_SNP_N_GenomeWideSNP_6_D05_771612	14	107165591	107178603	12	-0.5855
DUNGS_p_TCGA_b84_115_SNP_N_GenomeWideSNP_6_D05_771612	14	107179496	107285437	71	0.0142
DUNGS_p_TCGA_b84_115_SNP_N_GenomeWideSNP_6_D05_771612	15	20016328	20262236	53	0.2256
DUNGS_p_TCGA_b84_115_SNP_N_GenomeWideSNP_6_D05_771612	15	20264286	20578421	45	0.9512
DUNGS_p_TCGA_b84_115_SNP_N_GenomeWideSNP_6_D05_771612	15	20581451	20581564	7	0.2882
DUNGS_p_TCGA_b84_115_SNP_N_GenomeWideSNP_6_D05_771612	15	20585988	20590042	14	1.5651
DUNGS_p_TCGA_b84_115_SNP_N_GenomeWideSNP_6_D05_771612	15	20590160	20843562	40	0.9788
DUNGS_p_TCGA_b84_115_SNP_N_GenomeWideSNP_6_D05_771612	15	20847933	21169904	106	0.4751
DUNGS_p_TCGA_b84_115_SNP_N_GenomeWideSNP_6_D05_771612	15	21173853	21273220	22	-0.1995
DUNGS_p_TCGA_b84_115_SNP_N_GenomeWideSNP_6_D05_771612	15	21275684	22263557	20	0.4125
DUNGS_p_TCGA_b84_115_SNP_N_GenomeWideSNP_6_D05_771612	15	22280477	22681250	118	1.1517
DUNGS_p_TCGA_b84_115_SNP_N_GenomeWideSNP_6_D05_771612	15	22751094	23487546	316	0.2512
DUNGS_p_TCGA_b84_115_SNP_N_GenomeWideSNP_6_D05_771612	15	23641514	23670984	12	-0.7873
DUNGS_p_TCGA_b84_115_SNP_N_GenomeWideSNP_6_D05_771612	15	23671846	34739921	7087	0.2589
DUNGS_p_TCGA_b84_115_SNP_N_GenomeWideSNP_6_D05_771612	15	34745719	34746462	3	1.2681
DUNGS_p_TCGA_b84_115_SNP_N_GenomeWideSNP_6_D05_771612	15	34747343	61684205	17407	0.2486
DUNGS_p_TCGA_b84_115_SNP_N_GenomeWideSNP_6_D05_771612	15	61688169	61697967	16	-0.7943
DUNGS_p_TCGA_b84_115_SNP_N_GenomeWideSNP_6_D05_771612	15	61697981	102305717	26773	0.25
DUNGS_p_TCGA_b84_115_SNP_N_GenomeWideSNP_6_D05_771612	15	102306510	102306863	3	1.1486
DUNGS_p_TCGA_b84_115_SNP_N_GenomeWideSNP_6_D05_771612	15	102311258	102469040	67	0.2637
DUNGS_p_TCGA_b84_115_SNP_N_GenomeWideSNP_6_D05_771612	16	60777	85827	4	-0.3441
DUNGS_p_TCGA_b84_115_SNP_N_GenomeWideSNP_6_D05_771612	16	86125	5607890	2626	0.1606
DUNGS_p_TCGA_b84_115_SNP_N_GenomeWideSNP_6_D05_771612	16	5608089	5608151	2	-1.1898
DUNGS_p_TCGA_b84_115_SNP_N_GenomeWideSNP_6_D05_771612	16	5608337	14980977	8513	0.1619
DUNGS_p_TCGA_b84_115_SNP_N_GenomeWideSNP_6_D05_771612	16	14989839	15087177	54	-0.064
DUNGS_p_TCGA_b84_115_SNP_N_GenomeWideSNP_6_D05_771612	16	15094300	16628062	611	0.1913
DUNGS_p_TCGA_b84_115_SNP_N_GenomeWideSNP_6_D05_771612	16	16633361	16739438	23	0.7277
DUNGS_p_TCGA_b84_115_SNP_N_GenomeWideSNP_6_D05_771612	16	16746929	17916410	765	0.1778
DUNGS_p_TCGA_b84_115_SNP_N_GenomeWideSNP_6_D05_771612	16	17919457	17920303	3	-0.7496
DUNGS_p_TCGA_b84_115_SNP_N_GenomeWideSNP_6_D05_771612	16	17920503	18429385	225	0.1829
DUNGS_p_TCGA_b84_115_SNP_N_GenomeWideSNP_6_D05_771612	16	18551587	18742110	23	0.7944
DUNGS_p_TCGA_b84_115_SNP_N_GenomeWideSNP_6_D05_771612	16	18743062	21412403	1629	0.1616
DUNGS_p_TCGA_b84_115_SNP_N_GenomeWideSNP_6_D05_771612	16	21515074	21599499	27	-0.1857
DUNGS_p_TCGA_b84_115_SNP_N_GenomeWideSNP_6_D05_771612	16	21601728	22558997	364	0.1753
DUNGS_p_TCGA_b84_115_SNP_N_GenomeWideSNP_6_D05_771612	16	22559057	22704520	69	-0.1756
DUNGS_p_TCGA_b84_115_SNP_N_GenomeWideSNP_6_D05_771612	16	22710742	32124331	5174	0.1556
DUNGS_p_TCGA_b84_115_SNP_N_GenomeWideSNP_6_D05_771612	16	32146886	32588622	69	-0.2173
DUNGS_p_TCGA_b84_115_SNP_N_GenomeWideSNP_6_D05_771612	16	32588901	32588909	5	-3.8874
DUNGS_p_TCGA_b84_115_SNP_N_GenomeWideSNP_6_D05_771612	16	32609274	33101604	76	-0.1238
DUNGS_p_TCGA_b84_115_SNP_N_GenomeWideSNP_6_D05_771612	16	33241953	33644022	92	-0.3867
DUNGS_p_TCGA_b84_115_SNP_N_GenomeWideSNP_6_D05_771612	16	33644292	33801983	21	-0.0684
DUNGS_p_TCGA_b84_115_SNP_N_GenomeWideSNP_6_D05_771612	16	33811501	55796594	6976	0.2015
DUNGS_p_TCGA_b84_115_SNP_N_GenomeWideSNP_6_D05_771612	16	55798222	55798779	3	2.1007
DUNGS_p_TCGA_b84_115_SNP_N_GenomeWideSNP_6_D05_771612	16	55804348	55821969	13	-0.4862
DUNGS_p_TCGA_b84_115_SNP_N_GenomeWideSNP_6_D05_771612	16	55822397	66050918	6777	0.1969
DUNGS_p_TCGA_b84_115_SNP_N_GenomeWideSNP_6_D05_771612	16	66053230	66054207	3	-0.7208
DUNGS_p_TCGA_b84_115_SNP_N_GenomeWideSNP_6_D05_771612	16	66054709	70604924	2148	0.1997
DUNGS_p_TCGA_b84_115_SNP_N_GenomeWideSNP_6_D05_771612	16	70605280	70842097	130	-0.2661
DUNGS_p_TCGA_b84_115_SNP_N_GenomeWideSNP_6_D05_771612	16	70854381	71202489	141	0.0275
DUNGS_p_TCGA_b84_115_SNP_N_GenomeWideSNP_6_D05_771612	16	71202797	73805390	1623	-0.2836
DUNGS_p_TCGA_b84_115_SNP_N_GenomeWideSNP_6_D05_771612	16	73805748	73806439	2	-1.3817
DUNGS_p_TCGA_b84_115_SNP_N_GenomeWideSNP_6_D05_771612	16	73806552	78371608	3617	-0.2939
DUNGS_p_TCGA_b84_115_SNP_N_GenomeWideSNP_6_D05_771612	16	78372440	78381263	14	-1.2148
DUNGS_p_TCGA_b84_115_SNP_N_GenomeWideSNP_6_D05_771612	16	78383140	79745606	1708	-0.3089
DUNGS_p_TCGA_b84_115_SNP_N_GenomeWideSNP_6_D05_771612	16	79747885	79750865	10	-1.0794
DUNGS_p_TCGA_b84_115_SNP_N_GenomeWideSNP_6_D05_771612	16	79758480	81004307	1358	-0.2963
DUNGS_p_TCGA_b84_115_SNP_N_GenomeWideSNP_6_D05_771612	16	81005379	81005402	2	-2.1395
DUNGS_p_TCGA_b84_115_SNP_N_GenomeWideSNP_6_D05_771612	16	81006758	83793995	3057	-0.2984
DUNGS_p_TCGA_b84_115_SNP_N_GenomeWideSNP_6_D05_771612	16	83793997	83794006	2	-1.5475
DUNGS_p_TCGA_b84_115_SNP_N_GenomeWideSNP_6_D05_771612	16	83794024	90287535	4519	-0.2916
DUNGS_p_TCGA_b84_115_SNP_N_GenomeWideSNP_6_D05_771612	17	526	4374584	2370	-0.2709
DUNGS_p_TCGA_b84_115_SNP_N_GenomeWideSNP_6_D05_771612	17	4375089	4375102	2	-1.6988
DUNGS_p_TCGA_b84_115_SNP_N_GenomeWideSNP_6_D05_771612	17	4375573	6100784	1006	-0.2826
DUNGS_p_TCGA_b84_115_SNP_N_GenomeWideSNP_6_D05_771612	17	6100796	6100811	2	-1.9661
DUNGS_p_TCGA_b84_115_SNP_N_GenomeWideSNP_6_D05_771612	17	6101043	16662914	7140	-0.2768
DUNGS_p_TCGA_b84_115_SNP_N_GenomeWideSNP_6_D05_771612	17	16663051	16701526	3	-1.1485
DUNGS_p_TCGA_b84_115_SNP_N_GenomeWideSNP_6_D05_771612	17	16709547	18355392	930	-0.281
DUNGS_p_TCGA_b84_115_SNP_N_GenomeWideSNP_6_D05_771612	17	18358946	18464586	27	0.2518
DUNGS_p_TCGA_b84_115_SNP_N_GenomeWideSNP_6_D05_771612	17	18465221	20392160	831	-0.2609
DUNGS_p_TCGA_b84_115_SNP_N_GenomeWideSNP_6_D05_771612	17	20395887	20413446	3	-1.2104
DUNGS_p_TCGA_b84_115_SNP_N_GenomeWideSNP_6_D05_771612	17	20431180	21707731	495	-0.2718
DUNGS_p_TCGA_b84_115_SNP_N_GenomeWideSNP_6_D05_771612	17	21708202	34210697	5433	-0.0398
DUNGS_p_TCGA_b84_115_SNP_N_GenomeWideSNP_6_D05_771612	17	34211341	34211429	2	-1.3011
DUNGS_p_TCGA_b84_115_SNP_N_GenomeWideSNP_6_D05_771612	17	34214150	34430450	158	-0.0417
DUNGS_p_TCGA_b84_115_SNP_N_GenomeWideSNP_6_D05_771612	17	34435512	34477603	40	-0.3144
DUNGS_p_TCGA_b84_115_SNP_N_GenomeWideSNP_6_D05_771612	17	34485091	34543343	4	0.6152
DUNGS_p_TCGA_b84_115_SNP_N_GenomeWideSNP_6_D05_771612	17	34586294	39423090	2547	0.1191
DUNGS_p_TCGA_b84_115_SNP_N_GenomeWideSNP_6_D05_771612	17	39423103	39430450	18	-0.9705
DUNGS_p_TCGA_b84_115_SNP_N_GenomeWideSNP_6_D05_771612	17	39430531	43648540	2169	0.1265
DUNGS_p_TCGA_b84_115_SNP_N_GenomeWideSNP_6_D05_771612	17	43655090	43658471	6	-0.3942
DUNGS_p_TCGA_b84_115_SNP_N_GenomeWideSNP_6_D05_771612	17	43659426	44188392	356	0.159
DUNGS_p_TCGA_b84_115_SNP_N_GenomeWideSNP_6_D05_771612	17	44190684	44364170	108	-0.0985
DUNGS_p_TCGA_b84_115_SNP_N_GenomeWideSNP_6_D05_771612	17	44394412	51534939	4015	0.1358
DUNGS_p_TCGA_b84_115_SNP_N_GenomeWideSNP_6_D05_771612	17	51535436	51536986	3	-0.8326
DUNGS_p_TCGA_b84_115_SNP_N_GenomeWideSNP_6_D05_771612	17	51537585	53214471	1041	-0.0501
DUNGS_p_TCGA_b84_115_SNP_N_GenomeWideSNP_6_D05_771612	17	53214915	53684381	399	0.6244
DUNGS_p_TCGA_b84_115_SNP_N_GenomeWideSNP_6_D05_771612	17	53686858	56318245	2028	-0.0406
DUNGS_p_TCGA_b84_115_SNP_N_GenomeWideSNP_6_D05_771612	17	56320158	57734690	664	0.6465
DUNGS_p_TCGA_b84_115_SNP_N_GenomeWideSNP_6_D05_771612	17	57740075	59117592	645	-0.0327
DUNGS_p_TCGA_b84_115_SNP_N_GenomeWideSNP_6_D05_771612	17	59119811	59120357	2	-1.1825
DUNGS_p_TCGA_b84_115_SNP_N_GenomeWideSNP_6_D05_771612	17	59127047	76281368	10549	0.0118
DUNGS_p_TCGA_b84_115_SNP_N_GenomeWideSNP_6_D05_771612	17	76282132	76282968	2	-1.1
DUNGS_p_TCGA_b84_115_SNP_N_GenomeWideSNP_6_D05_771612	17	76286743	81049726	2338	0.0104
DUNGS_p_TCGA_b84_115_SNP_N_GenomeWideSNP_6_D05_771612	18	11543	38258705	22863	-0.2968
DUNGS_p_TCGA_b84_115_SNP_N_GenomeWideSNP_6_D05_771612	18	38258727	38269812	23	-0.7964
DUNGS_p_TCGA_b84_115_SNP_N_GenomeWideSNP_6_D05_771612	18	38270072	40051678	1213	-0.2872
DUNGS_p_TCGA_b84_115_SNP_N_GenomeWideSNP_6_D05_771612	18	40056569	40057767	25	-1.1199
DUNGS_p_TCGA_b84_115_SNP_N_GenomeWideSNP_6_D05_771612	18	40058395	63727545	16288	-0.2983
DUNGS_p_TCGA_b84_115_SNP_N_GenomeWideSNP_6_D05_771612	18	63727599	63728340	10	-1.3828
DUNGS_p_TCGA_b84_115_SNP_N_GenomeWideSNP_6_D05_771612	18	63732738	63906866	148	-0.2588
DUNGS_p_TCGA_b84_115_SNP_N_GenomeWideSNP_6_D05_771612	18	63907434	63911589	10	-1.6614
DUNGS_p_TCGA_b84_115_SNP_N_GenomeWideSNP_6_D05_771612	18	63911876	66746887	2076	-0.2889
DUNGS_p_TCGA_b84_115_SNP_N_GenomeWideSNP_6_D05_771612	18	66750937	66753273	24	-0.7392
DUNGS_p_TCGA_b84_115_SNP_N_GenomeWideSNP_6_D05_771612	18	66753293	78015057	8186	-0.2967
DUNGS_p_TCGA_b84_115_SNP_N_GenomeWideSNP_6_D05_771612	19	90910	702745	144	-0.2394
DUNGS_p_TCGA_b84_115_SNP_N_GenomeWideSNP_6_D05_771612	19	713229	1175396	112	0.5234
DUNGS_p_TCGA_b84_115_SNP_N_GenomeWideSNP_6_D05_771612	19	1186533	8411656	2709	-0.281
DUNGS_p_TCGA_b84_115_SNP_N_GenomeWideSNP_6_D05_771612	19	8412172	8414301	2	-1.7932
DUNGS_p_TCGA_b84_115_SNP_N_GenomeWideSNP_6_D05_771612	19	8421007	21153058	6338	-0.2725
DUNGS_p_TCGA_b84_115_SNP_N_GenomeWideSNP_6_D05_771612	19	21153079	21153474	2	-2.496
DUNGS_p_TCGA_b84_115_SNP_N_GenomeWideSNP_6_D05_771612	19	21154168	21814919	380	-0.2783
DUNGS_p_TCGA_b84_115_SNP_N_GenomeWideSNP_6_D05_771612	19	21815640	21819869	2	-1.704
DUNGS_p_TCGA_b84_115_SNP_N_GenomeWideSNP_6_D05_771612	19	21820111	23645194	1044	-0.2887
DUNGS_p_TCGA_b84_115_SNP_N_GenomeWideSNP_6_D05_771612	19	23646133	23655894	2	-1.6292
DUNGS_p_TCGA_b84_115_SNP_N_GenomeWideSNP_6_D05_771612	19	23656420	24504105	526	-0.2783
DUNGS_p_TCGA_b84_115_SNP_N_GenomeWideSNP_6_D05_771612	19	24505062	34725299	4833	0.1928
DUNGS_p_TCGA_b84_115_SNP_N_GenomeWideSNP_6_D05_771612	19	34727835	34728482	3	-1.798
DUNGS_p_TCGA_b84_115_SNP_N_GenomeWideSNP_6_D05_771612	19	34730684	36845875	1206	0.1987
DUNGS_p_TCGA_b84_115_SNP_N_GenomeWideSNP_6_D05_771612	19	36846150	36847498	10	-1.0647
DUNGS_p_TCGA_b84_115_SNP_N_GenomeWideSNP_6_D05_771612	19	36847637	41352737	2347	0.1983
DUNGS_p_TCGA_b84_115_SNP_N_GenomeWideSNP_6_D05_771612	19	41357000	41368999	17	-0.2456
DUNGS_p_TCGA_b84_115_SNP_N_GenomeWideSNP_6_D05_771612	19	41369405	44873374	1848	0.2143
DUNGS_p_TCGA_b84_115_SNP_N_GenomeWideSNP_6_D05_771612	19	44874118	44874369	3	-0.9951
DUNGS_p_TCGA_b84_115_SNP_N_GenomeWideSNP_6_D05_771612	19	44875160	44902381	29	0.2503
DUNGS_p_TCGA_b84_115_SNP_N_GenomeWideSNP_6_D05_771612	19	44905905	44906547	3	-0.5818
DUNGS_p_TCGA_b84_115_SNP_N_GenomeWideSNP_6_D05_771612	19	44906619	52126908	3406	0.2086
DUNGS_p_TCGA_b84_115_SNP_N_GenomeWideSNP_6_D05_771612	19	52127030	52148197	23	0.5041
DUNGS_p_TCGA_b84_115_SNP_N_GenomeWideSNP_6_D05_771612	19	52154905	53517082	947	0.2035
DUNGS_p_TCGA_b84_115_SNP_N_GenomeWideSNP_6_D05_771612	19	53518514	53554240	24	0.8785
DUNGS_p_TCGA_b84_115_SNP_N_GenomeWideSNP_6_D05_771612	19	53554319	55312612	1093	0.2118
DUNGS_p_TCGA_b84_115_SNP_N_GenomeWideSNP_6_D05_771612	19	55313000	55313817	2	-1.6125
DUNGS_p_TCGA_b84_115_SNP_N_GenomeWideSNP_6_D05_771612	19	55314287	56282070	467	0.2188
DUNGS_p_TCGA_b84_115_SNP_N_GenomeWideSNP_6_D05_771612	19	56282369	56283029	3	1.0727
DUNGS_p_TCGA_b84_115_SNP_N_GenomeWideSNP_6_D05_771612	19	56283067	59097854	1851	0.2047
DUNGS_p_TCGA_b84_115_SNP_N_GenomeWideSNP_6_D05_771612	20	61305	1552116	1182	-0.2477
DUNGS_p_TCGA_b84_115_SNP_N_GenomeWideSNP_6_D05_771612	20	1552174	1561667	27	-0.6307
DUNGS_p_TCGA_b84_115_SNP_N_GenomeWideSNP_6_D05_771612	20	1567454	7392739	4384	-0.2569
DUNGS_p_TCGA_b84_115_SNP_N_GenomeWideSNP_6_D05_771612	20	7400986	7406737	2	-1.3992
DUNGS_p_TCGA_b84_115_SNP_N_GenomeWideSNP_6_D05_771612	20	7406908	29498271	14503	-0.2578
DUNGS_p_TCGA_b84_115_SNP_N_GenomeWideSNP_6_D05_771612	20	29505830	35284997	2634	0.5144
DUNGS_p_TCGA_b84_115_SNP_N_GenomeWideSNP_6_D05_771612	20	35290183	44791972	6600	-0.2536
DUNGS_p_TCGA_b84_115_SNP_N_GenomeWideSNP_6_D05_771612	20	44792633	44793115	2	-1.3644
DUNGS_p_TCGA_b84_115_SNP_N_GenomeWideSNP_6_D05_771612	20	44798391	62956153	13200	-0.289
DUNGS_p_TCGA_b84_115_SNP_N_GenomeWideSNP_6_D05_771612	21	10736871	11066074	91	-0.2476
DUNGS_p_TCGA_b84_115_SNP_N_GenomeWideSNP_6_D05_771612	21	11069316	18111030	2296	0.1428
DUNGS_p_TCGA_b84_115_SNP_N_GenomeWideSNP_6_D05_771612	21	18112962	18114358	5	-0.6216
DUNGS_p_TCGA_b84_115_SNP_N_GenomeWideSNP_6_D05_771612	21	18115106	20641563	1813	0.1442
DUNGS_p_TCGA_b84_115_SNP_N_GenomeWideSNP_6_D05_771612	21	20641600	20641790	4	-0.6039
DUNGS_p_TCGA_b84_115_SNP_N_GenomeWideSNP_6_D05_771612	21	20641804	29373749	6672	0.1452
DUNGS_p_TCGA_b84_115_SNP_N_GenomeWideSNP_6_D05_771612	21	29377110	29377682	2	-0.9224
DUNGS_p_TCGA_b84_115_SNP_N_GenomeWideSNP_6_D05_771612	21	29380590	48096957	13550	0.1531
DUNGS_p_TCGA_b84_115_SNP_N_GenomeWideSNP_6_D05_771612	22	16052528	16242677	37	0.1713
DUNGS_p_TCGA_b84_115_SNP_N_GenomeWideSNP_6_D05_771612	22	16248691	16683416	59	-0.0612
DUNGS_p_TCGA_b84_115_SNP_N_GenomeWideSNP_6_D05_771612	22	16864898	17019760	34	0.3212
DUNGS_p_TCGA_b84_115_SNP_N_GenomeWideSNP_6_D05_771612	22	17019784	17026042	5	-0.384
DUNGS_p_TCGA_b84_115_SNP_N_GenomeWideSNP_6_D05_771612	22	17030792	17288220	106	0.2755
DUNGS_p_TCGA_b84_115_SNP_N_GenomeWideSNP_6_D05_771612	22	17299901	20950564	2069	-0.2979
DUNGS_p_TCGA_b84_115_SNP_N_GenomeWideSNP_6_D05_771612	22	20952909	20953319	2	-1.7086
DUNGS_p_TCGA_b84_115_SNP_N_GenomeWideSNP_6_D05_771612	22	20956163	21465672	541	-0.2436
DUNGS_p_TCGA_b84_115_SNP_N_GenomeWideSNP_6_D05_771612	22	21465835	21567231	3	-1.8611
DUNGS_p_TCGA_b84_115_SNP_N_GenomeWideSNP_6_D05_771612	22	21572214	22468619	446	-0.2713
DUNGS_p_TCGA_b84_115_SNP_N_GenomeWideSNP_6_D05_771612	22	22473918	22474613	6	-2.7557
DUNGS_p_TCGA_b84_115_SNP_N_GenomeWideSNP_6_D05_771612	22	22481498	24321273	1307	-0.2932
DUNGS_p_TCGA_b84_115_SNP_N_GenomeWideSNP_6_D05_771612	22	24324873	24331967	5	-1.0981
DUNGS_p_TCGA_b84_115_SNP_N_GenomeWideSNP_6_D05_771612	22	24332625	24396814	24	0.0476
DUNGS_p_TCGA_b84_115_SNP_N_GenomeWideSNP_6_D05_771612	22	24401529	51234455	18939	-0.2881
DUNGS_p_TCGA_b84_115_SNP_N_GenomeWideSNP_6_D05_771612	X	168477	5158364	1912	0.0135
DUNGS_p_TCGA_b84_115_SNP_N_GenomeWideSNP_6_D05_771612	X	5160947	5162224	2	-2.8051
DUNGS_p_TCGA_b84_115_SNP_N_GenomeWideSNP_6_D05_771612	X	5165812	5702991	463	0.0081
DUNGS_p_TCGA_b84_115_SNP_N_GenomeWideSNP_6_D05_771612	X	5703638	5712241	6	-0.7557
DUNGS_p_TCGA_b84_115_SNP_N_GenomeWideSNP_6_D05_771612	X	5713122	22639093	11236	0.0045
DUNGS_p_TCGA_b84_115_SNP_N_GenomeWideSNP_6_D05_771612	X	22639141	22641788	3	-1.3316
DUNGS_p_TCGA_b84_115_SNP_N_GenomeWideSNP_6_D05_771612	X	22643208	22929467	255	-0.0079
DUNGS_p_TCGA_b84_115_SNP_N_GenomeWideSNP_6_D05_771612	X	22934307	22939885	3	-0.976
DUNGS_p_TCGA_b84_115_SNP_N_GenomeWideSNP_6_D05_771612	X	22940192	48510504	15585	0.0028
DUNGS_p_TCGA_b84_115_SNP_N_GenomeWideSNP_6_D05_771612	X	48512486	48519773	5	1.2074
DUNGS_p_TCGA_b84_115_SNP_N_GenomeWideSNP_6_D05_771612	X	48520202	76349873	10708	-0.005
DUNGS_p_TCGA_b84_115_SNP_N_GenomeWideSNP_6_D05_771612	X	76353650	76523952	18	0.5802
DUNGS_p_TCGA_b84_115_SNP_N_GenomeWideSNP_6_D05_771612	X	76545159	79478036	1418	-0.013
DUNGS_p_TCGA_b84_115_SNP_N_GenomeWideSNP_6_D05_771612	X	79478285	79478344	2	1.2826
DUNGS_p_TCGA_b84_115_SNP_N_GenomeWideSNP_6_D05_771612	X	79478595	80191321	314	0.0153
DUNGS_p_TCGA_b84_115_SNP_N_GenomeWideSNP_6_D05_771612	X	80191983	80191990	2	-1.3008
DUNGS_p_TCGA_b84_115_SNP_N_GenomeWideSNP_6_D05_771612	X	80197863	89699899	5326	0.0029
DUNGS_p_TCGA_b84_115_SNP_N_GenomeWideSNP_6_D05_771612	X	89700649	89703920	3	-1.1525
DUNGS_p_TCGA_b84_115_SNP_N_GenomeWideSNP_6_D05_771612	X	89720389	150300920	34971	0.0052
DUNGS_p_TCGA_b84_115_SNP_N_GenomeWideSNP_6_D05_771612	X	150303890	150306729	4	-0.9703
DUNGS_p_TCGA_b84_115_SNP_N_GenomeWideSNP_6_D05_771612	X	150313729	152201666	1236	0.0174
DUNGS_p_TCGA_b84_115_SNP_N_GenomeWideSNP_6_D05_771612	X	152201714	152202022	2	-1.2924
DUNGS_p_TCGA_b84_115_SNP_N_GenomeWideSNP_6_D05_771612	X	152202514	155182354	1188	0.0143
DUNGS_p_TCGA_b84_115_SNP_N_GenomeWideSNP_6_D05_771612	Y	2650438	7368288	1414	-0.7906
DUNGS_p_TCGA_b84_115_SNP_N_GenomeWideSNP_6_D05_771612	Y	7370728	7400746	12	-2.6263
DUNGS_p_TCGA_b84_115_SNP_N_GenomeWideSNP_6_D05_771612	Y	7401836	25175738	6273	-0.7797
DUNGS_p_TCGA_b84_115_SNP_N_GenomeWideSNP_6_D05_771612	Y	25191631	27674610	492	-0.3187
DUNGS_p_TCGA_b84_115_SNP_N_GenomeWideSNP_6_D05_771612	Y	27681654	27695095	5	-1.2327
DUNGS_p_TCGA_b84_115_SNP_N_GenomeWideSNP_6_D05_771612	Y	27717799	28457337	264	-0.2609
DUNGS_p_TCGA_b84_115_SNP_N_GenomeWideSNP_6_D05_771612	Y	28458648	59018259	175	-0.851
