Sample	Chromosome	Start	End	Num_Probes	Segment_Mean
DUNGS_p_TCGA_b84_115_SNP_N_GenomeWideSNP_6_C09_771624	1	61735	229619	23	0.2859
DUNGS_p_TCGA_b84_115_SNP_N_GenomeWideSNP_6_C09_771624	1	229677	16149915	8401	0.0011
DUNGS_p_TCGA_b84_115_SNP_N_GenomeWideSNP_6_C09_771624	1	16153497	16153925	6	-2.1645
DUNGS_p_TCGA_b84_115_SNP_N_GenomeWideSNP_6_C09_771624	1	16154201	16816090	295	0.0042
DUNGS_p_TCGA_b84_115_SNP_N_GenomeWideSNP_6_C09_771624	1	16819633	17262247	176	0.227
DUNGS_p_TCGA_b84_115_SNP_N_GenomeWideSNP_6_C09_771624	1	17276241	72768916	34182	0.0033
DUNGS_p_TCGA_b84_115_SNP_N_GenomeWideSNP_6_C09_771624	1	72768936	72811148	45	1.1256
DUNGS_p_TCGA_b84_115_SNP_N_GenomeWideSNP_6_C09_771624	1	72811904	94111713	13727	0.006
DUNGS_p_TCGA_b84_115_SNP_N_GenomeWideSNP_6_C09_771624	1	94117423	94117432	2	-1.4112
DUNGS_p_TCGA_b84_115_SNP_N_GenomeWideSNP_6_C09_771624	1	94117472	99176257	3244	0.0071
DUNGS_p_TCGA_b84_115_SNP_N_GenomeWideSNP_6_C09_771624	1	99177328	99180012	3	-1.1566
DUNGS_p_TCGA_b84_115_SNP_N_GenomeWideSNP_6_C09_771624	1	99180107	104221531	3134	0.0013
DUNGS_p_TCGA_b84_115_SNP_N_GenomeWideSNP_6_C09_771624	1	104221631	104239689	11	0.6212
DUNGS_p_TCGA_b84_115_SNP_N_GenomeWideSNP_6_C09_771624	1	104239986	106019236	934	0.0061
DUNGS_p_TCGA_b84_115_SNP_N_GenomeWideSNP_6_C09_771624	1	106019310	106022375	15	-0.5423
DUNGS_p_TCGA_b84_115_SNP_N_GenomeWideSNP_6_C09_771624	1	106024055	108729759	1944	0.0069
DUNGS_p_TCGA_b84_115_SNP_N_GenomeWideSNP_6_C09_771624	1	108734235	108737496	3	-0.7938
DUNGS_p_TCGA_b84_115_SNP_N_GenomeWideSNP_6_C09_771624	1	108739104	110232974	726	0.0163
DUNGS_p_TCGA_b84_115_SNP_N_GenomeWideSNP_6_C09_771624	1	110233037	110246130	20	0.3674
DUNGS_p_TCGA_b84_115_SNP_N_GenomeWideSNP_6_C09_771624	1	110246273	112690326	1955	0.0112
DUNGS_p_TCGA_b84_115_SNP_N_GenomeWideSNP_6_C09_771624	1	112695965	112697241	23	-0.4961
DUNGS_p_TCGA_b84_115_SNP_N_GenomeWideSNP_6_C09_771624	1	112697376	152761939	8257	0.0155
DUNGS_p_TCGA_b84_115_SNP_N_GenomeWideSNP_6_C09_771624	1	152761955	152768570	34	-0.2878
DUNGS_p_TCGA_b84_115_SNP_N_GenomeWideSNP_6_C09_771624	1	152768700	169216937	11353	0.008
DUNGS_p_TCGA_b84_115_SNP_N_GenomeWideSNP_6_C09_771624	1	169233974	169241766	7	0.9949
DUNGS_p_TCGA_b84_115_SNP_N_GenomeWideSNP_6_C09_771624	1	169242401	189022973	13047	0.0086
DUNGS_p_TCGA_b84_115_SNP_N_GenomeWideSNP_6_C09_771624	1	189027223	189031361	7	-0.8144
DUNGS_p_TCGA_b84_115_SNP_N_GenomeWideSNP_6_C09_771624	1	189032480	196714873	5165	0.015
DUNGS_p_TCGA_b84_115_SNP_N_GenomeWideSNP_6_C09_771624	1	196727850	196801850	90	0.5635
DUNGS_p_TCGA_b84_115_SNP_N_GenomeWideSNP_6_C09_771624	1	196801987	198304536	830	0.0074
DUNGS_p_TCGA_b84_115_SNP_N_GenomeWideSNP_6_C09_771624	1	198306860	198307779	3	-1.0229
DUNGS_p_TCGA_b84_115_SNP_N_GenomeWideSNP_6_C09_771624	1	198311359	198482208	141	-0.0114
DUNGS_p_TCGA_b84_115_SNP_N_GenomeWideSNP_6_C09_771624	1	198482224	198482237	2	-0.9946
DUNGS_p_TCGA_b84_115_SNP_N_GenomeWideSNP_6_C09_771624	1	198482356	199089280	380	0.0113
DUNGS_p_TCGA_b84_115_SNP_N_GenomeWideSNP_6_C09_771624	1	199089394	199089412	2	1.0476
DUNGS_p_TCGA_b84_115_SNP_N_GenomeWideSNP_6_C09_771624	1	199089422	199111363	29	0.0183
DUNGS_p_TCGA_b84_115_SNP_N_GenomeWideSNP_6_C09_771624	1	199111426	199112471	5	0.7145
DUNGS_p_TCGA_b84_115_SNP_N_GenomeWideSNP_6_C09_771624	1	199112524	203133173	2680	-8e-04
DUNGS_p_TCGA_b84_115_SNP_N_GenomeWideSNP_6_C09_771624	1	203133261	203133276	2	-1.5556
DUNGS_p_TCGA_b84_115_SNP_N_GenomeWideSNP_6_C09_771624	1	203133493	210071062	4759	0.0017
DUNGS_p_TCGA_b84_115_SNP_N_GenomeWideSNP_6_C09_771624	1	210081613	210083984	3	-1.6146
DUNGS_p_TCGA_b84_115_SNP_N_GenomeWideSNP_6_C09_771624	1	210086552	212999819	1951	-0.0034
DUNGS_p_TCGA_b84_115_SNP_N_GenomeWideSNP_6_C09_771624	1	213004455	213010436	8	-0.6091
DUNGS_p_TCGA_b84_115_SNP_N_GenomeWideSNP_6_C09_771624	1	213014453	240078548	18957	0.0059
DUNGS_p_TCGA_b84_115_SNP_N_GenomeWideSNP_6_C09_771624	1	240079105	240115387	28	-0.9245
DUNGS_p_TCGA_b84_115_SNP_N_GenomeWideSNP_6_C09_771624	1	240117721	248709616	6025	0.0088
DUNGS_p_TCGA_b84_115_SNP_N_GenomeWideSNP_6_C09_771624	1	248709670	248808557	41	0.3708
DUNGS_p_TCGA_b84_115_SNP_N_GenomeWideSNP_6_C09_771624	1	248808864	249224388	143	0.0607
DUNGS_p_TCGA_b84_115_SNP_N_GenomeWideSNP_6_C09_771624	2	12784	4205687	2991	-0.0029
DUNGS_p_TCGA_b84_115_SNP_N_GenomeWideSNP_6_C09_771624	2	4213864	4223167	36	-0.5332
DUNGS_p_TCGA_b84_115_SNP_N_GenomeWideSNP_6_C09_771624	2	4223512	5736039	1166	0.0103
DUNGS_p_TCGA_b84_115_SNP_N_GenomeWideSNP_6_C09_771624	2	5736321	5737581	4	-0.88
DUNGS_p_TCGA_b84_115_SNP_N_GenomeWideSNP_6_C09_771624	2	5737785	19574484	10465	0.0063
DUNGS_p_TCGA_b84_115_SNP_N_GenomeWideSNP_6_C09_771624	2	19579507	19579839	2	-0.9802
DUNGS_p_TCGA_b84_115_SNP_N_GenomeWideSNP_6_C09_771624	2	19592025	29643885	6026	0.0017
DUNGS_p_TCGA_b84_115_SNP_N_GenomeWideSNP_6_C09_771624	2	29644015	29644595	5	-0.6082
DUNGS_p_TCGA_b84_115_SNP_N_GenomeWideSNP_6_C09_771624	2	29644646	34685280	3438	0.0044
DUNGS_p_TCGA_b84_115_SNP_N_GenomeWideSNP_6_C09_771624	2	34691069	34737057	47	-0.4873
DUNGS_p_TCGA_b84_115_SNP_N_GenomeWideSNP_6_C09_771624	2	34737163	36335595	1158	0.0136
DUNGS_p_TCGA_b84_115_SNP_N_GenomeWideSNP_6_C09_771624	2	36335596	36335606	7	-0.5487
DUNGS_p_TCGA_b84_115_SNP_N_GenomeWideSNP_6_C09_771624	2	36336619	36493401	142	0.0346
DUNGS_p_TCGA_b84_115_SNP_N_GenomeWideSNP_6_C09_771624	2	36494081	36494107	2	-1.1929
DUNGS_p_TCGA_b84_115_SNP_N_GenomeWideSNP_6_C09_771624	2	36495030	52754881	11753	0.0094
DUNGS_p_TCGA_b84_115_SNP_N_GenomeWideSNP_6_C09_771624	2	52758753	52781542	33	0.7674
DUNGS_p_TCGA_b84_115_SNP_N_GenomeWideSNP_6_C09_771624	2	52787949	79277035	17195	0.0074
DUNGS_p_TCGA_b84_115_SNP_N_GenomeWideSNP_6_C09_771624	2	79277754	79297474	8	-0.5405
DUNGS_p_TCGA_b84_115_SNP_N_GenomeWideSNP_6_C09_771624	2	79297654	79329146	29	-0.0459
DUNGS_p_TCGA_b84_115_SNP_N_GenomeWideSNP_6_C09_771624	2	79330778	79342099	7	0.6329
DUNGS_p_TCGA_b84_115_SNP_N_GenomeWideSNP_6_C09_771624	2	79342811	86937687	4723	0.0013
DUNGS_p_TCGA_b84_115_SNP_N_GenomeWideSNP_6_C09_771624	2	86953070	86953854	2	-1.7303
DUNGS_p_TCGA_b84_115_SNP_N_GenomeWideSNP_6_C09_771624	2	86970406	87309263	78	0.0105
DUNGS_p_TCGA_b84_115_SNP_N_GenomeWideSNP_6_C09_771624	2	87309834	87996372	193	0.4059
DUNGS_p_TCGA_b84_115_SNP_N_GenomeWideSNP_6_C09_771624	2	88024667	108440736	8469	0.0092
DUNGS_p_TCGA_b84_115_SNP_N_GenomeWideSNP_6_C09_771624	2	108446969	108480907	2	-1.1696
DUNGS_p_TCGA_b84_115_SNP_N_GenomeWideSNP_6_C09_771624	2	108492088	112037812	1620	0.0054
DUNGS_p_TCGA_b84_115_SNP_N_GenomeWideSNP_6_C09_771624	2	112041525	112367825	91	0.2268
DUNGS_p_TCGA_b84_115_SNP_N_GenomeWideSNP_6_C09_771624	2	112373169	115539579	1876	0.0098
DUNGS_p_TCGA_b84_115_SNP_N_GenomeWideSNP_6_C09_771624	2	115539594	115542070	11	0.4264
DUNGS_p_TCGA_b84_115_SNP_N_GenomeWideSNP_6_C09_771624	2	115542270	123477014	4968	4e-04
DUNGS_p_TCGA_b84_115_SNP_N_GenomeWideSNP_6_C09_771624	2	123479899	123482241	9	-0.7811
DUNGS_p_TCGA_b84_115_SNP_N_GenomeWideSNP_6_C09_771624	2	123483653	126160217	1781	-2e-04
DUNGS_p_TCGA_b84_115_SNP_N_GenomeWideSNP_6_C09_771624	2	126162414	126167960	2	-0.9715
DUNGS_p_TCGA_b84_115_SNP_N_GenomeWideSNP_6_C09_771624	2	126168217	159710696	20303	0.0043
DUNGS_p_TCGA_b84_115_SNP_N_GenomeWideSNP_6_C09_771624	2	159713636	159726490	5	-0.6915
DUNGS_p_TCGA_b84_115_SNP_N_GenomeWideSNP_6_C09_771624	2	159730093	242486535	51348	0.0064
DUNGS_p_TCGA_b84_115_SNP_N_GenomeWideSNP_6_C09_771624	2	242486694	242486812	2	-1.1049
DUNGS_p_TCGA_b84_115_SNP_N_GenomeWideSNP_6_C09_771624	2	242495392	243089456	194	0.0491
DUNGS_p_TCGA_b84_115_SNP_N_GenomeWideSNP_6_C09_771624	3	60345	6642993	5846	0.0273
DUNGS_p_TCGA_b84_115_SNP_N_GenomeWideSNP_6_C09_771624	3	6643507	6653332	27	0.3339
DUNGS_p_TCGA_b84_115_SNP_N_GenomeWideSNP_6_C09_771624	3	6655078	20307790	9447	0.0039
DUNGS_p_TCGA_b84_115_SNP_N_GenomeWideSNP_6_C09_771624	3	20313125	20316083	3	-0.7879
DUNGS_p_TCGA_b84_115_SNP_N_GenomeWideSNP_6_C09_771624	3	20328081	25396077	3785	0.0182
DUNGS_p_TCGA_b84_115_SNP_N_GenomeWideSNP_6_C09_771624	3	25396760	25396965	3	-1.1225
DUNGS_p_TCGA_b84_115_SNP_N_GenomeWideSNP_6_C09_771624	3	25398175	26611497	968	0.0207
DUNGS_p_TCGA_b84_115_SNP_N_GenomeWideSNP_6_C09_771624	3	26611607	26615949	23	-0.8789
DUNGS_p_TCGA_b84_115_SNP_N_GenomeWideSNP_6_C09_771624	3	26615970	68746164	27805	0.0054
DUNGS_p_TCGA_b84_115_SNP_N_GenomeWideSNP_6_C09_771624	3	68746259	68747413	14	1.0443
DUNGS_p_TCGA_b84_115_SNP_N_GenomeWideSNP_6_C09_771624	3	68748758	70540683	1424	-0.0018
DUNGS_p_TCGA_b84_115_SNP_N_GenomeWideSNP_6_C09_771624	3	70542471	70567353	20	0.3127
DUNGS_p_TCGA_b84_115_SNP_N_GenomeWideSNP_6_C09_771624	3	70567833	75568549	3498	0.0036
DUNGS_p_TCGA_b84_115_SNP_N_GenomeWideSNP_6_C09_771624	3	75572549	75608639	9	0.5048
DUNGS_p_TCGA_b84_115_SNP_N_GenomeWideSNP_6_C09_771624	3	75613174	87783701	6761	0.0074
DUNGS_p_TCGA_b84_115_SNP_N_GenomeWideSNP_6_C09_771624	3	87783976	87784173	2	-1.3992
DUNGS_p_TCGA_b84_115_SNP_N_GenomeWideSNP_6_C09_771624	3	87785518	89387101	957	0.0114
DUNGS_p_TCGA_b84_115_SNP_N_GenomeWideSNP_6_C09_771624	3	89394592	89394726	7	-0.645
DUNGS_p_TCGA_b84_115_SNP_N_GenomeWideSNP_6_C09_771624	3	89394742	89406945	7	0.1537
DUNGS_p_TCGA_b84_115_SNP_N_GenomeWideSNP_6_C09_771624	3	89407025	89419381	37	-0.7801
DUNGS_p_TCGA_b84_115_SNP_N_GenomeWideSNP_6_C09_771624	3	89419921	98944598	3250	0.0066
DUNGS_p_TCGA_b84_115_SNP_N_GenomeWideSNP_6_C09_771624	3	98944619	98949421	33	-0.5384
DUNGS_p_TCGA_b84_115_SNP_N_GenomeWideSNP_6_C09_771624	3	98950964	125436237	16279	0.0065
DUNGS_p_TCGA_b84_115_SNP_N_GenomeWideSNP_6_C09_771624	3	125443608	125458762	10	0.9744
DUNGS_p_TCGA_b84_115_SNP_N_GenomeWideSNP_6_C09_771624	3	125462329	129762859	2473	0.0053
DUNGS_p_TCGA_b84_115_SNP_N_GenomeWideSNP_6_C09_771624	3	129763698	129794804	43	0.5814
DUNGS_p_TCGA_b84_115_SNP_N_GenomeWideSNP_6_C09_771624	3	129794970	162714517	20459	0.0091
DUNGS_p_TCGA_b84_115_SNP_N_GenomeWideSNP_6_C09_771624	3	162717727	162719562	2	1.5929
DUNGS_p_TCGA_b84_115_SNP_N_GenomeWideSNP_6_C09_771624	3	162726159	165059374	1269	0.0125
DUNGS_p_TCGA_b84_115_SNP_N_GenomeWideSNP_6_C09_771624	3	165059385	165062413	10	0.4363
DUNGS_p_TCGA_b84_115_SNP_N_GenomeWideSNP_6_C09_771624	3	165062452	176720794	7399	0.0221
DUNGS_p_TCGA_b84_115_SNP_N_GenomeWideSNP_6_C09_771624	3	176721212	176726711	3	-0.911
DUNGS_p_TCGA_b84_115_SNP_N_GenomeWideSNP_6_C09_771624	3	176729974	186406138	5712	0.0067
DUNGS_p_TCGA_b84_115_SNP_N_GenomeWideSNP_6_C09_771624	3	186412861	186417771	11	-0.9289
DUNGS_p_TCGA_b84_115_SNP_N_GenomeWideSNP_6_C09_771624	3	186421870	192877902	4734	0.0035
DUNGS_p_TCGA_b84_115_SNP_N_GenomeWideSNP_6_C09_771624	3	192877962	192882903	19	-1.2182
DUNGS_p_TCGA_b84_115_SNP_N_GenomeWideSNP_6_C09_771624	3	192886435	193573931	465	-0.0046
DUNGS_p_TCGA_b84_115_SNP_N_GenomeWideSNP_6_C09_771624	3	193578961	193580386	4	-0.8793
DUNGS_p_TCGA_b84_115_SNP_N_GenomeWideSNP_6_C09_771624	3	193581259	197838578	2219	0.0327
DUNGS_p_TCGA_b84_115_SNP_N_GenomeWideSNP_6_C09_771624	3	197845216	197896118	20	-0.287
DUNGS_p_TCGA_b84_115_SNP_N_GenomeWideSNP_6_C09_771624	4	12281	66719	58	0.2934
DUNGS_p_TCGA_b84_115_SNP_N_GenomeWideSNP_6_C09_771624	4	68821	2745508	1028	0.0279
DUNGS_p_TCGA_b84_115_SNP_N_GenomeWideSNP_6_C09_771624	4	2745734	2748663	2	-1.0613
DUNGS_p_TCGA_b84_115_SNP_N_GenomeWideSNP_6_C09_771624	4	2749009	3599450	424	-0.0085
DUNGS_p_TCGA_b84_115_SNP_N_GenomeWideSNP_6_C09_771624	4	3599869	3602184	2	-2.1539
DUNGS_p_TCGA_b84_115_SNP_N_GenomeWideSNP_6_C09_771624	4	3609390	6404386	2068	-0.0073
DUNGS_p_TCGA_b84_115_SNP_N_GenomeWideSNP_6_C09_771624	4	6404531	6404714	2	-1.4674
DUNGS_p_TCGA_b84_115_SNP_N_GenomeWideSNP_6_C09_771624	4	6404774	9456977	1670	0.0072
DUNGS_p_TCGA_b84_115_SNP_N_GenomeWideSNP_6_C09_771624	4	9461230	9464972	3	-1.1881
DUNGS_p_TCGA_b84_115_SNP_N_GenomeWideSNP_6_C09_771624	4	9470734	10210390	552	-0.0012
DUNGS_p_TCGA_b84_115_SNP_N_GenomeWideSNP_6_C09_771624	4	10214160	10234266	31	1.3293
DUNGS_p_TCGA_b84_115_SNP_N_GenomeWideSNP_6_C09_771624	4	10234608	10235268	5	0.5226
DUNGS_p_TCGA_b84_115_SNP_N_GenomeWideSNP_6_C09_771624	4	10236142	10390715	171	-0.0191
DUNGS_p_TCGA_b84_115_SNP_N_GenomeWideSNP_6_C09_771624	4	10392354	10400668	16	-2.4987
DUNGS_p_TCGA_b84_115_SNP_N_GenomeWideSNP_6_C09_771624	4	10402718	12378886	1612	0.0065
DUNGS_p_TCGA_b84_115_SNP_N_GenomeWideSNP_6_C09_771624	4	12378932	12379255	5	0.5799
DUNGS_p_TCGA_b84_115_SNP_N_GenomeWideSNP_6_C09_771624	4	12379318	22710956	7425	0.0054
DUNGS_p_TCGA_b84_115_SNP_N_GenomeWideSNP_6_C09_771624	4	22711069	22711078	2	-1.0433
DUNGS_p_TCGA_b84_115_SNP_N_GenomeWideSNP_6_C09_771624	4	22715030	32466129	6477	0.0036
DUNGS_p_TCGA_b84_115_SNP_N_GenomeWideSNP_6_C09_771624	4	32467188	32506119	24	0.2741
DUNGS_p_TCGA_b84_115_SNP_N_GenomeWideSNP_6_C09_771624	4	32508533	34778975	1271	0.0028
DUNGS_p_TCGA_b84_115_SNP_N_GenomeWideSNP_6_C09_771624	4	34779004	34824725	42	0.7149
DUNGS_p_TCGA_b84_115_SNP_N_GenomeWideSNP_6_C09_771624	4	34829872	36014412	778	0.0178
DUNGS_p_TCGA_b84_115_SNP_N_GenomeWideSNP_6_C09_771624	4	36014981	36017518	5	-0.5881
DUNGS_p_TCGA_b84_115_SNP_N_GenomeWideSNP_6_C09_771624	4	36017534	60319138	13296	0.0119
DUNGS_p_TCGA_b84_115_SNP_N_GenomeWideSNP_6_C09_771624	4	60319770	60330445	7	0.7574
DUNGS_p_TCGA_b84_115_SNP_N_GenomeWideSNP_6_C09_771624	4	60331535	60619937	198	-0.0042
DUNGS_p_TCGA_b84_115_SNP_N_GenomeWideSNP_6_C09_771624	4	60620476	60637611	12	0.3289
DUNGS_p_TCGA_b84_115_SNP_N_GenomeWideSNP_6_C09_771624	4	60637958	61936938	804	0.0064
DUNGS_p_TCGA_b84_115_SNP_N_GenomeWideSNP_6_C09_771624	4	61940935	61941952	2	1.3663
DUNGS_p_TCGA_b84_115_SNP_N_GenomeWideSNP_6_C09_771624	4	61945686	63667834	939	0.0193
DUNGS_p_TCGA_b84_115_SNP_N_GenomeWideSNP_6_C09_771624	4	63669936	63671587	7	-0.5457
DUNGS_p_TCGA_b84_115_SNP_N_GenomeWideSNP_6_C09_771624	4	63671662	64705785	578	0.0276
DUNGS_p_TCGA_b84_115_SNP_N_GenomeWideSNP_6_C09_771624	4	64707581	64708129	5	0.7144
DUNGS_p_TCGA_b84_115_SNP_N_GenomeWideSNP_6_C09_771624	4	64708208	69226848	2858	0.0141
DUNGS_p_TCGA_b84_115_SNP_N_GenomeWideSNP_6_C09_771624	4	69226848	69288142	14	-0.8857
DUNGS_p_TCGA_b84_115_SNP_N_GenomeWideSNP_6_C09_771624	4	69294799	69372003	16	0.0339
DUNGS_p_TCGA_b84_115_SNP_N_GenomeWideSNP_6_C09_771624	4	69374941	69505115	67	0.7437
DUNGS_p_TCGA_b84_115_SNP_N_GenomeWideSNP_6_C09_771624	4	69506334	70127652	328	0.0647
DUNGS_p_TCGA_b84_115_SNP_N_GenomeWideSNP_6_C09_771624	4	70128412	70226899	47	0.3108
DUNGS_p_TCGA_b84_115_SNP_N_GenomeWideSNP_6_C09_771624	4	70228624	83913382	8503	0.0067
DUNGS_p_TCGA_b84_115_SNP_N_GenomeWideSNP_6_C09_771624	4	83914731	83917466	3	-1.0282
DUNGS_p_TCGA_b84_115_SNP_N_GenomeWideSNP_6_C09_771624	4	83926989	86110530	1323	-0.0067
DUNGS_p_TCGA_b84_115_SNP_N_GenomeWideSNP_6_C09_771624	4	86110874	86124032	6	0.6757
DUNGS_p_TCGA_b84_115_SNP_N_GenomeWideSNP_6_C09_771624	4	86124919	86975223	631	0.0102
DUNGS_p_TCGA_b84_115_SNP_N_GenomeWideSNP_6_C09_771624	4	86976094	86979944	20	-0.573
DUNGS_p_TCGA_b84_115_SNP_N_GenomeWideSNP_6_C09_771624	4	86980089	88770229	1094	0.0159
DUNGS_p_TCGA_b84_115_SNP_N_GenomeWideSNP_6_C09_771624	4	88770294	88770400	4	0.6936
DUNGS_p_TCGA_b84_115_SNP_N_GenomeWideSNP_6_C09_771624	4	88770559	92275757	2175	0.0042
DUNGS_p_TCGA_b84_115_SNP_N_GenomeWideSNP_6_C09_771624	4	92282897	92283771	2	-1.1101
DUNGS_p_TCGA_b84_115_SNP_N_GenomeWideSNP_6_C09_771624	4	92286224	112306415	11782	0.01
DUNGS_p_TCGA_b84_115_SNP_N_GenomeWideSNP_6_C09_771624	4	112307051	112307080	3	-0.8053
DUNGS_p_TCGA_b84_115_SNP_N_GenomeWideSNP_6_C09_771624	4	112307357	135011829	13447	0.0109
DUNGS_p_TCGA_b84_115_SNP_N_GenomeWideSNP_6_C09_771624	4	135012093	135121601	44	0.2247
DUNGS_p_TCGA_b84_115_SNP_N_GenomeWideSNP_6_C09_771624	4	135126705	140286081	3221	0.0087
DUNGS_p_TCGA_b84_115_SNP_N_GenomeWideSNP_6_C09_771624	4	140286495	140292486	4	0.7299
DUNGS_p_TCGA_b84_115_SNP_N_GenomeWideSNP_6_C09_771624	4	140295389	140598330	185	0.0214
DUNGS_p_TCGA_b84_115_SNP_N_GenomeWideSNP_6_C09_771624	4	140599053	140600437	4	-0.6901
DUNGS_p_TCGA_b84_115_SNP_N_GenomeWideSNP_6_C09_771624	4	140601791	157301739	10189	0.0081
DUNGS_p_TCGA_b84_115_SNP_N_GenomeWideSNP_6_C09_771624	4	157305377	157305922	13	-0.6196
DUNGS_p_TCGA_b84_115_SNP_N_GenomeWideSNP_6_C09_771624	4	157308041	161068003	2234	0.0028
DUNGS_p_TCGA_b84_115_SNP_N_GenomeWideSNP_6_C09_771624	4	161068083	161070767	8	0.4193
DUNGS_p_TCGA_b84_115_SNP_N_GenomeWideSNP_6_C09_771624	4	161070789	161873736	589	0.001
DUNGS_p_TCGA_b84_115_SNP_N_GenomeWideSNP_6_C09_771624	4	161873846	161884919	28	0.2345
DUNGS_p_TCGA_b84_115_SNP_N_GenomeWideSNP_6_C09_771624	4	161884958	162568280	501	0.043
DUNGS_p_TCGA_b84_115_SNP_N_GenomeWideSNP_6_C09_771624	4	162570509	162611013	18	0.2842
DUNGS_p_TCGA_b84_115_SNP_N_GenomeWideSNP_6_C09_771624	4	162611902	169654482	4493	0.0062
DUNGS_p_TCGA_b84_115_SNP_N_GenomeWideSNP_6_C09_771624	4	169656656	169657297	3	-1.0507
DUNGS_p_TCGA_b84_115_SNP_N_GenomeWideSNP_6_C09_771624	4	169657573	189221258	13046	0.0137
DUNGS_p_TCGA_b84_115_SNP_N_GenomeWideSNP_6_C09_771624	4	189221360	189221424	3	1.8178
DUNGS_p_TCGA_b84_115_SNP_N_GenomeWideSNP_6_C09_771624	4	189221439	190189043	788	0.0452
DUNGS_p_TCGA_b84_115_SNP_N_GenomeWideSNP_6_C09_771624	4	190195118	190199264	4	-3.1748
DUNGS_p_TCGA_b84_115_SNP_N_GenomeWideSNP_6_C09_771624	4	190199771	191027923	386	0.0466
DUNGS_p_TCGA_b84_115_SNP_N_GenomeWideSNP_6_C09_771624	5	15532	801765	345	0.0208
DUNGS_p_TCGA_b84_115_SNP_N_GenomeWideSNP_6_C09_771624	5	806141	818541	8	-0.5097
DUNGS_p_TCGA_b84_115_SNP_N_GenomeWideSNP_6_C09_771624	5	818755	12800889	9881	0.0102
DUNGS_p_TCGA_b84_115_SNP_N_GenomeWideSNP_6_C09_771624	5	12815780	12838533	14	-0.3438
DUNGS_p_TCGA_b84_115_SNP_N_GenomeWideSNP_6_C09_771624	5	12849201	16125128	2230	0.0215
DUNGS_p_TCGA_b84_115_SNP_N_GenomeWideSNP_6_C09_771624	5	16125176	16125214	2	-0.9358
DUNGS_p_TCGA_b84_115_SNP_N_GenomeWideSNP_6_C09_771624	5	16127544	17513410	951	0.014
DUNGS_p_TCGA_b84_115_SNP_N_GenomeWideSNP_6_C09_771624	5	17515801	17608256	14	-0.8244
DUNGS_p_TCGA_b84_115_SNP_N_GenomeWideSNP_6_C09_771624	5	17625374	18442232	554	0.0206
DUNGS_p_TCGA_b84_115_SNP_N_GenomeWideSNP_6_C09_771624	5	18442952	18454010	5	-0.6077
DUNGS_p_TCGA_b84_115_SNP_N_GenomeWideSNP_6_C09_771624	5	18458550	20437201	1176	0.0247
DUNGS_p_TCGA_b84_115_SNP_N_GenomeWideSNP_6_C09_771624	5	20437245	20451725	33	0.2564
DUNGS_p_TCGA_b84_115_SNP_N_GenomeWideSNP_6_C09_771624	5	20455141	21449276	579	0.0123
DUNGS_p_TCGA_b84_115_SNP_N_GenomeWideSNP_6_C09_771624	5	21451200	21452438	5	0.9313
DUNGS_p_TCGA_b84_115_SNP_N_GenomeWideSNP_6_C09_771624	5	21452496	24560224	1777	0.0081
DUNGS_p_TCGA_b84_115_SNP_N_GenomeWideSNP_6_C09_771624	5	24560234	24572261	7	0.496
DUNGS_p_TCGA_b84_115_SNP_N_GenomeWideSNP_6_C09_771624	5	24572408	25976262	879	0.0452
DUNGS_p_TCGA_b84_115_SNP_N_GenomeWideSNP_6_C09_771624	5	25979436	25987844	4	0.6847
DUNGS_p_TCGA_b84_115_SNP_N_GenomeWideSNP_6_C09_771624	5	25987895	26789357	491	0.0164
DUNGS_p_TCGA_b84_115_SNP_N_GenomeWideSNP_6_C09_771624	5	26789481	26803884	5	0.6969
DUNGS_p_TCGA_b84_115_SNP_N_GenomeWideSNP_6_C09_771624	5	26807799	39808632	8568	0.0108
DUNGS_p_TCGA_b84_115_SNP_N_GenomeWideSNP_6_C09_771624	5	39808954	39808969	2	-2.3341
DUNGS_p_TCGA_b84_115_SNP_N_GenomeWideSNP_6_C09_771624	5	39808985	45435814	3045	0.0196
DUNGS_p_TCGA_b84_115_SNP_N_GenomeWideSNP_6_C09_771624	5	45445368	45473596	9	0.465
DUNGS_p_TCGA_b84_115_SNP_N_GenomeWideSNP_6_C09_771624	5	45475164	57321646	5343	0.0212
DUNGS_p_TCGA_b84_115_SNP_N_GenomeWideSNP_6_C09_771624	5	57326027	57333533	32	1.2126
DUNGS_p_TCGA_b84_115_SNP_N_GenomeWideSNP_6_C09_771624	5	57338357	61573372	2839	0.0184
DUNGS_p_TCGA_b84_115_SNP_N_GenomeWideSNP_6_C09_771624	5	61574991	61582729	5	-0.7172
DUNGS_p_TCGA_b84_115_SNP_N_GenomeWideSNP_6_C09_771624	5	61593277	68846303	4464	0.0183
DUNGS_p_TCGA_b84_115_SNP_N_GenomeWideSNP_6_C09_771624	5	68867294	69074977	2	-2.1371
DUNGS_p_TCGA_b84_115_SNP_N_GenomeWideSNP_6_C09_771624	5	69074991	97485129	15899	0.0152
DUNGS_p_TCGA_b84_115_SNP_N_GenomeWideSNP_6_C09_771624	5	97487008	97487225	4	1.1912
DUNGS_p_TCGA_b84_115_SNP_N_GenomeWideSNP_6_C09_771624	5	97492056	103860481	3682	0.0238
DUNGS_p_TCGA_b84_115_SNP_N_GenomeWideSNP_6_C09_771624	5	103860548	103860604	2	1.3087
DUNGS_p_TCGA_b84_115_SNP_N_GenomeWideSNP_6_C09_771624	5	103861049	151514171	30835	0.0154
DUNGS_p_TCGA_b84_115_SNP_N_GenomeWideSNP_6_C09_771624	5	151515386	151518351	14	-0.8963
DUNGS_p_TCGA_b84_115_SNP_N_GenomeWideSNP_6_C09_771624	5	151520271	155475104	2662	0.0109
DUNGS_p_TCGA_b84_115_SNP_N_GenomeWideSNP_6_C09_771624	5	155475105	155480113	6	-0.9052
DUNGS_p_TCGA_b84_115_SNP_N_GenomeWideSNP_6_C09_771624	5	155481949	157141093	1119	0.0181
DUNGS_p_TCGA_b84_115_SNP_N_GenomeWideSNP_6_C09_771624	5	157142286	157143251	2	-0.946
DUNGS_p_TCGA_b84_115_SNP_N_GenomeWideSNP_6_C09_771624	5	157143521	157529227	287	0.0184
DUNGS_p_TCGA_b84_115_SNP_N_GenomeWideSNP_6_C09_771624	5	157529364	157530244	2	1.1525
DUNGS_p_TCGA_b84_115_SNP_N_GenomeWideSNP_6_C09_771624	5	157533434	175373508	12697	0.0137
DUNGS_p_TCGA_b84_115_SNP_N_GenomeWideSNP_6_C09_771624	5	175387546	175564134	27	0.2855
DUNGS_p_TCGA_b84_115_SNP_N_GenomeWideSNP_6_C09_771624	5	175564292	177166140	714	-0.0053
DUNGS_p_TCGA_b84_115_SNP_N_GenomeWideSNP_6_C09_771624	5	177167963	177232605	6	-0.8318
DUNGS_p_TCGA_b84_115_SNP_N_GenomeWideSNP_6_C09_771624	5	177254965	178103686	446	0.0173
DUNGS_p_TCGA_b84_115_SNP_N_GenomeWideSNP_6_C09_771624	5	178107690	178113163	5	-0.5966
DUNGS_p_TCGA_b84_115_SNP_N_GenomeWideSNP_6_C09_771624	5	178118855	180374523	1363	0.0204
DUNGS_p_TCGA_b84_115_SNP_N_GenomeWideSNP_6_C09_771624	5	180378710	180418103	19	-2.1565
DUNGS_p_TCGA_b84_115_SNP_N_GenomeWideSNP_6_C09_771624	5	180433225	180790320	171	0.0135
DUNGS_p_TCGA_b84_115_SNP_N_GenomeWideSNP_6_C09_771624	6	149661	303017	126	0.0379
DUNGS_p_TCGA_b84_115_SNP_N_GenomeWideSNP_6_C09_771624	6	303121	385784	84	-0.2632
DUNGS_p_TCGA_b84_115_SNP_N_GenomeWideSNP_6_C09_771624	6	387532	9158625	7201	0.008
DUNGS_p_TCGA_b84_115_SNP_N_GenomeWideSNP_6_C09_771624	6	9174777	9177875	3	-1.0978
DUNGS_p_TCGA_b84_115_SNP_N_GenomeWideSNP_6_C09_771624	6	9177875	19040119	7400	0.0052
DUNGS_p_TCGA_b84_115_SNP_N_GenomeWideSNP_6_C09_771624	6	19042181	19042818	3	-0.8512
DUNGS_p_TCGA_b84_115_SNP_N_GenomeWideSNP_6_C09_771624	6	19044702	29836703	6947	0.0111
DUNGS_p_TCGA_b84_115_SNP_N_GenomeWideSNP_6_C09_771624	6	29836741	29908469	40	0.3662
DUNGS_p_TCGA_b84_115_SNP_N_GenomeWideSNP_6_C09_771624	6	29914220	32624304	1234	0.0029
DUNGS_p_TCGA_b84_115_SNP_N_GenomeWideSNP_6_C09_771624	6	32624591	32625937	4	-1.212
DUNGS_p_TCGA_b84_115_SNP_N_GenomeWideSNP_6_C09_771624	6	32626618	32690027	46	0.0396
DUNGS_p_TCGA_b84_115_SNP_N_GenomeWideSNP_6_C09_771624	6	32690797	32690812	2	-1.1612
DUNGS_p_TCGA_b84_115_SNP_N_GenomeWideSNP_6_C09_771624	6	32690830	53931230	13711	0.003
DUNGS_p_TCGA_b84_115_SNP_N_GenomeWideSNP_6_C09_771624	6	53931275	53931855	5	-1.7415
DUNGS_p_TCGA_b84_115_SNP_N_GenomeWideSNP_6_C09_771624	6	53935348	67038046	5502	0.0159
DUNGS_p_TCGA_b84_115_SNP_N_GenomeWideSNP_6_C09_771624	6	67040913	67043192	7	0.8003
DUNGS_p_TCGA_b84_115_SNP_N_GenomeWideSNP_6_C09_771624	6	67043235	72862925	3931	0.0038
DUNGS_p_TCGA_b84_115_SNP_N_GenomeWideSNP_6_C09_771624	6	72866524	72866872	2	1.153
DUNGS_p_TCGA_b84_115_SNP_N_GenomeWideSNP_6_C09_771624	6	72868563	74591858	1089	-0.0044
DUNGS_p_TCGA_b84_115_SNP_N_GenomeWideSNP_6_C09_771624	6	74592225	74601410	10	0.8869
DUNGS_p_TCGA_b84_115_SNP_N_GenomeWideSNP_6_C09_771624	6	74603555	77421492	1762	0.0035
DUNGS_p_TCGA_b84_115_SNP_N_GenomeWideSNP_6_C09_771624	6	77422497	77452689	29	-0.3813
DUNGS_p_TCGA_b84_115_SNP_N_GenomeWideSNP_6_C09_771624	6	77452757	78962889	981	0.0031
DUNGS_p_TCGA_b84_115_SNP_N_GenomeWideSNP_6_C09_771624	6	78969065	78971834	7	-2.3448
DUNGS_p_TCGA_b84_115_SNP_N_GenomeWideSNP_6_C09_771624	6	78972088	78972776	7	-4.2355
DUNGS_p_TCGA_b84_115_SNP_N_GenomeWideSNP_6_C09_771624	6	78972796	79019708	57	-2.2209
DUNGS_p_TCGA_b84_115_SNP_N_GenomeWideSNP_6_C09_771624	6	79019753	79021099	5	-3.8387
DUNGS_p_TCGA_b84_115_SNP_N_GenomeWideSNP_6_C09_771624	6	79021153	79035185	37	-2.0648
DUNGS_p_TCGA_b84_115_SNP_N_GenomeWideSNP_6_C09_771624	6	79039234	98648235	12349	0.0065
DUNGS_p_TCGA_b84_115_SNP_N_GenomeWideSNP_6_C09_771624	6	98652210	98652595	2	-1.3327
DUNGS_p_TCGA_b84_115_SNP_N_GenomeWideSNP_6_C09_771624	6	98655062	103734816	3151	0.0057
DUNGS_p_TCGA_b84_115_SNP_N_GenomeWideSNP_6_C09_771624	6	103734825	103762061	48	0.6376
DUNGS_p_TCGA_b84_115_SNP_N_GenomeWideSNP_6_C09_771624	6	103765470	114221955	6683	0.0052
DUNGS_p_TCGA_b84_115_SNP_N_GenomeWideSNP_6_C09_771624	6	114224841	114225016	2	1.0738
DUNGS_p_TCGA_b84_115_SNP_N_GenomeWideSNP_6_C09_771624	6	114225811	160071844	29644	0.0055
DUNGS_p_TCGA_b84_115_SNP_N_GenomeWideSNP_6_C09_771624	6	160074418	160074445	2	-1.1197
DUNGS_p_TCGA_b84_115_SNP_N_GenomeWideSNP_6_C09_771624	6	160075703	171051005	7960	0.0094
DUNGS_p_TCGA_b84_115_SNP_N_GenomeWideSNP_6_C09_771624	7	43355	5965453	3085	-3e-04
DUNGS_p_TCGA_b84_115_SNP_N_GenomeWideSNP_6_C09_771624	7	5967155	5986460	4	-0.7261
DUNGS_p_TCGA_b84_115_SNP_N_GenomeWideSNP_6_C09_771624	7	5999577	11605015	4224	0.0218
DUNGS_p_TCGA_b84_115_SNP_N_GenomeWideSNP_6_C09_771624	7	11605298	11605508	3	-0.6774
DUNGS_p_TCGA_b84_115_SNP_N_GenomeWideSNP_6_C09_771624	7	11605832	12131963	489	0.0183
DUNGS_p_TCGA_b84_115_SNP_N_GenomeWideSNP_6_C09_771624	7	12132417	12253518	108	0.5789
DUNGS_p_TCGA_b84_115_SNP_N_GenomeWideSNP_6_C09_771624	7	12254939	15227059	2364	0.0147
DUNGS_p_TCGA_b84_115_SNP_N_GenomeWideSNP_6_C09_771624	7	15229982	15230731	3	-1.6091
DUNGS_p_TCGA_b84_115_SNP_N_GenomeWideSNP_6_C09_771624	7	15234508	54386505	28333	0.0049
DUNGS_p_TCGA_b84_115_SNP_N_GenomeWideSNP_6_C09_771624	7	54386509	54386517	5	1.7656
DUNGS_p_TCGA_b84_115_SNP_N_GenomeWideSNP_6_C09_771624	7	54393488	76153348	8495	0.0034
DUNGS_p_TCGA_b84_115_SNP_N_GenomeWideSNP_6_C09_771624	7	76153363	76161297	3	-1.27
DUNGS_p_TCGA_b84_115_SNP_N_GenomeWideSNP_6_C09_771624	7	76161308	85793125	6388	0.0091
DUNGS_p_TCGA_b84_115_SNP_N_GenomeWideSNP_6_C09_771624	7	85793677	85800872	3	-0.7798
DUNGS_p_TCGA_b84_115_SNP_N_GenomeWideSNP_6_C09_771624	7	85802147	86932765	664	0.0136
DUNGS_p_TCGA_b84_115_SNP_N_GenomeWideSNP_6_C09_771624	7	86940803	86946888	3	-0.8387
DUNGS_p_TCGA_b84_115_SNP_N_GenomeWideSNP_6_C09_771624	7	86948227	89519639	1546	0.0266
DUNGS_p_TCGA_b84_115_SNP_N_GenomeWideSNP_6_C09_771624	7	89521808	89524849	3	-0.8119
DUNGS_p_TCGA_b84_115_SNP_N_GenomeWideSNP_6_C09_771624	7	89532079	101080923	6653	0.0041
DUNGS_p_TCGA_b84_115_SNP_N_GenomeWideSNP_6_C09_771624	7	101081798	101081986	2	-1.4268
DUNGS_p_TCGA_b84_115_SNP_N_GenomeWideSNP_6_C09_771624	7	101086258	109433798	5073	0.0073
DUNGS_p_TCGA_b84_115_SNP_N_GenomeWideSNP_6_C09_771624	7	109437092	109441244	25	-0.6744
DUNGS_p_TCGA_b84_115_SNP_N_GenomeWideSNP_6_C09_771624	7	109441629	109453910	10	-2.6942
DUNGS_p_TCGA_b84_115_SNP_N_GenomeWideSNP_6_C09_771624	7	109453982	109469670	21	0.2527
DUNGS_p_TCGA_b84_115_SNP_N_GenomeWideSNP_6_C09_771624	7	109469840	141763124	19987	0.005
DUNGS_p_TCGA_b84_115_SNP_N_GenomeWideSNP_6_C09_771624	7	141769643	141792107	42	-0.6856
DUNGS_p_TCGA_b84_115_SNP_N_GenomeWideSNP_6_C09_771624	7	141795281	142474939	451	0.008
DUNGS_p_TCGA_b84_115_SNP_N_GenomeWideSNP_6_C09_771624	7	142476719	142486345	29	-0.2975
DUNGS_p_TCGA_b84_115_SNP_N_GenomeWideSNP_6_C09_771624	7	142486495	143904279	838	0.0209
DUNGS_p_TCGA_b84_115_SNP_N_GenomeWideSNP_6_C09_771624	7	143909235	143909445	3	-1.8747
DUNGS_p_TCGA_b84_115_SNP_N_GenomeWideSNP_6_C09_771624	7	143911624	144066947	39	0.632
DUNGS_p_TCGA_b84_115_SNP_N_GenomeWideSNP_6_C09_771624	7	144074929	149789474	3595	0.0031
DUNGS_p_TCGA_b84_115_SNP_N_GenomeWideSNP_6_C09_771624	7	149795055	149806076	6	-0.757
DUNGS_p_TCGA_b84_115_SNP_N_GenomeWideSNP_6_C09_771624	7	149810022	150287177	259	0.0167
DUNGS_p_TCGA_b84_115_SNP_N_GenomeWideSNP_6_C09_771624	7	150288831	150300867	4	-0.7812
DUNGS_p_TCGA_b84_115_SNP_N_GenomeWideSNP_6_C09_771624	7	150300944	150374240	61	-0.0254
DUNGS_p_TCGA_b84_115_SNP_N_GenomeWideSNP_6_C09_771624	7	150374415	150381031	5	-0.6381
DUNGS_p_TCGA_b84_115_SNP_N_GenomeWideSNP_6_C09_771624	7	150381356	153147638	1656	0.0044
DUNGS_p_TCGA_b84_115_SNP_N_GenomeWideSNP_6_C09_771624	7	153147645	153147712	2	-2.7313
DUNGS_p_TCGA_b84_115_SNP_N_GenomeWideSNP_6_C09_771624	7	153147715	154389895	866	0.0205
DUNGS_p_TCGA_b84_115_SNP_N_GenomeWideSNP_6_C09_771624	7	154393171	154399613	4	0.858
DUNGS_p_TCGA_b84_115_SNP_N_GenomeWideSNP_6_C09_771624	7	154400830	158955239	3136	0.0064
DUNGS_p_TCGA_b84_115_SNP_N_GenomeWideSNP_6_C09_771624	7	158957934	158959370	2	-1.2864
DUNGS_p_TCGA_b84_115_SNP_N_GenomeWideSNP_6_C09_771624	7	158965047	159127004	109	0.0131
DUNGS_p_TCGA_b84_115_SNP_N_GenomeWideSNP_6_C09_771624	8	31254	593041	327	0.0297
DUNGS_p_TCGA_b84_115_SNP_N_GenomeWideSNP_6_C09_771624	8	594944	595892	9	-0.4643
DUNGS_p_TCGA_b84_115_SNP_N_GenomeWideSNP_6_C09_771624	8	595908	1821516	911	0.0126
DUNGS_p_TCGA_b84_115_SNP_N_GenomeWideSNP_6_C09_771624	8	1822439	1822900	2	-1.0994
DUNGS_p_TCGA_b84_115_SNP_N_GenomeWideSNP_6_C09_771624	8	1823659	3997544	2538	0.0067
DUNGS_p_TCGA_b84_115_SNP_N_GenomeWideSNP_6_C09_771624	8	3997559	4002316	10	-0.9064
DUNGS_p_TCGA_b84_115_SNP_N_GenomeWideSNP_6_C09_771624	8	4002653	4003305	10	0.1433
DUNGS_p_TCGA_b84_115_SNP_N_GenomeWideSNP_6_C09_771624	8	4003463	4003478	2	-2.7575
DUNGS_p_TCGA_b84_115_SNP_N_GenomeWideSNP_6_C09_771624	8	4003561	7272181	4063	0.0159
DUNGS_p_TCGA_b84_115_SNP_N_GenomeWideSNP_6_C09_771624	8	7272240	7787962	138	-0.2263
DUNGS_p_TCGA_b84_115_SNP_N_GenomeWideSNP_6_C09_771624	8	7798758	7977969	46	0.0448
DUNGS_p_TCGA_b84_115_SNP_N_GenomeWideSNP_6_C09_771624	8	7978010	8017932	18	-0.3756
DUNGS_p_TCGA_b84_115_SNP_N_GenomeWideSNP_6_C09_771624	8	8018036	11949551	3235	-8e-04
DUNGS_p_TCGA_b84_115_SNP_N_GenomeWideSNP_6_C09_771624	8	11987726	12000309	5	0.7021
DUNGS_p_TCGA_b84_115_SNP_N_GenomeWideSNP_6_C09_771624	8	12001123	12216009	11	-0.0614
DUNGS_p_TCGA_b84_115_SNP_N_GenomeWideSNP_6_C09_771624	8	12216848	12247486	39	-1.5242
DUNGS_p_TCGA_b84_115_SNP_N_GenomeWideSNP_6_C09_771624	8	12260927	12403164	48	-0.3146
DUNGS_p_TCGA_b84_115_SNP_N_GenomeWideSNP_6_C09_771624	8	12412578	15777915	3131	0.0095
DUNGS_p_TCGA_b84_115_SNP_N_GenomeWideSNP_6_C09_771624	8	15779863	15786889	6	-0.9304
DUNGS_p_TCGA_b84_115_SNP_N_GenomeWideSNP_6_C09_771624	8	15788269	24145008	6663	0.0092
DUNGS_p_TCGA_b84_115_SNP_N_GenomeWideSNP_6_C09_771624	8	24145430	24151066	4	-0.7708
DUNGS_p_TCGA_b84_115_SNP_N_GenomeWideSNP_6_C09_771624	8	24151508	24975500	654	-0.0139
DUNGS_p_TCGA_b84_115_SNP_N_GenomeWideSNP_6_C09_771624	8	24975570	24984333	22	0.9259
DUNGS_p_TCGA_b84_115_SNP_N_GenomeWideSNP_6_C09_771624	8	24991104	25410206	318	-0.015
DUNGS_p_TCGA_b84_115_SNP_N_GenomeWideSNP_6_C09_771624	8	25415204	25415269	2	-1.0638
DUNGS_p_TCGA_b84_115_SNP_N_GenomeWideSNP_6_C09_771624	8	25415450	39230659	8729	-0.0033
DUNGS_p_TCGA_b84_115_SNP_N_GenomeWideSNP_6_C09_771624	8	39235603	39386965	59	0.6886
DUNGS_p_TCGA_b84_115_SNP_N_GenomeWideSNP_6_C09_771624	8	39388299	40182117	589	0.0222
DUNGS_p_TCGA_b84_115_SNP_N_GenomeWideSNP_6_C09_771624	8	40183797	40189511	34	-0.8249
DUNGS_p_TCGA_b84_115_SNP_N_GenomeWideSNP_6_C09_771624	8	40192910	40771996	452	0.0068
DUNGS_p_TCGA_b84_115_SNP_N_GenomeWideSNP_6_C09_771624	8	40777852	40778471	2	-2.2592
DUNGS_p_TCGA_b84_115_SNP_N_GenomeWideSNP_6_C09_771624	8	40783680	51032011	3521	0.0111
DUNGS_p_TCGA_b84_115_SNP_N_GenomeWideSNP_6_C09_771624	8	51032024	51038578	9	0.4888
DUNGS_p_TCGA_b84_115_SNP_N_GenomeWideSNP_6_C09_771624	8	51038619	68547669	10956	0.0046
DUNGS_p_TCGA_b84_115_SNP_N_GenomeWideSNP_6_C09_771624	8	68548132	68548400	6	0.6863
DUNGS_p_TCGA_b84_115_SNP_N_GenomeWideSNP_6_C09_771624	8	68548491	102399667	20450	0.0076
DUNGS_p_TCGA_b84_115_SNP_N_GenomeWideSNP_6_C09_771624	8	102399688	102399755	3	-0.8154
DUNGS_p_TCGA_b84_115_SNP_N_GenomeWideSNP_6_C09_771624	8	102399882	112294466	6069	0.0099
DUNGS_p_TCGA_b84_115_SNP_N_GenomeWideSNP_6_C09_771624	8	112294646	112295260	7	-1.707
DUNGS_p_TCGA_b84_115_SNP_N_GenomeWideSNP_6_C09_771624	8	112300281	115634554	1832	0.0141
DUNGS_p_TCGA_b84_115_SNP_N_GenomeWideSNP_6_C09_771624	8	115634653	115641731	33	-0.4637
DUNGS_p_TCGA_b84_115_SNP_N_GenomeWideSNP_6_C09_771624	8	115650697	120152010	3113	0.0075
DUNGS_p_TCGA_b84_115_SNP_N_GenomeWideSNP_6_C09_771624	8	120154784	120159446	4	-2.9112
DUNGS_p_TCGA_b84_115_SNP_N_GenomeWideSNP_6_C09_771624	8	120162854	120679258	367	8e-04
DUNGS_p_TCGA_b84_115_SNP_N_GenomeWideSNP_6_C09_771624	8	120681690	120681732	2	-0.8612
DUNGS_p_TCGA_b84_115_SNP_N_GenomeWideSNP_6_C09_771624	8	120688646	131847869	7765	0.0089
DUNGS_p_TCGA_b84_115_SNP_N_GenomeWideSNP_6_C09_771624	8	131851699	131852615	2	-1.0554
DUNGS_p_TCGA_b84_115_SNP_N_GenomeWideSNP_6_C09_771624	8	131855192	140603502	7173	0.0048
DUNGS_p_TCGA_b84_115_SNP_N_GenomeWideSNP_6_C09_771624	8	140604336	140604391	2	1.4457
DUNGS_p_TCGA_b84_115_SNP_N_GenomeWideSNP_6_C09_771624	8	140604622	140610581	11	0.1374
DUNGS_p_TCGA_b84_115_SNP_N_GenomeWideSNP_6_C09_771624	8	140611754	140613957	3	-0.8159
DUNGS_p_TCGA_b84_115_SNP_N_GenomeWideSNP_6_C09_771624	8	140614452	146298155	2652	0.0191
DUNGS_p_TCGA_b84_115_SNP_N_GenomeWideSNP_6_C09_771624	9	46587	68920	8	-0.3668
DUNGS_p_TCGA_b84_115_SNP_N_GenomeWideSNP_6_C09_771624	9	88030	6695986	6390	0.0159
DUNGS_p_TCGA_b84_115_SNP_N_GenomeWideSNP_6_C09_771624	9	6701145	6708357	7	-0.7559
DUNGS_p_TCGA_b84_115_SNP_N_GenomeWideSNP_6_C09_771624	9	6712314	43034301	25002	0.0105
DUNGS_p_TCGA_b84_115_SNP_N_GenomeWideSNP_6_C09_771624	9	43064846	43472537	15	-0.5813
DUNGS_p_TCGA_b84_115_SNP_N_GenomeWideSNP_6_C09_771624	9	43505852	44996305	137	0.2185
DUNGS_p_TCGA_b84_115_SNP_N_GenomeWideSNP_6_C09_771624	9	44996432	68175541	135	-0.2644
DUNGS_p_TCGA_b84_115_SNP_N_GenomeWideSNP_6_C09_771624	9	68175837	68183981	6	0.1993
DUNGS_p_TCGA_b84_115_SNP_N_GenomeWideSNP_6_C09_771624	9	68186051	68186057	4	1.2132
DUNGS_p_TCGA_b84_115_SNP_N_GenomeWideSNP_6_C09_771624	9	68186059	68219490	10	0.2584
DUNGS_p_TCGA_b84_115_SNP_N_GenomeWideSNP_6_C09_771624	9	68219522	79554460	6547	-0.011
DUNGS_p_TCGA_b84_115_SNP_N_GenomeWideSNP_6_C09_771624	9	79556881	79559336	4	-1.4541
DUNGS_p_TCGA_b84_115_SNP_N_GenomeWideSNP_6_C09_771624	9	79566864	141091394	41739	7e-04
DUNGS_p_TCGA_b84_115_SNP_N_GenomeWideSNP_6_C09_771624	10	72759	20840874	17056	0.0013
DUNGS_p_TCGA_b84_115_SNP_N_GenomeWideSNP_6_C09_771624	10	20850112	20853503	5	-0.763
DUNGS_p_TCGA_b84_115_SNP_N_GenomeWideSNP_6_C09_771624	10	20853534	24375263	2202	0.0014
DUNGS_p_TCGA_b84_115_SNP_N_GenomeWideSNP_6_C09_771624	10	24377674	24379039	15	0.6105
DUNGS_p_TCGA_b84_115_SNP_N_GenomeWideSNP_6_C09_771624	10	24380660	27228421	2000	-0.0101
DUNGS_p_TCGA_b84_115_SNP_N_GenomeWideSNP_6_C09_771624	10	27228439	27228473	3	0.9964
DUNGS_p_TCGA_b84_115_SNP_N_GenomeWideSNP_6_C09_771624	10	27229993	37455145	7170	0.004
DUNGS_p_TCGA_b84_115_SNP_N_GenomeWideSNP_6_C09_771624	10	37461148	37467614	2	-1.2032
DUNGS_p_TCGA_b84_115_SNP_N_GenomeWideSNP_6_C09_771624	10	37479414	44846451	2225	-0.0047
DUNGS_p_TCGA_b84_115_SNP_N_GenomeWideSNP_6_C09_771624	10	44846458	44848921	2	-1.3715
DUNGS_p_TCGA_b84_115_SNP_N_GenomeWideSNP_6_C09_771624	10	44849429	46543857	929	-1e-04
DUNGS_p_TCGA_b84_115_SNP_N_GenomeWideSNP_6_C09_771624	10	46585050	47037567	79	0.2838
DUNGS_p_TCGA_b84_115_SNP_N_GenomeWideSNP_6_C09_771624	10	47041466	47059806	27	-0.1436
DUNGS_p_TCGA_b84_115_SNP_N_GenomeWideSNP_6_C09_771624	10	47059821	47419711	74	0.3852
DUNGS_p_TCGA_b84_115_SNP_N_GenomeWideSNP_6_C09_771624	10	47541189	48934756	493	-0.0125
DUNGS_p_TCGA_b84_115_SNP_N_GenomeWideSNP_6_C09_771624	10	48947018	48958519	3	0.9609
DUNGS_p_TCGA_b84_115_SNP_N_GenomeWideSNP_6_C09_771624	10	49031175	49287591	13	0.2749
DUNGS_p_TCGA_b84_115_SNP_N_GenomeWideSNP_6_C09_771624	10	49287603	60089680	7564	0.0125
DUNGS_p_TCGA_b84_115_SNP_N_GenomeWideSNP_6_C09_771624	10	60092341	60094268	2	-1.0665
DUNGS_p_TCGA_b84_115_SNP_N_GenomeWideSNP_6_C09_771624	10	60096814	67306276	4925	0.0012
DUNGS_p_TCGA_b84_115_SNP_N_GenomeWideSNP_6_C09_771624	10	67307923	67314446	28	-2.0086
DUNGS_p_TCGA_b84_115_SNP_N_GenomeWideSNP_6_C09_771624	10	67322795	81994177	9507	0.0068
DUNGS_p_TCGA_b84_115_SNP_N_GenomeWideSNP_6_C09_771624	10	81994318	81997078	2	-2.4788
DUNGS_p_TCGA_b84_115_SNP_N_GenomeWideSNP_6_C09_771624	10	81997448	92084520	7221	-0.0026
DUNGS_p_TCGA_b84_115_SNP_N_GenomeWideSNP_6_C09_771624	10	92087356	92088126	3	-1.1835
DUNGS_p_TCGA_b84_115_SNP_N_GenomeWideSNP_6_C09_771624	10	92089478	124303755	21675	0.0011
DUNGS_p_TCGA_b84_115_SNP_N_GenomeWideSNP_6_C09_771624	10	124304753	124304771	2	-1.041
DUNGS_p_TCGA_b84_115_SNP_N_GenomeWideSNP_6_C09_771624	10	124305318	127067490	1901	0.0033
DUNGS_p_TCGA_b84_115_SNP_N_GenomeWideSNP_6_C09_771624	10	127068633	127072943	2	-1.1121
DUNGS_p_TCGA_b84_115_SNP_N_GenomeWideSNP_6_C09_771624	10	127074060	127324494	187	-0.0073
DUNGS_p_TCGA_b84_115_SNP_N_GenomeWideSNP_6_C09_771624	10	127328991	127329679	3	-0.893
DUNGS_p_TCGA_b84_115_SNP_N_GenomeWideSNP_6_C09_771624	10	127333647	135506704	5856	-0.0049
DUNGS_p_TCGA_b84_115_SNP_N_GenomeWideSNP_6_C09_771624	11	198510	4970243	2482	0.0024
DUNGS_p_TCGA_b84_115_SNP_N_GenomeWideSNP_6_C09_771624	11	4970277	4974029	23	0.822
DUNGS_p_TCGA_b84_115_SNP_N_GenomeWideSNP_6_C09_771624	11	4975164	5788092	805	0.0156
DUNGS_p_TCGA_b84_115_SNP_N_GenomeWideSNP_6_C09_771624	11	5789601	5829051	48	0.2464
DUNGS_p_TCGA_b84_115_SNP_N_GenomeWideSNP_6_C09_771624	11	5830288	89659568	51366	0.0055
DUNGS_p_TCGA_b84_115_SNP_N_GenomeWideSNP_6_C09_771624	11	89696093	89699504	2	-1.1431
DUNGS_p_TCGA_b84_115_SNP_N_GenomeWideSNP_6_C09_771624	11	89727683	95805813	4344	0.0064
DUNGS_p_TCGA_b84_115_SNP_N_GenomeWideSNP_6_C09_771624	11	95805830	95806007	6	-0.6547
DUNGS_p_TCGA_b84_115_SNP_N_GenomeWideSNP_6_C09_771624	11	95817199	97876515	1415	0.0097
DUNGS_p_TCGA_b84_115_SNP_N_GenomeWideSNP_6_C09_771624	11	97876792	97879331	2	1.2027
DUNGS_p_TCGA_b84_115_SNP_N_GenomeWideSNP_6_C09_771624	11	97879344	107781379	7145	0.0079
DUNGS_p_TCGA_b84_115_SNP_N_GenomeWideSNP_6_C09_771624	11	107784507	107785098	2	-3.8355
DUNGS_p_TCGA_b84_115_SNP_N_GenomeWideSNP_6_C09_771624	11	107787713	134944770	19588	-5e-04
DUNGS_p_TCGA_b84_115_SNP_N_GenomeWideSNP_6_C09_771624	12	150442	863833	415	0.0169
DUNGS_p_TCGA_b84_115_SNP_N_GenomeWideSNP_6_C09_771624	12	864074	879990	40	0.2233
DUNGS_p_TCGA_b84_115_SNP_N_GenomeWideSNP_6_C09_771624	12	883178	9633870	5756	0.0032
DUNGS_p_TCGA_b84_115_SNP_N_GenomeWideSNP_6_C09_771624	12	9637909	9728292	24	-1.8565
DUNGS_p_TCGA_b84_115_SNP_N_GenomeWideSNP_6_C09_771624	12	9734969	11511578	1190	0.0114
DUNGS_p_TCGA_b84_115_SNP_N_GenomeWideSNP_6_C09_771624	12	11512492	11543406	30	0.5548
DUNGS_p_TCGA_b84_115_SNP_N_GenomeWideSNP_6_C09_771624	12	11552192	21144097	6539	0.0019
DUNGS_p_TCGA_b84_115_SNP_N_GenomeWideSNP_6_C09_771624	12	21144252	21145307	15	-0.3716
DUNGS_p_TCGA_b84_115_SNP_N_GenomeWideSNP_6_C09_771624	12	21145330	24979395	2635	0.0018
DUNGS_p_TCGA_b84_115_SNP_N_GenomeWideSNP_6_C09_771624	12	24981267	24991236	13	0.3372
DUNGS_p_TCGA_b84_115_SNP_N_GenomeWideSNP_6_C09_771624	12	24998509	27370867	1839	-0.0029
DUNGS_p_TCGA_b84_115_SNP_N_GenomeWideSNP_6_C09_771624	12	27371576	27376941	3	-0.7576
DUNGS_p_TCGA_b84_115_SNP_N_GenomeWideSNP_6_C09_771624	12	27378240	27647858	192	0.0238
DUNGS_p_TCGA_b84_115_SNP_N_GenomeWideSNP_6_C09_771624	12	27647907	27651362	26	-0.7877
DUNGS_p_TCGA_b84_115_SNP_N_GenomeWideSNP_6_C09_771624	12	27657161	33294660	4177	0.0051
DUNGS_p_TCGA_b84_115_SNP_N_GenomeWideSNP_6_C09_771624	12	33301406	33307374	27	-0.5145
DUNGS_p_TCGA_b84_115_SNP_N_GenomeWideSNP_6_C09_771624	12	33308360	45899825	5631	0.0132
DUNGS_p_TCGA_b84_115_SNP_N_GenomeWideSNP_6_C09_771624	12	45904438	45909537	4	-2.0318
DUNGS_p_TCGA_b84_115_SNP_N_GenomeWideSNP_6_C09_771624	12	45913292	99791814	33778	0.0054
DUNGS_p_TCGA_b84_115_SNP_N_GenomeWideSNP_6_C09_771624	12	99795293	99798734	31	-0.7109
DUNGS_p_TCGA_b84_115_SNP_N_GenomeWideSNP_6_C09_771624	12	99803093	102012570	1362	0.0087
DUNGS_p_TCGA_b84_115_SNP_N_GenomeWideSNP_6_C09_771624	12	102012882	102014991	5	-0.5309
DUNGS_p_TCGA_b84_115_SNP_N_GenomeWideSNP_6_C09_771624	12	102015161	102095601	72	0.0056
DUNGS_p_TCGA_b84_115_SNP_N_GenomeWideSNP_6_C09_771624	12	102097012	102100180	3	-0.9325
DUNGS_p_TCGA_b84_115_SNP_N_GenomeWideSNP_6_C09_771624	12	102100264	108481417	4469	0.0038
DUNGS_p_TCGA_b84_115_SNP_N_GenomeWideSNP_6_C09_771624	12	108483774	108484066	2	1.031
DUNGS_p_TCGA_b84_115_SNP_N_GenomeWideSNP_6_C09_771624	12	108484124	128434045	13030	0.0037
DUNGS_p_TCGA_b84_115_SNP_N_GenomeWideSNP_6_C09_771624	12	128434308	128434322	2	-1.2497
DUNGS_p_TCGA_b84_115_SNP_N_GenomeWideSNP_6_C09_771624	12	128434743	128730764	284	-0.0037
DUNGS_p_TCGA_b84_115_SNP_N_GenomeWideSNP_6_C09_771624	12	128730902	128734010	2	-1.1242
DUNGS_p_TCGA_b84_115_SNP_N_GenomeWideSNP_6_C09_771624	12	128734744	130762251	1855	0.0024
DUNGS_p_TCGA_b84_115_SNP_N_GenomeWideSNP_6_C09_771624	12	130763004	130763907	2	-0.9447
DUNGS_p_TCGA_b84_115_SNP_N_GenomeWideSNP_6_C09_771624	12	130764940	131734621	739	0.0028
DUNGS_p_TCGA_b84_115_SNP_N_GenomeWideSNP_6_C09_771624	12	131734661	131734730	3	-0.8765
DUNGS_p_TCGA_b84_115_SNP_N_GenomeWideSNP_6_C09_771624	12	131735225	131777432	49	0.0563
DUNGS_p_TCGA_b84_115_SNP_N_GenomeWideSNP_6_C09_771624	12	131794168	131796447	5	0.8316
DUNGS_p_TCGA_b84_115_SNP_N_GenomeWideSNP_6_C09_771624	12	131803792	132120715	319	-0.0059
DUNGS_p_TCGA_b84_115_SNP_N_GenomeWideSNP_6_C09_771624	12	132132584	132133335	13	-1.8835
DUNGS_p_TCGA_b84_115_SNP_N_GenomeWideSNP_6_C09_771624	12	132142331	133778189	572	0.0352
DUNGS_p_TCGA_b84_115_SNP_N_GenomeWideSNP_6_C09_771624	13	19026949	20121459	567	0.0119
DUNGS_p_TCGA_b84_115_SNP_N_GenomeWideSNP_6_C09_771624	13	20123895	20123910	2	-1.629
DUNGS_p_TCGA_b84_115_SNP_N_GenomeWideSNP_6_C09_771624	13	20124501	52858792	22878	0.0072
DUNGS_p_TCGA_b84_115_SNP_N_GenomeWideSNP_6_C09_771624	13	52862507	52910689	10	0.6283
DUNGS_p_TCGA_b84_115_SNP_N_GenomeWideSNP_6_C09_771624	13	52912670	53059216	54	0.0842
DUNGS_p_TCGA_b84_115_SNP_N_GenomeWideSNP_6_C09_771624	13	53071152	53152135	15	-0.5815
DUNGS_p_TCGA_b84_115_SNP_N_GenomeWideSNP_6_C09_771624	13	53153697	61460314	4931	0.0031
DUNGS_p_TCGA_b84_115_SNP_N_GenomeWideSNP_6_C09_771624	13	61461948	61462498	4	0.7285
DUNGS_p_TCGA_b84_115_SNP_N_GenomeWideSNP_6_C09_771624	13	61465129	72476988	6735	0.0117
DUNGS_p_TCGA_b84_115_SNP_N_GenomeWideSNP_6_C09_771624	13	72477555	72480556	4	1.3391
DUNGS_p_TCGA_b84_115_SNP_N_GenomeWideSNP_6_C09_771624	13	72480605	115108397	29177	0.0047
DUNGS_p_TCGA_b84_115_SNP_N_GenomeWideSNP_6_C09_771624	14	19002124	19170412	17	0.0719
DUNGS_p_TCGA_b84_115_SNP_N_GenomeWideSNP_6_C09_771624	14	19171044	19329001	4	-0.9865
DUNGS_p_TCGA_b84_115_SNP_N_GenomeWideSNP_6_C09_771624	14	19333712	19438611	12	-0.1953
DUNGS_p_TCGA_b84_115_SNP_N_GenomeWideSNP_6_C09_771624	14	19451076	19844107	30	0.4057
DUNGS_p_TCGA_b84_115_SNP_N_GenomeWideSNP_6_C09_771624	14	19846877	20118883	14	-0.2199
DUNGS_p_TCGA_b84_115_SNP_N_GenomeWideSNP_6_C09_771624	14	20135224	20423372	113	0.6867
DUNGS_p_TCGA_b84_115_SNP_N_GenomeWideSNP_6_C09_771624	14	20424926	24484459	2764	0.0306
DUNGS_p_TCGA_b84_115_SNP_N_GenomeWideSNP_6_C09_771624	14	24488143	24489019	8	-0.5295
DUNGS_p_TCGA_b84_115_SNP_N_GenomeWideSNP_6_C09_771624	14	24489165	35426774	7050	0.0034
DUNGS_p_TCGA_b84_115_SNP_N_GenomeWideSNP_6_C09_771624	14	35428995	35429746	3	-0.8128
DUNGS_p_TCGA_b84_115_SNP_N_GenomeWideSNP_6_C09_771624	14	35434418	35509603	42	-0.0194
DUNGS_p_TCGA_b84_115_SNP_N_GenomeWideSNP_6_C09_771624	14	35509648	35509774	3	-1.0426
DUNGS_p_TCGA_b84_115_SNP_N_GenomeWideSNP_6_C09_771624	14	35510797	38794539	2025	0.0015
DUNGS_p_TCGA_b84_115_SNP_N_GenomeWideSNP_6_C09_771624	14	38799454	38800197	9	-0.8622
DUNGS_p_TCGA_b84_115_SNP_N_GenomeWideSNP_6_C09_771624	14	38800374	40608928	1031	5e-04
DUNGS_p_TCGA_b84_115_SNP_N_GenomeWideSNP_6_C09_771624	14	40613922	40616919	2	0.9036
DUNGS_p_TCGA_b84_115_SNP_N_GenomeWideSNP_6_C09_771624	14	40618165	41607634	720	0.0209
DUNGS_p_TCGA_b84_115_SNP_N_GenomeWideSNP_6_C09_771624	14	41608358	41657249	15	-0.4282
DUNGS_p_TCGA_b84_115_SNP_N_GenomeWideSNP_6_C09_771624	14	41657349	106777343	41467	0.0019
DUNGS_p_TCGA_b84_115_SNP_N_GenomeWideSNP_6_C09_771624	14	106783044	106821736	12	0.6998
DUNGS_p_TCGA_b84_115_SNP_N_GenomeWideSNP_6_C09_771624	14	106825916	107285437	304	0.0945
DUNGS_p_TCGA_b84_115_SNP_N_GenomeWideSNP_6_C09_771624	15	20016328	20578421	98	-0.0651
DUNGS_p_TCGA_b84_115_SNP_N_GenomeWideSNP_6_C09_771624	15	20581451	20586483	12	-0.8339
DUNGS_p_TCGA_b84_115_SNP_N_GenomeWideSNP_6_C09_771624	15	20586659	24352928	1170	-3e-04
DUNGS_p_TCGA_b84_115_SNP_N_GenomeWideSNP_6_C09_771624	15	24357167	24362103	7	-1.0578
DUNGS_p_TCGA_b84_115_SNP_N_GenomeWideSNP_6_C09_771624	15	24363496	27028841	1867	0.0066
DUNGS_p_TCGA_b84_115_SNP_N_GenomeWideSNP_6_C09_771624	15	27032067	27032625	3	-1.0926
DUNGS_p_TCGA_b84_115_SNP_N_GenomeWideSNP_6_C09_771624	15	27033794	30415931	1949	0.0123
DUNGS_p_TCGA_b84_115_SNP_N_GenomeWideSNP_6_C09_771624	15	30444276	30821637	105	-0.4411
DUNGS_p_TCGA_b84_115_SNP_N_GenomeWideSNP_6_C09_771624	15	30821758	32460887	1055	0.0074
DUNGS_p_TCGA_b84_115_SNP_N_GenomeWideSNP_6_C09_771624	15	32461414	32902983	68	-0.2644
DUNGS_p_TCGA_b84_115_SNP_N_GenomeWideSNP_6_C09_771624	15	32904615	34664227	1475	0.0041
DUNGS_p_TCGA_b84_115_SNP_N_GenomeWideSNP_6_C09_771624	15	34664964	34794922	73	0.28
DUNGS_p_TCGA_b84_115_SNP_N_GenomeWideSNP_6_C09_771624	15	34795486	40848351	4241	-0.0041
DUNGS_p_TCGA_b84_115_SNP_N_GenomeWideSNP_6_C09_771624	15	40849698	40849828	2	-0.9881
DUNGS_p_TCGA_b84_115_SNP_N_GenomeWideSNP_6_C09_771624	15	40851755	63266204	14392	0.0021
DUNGS_p_TCGA_b84_115_SNP_N_GenomeWideSNP_6_C09_771624	15	63267936	63269100	2	-1.4553
DUNGS_p_TCGA_b84_115_SNP_N_GenomeWideSNP_6_C09_771624	15	63270702	76878362	7868	0.0033
DUNGS_p_TCGA_b84_115_SNP_N_GenomeWideSNP_6_C09_771624	15	76891241	76895775	22	-1.9161
DUNGS_p_TCGA_b84_115_SNP_N_GenomeWideSNP_6_C09_771624	15	76902179	83068590	3667	0.0014
DUNGS_p_TCGA_b84_115_SNP_N_GenomeWideSNP_6_C09_771624	15	83083151	83108839	4	-1.8175
DUNGS_p_TCGA_b84_115_SNP_N_GenomeWideSNP_6_C09_771624	15	83169549	102469040	14029	0.0029
DUNGS_p_TCGA_b84_115_SNP_N_GenomeWideSNP_6_C09_771624	16	60777	4133924	1623	-0.0019
DUNGS_p_TCGA_b84_115_SNP_N_GenomeWideSNP_6_C09_771624	16	4136418	4140024	3	-1.3965
DUNGS_p_TCGA_b84_115_SNP_N_GenomeWideSNP_6_C09_771624	16	4144898	5735074	1159	0.0061
DUNGS_p_TCGA_b84_115_SNP_N_GenomeWideSNP_6_C09_771624	16	5740530	5740808	4	-0.7915
DUNGS_p_TCGA_b84_115_SNP_N_GenomeWideSNP_6_C09_771624	16	5741106	15048768	8358	9e-04
DUNGS_p_TCGA_b84_115_SNP_N_GenomeWideSNP_6_C09_771624	16	15048844	15194062	95	0.2424
DUNGS_p_TCGA_b84_115_SNP_N_GenomeWideSNP_6_C09_771624	16	15241294	15487149	23	-0.3254
DUNGS_p_TCGA_b84_115_SNP_N_GenomeWideSNP_6_C09_771624	16	15491127	18704192	1578	0.0235
DUNGS_p_TCGA_b84_115_SNP_N_GenomeWideSNP_6_C09_771624	16	18716255	18726036	4	-1.1404
DUNGS_p_TCGA_b84_115_SNP_N_GenomeWideSNP_6_C09_771624	16	18727232	19943026	692	0.0043
DUNGS_p_TCGA_b84_115_SNP_N_GenomeWideSNP_6_C09_771624	16	19944000	19965832	29	0.2983
DUNGS_p_TCGA_b84_115_SNP_N_GenomeWideSNP_6_C09_771624	16	19965875	21520538	913	0.0153
DUNGS_p_TCGA_b84_115_SNP_N_GenomeWideSNP_6_C09_771624	16	21533222	21588788	18	-0.2723
DUNGS_p_TCGA_b84_115_SNP_N_GenomeWideSNP_6_C09_771624	16	21591340	34466571	6067	2e-04
DUNGS_p_TCGA_b84_115_SNP_N_GenomeWideSNP_6_C09_771624	16	34470704	34757071	168	0.5089
DUNGS_p_TCGA_b84_115_SNP_N_GenomeWideSNP_6_C09_771624	16	34760967	78371608	21074	0.0017
DUNGS_p_TCGA_b84_115_SNP_N_GenomeWideSNP_6_C09_771624	16	78372440	78383140	15	-2.6071
DUNGS_p_TCGA_b84_115_SNP_N_GenomeWideSNP_6_C09_771624	16	78384738	78384765	2	-1.0793
DUNGS_p_TCGA_b84_115_SNP_N_GenomeWideSNP_6_C09_771624	16	78385001	81002563	3072	0.006
DUNGS_p_TCGA_b84_115_SNP_N_GenomeWideSNP_6_C09_771624	16	81004307	81005402	3	-0.8595
DUNGS_p_TCGA_b84_115_SNP_N_GenomeWideSNP_6_C09_771624	16	81006758	85222571	4321	0.0022
DUNGS_p_TCGA_b84_115_SNP_N_GenomeWideSNP_6_C09_771624	16	85228341	85228662	2	-1.5444
DUNGS_p_TCGA_b84_115_SNP_N_GenomeWideSNP_6_C09_771624	16	85229021	86154014	705	-0.0111
DUNGS_p_TCGA_b84_115_SNP_N_GenomeWideSNP_6_C09_771624	16	86157515	86168482	11	0.3801
DUNGS_p_TCGA_b84_115_SNP_N_GenomeWideSNP_6_C09_771624	16	86168727	86392449	254	0.0145
DUNGS_p_TCGA_b84_115_SNP_N_GenomeWideSNP_6_C09_771624	16	86393875	86395119	4	-0.763
DUNGS_p_TCGA_b84_115_SNP_N_GenomeWideSNP_6_C09_771624	16	86395647	90287535	2281	0.0084
DUNGS_p_TCGA_b84_115_SNP_N_GenomeWideSNP_6_C09_771624	17	526	604989	299	0.01
DUNGS_p_TCGA_b84_115_SNP_N_GenomeWideSNP_6_C09_771624	17	611026	611260	3	-0.856
DUNGS_p_TCGA_b84_115_SNP_N_GenomeWideSNP_6_C09_771624	17	611433	707174	53	0.0043
DUNGS_p_TCGA_b84_115_SNP_N_GenomeWideSNP_6_C09_771624	17	713686	714172	2	0.9509
DUNGS_p_TCGA_b84_115_SNP_N_GenomeWideSNP_6_C09_771624	17	716459	4374584	2013	0.0025
DUNGS_p_TCGA_b84_115_SNP_N_GenomeWideSNP_6_C09_771624	17	4375089	4375573	3	-0.7808
DUNGS_p_TCGA_b84_115_SNP_N_GenomeWideSNP_6_C09_771624	17	4378752	4540647	74	-0.0213
DUNGS_p_TCGA_b84_115_SNP_N_GenomeWideSNP_6_C09_771624	17	4544331	4544551	3	-1.0088
DUNGS_p_TCGA_b84_115_SNP_N_GenomeWideSNP_6_C09_771624	17	4547179	6295959	1116	1e-04
DUNGS_p_TCGA_b84_115_SNP_N_GenomeWideSNP_6_C09_771624	17	6296632	6296680	2	-1.0997
DUNGS_p_TCGA_b84_115_SNP_N_GenomeWideSNP_6_C09_771624	17	6296720	7258027	537	0.0014
DUNGS_p_TCGA_b84_115_SNP_N_GenomeWideSNP_6_C09_771624	17	7265349	7265806	2	-2.2054
DUNGS_p_TCGA_b84_115_SNP_N_GenomeWideSNP_6_C09_771624	17	7266476	16654301	6411	0.0055
DUNGS_p_TCGA_b84_115_SNP_N_GenomeWideSNP_6_C09_771624	17	16657331	16709547	6	0.8606
DUNGS_p_TCGA_b84_115_SNP_N_GenomeWideSNP_6_C09_771624	17	16709740	18355392	929	-0.0032
DUNGS_p_TCGA_b84_115_SNP_N_GenomeWideSNP_6_C09_771624	17	18358946	18464586	27	-1.823
DUNGS_p_TCGA_b84_115_SNP_N_GenomeWideSNP_6_C09_771624	17	18465221	34436708	6926	0.0057
DUNGS_p_TCGA_b84_115_SNP_N_GenomeWideSNP_6_C09_771624	17	34437128	34477603	36	0.4454
DUNGS_p_TCGA_b84_115_SNP_N_GenomeWideSNP_6_C09_771624	17	34485091	39421708	2546	0.0145
DUNGS_p_TCGA_b84_115_SNP_N_GenomeWideSNP_6_C09_771624	17	39423014	39430531	24	-0.9468
DUNGS_p_TCGA_b84_115_SNP_N_GenomeWideSNP_6_C09_771624	17	39432724	44163098	2513	0.0148
DUNGS_p_TCGA_b84_115_SNP_N_GenomeWideSNP_6_C09_771624	17	44165803	44351285	117	0.3733
DUNGS_p_TCGA_b84_115_SNP_N_GenomeWideSNP_6_C09_771624	17	44351686	44394412	9	0.0568
DUNGS_p_TCGA_b84_115_SNP_N_GenomeWideSNP_6_C09_771624	17	44394414	44752300	47	-0.5348
DUNGS_p_TCGA_b84_115_SNP_N_GenomeWideSNP_6_C09_771624	17	44764994	77243063	19882	0.0103
DUNGS_p_TCGA_b84_115_SNP_N_GenomeWideSNP_6_C09_771624	17	77245660	77246390	3	-1.465
DUNGS_p_TCGA_b84_115_SNP_N_GenomeWideSNP_6_C09_771624	17	77247044	81049726	1753	8e-04
DUNGS_p_TCGA_b84_115_SNP_N_GenomeWideSNP_6_C09_771624	18	11543	27812385	16080	0.0108
DUNGS_p_TCGA_b84_115_SNP_N_GenomeWideSNP_6_C09_771624	18	27814548	27815968	4	-0.6945
DUNGS_p_TCGA_b84_115_SNP_N_GenomeWideSNP_6_C09_771624	18	27818614	40051678	8015	0.0058
DUNGS_p_TCGA_b84_115_SNP_N_GenomeWideSNP_6_C09_771624	18	40056569	40058395	26	-0.547
DUNGS_p_TCGA_b84_115_SNP_N_GenomeWideSNP_6_C09_771624	18	40060937	42304285	1318	0.0142
DUNGS_p_TCGA_b84_115_SNP_N_GenomeWideSNP_6_C09_771624	18	42307972	42307988	2	-1.1152
DUNGS_p_TCGA_b84_115_SNP_N_GenomeWideSNP_6_C09_771624	18	42308172	62088801	13859	0.0039
DUNGS_p_TCGA_b84_115_SNP_N_GenomeWideSNP_6_C09_771624	18	62088914	62090971	2	-1.3115
DUNGS_p_TCGA_b84_115_SNP_N_GenomeWideSNP_6_C09_771624	18	62093480	62226795	75	0.0039
DUNGS_p_TCGA_b84_115_SNP_N_GenomeWideSNP_6_C09_771624	18	62227794	62245211	11	-0.3235
DUNGS_p_TCGA_b84_115_SNP_N_GenomeWideSNP_6_C09_771624	18	62246709	63203743	645	0.0142
DUNGS_p_TCGA_b84_115_SNP_N_GenomeWideSNP_6_C09_771624	18	63203759	63207257	14	0.8468
DUNGS_p_TCGA_b84_115_SNP_N_GenomeWideSNP_6_C09_771624	18	63207273	63727492	360	0.0536
DUNGS_p_TCGA_b84_115_SNP_N_GenomeWideSNP_6_C09_771624	18	63727545	63732738	12	0.4374
DUNGS_p_TCGA_b84_115_SNP_N_GenomeWideSNP_6_C09_771624	18	63732763	78015057	10443	0.0194
DUNGS_p_TCGA_b84_115_SNP_N_GenomeWideSNP_6_C09_771624	19	90910	9273800	3415	1e-04
DUNGS_p_TCGA_b84_115_SNP_N_GenomeWideSNP_6_C09_771624	19	9274672	9278121	5	-0.8074
DUNGS_p_TCGA_b84_115_SNP_N_GenomeWideSNP_6_C09_771624	19	9284760	11163689	874	7e-04
DUNGS_p_TCGA_b84_115_SNP_N_GenomeWideSNP_6_C09_771624	19	11168662	11169052	2	-1.2728
DUNGS_p_TCGA_b84_115_SNP_N_GenomeWideSNP_6_C09_771624	19	11177408	24456957	6949	0.0024
DUNGS_p_TCGA_b84_115_SNP_N_GenomeWideSNP_6_C09_771624	19	24460818	24464957	10	-0.7766
DUNGS_p_TCGA_b84_115_SNP_N_GenomeWideSNP_6_C09_771624	19	24487682	35849322	5583	-0.0019
DUNGS_p_TCGA_b84_115_SNP_N_GenomeWideSNP_6_C09_771624	19	35849493	35861848	22	-0.5977
DUNGS_p_TCGA_b84_115_SNP_N_GenomeWideSNP_6_C09_771624	19	35866744	36758897	434	-5e-04
DUNGS_p_TCGA_b84_115_SNP_N_GenomeWideSNP_6_C09_771624	19	36805705	36807300	3	-0.9232
DUNGS_p_TCGA_b84_115_SNP_N_GenomeWideSNP_6_C09_771624	19	36825248	43697333	3487	0.0018
DUNGS_p_TCGA_b84_115_SNP_N_GenomeWideSNP_6_C09_771624	19	43703033	43756237	22	-0.7164
DUNGS_p_TCGA_b84_115_SNP_N_GenomeWideSNP_6_C09_771624	19	43766659	53517082	5130	0.0031
DUNGS_p_TCGA_b84_115_SNP_N_GenomeWideSNP_6_C09_771624	19	53518514	53552229	23	0.86
DUNGS_p_TCGA_b84_115_SNP_N_GenomeWideSNP_6_C09_771624	19	53554240	58940514	3363	0.0043
DUNGS_p_TCGA_b84_115_SNP_N_GenomeWideSNP_6_C09_771624	19	58943408	58944375	2	-1.3226
DUNGS_p_TCGA_b84_115_SNP_N_GenomeWideSNP_6_C09_771624	19	58946056	59097854	52	-0.0267
DUNGS_p_TCGA_b84_115_SNP_N_GenomeWideSNP_6_C09_771624	20	61305	1561580	1208	0.0158
DUNGS_p_TCGA_b84_115_SNP_N_GenomeWideSNP_6_C09_771624	20	1561667	1597946	41	-0.5697
DUNGS_p_TCGA_b84_115_SNP_N_GenomeWideSNP_6_C09_771624	20	1598106	15301374	10411	0.0051
DUNGS_p_TCGA_b84_115_SNP_N_GenomeWideSNP_6_C09_771624	20	15301902	15302374	3	-1.1235
DUNGS_p_TCGA_b84_115_SNP_N_GenomeWideSNP_6_C09_771624	20	15305258	29498271	8435	-1e-04
DUNGS_p_TCGA_b84_115_SNP_N_GenomeWideSNP_6_C09_771624	20	29505830	29505893	2	1.0406
DUNGS_p_TCGA_b84_115_SNP_N_GenomeWideSNP_6_C09_771624	20	29527893	39902053	5717	0.0049
DUNGS_p_TCGA_b84_115_SNP_N_GenomeWideSNP_6_C09_771624	20	39907067	39911324	2	0.9745
DUNGS_p_TCGA_b84_115_SNP_N_GenomeWideSNP_6_C09_771624	20	39911385	52644868	9211	0.0023
DUNGS_p_TCGA_b84_115_SNP_N_GenomeWideSNP_6_C09_771624	20	52647808	52654219	25	-0.6323
DUNGS_p_TCGA_b84_115_SNP_N_GenomeWideSNP_6_C09_771624	20	52654221	52657717	7	-1.2245
DUNGS_p_TCGA_b84_115_SNP_N_GenomeWideSNP_6_C09_771624	20	52658073	52658651	6	-0.3682
DUNGS_p_TCGA_b84_115_SNP_N_GenomeWideSNP_6_C09_771624	20	52662574	62956153	7466	0.0013
DUNGS_p_TCGA_b84_115_SNP_N_GenomeWideSNP_6_C09_771624	21	10736871	20054451	3715	0.003
DUNGS_p_TCGA_b84_115_SNP_N_GenomeWideSNP_6_C09_771624	21	20055257	20080934	29	0.5181
DUNGS_p_TCGA_b84_115_SNP_N_GenomeWideSNP_6_C09_771624	21	20081875	28280513	6291	0.0084
DUNGS_p_TCGA_b84_115_SNP_N_GenomeWideSNP_6_C09_771624	21	28282660	28282852	3	-1.1199
DUNGS_p_TCGA_b84_115_SNP_N_GenomeWideSNP_6_C09_771624	21	28283604	29665267	1060	0.0096
DUNGS_p_TCGA_b84_115_SNP_N_GenomeWideSNP_6_C09_771624	21	29668619	29677788	3	0.7192
DUNGS_p_TCGA_b84_115_SNP_N_GenomeWideSNP_6_C09_771624	21	29681743	32740462	2193	0.0078
DUNGS_p_TCGA_b84_115_SNP_N_GenomeWideSNP_6_C09_771624	21	32740917	32741108	2	-1.0685
DUNGS_p_TCGA_b84_115_SNP_N_GenomeWideSNP_6_C09_771624	21	32741821	33236455	325	-0.0104
DUNGS_p_TCGA_b84_115_SNP_N_GenomeWideSNP_6_C09_771624	21	33237983	33240048	3	-1.185
DUNGS_p_TCGA_b84_115_SNP_N_GenomeWideSNP_6_C09_771624	21	33251549	37525535	3105	-0.0019
DUNGS_p_TCGA_b84_115_SNP_N_GenomeWideSNP_6_C09_771624	21	37525829	37525945	3	-0.8172
DUNGS_p_TCGA_b84_115_SNP_N_GenomeWideSNP_6_C09_771624	21	37533119	48096957	7701	0.0032
DUNGS_p_TCGA_b84_115_SNP_N_GenomeWideSNP_6_C09_771624	22	16052528	16239362	29	0.3539
DUNGS_p_TCGA_b84_115_SNP_N_GenomeWideSNP_6_C09_771624	22	16239487	16361969	15	-0.1046
DUNGS_p_TCGA_b84_115_SNP_N_GenomeWideSNP_6_C09_771624	22	16365495	16402930	12	0.478
DUNGS_p_TCGA_b84_115_SNP_N_GenomeWideSNP_6_C09_771624	22	16403333	17495551	319	0.0186
DUNGS_p_TCGA_b84_115_SNP_N_GenomeWideSNP_6_C09_771624	22	17499034	17499508	2	-1.3344
DUNGS_p_TCGA_b84_115_SNP_N_GenomeWideSNP_6_C09_771624	22	17499890	18732919	840	0.0043
DUNGS_p_TCGA_b84_115_SNP_N_GenomeWideSNP_6_C09_771624	22	18748440	18748454	2	1.1155
DUNGS_p_TCGA_b84_115_SNP_N_GenomeWideSNP_6_C09_771624	22	18770421	21809185	1659	0.0038
DUNGS_p_TCGA_b84_115_SNP_N_GenomeWideSNP_6_C09_771624	22	21815866	21834248	13	0.458
DUNGS_p_TCGA_b84_115_SNP_N_GenomeWideSNP_6_C09_771624	22	21840434	33582803	8477	0.0063
DUNGS_p_TCGA_b84_115_SNP_N_GenomeWideSNP_6_C09_771624	22	33583233	33583237	2	-1.2738
DUNGS_p_TCGA_b84_115_SNP_N_GenomeWideSNP_6_C09_771624	22	33586339	39044053	3981	-0.0011
DUNGS_p_TCGA_b84_115_SNP_N_GenomeWideSNP_6_C09_771624	22	39047047	39050456	3	0.7505
DUNGS_p_TCGA_b84_115_SNP_N_GenomeWideSNP_6_C09_771624	22	39054103	39287910	128	-0.0053
DUNGS_p_TCGA_b84_115_SNP_N_GenomeWideSNP_6_C09_771624	22	39290920	39296904	4	-0.682
DUNGS_p_TCGA_b84_115_SNP_N_GenomeWideSNP_6_C09_771624	22	39299114	42897282	1960	0.0013
DUNGS_p_TCGA_b84_115_SNP_N_GenomeWideSNP_6_C09_771624	22	42899440	42934462	21	0.6221
DUNGS_p_TCGA_b84_115_SNP_N_GenomeWideSNP_6_C09_771624	22	42942962	51234455	6116	-0.0035
DUNGS_p_TCGA_b84_115_SNP_N_GenomeWideSNP_6_C09_771624	X	168477	682249	75	0.0063
DUNGS_p_TCGA_b84_115_SNP_N_GenomeWideSNP_6_C09_771624	X	682858	2589364	18	0.4017
DUNGS_p_TCGA_b84_115_SNP_N_GenomeWideSNP_6_C09_771624	X	2665209	2937748	161	-0.0182
DUNGS_p_TCGA_b84_115_SNP_N_GenomeWideSNP_6_C09_771624	X	2941966	2942925	4	1.0817
DUNGS_p_TCGA_b84_115_SNP_N_GenomeWideSNP_6_C09_771624	X	2942986	103726205	54422	0.0076
DUNGS_p_TCGA_b84_115_SNP_N_GenomeWideSNP_6_C09_771624	X	103726355	103728148	2	-1.6561
DUNGS_p_TCGA_b84_115_SNP_N_GenomeWideSNP_6_C09_771624	X	103728604	107110289	1703	0.0012
DUNGS_p_TCGA_b84_115_SNP_N_GenomeWideSNP_6_C09_771624	X	107111142	107112032	2	-1.3032
DUNGS_p_TCGA_b84_115_SNP_N_GenomeWideSNP_6_C09_771624	X	107116812	115133681	4464	-0.0015
DUNGS_p_TCGA_b84_115_SNP_N_GenomeWideSNP_6_C09_771624	X	115137955	115150638	7	-0.6717
DUNGS_p_TCGA_b84_115_SNP_N_GenomeWideSNP_6_C09_771624	X	115156419	134854929	11333	0.0108
DUNGS_p_TCGA_b84_115_SNP_N_GenomeWideSNP_6_C09_771624	X	134857319	134880074	7	-0.7065
DUNGS_p_TCGA_b84_115_SNP_N_GenomeWideSNP_6_C09_771624	X	134891648	152200283	11273	0.0014
DUNGS_p_TCGA_b84_115_SNP_N_GenomeWideSNP_6_C09_771624	X	152201666	152201714	2	-1.5096
DUNGS_p_TCGA_b84_115_SNP_N_GenomeWideSNP_6_C09_771624	X	152202022	155182354	1189	0.0039
DUNGS_p_TCGA_b84_115_SNP_N_GenomeWideSNP_6_C09_771624	Y	2650438	59018259	8635	-0.9279
