Sample	Chromosome	Start	End	Num_Probes	Segment_Mean
DUNGS_p_TCGA_b84_115_SNP_N_GenomeWideSNP_6_A12_771560	1	3218610	19942002	9099	-0.0026
DUNGS_p_TCGA_b84_115_SNP_N_GenomeWideSNP_6_A12_771560	1	19942931	19943823	2	-1.0437
DUNGS_p_TCGA_b84_115_SNP_N_GenomeWideSNP_6_A12_771560	1	19943952	36867234	8477	-0.007
DUNGS_p_TCGA_b84_115_SNP_N_GenomeWideSNP_6_A12_771560	1	36872665	36873318	4	-0.7469
DUNGS_p_TCGA_b84_115_SNP_N_GenomeWideSNP_6_A12_771560	1	36874242	150029702	50321	-0.004
DUNGS_p_TCGA_b84_115_SNP_N_GenomeWideSNP_6_A12_771560	1	150029983	150030776	2	0.9205
DUNGS_p_TCGA_b84_115_SNP_N_GenomeWideSNP_6_A12_771560	1	150033345	164625262	8287	-0.0114
DUNGS_p_TCGA_b84_115_SNP_N_GenomeWideSNP_6_A12_771560	1	164626586	164627912	4	0.5999
DUNGS_p_TCGA_b84_115_SNP_N_GenomeWideSNP_6_A12_771560	1	164628310	180916130	10676	-0.0071
DUNGS_p_TCGA_b84_115_SNP_N_GenomeWideSNP_6_A12_771560	1	180919151	180919255	3	-0.9545
DUNGS_p_TCGA_b84_115_SNP_N_GenomeWideSNP_6_A12_771560	1	180919993	219871276	24772	-0.001
DUNGS_p_TCGA_b84_115_SNP_N_GenomeWideSNP_6_A12_771560	1	219871405	219871422	2	-1.04
DUNGS_p_TCGA_b84_115_SNP_N_GenomeWideSNP_6_A12_771560	1	219874421	221219661	842	0.0032
DUNGS_p_TCGA_b84_115_SNP_N_GenomeWideSNP_6_A12_771560	1	221221541	221226815	2	-1.3723
DUNGS_p_TCGA_b84_115_SNP_N_GenomeWideSNP_6_A12_771560	1	221227718	224275467	1823	-0.0082
DUNGS_p_TCGA_b84_115_SNP_N_GenomeWideSNP_6_A12_771560	1	224277160	224283064	2	-0.9557
DUNGS_p_TCGA_b84_115_SNP_N_GenomeWideSNP_6_A12_771560	1	224283278	247813706	14883	0
DUNGS_p_TCGA_b84_115_SNP_N_GenomeWideSNP_6_A12_771560	2	484222	233790911	126002	-8e-04
DUNGS_p_TCGA_b84_115_SNP_N_GenomeWideSNP_6_A12_771560	2	233791608	233792109	2	-1.2838
DUNGS_p_TCGA_b84_115_SNP_N_GenomeWideSNP_6_A12_771560	2	233796475	242476062	5357	-0.0053
DUNGS_p_TCGA_b84_115_SNP_N_GenomeWideSNP_6_A12_771560	3	2212571	7909055	3088	0.0091
DUNGS_p_TCGA_b84_115_SNP_N_GenomeWideSNP_6_A12_771560	3	7910177	7910628	2	-0.996
DUNGS_p_TCGA_b84_115_SNP_N_GenomeWideSNP_6_A12_771560	3	7911027	31978356	14693	-0.0022
DUNGS_p_TCGA_b84_115_SNP_N_GenomeWideSNP_6_A12_771560	3	31980033	31980606	3	-0.9705
DUNGS_p_TCGA_b84_115_SNP_N_GenomeWideSNP_6_A12_771560	3	31981227	130992114	54039	5e-04
DUNGS_p_TCGA_b84_115_SNP_N_GenomeWideSNP_6_A12_771560	3	130992263	130995082	2	-1.0106
DUNGS_p_TCGA_b84_115_SNP_N_GenomeWideSNP_6_A12_771560	3	130996683	191280103	32073	-6e-04
DUNGS_p_TCGA_b84_115_SNP_N_GenomeWideSNP_6_A12_771560	3	191284625	191284679	2	0.9877
DUNGS_p_TCGA_b84_115_SNP_N_GenomeWideSNP_6_A12_771560	3	191284700	197538677	2526	-0.0026
DUNGS_p_TCGA_b84_115_SNP_N_GenomeWideSNP_6_A12_771560	4	1053934	23447702	13834	0.0071
DUNGS_p_TCGA_b84_115_SNP_N_GenomeWideSNP_6_A12_771560	4	23449263	23449534	7	0.534
DUNGS_p_TCGA_b84_115_SNP_N_GenomeWideSNP_6_A12_771560	4	23451207	24035754	415	0.0115
DUNGS_p_TCGA_b84_115_SNP_N_GenomeWideSNP_6_A12_771560	4	24035891	24036071	2	-1.3886
DUNGS_p_TCGA_b84_115_SNP_N_GenomeWideSNP_6_A12_771560	4	24038751	36250855	7346	0.012
DUNGS_p_TCGA_b84_115_SNP_N_GenomeWideSNP_6_A12_771560	4	36251380	36251464	2	1.4386
DUNGS_p_TCGA_b84_115_SNP_N_GenomeWideSNP_6_A12_771560	4	36254946	70439069	16230	0.008
DUNGS_p_TCGA_b84_115_SNP_N_GenomeWideSNP_6_A12_771560	4	70439205	70439686	4	-0.9002
DUNGS_p_TCGA_b84_115_SNP_N_GenomeWideSNP_6_A12_771560	4	70446931	76777263	3517	-4e-04
DUNGS_p_TCGA_b84_115_SNP_N_GenomeWideSNP_6_A12_771560	4	76777875	76781177	3	0.8461
DUNGS_p_TCGA_b84_115_SNP_N_GenomeWideSNP_6_A12_771560	4	76782499	127032630	28693	0.0021
DUNGS_p_TCGA_b84_115_SNP_N_GenomeWideSNP_6_A12_771560	4	127033330	127033360	3	-1.3412
DUNGS_p_TCGA_b84_115_SNP_N_GenomeWideSNP_6_A12_771560	4	127045996	162477082	19193	0.0046
DUNGS_p_TCGA_b84_115_SNP_N_GenomeWideSNP_6_A12_771560	4	162477184	162480449	2	-1.0814
DUNGS_p_TCGA_b84_115_SNP_N_GenomeWideSNP_6_A12_771560	4	162480911	169834203	3968	0.0057
DUNGS_p_TCGA_b84_115_SNP_N_GenomeWideSNP_6_A12_771560	4	169835128	169835324	2	-0.955
DUNGS_p_TCGA_b84_115_SNP_N_GenomeWideSNP_6_A12_771560	4	169835911	172364504	1396	0.0178
DUNGS_p_TCGA_b84_115_SNP_N_GenomeWideSNP_6_A12_771560	4	172365827	172366019	3	0.6785
DUNGS_p_TCGA_b84_115_SNP_N_GenomeWideSNP_6_A12_771560	4	172366543	179953542	3946	0.0066
DUNGS_p_TCGA_b84_115_SNP_N_GenomeWideSNP_6_A12_771560	4	179957924	179962747	10	-0.9219
DUNGS_p_TCGA_b84_115_SNP_N_GenomeWideSNP_6_A12_771560	4	179967787	188763651	4218	0.0172
DUNGS_p_TCGA_b84_115_SNP_N_GenomeWideSNP_6_A12_771560	5	914233	150888935	82365	0.0024
DUNGS_p_TCGA_b84_115_SNP_N_GenomeWideSNP_6_A12_771560	5	150890401	150890758	2	-1.0804
DUNGS_p_TCGA_b84_115_SNP_N_GenomeWideSNP_6_A12_771560	5	150892489	180360469	18186	0.0043
DUNGS_p_TCGA_b84_115_SNP_N_GenomeWideSNP_6_A12_771560	6	1014281	20527510	13764	-0.0029
DUNGS_p_TCGA_b84_115_SNP_N_GenomeWideSNP_6_A12_771560	6	20530197	20542221	12	0.4931
DUNGS_p_TCGA_b84_115_SNP_N_GenomeWideSNP_6_A12_771560	6	20550617	24322037	2666	0.0065
DUNGS_p_TCGA_b84_115_SNP_N_GenomeWideSNP_6_A12_771560	6	24325809	24326285	2	-0.9166
DUNGS_p_TCGA_b84_115_SNP_N_GenomeWideSNP_6_A12_771560	6	24328706	26988347	1326	-0.0094
DUNGS_p_TCGA_b84_115_SNP_N_GenomeWideSNP_6_A12_771560	6	26993617	26994345	2	-1.2765
DUNGS_p_TCGA_b84_115_SNP_N_GenomeWideSNP_6_A12_771560	6	26994606	102915958	38489	0.0024
DUNGS_p_TCGA_b84_115_SNP_N_GenomeWideSNP_6_A12_771560	6	102916644	102916721	2	1.1633
DUNGS_p_TCGA_b84_115_SNP_N_GenomeWideSNP_6_A12_771560	6	102927604	113684429	6520	-0.0053
DUNGS_p_TCGA_b84_115_SNP_N_GenomeWideSNP_6_A12_771560	6	113684786	113685481	3	-1.5421
DUNGS_p_TCGA_b84_115_SNP_N_GenomeWideSNP_6_A12_771560	6	113688937	143539833	17319	-0.0037
DUNGS_p_TCGA_b84_115_SNP_N_GenomeWideSNP_6_A12_771560	6	143548281	143548577	3	0.807
DUNGS_p_TCGA_b84_115_SNP_N_GenomeWideSNP_6_A12_771560	6	143549921	162250726	12458	-0.0015
DUNGS_p_TCGA_b84_115_SNP_N_GenomeWideSNP_6_A12_771560	6	162252602	162252915	2	0.9798
DUNGS_p_TCGA_b84_115_SNP_N_GenomeWideSNP_6_A12_771560	6	162254146	164945838	1331	0.0139
DUNGS_p_TCGA_b84_115_SNP_N_GenomeWideSNP_6_A12_771560	6	164948157	164948302	2	-0.8471
DUNGS_p_TCGA_b84_115_SNP_N_GenomeWideSNP_6_A12_771560	6	164950918	170903919	2638	0.0075
DUNGS_p_TCGA_b84_115_SNP_N_GenomeWideSNP_6_A12_771560	7	705284	78430226	39568	0.0065
DUNGS_p_TCGA_b84_115_SNP_N_GenomeWideSNP_6_A12_771560	7	78430459	78437354	4	-0.854
DUNGS_p_TCGA_b84_115_SNP_N_GenomeWideSNP_6_A12_771560	7	78440771	134096265	29097	1e-04
DUNGS_p_TCGA_b84_115_SNP_N_GenomeWideSNP_6_A12_771560	7	134101190	134101479	2	1.0236
DUNGS_p_TCGA_b84_115_SNP_N_GenomeWideSNP_6_A12_771560	7	134102197	158385118	12692	0.0018
DUNGS_p_TCGA_b84_115_SNP_N_GenomeWideSNP_6_A12_771560	8	617667	15588424	7352	0.0112
DUNGS_p_TCGA_b84_115_SNP_N_GenomeWideSNP_6_A12_771560	8	15588529	15590453	3	-0.7949
DUNGS_p_TCGA_b84_115_SNP_N_GenomeWideSNP_6_A12_771560	8	15590526	50085239	18572	0.0057
DUNGS_p_TCGA_b84_115_SNP_N_GenomeWideSNP_6_A12_771560	8	50090079	50090989	3	-0.7191
DUNGS_p_TCGA_b84_115_SNP_N_GenomeWideSNP_6_A12_771560	8	50093277	51180633	534	0.019
DUNGS_p_TCGA_b84_115_SNP_N_GenomeWideSNP_6_A12_771560	8	51183447	51187214	4	0.8718
DUNGS_p_TCGA_b84_115_SNP_N_GenomeWideSNP_6_A12_771560	8	51191546	126672400	43641	0.003
DUNGS_p_TCGA_b84_115_SNP_N_GenomeWideSNP_6_A12_771560	8	126672930	126690572	13	-0.3532
DUNGS_p_TCGA_b84_115_SNP_N_GenomeWideSNP_6_A12_771560	8	126690906	134389219	5498	-0.0129
DUNGS_p_TCGA_b84_115_SNP_N_GenomeWideSNP_6_A12_771560	8	134390668	134391051	3	0.7521
DUNGS_p_TCGA_b84_115_SNP_N_GenomeWideSNP_6_A12_771560	8	134391310	145232496	5958	0.0109
DUNGS_p_TCGA_b84_115_SNP_N_GenomeWideSNP_6_A12_771560	9	789932	71733668	23970	0.0048
DUNGS_p_TCGA_b84_115_SNP_N_GenomeWideSNP_6_A12_771560	9	71740171	71741371	2	1.1155
DUNGS_p_TCGA_b84_115_SNP_N_GenomeWideSNP_6_A12_771560	9	71742725	138091244	43290	7e-04
DUNGS_p_TCGA_b84_115_SNP_N_GenomeWideSNP_6_A12_771560	9	138092805	138093089	2	-1.2283
DUNGS_p_TCGA_b84_115_SNP_N_GenomeWideSNP_6_A12_771560	9	138093761	140938752	794	-0.0203
DUNGS_p_TCGA_b84_115_SNP_N_GenomeWideSNP_6_A12_771560	10	415240	117469015	69463	0.0015
DUNGS_p_TCGA_b84_115_SNP_N_GenomeWideSNP_6_A12_771560	10	117469331	117471615	5	-0.8319
DUNGS_p_TCGA_b84_115_SNP_N_GenomeWideSNP_6_A12_771560	10	117474586	121404546	2691	0.0049
DUNGS_p_TCGA_b84_115_SNP_N_GenomeWideSNP_6_A12_771560	10	121407981	121408071	2	-1.03
DUNGS_p_TCGA_b84_115_SNP_N_GenomeWideSNP_6_A12_771560	10	121409124	135225087	8746	0.0111
DUNGS_p_TCGA_b84_115_SNP_N_GenomeWideSNP_6_A12_771560	11	456120	31000774	19520	5e-04
DUNGS_p_TCGA_b84_115_SNP_N_GenomeWideSNP_6_A12_771560	11	31000852	31000941	3	0.7183
DUNGS_p_TCGA_b84_115_SNP_N_GenomeWideSNP_6_A12_771560	11	31001108	38192618	4364	-0.0067
DUNGS_p_TCGA_b84_115_SNP_N_GenomeWideSNP_6_A12_771560	11	38194128	38194174	2	-1.11
DUNGS_p_TCGA_b84_115_SNP_N_GenomeWideSNP_6_A12_771560	11	38198517	134142530	53401	9e-04
DUNGS_p_TCGA_b84_115_SNP_N_GenomeWideSNP_6_A12_771560	12	889902	41801647	21118	-0.0028
DUNGS_p_TCGA_b84_115_SNP_N_GenomeWideSNP_6_A12_771560	12	41801714	41801728	3	-0.9039
DUNGS_p_TCGA_b84_115_SNP_N_GenomeWideSNP_6_A12_771560	12	41801741	64465309	12377	-0.0051
DUNGS_p_TCGA_b84_115_SNP_N_GenomeWideSNP_6_A12_771560	12	64468763	64468785	2	-0.9721
DUNGS_p_TCGA_b84_115_SNP_N_GenomeWideSNP_6_A12_771560	12	64476625	83611136	11902	-8e-04
DUNGS_p_TCGA_b84_115_SNP_N_GenomeWideSNP_6_A12_771560	12	83611156	83616209	5	-0.6447
DUNGS_p_TCGA_b84_115_SNP_N_GenomeWideSNP_6_A12_771560	12	83616246	86798926	1813	0.0095
DUNGS_p_TCGA_b84_115_SNP_N_GenomeWideSNP_6_A12_771560	12	86799200	86812158	4	-0.7068
DUNGS_p_TCGA_b84_115_SNP_N_GenomeWideSNP_6_A12_771560	12	86814514	126126340	23725	-3e-04
DUNGS_p_TCGA_b84_115_SNP_N_GenomeWideSNP_6_A12_771560	12	126127409	126127702	3	-0.8293
DUNGS_p_TCGA_b84_115_SNP_N_GenomeWideSNP_6_A12_771560	12	126129192	133161346	3027	0.0222
DUNGS_p_TCGA_b84_115_SNP_N_GenomeWideSNP_6_A12_771560	13	19450806	67757490	27393	0.003
DUNGS_p_TCGA_b84_115_SNP_N_GenomeWideSNP_6_A12_771560	13	67762147	67766550	4	0.6105
DUNGS_p_TCGA_b84_115_SNP_N_GenomeWideSNP_6_A12_771560	13	67767036	88451955	12294	0.0045
DUNGS_p_TCGA_b84_115_SNP_N_GenomeWideSNP_6_A12_771560	13	88458921	88472763	8	-0.5888
DUNGS_p_TCGA_b84_115_SNP_N_GenomeWideSNP_6_A12_771560	13	88474330	89765643	694	0.0014
DUNGS_p_TCGA_b84_115_SNP_N_GenomeWideSNP_6_A12_771560	13	89766152	89766265	2	-1.4079
DUNGS_p_TCGA_b84_115_SNP_N_GenomeWideSNP_6_A12_771560	13	89766348	91044274	747	0.0038
DUNGS_p_TCGA_b84_115_SNP_N_GenomeWideSNP_6_A12_771560	13	91044545	91044980	2	-1.1307
DUNGS_p_TCGA_b84_115_SNP_N_GenomeWideSNP_6_A12_771560	13	91047347	114987458	15533	0.0067
DUNGS_p_TCGA_b84_115_SNP_N_GenomeWideSNP_6_A12_771560	14	20501368	69205220	26916	-2e-04
DUNGS_p_TCGA_b84_115_SNP_N_GenomeWideSNP_6_A12_771560	14	69205637	69205672	2	1.1102
DUNGS_p_TCGA_b84_115_SNP_N_GenomeWideSNP_6_A12_771560	14	69205978	80591935	7263	-0.0031
DUNGS_p_TCGA_b84_115_SNP_N_GenomeWideSNP_6_A12_771560	14	80594074	80594245	3	0.9895
DUNGS_p_TCGA_b84_115_SNP_N_GenomeWideSNP_6_A12_771560	14	80598453	105988038	15287	0.0019
DUNGS_p_TCGA_b84_115_SNP_N_GenomeWideSNP_6_A12_771560	15	23687685	66643787	24127	0
DUNGS_p_TCGA_b84_115_SNP_N_GenomeWideSNP_6_A12_771560	15	66644521	66645360	2	1.0012
DUNGS_p_TCGA_b84_115_SNP_N_GenomeWideSNP_6_A12_771560	15	66646091	101884307	20422	-0.0064
DUNGS_p_TCGA_b84_115_SNP_N_GenomeWideSNP_6_A12_771560	16	653459	9812467	4496	0.0081
DUNGS_p_TCGA_b84_115_SNP_N_GenomeWideSNP_6_A12_771560	16	9813549	9813724	8	-0.7122
DUNGS_p_TCGA_b84_115_SNP_N_GenomeWideSNP_6_A12_771560	16	9815550	54478230	14567	0.0084
DUNGS_p_TCGA_b84_115_SNP_N_GenomeWideSNP_6_A12_771560	16	54478383	54478873	2	-1.0218
DUNGS_p_TCGA_b84_115_SNP_N_GenomeWideSNP_6_A12_771560	16	54479223	69848772	9417	0.0095
DUNGS_p_TCGA_b84_115_SNP_N_GenomeWideSNP_6_A12_771560	16	69850014	69858970	7	0.5209
DUNGS_p_TCGA_b84_115_SNP_N_GenomeWideSNP_6_A12_771560	16	69862808	89379936	12319	0.0092
DUNGS_p_TCGA_b84_115_SNP_N_GenomeWideSNP_6_A12_771560	17	987221	31368775	12396	-7e-04
DUNGS_p_TCGA_b84_115_SNP_N_GenomeWideSNP_6_A12_771560	17	31369056	31369057	2	-1.5523
DUNGS_p_TCGA_b84_115_SNP_N_GenomeWideSNP_6_A12_771560	17	31369929	80917016	24606	-0.0034
DUNGS_p_TCGA_b84_115_SNP_N_GenomeWideSNP_6_A12_771560	18	329586	13216248	7570	0.0044
DUNGS_p_TCGA_b84_115_SNP_N_GenomeWideSNP_6_A12_771560	18	13225200	13225295	2	-0.919
DUNGS_p_TCGA_b84_115_SNP_N_GenomeWideSNP_6_A12_771560	18	13227052	52390080	21459	0.0099
DUNGS_p_TCGA_b84_115_SNP_N_GenomeWideSNP_6_A12_771560	18	52391574	52393744	2	-1.2717
DUNGS_p_TCGA_b84_115_SNP_N_GenomeWideSNP_6_A12_771560	18	52394164	77109240	13653	0.0044
DUNGS_p_TCGA_b84_115_SNP_N_GenomeWideSNP_6_A12_771560	19	284018	675533	66	0.0023
DUNGS_p_TCGA_b84_115_SNP_N_GenomeWideSNP_6_A12_771560	19	678411	684194	2	0.9989
DUNGS_p_TCGA_b84_115_SNP_N_GenomeWideSNP_6_A12_771560	19	685216	1120329	86	0.0499
DUNGS_p_TCGA_b84_115_SNP_N_GenomeWideSNP_6_A12_771560	19	1123378	1123540	2	-0.8693
DUNGS_p_TCGA_b84_115_SNP_N_GenomeWideSNP_6_A12_771560	19	1127720	7304492	1872	-1e-04
DUNGS_p_TCGA_b84_115_SNP_N_GenomeWideSNP_6_A12_771560	19	7309687	7309964	2	-1.0279
DUNGS_p_TCGA_b84_115_SNP_N_GenomeWideSNP_6_A12_771560	19	7313872	9252166	825	0.0038
DUNGS_p_TCGA_b84_115_SNP_N_GenomeWideSNP_6_A12_771560	19	9253354	9253579	2	-0.922
DUNGS_p_TCGA_b84_115_SNP_N_GenomeWideSNP_6_A12_771560	19	9254342	11163689	875	-0.0029
DUNGS_p_TCGA_b84_115_SNP_N_GenomeWideSNP_6_A12_771560	19	11168662	11169052	2	-1.0948
DUNGS_p_TCGA_b84_115_SNP_N_GenomeWideSNP_6_A12_771560	19	11177408	58878226	20228	-0.0021
DUNGS_p_TCGA_b84_115_SNP_N_GenomeWideSNP_6_A12_771560	20	455764	1618752	624	-0.0092
DUNGS_p_TCGA_b84_115_SNP_N_GenomeWideSNP_6_A12_771560	20	1619164	1647443	24	-0.2207
DUNGS_p_TCGA_b84_115_SNP_N_GenomeWideSNP_6_A12_771560	20	1647702	3359303	1234	-0.0094
DUNGS_p_TCGA_b84_115_SNP_N_GenomeWideSNP_6_A12_771560	20	3359655	3360392	2	-1.0076
DUNGS_p_TCGA_b84_115_SNP_N_GenomeWideSNP_6_A12_771560	20	3362525	53267070	29364	0.0041
DUNGS_p_TCGA_b84_115_SNP_N_GenomeWideSNP_6_A12_771560	20	53267111	53268272	3	-0.8325
DUNGS_p_TCGA_b84_115_SNP_N_GenomeWideSNP_6_A12_771560	20	53268303	55566358	1712	0.0149
DUNGS_p_TCGA_b84_115_SNP_N_GenomeWideSNP_6_A12_771560	20	55566780	55566802	2	1.1506
DUNGS_p_TCGA_b84_115_SNP_N_GenomeWideSNP_6_A12_771560	20	55568688	56531238	728	0.0132
DUNGS_p_TCGA_b84_115_SNP_N_GenomeWideSNP_6_A12_771560	20	56531928	56540380	10	-0.3445
DUNGS_p_TCGA_b84_115_SNP_N_GenomeWideSNP_6_A12_771560	20	56540745	56768912	160	-0.0171
DUNGS_p_TCGA_b84_115_SNP_N_GenomeWideSNP_6_A12_771560	20	56769084	56769365	2	1.0347
DUNGS_p_TCGA_b84_115_SNP_N_GenomeWideSNP_6_A12_771560	20	56771169	62219837	3436	-0.0036
DUNGS_p_TCGA_b84_115_SNP_N_GenomeWideSNP_6_A12_771560	21	15347621	25551825	6141	0.0064
DUNGS_p_TCGA_b84_115_SNP_N_GenomeWideSNP_6_A12_771560	21	25553013	25553131	2	-1.1587
DUNGS_p_TCGA_b84_115_SNP_N_GenomeWideSNP_6_A12_771560	21	25553146	43554527	12550	-0.0024
DUNGS_p_TCGA_b84_115_SNP_N_GenomeWideSNP_6_A12_771560	21	43557659	43559782	2	-0.9475
DUNGS_p_TCGA_b84_115_SNP_N_GenomeWideSNP_6_A12_771560	21	43559902	47678774	1898	-0.0082
DUNGS_p_TCGA_b84_115_SNP_N_GenomeWideSNP_6_A12_771560	22	17423930	45983901	14532	0.0031
DUNGS_p_TCGA_b84_115_SNP_N_GenomeWideSNP_6_A12_771560	22	45984551	45987988	2	0.9589
DUNGS_p_TCGA_b84_115_SNP_N_GenomeWideSNP_6_A12_771560	22	45988908	49331012	2403	0.013
DUNGS_p_TCGA_b84_115_SNP_N_GenomeWideSNP_6_A12_771560	X	3157107	74268037	28591	-0.0034
DUNGS_p_TCGA_b84_115_SNP_N_GenomeWideSNP_6_A12_771560	X	74268336	74268665	2	-1.1944
DUNGS_p_TCGA_b84_115_SNP_N_GenomeWideSNP_6_A12_771560	X	74272766	153558160	35149	0.0085
DUNGS_p_TCGA_b84_115_SNP_N_GenomeWideSNP_6_A12_771560	X	153558319	153558389	2	-1.8586
DUNGS_p_TCGA_b84_115_SNP_N_GenomeWideSNP_6_A12_771560	X	153558418	154905589	78	-0.0467
